/*--------------------------------*- C++ -*----------------------------------*\
  =========                 |
  \\      /  F ield         | OpenFOAM: The Open Source CFD Toolbox
   \\    /   O peration     | Website:  https://openfoam.org
    \\  /    A nd           | Version:  9
     \\/     M anipulation  |
\*---------------------------------------------------------------------------*/
FoamFile
{
    format      ascii;
    class       volScalarField;
    location    "0.063";
    object      p;
}
// * * * * * * * * * * * * * * * * * * * * * * * * * * * * * * * * * * * * * //

dimensions      [0 2 -2 0 0 0 0];

internalField   nonuniform List<scalar> 
12225
(
281.54
291.33
296.933
300.281
302.179
303.107
303.347
303.093
302.512
301.71
300.74
299.633
298.417
297.119
295.764
294.329
292.731
290.816
281.727
291.513
297.057
300.351
302.222
303.133
303.364
303.104
302.52
301.715
300.742
299.63
298.409
297.105
295.739
294.304
292.73
290.858
283.13
291.922
297.292
300.505
302.33
303.212
303.426
303.156
302.56
301.739
300.747
299.622
298.397
297.094
295.729
294.294
292.724
290.972
285.392
292.526
297.665
300.771
302.513
303.345
303.527
303.232
302.615
301.776
300.77
299.64
298.414
297.109
295.737
294.298
292.764
291.15
286.999
293.277
298.189
301.154
302.789
303.554
303.693
303.37
302.727
301.86
300.832
299.685
298.447
297.137
295.766
294.342
292.865
291.371
287.552
294.18
298.889
301.685
303.183
303.844
303.909
303.536
302.857
301.962
300.913
299.754
298.509
297.196
295.829
294.424
292.999
291.597
288.723
295.383
299.817
302.369
303.694
304.235
304.217
303.786
303.059
302.123
301.041
299.856
298.594
297.273
295.911
294.528
293.15
291.813
290.097
296.789
300.981
303.238
304.357
304.736
304.599
304.085
303.298
302.318
301.204
299.998
298.722
297.394
296.033
294.664
293.314
292.014
291.043
298.659
302.434
304.308
305.169
305.372
305.111
304.498
303.63
302.587
301.425
300.183
298.883
297.541
296.18
294.822
293.492
292.214
294.357
301.049
304.248
305.651
306.166
306.126
305.687
304.953
304.002
302.897
301.69
300.416
299.092
297.734
296.364
295.005
293.68
292.405
299.947
304.109
306.342
307.159
307.312
307.042
306.436
305.56
304.494
303.3
302.024
300.696
299.335
297.957
296.578
295.217
293.89
292.611
305.834
307.525
308.655
308.896
308.585
308.007
307.184
306.159
304.987
303.718
302.385
301.01
299.611
298.203
296.803
295.427
294.089
292.795
312.987
310.949
310.801
310.527
309.962
309.108
308.082
306.893
305.586
304.214
302.8
301.362
299.916
298.476
297.054
295.66
294.307
292.999
317.225
316.432
314.41
313.061
311.787
310.518
309.196
307.788
306.328
304.846
303.347
301.836
300.329
298.839
297.376
295.949
294.566
293.227
329.663
321.583
317.873
315.736
313.927
312.288
310.662
308.994
307.325
305.685
304.059
302.449
300.867
299.321
297.813
296.348
294.933
293.57
333.532
325.87
321.843
319.053
316.665
314.523
312.476
310.482
308.582
306.754
304.974
303.238
301.554
299.922
298.34
296.812
295.337
293.908
329.544
328.887
325.805
322.656
319.731
317.101
314.645
312.328
310.163
308.106
306.129
304.233
302.419
300.682
299.015
297.414
295.877
294.405
333.237
332.982
330.235
326.805
323.382
320.207
317.289
314.572
312.053
309.715
307.519
305.444
303.479
301.613
299.838
298.146
296.529
294.98
357.792
346.368
338.482
332.686
327.796
323.684
320.126
316.96
314.099
311.48
309.057
306.798
304.678
302.678
300.785
298.989
297.28
295.65
364.387
351.934
342.413
335.593
330.236
325.892
322.075
318.685
315.632
312.841
310.268
307.878
305.642
303.538
301.553
299.677
297.9
296.214
369.04
353.003
343.849
337.024
331.646
327.062
323.131
319.637
316.498
313.639
310.999
308.543
306.245
304.088
302.056
300.136
298.316
296.586
357.751
348.629
342.218
336.632
331.741
327.487
323.669
320.216
317.078
314.196
311.521
309.03
306.687
304.49
302.42
300.464
298.612
296.853
345.415
345.562
340.773
335.923
331.494
327.489
323.856
320.504
317.4
314.521
311.833
309.316
306.965
304.749
302.659
300.685
298.817
297.045
346.621
343.261
339.39
335.265
331.314
327.539
323.995
320.687
317.621
314.759
312.066
309.54
307.173
304.946
302.845
300.857
298.974
297.185
343.951
341.667
338.366
334.631
330.902
327.381
323.985
320.769
317.739
314.866
312.179
309.659
307.284
305.063
302.954
300.958
299.066
297.269
343.629
340.657
337.559
334.191
330.748
327.339
323.992
320.823
317.819
314.973
312.292
309.772
307.407
305.155
303.037
301.034
299.135
297.331
343.121
339.708
336.947
333.807
330.556
327.234
323.981
320.838
317.841
315.007
312.33
309.81
307.438
305.196
303.082
301.081
299.182
297.374
338.664
338.706
336.531
333.624
330.476
327.207
323.973
320.853
317.877
315.052
312.374
309.846
307.465
305.222
303.108
301.108
299.209
297.4
337.3
338.181
336.281
333.459
330.405
327.194
323.979
320.86
317.884
315.06
312.384
309.856
307.474
305.231
303.12
301.125
299.23
297.421
336.59
337.991
336.198
333.414
330.389
327.194
323.984
320.872
317.899
315.072
312.388
309.851
307.466
305.228
303.122
301.133
299.24
297.431
258.101
257.991
258.136
258.551
258.736
258.47
257.68
256.428
254.909
253.313
251.795
250.466
249.386
248.615
248.172
247.973
247.965
248.101
248.168
247.994
247.609
247.205
246.92
246.783
246.799
246.89
246.943
246.913
246.809
246.591
246.226
245.682
244.975
244.133
243.063
241.63
240.029
238.24
236.341
234.381
232.39
230.398
228.43
226.498
224.606
222.742
220.888
219.02
217.128
215.239
213.436
211.844
210.578
209.7
209.246
209.252
209.708
210.563
211.776
213.296
215.066
217.031
219.141
221.345
223.597
225.85
228.058
230.162
232.067
233.624
234.593
234.628
233.359
230.379
225.859
220.649
216.426
214.512
215.096
217.65
220.537
222.026
221.986
221.348
221.206
219.384
220.809
222.46
219.302
210.94
201.283
191.439
182.584
175.147
169.421
165.47
163.278
162.738
163.703
165.952
169.237
173.301
177.893
182.783
187.761
192.649
197.294
201.579
205.413
208.742
211.538
213.799
215.543
216.804
217.626
218.057
218.147
217.944
217.49
216.828
215.991
215.017
213.945
212.819
211.674
210.531
209.386
208.213
206.975
205.644
204.21
202.677
201.055
199.353
197.571
195.704
193.739
191.653
189.415
186.985
184.318
181.376
178.147
174.647
170.929
167.079
163.202
159.421
155.859
152.606
149.812
147.571
145.826
144.784
144.503
144.658
145.584
144.881
139.475
131.646
127.001
124.927
124.628
125.576
126.718
127.348
127.201
126.342
125.033
123.581
122.056
120.302
118.276
116.075
114.079
112.53
111.517
110.824
110.272
109.372
257.425
257.359
257.395
257.549
257.342
256.702
255.646
254.295
252.806
251.314
249.935
248.748
247.789
247.058
246.614
246.439
246.483
246.695
246.935
246.977
246.949
246.999
246.958
246.841
246.81
246.879
246.892
246.863
246.842
246.772
246.551
246.094
245.312
244.276
243.045
241.586
239.906
238.031
236.03
233.954
231.838
229.714
227.607
225.527
223.478
221.458
219.465
217.492
215.544
213.656
211.912
210.428
209.306
208.604
208.329
208.457
208.972
209.869
211.112
212.654
214.443
216.423
218.539
220.737
222.965
225.173
227.31
229.316
231.096
232.503
233.291
233.091
231.48
228.008
222.916
217.293
212.919
210.966
211.761
214.852
218.601
221.122
222.015
221.815
221.536
219.791
217.484
217.358
212.713
204.617
195.687
186.726
178.739
171.997
166.833
163.321
161.512
161.288
162.492
164.925
168.365
172.561
177.271
182.263
187.33
192.293
197.003
201.338
205.213
208.57
211.385
213.657
215.407
216.67
217.49
217.919
218.008
217.803
217.35
216.689
215.852
214.874
213.791
212.654
211.501
210.358
209.225
208.072
206.858
205.549
204.132
202.611
200.998
199.299
197.517
195.646
193.673
191.576
189.326
186.884
184.205
181.255
178.018
174.512
170.788
166.933
163.048
159.255
155.676
152.407
149.543
147.227
145.429
144.208
143.764
143.508
143.809
142.934
137.397
130.795
126.952
124.794
124.242
125.341
126.709
127.422
127.286
126.411
125.079
123.607
122.07
120.335
118.272
116.044
114.018
112.479
111.486
110.816
110.261
109.401
257.673
257.585
257.074
256.263
255.226
253.977
252.581
251.131
249.702
248.353
247.139
246.114
245.319
244.777
244.484
244.413
244.565
244.912
245.328
245.755
246.26
246.741
246.975
247.01
247.014
246.969
246.881
246.817
246.852
246.857
246.615
246.079
245.285
244.226
242.908
241.335
239.512
237.465
235.247
232.915
230.524
228.122
225.745
223.419
221.159
218.974
216.871
214.86
212.958
211.192
209.604
208.264
207.256
206.661
206.49
206.73
207.37
208.387
209.737
211.367
213.221
215.241
217.37
219.552
221.734
223.86
225.871
227.7
229.249
230.366
230.784
230.068
227.672
223.084
216.729
210.39
206.035
204.655
206.474
210.749
215.654
219.874
222.602
223.367
221.846
219.044
214.856
210.23
204.086
196.801
189.019
181.241
174.134
168.053
163.383
160.273
158.792
158.854
160.338
163.046
166.744
171.175
176.095
181.27
186.498
191.599
196.425
200.855
204.801
208.211
211.06
213.351
215.108
216.373
217.193
217.62
217.708
217.506
217.057
216.4
215.564
214.581
213.483
212.323
211.149
210.001
208.882
207.76
206.587
205.321
203.945
202.459
200.874
199.195
197.422
195.549
193.563
191.446
189.169
186.697
183.989
181.011
177.75
174.224
170.484
166.613
162.712
158.897
155.287
151.978
149.072
146.682
144.803
143.443
142.691
142.113
141.564
140.183
136.142
130.985
126.99
124.636
124.345
125.602
126.958
127.582
127.379
126.505
125.199
123.742
122.198
120.411
118.265
115.951
113.864
112.291
111.352
110.736
110.228
109.433
257.559
256.999
255.789
254.402
252.976
251.536
250.127
248.788
247.54
246.405
245.412
244.59
243.961
243.535
243.225
243.162
243.297
243.601
244.12
244.811
245.544
246.163
246.542
246.68
246.703
246.697
246.683
246.671
246.662
246.578
246.295
245.758
244.936
243.794
242.328
240.545
238.469
236.146
233.635
230.996
228.289
225.564
222.865
220.227
217.676
215.236
212.928
210.777
208.815
207.086
205.641
204.524
203.761
203.386
203.463
203.967
204.857
206.086
207.609
209.377
211.34
213.442
215.625
217.832
220.001
222.072
223.975
225.628
226.925
227.692
227.623
226.198
222.673
216.474
208.441
201.378
197.265
196.878
200.19
206.011
212.096
217.495
220.815
221.107
219.305
215.133
209.566
203.386
196.668
189.616
182.385
175.293
168.8
163.264
159.056
156.357
155.239
155.656
157.495
160.551
164.58
169.317
174.51
179.926
185.364
190.646
195.623
200.174
204.213
207.686
210.574
212.884
214.647
215.911
216.727
217.151
217.238
217.042
216.602
215.961
215.141
214.164
213.06
211.876
210.675
209.51
208.397
207.304
206.177
204.966
203.646
202.215
200.677
199.035
197.286
195.42
193.424
191.28
188.965
186.447
183.69
180.664
177.361
173.799
170.03
166.132
162.206
158.361
154.712
151.366
148.404
145.922
143.947
142.431
141.41
140.541
139.515
138.023
135.019
130.855
127.348
125.435
125.227
126.208
127.332
127.823
127.534
126.629
125.333
123.869
122.278
120.422
118.187
115.775
113.615
112.04
111.157
110.62
110.166
109.415
255.959
255.188
253.851
252.511
251.164
249.824
248.559
247.383
246.301
245.333
244.5
243.811
243.252
242.831
242.643
242.654
242.878
243.272
243.762
244.31
244.876
245.362
245.664
245.816
245.895
245.938
245.968
245.994
245.967
245.819
245.46
244.805
243.801
242.429
240.698
238.63
236.267
233.664
230.88
227.971
224.989
221.985
219.006
216.1
213.311
210.68
208.246
206.042
204.098
202.449
201.139
200.215
199.715
199.639
199.931
200.61
201.666
203.066
204.759
206.688
208.795
211.02
213.304
215.586
217.8
219.878
221.738
223.289
224.405
224.896
224.444
222.495
218.177
211.156
202.463
195.551
192.005
192.165
196.194
202.552
208.951
214.262
217.139
217.185
214.479
209.397
203.489
197.138
190.312
183.253
176.171
169.374
163.225
158.065
154.223
151.889
151.137
151.93
154.16
157.61
162.02
167.112
172.623
178.32
184.002
189.494
194.647
199.338
203.479
207.021
209.946
212.27
214.032
215.288
216.096
216.515
216.597
216.407
215.983
215.361
214.568
213.616
212.525
211.339
210.124
208.947
207.834
206.76
205.67
204.512
203.253
201.885
200.407
198.816
197.101
195.249
193.245
191.072
188.711
186.134
183.312
180.222
176.858
173.243
169.428
165.491
161.525
157.639
153.943
150.54
147.511
144.941
142.856
141.201
139.97
138.9
137.692
136.215
133.805
130.459
127.626
126.141
125.986
126.755
127.666
128.022
127.649
126.716
125.432
123.974
122.348
120.401
118.05
115.524
113.287
111.702
110.911
110.478
110.078
109.375
253.971
253.306
252.343
251.31
250.199
249.078
248.023
247.027
246.096
245.257
244.539
243.966
243.538
243.249
243.143
243.154
243.278
243.527
243.827
244.113
244.352
244.519
244.606
244.654
244.707
244.772
244.832
244.846
244.746
244.446
243.855
242.911
241.587
239.894
237.865
235.541
232.967
230.187
227.24
224.167
221.007
217.803
214.608
211.479
208.471
205.639
203.033
200.701
198.688
197.039
195.792
194.98
194.615
194.691
195.213
196.15
197.466
199.113
201.034
203.171
205.463
207.853
210.282
212.69
215.012
217.174
219.09
220.656
221.736
222.143
221.605
219.63
215.401
208.766
201.006
195.201
192.48
192.907
196.593
202.181
207.661
211.83
213.741
213.045
209.5
204.105
198.169
191.741
184.817
177.657
170.532
163.801
157.798
152.845
149.244
147.192
146.762
147.92
150.538
154.392
159.204
164.672
170.525
176.524
182.471
188.192
193.534
198.375
202.623
206.233
209.193
211.524
213.28
214.521
215.318
215.729
215.812
215.626
215.217
214.619
213.856
212.939
211.878
210.709
209.501
208.326
207.22
206.167
205.113
204.004
202.806
201.502
200.084
198.544
196.863
195.024
193.008
190.803
188.39
185.748
182.852
179.685
176.248
172.566
168.691
164.699
160.679
156.736
152.977
149.503
146.399
143.736
141.546
139.78
138.398
137.211
135.952
134.513
132.508
129.893
127.67
126.52
126.447
127.088
127.82
128.081
127.689
126.759
125.494
124.034
122.347
120.288
117.83
115.226
112.946
111.391
110.668
110.325
109.977
109.309
252.862
252.394
251.739
250.987
250.142
249.3
248.517
247.771
247.071
246.441
245.894
245.442
245.081
244.802
244.604
244.459
244.333
244.223
244.129
244.032
243.927
243.815
243.723
243.674
243.661
243.658
243.617
243.468
243.129
242.519
241.581
240.291
238.657
236.713
234.496
232.035
229.353
226.465
223.39
220.15
216.779
213.327
209.851
206.424
203.12
200.019
197.194
194.712
192.63
190.988
189.806
189.098
188.882
189.179
189.969
191.201
192.812
194.735
196.904
199.254
201.725
204.266
206.825
209.354
211.797
214.086
216.138
217.845
219.068
219.645
219.381
217.915
214.617
209.443
203.641
199.673
198.067
198.668
201.468
205.461
209.138
211.611
212.192
210.327
205.904
200.29
194.186
187.475
180.299
172.924
165.64
158.845
152.855
147.987
144.52
142.662
142.48
143.935
146.894
151.116
156.306
162.14
168.327
174.626
180.838
186.787
192.319
197.307
201.66
205.33
208.316
210.641
212.387
213.617
214.404
214.814
214.903
214.731
214.343
213.773
213.044
212.164
211.14
210.002
208.817
207.658
206.568
205.538
204.522
203.466
202.328
201.084
199.721
198.222
196.566
194.73
192.697
190.456
187.991
185.283
182.311
179.063
175.546
171.787
167.838
163.772
159.679
155.658
151.815
148.254
145.06
142.304
140.023
138.169
136.687
135.443
134.198
132.838
131.179
129.181
127.466
126.588
126.603
127.163
127.763
127.972
127.603
126.713
125.476
124.007
122.251
120.108
117.594
114.945
112.63
111.085
110.439
110.174
109.858
109.208
252.699
252.373
251.953
251.458
250.876
250.286
249.74
249.201
248.682
248.19
247.727
247.299
246.9
246.512
246.124
245.732
245.348
244.988
244.651
244.334
244.039
243.774
243.545
243.354
243.18
242.978
242.683
242.221
241.527
240.552
239.273
237.691
235.828
233.71
231.351
228.754
225.917
222.837
219.519
215.987
212.288
208.487
204.666
200.914
197.329
194.009
191.042
188.49
186.4
184.799
183.711
183.162
183.162
183.73
184.812
186.345
188.262
190.488
192.945
195.553
198.237
200.933
203.593
206.182
208.676
211.043
213.23
215.144
216.66
217.637
217.944
217.36
215.504
212.382
208.961
206.908
206.429
207.306
209.28
211.613
213.301
213.954
212.972
209.652
204.22
198.212
191.733
184.563
177.007
169.311
161.782
154.849
148.795
143.929
140.513
138.768
138.751
140.415
143.622
148.126
153.616
159.749
166.218
172.774
179.218
185.37
191.07
196.188
200.623
204.332
207.325
209.645
211.371
212.587
213.37
213.786
213.892
213.743
213.386
212.855
212.166
211.327
210.344
209.245
208.093
206.958
205.889
204.885
203.91
202.905
201.824
200.633
199.313
197.843
196.199
194.359
192.308
190.035
187.524
184.756
181.711
178.381
174.778
170.93
166.889
162.727
158.533
154.409
150.459
146.791
143.496
140.646
138.283
136.365
134.833
133.577
132.392
131.168
129.826
128.329
127.04
126.409
126.506
127.016
127.525
127.704
127.377
126.55
125.353
123.879
122.08
119.891
117.353
114.687
112.375
110.875
110.289
110.065
109.748
109.092
253.329
253.093
252.825
252.499
252.097
251.694
251.305
250.903
250.488
250.06
249.612
249.145
248.658
248.163
247.656
247.174
246.716
246.278
245.858
245.451
245.051
244.659
244.272
243.881
243.455
242.947
242.298
241.456
240.381
239.051
237.461
235.619
233.535
231.209
228.63
225.783
222.656
219.245
215.567
211.665
207.611
203.496
199.419
195.471
191.735
188.281
185.176
182.486
180.271
178.591
177.494
177.014
177.152
177.872
179.173
181.012
183.314
185.972
188.87
191.896
194.948
197.944
200.825
203.559
206.136
208.56
210.834
212.932
214.78
216.276
217.318
217.778
217.483
216.48
215.367
215.043
215.505
216.596
217.985
219.022
219.282
218.407
215.847
210.929
204.381
197.808
190.839
183.102
175.116
167.063
159.247
152.139
145.973
141.068
137.667
135.977
136.06
137.843
141.18
145.833
151.487
157.793
164.437
171.163
177.769
184.069
189.894
195.093
199.571
203.288
206.266
208.566
210.27
211.473
212.258
212.688
212.818
212.699
212.381
211.893
211.249
210.455
209.517
208.46
207.342
206.235
205.188
204.215
203.279
202.323
201.288
200.137
198.846
197.394
195.758
193.916
191.856
189.563
187.02
184.2
181.085
177.669
173.967
170.011
165.851
161.561
157.233
152.973
148.887
145.091
141.683
138.738
136.305
134.354
132.816
131.593
130.516
129.478
128.436
127.343
126.419
126.02
126.211
126.703
127.15
127.302
127.018
126.265
125.123
123.665
121.85
119.65
117.134
114.507
112.233
110.79
110.242
110.026
109.673
108.981
254.584
254.368
254.194
253.971
253.684
253.389
253.092
252.764
252.403
252.006
251.573
251.107
250.616
250.115
249.627
249.155
248.697
248.245
247.789
247.316
246.819
246.292
245.723
245.094
244.372
243.518
242.494
241.271
239.829
238.16
236.262
234.132
231.764
229.138
226.237
223.045
219.56
215.799
211.799
207.617
203.324
198.997
194.711
190.534
186.517
182.702
179.145
175.933
173.18
171.025
169.594
168.949
169.118
170.078
171.798
174.193
177.145
180.503
184.108
187.807
191.469
194.991
198.304
201.369
204.181
206.764
209.167
211.435
213.587
215.594
217.394
218.897
220.031
220.853
221.654
222.793
224.128
225.449
226.513
226.723
226.063
224.093
220.15
213.72
206.031
198.839
191.408
183.07
174.669
166.304
158.196
150.916
144.633
139.657
136.243
134.563
134.683
136.512
139.865
144.52
150.185
156.514
163.211
169.986
176.655
183.02
188.895
194.114
198.583
202.269
205.207
207.472
209.151
210.341
211.129
211.576
211.733
211.649
211.372
210.928
210.33
209.58
208.683
207.665
206.58
205.497
204.475
203.533
202.635
201.717
200.714
199.589
198.319
196.882
195.256
193.425
191.373
189.081
186.517
183.65
180.458
176.942
173.119
169.024
164.707
160.249
155.747
151.312
147.059
143.111
139.577
136.541
134.055
132.101
130.602
129.461
128.537
127.725
126.975
126.233
125.635
125.457
125.751
126.256
126.668
126.8
126.55
125.871
124.802
123.383
121.582
119.418
116.975
114.421
112.207
110.823
110.299
110.061
109.649
108.9
256.375
256.22
256.065
255.876
255.636
255.391
255.138
254.853
254.532
254.173
253.774
253.341
252.89
252.438
251.986
251.533
251.075
250.604
250.107
249.568
248.974
248.31
247.555
246.686
245.676
244.499
243.134
241.566
239.789
237.797
235.584
233.139
230.448
227.494
224.266
220.76
216.983
212.954
208.709
204.292
199.748
195.11
190.405
185.66
180.925
176.283
171.862
167.826
164.357
161.641
159.845
159.078
159.374
160.712
163.013
166.158
169.978
174.268
178.81
183.394
187.852
192.062
195.95
199.482
202.66
205.529
208.159
210.644
213.081
215.532
217.999
220.424
222.756
225.003
227.229
229.475
231.581
233.224
234.209
234.186
232.896
230.216
225.159
217.536
208.755
200.967
193.206
184.354
175.596
167.015
158.658
151.222
144.818
139.757
136.317
134.614
134.723
136.511
139.779
144.316
149.848
156.062
162.659
169.374
176.002
182.336
188.169
193.333
197.731
201.342
204.213
206.428
208.078
209.256
210.047
210.512
210.694
210.64
210.399
209.998
209.443
208.733
207.87
206.88
205.816
204.756
203.762
202.853
201.988
201.094
200.11
199.002
197.75
196.332
194.729
192.926
190.901
188.62
186.041
183.12
179.835
176.192
172.216
167.94
163.421
158.746
154.025
149.375
144.922
140.797
137.127
134.006
131.489
129.564
128.152
127.146
126.416
125.857
125.408
125.003
124.712
124.743
125.15
125.696
126.102
126.226
126.005
125.399
124.416
123.06
121.31
119.224
116.879
114.427
112.313
111.001
110.47
110.167
109.671
108.852
258.596
258.46
258.298
258.109
257.889
257.664
257.432
257.173
256.88
256.554
256.195
255.807
255.405
254.985
254.55
254.099
253.628
253.126
252.578
251.967
251.274
250.476
249.549
248.469
247.214
245.768
244.119
242.262
240.193
237.908
235.4
232.66
229.679
226.447
222.958
219.208
215.199
210.935
206.425
201.676
196.693
191.473
186.025
180.384
174.637
168.931
163.468
158.485
154.227
150.922
148.779
147.924
148.383
150.107
153.052
157.072
161.945
167.395
173.118
178.828
184.289
189.346
193.923
197.999
201.587
204.754
207.621
210.337
213.05
215.886
218.9
222.069
225.324
228.601
231.833
234.89
237.556
239.56
240.661
240.63
239.132
236.025
230.305
221.894
212.227
203.871
195.782
186.735
177.72
169.019
160.624
153.05
146.592
141.484
137.99
136.229
136.236
137.886
140.967
145.265
150.536
156.499
162.877
169.418
175.9
182.095
187.784
192.798
197.052
200.535
203.308
205.458
207.072
208.237
209.032
209.514
209.72
209.693
209.485
209.124
208.612
207.934
207.091
206.112
205.061
204.025
203.068
202.193
201.352
200.472
199.499
198.406
197.175
195.785
194.218
192.456
190.465
188.195
185.592
182.602
179.199
175.397
171.224
166.721
161.95
157.009
152.022
147.116
142.425
138.099
134.281
131.079
128.553
126.696
125.423
124.608
124.114
123.837
123.709
123.646
123.654
123.89
124.42
125.035
125.469
125.606
125.419
124.886
123.998
122.725
121.059
119.076
116.849
114.53
112.546
111.308
110.741
110.334
109.733
108.839
260.954
260.84
260.682
260.495
260.29
260.08
259.864
259.63
259.365
259.073
258.754
258.413
258.041
257.642
257.215
256.758
256.264
255.725
255.125
254.443
253.658
252.744
251.674
250.426
248.98
247.323
245.449
243.354
241.04
238.504
235.745
232.76
229.547
226.099
222.409
218.459
214.227
209.688
204.816
199.582
193.958
187.933
181.527
174.813
167.927
161.073
154.505
148.513
143.404
139.452
136.884
135.859
136.46
138.637
142.309
147.291
153.316
160.044
167.098
174.102
180.738
186.788
192.151
196.844
200.929
204.456
207.529
210.366
213.239
216.35
219.78
223.511
227.437
231.403
235.274
238.89
241.991
244.285
245.544
245.603
244.179
240.837
235.005
226.291
216.292
207.196
198.783
189.89
180.84
172.155
163.894
156.362
149.931
144.834
141.285
139.405
139.215
140.61
143.389
147.339
152.238
157.842
163.9
170.164
176.387
182.324
187.75
192.511
196.537
199.837
202.475
204.538
206.106
207.253
208.052
208.551
208.782
208.783
208.608
208.288
207.816
207.166
206.332
205.354
204.319
203.32
202.408
201.57
200.746
199.874
198.911
197.835
196.629
195.273
193.749
192.031
190.069
187.801
185.161
182.081
178.531
174.531
170.115
165.334
160.259
155.003
149.702
144.496
139.529
134.969
130.989
127.709
125.195
123.447
122.372
121.81
121.602
121.644
121.866
122.156
122.459
122.9
123.566
124.279
124.78
124.96
124.823
124.367
123.577
122.404
120.843
118.981
116.886
114.722
112.893
111.728
111.095
110.553
109.831
108.857
263.272
263.186
263.052
262.887
262.704
262.512
262.317
262.111
261.879
261.621
261.35
261.042
260.699
260.325
259.914
259.461
258.959
258.397
257.761
257.029
256.175
255.173
253.996
252.619
251.023
249.198
247.139
244.846
242.323
239.575
236.609
233.428
230.033
226.417
222.559
218.421
213.949
209.084
203.766
197.941
191.572
184.656
177.241
169.436
161.424
153.454
145.837
138.923
133.075
128.616
125.784
124.74
125.504
128.081
132.381
138.194
145.223
153.092
161.36
169.569
177.332
184.373
190.541
195.839
200.409
204.365
207.776
210.765
213.652
216.808
220.424
224.489
228.83
233.232
237.478
241.376
244.767
247.378
248.786
248.862
247.518
244.386
238.764
230.452
220.471
210.8
201.992
193.368
184.632
176.116
168.092
160.783
154.482
149.438
145.85
143.839
143.419
144.494
146.891
150.418
154.876
160.053
165.713
171.601
177.446
182.993
188.031
192.432
196.151
199.213
201.681
203.631
205.135
206.255
207.052
207.567
207.826
207.862
207.723
207.441
207.005
206.38
205.558
204.596
203.6
202.659
201.803
200.998
200.187
199.32
198.367
197.309
196.129
194.809
193.328
191.649
189.707
187.433
184.745
181.55
177.82
173.578
168.865
163.745
158.315
152.696
147.035
141.481
136.191
131.358
127.191
123.834
121.354
119.76
118.946
118.708
118.85
119.258
119.86
120.525
121.134
121.785
122.6
123.44
124.047
124.308
124.239
123.867
123.176
122.111
120.675
118.947
116.99
115.002
113.341
112.233
111.506
110.81
109.959
108.904
265.56
265.488
265.371
265.221
265.05
264.868
264.69
264.51
264.313
264.095
263.85
263.581
263.281
262.95
262.581
262.162
261.686
261.14
260.506
259.76
258.874
257.819
256.564
255.086
253.366
251.395
249.171
246.7
243.993
241.063
237.924
234.586
231.048
227.296
223.296
218.981
214.268
209.065
203.291
196.877
189.79
182.048
173.729
164.978
156.015
147.134
138.696
131.102
124.743
119.953
116.965
115.945
116.795
119.659
124.439
130.905
138.725
147.503
156.742
165.904
174.525
182.322
189.149
194.95
199.923
204.288
208.092
211.383
214.375
217.436
220.933
225.008
229.476
234.021
238.427
242.51
245.964
248.556
250.217
250.715
249.463
246.451
241.384
233.938
224.52
214.622
205.401
196.862
188.535
180.418
172.775
165.838
159.823
154.946
151.381
149.236
148.546
149.262
151.244
154.323
158.324
163.046
168.248
173.658
178.996
184.021
188.558
192.514
195.87
198.654
200.922
202.738
204.157
205.232
206.012
206.533
206.816
206.889
206.79
206.544
206.141
205.548
204.763
203.855
202.933
202.069
201.266
200.486
199.681
198.816
197.871
196.83
195.679
194.396
192.956
191.311
189.382
187.097
184.35
181.012
177.057
172.517
167.439
161.918
156.08
150.056
143.989
138.031
132.361
127.207
122.818
119.373
116.946
115.56
115.081
115.25
115.822
116.652
117.672
118.743
119.689
120.566
121.54
122.534
123.289
123.663
123.68
123.397
122.808
121.863
120.567
118.977
117.171
115.376
113.876
112.791
111.945
111.089
110.114
108.979
267.948
267.869
267.748
267.587
267.4
267.2
267.013
266.84
266.663
266.464
266.248
266.02
265.773
265.506
265.211
264.869
264.468
263.991
263.414
262.707
261.834
260.759
259.453
257.889
256.053
253.939
251.553
248.909
246.028
242.933
239.643
236.173
232.52
228.659
224.545
220.066
215.13
209.631
203.478
196.567
188.894
180.501
171.494
162.045
152.402
142.894
133.913
125.882
119.195
114.167
111.021
109.878
110.915
114.042
119.185
126.104
134.434
143.829
153.703
163.499
172.661
180.9
188.133
194.286
199.509
204.132
208.342
212.083
215.292
218.256
221.45
225.197
229.516
234.046
238.392
242.345
245.804
248.55
250.212
250.613
249.744
247.221
242.822
236.41
228.087
218.633
209.241
200.543
192.445
184.759
177.551
171.031
165.388
160.781
157.338
155.116
154.231
154.657
156.283
158.968
162.538
166.781
171.441
176.245
180.94
185.328
189.283
192.745
195.708
198.195
200.247
201.91
203.226
204.236
204.978
205.483
205.773
205.871
205.804
205.591
205.222
204.679
203.971
203.161
202.337
201.547
200.782
200.011
199.203
198.339
197.403
196.385
195.266
194.024
192.628
191.014
189.096
186.8
183.974
180.443
176.202
171.296
165.784
159.813
153.534
147.077
140.562
134.13
127.991
122.431
117.754
114.187
111.83
110.714
110.661
111.34
112.44
113.769
115.258
116.779
118.107
119.248
120.405
121.575
122.511
123.027
123.146
122.958
122.48
121.669
120.522
119.078
117.444
115.844
114.476
113.371
112.387
111.381
110.29
109.079
270.372
270.271
270.115
269.908
269.665
269.408
269.167
268.96
268.771
268.575
268.367
268.16
267.958
267.761
267.564
267.343
267.076
266.736
266.283
265.68
264.874
263.82
262.488
260.852
258.903
256.647
254.102
251.293
248.249
245.006
241.589
238.012
234.27
230.327
226.118
221.539
216.472
210.796
204.405
197.219
189.229
180.496
171.144
161.365
151.422
141.657
132.472
124.291
117.498
112.399
109.213
108.076
109.12
112.311
117.55
124.614
133.152
142.691
152.712
162.676
171.99
180.302
187.628
194.003
199.389
204.059
208.41
212.519
216.118
219.136
221.999
225.233
229.135
233.46
237.708
241.517
244.716
247.205
248.859
249.446
248.673
246.483
242.753
237.366
230.328
222.003
213.12
204.496
196.5
189.083
182.222
176.051
170.735
166.399
163.142
161.064
160.156
160.42
161.798
164.149
167.28
170.969
174.975
179.064
183.038
186.754
190.126
193.112
195.704
197.909
199.752
201.263
202.47
203.404
204.093
204.562
204.835
204.931
204.872
204.674
204.337
203.855
203.24
202.539
201.806
201.067
200.319
199.547
198.738
197.882
196.965
195.977
194.897
193.698
192.344
190.759
188.851
186.547
183.614
179.823
175.238
169.919
163.947
157.53
150.825
143.93
136.933
129.957
123.257
117.185
112.102
108.318
105.997
105.189
105.65
106.951
108.691
110.611
112.624
114.629
116.386
117.843
119.222
120.589
121.722
122.397
122.633
122.555
122.199
121.533
120.541
119.258
117.81
116.389
115.103
113.937
112.812
111.673
110.483
109.2
272.686
272.554
272.345
272.066
271.737
271.389
271.057
270.784
270.55
270.322
270.09
269.87
269.682
269.538
269.441
269.37
269.288
269.147
268.883
268.432
267.734
266.728
265.381
263.677
261.618
259.214
256.515
253.549
250.359
246.984
243.453
239.782
235.965
231.964
227.71
223.102
218.015
212.318
205.895
198.673
190.647
181.885
172.522
162.757
152.854
143.15
134.037
125.927
119.189
114.125
110.948
109.792
110.763
113.884
119.039
125.984
134.375
143.751
153.552
163.262
172.37
180.472
187.573
193.904
199.444
204.194
208.516
212.718
216.604
219.801
222.494
225.295
228.688
232.626
236.663
240.345
243.373
245.618
247.019
247.475
246.858
244.967
241.686
237.034
231.088
223.993
216.138
208.15
200.518
193.422
186.904
181.063
176.047
171.979
168.955
166.994
166.092
166.243
167.373
169.334
171.943
174.999
178.303
181.676
184.972
188.088
190.956
193.537
195.811
197.772
199.431
200.804
201.913
202.776
203.415
203.848
204.096
204.176
204.107
203.907
203.584
203.142
202.594
201.969
201.294
200.587
199.852
199.088
198.291
197.454
196.565
195.612
194.57
193.411
192.099
190.54
188.65
186.345
183.261
179.15
174.209
168.488
162.081
155.252
148.127
140.765
133.233
125.643
118.318
111.696
106.157
102.052
99.6741
99.1208
100.126
102.137
104.622
107.221
109.812
112.326
114.545
116.372
118.019
119.599
120.928
121.768
122.137
122.188
121.97
121.455
120.623
119.513
118.251
116.97
115.714
114.463
113.211
111.963
110.689
109.342
274.933
274.764
274.487
274.121
273.691
273.234
272.796
272.433
272.126
271.83
271.528
271.242
271.014
270.883
270.876
270.983
271.145
271.281
271.286
271.046
270.481
269.528
268.15
266.354
264.16
261.604
258.735
255.605
252.266
248.76
245.12
241.361
237.479
233.44
229.18
224.603
219.589
214.001
207.72
200.669
192.84
184.298
175.179
165.679
156.059
146.636
137.782
129.885
123.298
118.318
115.162
113.968
114.845
117.822
122.777
129.426
137.423
146.364
155.68
164.827
173.402
181.088
187.859
193.994
199.556
204.382
208.665
212.829
216.861
220.266
222.914
225.373
228.271
231.748
235.451
238.922
241.825
243.96
245.211
245.517
244.831
243.079
240.185
236.096
230.931
224.847
218.061
210.987
204.055
197.514
191.478
186.055
181.38
177.569
174.691
172.76
171.794
171.756
172.551
174.047
176.09
178.518
181.176
183.925
186.654
189.276
191.731
193.973
195.974
197.72
199.211
200.456
201.47
202.265
202.856
203.258
203.485
203.552
203.477
203.274
202.955
202.53
202.014
201.426
200.785
200.103
199.388
198.642
197.867
197.055
196.195
195.273
194.267
193.151
191.883
190.353
188.495
186.187
182.894
178.433
173.176
167.074
160.219
152.949
145.352
137.453
129.318
121.049
113.025
105.822
99.8628
95.473
92.9914
92.6236
94.1275
96.8861
100.213
103.591
106.824
109.878
112.589
114.835
116.793
118.604
120.124
121.13
121.652
121.856
121.792
121.433
120.763
119.828
118.734
117.55
116.28
114.937
113.581
112.247
110.905
109.501
277.135
276.916
276.558
276.098
275.572
275.015
274.478
274.016
273.61
273.204
272.771
272.345
271.998
271.814
271.864
272.167
272.649
273.167
273.551
273.59
273.178
272.258
270.818
268.887
266.517
263.772
260.717
257.417
253.926
250.29
246.541
242.698
238.758
234.694
230.45
225.941
221.055
215.661
209.639
202.904
195.434
187.284
178.577
169.505
160.314
151.305
142.823
135.232
128.872
124.034
120.943
119.74
120.508
123.28
127.931
134.151
141.597
149.913
158.546
166.944
174.803
181.932
188.301
194.187
199.715
204.614
208.854
212.88
216.901
220.482
223.219
225.475
227.913
230.874
234.185
237.42
240.167
242.188
243.375
243.644
242.936
241.252
238.583
234.926
230.361
225.035
219.127
212.913
206.724
200.815
195.331
190.378
186.073
182.507
179.723
177.805
176.746
176.486
176.938
177.998
179.543
181.446
183.582
185.837
188.115
190.34
192.454
194.41
196.174
197.728
199.064
200.187
201.104
201.826
202.364
202.73
202.936
202.995
202.918
202.719
202.407
201.992
201.49
200.921
200.301
199.64
198.946
198.221
197.468
196.678
195.844
194.953
193.984
192.915
191.694
190.194
188.385
186.055
182.5
177.708
172.185
165.657
158.272
150.509
142.426
134.018
125.312
116.379
107.618
99.7245
93.2494
88.5328
85.9874
85.8147
87.7646
91.2446
95.4721
99.7239
103.67
107.306
110.541
113.244
115.545
117.602
119.316
120.495
121.19
121.569
121.671
121.466
120.954
120.186
119.228
118.095
116.783
115.356
113.924
112.528
111.131
109.676
279.259
278.984
278.537
277.991
277.393
276.772
276.168
275.627
275.113
274.551
273.913
273.243
272.651
272.297
272.328
272.828
273.714
274.741
275.681
276.073
275.84
274.933
273.382
271.263
268.673
265.706
262.448
258.97
255.327
251.564
247.713
243.791
239.798
235.715
231.497
227.07
222.335
217.174
211.468
205.125
198.104
190.441
182.243
173.688
165.01
156.492
148.456
141.244
135.178
130.54
127.552
126.346
126.992
129.519
133.79
139.491
146.301
153.894
161.727
169.268
176.33
182.865
188.844
194.478
199.913
204.843
209.055
212.928
216.832
220.472
223.315
225.48
227.585
230.084
232.981
235.952
238.551
240.459
241.55
241.786
241.125
239.54
237.058
233.728
229.629
224.889
219.661
214.15
208.617
203.289
198.314
193.794
189.823
186.481
183.841
181.953
180.807
180.353
180.524
181.237
182.395
183.893
185.624
187.49
189.407
191.305
193.131
194.839
196.397
197.779
198.976
199.987
200.815
201.466
201.948
202.271
202.448
202.49
202.408
202.211
201.907
201.503
201.014
200.459
199.855
199.211
198.533
197.826
197.09
196.319
195.508
194.648
193.718
192.698
191.52
190.058
188.311
185.925
182.08
177.003
171.21
164.139
156.162
147.98
139.558
130.822
121.712
112.228
102.797
94.1377
86.8833
81.5619
78.8066
78.7742
81.1466
85.3041
90.4402
95.6366
100.371
104.637
108.431
111.622
114.285
116.601
118.522
119.894
120.779
121.344
121.612
121.555
121.192
120.569
119.709
118.586
117.217
115.726
114.246
112.809
111.368
109.867
281.197
280.877
280.365
279.761
279.133
278.503
277.887
277.288
276.667
275.927
275.016
273.976
272.969
272.272
272.159
272.828
274.198
275.8
277.676
278.427
278.393
277.487
275.791
273.45
270.612
267.404
263.93
260.269
256.477
252.594
248.648
244.655
240.617
236.519
232.33
227.989
223.412
218.492
213.115
207.183
200.642
193.504
185.858
177.863
169.739
161.752
154.204
147.413
141.683
137.279
134.407
133.199
133.717
135.972
139.815
144.959
151.108
157.937
164.912
171.571
177.857
183.831
189.456
194.86
200.171
205.084
209.264
212.984
216.71
220.311
223.232
225.374
227.244
229.356
231.866
234.558
237.006
238.828
239.845
240.027
239.38
237.903
235.613
232.563
228.844
224.578
219.894
214.956
209.969
205.132
200.592
196.448
192.781
189.663
187.165
185.312
184.104
183.507
183.47
183.924
184.788
185.972
187.383
188.936
190.556
192.181
193.761
195.253
196.627
197.856
198.928
199.838
200.586
201.174
201.604
201.886
202.03
202.049
201.954
201.752
201.45
201.055
200.577
200.035
199.443
198.812
198.147
197.451
196.728
195.972
195.183
194.353
193.464
192.489
191.353
189.937
188.252
185.777
181.637
176.31
170.182
162.463
153.97
145.585
137.056
128.177
118.806
108.883
98.893
89.5704
81.4679
75.2907
71.8987
71.7409
74.4123
79.1771
85.1896
91.3665
96.9508
101.898
106.289
109.992
113.028
115.614
117.768
119.363
120.454
121.201
121.622
121.702
121.472
120.968
120.164
119.015
117.589
116.057
114.555
113.092
111.615
110.073
282.857
282.51
281.973
281.341
280.739
280.202
279.665
279.09
278.396
277.467
276.218
274.666
272.989
271.615
271.085
271.847
273.893
276.519
278.973
280.41
280.669
279.771
277.917
275.345
272.266
268.836
265.165
261.334
257.401
253.405
249.372
245.315
241.239
237.134
232.976
228.721
224.298
219.61
214.551
209.018
202.947
196.332
189.24
181.812
174.249
166.803
159.754
153.396
148.012
143.85
141.099
139.887
140.265
142.231
145.635
150.224
155.723
161.788
167.908
173.73
179.315
184.798
190.124
195.336
200.52
205.369
209.491
213.072
216.606
220.089
223.01
225.146
226.871
228.689
230.858
233.277
235.556
237.287
238.253
238.406
237.767
236.363
234.233
231.432
228.039
224.165
219.934
215.478
210.957
206.541
202.37
198.543
195.138
192.23
189.86
188.053
186.815
186.124
185.938
186.195
186.828
187.761
188.914
190.213
191.588
192.982
194.349
195.652
196.859
197.949
198.906
199.723
200.398
200.928
201.312
201.557
201.67
201.667
201.555
201.344
201.038
200.646
200.176
199.644
199.061
198.437
197.78
197.091
196.378
195.636
194.868
194.067
193.215
192.283
191.188
189.822
188.179
185.588
181.168
175.596
169.061
160.677
151.86
143.507
135.018
126.055
116.456
106.136
95.6301
85.7521
76.9489
69.8718
65.6469
65.0618
67.7971
73.0137
79.817
86.9666
93.4415
99.1156
104.138
108.375
111.795
114.662
117.081
118.932
120.238
121.148
121.702
121.904
121.793
121.375
120.586
119.388
117.912
116.364
114.86
113.383
111.875
110.294
284.302
283.911
283.239
282.57
282.151
281.845
281.468
280.967
280.242
279.126
277.505
275.352
272.754
270.294
268.971
269.627
272.505
276.364
279.819
281.968
282.541
281.638
279.635
276.867
273.589
269.978
266.148
262.181
258.132
254.038
249.925
245.81
241.699
237.591
233.47
229.302
225.026
220.556
215.788
210.623
204.987
198.861
192.295
185.411
178.392
171.469
164.903
158.967
153.92
149.991
147.355
146.134
146.372
148.049
151.033
155.102
159.982
165.309
170.625
175.694
180.675
185.742
190.82
195.879
200.957
205.735
209.773
213.204
216.549
219.886
222.745
224.845
226.463
228.064
229.958
232.132
234.243
235.872
236.776
236.905
236.285
234.951
232.951
230.352
227.234
223.693
219.837
215.787
211.673
207.629
203.786
200.242
197.07
194.336
192.078
190.324
189.08
188.328
188.032
188.138
188.589
189.32
190.263
191.351
192.52
193.717
194.898
196.032
197.09
198.053
198.904
199.635
200.241
200.716
201.058
201.268
201.355
201.33
201.203
200.98
200.668
200.274
199.808
199.28
198.702
198.082
197.428
196.745
196.039
195.309
194.559
193.784
192.966
192.075
191.018
189.698
188.065
185.343
180.656
174.84
167.86
158.885
149.957
141.793
133.386
124.348
114.542
103.881
92.8874
82.4703
73.0659
65.21
60.1577
58.9894
61.5547
67.0106
74.4506
82.5081
89.8839
96.3153
101.996
106.785
110.605
113.77
116.478
118.607
120.128
121.182
121.851
122.164
122.152
121.79
120.976
119.717
118.205
116.663
115.172
113.685
112.148
110.529
285.104
284.459
283.708
283.321
283.309
283.357
283.258
282.882
282.145
280.957
279.076
276.309
272.589
268.291
265.025
264.883
268.848
274.443
279.647
282.89
283.846
282.955
280.821
277.906
274.513
270.806
266.888
262.834
258.701
254.527
250.345
246.175
242.031
237.919
233.835
229.752
225.619
221.354
216.855
212.02
206.772
201.084
194.993
188.605
182.088
175.653
169.54
163.998
159.268
155.559
153.035
151.806
151.907
153.316
155.918
159.507
163.801
168.44
173.034
177.447
181.912
186.634
191.519
196.469
201.464
206.167
210.104
213.381
216.55
219.743
222.502
224.526
226.047
227.485
229.159
231.118
233.066
234.588
235.428
235.528
234.922
233.654
231.774
229.349
226.462
223.2
219.662
215.95
212.185
208.468
204.923
201.634
198.675
196.097
193.944
192.244
191.005
190.213
189.834
189.822
190.126
190.691
191.458
192.368
193.361
194.389
195.41
196.394
197.319
198.165
198.918
199.569
200.11
200.534
200.835
201.013
201.074
201.03
200.888
200.653
200.333
199.934
199.467
198.94
198.363
197.744
197.092
196.411
195.71
194.988
194.253
193.502
192.713
191.857
190.834
189.551
187.89
185.022
180.09
174.031
166.618
157.192
148.322
140.421
132.085
122.984
113.029
102.131
90.7302
79.777
69.7755
61.2329
55.4323
53.6635
55.8996
61.363
69.2382
78.0768
86.3234
93.5255
99.8809
105.241
109.48
112.957
115.962
118.377
120.111
121.293
122.066
122.48
122.55
122.212
121.346
120.023
118.491
116.971
115.499
114.004
112.438
110.78
285.942
285.232
284.499
284.121
284.227
284.833
285.264
285.173
284.564
283.352
281.21
277.727
272.44
265.478
259.264
258.071
262.834
271.917
278.982
283.189
284.454
283.649
281.499
278.516
275.065
271.327
267.387
263.306
259.131
254.906
250.667
246.445
242.265
238.144
234.091
230.09
226.094
222.023
217.771
213.232
208.325
203.019
197.344
191.396
185.326
179.331
173.63
168.451
164.016
160.514
158.097
156.859
156.835
158.008
160.269
163.412
167.163
171.189
175.152
178.989
183.014
187.465
192.221
197.097
202.006
206.61
210.439
213.578
216.599
219.665
222.317
224.237
225.647
226.945
228.446
230.228
232.025
233.432
234.199
234.269
233.675
232.466
230.694
228.425
225.738
222.717
219.447
216.025
212.562
209.122
205.84
202.786
200.019
197.588
195.536
193.892
192.666
191.846
191.404
191.298
191.481
191.905
192.522
193.278
194.121
195.003
195.885
196.739
197.543
198.283
198.947
199.522
200.002
200.376
200.638
200.785
200.822
200.759
200.603
200.358
200.028
199.623
199.151
198.621
198.042
197.422
196.769
196.087
195.388
194.672
193.949
193.216
192.451
191.623
190.632
189.366
187.636
184.61
179.465
173.16
165.376
155.673
146.966
139.329
131.043
121.903
111.879
100.864
89.1843
77.7535
67.1571
57.9827
51.5452
49.1772
50.9815
56.251
64.3328
73.7763
82.8117
90.7756
97.814
103.756
108.432
112.234
115.535
118.231
120.17
121.475
122.346
122.853
122.99
122.646
121.711
120.331
118.796
117.307
115.85
114.342
112.744
111.047
287.013
285.949
284.864
284.391
285.003
286.523
287.251
287.378
287.106
286.067
283.647
279.297
272.321
263.136
254.702
253.723
260.451
270.292
278.135
282.945
284.504
283.571
281.535
278.614
275.233
271.55
267.652
263.599
259.43
255.189
250.918
246.658
242.442
238.305
234.271
230.338
226.47
222.581
218.558
214.287
209.681
204.706
199.39
193.822
188.145
182.538
177.206
172.358
168.192
164.879
162.556
161.312
161.182
162.151
164.103
166.834
170.102
173.598
177.004
180.33
183.991
188.256
192.941
197.76
202.556
207.015
210.728
213.769
216.679
219.636
222.183
223.991
225.279
226.449
227.812
229.45
231.107
232.398
233.084
233.118
232.535
231.38
229.705
227.575
225.065
222.253
219.219
216.044
212.807
209.643
206.596
203.747
201.152
198.859
196.904
195.317
194.109
193.272
192.781
192.597
192.679
192.985
193.472
194.095
194.806
195.562
196.324
197.064
197.763
198.408
198.988
199.492
199.913
200.24
200.464
200.581
200.595
200.515
200.345
200.088
199.748
199.335
198.857
198.322
197.739
197.115
196.458
195.773
195.072
194.358
193.642
192.921
192.173
191.369
190.409
189.131
187.289
184.098
178.784
172.239
164.172
154.368
145.865
138.456
130.219
121.08
111.06
100.027
88.2049
76.4144
65.294
55.5496
48.5471
45.6021
46.8985
51.816
59.8657
69.7127
79.4138
88.1026
95.8159
102.342
107.473
111.61
115.203
118.167
120.302
121.725
122.694
123.286
123.473
123.098
122.091
120.667
119.142
117.683
116.231
114.702
113.067
111.328
288.31
286.932
285.791
285.607
286.397
287.688
288.509
288.946
289.126
288.173
285.596
280.595
272.528
262.005
253.424
252.754
260.163
270.165
277.745
281.782
283.319
283.309
281.233
278.437
275.161
271.576
267.761
263.763
259.626
255.393
251.109
246.818
242.569
238.411
234.386
230.512
226.759
223.04
219.233
215.211
210.881
206.206
201.211
195.984
190.66
185.407
180.412
175.867
171.949
168.817
166.593
165.35
165.131
165.91
167.564
169.916
172.765
175.795
178.68
181.541
184.917
189.071
193.719
198.47
203.113
207.38
210.966
213.942
216.773
219.624
222.066
223.764
224.924
225.972
227.224
228.74
230.262
231.427
232.024
232.016
231.439
230.336
228.755
226.755
224.41
221.792
218.975
216.032
213.039
210.095
207.26
204.601
202.17
200.009
198.152
196.625
195.441
194.596
194.065
193.814
193.807
194.006
194.376
194.876
195.465
196.103
196.754
197.389
197.99
198.543
199.042
199.476
199.837
200.115
200.299
200.384
200.375
200.275
200.091
199.822
199.472
199.049
198.563
198.021
197.431
196.8
196.135
195.443
194.735
194.019
193.304
192.59
191.851
191.07
190.139
188.818
186.806
183.437
177.989
171.223
162.956
153.186
144.907
137.707
129.541
120.452
110.504
99.5198
87.6615
75.6218
64.0737
53.8354
46.2968
42.7506
43.4457
47.827
55.5929
65.6193
75.8825
85.2961
93.7358
100.907
106.545
111.052
114.952
118.192
120.527
122.081
123.152
123.829
124.054
123.631
122.55
121.09
119.585
118.149
116.688
115.124
113.442
111.654
288.918
287.701
286.667
286.218
286.704
287.95
289.188
289.993
290.396
289.583
286.643
281.195
272.711
262.205
253.94
254.185
261.674
270.763
277.485
280.994
282.044
281.48
280.08
277.779
274.819
271.437
267.773
263.879
259.793
255.568
251.267
246.949
242.67
238.491
234.473
230.655
227.017
223.467
219.871
216.088
212.017
207.621
202.927
198.022
193.033
188.117
183.446
179.192
175.519
172.567
170.436
169.199
168.892
169.475
170.831
172.841
175.326
177.913
180.276
182.712
185.886
189.991
194.606
199.26
203.711
207.748
211.181
214.096
216.851
219.581
221.908
223.503
224.552
225.496
226.661
228.072
229.454
230.479
230.978
230.924
230.351
229.299
227.81
225.939
223.754
221.324
218.715
215.993
213.227
210.496
207.862
205.385
203.112
201.081
199.321
197.857
196.702
195.852
195.289
194.981
194.894
194.996
195.256
195.641
196.114
196.639
197.183
197.717
198.224
198.691
199.111
199.475
199.774
199.999
200.139
200.191
200.156
200.037
199.837
199.555
199.193
198.76
198.264
197.714
197.114
196.472
195.794
195.089
194.369
193.644
192.92
192.205
191.469
190.711
189.805
188.391
186.144
182.59
177.053
170.128
161.771
152.156
144.105
137.118
129.062
120.088
110.294
99.4318
87.6453
75.4869
63.6311
53.0493
45.079
40.9399
40.9593
44.6183
51.8062
61.6893
72.3286
82.4278
91.64
99.5101
105.691
110.602
114.836
118.363
120.896
122.584
123.757
124.517
124.763
124.278
123.133
121.653
120.171
118.736
117.238
115.618
113.877
112.029
289.408
288.35
287.485
287.143
287.524
288.303
289.042
289.335
289.156
287.98
285.18
280.253
272.793
264.153
258.648
258.776
265.038
272.306
277.393
280.095
281.059
280.537
279.005
276.833
274.163
271.054
267.596
263.856
259.872
255.697
251.408
247.08
242.781
238.581
234.564
230.794
227.267
223.888
220.503
216.956
213.138
209.009
204.6
199.997
195.326
190.732
186.372
182.406
178.973
176.19
174.147
172.914
172.521
172.904
173.982
175.705
177.87
180
181.83
183.906
186.972
191.072
195.64
200.162
204.395
208.181
211.43
214.246
216.891
219.461
221.652
223.163
224.145
225.031
226.141
227.452
228.685
229.56
229.954
229.855
229.287
228.285
226.886
225.141
223.111
220.859
218.446
215.932
213.377
210.847
208.4
206.092
203.966
202.056
200.39
198.988
197.864
197.015
196.425
196.067
195.911
195.928
196.09
196.368
196.733
197.152
197.595
198.035
198.454
198.841
199.188
199.486
199.726
199.897
199.993
200.01
199.948
199.809
199.593
199.298
198.924
198.481
197.976
197.415
196.803
196.146
195.451
194.726
193.989
193.246
192.505
191.779
191.041
190.309
189.42
187.862
185.332
181.598
176.042
169.048
160.719
151.338
143.494
136.729
128.834
120.044
110.469
99.7963
88.1774
76.0483
64.0037
53.1468
44.8548
40.335
39.6114
42.4953
48.9115
58.3381
69.1071
79.7851
89.7323
98.2812
105.001
110.326
114.903
118.707
121.414
123.216
124.479
125.308
125.558
125.023
123.834
122.344
120.867
119.399
117.836
116.145
114.334
112.423
289.82
288.901
288.183
287.807
287.801
288.051
288.298
288.24
287.697
286.311
283.608
279.387
273.911
268.142
264.501
264.564
268.654
273.637
277.332
279.325
280.012
279.584
278.221
276.145
273.607
270.687
267.39
263.756
259.853
255.743
251.496
247.179
242.853
238.609
234.576
230.864
227.48
224.307
221.156
217.847
214.265
210.38
206.231
201.909
197.536
193.247
189.183
185.483
182.272
179.65
177.705
176.491
176.014
176.194
177.031
178.541
180.42
182.064
183.38
185.191
188.233
192.346
196.837
201.197
205.204
208.737
211.774
214.438
216.917
219.276
221.3
222.745
223.718
224.603
225.675
226.875
227.945
228.667
228.959
228.816
228.256
227.304
225.993
224.369
222.487
220.404
218.175
215.855
213.496
211.155
208.884
206.734
204.745
202.949
201.371
200.03
198.937
198.092
197.481
197.081
196.864
196.805
196.88
197.062
197.326
197.645
197.991
198.341
198.679
198.992
199.271
199.506
199.688
199.807
199.859
199.84
199.751
199.591
199.359
199.05
198.667
198.214
197.698
197.124
196.497
195.821
195.105
194.355
193.593
192.823
192.054
191.312
190.568
189.867
188.985
187.23
184.379
180.473
174.977
168.014
159.821
150.727
143.072
136.539
128.866
120.32
110.999
100.557
89.1627
77.1958
65.1461
54.0593
45.3455
40.2238
38.9672
41.2212
46.8506
55.6041
66.2526
77.3902
88.0517
97.279
104.526
110.259
115.179
119.23
122.071
123.975
125.321
126.211
126.462
125.901
124.672
123.163
121.663
120.128
118.476
116.698
114.81
112.833
290.194
289.368
288.69
288.197
287.936
287.854
287.773
287.439
286.648
285.175
282.806
279.561
275.709
271.857
269.253
268.967
271.321
274.594
277.21
278.64
279.129
278.637
277.402
275.458
273.008
270.237
267.155
263.72
259.931
255.853
251.589
247.232
242.857
238.578
234.564
230.955
227.756
224.818
221.916
218.847
215.494
211.833
207.915
203.84
199.731
195.714
191.918
188.469
185.474
182.996
181.127
179.955
179.4
179.391
180.056
181.422
183.001
184.122
184.988
186.637
189.705
193.814
198.192
202.358
206.125
209.412
212.233
214.71
216.984
219.101
220.931
222.311
223.314
224.229
225.256
226.322
227.22
227.796
227.997
227.818
227.268
226.365
225.139
223.631
221.888
219.964
217.908
215.768
213.592
211.427
209.321
207.319
205.458
203.77
202.276
200.993
199.932
199.092
198.464
198.028
197.759
197.634
197.63
197.725
197.895
198.119
198.372
198.637
198.897
199.14
199.355
199.531
199.658
199.726
199.734
199.68
199.563
199.382
199.134
198.813
198.419
197.957
197.43
196.842
196.197
195.499
194.756
193.975
193.18
192.373
191.568
190.803
190.051
189.386
188.498
186.51
183.304
179.237
173.883
167.058
159.095
150.335
142.859
136.546
129.158
120.905
111.853
101.643
90.4736
78.7002
66.7641
55.6036
46.4657
40.61
38.6115
40.2701
45.2763
53.4095
63.8193
75.3183
86.6747
96.5645
104.299
110.422
115.662
119.905
122.852
124.859
126.291
127.245
127.506
126.928
125.64
124.097
122.54
120.906
119.146
117.272
115.302
113.255
290.51
289.721
289.027
288.452
288.024
287.7
287.345
286.775
285.837
284.419
282.431
279.909
277.053
274.324
272.446
272.081
273.361
275.365
277.073
277.995
278.023
277.555
276.453
274.748
272.478
269.793
266.836
263.605
260.003
256.013
251.743
247.348
242.936
238.615
234.569
230.991
227.929
225.228
222.603
219.804
216.703
213.288
209.625
205.814
201.976
198.227
194.688
191.475
188.671
186.331
184.56
183.414
182.789
182.651
183.197
184.396
185.602
186.211
186.741
188.323
191.422
195.48
199.691
203.614
207.114
210.154
212.766
215.06
217.131
219.011
220.64
221.94
222.961
223.887
224.843
225.762
226.499
226.952
227.08
226.873
226.335
225.48
224.334
222.933
221.322
219.545
217.649
215.676
213.669
211.669
209.717
207.854
206.116
204.529
203.114
201.887
200.856
200.024
199.383
198.916
198.601
198.417
198.343
198.358
198.442
198.576
198.742
198.926
199.111
199.286
199.439
199.557
199.63
199.65
199.615
199.526
199.383
199.181
198.918
198.585
198.182
197.71
197.17
196.568
195.903
195.18
194.406
193.586
192.75
191.896
191.045
190.254
189.489
188.86
187.948
185.719
182.133
177.919
172.784
166.204
158.554
150.159
142.884
136.753
129.701
121.774
113.021
103.064
92.1515
80.5475
68.6151
57.384
47.9482
41.4217
38.562
39.4432
43.856
51.5432
61.8157
73.6673
85.6515
96.1142
104.292
110.814
116.349
120.735
123.779
125.889
127.408
128.429
128.713
128.094
126.72
125.12
123.471
121.715
119.836
117.859
115.804
113.688
290.772
289.994
289.281
288.643
288.082
287.558
286.98
286.238
285.236
283.907
282.211
280.197
278.051
276.095
274.697
274.237
274.745
275.826
276.821
277.35
277.274
276.673
275.57
273.961
271.89
269.41
266.557
263.364
259.815
255.897
251.714
247.409
242.979
238.428
234.054
230.324
227.432
225.126
222.95
220.545
217.757
214.605
211.2
207.675
204.147
200.712
197.462
194.498
191.897
189.717
188.043
186.914
186.217
185.955
186.37
187.382
188.209
188.398
188.73
190.325
193.437
197.374
201.343
204.96
208.146
210.917
213.323
215.444
217.338
219.016
220.462
221.66
222.651
223.545
224.407
225.188
225.791
226.145
226.217
225.992
225.467
224.657
223.584
222.283
220.792
219.152
217.403
215.584
213.732
211.884
210.077
208.345
206.721
205.231
203.891
202.717
201.717
200.895
200.243
199.749
199.394
199.157
199.02
198.962
198.966
199.017
199.102
199.207
199.32
199.428
199.519
199.58
199.601
199.575
199.5
199.378
199.208
198.987
198.709
198.366
197.954
197.471
196.92
196.303
195.617
194.866
194.055
193.191
192.304
191.39
190.487
189.66
188.867
188.265
187.316
184.847
180.896
176.56
171.699
165.469
158.217
150.198
143.156
137.159
130.467
122.877
114.473
104.836
94.2888
82.9272
70.9502
59.4519
49.5469
42.4382
38.8931
38.9923
42.741
49.991
60.2339
72.4766
85.0066
95.9288
104.526
111.474
117.303
121.789
124.897
127.083
128.691
129.779
130.093
129.37
127.884
126.199
124.427
122.534
120.531
118.451
116.312
114.126
290.995
290.221
289.486
288.788
288.121
287.458
286.744
285.907
284.885
283.637
282.161
280.518
278.831
277.291
276.155
275.612
275.677
276.15
276.617
276.798
276.558
275.87
274.75
273.207
271.254
268.944
266.306
263.271
259.782
255.885
251.737
247.366
242.533
237.291
232.398
228.724
226.396
224.798
223.203
221.197
218.706
215.828
212.7
209.453
206.208
203.069
200.12
197.442
195.097
193.099
191.512
190.379
189.606
189.228
189.533
190.374
190.879
190.801
191.093
192.752
195.816
199.525
203.157
206.404
209.236
211.709
213.886
215.826
217.556
219.073
220.371
221.461
222.384
223.208
223.968
224.627
225.121
225.396
225.421
225.18
224.668
223.899
222.894
221.684
220.303
218.787
217.173
215.495
213.785
212.078
210.403
208.794
207.278
205.878
204.611
203.488
202.518
201.706
201.048
200.531
200.138
199.853
199.658
199.535
199.468
199.444
199.452
199.482
199.523
199.564
199.593
199.597
199.567
199.497
199.385
199.231
199.036
198.797
198.507
198.154
197.734
197.242
196.68
196.049
195.341
194.558
193.707
192.79
191.842
190.859
189.887
188.996
188.142
187.541
186.549
183.872
179.615
175.201
170.661
164.876
158.092
150.461
143.668
137.772
131.429
124.172
116.166
106.903
96.8162
85.8121
73.9497
62.1861
51.5509
43.702
39.4674
39.0357
42.2664
49.0955
59.26
71.8294
84.8089
96.0995
105.1
112.487
118.582
123.084
126.212
128.447
130.152
131.32
131.626
130.708
129.094
127.296
125.382
123.347
121.222
119.04
116.82
114.566
291.203
290.419
289.651
288.896
288.149
287.391
286.586
285.689
284.664
283.494
282.19
280.795
279.396
278.126
277.135
276.521
276.295
276.316
276.365
276.235
275.818
275.061
273.973
272.54
270.716
268.543
266.108
263.415
260.335
256.725
252.546
247.612
241.774
235.633
230.533
227.389
225.856
224.902
223.714
221.988
219.744
217.111
214.236
211.259
208.296
205.428
202.725
200.279
198.142
196.315
194.822
193.728
192.982
192.545
192.639
193.178
193.509
193.486
193.907
195.611
198.511
201.862
205.067
207.906
210.377
212.544
214.473
216.208
217.765
219.136
220.315
221.311
222.159
222.902
223.56
224.111
224.509
224.714
224.695
224.436
223.937
223.206
222.263
221.135
219.854
218.452
216.961
215.411
213.832
212.253
210.701
209.204
207.788
206.474
205.275
204.201
203.262
202.462
201.798
201.26
200.835
200.506
200.258
200.077
199.946
199.854
199.792
199.751
199.722
199.695
199.66
199.606
199.525
199.412
199.265
199.083
198.866
198.611
198.309
197.95
197.523
197.023
196.453
195.808
195.077
194.259
193.363
192.387
191.367
190.303
189.226
188.207
187.224
186.574
185.537
182.753
178.299
173.87
169.701
164.451
158.165
150.968
144.432
138.607
132.595
125.679
118.027
109.251
99.6836
89.1497
77.5807
65.6707
54.3909
45.5562
40.4911
39.5825
42.544
49.1609
59.2073
71.8965
85.1062
96.6523
106.052
113.854
120.102
124.566
127.696
129.981
131.808
133.076
133.236
132.06
130.309
128.375
126.311
124.138
121.897
119.62
117.322
115.004
291.382
290.58
289.783
288.986
288.185
287.365
286.504
285.577
284.566
283.465
282.284
281.06
279.854
278.747
277.821
277.134
276.686
276.396
276.131
275.749
275.15
274.288
273.164
271.777
270.1
268.124
265.908
263.51
260.882
257.772
253.71
248.271
241.688
235.235
230.488
227.955
226.838
226.01
224.812
223.095
220.946
218.499
215.88
213.186
210.491
207.861
205.372
203.121
201.147
199.422
197.989
196.953
196.23
195.673
195.49
195.797
196.156
196.343
196.964
198.704
201.361
204.265
206.984
209.397
211.521
213.403
215.09
216.612
217.983
219.202
220.265
221.176
221.951
222.615
223.182
223.638
223.952
224.091
224.03
223.755
223.265
222.571
221.686
220.634
219.444
218.145
216.767
215.336
213.877
212.414
210.975
209.582
208.258
207.023
205.887
204.862
203.953
203.165
202.497
201.941
201.485
201.116
200.822
200.588
200.4
200.248
200.123
200.014
199.915
199.82
199.719
199.605
199.473
199.318
199.138
198.929
198.693
198.426
198.116
197.752
197.32
196.817
196.24
195.582
194.827
193.974
193.03
191.989
190.885
189.724
188.466
187.184
185.965
185.239
184.146
181.423
176.933
172.576
168.842
164.206
158.436
151.734
145.432
139.685
133.95
127.38
120.106
111.877
102.888
92.9437
81.8409
69.9814
58.2645
48.4335
42.2928
40.6971
43.4917
50.1241
60.1445
72.7498
85.8934
97.5704
107.348
115.481
121.756
126.191
129.311
131.703
133.702
135.01
134.815
133.382
131.488
129.409
127.199
124.897
122.548
120.184
117.815
115.436
291.585
290.767
289.941
289.106
288.261
287.397
286.5
285.557
284.558
283.504
282.405
281.289
280.194
279.168
278.262
277.504
276.888
276.365
275.855
275.27
274.533
273.596
272.444
271.08
269.491
267.667
265.629
263.417
261.011
258.181
254.419
249.302
243.24
237.537
233.393
230.931
229.413
228.055
226.465
224.571
222.422
220.093
217.66
215.191
212.74
210.352
208.079
205.999
204.149
202.526
201.167
200.155
199.388
198.769
198.497
198.676
199.006
199.338
200.185
201.931
204.251
206.641
208.852
210.841
212.631
214.248
215.712
217.037
218.232
219.299
220.238
221.051
221.745
222.332
222.817
223.192
223.433
223.514
223.415
223.125
222.647
221.986
221.156
220.176
219.07
217.867
216.593
215.27
213.921
212.567
211.23
209.933
208.694
207.531
206.455
205.474
204.594
203.82
203.149
202.577
202.093
201.689
201.352
201.071
200.833
200.627
200.443
200.271
200.104
199.94
199.772
199.596
199.411
199.213
199
198.767
198.516
198.24
197.926
197.56
197.128
196.624
196.043
195.373
194.596
193.708
192.715
191.606
190.413
189.131
187.586
185.842
184.226
183.483
182.273
179.818
175.494
171.319
168.087
164.146
158.931
152.73
146.612
141.008
135.502
129.255
122.377
114.714
106.334
97.0744
86.6235
75.106
63.278
52.7037
45.3815
42.7854
45.0951
51.7175
61.77
74.2276
87.1583
98.9048
108.983
117.276
123.501
127.897
131.059
133.682
135.874
136.945
136.293
134.638
132.599
130.379
128.035
125.616
123.17
120.728
118.293
115.858
291.742
290.904
290.058
289.201
288.331
287.441
286.524
285.575
284.589
283.568
282.522
281.469
280.436
279.45
278.54
277.718
276.979
276.292
275.61
274.872
274.025
273.028
271.862
270.521
268.992
267.26
265.33
263.221
260.915
258.258
254.915
250.626
245.688
240.945
237.13
234.329
232.162
230.213
228.247
226.18
224.003
221.74
219.434
217.126
214.854
212.644
210.541
208.639
206.935
205.439
204.185
203.193
202.405
201.83
201.59
201.675
201.914
202.366
203.362
204.963
206.858
208.749
210.517
212.145
213.646
215.027
216.294
217.45
218.496
219.431
220.254
220.966
221.572
222.081
222.493
222.798
222.976
223.007
222.875
222.575
222.106
221.476
220.695
219.777
218.746
217.627
216.444
215.217
213.964
212.705
211.459
210.246
209.082
207.983
206.96
206.019
205.167
204.405
203.734
203.149
202.643
202.207
201.834
201.513
201.231
200.977
200.739
200.509
200.28
200.049
199.817
199.582
199.343
199.101
198.853
198.598
198.335
198.056
197.744
197.381
196.953
196.452
195.869
195.189
194.391
193.469
192.43
191.258
189.979
188.551
186.619
184.233
181.991
180.42
179.9
177.963
174.007
170.127
167.449
164.282
159.668
153.865
147.916
142.56
137.17
131.258
124.764
117.608
109.808
101.261
91.6119
80.7774
69.2858
58.4067
50.1221
46.3338
47.7562
53.9311
63.8373
76.1311
88.8763
100.655
110.86
119.112
125.254
129.66
133.058
135.989
138.165
138.693
137.634
135.793
133.621
131.274
128.809
126.287
123.756
121.245
118.752
116.267
291.945
291.099
290.231
289.346
288.447
287.534
286.601
285.644
284.662
283.66
282.645
281.628
280.625
279.653
278.726
277.851
277.021
276.214
275.395
274.527
273.574
272.507
271.307
269.966
268.473
266.812
264.975
262.967
260.772
258.292
255.341
251.783
247.767
243.744
240.161
237.16
234.611
232.305
230.089
227.888
225.682
223.47
221.265
219.088
216.965
214.922
213.003
211.225
209.649
208.276
207.101
206.105
205.313
204.784
204.559
204.622
204.91
205.479
206.441
207.734
209.178
210.631
212.03
213.357
214.607
215.777
216.863
217.863
218.772
219.584
220.296
220.91
221.431
221.863
222.203
222.441
222.56
222.545
222.384
222.073
221.614
221.011
220.275
219.416
218.455
217.414
216.315
215.175
214.012
212.84
211.677
210.54
209.444
208.404
207.429
206.525
205.699
204.951
204.282
203.686
203.16
202.697
202.29
201.931
201.608
201.309
201.021
200.735
200.445
200.151
199.855
199.56
199.267
198.978
198.694
198.416
198.144
197.866
197.562
197.21
196.792
196.298
195.714
195.025
194.209
193.255
192.174
190.947
189.584
187.974
185.589
182.489
179.624
177.881
177.336
175.944
172.502
169.008
166.929
164.618
160.677
155.102
149.429
144.245
138.967
133.381
127.243
120.502
113.198
105.328
96.5675
86.7093
76.0315
65.4392
56.6401
51.7347
51.9556
57.1699
66.4833
78.3839
90.8678
102.574
112.722
120.884
127.046
131.676
135.458
138.543
140.293
140.198
138.826
136.836
134.552
132.091
129.52
126.907
124.304
121.733
119.188
116.658
292.124
291.247
290.365
289.47
288.56
287.633
286.691
285.732
284.755
283.765
282.767
281.769
280.779
279.806
278.857
277.932
277.026
276.123
275.203
274.238
273.201
272.069
270.825
269.461
267.969
266.337
264.554
262.616
260.506
258.171
255.52
252.49
249.152
245.736
242.494
239.549
236.886
234.425
232.091
229.833
227.629
225.471
223.356
221.292
219.293
217.384
215.601
213.969
212.511
211.219
210.086
209.108
208.327
207.819
207.635
207.747
208.071
208.595
209.348
210.293
211.345
212.431
213.512
214.567
215.583
216.55
217.459
218.3
219.065
219.748
220.348
220.865
221.3
221.654
221.922
222.093
222.154
222.093
221.903
221.582
221.131
220.556
219.864
219.066
218.175
217.213
216.198
215.145
214.069
212.983
211.901
210.838
209.81
208.827
207.898
207.032
206.231
205.498
204.831
204.227
203.683
203.193
202.753
202.355
201.989
201.642
201.302
200.957
200.604
200.245
199.883
199.524
199.172
198.831
198.505
198.201
197.922
197.655
197.37
197.038
196.638
196.156
195.574
194.878
194.046
193.066
191.948
190.676
189.23
187.403
184.532
180.722
177.234
175.162
174.662
173.851
171.027
167.97
166.549
165.168
161.849
156.658
151.256
146.154
140.971
135.669
129.865
123.474
116.561
109.256
101.346
92.6124
83.1456
73.5159
64.9842
59.4151
58.3529
62.1703
70.3085
81.27
93.1753
104.637
114.635
122.816
129.19
134.22
138.252
141.05
142.073
141.466
139.876
137.778
135.395
132.831
130.166
127.477
124.812
122.189
119.598
117.029
292.469
291.569
290.648
289.714
288.774
287.825
286.864
285.889
284.904
283.911
282.911
281.908
280.907
279.91
278.92
277.935
276.949
275.952
274.931
273.869
272.75
271.559
270.282
268.908
267.426
265.825
264.093
262.219
260.193
257.989
255.568
252.912
250.063
247.137
244.264
241.529
238.952
236.515
234.19
231.954
229.792
227.698
225.671
223.712
221.829
220.044
218.38
216.857
215.482
214.246
213.145
212.204
211.468
210.989
210.785
210.813
211.021
211.397
211.936
212.605
213.358
214.155
214.971
215.787
216.587
217.356
218.082
218.756
219.371
219.923
220.41
220.828
221.177
221.452
221.648
221.753
221.758
221.655
221.439
221.108
220.665
220.117
219.47
218.731
217.913
217.029
216.098
215.132
214.141
213.138
212.134
211.144
210.18
209.253
208.37
207.54
206.765
206.047
205.385
204.775
204.213
203.697
203.223
202.785
202.373
201.975
201.578
201.172
200.753
200.326
199.896
199.467
199.047
198.643
198.267
197.935
197.655
197.41
197.161
196.865
196.494
196.028
195.451
194.751
193.906
192.91
191.771
190.472
188.958
186.914
183.605
179.211
175.17
172.688
172.239
171.966
169.759
167.136
166.371
165.952
163.307
158.494
153.432
148.367
143.258
138.155
132.645
126.589
120.004
113.114
105.879
98.1573
89.9901
81.7686
74.3444
69.0959
67.3994
69.833
76.3437
85.8453
96.7232
107.559
117.294
125.494
132.101
137.285
141.05
143.122
143.467
142.526
140.805
138.623
136.149
133.492
130.748
127.995
125.278
122.609
119.979
117.38
292.738
291.812
290.881
289.94
288.984
288.016
287.038
286.05
285.051
284.043
283.028
282.01
280.988
279.962
278.933
277.896
276.847
275.778
274.68
273.541
272.351
271.1
269.778
268.376
266.886
265.3
263.608
261.803
259.877
257.817
255.615
253.27
250.808
248.284
245.761
243.29
240.896
238.588
236.36
234.21
232.132
230.124
228.187
226.325
224.547
222.864
221.291
219.84
218.512
217.312
216.254
215.356
214.635
214.116
213.814
213.711
213.778
213.99
214.326
214.763
215.275
215.834
216.419
217.013
217.6
218.169
218.71
219.218
219.689
220.115
220.489
220.807
221.067
221.262
221.386
221.429
221.384
221.244
221.006
220.67
220.238
219.716
219.112
218.432
217.683
216.876
216.025
215.14
214.23
213.305
212.375
211.453
210.55
209.676
208.838
208.042
207.292
206.59
205.934
205.321
204.745
204.204
203.696
203.216
202.755
202.301
201.843
201.373
200.888
200.392
199.889
199.382
198.878
198.394
197.953
197.589
197.319
197.119
196.931
196.695
196.368
195.924
195.353
194.649
193.796
192.797
191.657
190.356
188.812
186.629
183.064
178.369
173.985
171.121
170.64
170.753
169.043
166.746
166.492
166.942
164.994
160.534
155.89
150.852
145.807
140.771
135.464
129.71
123.444
116.871
110.093
103.112
96.0187
89.1392
83.1127
78.91
77.5176
79.4815
84.7391
92.7148
102.248
112.082
121.207
129.055
135.39
140.14
143.205
144.575
144.503
143.393
141.595
139.342
136.787
134.052
131.244
128.44
125.68
122.975
120.318
117.7
293.212
292.254
291.276
290.288
289.294
288.294
287.284
286.264
285.235
284.196
283.147
282.087
281.02
279.943
278.857
277.758
276.643
275.506
274.343
273.145
271.906
270.618
269.275
267.87
266.397
264.848
263.218
261.501
259.693
257.792
255.796
253.711
251.553
249.347
247.124
244.914
242.737
240.605
238.525
236.502
234.54
232.642
230.811
229.051
227.371
225.78
224.288
222.902
221.626
220.467
219.431
218.527
217.777
217.199
216.793
216.546
216.441
216.463
216.595
216.82
217.115
217.459
217.829
218.208
218.586
218.958
219.324
219.675
220.005
220.303
220.565
220.786
220.961
221.082
221.14
221.129
221.041
220.872
220.619
220.281
219.863
219.371
218.81
218.185
217.5
216.763
215.986
215.176
214.34
213.486
212.625
211.766
210.919
210.094
209.297
208.533
207.807
207.12
206.472
205.857
205.271
204.71
204.171
203.649
203.137
202.626
202.105
201.569
201.015
200.444
199.857
199.256
198.649
198.055
197.523
197.116
196.872
196.755
196.671
196.53
196.266
195.853
195.289
194.579
193.721
192.727
191.597
190.318
188.791
186.588
183.039
178.414
173.971
170.836
170.295
170.599
169.22
167.053
167.009
168.046
166.57
162.697
158.459
153.534
148.558
143.447
138.196
132.609
126.621
120.336
113.893
107.428
101.113
95.2657
90.4104
87.2448
86.4449
88.4186
93.0322
99.9276
108.258
117.001
125.254
132.393
138.079
142.168
144.588
145.554
145.288
144.098
142.244
139.926
137.3
134.503
131.647
128.805
126.012
123.281
120.608
117.981
293.724
292.718
291.703
290.679
289.649
288.612
287.568
286.515
285.452
284.381
283.302
282.214
281.114
280.003
278.877
277.737
276.577
275.395
274.187
272.948
271.673
270.359
268.999
267.591
266.129
264.611
263.035
261.398
259.701
257.943
256.128
254.259
252.345
250.399
248.434
246.466
244.508
242.571
240.664
238.793
236.964
235.182
233.452
231.783
230.182
228.655
227.212
225.858
224.601
223.447
222.406
221.49
220.712
220.074
219.577
219.216
218.979
218.852
218.814
218.847
218.933
219.055
219.204
219.373
219.558
219.752
219.948
220.139
220.318
220.482
220.628
220.748
220.836
220.885
220.887
220.835
220.72
220.536
220.28
219.95
219.552
219.093
218.575
218.002
217.375
216.702
215.989
215.245
214.475
213.686
212.886
212.085
211.291
210.511
209.752
209.018
208.314
207.642
207.001
206.387
205.795
205.22
204.657
204.099
203.539
202.969
202.386
201.782
201.153
200.494
199.8
199.069
198.314
197.559
196.889
196.423
196.237
196.27
196.363
196.369
196.198
195.827
195.269
194.548
193.685
192.696
191.58
190.344
188.885
186.775
183.506
179.334
175.189
172.279
171.414
171.699
170.53
168.322
168.072
169.232
167.963
164.553
161.009
156.524
151.636
146.352
140.972
135.346
129.475
123.397
117.227
111.147
105.385
100.266
96.2339
93.8117
93.4569
95.481
99.7043
105.848
113.239
121.029
128.414
134.8
139.857
143.448
145.51
146.282
145.927
144.684
142.775
140.393
137.709
134.865
131.974
129.102
126.286
123.538
120.858
118.228
294.328
293.274
292.214
291.149
290.076
288.998
287.913
286.821
285.721
284.612
283.492
282.362
281.219
280.065
278.896
277.712
276.511
275.292
274.052
272.789
271.499
270.179
268.827
267.44
266.015
264.551
263.047
261.502
259.916
258.291
256.629
254.934
253.212
251.469
249.713
247.954
246.197
244.449
242.716
241.002
239.315
237.662
236.049
234.479
232.955
231.486
230.081
228.746
227.49
226.324
225.256
224.296
223.449
222.721
222.112
221.617
221.226
220.927
220.705
220.548
220.447
220.391
220.372
220.381
220.41
220.449
220.494
220.54
220.584
220.623
220.656
220.678
220.685
220.669
220.622
220.536
220.404
220.217
219.971
219.666
219.303
218.887
218.417
217.895
217.322
216.704
216.047
215.359
214.646
213.913
213.167
212.415
211.666
210.926
210.201
209.493
208.809
208.151
207.522
206.917
206.329
205.751
205.173
204.585
203.981
203.359
202.716
202.046
201.34
200.582
199.747
198.82
197.803
196.747
195.841
195.305
195.257
195.585
195.994
196.233
196.189
195.868
195.311
194.571
193.69
192.692
191.589
190.406
189.031
187.068
184.208
180.749
177.202
174.487
173.711
173.933
172.936
170.642
169.78
170.468
169.064
166.228
163.606
160.004
155.174
149.757
144.101
138.226
132.233
126.183
120.168
114.352
108.959
104.3
100.761
98.7492
98.5993
100.525
104.431
110.014
116.696
123.753
130.484
136.344
141.007
144.327
146.204
146.883
146.468
145.17
143.203
140.765
138.036
135.159
132.242
129.347
126.514
123.755
121.075
118.448
294.854
293.765
292.672
291.574
290.47
289.36
288.242
287.117
285.984
284.843
283.693
282.535
281.367
280.189
278.998
277.793
276.573
275.336
274.08
272.805
271.51
270.194
268.854
267.49
266.101
264.684
263.24
261.768
260.267
258.738
257.183
255.603
254.003
252.387
250.76
249.128
247.499
245.879
244.275
242.674
241.095
239.54
238.013
236.514
235.045
233.611
232.218
230.873
229.589
228.377
227.249
226.221
225.304
224.509
223.836
223.278
222.819
222.441
222.129
221.871
221.658
221.482
221.336
221.21
221.1
220.999
220.905
220.817
220.735
220.662
220.598
220.544
220.496
220.447
220.384
220.294
220.167
219.996
219.775
219.502
219.177
218.8
218.372
217.893
217.364
216.787
216.168
215.512
214.829
214.127
213.413
212.693
211.973
211.258
210.554
209.863
209.193
208.552
207.942
207.357
206.786
206.218
205.638
205.036
204.404
203.746
203.062
202.345
201.587
200.756
199.797
198.638
197.198
195.568
194.203
193.556
193.795
194.672
195.584
196.151
196.264
195.992
195.427
194.653
193.724
192.689
191.588
190.43
189.068
187.173
184.656
181.917
179.173
176.947
176.259
176.382
175.534
173.28
171.636
171.509
169.943
167.711
166.314
163.425
158.517
153.111
147.257
141.128
134.889
128.673
122.617
116.884
111.669
107.238
103.924
102.064
101.922
103.671
107.324
112.534
118.775
125.397
131.755
137.328
141.782
144.972
146.74
147.363
146.89
145.537
143.52
141.041
138.283
135.385
132.452
129.542
126.698
123.934
121.26
118.641
295.189
294.073
292.951
291.828
290.702
289.572
288.435
287.291
286.141
284.983
283.817
282.642
281.458
280.263
279.057
277.838
276.605
275.356
274.092
272.813
271.517
270.205
268.877
267.532
266.168
264.786
263.383
261.959
260.514
259.049
257.565
256.064
254.549
253.022
251.489
249.952
248.415
246.879
245.346
243.835
242.329
240.83
239.339
237.862
236.401
234.961
233.546
232.164
230.827
229.553
228.36
227.274
226.315
225.493
224.808
224.243
223.775
223.376
223.03
222.722
222.445
222.192
221.958
221.738
221.526
221.319
221.117
220.924
220.747
220.596
220.476
220.386
220.321
220.269
220.216
220.147
220.045
219.896
219.696
219.443
219.138
218.783
218.378
217.924
217.422
216.874
216.284
215.654
214.993
214.307
213.606
212.897
212.186
211.48
210.783
210.101
209.445
208.829
208.25
207.694
207.145
206.588
206.008
205.395
204.747
204.071
203.373
202.647
201.876
201.027
200.018
198.627
196.622
194.175
192.126
191.285
192.001
193.639
195.222
196.173
196.437
196.2
195.609
194.776
193.78
192.689
191.568
190.398
188.939
187.005
184.771
182.658
180.645
178.888
178.221
178.19
177.456
175.336
173.101
172.232
170.87
169.201
168.719
166.12
161.08
155.747
149.898
143.638
137.191
130.777
124.602
118.845
113.687
109.363
106.158
104.363
104.168
105.861
109.307
114.242
120.181
126.515
132.634
138.027
142.351
145.432
147.173
147.72
147.194
145.798
143.747
141.244
138.47
135.56
132.616
129.696
126.847
124.081
121.419
118.81
295.433
294.301
293.165
292.025
290.882
289.735
288.583
287.424
286.259
285.088
283.91
282.725
281.531
280.328
279.116
277.893
276.658
275.411
274.15
272.875
271.586
270.281
268.963
267.63
266.283
264.922
263.547
262.159
260.756
259.339
257.908
256.464
255.009
253.545
252.075
250.605
249.137
247.675
246.218
244.766
243.316
241.868
240.419
238.966
237.508
236.044
234.579
233.124
231.694
230.315
229.019
227.846
226.835
226.006
225.348
224.826
224.395
224.016
223.667
223.338
223.024
222.718
222.415
222.112
221.808
221.503
221.204
220.917
220.653
220.427
220.254
220.144
220.09
220.07
220.058
220.028
219.964
219.853
219.685
219.456
219.169
218.829
218.441
218.006
217.523
216.991
216.411
215.79
215.137
214.462
213.774
213.076
212.369
211.658
210.95
210.262
209.616
209.03
208.493
207.976
207.456
206.917
206.342
205.718
205.049
204.354
203.655
202.947
202.223
201.468
200.535
198.865
195.93
192.191
189.192
188.188
189.619
192.448
194.91
196.29
196.699
196.478
195.834
194.917
193.838
192.679
191.529
190.285
188.669
186.622
184.674
183.165
181.753
180.366
179.621
179.37
178.651
176.69
174.111
172.694
171.628
170.467
170.445
168.103
162.984
157.785
152.046
145.753
139.168
132.585
126.274
120.444
115.283
111.006
107.862
106.11
105.941
107.535
110.82
115.548
121.262
127.384
133.324
138.578
142.795
145.791
147.49
147.978
147.411
145.985
143.913
141.397
138.614
135.696
132.745
129.817
126.966
124.202
121.554
118.96
295.611
294.465
293.315
292.163
291.005
289.843
288.677
287.508
286.336
285.158
283.975
282.783
281.583
280.376
279.159
277.933
276.695
275.447
274.186
272.915
271.631
270.334
269.025
267.704
266.371
265.026
263.67
262.303
260.927
259.541
258.149
256.75
255.348
253.943
252.537
251.13
249.725
248.325
246.931
245.541
244.151
242.756
241.349
239.921
238.464
236.969
235.434
233.865
232.29
230.748
229.299
228.012
226.953
226.152
225.578
225.162
224.823
224.504
224.18
223.846
223.505
223.155
222.794
222.42
222.031
221.63
221.225
220.832
220.472
220.172
219.956
219.838
219.812
219.85
219.909
219.946
219.93
219.847
219.697
219.486
219.219
218.899
218.527
218.103
217.628
217.106
216.538
215.927
215.279
214.605
213.915
213.213
212.501
211.782
211.07
210.386
209.758
209.196
208.687
208.204
207.72
207.209
206.641
206.009
205.316
204.602
203.898
203.179
202.549
202.11
201.512
199.551
195.286
189.655
185.331
184.191
186.841
191.156
194.661
196.538
197.082
196.829
196.094
195.079
193.905
192.658
191.41
190.173
188.498
186.37
184.667
183.604
182.585
181.409
180.529
180.025
179.22
177.364
174.669
173.014
172.115
171.136
171.126
169.266
164.224
159.404
153.795
147.473
140.77
134.049
127.62
121.713
116.526
112.263
109.153
107.434
107.367
108.808
111.97
116.545
122.091
128.051
133.851
138.994
143.124
146.052
147.712
148.16
147.565
146.12
144.036
141.512
138.723
135.8
132.844
129.913
127.062
124.3
121.668
119.091
295.738
294.581
293.421
292.259
291.094
289.927
288.757
287.582
286.403
285.218
284.028
282.833
281.632
280.424
279.208
277.984
276.751
275.508
274.253
272.986
271.705
270.411
269.104
267.785
266.457
265.121
263.778
262.429
261.075
259.715
258.35
256.979
255.605
254.23
252.871
251.517
250.168
248.825
247.494
246.171
244.85
243.52
242.168
240.776
239.326
237.801
236.186
234.477
232.7
230.914
229.233
227.802
226.727
226.024
225.607
225.346
225.126
224.883
224.597
224.273
223.917
223.534
223.124
222.687
222.222
221.727
221.211
220.69
220.201
219.799
219.539
219.443
219.487
219.613
219.762
219.881
219.933
219.898
219.772
219.566
219.296
218.976
218.611
218.199
217.738
217.225
216.665
216.06
215.418
214.748
214.062
213.36
212.634
211.885
211.139
210.439
209.826
209.299
208.833
208.394
207.957
207.481
206.914
206.268
205.538
204.803
204.091
203.254
202.725
202.87
202.943
200.828
195.1
187.279
181.457
180.206
184.247
190.021
194.53
196.9
197.568
197.249
196.395
195.262
193.979
192.646
191.372
190.139
188.535
186.514
184.91
184.07
183.216
182.081
181.05
180.306
179.379
177.546
174.894
173.279
172.465
171.416
171.107
169.394
165.085
160.72
155.28
148.881
142.044
135.192
128.657
122.679
117.461
113.199
110.106
108.401
108.285
109.728
112.81
117.275
122.697
128.537
134.233
139.291
143.357
146.237
147.867
148.288
147.675
146.219
144.127
141.598
138.804
135.879
132.92
129.988
127.137
124.381
121.762
119.206
295.815
294.653
293.487
292.319
291.148
289.973
288.793
287.612
286.429
285.242
284.05
282.853
281.65
280.441
279.225
278
276.766
275.522
274.267
273.001
271.722
270.432
269.132
267.823
266.506
265.184
263.856
262.525
261.19
259.854
258.516
257.18
255.846
254.514
253.167
251.839
250.531
249.238
247.962
246.699
245.443
244.181
242.893
241.553
240.128
238.586
236.891
235.022
232.99
230.85
228.807
227.165
226.117
225.635
225.5
225.471
225.397
225.229
224.971
224.649
224.279
223.87
223.424
222.937
222.4
221.811
221.174
220.511
219.872
219.34
219.008
218.931
219.083
219.361
219.651
219.871
219.98
219.971
219.858
219.661
219.397
219.079
218.714
218.304
217.85
217.347
216.797
216.196
215.546
214.865
214.172
213.471
212.744
211.978
211.199
210.465
209.835
209.322
208.903
208.541
208.193
207.758
207.176
206.495
205.729
205.006
204.222
203.119
202.638
203.581
204.452
202.316
195.401
186.248
179.653
178.329
182.956
189.534
194.652
197.365
198.096
197.686
196.706
195.449
194.049
192.625
191.333
190.156
188.701
186.819
185.283
184.481
183.646
182.471
181.326
180.4
179.37
177.504
174.947
173.495
172.729
171.48
170.754
169.07
165.499
161.771
156.589
150.044
143.054
136.073
129.441
123.398
118.147
113.88
110.794
109.094
108.951
110.381
113.407
117.793
123.127
128.881
134.502
139.5
143.52
146.366
147.974
148.378
147.753
146.289
144.192
141.66
138.864
135.937
132.976
130.045
127.195
124.447
121.839
119.305
295.871
294.704
293.534
292.36
291.186
290.009
288.83
287.649
286.462
285.272
284.076
282.877
281.672
280.461
279.243
278.018
276.784
275.54
274.287
273.023
271.748
270.463
269.167
267.863
266.554
265.24
263.923
262.603
261.28
259.953
258.625
257.298
255.979
254.662
253.36
252.067
250.793
249.543
248.319
247.12
245.94
244.764
243.572
242.322
240.965
239.431
237.647
235.575
233.202
230.589
228.074
226.164
225.159
224.997
225.27
225.575
225.703
225.624
225.385
225.045
224.645
224.203
223.721
223.19
222.59
221.906
221.136
220.301
219.481
218.807
218.411
218.353
218.602
219.046
219.507
219.86
220.063
220.091
219.981
219.762
219.477
219.154
218.8
218.414
217.98
217.491
216.946
216.34
215.678
214.985
214.286
213.578
212.832
212.029
211.208
210.45
209.816
209.318
208.932
208.646
208.413
208.015
207.405
206.649
205.86
205.28
204.295
202.745
202.436
203.982
205.419
203.197
195.796
186.244
179.474
178.225
182.934
189.738
195.028
197.846
198.546
198.037
196.946
195.585
194.093
192.603
191.326
190.225
188.868
187.066
185.52
184.701
183.87
182.666
181.474
180.416
179.305
177.391
174.909
173.633
172.929
171.468
170.444
168.657
165.694
162.591
157.731
151.015
143.849
136.742
130.021
123.919
118.638
114.361
111.277
109.578
109.42
110.836
113.823
118.154
123.426
129.12
134.688
139.644
143.632
146.454
148.047
148.439
147.806
146.337
144.237
141.703
138.905
135.979
133.018
130.089
127.239
124.5
121.9
119.388
295.909
294.737
293.561
292.383
291.202
290.018
288.831
287.641
286.45
285.255
284.071
282.875
281.671
280.462
279.245
278.02
276.785
275.54
274.283
273.016
271.739
270.454
269.161
267.862
266.56
265.256
263.952
262.647
261.342
260.037
258.73
257.427
256.117
254.818
253.53
252.259
251.011
249.796
248.616
247.473
246.363
245.276
244.19
243.058
241.82
240.355
238.512
236.182
233.263
229.938
226.916
224.826
223.98
224.191
224.909
225.595
225.963
225.992
225.774
225.413
224.981
224.513
224.009
223.453
222.813
222.055
221.15
220.114
219.062
218.203
217.745
217.777
218.181
218.807
219.423
219.876
220.124
220.192
220.095
219.883
219.594
219.257
218.894
218.499
218.066
217.587
217.053
216.447
215.773
215.067
214.37
213.674
212.926
212.089
211.21
210.405
209.754
209.273
208.933
208.744
208.597
208.194
207.548
206.676
205.914
205.559
204.387
202.122
201.868
204.039
205.325
203.068
196.234
186.91
180.173
178.972
183.563
190.288
195.474
198.22
198.845
198.259
197.093
195.658
194.097
192.59
191.362
190.312
188.982
187.202
185.635
184.775
183.953
182.751
181.559
180.466
179.226
177.246
174.82
173.712
173.107
171.459
170.214
168.456
165.806
163.201
158.643
151.817
144.471
137.244
130.442
124.288
118.978
114.69
111.606
109.905
109.737
111.142
114.103
118.396
123.626
129.279
134.812
139.739
143.705
146.512
148.094
148.478
147.839
146.367
144.265
141.731
138.933
136.008
133.049
130.121
127.272
124.541
121.945
119.448
295.931
294.756
293.577
292.395
291.21
290.024
288.839
287.653
286.467
285.282
284.083
282.885
281.681
280.472
279.255
278.029
276.794
275.549
274.297
273.033
271.756
270.473
269.182
267.888
266.59
265.291
263.99
262.69
261.388
260.082
258.782
257.479
256.181
254.893
253.619
252.367
251.145
249.965
248.832
247.751
246.717
245.728
244.767
243.789
242.743
241.455
239.734
237.193
233.35
228.819
225.129
223.095
222.776
223.578
224.737
225.694
226.224
226.322
226.102
225.71
225.248
224.759
224.246
223.68
223.021
222.216
221.209
220
218.738
217.684
217.119
217.184
217.79
218.597
219.352
219.92
220.24
220.312
220.189
219.95
219.649
219.319
218.976
218.604
218.175
217.689
217.147
216.529
215.839
215.116
214.406
213.707
212.962
212.124
211.235
210.404
209.712
209.187
208.861
208.815
208.751
208.302
207.634
206.63
205.883
205.726
204.541
202.197
201.794
203.693
204.687
202.744
196.707
187.772
181.249
180.049
184.397
190.805
195.821
198.442
198.99
198.359
197.158
195.692
194.12
192.628
191.442
190.4
189.055
187.266
185.661
184.77
183.966
182.786
181.613
180.486
179.122
177.068
174.66
173.753
173.269
171.462
170.061
168.421
165.919
163.526
159.226
152.416
144.94
137.615
130.744
124.541
119.204
114.905
111.818
110.116
109.939
111.337
114.28
118.55
123.752
129.379
134.888
139.797
143.749
146.546
148.12
148.5
147.858
146.384
144.281
141.748
138.951
136.027
133.068
130.142
127.294
124.567
121.973
119.486
295.949
294.77
293.584
292.395
291.204
290.013
288.823
287.634
286.446
285.259
284.068
282.874
281.677
280.471
279.257
278.033
276.799
275.552
274.293
273.023
271.743
270.454
269.16
267.863
266.567
265.273
263.982
262.695
261.409
260.129
258.847
257.563
256.28
254.999
253.727
252.476
251.26
250.092
248.984
247.949
246.98
246.094
245.256
244.457
243.65
242.603
241.251
238.79
233.987
227.781
222.981
220.818
221.275
223.01
224.745
225.975
226.574
226.623
226.332
225.879
225.372
224.861
224.352
223.813
223.184
222.381
221.329
220.052
218.725
217.625
217.019
217.061
217.679
218.516
219.308
219.905
220.248
220.337
220.228
219.991
219.684
219.342
218.983
218.6
218.18
217.713
217.178
216.561
215.867
215.137
214.417
213.71
212.964
212.131
211.252
210.426
209.718
209.161
208.788
208.777
208.805
208.335
207.591
206.61
205.846
205.566
204.461
202.431
202.283
203.78
204.262
202.493
197.15
188.578
182.15
180.907
185.061
191.178
196.019
198.543
199.044
198.395
197.179
195.701
194.129
192.655
191.48
190.425
189.088
187.315
185.685
184.774
183.97
182.791
181.664
180.534
179.016
176.917
174.571
173.846
173.407
171.472
169.975
168.436
166.027
163.628
159.442
152.696
145.212
137.862
130.948
124.706
119.345
115.035
111.944
110.24
110.059
111.452
114.383
118.637
123.824
129.434
134.93
139.829
143.772
146.562
148.132
148.51
147.865
146.391
144.288
141.755
138.959
136.038
133.08
130.154
127.305
124.577
121.984
119.505
295.958
294.776
293.588
292.396
291.202
290.01
288.82
287.631
286.444
285.257
284.067
282.873
281.673
280.467
279.252
278.029
276.796
275.553
274.299
273.034
271.758
270.473
269.182
267.886
266.591
265.297
264.005
262.714
261.425
260.138
258.85
257.564
256.282
255.007
253.744
252.504
251.304
250.154
249.07
248.059
247.121
246.273
245.473
244.746
243.985
243.039
241.842
239.344
234.701
228.665
223.576
221.032
221.188
222.773
224.552
225.837
226.487
226.582
226.319
225.874
225.365
224.838
224.304
223.739
223.09
222.291
221.281
220.064
218.79
217.737
217.151
217.189
217.739
218.534
219.303
219.893
220.233
220.321
220.214
219.983
219.685
219.349
218.996
218.615
218.188
217.711
217.17
216.552
215.864
215.139
214.418
213.705
212.954
212.126
211.257
210.438
209.735
209.175
208.833
208.807
208.746
208.294
207.586
206.628
205.891
205.575
204.459
202.538
202.433
203.878
204.134
202.357
197.317
189.006
182.676
181.364
185.362
191.343
196.082
198.569
199.039
198.388
197.176
195.698
194.134
192.667
191.505
190.439
189.069
187.297
185.694
184.788
183.973
182.793
181.697
180.577
179.021
176.895
174.586
173.965
173.457
171.479
169.962
168.446
166.053
163.583
159.355
152.64
145.228
137.945
131.032
124.777
119.407
115.093
112
110.295
110.112
111.501
114.426
118.673
123.852
129.455
134.945
139.839
143.778
146.565
148.132
148.51
147.865
146.391
144.289
141.757
138.961
136.038
133.08
130.154
127.305
124.578
121.987
119.509
108.717
107.676
106.146
104.24
102.046
99.6226
97.007
94.2213
91.2749
88.1611
84.8542
81.3183
77.5259
73.4627
69.1282
64.5194
59.6257
54.4116
48.8453
42.8711
36.4661
29.5479
22.1382
13.9984
5.20325
108.685
107.589
106.041
104.13
101.936
99.5141
96.9005
94.1168
91.1717
88.0581
84.75
81.2118
77.4162
73.3496
69.0126
64.4023
59.5071
54.2909
48.7217
42.7443
36.3392
29.4251
22.0155
13.8856
5.09787
108.594
107.453
105.902
103.995
101.809
99.3968
96.7919
94.013
91.0706
87.9588
84.6516
81.1135
77.3186
73.2545
68.921
64.3135
59.4197
54.2032
48.6328
42.6543
36.2508
29.3411
21.9346
13.8114
5.04294
108.517
107.346
105.794
103.887
101.701
99.2909
96.6872
93.9088
90.9669
87.8568
84.5511
81.0133
77.2179
73.1536
68.8202
64.2133
59.3188
54.0998
48.5258
42.5427
36.1388
29.2326
21.8285
13.7144
4.9715
108.446
107.24
105.677
103.771
101.588
99.1805
96.5785
93.7996
90.8576
87.7496
84.4466
80.9103
77.1164
73.0553
68.7275
64.1258
59.2349
54.0166
48.4405
42.4557
36.0519
29.1486
21.7474
13.6424
4.92236
108.359
107.121
105.548
103.648
101.474
99.0748
96.4762
93.696
90.7517
87.644
84.3433
80.8089
77.0165
72.958
68.6333
64.0348
59.1458
53.9268
48.3473
42.3564
35.9526
29.0535
21.6547
13.5612
4.86828
108.243
106.987
105.408
103.517
101.356
98.9679
96.3755
93.5956
90.6488
87.54
84.2404
80.7072
76.916
72.8602
68.5406
63.9483
59.0646
53.8478
48.2678
42.2845
35.8816
28.9755
21.5803
13.4971
4.82743
108.107
106.834
105.255
103.378
101.233
98.8602
96.2786
93.5032
90.5555
87.4443
84.1438
80.6105
76.8201
72.767
68.4518
63.8643
58.9838
53.7673
48.186
42.1943
35.7953
28.8941
21.4998
13.4293
4.78572
107.972
106.681
105.102
103.238
101.112
98.7551
96.1861
93.4179
90.471
87.357
84.0536
80.5192
76.7291
72.6778
68.366
63.7826
58.9061
53.692
48.1105
42.1253
35.7202
28.8219
21.4345
13.3722
4.75144
107.858
106.547
104.963
103.107
100.996
98.6541
96.098
93.3389
90.3947
87.278
83.9709
80.4345
76.6442
72.5941
68.2847
63.7046
58.831
53.6187
48.0373
42.0506
35.6464
28.7514
21.3668
13.3159
4.71837
107.773
106.441
104.847
102.994
100.893
98.5622
96.0172
93.2672
90.3267
87.2072
83.8952
80.356
76.5651
72.5157
68.2076
63.6293
58.758
53.5478
47.9677
41.9813
35.5782
28.6865
21.3057
13.2657
4.6894
107.716
106.361
104.755
102.9
100.803
98.4808
95.9448
93.203
90.2661
87.1436
83.8261
80.2835
76.4918
72.4425
68.1349
63.5574
58.6878
53.4799
47.9016
41.9152
35.5138
28.6253
21.2478
13.2185
4.66228
107.687
106.308
104.686
102.825
100.73
98.4117
95.882
93.1468
90.2128
87.0871
83.7635
80.2171
76.4243
72.3749
68.0671
63.4896
58.6207
53.4147
47.8384
41.8529
35.4533
28.568
21.194
13.175
4.63775
107.685
106.28
104.64
102.77
100.672
98.3558
95.8297
93.0985
90.1661
87.0368
83.7073
80.1568
76.3627
72.3131
68.0049
63.4265
58.5574
53.3526
47.7782
41.7941
35.3965
28.5145
21.144
13.135
4.61535
107.708
106.273
104.615
102.733
100.63
98.313
95.7878
93.0582
90.1258
86.9928
83.6575
80.103
76.3074
72.2573
67.9485
63.3688
58.4985
53.2938
47.7209
41.7386
35.3433
28.4645
21.0977
13.0981
4.59512
107.755
106.288
104.609
102.713
100.603
98.2827
95.7562
93.0258
90.0918
86.9548
83.614
80.0556
76.2582
72.2074
67.8977
63.3166
58.4443
53.2388
47.6668
41.6862
35.2936
28.4182
21.0551
13.0645
4.57703
107.825
106.323
104.621
102.709
100.589
98.2636
95.7336
93.0005
90.0639
86.9228
83.5769
80.0147
76.2154
72.1632
67.8523
63.2694
58.395
53.1878
47.616
41.6373
35.2475
28.3754
21.0161
13.0338
4.56101
107.916
106.377
104.65
102.72
100.588
98.2547
95.7194
92.9819
90.0418
86.8967
83.5461
79.9802
76.1786
72.1247
67.812
63.2272
58.3502
53.1409
47.5687
41.5918
35.2051
28.3364
20.9807
13.0061
4.54737
108.028
106.451
104.696
102.746
100.599
98.256
95.7132
92.97
90.0254
86.8762
83.5213
79.952
76.1481
72.0917
67.7767
63.1895
58.3098
53.098
47.5253
41.5502
35.1665
28.3011
20.949
12.9832
4.53557
108.159
106.544
104.76
102.787
100.624
98.2677
95.7155
92.9651
90.0151
86.8615
83.5026
79.9302
76.1238
72.0644
67.7463
63.1564
58.2738
53.0593
47.4859
41.5126
35.1321
28.2695
20.9209
12.9614
4.52576
108.309
106.656
104.84
102.844
100.661
98.29
95.7265
92.9676
90.0112
86.8528
83.4901
79.9145
76.1053
72.0426
67.7212
63.128
58.2421
53.025
47.4509
41.4794
35.1017
28.2418
20.8964
12.9424
4.5179
108.475
106.786
104.938
102.915
100.711
98.3231
95.7467
92.9781
90.0142
86.8504
83.4837
79.9048
76.0924
72.0262
67.7011
63.1045
58.215
52.995
47.4204
41.4506
35.0756
28.2179
20.8754
12.9261
4.51199
108.657
106.931
105.05
103
100.773
98.3668
95.7761
92.9965
90.0243
86.8545
83.4835
79.9008
76.0846
72.0145
67.6859
63.0857
58.1925
52.9697
47.3946
41.4265
35.0525
28.1977
20.8579
12.9127
4.50795
108.855
107.091
105.176
103.098
100.847
98.4206
95.8144
93.0229
90.0415
86.8651
83.4893
79.9026
76.0812
72.0072
67.6752
63.0717
58.1748
52.9491
47.3735
41.407
35.0349
28.1814
20.8439
12.9019
4.50569
109.066
107.266
105.316
103.207
100.932
98.4844
95.8616
93.0572
90.0658
86.882
83.5005
79.9082
76.0816
72.0036
67.6686
63.0622
58.1617
52.9333
47.3574
41.3922
35.0217
28.169
20.8335
12.8939
4.50509
109.292
107.453
105.468
103.329
101.027
98.5577
95.9173
93.099
90.0967
86.9048
83.5167
79.9177
76.0854
72.0034
67.6661
63.057
58.1533
52.9224
47.3461
41.3821
35.0127
28.1604
20.8267
12.8886
4.50597
109.532
107.654
105.632
103.461
101.132
98.6402
95.9813
93.1482
90.1342
86.9332
83.5373
79.9309
76.0923
72.0067
67.6674
63.0562
58.1496
52.9164
47.3397
41.3766
35.008
28.1559
20.8235
12.8862
4.50813
109.81
107.888
105.824
103.617
101.258
98.7407
96.0604
93.2099
90.1821
86.9699
83.5644
79.949
76.1034
72.014
67.6731
63.06
58.1505
52.9152
47.3381
41.3756
35.0076
28.1553
20.824
12.8867
4.51172
110.131
108.159
106.05
103.802
101.408
98.8619
96.1572
93.2866
90.2424
87.0168
83.5995
79.9735
76.1204
72.0275
67.6851
63.0702
58.1581
52.9209
47.3433
41.3811
35.0131
28.1604
20.8299
12.8914
4.51698
110.468
108.444
106.288
103.998
101.57
98.9935
96.2634
93.3717
90.3102
87.0699
83.6397
80.0029
76.1427
72.0469
67.7033
63.0865
58.172
52.9333
47.3553
41.3929
35.0247
28.1715
20.8412
12.9002
4.52342
110.82
108.743
106.538
104.206
101.741
99.1342
96.378
93.4644
90.3847
87.1288
83.6852
80.0377
76.1712
72.0728
67.7278
63.1089
58.1923
52.9523
47.3738
41.4109
35.0422
28.1883
20.8579
12.9133
4.53098
111.183
109.052
106.798
104.423
101.921
99.2828
96.4999
93.5639
90.4653
87.1933
83.7362
80.0787
76.2064
72.1056
67.7586
63.1373
58.2186
52.9777
47.3988
41.435
35.0657
28.211
20.8799
12.9305
4.5397
111.555
109.37
107.067
104.647
102.108
99.4384
96.6284
93.6695
90.5516
87.2635
83.7934
80.1264
76.2488
72.1454
67.7959
63.1716
58.2509
53.0092
47.4301
41.4652
35.095
28.2395
20.9072
12.9518
4.54965
111.934
109.696
107.342
104.879
102.302
99.6004
96.763
93.7809
90.6435
87.3396
83.857
80.1814
76.2987
72.1922
67.8395
63.212
58.2893
53.0469
47.4675
41.5014
35.1303
28.2738
20.9397
12.9773
4.56096
112.317
110.026
107.623
105.117
102.502
99.7682
96.9033
93.8977
90.7409
87.4216
83.9274
80.2437
76.3562
72.2457
67.8893
63.2583
58.3336
53.0905
47.5108
41.5435
35.1714
28.3137
20.9774
13.0068
4.57386
112.7
110.358
107.907
105.358
102.707
99.9412
97.0486
94.0197
90.8439
87.51
84.0048
80.3133
76.4203
72.3055
67.945
63.3106
58.384
53.14
47.5601
41.5913
35.2183
28.3592
21.0203
13.0405
4.58864
113.081
110.689
108.193
105.604
102.916
100.118
97.1983
94.1465
90.9526
87.6046
84.0888
80.3894
76.4907
72.3712
68.0064
63.3687
58.4402
53.1955
47.6153
41.6449
35.2709
28.4102
21.0683
13.0783
4.60564
113.455
111.017
108.478
105.85
103.128
100.298
97.3518
94.2781
91.0669
87.7053
84.1789
80.4716
76.567
72.4425
68.0734
63.4325
58.5024
53.2567
47.674
41.704
35.3292
28.4666
21.1215
13.1206
4.6252
113.818
111.338
108.76
106.097
103.34
100.481
97.5086
94.4141
91.1862
87.8113
84.2744
80.5591
76.6485
72.5192
68.1459
63.5018
58.5702
53.3236
47.7405
41.7687
35.3932
28.5285
21.1801
13.1673
4.64761
114.169
111.651
109.04
106.342
103.553
100.665
97.6682
94.5539
91.3099
87.9218
84.3744
80.6514
76.7352
72.6012
68.2238
63.5768
58.6435
53.396
47.8126
41.8391
35.4629
28.5959
21.2442
13.219
4.67315
114.505
111.958
109.316
106.586
103.766
100.849
97.83
94.6968
91.4369
88.0359
84.4785
80.7482
76.8267
72.6885
68.3073
63.6572
58.7223
53.4737
47.8901
41.9151
35.5384
28.6689
21.3139
13.2757
4.70208
114.83
112.26
109.591
106.829
103.977
101.035
97.9934
94.8419
91.5666
88.1532
84.5863
80.849
76.9228
72.7806
68.3961
63.743
58.8066
53.5567
47.973
41.9967
35.6197
28.7475
21.3893
13.3379
4.73475
115.133
112.548
109.854
107.06
104.179
101.212
98.1506
94.982
91.6926
88.268
84.6926
80.9492
77.0187
72.8731
68.4859
63.8303
58.8924
53.6412
48.0575
42.08
35.7032
28.8282
21.4672
13.4029
4.77009
115.407
112.81
110.092
107.268
104.36
101.372
98.2938
95.1101
91.8084
88.3744
84.7919
81.0431
77.1089
72.9602
68.5711
63.9136
58.9748
53.7226
48.1391
42.1604
35.784
28.9062
21.5426
13.4669
4.80616
115.655
113.051
110.307
107.454
104.523
101.517
98.4229
95.2259
91.9139
88.472
84.8835
81.1303
77.1928
73.0414
68.6508
63.9921
59.0529
53.7999
48.217
42.2373
35.8614
28.9806
21.6147
13.5287
4.84273
115.883
113.271
110.501
107.62
104.67
101.647
98.5388
95.3303
92.0098
88.5614
84.9678
81.2107
77.2705
73.1167
68.725
64.0655
59.1262
53.8728
48.2904
42.3107
35.9348
29.051
21.6828
13.5879
4.87947
116.094
113.475
110.674
107.768
104.801
101.764
98.6427
95.4243
92.0966
88.6429
85.0452
81.285
77.3423
73.1865
68.794
64.134
59.1952
53.9418
48.36
42.3807
36.0042
29.1172
21.7468
13.6443
4.91669
116.293
113.663
110.829
107.901
104.92
101.869
98.7355
95.5088
92.1754
88.7172
85.1159
81.353
77.4084
73.251
68.8579
64.1973
59.2583
54.0047
48.4232
42.4459
36.0693
29.1793
21.8065
13.6973
4.95366
116.484
113.836
110.966
108.021
105.026
101.962
98.8182
95.5848
92.2466
88.785
85.181
81.4162
77.4701
73.3111
68.9178
64.2573
59.3186
54.0651
48.4838
42.5078
36.1305
29.2373
21.8622
13.7473
4.99112
116.671
113.992
111.089
108.129
105.122
102.045
98.8922
95.6531
92.3106
88.846
85.2394
81.4728
77.5253
73.3657
68.9717
64.3106
59.3713
54.1181
48.5373
42.5645
36.187
29.291
21.9135
13.7934
5.02788
116.856
114.131
111.199
108.228
105.208
102.118
98.9589
95.7155
92.3697
88.9028
85.2944
81.5267
77.5783
73.4177
69.0234
64.3624
59.4229
54.1701
48.5896
42.6187
36.2405
29.3417
21.9617
13.8371
5.06497
117.038
114.252
111.3
108.318
105.283
102.182
99.0164
95.7694
92.4208
88.9523
85.3418
81.5719
77.6241
73.4633
69.0683
64.4072
59.4672
54.2155
48.6354
42.6674
36.2886
29.3874
22.0048
13.8762
5.10081
117.208
114.355
111.39
108.399
105.351
102.244
99.0715
95.821
92.4704
89.0001
85.3905
81.6191
77.6692
73.5079
69.1122
64.4515
59.5113
54.2602
48.6801
42.7145
36.3347
29.4312
22.046
13.9137
5.137
117.35
114.439
111.468
108.466
105.401
102.287
99.1147
95.8626
92.5105
89.0381
85.4278
81.6563
77.7066
73.5454
69.1488
64.4882
59.5476
54.2977
48.718
42.7554
36.3746
29.469
22.081
13.9454
5.1711
117.446
114.504
111.536
108.528
105.459
102.342
99.1635
95.9074
92.5554
89.0811
85.4695
81.6969
77.7453
73.5842
69.1868
64.5268
59.5857
54.3369
48.7567
42.7967
36.4145
29.5078
22.1169
13.9778
5.20731
117.505
114.553
111.582
108.565
105.491
102.373
99.1943
95.9377
92.5846
89.1111
85.4997
81.7266
77.7689
73.6092
69.2101
64.5512
59.6087
54.3631
48.7834
42.8249
36.442
29.5345
22.1422
14.0005
5.23698
117.549
114.604
111.632
108.609
105.535
102.415
99.2338
95.9755
92.6209
89.1461
85.5338
81.7598
77.8003
73.6411
69.2408
64.5828
59.6393
54.3948
48.8146
42.8583
36.4739
29.5662
22.171
14.0265
5.27339
)
;

boundaryField
{
    inlet
    {
        type            zeroGradient;
    }
    outlet
    {
        type            fixedValue;
        value           uniform 0;
    }
    upperWall
    {
        type            zeroGradient;
    }
    lowerWall
    {
        type            zeroGradient;
    }
    frontAndBack
    {
        type            empty;
    }
}


// ************************************************************************* //
