/*--------------------------------*- C++ -*----------------------------------*\
  =========                 |
  \\      /  F ield         | OpenFOAM: The Open Source CFD Toolbox
   \\    /   O peration     | Website:  https://openfoam.org
    \\  /    A nd           | Version:  9
     \\/     M anipulation  |
\*---------------------------------------------------------------------------*/
FoamFile
{
    format      ascii;
    class       volScalarField;
    location    "0.082";
    object      s_0;
}
// * * * * * * * * * * * * * * * * * * * * * * * * * * * * * * * * * * * * * //

dimensions      [0 0 0 0 0 0 0];

internalField   nonuniform List<scalar> 
12225
(
1
1
1
1
1
1
1
1
1
1
1
1
1
1
1
1
1
0.999987
1
1
1
1
1
1
1
1
1
1
1
1
1
1
1
1
1
0.999999
1
1
1
1
1
1
1
1
1
1
1
1
1
1
1
1
1
1
1
1
1
1
1
1
1
1
1
1
1
1
1
1
1
1
1
1
1
1
1
1
1
1
1
1
1
1
1
1
1
1
1
1
1
1
1
1
1
1
1
1
1
1
1
1
1
1
1
1
1
1
1
1
1
1
1
1
1
1
1
1
1
1
1
1
1
1
1
1
1
1
1
1
1
1
1
1
1
1
1
1
1
1
1
1
1
1
1
1
1
1
1
1
1
1
1
1
1
1
1
1
1
1
1
1
1
1
1
1
1
1
1
1
1
1
1
1
1
1
1
1
1
1
1
1
1
1
1
1
1
1
1
1
1
1
1
1
1
1
1
1
1
1
1
1
1
1
1
1
1
1
1
1
1
1
1
1
1
1
1
1
1
1
1
1
1
1
1
1
1
1
1
1
1
1
1
1
1
1
1
1
1
1
1
1
1
1
1
1
1
1
1
1
1
1
1
1
1
1
1
1
1
1
1
1
1
1
1
1
1
1
1
1
1
1
1
1
1
1
1
1
1
1
1
1
1
1
1
1
1
1
1
1
1
1
1
1
1
1
1
1
1
1
1
1
1
1
1
1
1
1
1
1
1
1
1
1
1
1
1
1
1
1
1
1
1
1
1
1
1
1
1
1
1
1
1
1
1
1
1
1
1
1
1
1
1
1
1
1
1
1
1
1
1
1
1
1
1
1
1
1
1
1
1
1
1
1
1
1
1
1
1
1
1
1
1
1
1
1
1
1
1
1
1
1
1
1
1
1
1
1
1
1
1
1
1
1
1
1
1
1
1
1
1
1
1
1
1
1
1
1
1
1
1
1
1
1
1
1
1
1
1
1
1
1
1
1
1
1
1
1
1
1
1
1
1
1
1
1
1
1
1
1
1
1
1
1
1
1
1
1
1
1
1
1
1
1
1
1
1
1
1
1
1
1
1
1
1
1
1
1
1
1
1
1
1
1
1
1
1
1
1
1
1
1
1
1
1
1
1
1
1
1
1
1
1
1
1
1
1
1
1
1
1
1
1
1
1
1
1
1
1
1
1
1
1
1
1
1
1
1
1
1
1
1
1
1
1
1
1
1
1
1
1
1
1
1
1
1
1
1
1
1
1
1
0.770816
0.752294
0.735685
0.728635
0.723622
0.719111
0.715417
0.711635
0.708561
0.70447
0.702006
0.701517
0.710087
0.752281
0.784523
0.798841
0.803714
0.8051
0.805465
0.805491
0.805203
0.804225
0.801837
0.795623
0.779979
0.75422
0.745073
0.743346
0.742693
0.742095
0.741977
0.742345
0.743625
0.745718
0.748021
0.750002
0.751607
0.753168
0.754873
0.756531
0.758088
0.759942
0.762099
0.764104
0.765904
0.76761
0.769039
0.769857
0.770113
0.770103
0.769494
0.767942
0.765425
0.762003
0.757893
0.752924
0.747994
0.743474
0.740336
0.738666
0.737926
0.737491
0.737457
0.737574
0.737956
0.73862
0.739325
0.74035
0.741572
0.742439
0.742996
0.743769
0.744626
0.745068
0.74514
0.745459
0.75032
0.766571
0.775255
0.789319
0.824439
0.864068
0.897717
0.917584
0.925182
0.927374
0.928086
0.928561
0.928843
0.929062
0.929348
0.929607
0.929915
0.930342
0.93083
0.931462
0.932276
0.933294
0.934599
0.93612
0.937815
0.939617
0.941524
0.943417
0.945122
0.946676
0.948083
0.949314
0.950401
0.951383
0.952295
0.953103
0.953813
0.95442
0.955104
0.955741
0.956052
0.956306
0.956423
0.956458
0.956333
0.956042
0.955751
0.955257
0.95461
0.953822
0.952813
0.951566
0.950054
0.948231
0.946115
0.943545
0.940646
0.937457
0.934319
0.930788
0.92691
0.922898
0.918911
0.914771
0.910105
0.904626
0.898439
0.890755
0.879618
0.865639
0.854701
0.849157
0.84746
0.847609
0.850203
0.856516
0.86157
0.865505
0.868797
0.871692
0.874219
0.876403
0.878278
0.879819
0.881065
0.882149
0.883114
0.883847
0.884309
0.884768
0.885718
0.88793
0.890984
0.894771
0.898753
0.90192
0.903709
0.904239
0.904196
0.903596
0.901339
0.895477
0.891582
0.891143
0.774161
0.769423
0.759743
0.747378
0.738187
0.73261
0.731941
0.731382
0.729356
0.724336
0.713968
0.697375
0.676495
0.663801
0.697
0.771226
0.79681
0.80492
0.80872
0.809291
0.807826
0.805488
0.802603
0.793769
0.773633
0.75354
0.748784
0.748491
0.749963
0.751851
0.753504
0.758587
0.767601
0.777122
0.784589
0.790228
0.795828
0.802994
0.810613
0.81717
0.823275
0.829548
0.835496
0.841088
0.846271
0.850105
0.85189
0.852512
0.852045
0.847406
0.839843
0.831025
0.818741
0.803851
0.787983
0.770947
0.756597
0.745469
0.738348
0.734925
0.733824
0.733598
0.732684
0.733033
0.734909
0.738153
0.742325
0.747455
0.751012
0.751518
0.750168
0.747967
0.747755
0.748263
0.749458
0.749736
0.750686
0.752704
0.754808
0.764643
0.810488
0.877983
0.91243
0.926354
0.932261
0.936239
0.939283
0.941245
0.942373
0.942934
0.94313
0.943078
0.942779
0.942401
0.942001
0.941759
0.941659
0.941959
0.942786
0.944364
0.947056
0.950992
0.956177
0.961211
0.965649
0.969779
0.973285
0.976061
0.977969
0.979275
0.980394
0.980976
0.98126
0.981344
0.981018
0.980374
0.980045
0.979651
0.979494
0.979432
0.979432
0.979539
0.979764
0.980068
0.98047
0.98095
0.9815
0.982093
0.982651
0.983119
0.983418
0.98356
0.983519
0.982991
0.982012
0.980508
0.978451
0.976114
0.973896
0.972052
0.970547
0.968774
0.966482
0.964197
0.962274
0.959557
0.953392
0.938382
0.920637
0.904802
0.892315
0.88179
0.870952
0.860531
0.853575
0.851098
0.851177
0.854198
0.862649
0.868983
0.873584
0.877671
0.881645
0.885543
0.88927
0.892564
0.89541
0.898262
0.901402
0.904702
0.907816
0.910067
0.910969
0.911053
0.910614
0.907646
0.896001
0.880131
0.871953
0.870314
0.753536
0.725209
0.705009
0.701324
0.703192
0.709222
0.724772
0.741134
0.751582
0.756565
0.757147
0.754034
0.744075
0.721625
0.670681
0.6729
0.720791
0.786877
0.807674
0.809847
0.807866
0.806299
0.805286
0.799903
0.782968
0.768274
0.766621
0.769443
0.775768
0.779012
0.780889
0.786324
0.79678
0.810463
0.824348
0.838207
0.85457
0.873078
0.890707
0.906446
0.920196
0.931836
0.941363
0.948925
0.953987
0.956684
0.957945
0.958301
0.956978
0.95177
0.94492
0.935513
0.921244
0.903364
0.880038
0.851923
0.822446
0.796778
0.779541
0.769562
0.76521
0.76304
0.759117
0.766914
0.788586
0.80769
0.823954
0.838463
0.841754
0.837655
0.827545
0.802869
0.775407
0.76203
0.756548
0.755006
0.754207
0.754006
0.75471
0.767025
0.845208
0.915153
0.936078
0.944091
0.949311
0.952543
0.954379
0.955413
0.955899
0.956038
0.955762
0.95539
0.954971
0.954761
0.954698
0.955089
0.955804
0.957372
0.95994
0.964106
0.969657
0.974848
0.978168
0.98006
0.980869
0.981056
0.980731
0.979361
0.978063
0.976698
0.973767
0.969895
0.966189
0.962674
0.960272
0.95862
0.957384
0.956701
0.956352
0.956233
0.956446
0.956804
0.957537
0.958459
0.95983
0.961566
0.963825
0.9668
0.970466
0.974729
0.978877
0.982121
0.98461
0.986546
0.987724
0.988208
0.988197
0.987369
0.985474
0.983013
0.980779
0.978843
0.977216
0.976138
0.975648
0.975527
0.975498
0.975349
0.974584
0.972497
0.968247
0.959201
0.937571
0.909329
0.885518
0.869256
0.858787
0.851588
0.847346
0.845833
0.845686
0.846218
0.849309
0.856563
0.863554
0.869984
0.875446
0.880202
0.885469
0.891893
0.898923
0.904856
0.908135
0.908905
0.908156
0.901661
0.882356
0.869337
0.864448
0.863779
0.640986
0.63882
0.642037
0.643802
0.643293
0.64098
0.638616
0.640073
0.64584
0.660235
0.68137
0.709542
0.721999
0.719345
0.709277
0.684475
0.679928
0.718666
0.79772
0.809459
0.806499
0.804644
0.804471
0.804486
0.798669
0.787753
0.785141
0.785471
0.788325
0.795334
0.805365
0.822582
0.85192
0.888853
0.918762
0.938389
0.955595
0.970742
0.979549
0.98412
0.988171
0.991195
0.992599
0.993571
0.994463
0.994878
0.995122
0.995207
0.995144
0.994561
0.993719
0.992316
0.989943
0.986198
0.980123
0.970487
0.955468
0.932137
0.895591
0.853733
0.831705
0.820991
0.81628
0.856685
0.898111
0.91479
0.918861
0.917116
0.911162
0.897346
0.886234
0.88017
0.862635
0.812304
0.777074
0.764834
0.759246
0.755721
0.755992
0.780984
0.887881
0.93803
0.949492
0.954702
0.957991
0.960088
0.961703
0.962804
0.963319
0.963531
0.963572
0.963485
0.963301
0.963256
0.963696
0.964501
0.966473
0.969485
0.97378
0.978821
0.981633
0.982879
0.983213
0.982378
0.980609
0.978772
0.97409
0.966537
0.956149
0.948728
0.944484
0.94176
0.940936
0.9408
0.94136
0.942518
0.943014
0.943733
0.944141
0.944484
0.944715
0.9448
0.944815
0.944732
0.944584
0.944375
0.944193
0.944071
0.944103
0.944916
0.947596
0.953006
0.9609
0.970674
0.979506
0.985123
0.988641
0.990273
0.990673
0.990251
0.988152
0.984938
0.981693
0.979163
0.977513
0.976789
0.97671
0.977136
0.979142
0.981028
0.98153
0.981368
0.980068
0.975603
0.962828
0.931374
0.898427
0.874707
0.859713
0.851172
0.847081
0.845693
0.845603
0.846277
0.849715
0.858059
0.865723
0.871752
0.876701
0.881784
0.887805
0.89428
0.899368
0.901365
0.900932
0.894948
0.877938
0.867701
0.864381
0.863595
0.641963
0.653718
0.668649
0.671
0.669009
0.663246
0.655693
0.643651
0.631111
0.627861
0.62922
0.634863
0.651019
0.678558
0.683948
0.674236
0.667074
0.715524
0.798255
0.807069
0.799343
0.795956
0.803347
0.805179
0.80197
0.795117
0.793827
0.797123
0.809263
0.830282
0.864889
0.91213
0.947563
0.966572
0.979345
0.987182
0.992864
0.995337
0.996552
0.997148
0.997479
0.997686
0.997841
0.997898
0.998014
0.998223
0.998406
0.998547
0.998696
0.998797
0.998848
0.998875
0.998712
0.998318
0.997511
0.995903
0.992765
0.98628
0.971991
0.938704
0.881751
0.856557
0.849976
0.888617
0.922731
0.934453
0.934533
0.927716
0.913416
0.88496
0.864101
0.866961
0.869975
0.863806
0.833043
0.789329
0.768457
0.758307
0.758786
0.802497
0.91608
0.949492
0.956217
0.960227
0.9634
0.966001
0.968273
0.969933
0.970712
0.971002
0.971046
0.970926
0.970807
0.970979
0.971582
0.972754
0.975144
0.978835
0.982914
0.984582
0.985062
0.984586
0.982567
0.979918
0.973367
0.96099
0.945567
0.939174
0.936816
0.93642
0.937705
0.940889
0.943443
0.94703
0.951099
0.952933
0.954651
0.95578
0.956332
0.956588
0.956645
0.956263
0.955702
0.954804
0.953609
0.952016
0.949979
0.947406
0.944285
0.940991
0.938435
0.936811
0.935958
0.936986
0.943146
0.956143
0.971503
0.982749
0.989004
0.991784
0.992631
0.992544
0.99096
0.986757
0.982225
0.978917
0.977077
0.976447
0.976446
0.977103
0.980242
0.983745
0.984997
0.984972
0.983804
0.979054
0.965045
0.936266
0.905894
0.881122
0.8659
0.858679
0.856768
0.856911
0.858693
0.864894
0.872034
0.87812
0.883265
0.887119
0.889753
0.89163
0.892915
0.893359
0.892932
0.888598
0.876131
0.869636
0.868797
0.868186
0.670067
0.684774
0.684778
0.681419
0.677112
0.673214
0.670268
0.664809
0.649262
0.632833
0.624581
0.624048
0.626788
0.633509
0.641308
0.651529
0.671348
0.752256
0.799183
0.795524
0.786287
0.794175
0.803821
0.805881
0.804328
0.802217
0.806885
0.823402
0.858363
0.913249
0.95004
0.973351
0.986449
0.992249
0.994997
0.996197
0.996659
0.996748
0.996624
0.996195
0.995698
0.995155
0.994826
0.994714
0.994883
0.995267
0.995999
0.99673
0.997448
0.998137
0.998692
0.999069
0.999293
0.999391
0.999414
0.999294
0.998834
0.997475
0.993662
0.982341
0.946576
0.893375
0.873134
0.889486
0.922707
0.936126
0.939118
0.929515
0.904158
0.858772
0.825551
0.823989
0.839575
0.853075
0.846901
0.825431
0.788317
0.763869
0.763762
0.828038
0.931817
0.9541
0.96048
0.965625
0.970012
0.973364
0.976052
0.977864
0.978664
0.978821
0.97865
0.978133
0.977828
0.977867
0.978405
0.979759
0.981912
0.98516
0.986679
0.986997
0.985971
0.983491
0.978647
0.968816
0.948095
0.938654
0.935659
0.935635
0.938886
0.94336
0.952743
0.959689
0.963077
0.964678
0.965051
0.964984
0.964746
0.96442
0.96404
0.963592
0.963128
0.962736
0.962341
0.96201
0.961776
0.961575
0.961328
0.960897
0.960133
0.958176
0.95378
0.94716
0.939339
0.93282
0.929568
0.928713
0.932287
0.947252
0.967889
0.982475
0.990087
0.993232
0.994048
0.993802
0.991507
0.985843
0.981112
0.978228
0.976976
0.976753
0.977027
0.978926
0.983721
0.986621
0.987329
0.987058
0.98505
0.97773
0.957237
0.934127
0.916498
0.905291
0.897283
0.891183
0.887715
0.887274
0.887503
0.887979
0.888581
0.889962
0.891576
0.892432
0.892639
0.892526
0.891412
0.885415
0.876706
0.87446
0.875363
0.875848
0.676508
0.692722
0.686932
0.67931
0.674406
0.669989
0.666713
0.658824
0.649024
0.63417
0.621716
0.617591
0.619638
0.627935
0.641634
0.661863
0.721407
0.77758
0.79063
0.780692
0.785265
0.795583
0.805513
0.808646
0.810414
0.817742
0.839805
0.890864
0.943886
0.969119
0.984651
0.991224
0.993741
0.994493
0.994658
0.994334
0.992523
0.990349
0.987602
0.984672
0.98224
0.980323
0.979391
0.979094
0.980108
0.981498
0.983818
0.986587
0.989453
0.992285
0.994706
0.996664
0.998156
0.999009
0.999402
0.999564
0.99961
0.999518
0.998956
0.996849
0.989338
0.963112
0.909499
0.886765
0.907533
0.933638
0.94112
0.936413
0.903733
0.851825
0.816998
0.808636
0.821086
0.844666
0.844536
0.828974
0.788128
0.764534
0.770935
0.86413
0.942795
0.958756
0.967197
0.973997
0.979024
0.982261
0.984487
0.985768
0.986095
0.985984
0.985554
0.984731
0.984013
0.98378
0.984068
0.985188
0.987108
0.988401
0.988741
0.987878
0.985216
0.979747
0.967097
0.944217
0.935449
0.93357
0.936063
0.941535
0.95376
0.962114
0.965484
0.966454
0.966586
0.965918
0.964138
0.962442
0.960496
0.958653
0.956933
0.955275
0.953789
0.952651
0.952052
0.951854
0.952586
0.954134
0.956287
0.95861
0.960563
0.961831
0.962272
0.961716
0.95975
0.95367
0.941999
0.930112
0.924067
0.922833
0.927488
0.948141
0.97221
0.986162
0.992607
0.994604
0.994666
0.993191
0.987655
0.982238
0.979049
0.97772
0.977521
0.977899
0.980353
0.985505
0.988642
0.989643
0.989581
0.98842
0.983417
0.96916
0.955071
0.94542
0.940045
0.937776
0.93615
0.93258
0.922076
0.909126
0.900943
0.897799
0.897358
0.897398
0.897233
0.896319
0.893214
0.884938
0.880559
0.880413
0.882993
0.885851
0.680011
0.698141
0.68764
0.679622
0.673912
0.667565
0.663012
0.655695
0.643145
0.628204
0.618074
0.617274
0.621921
0.634141
0.657933
0.711607
0.759876
0.776635
0.776228
0.779309
0.787415
0.799506
0.81039
0.816464
0.827376
0.855842
0.917314
0.95856
0.978874
0.987746
0.991299
0.992349
0.992546
0.99089
0.987154
0.981122
0.972457
0.963516
0.957351
0.951821
0.948343
0.946288
0.945331
0.945087
0.946485
0.948822
0.952861
0.958645
0.966067
0.974579
0.981162
0.987663
0.992678
0.9963
0.998097
0.999072
0.999543
0.999701
0.99973
0.999517
0.99828
0.992467
0.965101
0.909939
0.900553
0.920927
0.940184
0.943168
0.926722
0.861066
0.817094
0.804949
0.816444
0.838985
0.839489
0.822207
0.779556
0.76615
0.793498
0.912198
0.95507
0.968896
0.978244
0.984294
0.988033
0.990159
0.991457
0.991938
0.991894
0.991539
0.990944
0.990038
0.989112
0.988596
0.988594
0.989317
0.990307
0.990631
0.990025
0.987615
0.983037
0.971188
0.945546
0.934286
0.932025
0.934489
0.94278
0.958221
0.964067
0.965656
0.965744
0.964272
0.960431
0.954849
0.948985
0.943554
0.938238
0.93326
0.92857
0.923977
0.919556
0.915784
0.913322
0.912136
0.913252
0.917284
0.924336
0.932751
0.94167
0.950031
0.956455
0.960402
0.961923
0.96181
0.960165
0.954661
0.93965
0.924448
0.918649
0.918991
0.930931
0.960749
0.981428
0.991283
0.994531
0.994755
0.993237
0.987348
0.981963
0.979071
0.97808
0.978064
0.978937
0.983067
0.988188
0.991016
0.991929
0.991912
0.991088
0.987298
0.978055
0.970792
0.966635
0.964866
0.964209
0.963313
0.96093
0.952527
0.930131
0.915583
0.911225
0.910937
0.910708
0.90862
0.899657
0.88936
0.886925
0.887686
0.892431
0.903217
0.684716
0.705723
0.696232
0.68864
0.681023
0.672873
0.664087
0.65279
0.639684
0.627801
0.622135
0.624338
0.635653
0.662121
0.710742
0.748062
0.765537
0.772142
0.775072
0.781802
0.793588
0.807983
0.821989
0.838924
0.87715
0.933268
0.966275
0.981639
0.987605
0.989475
0.989949
0.987872
0.981819
0.970235
0.956028
0.946012
0.938855
0.935466
0.933093
0.93209
0.931747
0.931711
0.931861
0.931868
0.931762
0.931457
0.93112
0.931369
0.933106
0.938398
0.949711
0.964082
0.97752
0.987909
0.993728
0.996809
0.99857
0.999399
0.999733
0.999818
0.999757
0.999035
0.994542
0.969193
0.91365
0.910366
0.930342
0.943851
0.942844
0.914078
0.840264
0.810157
0.804948
0.812678
0.814222
0.79391
0.774238
0.780304
0.872574
0.948012
0.969384
0.980264
0.987069
0.990901
0.993098
0.994426
0.995299
0.99555
0.995457
0.995117
0.994577
0.9938
0.992904
0.992259
0.991994
0.992201
0.992485
0.992105
0.990408
0.98674
0.977519
0.957743
0.935717
0.930864
0.93128
0.939816
0.957264
0.9637
0.964921
0.964723
0.961236
0.953036
0.940518
0.929087
0.919856
0.912291
0.905771
0.899069
0.892221
0.88554
0.879557
0.874491
0.870472
0.867348
0.865047
0.863799
0.865326
0.873568
0.890017
0.911267
0.929713
0.944114
0.953566
0.958713
0.960492
0.960193
0.957809
0.949699
0.929624
0.916894
0.914943
0.921513
0.950884
0.977384
0.989984
0.994115
0.994384
0.992416
0.98592
0.981115
0.978916
0.978422
0.978684
0.980793
0.986642
0.991045
0.993332
0.994045
0.994029
0.993372
0.990363
0.985794
0.982871
0.981463
0.98108
0.980984
0.980619
0.97862
0.969397
0.949827
0.941385
0.940506
0.940266
0.936916
0.919792
0.903277
0.900758
0.903108
0.915698
0.946069
0.686682
0.718747
0.716617
0.707127
0.700012
0.694782
0.68679
0.674509
0.660196
0.652722
0.65082
0.662859
0.685659
0.718649
0.744739
0.759257
0.767325
0.772524
0.778013
0.789746
0.806446
0.826339
0.853338
0.896337
0.942411
0.969774
0.98168
0.985855
0.986948
0.986287
0.980369
0.966753
0.951147
0.940059
0.934669
0.931853
0.930771
0.9305
0.930604
0.931517
0.932064
0.932795
0.933135
0.933259
0.932906
0.931837
0.929887
0.927475
0.925025
0.923916
0.924342
0.929668
0.945084
0.967017
0.982885
0.991201
0.995761
0.998127
0.999261
0.999736
0.999875
0.999882
0.999488
0.995817
0.968364
0.917691
0.917588
0.937189
0.94652
0.941632
0.903969
0.837479
0.811585
0.804254
0.80103
0.793454
0.794534
0.859796
0.938356
0.968664
0.979425
0.985106
0.989041
0.991949
0.993897
0.995282
0.996355
0.996986
0.997111
0.997001
0.996711
0.996147
0.995443
0.994824
0.994396
0.994202
0.993975
0.992994
0.99045
0.985131
0.973346
0.9445
0.930333
0.928314
0.933009
0.951244
0.96195
0.964058
0.964039
0.960011
0.948309
0.927861
0.915856
0.909659
0.905961
0.901712
0.896393
0.890191
0.883334
0.876635
0.870925
0.866285
0.862581
0.859324
0.855883
0.851768
0.846807
0.841481
0.839217
0.846536
0.872513
0.905482
0.929491
0.944533
0.952875
0.956836
0.957831
0.956809
0.952112
0.935003
0.916378
0.912328
0.917036
0.945353
0.975367
0.989383
0.993731
0.993873
0.991173
0.984519
0.980649
0.979288
0.979233
0.98023
0.984868
0.99043
0.993789
0.995413
0.99588
0.99585
0.995327
0.993549
0.992011
0.991291
0.99116
0.991244
0.991269
0.990781
0.987198
0.977299
0.974073
0.974664
0.97536
0.973415
0.958572
0.935802
0.932433
0.936429
0.956604
0.977856
0.687198
0.732572
0.733459
0.72054
0.710202
0.706434
0.704888
0.703235
0.701157
0.7008
0.705313
0.714614
0.730166
0.744931
0.755827
0.763675
0.770605
0.777212
0.788813
0.808765
0.837185
0.872579
0.912971
0.948667
0.97045
0.980277
0.983584
0.984505
0.981774
0.97238
0.954195
0.941961
0.935617
0.932662
0.931718
0.931568
0.932199
0.933273
0.934165
0.935233
0.935736
0.936118
0.936574
0.937288
0.937903
0.938158
0.938155
0.935792
0.930014
0.923364
0.920513
0.919717
0.922579
0.933764
0.958787
0.979806
0.989729
0.995235
0.997961
0.999219
0.999743
0.999911
0.999936
0.999707
0.996549
0.968722
0.92182
0.922275
0.94183
0.94962
0.945419
0.919142
0.868992
0.842671
0.83294
0.843203
0.886426
0.938298
0.966359
0.97734
0.981976
0.984292
0.985946
0.988503
0.992124
0.994671
0.996237
0.997174
0.997663
0.997785
0.997709
0.997458
0.996955
0.996451
0.995978
0.995549
0.994988
0.993671
0.990599
0.98327
0.963577
0.934722
0.926428
0.926507
0.937331
0.957162
0.96291
0.963578
0.960757
0.948931
0.925187
0.914538
0.910103
0.908351
0.906762
0.903988
0.899998
0.894378
0.887656
0.880656
0.874729
0.870394
0.867519
0.865232
0.862534
0.858701
0.85262
0.842841
0.832665
0.826613
0.826043
0.839954
0.881429
0.917424
0.937439
0.947189
0.951714
0.953552
0.95348
0.950342
0.936413
0.915496
0.910395
0.915101
0.944767
0.975798
0.989677
0.993561
0.993437
0.989734
0.983746
0.980991
0.980411
0.980824
0.983812
0.989748
0.99374
0.996007
0.997039
0.997311
0.997284
0.996977
0.996467
0.99624
0.996219
0.996355
0.996545
0.996444
0.995202
0.992165
0.991696
0.99244
0.992817
0.991215
0.979519
0.965726
0.964844
0.969678
0.984096
0.992819
0.679768
0.739173
0.74952
0.742738
0.727352
0.720887
0.71896
0.718838
0.723014
0.725169
0.730988
0.738616
0.747413
0.755054
0.763083
0.771122
0.779996
0.794334
0.821015
0.855872
0.891115
0.924526
0.952506
0.970127
0.978105
0.981027
0.982001
0.978321
0.964587
0.948461
0.938859
0.93419
0.93228
0.931686
0.931604
0.93197
0.932358
0.932509
0.932197
0.931428
0.931019
0.930882
0.931583
0.932916
0.935097
0.937832
0.939674
0.940483
0.940619
0.935851
0.92435
0.919321
0.918615
0.922396
0.932984
0.958715
0.979272
0.989865
0.995469
0.998142
0.999305
0.999777
0.999933
0.999953
0.999762
0.997066
0.972776
0.925424
0.92372
0.944467
0.953854
0.951467
0.938231
0.92313
0.915646
0.925922
0.947383
0.965342
0.974742
0.978804
0.98072
0.974827
0.968975
0.973676
0.984771
0.991763
0.995354
0.996976
0.997669
0.998
0.998075
0.998013
0.997781
0.99738
0.996943
0.996421
0.99568
0.994193
0.990953
0.982985
0.960621
0.931644
0.92396
0.92585
0.943507
0.959427
0.962656
0.962419
0.955669
0.933031
0.917461
0.912998
0.912262
0.914684
0.917277
0.916832
0.911315
0.903918
0.895883
0.887567
0.88032
0.875151
0.871772
0.869157
0.866744
0.864581
0.862275
0.859042
0.847822
0.831125
0.821282
0.818515
0.824092
0.861579
0.909037
0.934033
0.944126
0.947071
0.948041
0.948236
0.946149
0.93367
0.91317
0.908744
0.915248
0.948782
0.978306
0.990654
0.993607
0.99307
0.98849
0.98377
0.98219
0.982177
0.983654
0.988926
0.993512
0.99617
0.997547
0.998161
0.998351
0.99836
0.998336
0.998325
0.998356
0.998561
0.99878
0.998787
0.998491
0.997839
0.997817
0.998034
0.99794
0.99617
0.98815
0.983713
0.984263
0.989107
0.99536
0.998178
0.661479
0.741153
0.762962
0.765776
0.755265
0.744464
0.73947
0.737627
0.73756
0.740875
0.745426
0.75196
0.760048
0.767744
0.777478
0.789985
0.810566
0.842368
0.875325
0.905403
0.932773
0.954928
0.969361
0.97615
0.978553
0.979553
0.976318
0.961797
0.946378
0.937972
0.933872
0.932145
0.931514
0.931275
0.931111
0.930673
0.928958
0.92734
0.926338
0.925923
0.925836
0.926089
0.926192
0.926391
0.92696
0.928581
0.933036
0.938708
0.942016
0.943105
0.940002
0.925638
0.919545
0.920516
0.926087
0.93935
0.965418
0.982039
0.991508
0.996344
0.998559
0.999476
0.999832
0.999952
0.999969
0.999831
0.997829
0.978235
0.928382
0.922525
0.944282
0.957374
0.957242
0.953847
0.95208
0.956906
0.964858
0.971407
0.975664
0.977233
0.971099
0.947796
0.942117
0.950602
0.973455
0.986734
0.993357
0.996312
0.997503
0.997974
0.998153
0.998173
0.998106
0.997878
0.9975
0.996979
0.99623
0.994757
0.991413
0.981978
0.956272
0.926999
0.921887
0.924438
0.944349
0.959295
0.962043
0.959833
0.945873
0.926098
0.917047
0.91467
0.918589
0.926447
0.928677
0.922543
0.913757
0.904118
0.893822
0.882853
0.871849
0.863828
0.858688
0.854244
0.852479
0.854417
0.858443
0.860595
0.860756
0.855318
0.836161
0.820433
0.81546
0.818639
0.850088
0.902731
0.931266
0.94212
0.943868
0.943131
0.942339
0.939921
0.926924
0.909537
0.907355
0.918098
0.956309
0.982053
0.991952
0.993812
0.992727
0.987857
0.984757
0.984144
0.984668
0.988054
0.993048
0.996093
0.99774
0.998529
0.998882
0.999046
0.999117
0.999163
0.99926
0.999439
0.999575
0.999606
0.999565
0.999464
0.999471
0.999499
0.99938
0.998233
0.995175
0.994497
0.99519
0.997605
0.999101
0.999573
0.64579
0.732254
0.768308
0.784713
0.787765
0.785475
0.780331
0.773024
0.768751
0.768022
0.772949
0.778696
0.786958
0.79898
0.815691
0.838158
0.864192
0.892128
0.916472
0.938693
0.956423
0.968291
0.974382
0.976696
0.977532
0.974791
0.961877
0.947487
0.938593
0.93433
0.932419
0.931596
0.930974
0.930232
0.928931
0.927384
0.926639
0.926394
0.926436
0.927039
0.927501
0.927671
0.927
0.926249
0.925912
0.925884
0.926497
0.928909
0.937323
0.943545
0.945365
0.941185
0.927394
0.922753
0.925309
0.933953
0.954728
0.975952
0.988278
0.99468
0.997752
0.999116
0.999674
0.999892
0.99997
0.999982
0.999903
0.998608
0.98489
0.933833
0.919018
0.937629
0.956815
0.9602
0.9611
0.963386
0.967086
0.971443
0.974614
0.973847
0.966934
0.942679
0.923026
0.923647
0.944689
0.974512
0.9886
0.994531
0.996862
0.997757
0.998096
0.998179
0.998168
0.998073
0.997807
0.997349
0.996679
0.99533
0.992123
0.982539
0.956155
0.924756
0.91727
0.921119
0.942496
0.95835
0.960734
0.956856
0.944873
0.927209
0.918535
0.919014
0.927809
0.933532
0.931115
0.922419
0.905952
0.885548
0.864031
0.842846
0.822048
0.810981
0.814216
0.82236
0.834087
0.844614
0.854649
0.861079
0.865205
0.86675
0.864377
0.845326
0.822196
0.815007
0.818294
0.850375
0.901301
0.928894
0.938975
0.939931
0.937631
0.9357
0.932013
0.91719
0.905454
0.906196
0.925745
0.965316
0.986098
0.993242
0.994126
0.992419
0.988266
0.986673
0.986643
0.988041
0.992434
0.995821
0.997715
0.998688
0.999156
0.999384
0.999497
0.999567
0.999648
0.999747
0.99983
0.999868
0.99987
0.999866
0.999873
0.999878
0.999834
0.999437
0.998802
0.998777
0.99914
0.999672
0.999832
0.999823
0.636553
0.710553
0.759897
0.795603
0.81282
0.812905
0.810348
0.810974
0.814857
0.816214
0.819463
0.825201
0.834656
0.848228
0.864522
0.884443
0.90458
0.925604
0.942633
0.957296
0.967266
0.972753
0.975327
0.976275
0.975009
0.964836
0.950427
0.940644
0.935198
0.932566
0.93134
0.930583
0.929724
0.928584
0.927493
0.927041
0.927058
0.928597
0.931766
0.933939
0.934767
0.934366
0.933211
0.930959
0.928149
0.926358
0.925901
0.926421
0.928881
0.939282
0.945895
0.946663
0.94113
0.932096
0.930519
0.93354
0.949809
0.973169
0.987039
0.994124
0.997477
0.998975
0.999605
0.999855
0.999949
0.999984
0.999991
0.999951
0.999277
0.991827
0.946331
0.913857
0.921049
0.948903
0.959263
0.963007
0.966364
0.969807
0.970924
0.970502
0.966996
0.949864
0.926368
0.911778
0.912644
0.935302
0.972832
0.988874
0.994771
0.996897
0.99774
0.998058
0.998129
0.998082
0.997928
0.997575
0.99702
0.995879
0.992977
0.984103
0.95814
0.924948
0.915203
0.917693
0.937478
0.955871
0.958859
0.956427
0.946799
0.931644
0.925232
0.928947
0.936253
0.93533
0.926832
0.904169
0.87073
0.830178
0.791538
0.771879
0.769623
0.77955
0.800185
0.818951
0.837494
0.855668
0.870478
0.88195
0.887185
0.885395
0.881517
0.876043
0.852697
0.823943
0.816551
0.82198
0.86039
0.905179
0.92816
0.935478
0.935253
0.930925
0.927888
0.921632
0.906225
0.901401
0.90645
0.938776
0.974139
0.989795
0.994358
0.994539
0.992416
0.989784
0.989192
0.989559
0.992044
0.995509
0.997595
0.998718
0.999284
0.99956
0.999695
0.999768
0.999826
0.99988
0.999923
0.999947
0.999957
0.999964
0.99997
0.999971
0.999959
0.999863
0.99978
0.999797
0.999896
0.999945
0.999933
0.999808
0.637751
0.671616
0.737006
0.776276
0.813248
0.834494
0.847046
0.849821
0.850336
0.853234
0.860203
0.868982
0.878368
0.889441
0.903148
0.918153
0.931646
0.945733
0.957383
0.966309
0.971643
0.974286
0.97525
0.974512
0.968429
0.955498
0.943791
0.936993
0.933593
0.93194
0.931079
0.93035
0.929444
0.928312
0.927434
0.927515
0.929485
0.933382
0.935962
0.936991
0.936924
0.936279
0.935209
0.933883
0.931561
0.928598
0.926681
0.926377
0.927379
0.933226
0.945062
0.948455
0.947049
0.938685
0.935065
0.936424
0.94806
0.972231
0.986847
0.994147
0.997498
0.998969
0.999595
0.999847
0.999944
0.99998
0.999994
0.999996
0.99998
0.999694
0.99632
0.968396
0.923951
0.919329
0.930537
0.952673
0.96196
0.966624
0.968429
0.968386
0.967361
0.962785
0.945978
0.921137
0.90743
0.906877
0.924369
0.967874
0.987166
0.993935
0.996376
0.997384
0.997827
0.997951
0.997885
0.997655
0.997205
0.996269
0.993931
0.987039
0.963615
0.926984
0.912003
0.912737
0.926248
0.95025
0.956477
0.955597
0.951742
0.942565
0.939675
0.940993
0.940391
0.931315
0.897222
0.845112
0.794422
0.758563
0.747106
0.749661
0.758806
0.780066
0.811962
0.845165
0.881079
0.907047
0.919199
0.919929
0.915521
0.904631
0.896932
0.892714
0.884595
0.852514
0.824946
0.82032
0.831016
0.87558
0.910757
0.927477
0.931393
0.929328
0.922828
0.918359
0.907145
0.897792
0.897761
0.911942
0.95507
0.982064
0.992747
0.995301
0.995093
0.993152
0.991928
0.991866
0.992711
0.995446
0.997536
0.998716
0.999336
0.999646
0.999794
0.999868
0.999911
0.999943
0.999964
0.999977
0.999984
0.999989
0.999992
0.999993
0.99999
0.999973
0.999966
0.999973
0.999983
0.999977
0.999902
0.999501
0.679931
0.658876
0.68668
0.744959
0.794477
0.827907
0.849817
0.867364
0.88006
0.886646
0.891651
0.897559
0.9068
0.915549
0.9257
0.936989
0.947709
0.957431
0.965119
0.970575
0.973686
0.975011
0.975217
0.973412
0.965748
0.952575
0.942609
0.936732
0.93361
0.932013
0.931178
0.930481
0.929649
0.928516
0.927672
0.927814
0.929106
0.932575
0.935318
0.93651
0.936522
0.936201
0.935099
0.933969
0.932278
0.929304
0.927374
0.926909
0.927376
0.931806
0.944722
0.95023
0.949727
0.941379
0.935784
0.936623
0.947336
0.97283
0.988346
0.995524
0.998368
0.9994
0.999763
0.999901
0.999958
0.999982
0.999993
0.999998
0.999999
0.999994
0.999907
0.998802
0.988454
0.945092
0.925163
0.925854
0.937755
0.955547
0.963109
0.96602
0.966293
0.965438
0.961709
0.950045
0.922316
0.907906
0.905879
0.917515
0.960232
0.983906
0.992231
0.995303
0.996613
0.997315
0.997572
0.997511
0.997202
0.996456
0.994603
0.989516
0.973004
0.93251
0.912492
0.907908
0.912849
0.936961
0.951039
0.95331
0.951887
0.947942
0.945717
0.943367
0.933851
0.89789
0.819737
0.764312
0.742014
0.736166
0.738719
0.74734
0.770276
0.814672
0.869964
0.914523
0.93271
0.937301
0.934343
0.928063
0.917271
0.90289
0.895215
0.893166
0.891554
0.884188
0.849815
0.828538
0.828174
0.849331
0.891027
0.915657
0.925641
0.926495
0.920905
0.913775
0.903784
0.893826
0.891424
0.896428
0.929195
0.969471
0.988391
0.994957
0.996169
0.995779
0.994523
0.994162
0.994331
0.995643
0.99758
0.998738
0.999367
0.999686
0.999841
0.999914
0.99995
0.999971
0.999983
0.99999
0.999994
0.999996
0.999998
0.999998
0.999998
0.999995
0.999995
0.999995
0.999993
0.999964
0.999755
0.998741
0.706749
0.695737
0.671982
0.685164
0.749671
0.80837
0.842789
0.865448
0.883427
0.898512
0.910427
0.918071
0.926106
0.933844
0.940918
0.948005
0.955314
0.962503
0.968649
0.972675
0.974899
0.975597
0.975394
0.973663
0.966722
0.953527
0.943463
0.937347
0.934021
0.932322
0.931465
0.9308
0.930218
0.929057
0.928234
0.928235
0.928615
0.92977
0.932337
0.933499
0.93344
0.933039
0.932303
0.931694
0.930989
0.929267
0.927497
0.927296
0.928227
0.933684
0.947362
0.952458
0.951171
0.941978
0.935037
0.93531
0.945759
0.972136
0.988351
0.995743
0.998577
0.999545
0.999856
0.999953
0.999983
0.999993
0.999997
0.999998
0.999999
1
0.999997
0.999955
0.999372
0.993522
0.962166
0.931457
0.925164
0.928264
0.943444
0.957531
0.963213
0.964401
0.963911
0.961466
0.953017
0.92703
0.910136
0.907321
0.914999
0.952411
0.980137
0.989986
0.99383
0.995482
0.996471
0.996909
0.996861
0.996372
0.994919
0.990984
0.979145
0.943157
0.91458
0.905839
0.906675
0.915603
0.938583
0.947471
0.948642
0.94701
0.943843
0.935265
0.90149
0.814968
0.760209
0.737526
0.732363
0.733427
0.741313
0.766588
0.823077
0.888205
0.925262
0.941067
0.944598
0.941876
0.934018
0.91687
0.900408
0.88535
0.87528
0.874244
0.88111
0.886082
0.879896
0.848361
0.837166
0.842695
0.874446
0.903905
0.918336
0.922189
0.920563
0.910701
0.898303
0.888308
0.88442
0.886121
0.905606
0.953442
0.981385
0.993003
0.99651
0.996968
0.996598
0.996085
0.99606
0.996433
0.99775
0.998811
0.999404
0.999713
0.999863
0.999934
0.999967
0.999983
0.999991
0.999995
0.999997
0.999999
0.999999
0.999999
0.999999
0.999999
0.999999
0.999998
0.999988
0.999912
0.999425
0.997298
0.691117
0.693029
0.695791
0.685669
0.698064
0.759132
0.823766
0.857138
0.880396
0.897948
0.912815
0.924643
0.934294
0.943013
0.950304
0.956004
0.961232
0.965853
0.970028
0.973322
0.975326
0.975977
0.975835
0.974541
0.969436
0.956635
0.945872
0.939003
0.935078
0.932995
0.931947
0.931384
0.931052
0.930242
0.929421
0.929119
0.929152
0.929458
0.930203
0.930928
0.931296
0.931347
0.931284
0.931054
0.930229
0.92816
0.927414
0.927739
0.930343
0.941214
0.951884
0.953255
0.951225
0.939384
0.931063
0.931721
0.945963
0.973661
0.989228
0.996112
0.998712
0.999598
0.999879
0.999964
0.999989
0.999996
0.999998
0.999999
1
1
1
0.999998
0.999966
0.999481
0.995345
0.972735
0.938131
0.924853
0.924681
0.931302
0.949985
0.959412
0.962499
0.962412
0.960972
0.954712
0.932477
0.91327
0.90973
0.914957
0.945447
0.97583
0.987517
0.992191
0.994073
0.995034
0.995696
0.995639
0.994731
0.991967
0.98361
0.954907
0.91921
0.902222
0.900091
0.902705
0.913046
0.932923
0.937029
0.935496
0.928092
0.902152
0.830198
0.77172
0.741851
0.732516
0.732259
0.738826
0.76498
0.826607
0.884102
0.921807
0.942931
0.948919
0.947315
0.939248
0.916134
0.901711
0.892885
0.882511
0.870384
0.861358
0.860356
0.872872
0.880258
0.873209
0.852536
0.851105
0.866227
0.895555
0.911492
0.917336
0.917474
0.911519
0.894435
0.882061
0.876355
0.876416
0.887764
0.933969
0.972233
0.989619
0.995928
0.997577
0.997722
0.997545
0.997455
0.997554
0.99815
0.998978
0.999477
0.999747
0.999882
0.999946
0.999975
0.999989
0.999995
0.999997
0.999999
0.999999
1
1
1
1
1
0.999997
0.999972
0.999798
0.998828
0.994996
0.678451
0.681241
0.693234
0.691863
0.692325
0.714854
0.783161
0.839606
0.871506
0.893431
0.910891
0.924239
0.934672
0.944073
0.952234
0.958593
0.963754
0.967865
0.971076
0.97353
0.975317
0.976098
0.976116
0.975577
0.972999
0.96366
0.950673
0.942221
0.937128
0.93427
0.932741
0.931888
0.931646
0.931292
0.9308
0.930438
0.930362
0.930382
0.930523
0.93086
0.931045
0.931048
0.93094
0.930447
0.928754
0.927725
0.927844
0.929437
0.936371
0.950182
0.953555
0.95319
0.947427
0.930116
0.92391
0.927785
0.950724
0.97807
0.991491
0.996996
0.999022
0.999701
0.999912
0.999974
0.999992
0.999998
0.999999
1
1
1
1
1
0.999998
0.999964
0.999501
0.996222
0.980538
0.943805
0.926046
0.922326
0.925307
0.93973
0.954468
0.960188
0.960764
0.959971
0.955214
0.936643
0.916547
0.912461
0.916302
0.939867
0.971892
0.985116
0.990432
0.992615
0.99326
0.993592
0.993487
0.9918
0.986143
0.965828
0.926665
0.903731
0.893375
0.890939
0.892717
0.901314
0.903261
0.899788
0.886706
0.846293
0.790754
0.7535
0.737075
0.734076
0.738484
0.761426
0.825219
0.874611
0.908762
0.936007
0.950544
0.952174
0.947547
0.925532
0.908304
0.900676
0.898189
0.893704
0.882517
0.865503
0.856511
0.857347
0.872416
0.876934
0.871121
0.864964
0.870398
0.892163
0.906934
0.91285
0.913627
0.910235
0.893368
0.876326
0.86791
0.866594
0.873484
0.913749
0.961503
0.985145
0.994608
0.997647
0.998359
0.998429
0.998422
0.998452
0.998683
0.999214
0.999582
0.999793
0.999903
0.999956
0.999981
0.999991
0.999996
0.999998
0.999999
1
1
1
1
1
0.999999
0.999993
0.999937
0.999586
0.997888
0.990532
0.678436
0.684273
0.697464
0.695943
0.691901
0.701287
0.740648
0.805543
0.85361
0.882536
0.90415
0.920585
0.932752
0.942913
0.951607
0.958391
0.963753
0.967981
0.971116
0.973458
0.975198
0.976061
0.976229
0.976062
0.975017
0.971121
0.960071
0.948813
0.941026
0.936649
0.934197
0.932796
0.932196
0.931845
0.931539
0.931316
0.931191
0.931117
0.931106
0.931107
0.931077
0.93093
0.930391
0.92893
0.927977
0.928057
0.929388
0.93469
0.94889
0.953701
0.95355
0.949383
0.933862
0.91747
0.915854
0.925872
0.958289
0.981461
0.992641
0.997376
0.999145
0.999741
0.999926
0.99998
0.999994
0.999998
0.999999
1
1
1
1
1
1
0.999998
0.999953
0.999514
0.996757
0.985184
0.949332
0.927647
0.920356
0.921494
0.930319
0.948946
0.957324
0.959189
0.958682
0.954914
0.939472
0.919499
0.915254
0.918161
0.93597
0.96855
0.982792
0.988665
0.991012
0.991596
0.991591
0.990908
0.987288
0.974371
0.937627
0.907466
0.892057
0.883603
0.880946
0.880729
0.878448
0.871601
0.853193
0.811107
0.771036
0.746988
0.739231
0.741379
0.757664
0.817008
0.870235
0.894715
0.921555
0.946013
0.955494
0.954074
0.941106
0.919759
0.908792
0.913732
0.927826
0.928951
0.922548
0.895281
0.864962
0.85563
0.859484
0.875104
0.880035
0.880153
0.881723
0.894789
0.906351
0.909834
0.910012
0.907242
0.89135
0.871667
0.860816
0.857946
0.861851
0.893493
0.949212
0.979686
0.992699
0.997291
0.99864
0.998953
0.999009
0.999044
0.999149
0.999443
0.999694
0.999846
0.999927
0.999967
0.999986
0.999994
0.999997
0.999999
1
1
1
1
1
1
0.999998
0.999984
0.999875
0.99925
0.996271
0.984542
0.679356
0.686548
0.701635
0.700494
0.690886
0.695872
0.719048
0.770782
0.819953
0.860053
0.888635
0.91005
0.925851
0.938266
0.948558
0.956593
0.96273
0.967434
0.97082
0.973227
0.974968
0.975957
0.976248
0.976226
0.975862
0.974303
0.969566
0.957744
0.948401
0.941749
0.937326
0.934648
0.933282
0.932556
0.932122
0.931798
0.931576
0.931386
0.931232
0.931082
0.930804
0.930043
0.929023
0.928263
0.928422
0.929869
0.935255
0.949295
0.954488
0.954165
0.94946
0.93345
0.910489
0.905756
0.910829
0.934476
0.968721
0.987311
0.99538
0.99843
0.999496
0.999843
0.999953
0.999986
0.999996
0.999999
1
1
1
1
1
1
1
1
0.999996
0.999942
0.999514
0.997128
0.987677
0.954606
0.928853
0.918806
0.918653
0.923889
0.942471
0.954072
0.957473
0.957231
0.954208
0.94121
0.92207
0.91795
0.920152
0.93365
0.96562
0.980665
0.986774
0.989155
0.989734
0.989448
0.987096
0.97873
0.950224
0.91401
0.893765
0.881176
0.873999
0.869705
0.864838
0.853654
0.826264
0.791741
0.762068
0.747651
0.747702
0.7569
0.799922
0.86731
0.890806
0.905493
0.935905
0.956941
0.960427
0.954935
0.934012
0.919725
0.924388
0.94648
0.974165
0.977816
0.974485
0.953263
0.89484
0.862543
0.857623
0.867039
0.879055
0.885139
0.892858
0.902186
0.90729
0.90852
0.908092
0.904292
0.888346
0.868742
0.855905
0.851268
0.85307
0.874932
0.935033
0.97318
0.990272
0.996641
0.998658
0.999209
0.999335
0.999387
0.999497
0.999667
0.999807
0.999899
0.999951
0.999978
0.99999
0.999996
0.999998
0.999999
1
1
1
1
1
1
0.999996
0.999968
0.999774
0.998714
0.993487
0.978807
0.679629
0.681122
0.693193
0.695605
0.689848
0.693328
0.708413
0.74514
0.785902
0.821769
0.854681
0.885534
0.908325
0.925955
0.940037
0.950982
0.959161
0.965248
0.969588
0.972553
0.974549
0.975741
0.97624
0.976293
0.976179
0.975585
0.973594
0.968226
0.956514
0.948034
0.942308
0.938315
0.935595
0.933977
0.933054
0.932407
0.931923
0.931708
0.931281
0.930701
0.930217
0.929235
0.928887
0.929229
0.931114
0.937073
0.951244
0.95588
0.955343
0.949676
0.931012
0.906454
0.90005
0.902099
0.914471
0.952287
0.979446
0.992178
0.9974
0.999216
0.999766
0.999931
0.99998
0.999994
0.999998
1
1
1
1
1
1
1
1
1
1
0.999994
0.999931
0.999502
0.997337
0.988938
0.958705
0.929495
0.917521
0.915906
0.919482
0.935747
0.95061
0.955614
0.955628
0.953256
0.942227
0.924305
0.920447
0.922122
0.932841
0.962727
0.978502
0.984641
0.986611
0.986963
0.986001
0.980828
0.96072
0.924042
0.898304
0.881924
0.868918
0.863012
0.852379
0.833854
0.811305
0.781859
0.760264
0.757053
0.761727
0.786905
0.858707
0.89082
0.900372
0.917898
0.949251
0.962989
0.962612
0.950407
0.931838
0.933994
0.948324
0.979125
0.990008
0.99201
0.991335
0.986123
0.942896
0.881562
0.860724
0.861028
0.874069
0.886214
0.896288
0.903584
0.906673
0.906814
0.90528
0.898728
0.883555
0.866462
0.852698
0.846403
0.846797
0.861306
0.918581
0.965665
0.987376
0.995746
0.998507
0.999308
0.999531
0.999626
0.999716
0.999809
0.999886
0.999939
0.99997
0.999986
0.999994
0.999997
0.999999
1
1
1
1
1
1
0.999999
0.999993
0.999943
0.999621
0.997869
0.989115
0.974717
0.680711
0.678158
0.683425
0.688011
0.688225
0.692162
0.704471
0.730245
0.759643
0.783612
0.80387
0.829678
0.860271
0.891802
0.917505
0.936086
0.949475
0.959086
0.965938
0.970586
0.973527
0.975251
0.976078
0.976425
0.976428
0.976243
0.975474
0.97322
0.967764
0.956655
0.948121
0.942489
0.938642
0.936115
0.934523
0.933479
0.932677
0.931991
0.931634
0.930967
0.930125
0.930133
0.930736
0.933277
0.941248
0.954297
0.957684
0.956787
0.950179
0.927996
0.904799
0.897865
0.898107
0.905234
0.934836
0.970834
0.989007
0.996307
0.998797
0.999609
0.999877
0.999963
0.999989
0.999997
0.999999
1
1
1
1
1
1
1
1
1
1
0.999999
0.999991
0.999918
0.999476
0.997401
0.989484
0.961196
0.929411
0.916248
0.91322
0.915984
0.929742
0.947195
0.953638
0.953974
0.952114
0.942787
0.926276
0.922673
0.923982
0.932834
0.959762
0.9761
0.98198
0.983194
0.983254
0.980398
0.968611
0.934654
0.90598
0.883968
0.869865
0.858078
0.841108
0.827097
0.804884
0.778096
0.768579
0.770457
0.786436
0.847076
0.888892
0.901297
0.90899
0.929417
0.957717
0.966754
0.963809
0.948362
0.94251
0.948466
0.975497
0.990526
0.994451
0.994958
0.99462
0.992634
0.976542
0.909241
0.869218
0.862212
0.867882
0.884707
0.896368
0.903165
0.905069
0.90482
0.901439
0.8911
0.878137
0.863314
0.849824
0.84258
0.84212
0.851861
0.902544
0.957554
0.984126
0.994672
0.998253
0.999334
0.999652
0.999767
0.999835
0.99989
0.999934
0.999964
0.999982
0.999992
0.999996
0.999998
0.999999
1
1
1
1
1
1
0.999999
0.999988
0.999907
0.99939
0.996558
0.984232
0.971946
0.686834
0.680084
0.678703
0.679785
0.683847
0.687187
0.694342
0.705338
0.720059
0.734554
0.752376
0.773327
0.802804
0.834194
0.868017
0.898077
0.922952
0.941272
0.954865
0.964365
0.970336
0.973742
0.975489
0.976258
0.976591
0.976591
0.976383
0.97557
0.973374
0.968309
0.95878
0.949724
0.943748
0.939822
0.937249
0.935476
0.934211
0.933334
0.932249
0.931993
0.93224
0.93339
0.937023
0.947734
0.958562
0.959945
0.958436
0.949976
0.925019
0.905134
0.898089
0.897494
0.902244
0.923467
0.965617
0.986871
0.995382
0.998433
0.999485
0.999835
0.999948
0.999984
0.999995
0.999998
1
1
1
1
1
1
1
1
1
1
1
1
0.999999
0.999987
0.999902
0.999431
0.997344
0.989543
0.962132
0.92859
0.91462
0.910589
0.912848
0.924548
0.943977
0.951591
0.952331
0.950862
0.94306
0.928055
0.924642
0.925686
0.933145
0.956629
0.973003
0.978522
0.978974
0.978236
0.972035
0.947806
0.914325
0.888415
0.872621
0.855444
0.840749
0.826678
0.799613
0.783118
0.782896
0.792727
0.839793
0.887377
0.901963
0.906848
0.915087
0.940955
0.96674
0.971445
0.964173
0.950167
0.951305
0.966296
0.98755
0.994628
0.995776
0.995547
0.995119
0.994017
0.987006
0.938402
0.882429
0.865824
0.866969
0.881358
0.895297
0.901332
0.902644
0.902101
0.896775
0.883795
0.872133
0.859485
0.847053
0.839604
0.838603
0.8454
0.888494
0.949425
0.980715
0.993505
0.997944
0.999311
0.999713
0.999842
0.999899
0.999935
0.999961
0.999979
0.999989
0.999995
0.999998
0.999999
1
1
1
1
1
1
1
0.999998
0.99998
0.999851
0.999045
0.994649
0.979732
0.96997
0.701362
0.70301
0.69835
0.690067
0.687081
0.68812
0.694384
0.704179
0.71408
0.717597
0.715941
0.716943
0.724932
0.753032
0.792544
0.83446
0.869611
0.899102
0.9256
0.946507
0.960537
0.968822
0.973304
0.975433
0.976354
0.976698
0.976721
0.976535
0.975803
0.973894
0.969409
0.962058
0.953963
0.947109
0.942624
0.939758
0.937752
0.936281
0.936173
0.936716
0.938684
0.943976
0.956899
0.963042
0.962886
0.959674
0.948242
0.922981
0.90839
0.900727
0.90049
0.904898
0.921815
0.963849
0.986065
0.994735
0.99808
0.999327
0.999773
0.999925
0.999975
0.999992
0.999998
0.999999
1
1
1
1
1
1
1
1
1
1
1
1
1
0.999998
0.999982
0.999881
0.999363
0.997177
0.989203
0.961624
0.927106
0.912577
0.907929
0.909847
0.920009
0.940965
0.949544
0.950702
0.94956
0.943193
0.929672
0.926369
0.927191
0.933379
0.952781
0.968925
0.974092
0.974155
0.971281
0.96043
0.928355
0.897435
0.877393
0.856712
0.845302
0.823131
0.80171
0.799315
0.805549
0.840012
0.887938
0.903146
0.906932
0.910321
0.921317
0.955403
0.97455
0.975056
0.963644
0.958716
0.961866
0.979642
0.992718
0.996225
0.996292
0.995564
0.995013
0.994137
0.990396
0.960583
0.897359
0.871266
0.868677
0.877521
0.892051
0.898169
0.899404
0.898586
0.891403
0.877447
0.866813
0.855913
0.844647
0.837367
0.836038
0.84098
0.876881
0.941779
0.977361
0.99233
0.997616
0.999261
0.999738
0.99988
0.999932
0.999959
0.999976
0.999987
0.999993
0.999997
0.999999
0.999999
1
1
1
1
1
1
1
0.999996
0.999969
0.999771
0.998565
0.992103
0.976012
0.968445
0.748278
0.78952
0.798443
0.778038
0.747233
0.721702
0.724041
0.742972
0.783135
0.822659
0.8275
0.777768
0.723557
0.715843
0.72274
0.742656
0.761005
0.783014
0.832032
0.891517
0.930629
0.953675
0.966141
0.97235
0.975164
0.976343
0.976717
0.97678
0.97665
0.976101
0.974628
0.971217
0.966077
0.959785
0.954526
0.949997
0.946553
0.946297
0.947124
0.949731
0.956952
0.965013
0.96653
0.965605
0.959996
0.942141
0.921082
0.912913
0.906122
0.907313
0.913445
0.930345
0.967609
0.986391
0.994472
0.997835
0.999187
0.999708
0.999899
0.999966
0.999989
0.999996
0.999999
1
1
1
1
1
1
1
1
1
1
1
1
1
1
1
0.999997
0.999976
0.999854
0.999272
0.996923
0.988575
0.960225
0.925099
0.910274
0.905122
0.906727
0.915645
0.937708
0.947429
0.949119
0.948238
0.943336
0.931346
0.927902
0.928491
0.933248
0.947454
0.963693
0.968673
0.968309
0.963655
0.950108
0.918251
0.887247
0.866751
0.849647
0.82637
0.82233
0.826808
0.851655
0.891947
0.906363
0.907886
0.908853
0.913082
0.934038
0.969266
0.979858
0.977606
0.9657
0.962421
0.968444
0.987173
0.995253
0.996929
0.996683
0.994914
0.994233
0.993781
0.991637
0.975296
0.914335
0.877262
0.869778
0.873034
0.886197
0.892974
0.894174
0.893025
0.884132
0.871159
0.862011
0.852705
0.842592
0.83566
0.83415
0.837887
0.867563
0.934832
0.9742
0.991203
0.997292
0.999197
0.999744
0.9999
0.99995
0.999972
0.999984
0.999991
0.999996
0.999998
0.999999
1
1
1
1
1
1
1
0.999999
0.999994
0.999952
0.999664
0.997949
0.989038
0.973196
0.967252
0.992839
0.987038
0.982671
0.979116
0.967581
0.891285
0.81439
0.808665
0.830779
0.902683
0.95553
0.958491
0.873737
0.749763
0.726353
0.727941
0.735002
0.74107
0.751668
0.773213
0.821342
0.896523
0.939782
0.960923
0.970456
0.974522
0.976149
0.976671
0.976779
0.976716
0.976392
0.97548
0.973404
0.97019
0.967135
0.963384
0.962045
0.96233
0.963579
0.967477
0.969901
0.969686
0.967061
0.957709
0.933234
0.920577
0.914609
0.912929
0.916862
0.926817
0.947235
0.974586
0.988342
0.994875
0.997837
0.999126
0.999663
0.999876
0.999956
0.999985
0.999995
0.999998
0.999999
1
1
1
1
1
1
1
1
1
1
1
1
1
1
1
0.999999
0.999996
0.999969
0.999828
0.999194
0.996734
0.988241
0.960428
0.92421
0.908419
0.902295
0.903318
0.910515
0.932141
0.944297
0.94731
0.946799
0.943535
0.933921
0.929537
0.929734
0.932566
0.940666
0.954593
0.961077
0.960243
0.955101
0.941947
0.918681
0.897961
0.87117
0.864906
0.867988
0.879591
0.900959
0.911449
0.911086
0.908873
0.909616
0.918628
0.953306
0.979871
0.984606
0.978735
0.968472
0.968788
0.979668
0.992191
0.996645
0.99742
0.996963
0.994125
0.992713
0.992695
0.991758
0.983991
0.937327
0.886412
0.869158
0.868155
0.873
0.879552
0.880824
0.880002
0.874414
0.864164
0.857157
0.849772
0.840914
0.834348
0.832719
0.835612
0.860382
0.928088
0.971218
0.990133
0.996982
0.999131
0.999743
0.999912
0.999962
0.99998
0.999989
0.999994
0.999997
0.999999
0.999999
1
1
1
1
1
1
1
0.999999
0.999991
0.999929
0.999512
0.997107
0.985677
0.970605
0.966396
0.999903
0.999742
0.999478
0.999087
0.998217
0.994236
0.98275
0.952024
0.94141
0.946109
0.958676
0.975371
0.984968
0.985646
0.979036
0.939201
0.903921
0.90267
0.891657
0.825087
0.803679
0.809922
0.83815
0.908264
0.947642
0.965029
0.972349
0.975261
0.976331
0.97664
0.976637
0.976519
0.976145
0.975284
0.974087
0.97249
0.972162
0.972387
0.973179
0.973124
0.97178
0.966021
0.946687
0.925706
0.918976
0.91737
0.920902
0.931466
0.949301
0.971478
0.984392
0.992002
0.996127
0.998215
0.999217
0.999674
0.999871
0.999951
0.999982
0.999994
0.999998
0.999999
1
1
1
1
1
1
1
1
1
1
1
1
1
1
1
1
1
0.999999
0.999994
0.999964
0.999814
0.999169
0.996768
0.988731
0.963682
0.925319
0.907395
0.899656
0.899688
0.904493
0.922587
0.939104
0.944841
0.944928
0.943501
0.937731
0.931751
0.930989
0.931926
0.935312
0.942556
0.949269
0.949257
0.944369
0.937066
0.925908
0.910837
0.906365
0.906996
0.911081
0.916705
0.915977
0.910912
0.907283
0.911125
0.934194
0.973504
0.987407
0.987685
0.978655
0.973085
0.974766
0.985634
0.994536
0.997387
0.997904
0.997385
0.993486
0.990259
0.990483
0.990779
0.987935
0.964502
0.905195
0.874109
0.863695
0.862984
0.864155
0.865415
0.865368
0.863894
0.858906
0.853768
0.847877
0.839891
0.833499
0.831733
0.834032
0.8551
0.921689
0.968432
0.989132
0.996691
0.999068
0.99974
0.99992
0.99997
0.999986
0.999993
0.999996
0.999998
0.999999
1
1
1
1
1
1
1
1
0.999998
0.999986
0.999896
0.999318
0.996092
0.982414
0.968774
0.965248
0.999999
0.999995
0.999985
0.999963
0.999902
0.999655
0.998734
0.995201
0.990354
0.99027
0.991488
0.99443
0.996844
0.998006
0.997845
0.995725
0.988349
0.983799
0.978947
0.966801
0.932252
0.851626
0.828703
0.833142
0.856506
0.915813
0.949656
0.964895
0.971649
0.974532
0.975716
0.976173
0.976147
0.976031
0.975783
0.975242
0.974947
0.974677
0.973699
0.969476
0.955721
0.927513
0.915854
0.915814
0.91958
0.930855
0.953747
0.97516
0.986111
0.992121
0.995659
0.997705
0.998839
0.999441
0.999745
0.99989
0.999955
0.999982
0.999993
0.999998
0.999999
1
1
1
1
1
1
1
1
1
1
1
1
1
1
1
1
1
1
1
0.999999
0.999993
0.999961
0.999812
0.999202
0.997018
0.989894
0.969348
0.928868
0.907457
0.897854
0.895881
0.898789
0.909879
0.931189
0.94071
0.942776
0.942264
0.940183
0.934868
0.932409
0.932207
0.932896
0.934879
0.93598
0.935882
0.934212
0.93033
0.922451
0.919308
0.919723
0.921595
0.920725
0.915105
0.904097
0.905184
0.918284
0.960989
0.985909
0.991571
0.989376
0.979883
0.976909
0.979859
0.990545
0.996143
0.998007
0.998309
0.997713
0.993297
0.986595
0.986394
0.988076
0.988098
0.981639
0.94112
0.889702
0.86787
0.861045
0.859056
0.858826
0.858784
0.858419
0.856658
0.852417
0.84699
0.839378
0.833006
0.831127
0.833085
0.852007
0.917362
0.966566
0.988471
0.996502
0.999029
0.99974
0.999927
0.999976
0.99999
0.999995
0.999998
0.999999
0.999999
1
1
1
1
1
1
1
1
0.999997
0.99998
0.999858
0.999107
0.995099
0.979756
0.967476
0.963902
1
1
1
0.999999
0.999996
0.999984
0.999932
0.999727
0.999096
0.999017
0.999144
0.999455
0.999698
0.999817
0.999811
0.999692
0.99914
0.998323
0.997211
0.994908
0.98881
0.970259
0.908549
0.852503
0.839926
0.84445
0.863623
0.908241
0.941349
0.957744
0.965862
0.970106
0.972327
0.972861
0.972712
0.972156
0.970781
0.967406
0.955187
0.92238
0.907624
0.907107
0.911418
0.926409
0.955265
0.976941
0.988141
0.993747
0.996585
0.99809
0.99893
0.999411
0.999687
0.999843
0.999926
0.999967
0.999986
0.999994
0.999998
0.999999
1
1
1
1
1
1
1
1
1
1
1
1
1
1
1
1
1
1
1
1
1
0.999999
0.999993
0.999962
0.999825
0.99929
0.997437
0.991586
0.976215
0.936958
0.909442
0.898001
0.892664
0.893528
0.899349
0.91715
0.933187
0.939575
0.940556
0.940124
0.938427
0.935253
0.933601
0.932884
0.932081
0.931475
0.930587
0.928005
0.925514
0.925597
0.925782
0.924794
0.919483
0.901933
0.899385
0.907308
0.943654
0.979239
0.99207
0.993697
0.989883
0.982192
0.981758
0.986212
0.994043
0.997362
0.998482
0.99855
0.997796
0.993187
0.981336
0.979336
0.981769
0.985434
0.985148
0.975853
0.92957
0.885721
0.866909
0.860505
0.858759
0.858306
0.857783
0.856152
0.851939
0.846501
0.838993
0.832685
0.830805
0.832615
0.850479
0.915115
0.965713
0.988231
0.996458
0.999029
0.999747
0.999933
0.99998
0.999993
0.999997
0.999999
0.999999
1
1
1
1
1
1
1
1
1
0.999996
0.999974
0.999829
0.998966
0.994412
0.978449
0.966587
0.962661
1
1
1
1
1
0.999999
0.999997
0.999989
0.999952
0.999939
0.999945
0.999965
0.999981
0.999988
0.999987
0.999981
0.999952
0.999881
0.999733
0.999396
0.998432
0.995282
0.984785
0.954708
0.888747
0.856229
0.849457
0.852183
0.861556
0.884748
0.906383
0.924788
0.936333
0.938363
0.937324
0.933576
0.923047
0.902573
0.894644
0.895122
0.900431
0.917724
0.954429
0.977341
0.988999
0.994694
0.997406
0.99868
0.999289
0.999596
0.999765
0.999864
0.999924
0.99996
0.999981
0.999991
0.999996
0.999998
0.999999
1
1
1
1
1
1
1
1
1
1
1
1
1
1
1
1
1
1
1
1
1
1
1
0.999999
0.999993
0.999966
0.99985
0.999416
0.997957
0.993607
0.982278
0.952149
0.916494
0.899626
0.891364
0.889383
0.891659
0.899647
0.920198
0.932539
0.937698
0.938506
0.93835
0.937718
0.936218
0.934865
0.933909
0.932143
0.930725
0.9304
0.929835
0.927885
0.920998
0.898858
0.891489
0.896334
0.924605
0.969192
0.98907
0.995147
0.995222
0.990321
0.98491
0.984885
0.989806
0.995743
0.998066
0.998702
0.998645
0.997692
0.992512
0.974939
0.968411
0.970039
0.976861
0.982654
0.983162
0.975019
0.937656
0.892878
0.872424
0.864325
0.861298
0.859578
0.856475
0.851902
0.846223
0.83862
0.832429
0.830683
0.832586
0.850736
0.915744
0.96609
0.98841
0.996527
0.999056
0.99976
0.999939
0.999984
0.999995
0.999998
0.999999
1
1
1
1
1
1
1
1
1
0.999999
0.999996
0.99997
0.999811
0.998899
0.994172
0.977679
0.96605
0.961725
1
1
1
1
1
1
1
1
0.999998
0.999998
0.999998
0.999998
0.999999
0.999999
0.999999
0.999999
0.999998
0.999993
0.99998
0.999944
0.999823
0.999367
0.997707
0.992298
0.978408
0.941848
0.895622
0.869251
0.863258
0.863749
0.866036
0.871925
0.876967
0.880451
0.882007
0.881881
0.881646
0.883513
0.891347
0.918809
0.954347
0.976328
0.98844
0.994603
0.997557
0.998905
0.999499
0.999756
0.99987
0.999925
0.999954
0.999972
0.999984
0.999991
0.999996
0.999998
0.999999
1
1
1
1
1
1
1
1
1
1
1
1
1
1
1
1
1
1
1
1
1
1
1
1
1
1
0.999999
0.999994
0.999972
0.999881
0.999557
0.998509
0.995537
0.987654
0.969747
0.93195
0.90558
0.893903
0.886941
0.88627
0.889087
0.898029
0.918106
0.929083
0.934207
0.935862
0.935697
0.935125
0.933961
0.931871
0.930677
0.928758
0.924326
0.912669
0.890791
0.883219
0.885871
0.904692
0.955221
0.982661
0.994023
0.996788
0.996068
0.990828
0.989079
0.990022
0.994526
0.997613
0.998647
0.998834
0.998667
0.997153
0.990075
0.967386
0.954501
0.954032
0.958108
0.970272
0.980776
0.982267
0.976476
0.953337
0.916317
0.892693
0.876752
0.867403
0.859072
0.852574
0.846246
0.838301
0.83223
0.830665
0.832734
0.851897
0.917947
0.967249
0.98891
0.996713
0.99912
0.99978
0.999946
0.999986
0.999996
0.999999
0.999999
1
1
1
1
1
1
1
1
1
0.999999
0.999995
0.99997
0.999814
0.998931
0.99434
0.978039
0.966652
0.959991
1
1
1
1
1
1
1
1
1
1
1
1
1
1
1
1
1
1
0.999999
0.999996
0.999984
0.999932
0.999719
0.998942
0.996639
0.990526
0.978216
0.951957
0.927416
0.909434
0.895282
0.889616
0.889435
0.890324
0.892641
0.897405
0.908307
0.933863
0.959257
0.977423
0.988485
0.994518
0.997533
0.998937
0.999554
0.999814
0.99992
0.999962
0.99998
0.999988
0.999992
0.999995
0.999997
0.999998
0.999999
1
1
1
1
1
1
1
1
1
1
1
1
1
1
1
1
1
1
1
1
1
1
1
1
1
1
1
1
1
0.999999
0.999995
0.999979
0.999914
0.999693
0.999016
0.997146
0.99247
0.982134
0.959034
0.922539
0.899857
0.8896
0.882579
0.881965
0.884407
0.892205
0.907178
0.91765
0.92034
0.919846
0.917045
0.910335
0.905217
0.898456
0.887588
0.878752
0.875967
0.877303
0.888388
0.934313
0.972073
0.989945
0.996617
0.997683
0.99641
0.992572
0.99147
0.992727
0.996604
0.998385
0.998874
0.998884
0.998508
0.995769
0.984427
0.957568
0.943221
0.942432
0.945723
0.95614
0.967814
0.980101
0.981904
0.978016
0.962249
0.943117
0.920716
0.889787
0.868071
0.855349
0.846715
0.838175
0.83213
0.830751
0.833213
0.854647
0.922656
0.969642
0.989899
0.997055
0.999224
0.999809
0.999955
0.999989
0.999997
0.999999
1
1
1
1
1
1
1
1
1
1
0.999999
0.999996
0.999972
0.99983
0.999032
0.994818
0.979301
0.96776
0.959572
1
1
1
1
1
1
1
1
1
1
1
1
1
1
1
1
1
1
1
1
0.999999
0.999994
0.999972
0.999884
0.99959
0.998748
0.996771
0.991367
0.984269
0.978175
0.969553
0.96111
0.958768
0.959308
0.961746
0.96843
0.978064
0.986406
0.992386
0.996091
0.998135
0.999164
0.999643
0.999853
0.999941
0.999976
0.99999
0.999995
0.999998
0.999998
0.999999
0.999999
1
1
1
1
1
1
1
1
1
1
1
1
1
1
1
1
1
1
1
1
1
1
1
1
1
1
1
1
1
1
1
1
1
0.999999
0.999997
0.999985
0.999944
0.999809
0.999419
0.998392
0.995954
0.99037
0.978979
0.953159
0.916955
0.894684
0.884772
0.87679
0.874789
0.875856
0.878848
0.879362
0.878114
0.874655
0.873033
0.872683
0.872742
0.872507
0.872344
0.873002
0.878504
0.909141
0.956711
0.98301
0.994563
0.998123
0.99831
0.996438
0.99477
0.99491
0.996587
0.99832
0.998875
0.998972
0.9989
0.998024
0.992862
0.973971
0.947665
0.938082
0.938391
0.943638
0.955702
0.96215
0.970101
0.979628
0.981437
0.978565
0.97032
0.954575
0.919011
0.880324
0.860054
0.848075
0.838301
0.832197
0.831128
0.834336
0.860074
0.929869
0.97304
0.991233
0.997498
0.999353
0.999844
0.999964
0.999992
0.999998
0.999999
1
1
1
1
1
1
1
1
1
1
0.999999
0.999996
0.999976
0.999861
0.999215
0.995758
0.98175
0.969483
0.960023
1
1
1
1
1
1
1
1
1
1
1
1
1
1
1
1
1
1
1
1
1
1
0.999998
0.99999
0.999962
0.999874
0.999644
0.998913
0.99769
0.996732
0.994712
0.992782
0.992429
0.992641
0.993458
0.995306
0.997016
0.998289
0.999103
0.999564
0.999801
0.999914
0.999965
0.999986
0.999995
0.999998
0.999999
1
1
1
1
1
1
1
1
1
1
1
1
1
1
1
1
1
1
1
1
1
1
1
1
1
1
1
1
1
1
1
1
1
1
1
1
1
1
1
1
0.999998
0.999991
0.999967
0.999895
0.999701
0.999219
0.998083
0.995522
0.989653
0.977182
0.946006
0.909598
0.887374
0.876443
0.869871
0.866558
0.864995
0.86449
0.864931
0.8692
0.874989
0.876273
0.875902
0.875982
0.878245
0.890764
0.934934
0.972465
0.990452
0.997259
0.998938
0.998804
0.997221
0.996777
0.997031
0.998153
0.998853
0.999018
0.998998
0.998772
0.99691
0.987667
0.963775
0.942686
0.935136
0.936405
0.946363
0.96257
0.968802
0.96882
0.972353
0.98021
0.981562
0.979437
0.970824
0.94295
0.895893
0.867672
0.851212
0.83915
0.832795
0.832186
0.836803
0.869859
0.938878
0.977219
0.992807
0.998001
0.999496
0.999882
0.999973
0.999994
0.999998
1
1
1
1
1
1
1
1
1
1
1
1
0.999997
0.999982
0.999896
0.999425
0.996944
0.985524
0.972298
0.961218
1
1
1
1
1
1
1
1
1
1
1
1
1
1
1
1
1
1
1
1
1
1
1
0.999999
0.999997
0.99999
0.999971
0.999905
0.999763
0.999655
0.999398
0.999137
0.999111
0.999156
0.999335
0.99957
0.999747
0.999864
0.999932
0.999968
0.999986
0.999994
0.999998
0.999999
1
1
1
1
1
1
1
1
1
1
1
1
1
1
1
1
1
1
1
1
1
1
1
1
1
1
1
1
1
1
1
1
1
1
1
1
1
1
1
1
1
1
1
1
0.999999
0.999995
0.999983
0.999951
0.999868
0.99967
0.999199
0.998045
0.995183
0.9879
0.969695
0.92809
0.89481
0.877047
0.869566
0.868004
0.869108
0.878488
0.890435
0.892727
0.889761
0.883642
0.883321
0.887827
0.913233
0.959117
0.984963
0.995542
0.998832
0.999432
0.999153
0.998124
0.997784
0.998109
0.998853
0.999064
0.999066
0.998995
0.998426
0.994801
0.980749
0.959089
0.940157
0.932461
0.93533
0.954605
0.977515
0.984225
0.980983
0.976461
0.977919
0.981704
0.981688
0.977653
0.956898
0.919398
0.885118
0.858917
0.842009
0.834911
0.834968
0.842406
0.884091
0.948953
0.98182
0.99447
0.998512
0.999636
0.999917
0.999982
0.999996
0.999999
1
1
1
1
1
1
1
1
1
1
1
1
0.999998
0.999987
0.999929
0.999619
0.997967
0.990364
0.97626
0.964101
1
1
1
1
1
1
1
1
1
1
1
1
1
1
1
1
1
1
1
1
1
1
1
1
1
0.999999
0.999998
0.999994
0.999983
0.999974
0.999952
0.999933
0.999933
0.999941
0.999961
0.999976
0.999987
0.999993
0.999997
0.999999
0.999999
1
1
1
1
1
1
1
1
1
1
1
1
1
1
1
1
1
1
1
1
1
1
1
1
1
1
1
1
1
1
1
1
1
1
1
1
1
1
1
1
1
1
1
1
1
1
1
1
0.999999
0.999998
0.999993
0.99998
0.999947
0.999865
0.999647
0.999018
0.99714
0.991431
0.972654
0.931966
0.901992
0.890246
0.88966
0.895883
0.908339
0.910845
0.906406
0.894099
0.891081
0.892914
0.905154
0.947808
0.980816
0.993961
0.99836
0.999574
0.9997
0.999282
0.998768
0.99878
0.998971
0.999134
0.999137
0.999082
0.998853
0.997603
0.991588
0.977392
0.956844
0.938143
0.930723
0.934903
0.960744
0.983978
0.992157
0.991847
0.985
0.980159
0.981849
0.982695
0.98054
0.965767
0.94186
0.912165
0.876533
0.850766
0.841126
0.841709
0.851775
0.902008
0.959989
0.986483
0.996062
0.998979
0.999758
0.999946
0.999989
0.999998
0.999999
1
1
1
1
1
1
1
1
1
1
1
1
0.999999
0.999992
0.999955
0.999769
0.998832
0.994863
0.981986
0.969003
1
1
1
1
1
1
1
1
1
1
1
1
1
1
1
1
1
1
1
1
1
1
1
1
1
1
1
1
0.999999
0.999999
0.999997
0.999997
0.999997
0.999998
0.999999
0.999999
1
1
1
1
1
1
1
1
1
1
1
1
1
1
1
1
1
1
1
1
1
1
1
1
1
1
1
1
1
1
1
1
1
1
1
1
1
1
1
1
1
1
1
1
1
1
1
1
1
1
1
1
1
1
1
0.999999
0.999997
0.999991
0.999974
0.999923
0.999747
0.999107
0.996756
0.987748
0.958543
0.934066
0.925808
0.925999
0.931111
0.933645
0.929582
0.911632
0.903297
0.903485
0.910161
0.941945
0.977212
0.992403
0.9978
0.999448
0.999845
0.99985
0.999536
0.999226
0.999203
0.999233
0.999212
0.999158
0.999018
0.998521
0.996196
0.989392
0.976208
0.955934
0.937198
0.930202
0.934718
0.96317
0.987057
0.9945
0.99517
0.992924
0.984842
0.982886
0.983254
0.982175
0.973714
0.958483
0.937256
0.900416
0.864228
0.85027
0.850875
0.864536
0.92288
0.970878
0.990713
0.997422
0.999359
0.999853
0.999969
0.999993
0.999999
1
1
1
1
1
1
1
1
1
1
1
1
1
0.999999
0.999995
0.999973
0.999869
0.9994
0.997475
0.989527
0.976406
1
1
1
1
1
1
1
1
1
1
1
1
1
1
1
1
1
1
1
1
1
1
1
1
1
1
1
1
1
1
1
1
1
1
1
1
1
1
1
1
1
1
1
1
1
1
1
1
1
1
1
1
1
1
1
1
1
1
1
1
1
1
1
1
1
1
1
1
1
1
1
1
1
1
1
1
1
1
1
1
1
1
1
1
1
1
1
1
1
1
1
1
0.999999
0.999998
0.999994
0.99998
0.999922
0.999676
0.99862
0.994012
0.97783
0.965111
0.962159
0.96314
0.964769
0.96241
0.943646
0.925842
0.923142
0.926565
0.947345
0.977321
0.991847
0.997473
0.999317
0.999837
0.999942
0.99992
0.999679
0.999447
0.9994
0.99931
0.999232
0.999128
0.998867
0.997902
0.995088
0.988788
0.976214
0.955934
0.936944
0.930066
0.932885
0.963447
0.988103
0.995158
0.996318
0.995324
0.989349
0.985195
0.984705
0.983764
0.978511
0.969587
0.954997
0.915147
0.872992
0.858251
0.858988
0.881624
0.9451
0.980684
0.994216
0.998476
0.999637
0.99992
0.999983
0.999997
0.999999
1
1
1
1
1
1
1
1
1
1
1
1
1
0.999999
0.999997
0.999984
0.999931
0.999714
0.998874
0.995551
0.985699
1
1
1
1
1
1
1
1
1
1
1
1
1
1
1
1
1
1
1
1
1
1
1
1
1
1
1
1
1
1
1
1
1
1
1
1
1
1
1
1
1
1
1
1
1
1
1
1
1
1
1
1
1
1
1
1
1
1
1
1
1
1
1
1
1
1
1
1
1
1
1
1
1
1
1
1
1
1
1
1
1
1
1
1
1
1
1
1
1
1
1
1
1
1
0.999999
0.999995
0.99998
0.999907
0.999556
0.99784
0.992179
0.988583
0.988068
0.988293
0.987417
0.978132
0.963452
0.960117
0.961541
0.970498
0.985578
0.994198
0.998019
0.999413
0.999848
0.999964
0.999978
0.999941
0.999733
0.999646
0.999491
0.99932
0.999223
0.999088
0.998685
0.997432
0.99478
0.989698
0.97989
0.959858
0.93816
0.930216
0.93113
0.956239
0.987083
0.995103
0.996438
0.995681
0.990968
0.986387
0.985495
0.984488
0.981884
0.977231
0.962217
0.915642
0.874367
0.863092
0.867631
0.910895
0.965246
0.988777
0.996859
0.999216
0.999821
0.999962
0.999992
0.999998
1
1
1
1
1
1
1
1
1
1
1
1
1
1
1
0.999998
0.999993
0.999971
0.999891
0.999598
0.998503
0.995285
1
1
1
1
1
1
1
1
1
1
1
1
1
1
1
1
1
1
1
1
1
1
1
1
1
1
1
1
1
1
1
1
1
1
1
1
1
1
1
1
1
1
1
1
1
1
1
1
1
1
1
1
1
1
1
1
1
1
1
1
1
1
1
1
1
1
1
1
1
1
1
1
1
1
1
1
1
1
1
1
1
1
1
1
1
1
1
1
1
1
1
1
1
1
1
0.999999
0.999997
0.999983
0.999911
0.999529
0.998449
0.997926
0.99781
0.997579
0.996024
0.991611
0.98992
0.989974
0.991112
0.994799
0.997665
0.999106
0.999704
0.999915
0.999979
0.999993
0.999992
0.999947
0.999846
0.999757
0.999515
0.999287
0.999203
0.999075
0.998632
0.997328
0.995537
0.994735
0.989263
0.970193
0.943563
0.931439
0.93051
0.942657
0.979405
0.992561
0.99502
0.994576
0.991127
0.987745
0.986643
0.986309
0.984973
0.979377
0.961071
0.90986
0.873224
0.868504
0.887494
0.946845
0.981479
0.994498
0.998559
0.999659
0.999926
0.999985
0.999997
0.999999
1
1
1
1
1
1
1
1
1
1
1
1
1
1
1
0.999999
0.999997
0.999992
0.999973
0.999906
0.99966
0.999129
1
1
1
1
1
1
1
1
1
1
1
1
1
1
1
1
1
1
1
1
1
1
1
1
1
1
1
1
1
1
1
1
1
1
1
1
1
1
1
1
1
1
1
1
1
1
1
1
1
1
1
1
1
1
1
1
1
1
1
1
1
1
1
1
1
1
1
1
1
1
1
1
1
1
1
1
1
1
1
1
1
1
1
1
1
1
1
1
1
1
1
1
1
1
1
1
1
0.999998
0.99999
0.999946
0.999841
0.999791
0.999748
0.999617
0.999128
0.998813
0.998778
0.998833
0.999119
0.999557
0.99981
0.999929
0.999977
0.999993
0.999998
0.999999
0.999996
0.999978
0.99993
0.999813
0.99945
0.999215
0.999199
0.99911
0.998685
0.997827
0.998478
0.998072
0.995327
0.982536
0.954054
0.934382
0.930128
0.933719
0.964631
0.987603
0.992985
0.993581
0.991252
0.989657
0.988609
0.98765
0.98516
0.977515
0.94848
0.889472
0.873345
0.880793
0.930783
0.973889
0.991795
0.997749
0.999446
0.999875
0.999974
0.999995
0.999999
1
1
1
1
1
1
1
1
1
1
1
1
1
1
1
1
0.999999
0.999998
0.999989
0.999924
0.999723
0.999605
0.999384
1
1
1
1
1
1
1
1
1
1
1
1
1
1
1
1
1
1
1
1
1
1
1
1
1
1
1
1
1
1
1
1
1
1
1
1
1
1
1
1
1
1
1
1
1
1
1
1
1
1
1
1
1
1
1
1
1
1
1
1
1
1
1
1
1
1
1
1
1
1
1
1
1
1
1
1
1
1
1
1
1
1
1
1
1
1
1
1
1
1
1
1
1
1
1
1
1
1
0.999999
0.999997
0.999992
0.999988
0.99998
0.999953
0.999928
0.999923
0.999925
0.999932
0.999957
0.99998
0.999992
0.999997
0.999999
1
1
1
0.999998
0.99999
0.999955
0.999825
0.999349
0.999174
0.999249
0.999291
0.999117
0.999319
0.999421
0.999129
0.997703
0.99228
0.971638
0.942419
0.930925
0.929703
0.938709
0.973411
0.988357
0.991472
0.991207
0.989681
0.988524
0.98657
0.980705
0.958914
0.905461
0.882052
0.881392
0.922348
0.968564
0.989588
0.997018
0.999238
0.999823
0.999962
0.999992
0.999998
1
1
1
1
1
1
1
1
1
1
1
1
1
1
1
1
0.999999
0.999998
0.99999
0.999929
0.999487
0.998151
0.997633
0.99767
1
1
1
1
1
1
1
1
1
1
1
1
1
1
1
1
1
1
1
1
1
1
1
1
1
1
1
1
1
1
1
1
1
1
1
1
1
1
1
1
1
1
1
1
1
1
1
1
1
1
1
1
1
1
1
1
1
1
1
1
1
1
1
1
1
1
1
1
1
1
1
1
1
1
1
1
1
1
1
1
1
1
1
1
1
1
1
1
1
1
1
1
1
1
1
1
1
1
1
1
1
1
0.999999
0.999998
0.999997
0.999997
0.999998
0.999998
0.999999
0.999999
1
1
1
1
1
1
0.999999
0.999992
0.99996
0.999804
0.999275
0.999138
0.999241
0.99941
0.999575
0.999691
0.999724
0.999601
0.998983
0.996717
0.9892
0.963062
0.9377
0.929169
0.928453
0.938149
0.966589
0.979964
0.983716
0.98402
0.979966
0.96975
0.943521
0.908696
0.892851
0.888855
0.925726
0.968773
0.989115
0.996752
0.999141
0.999794
0.999954
0.99999
0.999998
1
1
1
1
1
1
1
1
1
1
1
1
1
1
1
1
0.999999
0.999998
0.999993
0.99996
0.999727
0.998218
0.995037
0.994171
0.994144
1
1
1
1
1
1
1
1
1
1
1
1
1
1
1
1
1
1
1
1
1
1
1
1
1
1
1
1
1
1
1
1
1
1
1
1
1
1
1
1
1
1
1
1
1
1
1
1
1
1
1
1
1
1
1
1
1
1
1
1
1
1
1
1
1
1
1
1
1
1
1
1
1
1
1
1
1
1
1
1
1
1
1
1
1
1
1
1
1
1
1
1
1
1
1
1
1
1
1
1
1
1
1
1
1
1
1
1
1
1
1
1
1
1
1
1
0.999999
0.999992
0.999959
0.9998
0.99924
0.999024
0.999078
0.99936
0.999629
0.999756
0.999818
0.999807
0.999625
0.998903
0.996525
0.988987
0.964575
0.938718
0.927311
0.924776
0.926686
0.934367
0.941368
0.943622
0.935406
0.922269
0.911448
0.905035
0.90592
0.939722
0.97483
0.99088
0.997172
0.999226
0.999808
0.999956
0.999991
0.999998
1
1
1
1
1
1
1
1
1
1
1
1
1
1
1
0.999999
0.999999
0.999998
0.999994
0.999977
0.999868
0.999129
0.994942
0.989444
0.988301
0.988109
1
1
1
1
1
1
1
1
1
1
1
1
1
1
1
1
1
1
1
1
1
1
1
1
1
1
1
1
1
1
1
1
1
1
1
1
1
1
1
1
1
1
1
1
1
1
1
1
1
1
1
1
1
1
1
1
1
1
1
1
1
1
1
1
1
1
1
1
1
1
1
1
1
1
1
1
1
1
1
1
1
1
1
1
1
1
1
1
1
1
1
1
1
1
1
1
1
1
1
1
1
1
1
1
1
1
1
1
1
1
1
1
1
1
1
1
0.999999
0.999991
0.999956
0.999822
0.999265
0.998757
0.998666
0.99896
0.999525
0.999741
0.999832
0.999865
0.999843
0.999674
0.999094
0.997358
0.992575
0.980406
0.950852
0.93284
0.925611
0.923648
0.923475
0.923384
0.920886
0.918984
0.917821
0.927806
0.959224
0.982289
0.993286
0.997859
0.999398
0.999846
0.999964
0.999992
0.999998
1
1
1
1
1
1
1
1
1
1
1
1
1
0.999999
0.999999
0.999999
0.999998
0.999996
0.999992
0.999981
0.99993
0.99959
0.997406
0.988531
0.982229
0.98133
0.981618
1
1
1
1
1
1
1
1
1
1
1
1
1
1
1
1
1
1
1
1
1
1
1
1
1
1
1
1
1
1
1
1
1
1
1
1
1
1
1
1
1
1
1
1
1
1
1
1
1
1
1
1
1
1
1
1
1
1
1
1
1
1
1
1
1
1
1
1
1
1
1
1
1
1
1
1
1
1
1
1
1
1
1
1
1
1
1
1
1
1
1
1
1
1
1
1
1
1
1
1
1
1
1
1
1
1
1
1
1
1
1
1
1
1
1
1
0.999999
0.999988
0.999945
0.999829
0.999364
0.998674
0.998519
0.998639
0.999239
0.99963
0.999808
0.99987
0.999888
0.999861
0.999724
0.999278
0.998051
0.994994
0.988149
0.974648
0.952598
0.941108
0.935499
0.933718
0.934621
0.940995
0.956198
0.976246
0.988826
0.995438
0.998439
0.999554
0.999885
0.999972
0.999994
0.999999
1
1
1
1
1
1
1
0.999999
0.999999
0.999999
0.999999
0.999999
0.999999
0.999998
0.999997
0.999996
0.999995
0.999993
0.999989
0.999977
0.999945
0.999796
0.998819
0.992927
0.98103
0.976571
0.976311
0.977593
1
1
1
1
1
1
1
1
1
1
1
1
1
1
1
1
1
1
1
1
1
1
1
1
1
1
1
1
1
1
1
1
1
1
1
1
1
1
1
1
1
1
1
1
1
1
1
1
1
1
1
1
1
1
1
1
1
1
1
1
1
1
1
1
1
1
1
1
1
1
1
1
1
1
1
1
1
1
1
1
1
1
1
1
1
1
1
1
1
1
1
1
1
1
1
1
1
1
1
1
1
1
1
1
1
1
1
1
1
1
1
1
1
1
1
1
0.999998
0.999982
0.999913
0.9998
0.999443
0.998737
0.998535
0.998607
0.999018
0.999433
0.999729
0.999851
0.999893
0.999902
0.999887
0.999794
0.999502
0.998731
0.996966
0.993452
0.987687
0.980413
0.974286
0.971839
0.974519
0.980875
0.98797
0.993977
0.997351
0.999003
0.999691
0.99992
0.999981
0.999995
0.999999
0.999999
0.999999
0.999999
0.999999
0.999999
0.999999
0.999999
0.999999
0.999998
0.999998
0.999997
0.999997
0.999996
0.999996
0.999994
0.999989
0.999987
0.999985
0.999979
0.999965
0.999929
0.999833
0.999407
0.996778
0.985113
0.97559
0.973639
0.97423
0.977306
1
1
1
1
1
1
1
1
1
1
1
1
1
1
1
1
1
1
1
1
1
1
1
1
1
1
1
1
1
1
1
1
1
1
1
1
1
1
1
1
1
1
1
1
1
1
1
1
1
1
1
1
1
1
1
1
1
1
1
1
1
1
1
1
1
1
1
1
1
1
1
1
1
1
1
1
1
1
1
1
1
1
1
1
1
1
1
1
1
1
1
1
1
1
1
1
1
1
1
1
1
1
1
1
1
1
1
1
1
1
1
1
1
1
1
1
0.999997
0.999972
0.999836
0.999726
0.999496
0.998976
0.998689
0.998673
0.998955
0.999318
0.999614
0.999783
0.999872
0.999904
0.999915
0.999912
0.999866
0.999713
0.999333
0.998538
0.997157
0.995254
0.993456
0.992714
0.993472
0.995293
0.997319
0.998718
0.999465
0.999814
0.999947
0.999987
0.999996
0.999998
0.999999
0.999999
0.999998
0.999998
0.999998
0.999998
0.999997
0.999996
0.999995
0.999994
0.999993
0.99999
0.999989
0.999988
0.999985
0.999974
0.999959
0.999954
0.999948
0.999929
0.999873
0.999744
0.999438
0.99825
0.99162
0.977337
0.972095
0.972025
0.974492
0.979793
1
1
1
1
1
1
1
1
1
1
1
1
1
1
1
1
1
1
1
1
1
1
1
1
1
1
1
1
1
1
1
1
1
1
1
1
1
1
1
1
1
1
1
1
1
1
1
1
1
1
1
1
1
1
1
1
1
1
1
1
1
1
1
1
1
1
1
1
1
1
1
1
1
1
1
1
1
1
1
1
1
1
1
1
1
1
1
1
1
1
1
1
1
1
1
1
1
1
1
1
1
1
1
1
1
1
1
1
1
1
1
1
1
1
1
0.999999
0.999995
0.999956
0.999736
0.999596
0.999496
0.999297
0.998817
0.998705
0.998946
0.999308
0.999527
0.999675
0.99979
0.999857
0.999905
0.999923
0.999929
0.999918
0.999863
0.999724
0.999458
0.999071
0.998652
0.998474
0.998649
0.999061
0.999501
0.999768
0.999908
0.999969
0.99999
0.999996
0.999997
0.999997
0.999996
0.999995
0.999994
0.999993
0.999993
0.999991
0.999988
0.999983
0.99998
0.999976
0.999965
0.999952
0.999945
0.999937
0.999915
0.999843
0.999797
0.999788
0.999769
0.999694
0.999419
0.99892
0.997936
0.994783
0.982596
0.97173
0.969396
0.970831
0.977074
0.98129
1
1
1
1
1
1
1
1
1
1
1
1
1
1
1
1
1
1
1
1
1
1
1
1
1
1
1
1
1
1
1
1
1
1
1
1
1
1
1
1
1
1
1
1
1
1
1
1
1
1
1
1
1
1
1
1
1
1
1
1
1
1
1
1
1
1
1
1
1
1
1
1
1
1
1
1
1
1
1
1
1
1
1
1
1
1
1
1
1
1
1
1
1
1
1
1
1
1
1
1
1
1
1
1
1
1
1
1
1
1
1
1
1
1
0.999999
0.999998
0.999989
0.999924
0.999601
0.999438
0.999394
0.999284
0.998847
0.99868
0.998937
0.999312
0.999488
0.999567
0.999634
0.999698
0.999789
0.999856
0.999914
0.999939
0.999945
0.999939
0.999906
0.999847
0.999772
0.999739
0.999772
0.999844
0.999921
0.999962
0.999983
0.999991
0.999993
0.999993
0.999992
0.999989
0.999986
0.999983
0.999977
0.999971
0.999962
0.99994
0.999904
0.999875
0.999851
0.999791
0.999697
0.999624
0.99959
0.999538
0.999369
0.999097
0.999008
0.999009
0.998967
0.998616
0.99694
0.99518
0.992956
0.986673
0.974263
0.967233
0.966451
0.969985
0.978016
0.980848
1
1
1
1
1
1
1
1
1
1
1
1
1
1
1
1
1
1
1
1
1
1
1
1
1
1
1
1
1
1
1
1
1
1
1
1
1
1
1
1
1
1
1
1
1
1
1
1
1
1
1
1
1
1
1
1
1
1
1
1
1
1
1
1
1
1
1
1
1
1
1
1
1
1
1
1
1
1
1
1
1
1
1
1
1
1
1
1
1
1
1
1
1
1
1
1
1
1
1
1
1
1
1
1
1
1
1
1
1
1
1
1
1
0.999999
0.999997
0.999991
0.999973
0.999846
0.999401
0.999252
0.99923
0.999159
0.998756
0.998564
0.998878
0.999279
0.999406
0.999405
0.999332
0.999321
0.999378
0.999508
0.999688
0.99984
0.999918
0.999953
0.999963
0.999964
0.999957
0.999954
0.999959
0.999969
0.999978
0.999983
0.999985
0.999984
0.99998
0.999971
0.999955
0.999934
0.999909
0.999869
0.999791
0.999662
0.999457
0.999192
0.998945
0.998707
0.998392
0.998008
0.997662
0.997464
0.997398
0.997297
0.996939
0.996483
0.996416
0.996475
0.99636
0.995003
0.989837
0.986818
0.984511
0.978405
0.967846
0.962256
0.962209
0.968208
0.976171
0.977825
1
1
1
1
1
1
1
1
1
1
1
1
1
1
1
1
1
1
1
1
1
1
1
1
1
1
1
1
1
1
1
1
1
1
1
1
1
1
1
1
1
1
1
1
1
1
1
1
1
1
1
1
1
1
1
1
1
1
1
1
1
1
1
1
1
1
1
1
1
1
1
1
1
1
1
1
1
1
1
1
1
1
1
1
1
1
1
1
1
1
1
1
1
1
1
1
1
1
1
1
1
1
1
1
1
1
1
1
1
1
1
1
0.999999
0.999996
0.999982
0.999963
0.999924
0.999694
0.999167
0.999034
0.999012
0.998943
0.998552
0.998377
0.998731
0.999111
0.999099
0.998903
0.998518
0.998226
0.998098
0.998233
0.998595
0.999096
0.999492
0.999758
0.999875
0.999924
0.99994
0.999944
0.999946
0.999947
0.999941
0.999926
0.999897
0.999844
0.999759
0.999616
0.99936
0.999043
0.998629
0.997928
0.996783
0.995291
0.993713
0.99239
0.991398
0.990576
0.989978
0.98968
0.989598
0.989713
0.990282
0.990512
0.990401
0.98992
0.989839
0.989875
0.989305
0.985299
0.977981
0.975118
0.97292
0.967014
0.958502
0.954799
0.955576
0.963069
0.968868
0.969192
1
1
1
1
1
1
1
1
1
1
1
1
1
1
1
1
1
1
1
1
1
1
1
1
1
1
1
1
1
1
1
1
1
1
1
1
1
1
1
1
1
1
1
1
1
1
1
1
1
1
1
1
1
1
1
1
1
1
1
1
1
1
1
1
1
1
1
1
1
1
1
1
1
1
1
1
1
1
1
1
1
1
1
1
1
1
1
1
1
1
1
1
1
1
1
1
1
1
1
1
1
1
1
1
1
0.999999
0.999999
0.999999
0.999999
0.999998
0.999997
0.999991
0.999984
0.999959
0.999896
0.999862
0.999802
0.999493
0.998943
0.998769
0.998708
0.99858
0.998188
0.998097
0.998465
0.998695
0.998416
0.997693
0.996412
0.995119
0.9941
0.993746
0.993959
0.995063
0.99637
0.997791
0.998586
0.999009
0.999195
0.999246
0.99924
0.999151
0.998961
0.99861
0.998021
0.997058
0.995655
0.993786
0.991242
0.988099
0.984065
0.979175
0.973926
0.969151
0.965925
0.964254
0.963775
0.964309
0.96682
0.970523
0.973623
0.975352
0.976001
0.976079
0.975824
0.974817
0.974133
0.973306
0.970984
0.965489
0.960215
0.957079
0.953858
0.949173
0.94563
0.945117
0.946998
0.95249
0.95335
0.951366
1
1
1
1
1
1
1
1
1
1
1
1
1
1
1
1
1
1
1
1
1
1
1
1
1
1
1
1
1
1
1
1
1
1
1
1
1
1
1
1
1
1
1
1
1
1
1
1
1
1
1
1
1
1
1
1
1
1
1
1
1
1
1
1
1
1
1
1
1
1
1
1
1
1
1
1
1
1
1
1
1
1
1
1
1
1
1
1
1
1
1
1
1
1
1
1
1
1
1
1
1
1
0.999999
0.999997
0.999993
0.999983
0.999977
0.999975
0.999973
0.999964
0.999931
0.999832
0.999654
0.999566
0.999509
0.99951
0.999492
0.999292
0.998779
0.998549
0.998402
0.99804
0.997741
0.99775
0.998157
0.998295
0.99788
0.996702
0.994418
0.990772
0.985742
0.980842
0.978219
0.977453
0.978541
0.982318
0.985642
0.987863
0.98896
0.989223
0.988706
0.987439
0.985036
0.981128
0.97539
0.967375
0.957256
0.948215
0.940032
0.932886
0.927183
0.924205
0.924793
0.928108
0.931565
0.935323
0.939021
0.942148
0.945049
0.947958
0.949631
0.949933
0.949845
0.949543
0.948852
0.947078
0.945659
0.945246
0.944446
0.942198
0.93961
0.938236
0.937727
0.937711
0.938665
0.940985
0.941138
0.939612
0.935077
0.93121
1
1
1
1
1
1
1
1
1
1
1
1
1
1
1
1
1
1
1
1
1
1
1
1
1
1
1
1
1
1
1
1
1
1
1
1
1
1
1
1
1
1
1
1
1
1
1
1
1
1
1
1
1
1
1
1
1
1
1
1
1
1
1
1
1
1
1
1
1
1
1
1
1
1
1
1
1
1
1
1
1
1
1
1
1
1
1
1
1
1
1
1
1
1
1
1
1
1
1
1
0.999999
0.999995
0.999972
0.99987
0.999768
0.999736
0.999731
0.999722
0.999652
0.999342
0.998975
0.99881
0.998763
0.998754
0.998735
0.998742
0.998725
0.998525
0.998239
0.998134
0.997989
0.997589
0.997437
0.99757
0.998108
0.998204
0.997881
0.996847
0.994706
0.990605
0.983603
0.973828
0.962397
0.951355
0.943229
0.939472
0.937671
0.936481
0.934899
0.932873
0.92974
0.924924
0.918172
0.910345
0.903257
0.899014
0.896742
0.896018
0.897093
0.898507
0.900879
0.905206
0.909421
0.913523
0.917468
0.920569
0.922386
0.923462
0.924903
0.928272
0.930606
0.931018
0.930751
0.929627
0.928954
0.929079
0.93057
0.932003
0.932355
0.932472
0.932954
0.933999
0.935418
0.937427
0.93924
0.939831
0.938112
0.926345
0.918128
0.914244
0.889305
0.8893
0.890026
0.894351
0.899498
0.900063
0.89821
0.883782
0.825473
0.777235
0.7646
0.768952
0.795293
0.81331
0.81658
0.813957
0.80706
0.805634
0.806728
0.814871
0.82087
0.833409
0.835073
0.856892
0.854942
0.869622
0.870788
0.877165
0.898959
0.915129
0.916739
0.912314
0.90748
0.907139
0.904061
0.890612
0.843877
0.817195
0.816462
0.825621
0.83495
0.837693
0.839365
0.846584
0.871671
0.895198
0.924143
0.937839
0.951506
0.953625
0.86414
0.866454
0.875651
0.905029
0.937331
0.955229
0.960785
0.964678
0.967328
0.9657
0.953924
0.905176
0.844154
0.829176
0.837446
0.86078
0.875006
0.888551
0.905197
0.925251
0.940202
0.946554
0.950981
0.938774
0.93895
0.864252
0.866851
0.875666
0.90352
0.937503
0.96188
0.975972
0.983974
0.988263
0.988937
0.985847
0.963751
0.889201
0.85325
0.853538
0.871934
0.894383
0.91171
0.927076
0.937911
0.94324
0.938576
0.931887
0.905028
0.909208
0.870245
0.874875
0.886692
0.916236
0.946499
0.968226
0.981489
0.988076
0.991059
0.992049
0.9917
0.984596
0.937845
0.880551
0.870768
0.877865
0.899659
0.918608
0.931869
0.93772
0.937001
0.914902
0.905883
0.898181
0.90479
0.881006
0.891807
0.917035
0.948276
0.972865
0.985932
0.991093
0.992253
0.991976
0.992009
0.992162
0.990441
0.971361
0.909179
0.887501
0.888969
0.900831
0.919613
0.93129
0.931999
0.918921
0.89858
0.896508
0.898728
0.906759
0.898677
0.926051
0.956812
0.978584
0.989573
0.993668
0.99412
0.993655
0.991116
0.988964
0.989194
0.989293
0.98337
0.942202
0.904295
0.900941
0.90513
0.918978
0.925804
0.919476
0.901975
0.89317
0.895369
0.908062
0.915171
0.939046
0.967008
0.983675
0.992238
0.995349
0.995394
0.994725
0.992815
0.988192
0.984868
0.984513
0.985848
0.984756
0.967077
0.923587
0.910502
0.910818
0.915614
0.917418
0.907043
0.893402
0.892231
0.897684
0.923128
0.927078
0.974072
0.987951
0.994509
0.996701
0.996611
0.995535
0.99174
0.987425
0.984987
0.982963
0.982356
0.983046
0.983425
0.977246
0.946261
0.922013
0.916154
0.914583
0.909634
0.895853
0.889556
0.893004
0.907375
0.933094
0.933721
0.990774
0.996143
0.997769
0.997636
0.996301
0.991424
0.985673
0.983153
0.982351
0.981715
0.981387
0.98158
0.982301
0.980314
0.963829
0.935445
0.923368
0.913545
0.901041
0.889841
0.888007
0.898034
0.920804
0.936461
0.936416
0.997298
0.998578
0.998478
0.997162
0.991879
0.985
0.982271
0.9811
0.980223
0.980242
0.980506
0.980903
0.981547
0.980946
0.973571
0.949187
0.931134
0.912534
0.895331
0.886847
0.887538
0.906906
0.928822
0.93754
0.937557
0.999164
0.999118
0.998121
0.993116
0.985501
0.981467
0.979548
0.978688
0.976741
0.976747
0.977544
0.979538
0.981043
0.981003
0.97771
0.961658
0.938659
0.912502
0.89196
0.885395
0.888078
0.914752
0.932903
0.93777
0.937857
0.999559
0.998953
0.995532
0.986446
0.981204
0.978503
0.975406
0.973959
0.970799
0.969827
0.97114
0.975207
0.979536
0.98071
0.979389
0.970752
0.946849
0.913477
0.890068
0.884937
0.89102
0.921421
0.93488
0.937493
0.937767
0.999505
0.997486
0.989748
0.981681
0.976537
0.973613
0.971543
0.969861
0.96781
0.963527
0.963058
0.965695
0.974872
0.97969
0.979619
0.975162
0.956235
0.915441
0.889694
0.885061
0.895923
0.926029
0.935714
0.936163
0.936934
0.998772
0.993784
0.984195
0.976524
0.972169
0.970989
0.970513
0.96922
0.967525
0.963127
0.958906
0.959179
0.964454
0.976517
0.979165
0.977025
0.963032
0.919691
0.889991
0.885908
0.901001
0.928603
0.935888
0.933705
0.935229
0.997058
0.988761
0.978443
0.972364
0.970923
0.970795
0.970862
0.970566
0.969149
0.965255
0.958369
0.956271
0.957796
0.968807
0.977615
0.977184
0.96741
0.925286
0.890778
0.887483
0.90544
0.930118
0.935753
0.930742
0.933262
0.993887
0.98264
0.973609
0.971082
0.971081
0.972531
0.973919
0.973987
0.973343
0.970327
0.961265
0.955318
0.955043
0.960238
0.974713
0.976713
0.969914
0.930888
0.892312
0.889405
0.908988
0.931036
0.934954
0.928029
0.931504
0.988857
0.976471
0.971448
0.971015
0.973096
0.975282
0.975157
0.97491
0.974459
0.973066
0.966866
0.956824
0.953919
0.955966
0.969169
0.975507
0.971062
0.935846
0.894496
0.89161
0.911716
0.931435
0.933229
0.925925
0.930037
0.982187
0.97285
0.970882
0.972281
0.975499
0.975507
0.973957
0.972913
0.972955
0.97281
0.970317
0.960018
0.953968
0.954133
0.963636
0.973645
0.97106
0.940155
0.897027
0.893975
0.913862
0.931423
0.931437
0.924393
0.928817
0.976638
0.971168
0.971341
0.974845
0.975676
0.973315
0.967129
0.965125
0.966042
0.969052
0.969738
0.964489
0.954909
0.953512
0.959125
0.971508
0.970543
0.943893
0.899886
0.896431
0.915522
0.930865
0.929573
0.923323
0.927845
0.973034
0.97063
0.972953
0.975615
0.973768
0.965108
0.958252
0.957393
0.957878
0.961266
0.96642
0.965842
0.957462
0.953499
0.956392
0.968857
0.969438
0.946827
0.902358
0.89848
0.916662
0.929708
0.927793
0.922605
0.927095
0.970979
0.970611
0.973968
0.974493
0.967597
0.956824
0.9555
0.955619
0.95579
0.956595
0.961498
0.964086
0.960057
0.953897
0.955096
0.966041
0.968099
0.949108
0.905216
0.900802
0.917471
0.92868
0.926346
0.922153
0.926542
0.969946
0.971006
0.974396
0.971675
0.957309
0.954335
0.954879
0.95535
0.955413
0.955576
0.957222
0.961837
0.960851
0.954812
0.954642
0.963445
0.966708
0.95075
0.908019
0.902794
0.917918
0.92762
0.92523
0.921867
0.92616
0.969328
0.971594
0.972531
0.96461
0.953207
0.953569
0.954834
0.955356
0.955384
0.955248
0.955598
0.959085
0.959985
0.955954
0.954623
0.961361
0.965299
0.951693
0.910293
0.904343
0.918058
0.926548
0.924392
0.921704
0.925967
0.968809
0.971282
0.970313
0.955585
0.951574
0.953419
0.95522
0.955543
0.955491
0.955068
0.955069
0.956837
0.958905
0.956553
0.954686
0.959785
0.963949
0.95231
0.912966
0.906235
0.918005
0.925556
0.923775
0.921617
0.92588
0.96846
0.969807
0.965547
0.951164
0.950943
0.954195
0.955841
0.955954
0.955793
0.955044
0.954718
0.955444
0.957739
0.956598
0.954779
0.958625
0.96269
0.952636
0.915276
0.907692
0.917671
0.924624
0.923283
0.921562
0.925863
0.967686
0.967612
0.957661
0.948971
0.950735
0.955582
0.956565
0.956507
0.956197
0.955173
0.954339
0.954639
0.956601
0.956352
0.954833
0.957758
0.961549
0.952764
0.917169
0.908808
0.917116
0.923626
0.922817
0.921509
0.926055
0.966283
0.964719
0.952244
0.948001
0.952369
0.956558
0.957049
0.956949
0.956571
0.955458
0.954117
0.954118
0.955549
0.955798
0.954849
0.957057
0.96041
0.952709
0.919291
0.910079
0.916519
0.922716
0.922404
0.921413
0.926369
0.964378
0.959681
0.947767
0.947658
0.954726
0.957067
0.95726
0.957208
0.956937
0.956068
0.954152
0.953784
0.954673
0.95518
0.954744
0.956502
0.959353
0.95258
0.921161
0.911097
0.915916
0.921776
0.921792
0.921187
0.927
0.961702
0.953406
0.946179
0.948427
0.957141
0.957255
0.9573
0.957567
0.957512
0.956941
0.954634
0.953623
0.954073
0.954647
0.954526
0.95604
0.958441
0.952401
0.922864
0.911896
0.91521
0.920688
0.921016
0.920848
0.928057
0.95863
0.948768
0.945572
0.951032
0.958405
0.957243
0.957209
0.958043
0.957845
0.957287
0.955204
0.953611
0.953712
0.954199
0.954247
0.955658
0.95768
0.952169
0.924496
0.912774
0.914553
0.919402
0.920017
0.92048
0.92986
0.954332
0.9465
0.945814
0.954111
0.959785
0.956512
0.956736
0.958368
0.957941
0.95733
0.955557
0.953652
0.953529
0.953817
0.953955
0.955347
0.957033
0.95195
0.925862
0.91351
0.914093
0.91803
0.919086
0.920357
0.932513
0.951223
0.946043
0.946799
0.957558
0.960806
0.954986
0.955889
0.958944
0.957986
0.957297
0.955755
0.953719
0.953399
0.953539
0.95371
0.955117
0.956494
0.951793
0.927133
0.914188
0.914209
0.917303
0.918657
0.920831
0.936433
0.950588
0.947142
0.949223
0.961181
0.961819
0.95275
0.954444
0.960126
0.958002
0.95715
0.955871
0.953808
0.953294
0.953339
0.953501
0.954911
0.95603
0.951622
0.928263
0.915629
0.91481
0.91707
0.918662
0.922257
0.942353
0.951171
0.949373
0.952793
0.964265
0.962794
0.949601
0.951829
0.961213
0.95784
0.956846
0.955928
0.953912
0.953229
0.953215
0.95333
0.954756
0.955682
0.9514
0.929688
0.917713
0.91634
0.917464
0.919511
0.926002
0.950583
0.953377
0.952741
0.957636
0.966936
0.963603
0.945675
0.94765
0.961483
0.957712
0.956469
0.955885
0.954047
0.953222
0.953119
0.953209
0.954625
0.955381
0.951267
0.931404
0.919494
0.918105
0.919074
0.922502
0.936015
0.959434
0.957381
0.957236
0.962612
0.969348
0.964735
0.940552
0.941514
0.96149
0.957844
0.956202
0.955778
0.954214
0.953229
0.953057
0.95315
0.954596
0.955132
0.951269
0.932499
0.922103
0.921385
0.923843
0.932388
0.951299
0.965937
0.96253
0.962501
0.967347
0.97164
0.966297
0.93552
0.932509
0.960964
0.958808
0.956094
0.955652
0.95436
0.953242
0.953028
0.953141
0.954621
0.954971
0.951241
0.933234
0.926416
0.927513
0.936542
0.947837
0.961764
0.970712
0.968888
0.968497
0.971751
0.974078
0.968473
0.934479
0.923894
0.959191
0.960438
0.956054
0.955461
0.954425
0.953282
0.953022
0.953152
0.954688
0.954925
0.951155
0.934755
0.932015
0.935604
0.949273
0.958397
0.96879
0.973732
0.976226
0.974773
0.976188
0.976793
0.971179
0.936095
0.922042
0.955429
0.962041
0.956064
0.955184
0.954366
0.953324
0.953026
0.953202
0.954823
0.954935
0.950768
0.937903
0.938029
0.944761
0.957752
0.965444
0.973148
0.975539
0.984852
0.980661
0.980709
0.980497
0.974741
0.940204
0.922197
0.950717
0.96324
0.956282
0.954972
0.95421
0.953371
0.953067
0.953357
0.955117
0.955028
0.950034
0.942622
0.94422
0.95289
0.963227
0.970159
0.97586
0.976507
0.994131
0.987903
0.986774
0.985282
0.978606
0.945703
0.923943
0.946518
0.964085
0.956821
0.954932
0.954156
0.953514
0.953236
0.953809
0.955416
0.955199
0.950065
0.947689
0.950074
0.958691
0.966852
0.973192
0.977122
0.976849
0.99835
0.994149
0.992254
0.989838
0.982564
0.952572
0.927773
0.943871
0.965055
0.957811
0.955172
0.954256
0.953717
0.953519
0.954246
0.955766
0.955443
0.951623
0.951832
0.954814
0.962327
0.969262
0.974939
0.97758
0.976554
0.997707
0.996907
0.995639
0.993094
0.986025
0.95999
0.933274
0.943124
0.965767
0.959607
0.955756
0.95458
0.954021
0.953831
0.954901
0.956479
0.955875
0.954269
0.954936
0.958379
0.964533
0.970967
0.975893
0.977601
0.975525
0.996258
0.996346
0.995871
0.994274
0.988804
0.968114
0.93977
0.943117
0.965893
0.962145
0.956428
0.955167
0.954617
0.954411
0.956161
0.957371
0.956701
0.956439
0.957623
0.960834
0.966179
0.972441
0.976357
0.976968
0.973548
0.992755
0.994984
0.994921
0.993894
0.989904
0.975676
0.94673
0.943453
0.96578
0.964851
0.957361
0.955783
0.955378
0.955371
0.957242
0.958083
0.957879
0.958464
0.960196
0.962567
0.967711
0.973626
0.975984
0.975844
0.970539
0.987965
0.992494
0.992938
0.992333
0.989662
0.981003
0.954914
0.943736
0.96465
0.966577
0.958786
0.956583
0.956043
0.956272
0.957901
0.95892
0.959337
0.960562
0.962024
0.964026
0.96949
0.974194
0.97509
0.974264
0.966656
0.984511
0.990027
0.990685
0.990226
0.988556
0.982811
0.962956
0.943923
0.96202
0.967724
0.960808
0.957959
0.957025
0.957076
0.958954
0.960191
0.961064
0.962246
0.963302
0.965407
0.9713
0.974118
0.974039
0.971975
0.961819
0.983919
0.988284
0.988766
0.988343
0.987047
0.982652
0.968148
0.943985
0.958265
0.968415
0.963228
0.960111
0.958802
0.958506
0.960789
0.961784
0.962623
0.963384
0.964216
0.967281
0.972548
0.973673
0.972557
0.968608
0.95592
0.984499
0.987409
0.987538
0.986948
0.985591
0.981432
0.970057
0.943747
0.953888
0.968568
0.966041
0.961984
0.96113
0.960985
0.962504
0.96315
0.963621
0.964059
0.965041
0.969678
0.97319
0.973176
0.970119
0.964668
0.947415
0.984649
0.986351
0.986088
0.984828
0.983169
0.97889
0.969761
0.943681
0.94878
0.968238
0.96896
0.963559
0.962769
0.962888
0.963574
0.963883
0.964125
0.964614
0.966573
0.972066
0.973451
0.972025
0.966437
0.959495
0.931626
0.983834
0.984869
0.983588
0.980794
0.979932
0.976316
0.968564
0.943506
0.942477
0.965938
0.970143
0.9656
0.96394
0.96376
0.964143
0.964349
0.964683
0.965654
0.970063
0.973511
0.973262
0.968414
0.962711
0.951706
0.900107
0.981265
0.981953
0.978487
0.974511
0.974899
0.971838
0.965252
0.942862
0.935593
0.96061
0.970536
0.969512
0.965574
0.964953
0.964937
0.965221
0.966006
0.969088
0.973269
0.973925
0.971419
0.963853
0.9572
0.936918
0.839423
0.974607
0.975197
0.968138
0.964226
0.966064
0.962956
0.956875
0.939611
0.929141
0.951394
0.969442
0.971572
0.969841
0.967961
0.967441
0.968369
0.970515
0.973252
0.974086
0.973107
0.965762
0.959741
0.948186
0.899722
0.732634
0.957437
0.957647
0.951187
0.951778
0.957799
0.954524
0.944559
0.931434
0.922416
0.939802
0.964146
0.971033
0.971981
0.971599
0.971505
0.972245
0.973091
0.973538
0.972871
0.967175
0.959812
0.951643
0.923272
0.794919
0.607338
0.939855
0.94085
0.939249
0.944938
0.950243
0.942707
0.916167
0.913386
0.910603
0.932101
0.953272
0.964406
0.968771
0.969938
0.970338
0.970669
0.97046
0.968976
0.963836
0.957277
0.948959
0.925807
0.836164
0.621624
0.541449
0.924388
0.924833
0.926027
0.9352
0.936108
0.927232
0.881641
0.883467
0.893122
0.929692
0.948389
0.952692
0.955148
0.957232
0.957823
0.957152
0.955351
0.951997
0.947753
0.941604
0.926299
0.858974
0.66524
0.541588
0.520941
)
;

boundaryField
{
    inlet
    {
        type            fixedValue;
        value           uniform 1;
    }
    outlet
    {
        type            inletOutlet;
        inletValue      uniform 0;
        value           nonuniform List<scalar> 
57
(
0.854942
0.953625
0.93895
0.909208
0.90479
0.906759
0.915171
0.927078
0.933721
0.936416
0.937557
0.937857
0.937767
0.936934
0.935229
0.933262
0.931504
0.930037
0.928817
0.927845
0.927095
0.926542
0.92616
0.925967
0.92588
0.925863
0.926055
0.926369
0.927
0.928057
0.92986
0.932513
0.936433
0.942353
0.950583
0.959434
0.965937
0.970712
0.973732
0.975539
0.976507
0.976849
0.976554
0.975525
0.973548
0.970539
0.966656
0.961819
0.95592
0.947415
0.931626
0.900107
0.839423
0.732634
0.607338
0.541449
0.520941
)
;
    }
    upperWall
    {
        type            zeroGradient;
    }
    lowerWall
    {
        type            zeroGradient;
    }
    frontAndBack
    {
        type            empty;
    }
}


// ************************************************************************* //
