/*--------------------------------*- C++ -*----------------------------------*\
  =========                 |
  \\      /  F ield         | OpenFOAM: The Open Source CFD Toolbox
   \\    /   O peration     | Website:  https://openfoam.org
    \\  /    A nd           | Version:  9
     \\/     M anipulation  |
\*---------------------------------------------------------------------------*/
FoamFile
{
    format      ascii;
    class       volScalarField;
    location    "0.038";
    object      p;
}
// * * * * * * * * * * * * * * * * * * * * * * * * * * * * * * * * * * * * * //

dimensions      [0 2 -2 0 0 0 0];

internalField   nonuniform List<scalar> 
12225
(
1011.02
1002.41
993.826
985.261
976.793
968.514
960.432
952.652
945.283
938.344
931.798
925.583
919.635
913.861
908.174
902.425
896.306
888.894
1010.72
1002.43
993.859
985.268
976.778
968.492
960.415
952.645
945.278
938.329
931.762
925.518
919.535
913.722
907.987
902.206
896.088
889.053
1011.62
1002.54
993.91
985.285
976.773
968.478
960.404
952.642
945.276
938.31
931.709
925.418
919.374
913.493
907.687
901.829
895.703
889.025
1011.03
1002.55
994.01
985.341
976.789
968.47
960.388
952.625
945.25
938.261
931.623
925.286
919.19
913.256
907.392
901.491
895.409
889.065
1011.06
1002.62
994.117
985.406
976.81
968.464
960.368
952.601
945.219
938.21
931.54
925.161
919.015
913.028
907.116
901.198
895.196
889.125
1010.45
1002.7
994.291
985.531
976.86
968.466
960.347
952.569
945.173
938.141
931.438
925.02
918.83
912.801
906.866
900.966
895.062
889.203
1008.22
1002.85
994.523
985.669
976.918
968.469
960.318
952.524
945.112
938.059
931.33
924.881
918.655
912.598
906.654
900.787
894.98
889.279
1008.28
1003.34
994.888
985.875
977.002
968.469
960.277
952.467
945.041
937.967
931.211
924.733
918.479
912.402
906.461
900.634
894.915
889.334
1011.93
1004.43
995.381
986.111
977.092
968.462
960.22
952.388
944.942
937.849
931.079
924.588
918.321
912.238
906.31
900.522
894.873
889.383
1017.02
1005.72
995.999
986.396
977.192
968.45
960.151
952.289
944.826
937.722
930.942
924.439
918.165
912.088
906.187
900.45
894.874
889.464
1019.4
1007.07
996.665
986.712
977.299
968.424
960.056
952.156
944.671
937.561
930.784
924.29
918.031
911.978
906.115
900.431
894.921
889.581
1019.82
1008.41
997.297
986.981
977.339
968.338
959.92
952.003
944.512
937.4
930.623
924.136
917.899
911.882
906.065
900.434
894.981
889.699
1022.41
1009.51
997.919
987.239
977.359
968.227
959.75
951.803
944.305
937.199
930.436
923.969
917.76
911.78
906.01
900.435
895.046
889.829
1019.68
1010.67
998.628
987.377
977.2
967.959
959.449
951.502
944.025
936.944
930.204
923.763
917.589
911.653
905.937
900.425
895.104
889.965
1030.64
1013.41
999.205
987.292
976.856
967.535
958.994
951.05
943.604
936.567
929.875
923.491
917.384
911.523
905.887
900.459
895.23
890.189
1036.95
1014.41
998.832
986.511
975.976
966.683
958.227
950.385
943.039
936.093
929.482
923.181
917.163
911.394
905.848
900.515
895.384
890.447
1034.31
1012.3
996.765
984.378
974.118
965.145
956.936
949.289
942.125
935.343
928.876
922.708
916.819
911.18
905.767
900.572
895.585
890.802
1020.11
1001.51
989.2
979.458
970.651
962.566
954.966
947.748
940.892
934.362
928.122
922.155
916.44
910.959
905.704
900.667
895.837
891.207
978.055
982.151
978.431
972.561
965.817
958.913
952.133
945.533
939.134
932.961
927.027
921.326
915.843
910.576
905.527
900.689
896.053
891.61
986.604
979.522
974.026
968.356
962.291
956.06
949.842
943.7
937.671
931.797
926.113
920.634
915.351
910.263
905.372
900.68
896.181
891.869
971.876
973.607
970.551
965.621
960.042
954.167
948.239
942.372
936.588
930.918
925.412
920.089
914.946
909.983
905.206
900.619
896.221
892.005
984.421
975.728
969.744
964.329
958.66
952.887
947.16
941.481
935.842
930.302
924.917
919.705
914.663
909.79
905.094
900.582
896.252
892.098
974.234
973.171
968.662
963.427
957.849
952.096
946.416
940.818
935.284
929.85
924.556
919.421
914.446
909.637
905
900.541
896.262
892.156
982.214
974.249
968.221
962.722
957.17
951.529
945.912
940.37
934.898
929.528
924.294
919.216
914.299
909.543
904.95
900.523
896.267
892.184
978.3
973.665
968.054
962.438
956.812
951.157
945.541
940.052
934.632
929.314
924.123
919.077
914.187
909.458
904.895
900.5
896.275
892.217
977.592
973.203
967.777
962.136
956.555
950.959
945.389
939.868
934.466
929.172
924.004
918.981
914.113
909.406
904.861
900.483
896.27
892.225
981.436
973.616
967.638
961.955
956.369
950.79
945.217
939.721
934.348
929.083
923.938
918.93
914.073
909.375
904.843
900.477
896.276
892.237
980.387
973.451
967.519
961.878
956.315
950.738
945.151
939.651
934.281
929.028
923.897
918.901
914.051
909.359
904.832
900.471
896.273
892.233
977.416
973.187
967.438
961.79
956.244
950.676
945.091
939.599
934.242
929.002
923.881
918.893
914.047
909.356
904.832
900.475
896.279
892.24
978.754
973.189
967.399
961.795
956.252
950.666
945.068
939.571
934.22
928.989
923.877
918.892
914.048
909.358
904.835
900.48
896.285
892.244
793.774
793.511
793.255
793.051
792.932
792.874
792.822
792.584
792.075
791.228
790.041
788.548
786.826
784.988
783.155
781.439
779.94
778.741
777.912
777.492
777.487
777.868
778.583
779.506
780.483
781.217
781.473
780.762
779.171
777.432
775.506
773.225
770.484
767.528
765.383
764.596
765.19
766.774
767.989
767.028
764.369
761.948
760.161
758.525
756.338
754.325
752.305
751.195
751.722
750.963
748.286
744.007
738.341
731.774
724.718
717.498
710.295
703.207
696.277
689.525
682.971
676.644
670.595
664.89
659.612
654.847
650.67
647.138
644.291
642.186
640.774
640
639.791
640.047
640.673
641.569
642.649
643.834
645.065
646.294
647.49
648.633
649.714
650.732
651.689
652.588
653.433
654.224
654.956
655.619
656.196
656.668
657.012
657.207
657.232
657.07
656.709
656.144
655.371
654.39
653.202
651.807
650.204
648.389
646.356
644.101
641.619
638.909
635.978
632.833
629.489
625.964
622.278
618.456
614.522
610.504
606.427
602.312
598.17
594.009
589.831
585.642
581.449
577.261
573.081
568.916
564.761
560.603
556.429
552.234
548.016
543.78
539.528
535.264
530.987
526.694
522.385
518.06
513.715
509.35
504.961
500.546
496.103
491.629
487.123
482.581
478.003
473.386
468.731
464.043
459.323
454.573
449.794
444.983
440.138
435.258
430.341
425.386
420.395
415.368
410.306
405.209
400.076
394.907
389.701
384.459
379.179
373.862
368.509
363.12
357.696
352.24
346.754
341.242
335.708
330.161
324.611
319.073
313.579
308.155
793.264
793.075
792.969
792.929
792.862
792.695
792.361
791.773
790.883
789.691
788.224
786.537
784.714
782.856
781.065
779.432
778.021
776.878
776.026
775.475
775.287
775.482
776.025
776.818
777.731
778.541
779.029
778.936
778.171
777.388
775.669
771.887
768.213
764.341
761.602
760.566
760.841
762.239
764.204
764.487
762.648
760.503
759.007
757.935
757.677
756.355
751.379
748.502
748.31
746.914
743.977
739.608
734.084
727.839
721.23
714.493
707.748
701.048
694.414
687.865
681.431
675.163
669.133
663.429
658.15
653.395
649.261
645.823
643.118
641.106
639.785
639.104
638.98
639.325
640.035
641.01
642.158
643.401
644.677
645.94
647.16
648.317
649.406
650.427
651.384
652.283
653.13
653.926
654.667
655.343
655.937
656.429
656.794
657.007
657.048
656.897
656.542
655.978
655.203
654.217
653.023
651.622
650.016
648.2
646.171
643.922
641.449
638.751
635.832
632.701
629.372
625.861
622.188
618.378
614.455
610.445
606.375
602.266
598.132
593.978
589.805
585.617
581.423
577.235
573.059
568.898
564.742
560.58
556.402
552.211
547.998
543.767
539.521
535.26
530.985
526.694
522.386
518.059
513.713
509.347
504.956
500.54
496.095
491.62
487.113
482.571
477.993
473.377
468.725
464.038
459.319
454.571
449.792
444.983
440.139
435.259
430.342
425.388
420.397
415.37
410.308
405.21
400.077
394.908
389.702
384.459
379.178
373.86
368.506
363.117
357.692
352.235
346.747
341.232
335.696
330.143
324.587
319.033
313.521
308.03
794.5
794.522
794.347
793.991
793.406
792.522
791.325
789.865
788.197
786.353
784.377
782.335
780.303
778.352
776.539
774.915
773.522
772.397
771.572
771.061
770.838
770.872
771.141
771.618
772.246
772.939
773.553
773.933
773.816
773.075
771.466
769.077
766.121
762.73
760.006
759.197
759.659
760.904
762.604
762.516
760.65
759.257
760.204
758.58
756.368
754.914
751.878
748.263
745.045
741.637
737.766
733.231
728.128
722.581
716.75
710.732
704.599
698.382
692.105
685.796
679.503
673.297
667.271
661.535
656.207
651.404
647.236
643.793
641.099
639.157
637.943
637.399
637.434
637.943
638.814
639.936
641.212
642.562
643.921
645.246
646.508
647.692
648.794
649.818
650.775
651.675
652.525
653.331
654.091
654.794
655.423
655.955
656.361
656.614
656.688
656.561
656.22
655.659
654.879
653.882
652.674
651.261
649.646
647.829
645.805
643.567
641.111
638.433
635.537
632.431
629.128
625.644
621.998
618.21
614.306
610.312
606.254
602.156
598.034
593.891
589.728
585.551
581.37
577.186
573.015
568.854
564.702
560.546
556.378
552.183
547.97
543.743
539.501
535.245
530.973
526.683
522.375
518.049
513.703
509.336
504.946
500.53
496.084
491.609
487.101
482.558
477.981
473.367
468.718
464.035
459.321
454.574
449.796
444.986
440.141
435.26
430.343
425.39
420.4
415.374
410.313
405.215
400.082
394.911
389.704
384.46
379.178
373.859
368.503
363.112
357.685
352.225
346.734
341.214
335.671
330.106
324.535
318.954
313.393
307.81
794.126
794.219
793.966
793.19
791.866
790.14
788.219
786.233
784.228
782.221
780.229
778.277
776.393
774.612
772.968
771.491
770.214
769.16
768.349
767.776
767.401
767.197
767.154
767.267
767.52
767.89
768.315
768.727
768.98
768.949
768.479
767.502
766.111
764.672
763.709
763.66
764.322
765.294
765.38
763.906
762.184
759.784
758.599
757.399
755.054
752.286
748.952
745.29
741.341
737.137
732.723
728.04
723.108
717.941
712.587
707.066
701.386
695.536
689.521
683.366
677.13
670.905
664.809
658.98
653.565
648.702
644.499
641.032
638.375
636.536
635.477
635.121
635.366
636.091
637.171
638.485
639.929
641.418
642.887
644.293
645.609
646.824
647.939
648.965
649.916
650.81
651.661
652.477
653.26
654.001
654.681
655.272
655.742
656.057
656.184
656.099
655.783
655.231
654.445
653.431
652.202
650.767
649.135
647.309
645.287
643.063
640.629
637.98
635.115
632.042
628.775
625.329
621.721
617.97
614.098
610.129
606.089
602.002
597.89
593.763
589.617
585.449
581.272
577.106
572.95
568.801
564.654
560.5
556.33
552.137
547.928
543.705
539.468
535.217
530.95
526.665
522.36
518.036
513.692
509.325
504.935
500.518
496.073
491.597
487.088
482.546
477.97
473.358
468.711
464.031
459.318
454.573
449.795
444.985
440.14
435.26
430.344
425.392
420.403
415.378
410.316
405.218
400.084
394.913
389.704
384.459
379.176
373.855
368.498
363.105
357.676
352.213
346.717
341.191
335.639
330.063
324.473
318.863
313.252
307.596
795.139
794.566
793.347
791.582
789.564
787.495
785.444
783.423
781.441
779.498
777.594
775.737
773.951
772.278
770.756
769.413
768.261
767.296
766.504
765.89
765.463
765.202
765.055
764.98
764.975
765.059
765.247
765.555
765.979
766.509
767.108
767.738
768.367
769.098
769.943
770.987
771.939
772.515
771.709
769.038
766.193
763.114
759.892
756.629
753.21
749.602
745.776
741.818
737.632
733.224
728.625
723.876
719.008
714.043
708.983
703.795
698.426
692.823
686.957
680.85
674.577
668.258
662.038
656.076
650.536
645.571
641.3
637.813
635.208
633.472
632.562
632.397
632.867
633.836
635.162
636.709
638.361
640.024
641.631
643.139
644.524
645.78
646.912
647.938
648.882
649.768
650.619
651.447
652.257
653.042
653.782
654.445
654.994
655.386
655.583
655.55
655.266
654.722
653.922
652.88
651.612
650.139
648.477
646.634
644.612
642.404
640.001
637.392
634.573
631.546
628.324
624.923
621.362
617.657
613.827
609.894
605.883
601.817
597.718
593.602
589.47
585.32
581.158
577.002
572.862
568.728
564.591
560.441
556.273
552.082
547.875
543.655
539.423
535.178
530.918
526.64
522.341
518.021
513.679
509.313
504.922
500.504
496.058
491.582
487.074
482.533
477.957
473.347
468.702
464.024
459.313
454.57
449.794
444.984
440.139
435.26
430.344
425.393
420.404
415.379
410.318
405.22
400.085
394.914
389.704
384.458
379.173
373.852
368.493
363.097
357.665
352.198
346.698
341.165
335.604
330.015
324.404
318.766
313.107
307.391
794.952
793.709
791.569
789.366
787.237
785.182
783.174
781.185
779.193
777.187
775.18
773.197
771.28
769.47
767.817
766.372
765.175
764.255
763.618
763.246
763.085
763.073
763.141
763.243
763.349
763.467
763.64
763.933
764.428
765.205
766.33
767.824
769.603
771.546
773.502
775.201
776.411
776.543
775.182
772.288
768.349
764.133
759.829
755.574
751.41
747.273
743.079
738.815
734.411
729.862
725.18
720.421
715.629
710.832
706
701.061
695.909
690.447
684.625
678.47
672.08
665.598
659.182
653.002
647.228
642.035
637.599
634.06
631.424
629.726
628.942
628.99
629.74
631.032
632.691
634.554
636.484
638.377
640.164
641.803
643.275
644.581
645.734
646.761
647.695
648.573
649.426
650.276
651.131
651.984
652.812
653.577
654.232
654.722
654.999
655.022
654.765
654.218
653.386
652.292
650.96
649.423
647.705
645.824
643.785
641.586
639.216
636.66
633.905
630.946
627.786
624.442
620.934
617.282
613.504
609.616
605.642
601.605
597.528
593.429
589.315
585.182
581.035
576.889
572.76
568.64
564.518
560.377
556.211
552.022
547.817
543.601
539.372
535.133
530.879
526.608
522.316
518.002
513.663
509.299
504.908
500.49
496.043
491.566
487.059
482.518
477.944
473.336
468.693
464.018
459.309
454.566
449.791
444.982
440.138
435.259
430.344
425.392
420.405
415.38
410.319
405.221
400.086
394.914
389.704
384.456
379.17
373.846
368.485
363.087
357.652
352.181
346.675
341.136
335.564
329.961
324.33
318.665
312.964
307.197
791.948
790.621
788.843
787.009
785.159
783.274
781.331
779.316
777.228
775.081
772.907
770.755
768.683
766.75
765.016
763.536
762.352
761.491
760.961
760.75
760.81
761.07
761.442
761.839
762.197
762.498
762.769
763.082
763.552
764.316
765.49
767.111
769.191
771.477
773.787
775.518
776.588
776.213
774.537
771.322
767.219
762.776
758.307
753.9
749.547
745.206
740.821
736.363
731.793
727.125
722.385
717.637
712.93
708.283
703.641
698.889
693.874
688.46
682.581
676.27
669.646
662.867
656.104
649.533
643.35
637.773
633.037
629.304
626.614
624.998
624.425
624.79
625.935
627.664
629.763
632.035
634.316
636.495
638.501
640.297
641.872
643.232
644.402
645.417
646.326
647.178
648.021
648.886
649.793
650.735
651.685
652.596
653.403
654.039
654.442
654.562
654.363
653.831
652.964
651.808
650.392
648.761
646.953
644.996
642.906
640.683
638.32
635.803
633.112
630.233
627.159
623.892
620.451
616.859
613.137
609.302
605.373
601.372
597.322
593.243
589.148
585.038
580.91
576.776
572.65
568.54
564.429
560.297
556.138
551.955
547.754
543.541
539.319
535.084
530.835
526.57
522.285
517.976
513.642
509.279
504.889
500.471
496.024
491.548
487.041
482.502
477.93
473.324
468.683
464.01
459.302
454.561
449.787
444.978
440.135
435.257
430.342
425.392
420.405
415.381
410.32
405.222
400.086
394.913
389.702
384.452
379.165
373.84
368.477
363.076
357.638
352.163
346.651
341.104
335.522
329.905
324.254
318.562
312.824
307.016
789.062
788.148
786.907
785.422
783.773
781.995
780.094
778.066
775.919
773.675
771.381
769.095
766.889
764.834
763.003
761.458
760.251
759.404
758.926
758.824
759.058
759.544
760.181
760.859
761.483
761.996
762.403
762.749
763.132
763.719
764.65
766.01
767.8
769.805
771.775
773.157
773.639
773.017
771.16
768.044
764.264
760.191
756.048
751.869
747.64
743.335
738.93
734.412
729.776
725.051
720.288
715.56
710.921
706.383
701.869
697.232
692.276
686.825
680.784
674.196
667.202
659.981
652.718
645.618
638.927
632.922
627.862
623.932
621.222
619.73
619.402
620.115
621.69
623.901
626.497
629.237
631.925
634.428
636.678
638.647
640.331
641.746
642.926
643.918
644.783
645.59
646.4
647.264
648.208
649.233
650.309
651.379
652.369
653.196
653.778
654.046
653.95
653.475
652.625
651.442
649.97
648.259
646.358
644.307
642.132
639.844
637.441
634.914
632.251
629.434
626.444
623.27
619.915
616.397
612.739
608.96
605.08
601.119
597.1
593.045
588.97
584.88
580.777
576.663
572.548
568.438
564.328
560.201
556.051
551.877
547.687
543.483
539.266
535.035
530.79
526.529
522.249
517.945
513.614
509.254
504.866
500.449
496.004
491.529
487.023
482.485
477.915
473.311
468.673
464.001
459.295
454.556
449.782
444.974
440.132
435.254
430.34
425.391
420.404
415.38
410.319
405.221
400.085
394.911
389.699
384.449
379.16
373.833
368.468
363.064
357.622
352.143
346.625
341.07
335.478
329.847
324.176
318.46
312.69
306.846
787.861
787.182
786.203
784.945
783.484
781.837
780
777.974
775.77
773.426
770.999
768.564
766.201
763.992
762.02
760.352
759.046
758.147
757.687
757.652
757.998
758.64
759.464
760.346
761.171
761.854
762.375
762.759
763.083
763.507
764.144
765.135
766.43
767.957
769.251
770.099
770.027
769.23
767.345
764.563
761.243
757.639
753.882
749.988
745.958
741.783
737.455
732.977
728.361
723.648
718.901
714.195
709.591
705.098
700.636
696.036
691.072
685.52
679.252
672.312
664.868
657.131
649.312
641.655
634.456
628.034
622.666
618.549
615.758
614.287
614.097
615.077
617.041
619.743
622.885
626.17
629.341
632.228
634.753
636.905
638.698
640.161
641.337
642.287
643.091
643.837
644.608
645.471
646.461
647.58
648.791
650.024
651.19
652.194
652.943
653.356
653.384
653.002
652.212
651.048
649.561
647.806
645.843
643.721
641.476
639.124
636.666
634.096
631.409
628.603
625.667
622.578
619.319
615.89
612.307
608.593
604.766
600.849
596.863
592.833
588.777
584.706
580.623
576.532
572.435
568.334
564.222
560.094
555.948
551.785
547.609
543.418
539.212
534.987
530.745
526.487
522.21
517.909
513.581
509.223
504.838
500.423
495.98
491.507
487.003
482.467
477.899
473.297
468.661
463.991
459.287
454.548
449.776
444.969
440.127
435.25
430.338
425.389
420.402
415.379
410.318
405.22
400.084
394.909
389.697
384.445
379.155
373.825
368.458
363.051
357.606
352.122
346.598
341.035
335.432
329.787
324.099
318.361
312.563
306.688
788.438
787.917
787.108
786.007
784.665
783.098
781.306
779.288
777.058
774.653
772.138
769.588
767.093
764.746
762.638
760.848
759.443
758.472
757.955
757.889
758.221
758.861
759.704
760.624
761.496
762.225
762.769
763.144
763.419
763.715
764.156
764.825
765.686
766.61
767.278
767.505
767.147
766.205
764.417
761.965
759.033
755.797
752.332
748.659
744.795
740.745
736.514
732.114
727.564
722.905
718.197
713.508
708.9
704.385
699.893
695.258
690.237
684.568
678.079
670.798
662.916
654.68
646.336
638.157
630.472
623.614
617.866
613.438
610.435
608.861
608.689
609.835
612.119
615.281
618.989
622.881
626.62
629.962
632.806
635.155
637.047
638.533
639.672
640.542
641.244
641.895
642.605
643.463
644.517
645.766
647.157
648.603
649.976
651.161
652.053
652.581
652.697
652.381
651.64
650.507
649.033
647.275
645.288
643.128
640.839
638.445
635.95
633.35
630.635
627.809
624.878
621.838
618.662
615.327
611.831
608.191
604.426
600.557
596.609
592.605
588.569
584.515
580.449
576.376
572.295
568.206
564.102
559.98
555.84
551.687
547.523
543.347
539.153
534.938
530.701
526.445
522.17
517.871
513.545
509.19
504.806
500.395
495.955
491.485
486.983
482.449
477.882
473.282
468.648
463.98
459.278
454.541
449.769
444.963
440.122
435.246
430.334
425.386
420.401
415.378
410.317
405.219
400.082
394.907
389.693
384.44
379.148
373.817
368.447
363.038
357.589
352.1
346.57
340.999
335.386
329.728
324.023
318.264
312.441
306.54
790.791
790.361
789.616
788.589
787.324
785.829
784.096
782.119
779.91
777.498
774.941
772.315
769.713
767.236
764.983
763.043
761.488
760.375
759.732
759.547
759.763
760.29
761.023
761.836
762.611
763.253
763.718
764.02
764.224
764.437
764.753
765.202
765.712
766.129
766.286
766.092
765.601
764.582
762.901
760.65
757.95
754.928
751.632
748.087
744.322
740.351
736.189
731.857
727.376
722.779
718.113
713.434
708.791
704.2
699.608
694.873
689.764
684.003
677.37
669.849
661.629
652.987
644.21
635.591
627.469
620.19
614.04
609.242
605.94
604.158
603.878
605.046
607.497
610.975
615.137
619.583
623.899
627.742
630.946
633.5
635.471
636.941
637.99
638.717
639.252
639.743
640.34
641.16
642.274
643.675
645.292
647.021
648.663
650.065
651.12
651.757
651.941
651.665
650.95
649.836
648.376
646.626
644.637
642.462
640.149
637.738
635.235
632.622
629.889
627.047
624.112
621.09
617.966
614.711
611.301
607.739
604.042
600.229
596.325
592.353
588.34
584.303
580.254
576.197
572.132
568.057
563.965
559.855
555.727
551.585
547.433
543.268
539.086
534.882
530.654
526.402
522.128
517.831
513.508
509.155
504.774
500.365
495.928
491.461
486.961
482.429
477.864
473.266
468.634
463.968
459.267
454.532
449.762
444.957
440.117
435.242
430.331
425.383
420.398
415.376
410.315
405.217
400.08
394.904
389.69
384.436
379.142
373.809
368.436
363.024
357.571
352.077
346.542
340.963
335.34
329.669
323.948
318.171
312.326
306.402
794.701
794.302
793.601
792.628
791.418
789.974
788.285
786.347
784.168
781.777
779.224
776.579
773.93
771.375
769.014
766.941
765.245
763.974
763.134
762.709
762.663
762.926
763.396
763.956
764.5
764.952
765.274
765.484
765.643
765.825
766.065
766.335
766.538
766.587
766.458
766.158
765.617
764.553
762.885
760.68
758.051
755.092
751.844
748.334
744.59
740.637
736.496
732.193
727.75
723.194
718.557
713.875
709.181
704.487
699.755
694.879
689.663
683.847
677.186
669.596
661.215
652.328
643.272
634.355
625.904
618.277
611.772
606.623
603.003
600.929
600.435
601.481
603.925
607.514
611.909
616.711
621.476
625.784
629.359
632.118
634.133
635.531
636.42
636.918
637.178
637.394
637.767
638.472
639.611
641.178
643.071
645.192
647.146
648.808
650.054
650.818
651.079
650.846
650.153
649.05
647.597
645.855
643.875
641.704
639.387
636.968
634.467
631.869
629.146
626.295
623.347
620.333
617.247
614.054
610.72
607.233
603.602
599.848
595.994
592.063
588.08
584.066
580.035
575.995
571.947
567.888
563.814
559.719
555.606
551.478
547.337
543.183
539.011
534.818
530.598
526.352
522.082
517.787
513.466
509.118
504.741
500.334
495.899
491.435
486.938
482.409
477.846
473.249
468.619
463.955
459.256
454.523
449.753
444.949
440.111
435.237
430.327
425.38
420.396
415.373
410.313
405.215
400.077
394.901
389.686
384.431
379.136
373.801
368.426
363.01
357.553
352.055
346.513
340.927
335.294
329.612
323.877
318.082
312.218
306.274
799.957
799.563
798.859
797.88
796.666
795.229
793.563
791.659
789.517
787.154
784.611
781.949
779.249
776.606
774.12
771.892
770.008
768.522
767.442
766.754
766.419
766.371
766.523
766.779
767.058
767.301
767.488
767.637
767.778
767.93
768.073
768.165
768.174
768.113
768.014
767.807
767.23
766.057
764.267
761.967
759.269
756.247
752.94
749.375
745.576
741.574
737.395
733.067
728.614
724.06
719.424
714.723
709.975
705.178
700.305
695.279
689.952
684.108
677.518
670.035
661.725
652.832
643.704
634.687
626.033
618.185
611.415
605.968
602.021
599.662
598.903
599.733
602.033
605.55
609.941
614.823
619.776
624.38
628.255
631.198
633.225
634.491
635.139
635.292
635.115
634.849
634.777
635.175
636.219
637.933
640.142
642.892
645.277
647.327
648.844
649.767
650.108
649.915
649.245
648.159
646.719
644.987
643.016
640.851
638.535
636.112
633.613
631.034
628.341
625.514
622.574
619.564
616.5
613.357
610.091
606.674
603.107
599.41
595.606
591.72
587.776
583.793
579.788
575.768
571.739
567.7
563.645
559.569
555.474
551.362
547.234
543.091
538.929
534.744
530.533
526.295
522.029
517.738
513.421
509.077
504.704
500.301
495.869
491.407
486.913
482.387
477.826
473.232
468.604
463.942
459.245
454.513
449.745
444.942
440.104
435.231
430.322
425.376
420.392
415.371
410.311
405.212
400.074
394.898
389.681
384.425
379.129
373.792
368.415
362.996
357.536
352.033
346.485
340.891
335.249
329.556
323.808
317.997
312.117
306.156
806.339
805.912
805.158
804.118
802.836
801.332
799.607
797.657
795.481
793.091
790.52
787.814
785.044
782.295
779.666
777.259
775.161
773.414
772.055
771.077
770.448
770.11
769.987
769.998
770.073
770.169
770.265
770.362
770.465
770.569
770.666
770.768
770.904
771.077
771.208
771.051
770.315
768.894
766.859
764.348
761.466
758.277
754.82
751.12
747.199
743.088
738.816
734.41
729.896
725.296
720.622
715.883
711.078
706.196
701.209
696.055
690.63
684.777
678.312
671.084
663.087
654.46
645.496
636.542
627.934
620.02
613.108
607.453
603.246
600.591
599.524
600.052
602.072
605.343
609.516
614.216
619.059
623.698
627.698
630.772
632.804
633.905
634.239
633.924
633.12
632.111
631.277
631.05
631.771
633.58
636.307
639.582
642.782
645.492
647.477
648.678
649.153
649.005
648.339
647.247
645.804
644.073
642.106
639.948
637.637
635.208
632.689
630.096
627.419
624.635
621.742
618.763
615.726
612.623
609.414
606.061
602.557
598.917
595.164
591.324
587.422
583.479
579.507
575.516
571.511
567.494
563.461
559.407
555.331
551.236
547.123
542.991
538.839
534.663
530.46
526.229
521.97
517.684
513.372
509.033
504.664
500.265
495.836
491.377
486.887
482.363
477.806
473.215
468.589
463.928
459.233
454.502
449.736
444.933
440.097
435.225
430.317
425.372
420.389
415.367
410.308
405.209
400.071
394.894
389.677
384.42
379.123
373.784
368.404
362.983
357.519
352.011
346.457
340.857
335.206
329.503
323.742
317.918
312.023
306.046
813.693
813.221
812.375
811.203
809.757
808.075
806.173
804.052
801.714
799.169
796.441
793.57
790.618
787.667
784.825
782.204
779.843
777.831
776.196
774.951
774.07
773.506
773.193
773.063
773.053
773.115
773.224
773.379
773.591
773.878
774.253
774.728
775.28
775.798
776.028
775.68
774.595
772.797
770.424
767.61
764.454
761.015
757.333
753.434
749.337
745.071
740.662
736.137
731.522
726.835
722.086
717.279
712.407
707.452
702.38
697.142
691.661
685.834
679.534
672.644
665.112
656.994
648.483
639.875
631.507
623.715
616.807
611.044
606.63
603.688
602.278
602.414
604.013
606.854
610.595
614.869
619.348
623.697
627.567
630.649
632.697
633.654
633.643
632.78
631.172
629.147
627.164
625.878
625.927
627.685
631.01
635.277
639.608
643.277
645.935
647.541
648.227
648.166
647.521
646.42
644.959
643.21
641.229
639.062
636.743
634.305
631.77
629.154
626.458
623.685
620.832
617.904
614.909
611.847
608.689
605.398
601.954
598.371
594.673
590.883
587.026
583.125
579.193
575.237
571.262
567.272
563.263
559.233
555.178
551.102
547.004
542.885
538.742
534.574
530.379
526.156
521.905
517.627
513.32
508.986
504.623
500.227
495.802
491.346
486.859
482.339
477.785
473.196
468.573
463.914
459.221
454.491
449.726
444.925
440.089
435.218
430.311
425.367
420.384
415.363
410.304
405.206
400.068
394.89
389.673
384.415
379.116
373.776
368.394
362.97
357.502
351.99
346.431
340.824
335.165
329.452
323.681
317.844
311.935
305.945
822.033
821.524
820.599
819.304
817.682
815.767
813.587
811.161
808.5
805.618
802.54
799.308
795.984
792.659
789.433
786.405
783.716
781.407
779.52
778.072
777.051
776.412
776.092
776.023
776.146
776.417
776.814
777.332
777.975
778.75
779.657
780.64
781.547
782.129
782.119
781.344
779.784
777.546
774.78
771.603
768.111
764.361
760.394
756.239
751.92
747.458
742.879
738.205
733.458
728.653
723.8
718.901
713.948
708.919
703.785
698.501
693.011
687.248
681.135
674.595
667.582
660.105
652.267
644.278
636.418
628.99
622.288
616.567
612.035
608.831
607.063
606.726
607.756
609.964
613.043
616.648
620.501
624.308
627.764
630.617
632.59
633.445
633.137
631.706
629.236
625.988
622.464
619.557
618.432
619.85
623.875
629.584
635.523
640.544
644.12
646.245
647.186
647.235
646.633
645.548
644.094
642.347
640.364
638.193
635.869
633.424
630.881
628.255
625.547
622.765
619.916
617.006
614.04
611.013
607.902
604.671
601.292
597.769
594.127
590.394
586.59
582.736
578.847
574.931
570.992
567.032
563.051
559.045
555.014
550.958
546.878
542.771
538.638
534.479
530.292
526.078
521.836
517.566
513.267
508.938
504.579
500.189
495.766
491.314
486.83
482.313
477.763
473.177
468.556
463.899
459.208
454.48
449.717
444.918
440.083
435.212
430.305
425.362
420.379
415.359
410.3
405.202
400.064
394.887
389.668
384.41
379.11
373.769
368.385
362.958
357.486
351.97
346.406
340.792
335.127
329.405
323.623
317.776
311.855
305.853
830.434
829.957
829.061
827.755
826.06
823.996
821.58
818.832
815.772
812.426
808.862
805.12
801.267
797.39
793.602
790.041
786.841
784.113
781.932
780.335
779.318
778.833
778.806
779.142
779.753
780.568
781.542
782.644
783.855
785.14
786.43
787.595
788.438
788.737
788.316
787.096
785.114
782.491
779.369
775.853
772.023
767.949
763.677
759.244
754.678
750.002
745.239
740.407
735.522
730.594
725.633
720.636
715.598
710.501
705.319
700.017
694.552
688.879
682.948
676.717
670.16
663.282
656.146
648.888
641.711
634.855
628.57
623.089
618.609
615.266
613.13
612.283
612.668
614.13
616.407
619.191
622.258
625.374
628.231
630.6
632.285
633.014
632.557
630.79
627.651
623.253
618.118
613.386
610.693
611.381
615.895
623.159
630.908
637.502
642.131
644.814
645.999
646.141
645.571
644.501
643.065
641.346
639.397
637.256
634.955
632.528
630.003
627.397
624.707
621.931
619.078
616.162
613.193
610.172
607.087
603.904
600.591
597.135
593.554
589.877
586.13
582.331
578.489
574.614
570.712
566.785
562.832
558.85
554.841
550.806
546.745
542.654
538.532
534.382
530.203
525.997
521.764
517.502
513.21
508.889
504.535
500.149
495.731
491.281
486.8
482.287
477.739
473.156
468.537
463.883
459.194
454.468
449.707
444.909
440.075
435.205
430.298
425.355
420.374
415.354
410.296
405.198
400.06
394.882
389.664
384.404
379.104
373.761
368.375
362.945
357.471
351.95
346.381
340.762
335.089
329.36
323.569
317.712
311.781
305.769
837.601
837.182
836.363
835.114
833.428
831.307
828.754
825.772
822.386
818.618
814.476
810.045
805.43
800.762
796.2
791.923
788.113
784.938
782.52
780.922
780.144
780.119
780.721
781.787
783.15
784.673
786.251
787.825
789.36
790.823
792.15
793.228
793.893
793.968
793.321
791.887
789.694
786.852
783.476
779.693
775.577
771.212
766.667
761.987
757.203
752.339
747.415
742.446
737.444
732.416
727.366
722.291
717.186
712.036
706.821
701.515
696.088
690.505
684.735
678.754
672.551
666.14
659.568
652.933
646.381
640.095
634.273
629.11
624.773
621.387
619.035
617.784
617.602
618.374
619.896
621.904
624.209
626.628
628.869
630.682
631.938
632.459
631.963
630.159
626.813
621.889
615.827
609.882
605.981
605.888
610.388
618.349
627.277
635.002
640.418
643.515
644.866
645.057
644.498
643.434
642.004
640.294
638.362
636.247
633.981
631.587
629.091
626.515
623.862
621.122
618.292
615.385
612.417
609.397
606.318
603.161
599.898
596.507
592.99
589.371
585.679
581.932
578.141
574.309
570.443
566.546
562.619
558.659
554.67
550.654
546.61
542.535
538.426
534.287
530.118
525.92
521.694
517.439
513.155
508.84
504.492
500.11
495.696
491.25
486.772
482.261
477.716
473.136
468.52
463.868
459.18
454.456
449.697
444.901
440.068
435.198
430.291
425.348
420.367
415.348
410.291
405.194
400.056
394.878
389.659
384.399
379.097
373.752
368.365
362.933
357.456
351.932
346.359
340.734
335.055
329.319
323.52
317.653
311.713
305.692
843.656
843.278
842.524
841.337
839.68
837.544
834.883
831.686
827.946
823.69
818.955
813.804
808.348
802.742
797.191
791.948
787.298
783.507
780.777
779.214
778.82
779.481
781.002
783.047
785.322
787.611
789.73
791.612
793.245
794.652
795.85
796.804
797.406
797.497
796.914
795.544
793.364
790.441
786.918
782.926
778.578
773.98
769.214
764.334
759.376
754.364
749.316
744.244
739.157
734.058
728.948
723.822
718.675
713.495
708.265
702.968
697.58
692.081
686.449
680.671
674.747
668.694
662.554
656.404
650.354
644.546
639.135
634.278
630.117
626.762
624.287
622.747
622.12
622.323
623.207
624.557
626.193
627.964
629.626
630.926
631.738
631.984
631.473
629.889
626.903
622.371
616.616
610.731
606.558
605.934
609.803
617.223
625.918
633.659
639.186
642.38
643.783
643.997
643.453
642.404
640.993
639.301
637.381
635.276
633.02
630.643
628.166
625.607
622.974
620.267
617.48
614.613
611.674
608.67
605.601
602.461
599.232
595.896
592.442
588.882
585.242
581.545
577.801
574.013
570.183
566.316
562.413
558.475
554.504
550.505
546.477
542.417
538.322
534.194
530.035
525.845
521.626
517.378
513.101
508.791
504.449
500.072
495.662
491.219
486.744
482.236
477.694
473.116
468.503
463.853
459.166
454.444
449.686
444.891
440.06
435.19
430.284
425.34
420.36
415.342
410.286
405.189
400.052
394.874
389.655
384.394
379.09
373.745
368.355
362.922
357.442
351.915
346.338
340.709
335.024
329.281
323.475
317.601
311.653
305.624
848.753
848.409
847.701
846.572
844.969
842.809
840.045
836.632
832.538
827.759
822.323
816.304
809.823
803.065
796.299
789.876
784.208
779.7
776.647
775.195
775.339
776.882
779.484
782.752
786.19
789.342
792.003
794.062
795.583
796.727
797.664
798.477
799.129
799.449
799.179
798.106
796.107
793.23
789.638
785.505
780.984
776.206
771.271
766.242
761.157
756.042
750.911
745.774
740.636
735.497
730.356
725.209
720.047
714.861
709.637
704.362
699.021
693.598
688.084
682.473
676.77
670.996
665.19
659.414
653.758
648.333
643.261
638.671
634.679
631.376
628.832
627.087
626.125
625.882
626.25
627.053
628.125
629.323
630.464
631.33
631.775
631.747
631.171
629.846
627.477
623.891
619.283
614.471
610.922
610.214
613.225
619.297
626.652
633.417
638.405
641.366
642.692
642.896
642.37
641.352
639.976
638.317
636.428
634.347
632.11
629.746
627.279
624.727
622.102
619.409
616.651
613.828
610.936
607.971
604.928
601.806
598.603
595.31
591.912
588.41
584.822
581.172
577.473
573.726
569.932
566.094
562.215
558.298
554.346
550.362
546.348
542.302
538.22
534.103
529.954
525.773
521.561
517.319
513.047
508.744
504.406
500.034
495.628
491.189
486.717
482.211
477.672
473.097
468.486
463.838
459.152
454.431
449.674
444.881
440.051
435.182
430.276
425.332
420.352
415.336
410.281
405.185
400.048
394.87
389.65
384.389
379.085
373.737
368.347
362.912
357.43
351.9
346.32
340.686
334.997
329.248
323.436
317.555
311.599
305.563
852.95
852.615
851.927
850.849
849.282
847.125
844.268
840.618
836.124
830.778
824.613
817.713
810.222
802.36
794.442
786.883
780.187
774.903
771.473
770.107
770.818
773.239
777.024
781.61
786.289
790.406
793.563
795.678
796.913
797.601
798.127
798.713
799.426
800.073
800.277
799.659
797.978
795.239
791.643
787.426
782.791
777.896
772.851
767.726
762.564
757.389
752.215
747.047
741.889
736.738
731.593
726.447
721.293
716.123
710.925
705.688
700.401
695.056
689.647
684.176
678.653
673.099
667.553
662.068
656.719
651.595
646.797
642.428
638.584
635.34
632.75
630.852
629.634
629.042
628.991
629.344
629.946
630.664
631.364
631.88
632.052
631.805
631.124
629.944
628.117
625.53
622.286
618.89
616.333
615.787
617.992
622.577
628.298
633.736
637.897
640.468
641.657
641.833
641.314
640.316
638.964
637.331
635.464
633.406
631.192
628.85
626.404
623.868
621.256
618.577
615.84
613.049
610.201
607.283
604.281
601.188
598.012
594.753
591.403
587.955
584.419
580.814
577.155
573.447
569.687
565.878
562.023
558.128
554.194
550.226
546.225
542.19
538.12
534.015
529.876
525.703
521.498
517.262
512.996
508.697
504.364
499.997
495.594
491.159
486.69
482.187
477.65
473.078
468.469
463.823
459.139
454.418
449.662
444.871
440.042
435.174
430.268
425.325
420.345
415.33
410.275
405.18
400.044
394.866
389.646
384.385
379.08
373.731
368.339
362.902
357.419
351.887
346.303
340.666
334.972
329.219
323.401
317.514
311.553
305.511
856.658
856.319
855.627
854.534
852.933
850.7
847.698
843.816
839.001
833.233
826.528
818.953
810.648
801.842
792.873
784.188
776.361
770.114
766.126
764.689
765.719
768.925
773.803
779.697
785.742
790.978
794.781
796.909
797.6
797.559
797.426
797.609
798.307
799.332
800.127
800.103
798.888
796.425
792.934
788.713
784.03
779.079
773.985
768.823
763.635
758.445
753.263
748.095
742.942
737.802
732.672
727.546
722.418
717.279
712.121
706.934
701.711
696.447
691.139
685.793
680.422
675.048
669.709
664.452
659.341
654.452
649.868
645.674
641.948
638.752
636.132
634.119
632.701
631.831
631.441
631.427
631.65
631.981
632.321
632.552
632.528
632.134
631.354
630.214
628.705
626.82
624.651
622.484
620.883
620.608
622.233
625.611
629.93
634.165
637.518
639.667
640.696
640.842
640.336
639.357
638.02
636.398
634.54
632.487
630.276
627.941
625.507
622.99
620.402
617.749
615.039
612.28
609.471
606.6
603.645
600.594
597.45
594.223
590.915
587.518
584.032
580.47
576.849
573.176
569.449
565.667
561.837
557.962
554.046
550.094
546.105
542.083
538.024
533.93
529.8
525.635
521.437
517.207
512.945
508.652
504.323
499.96
495.562
491.129
486.663
482.163
477.629
473.059
468.452
463.808
459.125
454.405
449.651
444.86
440.033
435.166
430.261
425.318
420.339
415.324
410.27
405.176
400.039
394.862
389.642
384.381
379.075
373.726
368.333
362.895
357.41
351.875
346.289
340.649
334.952
329.194
323.371
317.479
311.513
305.466
860.199
859.778
858.966
857.765
856.063
853.733
850.62
846.574
841.507
835.394
828.251
820.149
811.207
801.639
791.79
782.157
773.408
766.372
761.909
760.333
761.553
765.26
770.825
777.626
784.724
790.887
795.162
797.315
797.701
797.183
796.452
796.146
796.666
797.905
799.17
799.689
798.92
796.736
793.406
789.296
784.684
779.78
774.718
769.581
764.419
759.253
754.097
748.955
743.828
738.717
733.616
728.523
723.432
718.335
713.225
708.097
702.943
697.762
692.553
687.324
682.088
676.869
671.701
666.628
661.707
657.002
652.584
648.524
644.889
641.73
639.087
636.983
635.407
634.314
633.652
633.344
633.266
633.29
633.335
633.327
633.148
632.664
631.83
630.69
629.32
627.81
626.297
624.968
624.104
624.129
625.431
627.972
631.249
634.541
637.225
638.992
639.849
639.938
639.426
638.455
637.127
635.511
633.655
631.601
629.387
627.046
624.606
622.091
619.517
616.892
614.218
611.5
608.734
605.91
603.009
600.007
596.904
593.715
590.446
587.096
583.658
580.139
576.554
572.913
569.216
565.462
561.655
557.8
553.903
549.965
545.99
541.979
537.931
533.847
529.726
525.57
521.378
517.154
512.897
508.608
504.283
499.924
495.53
491.101
486.638
482.14
477.608
473.041
468.436
463.793
459.111
454.393
449.639
444.85
440.024
435.159
430.254
425.312
420.333
415.318
410.266
405.172
400.035
394.858
389.639
384.378
379.072
373.722
368.328
362.888
357.402
351.866
346.278
340.635
334.934
329.173
323.347
317.451
311.48
305.429
863.768
863.192
862.159
860.757
858.901
856.432
853.173
848.961
843.695
837.345
829.908
821.469
812.125
802.084
791.714
781.566
772.366
764.906
760.104
758.35
759.587
763.445
769.172
776.312
783.839
790.529
795.169
797.39
797.664
796.822
795.706
795.058
795.399
796.648
798.053
798.773
798.238
796.305
793.183
789.238
784.785
780.028
775.087
770.048
764.963
759.862
754.76
749.665
744.582
739.51
734.45
729.398
724.35
719.301
714.245
709.178
704.095
698.996
693.883
688.764
683.652
678.571
673.552
668.635
663.871
659.317
655.033
651.079
647.517
644.387
641.723
639.545
637.841
636.57
635.689
635.142
634.82
634.598
634.401
634.186
633.869
633.326
632.48
631.354
630.042
628.694
627.506
626.655
626.275
626.557
627.711
629.723
632.276
634.869
637.023
638.466
639.155
639.168
638.622
637.631
636.289
634.658
632.789
630.724
628.501
626.151
623.703
621.181
618.608
615.998
613.358
610.685
607.971
605.202
602.358
599.415
596.364
593.218
589.992
586.687
583.296
579.82
576.269
572.658
568.989
565.262
561.477
557.643
553.763
549.841
545.879
541.879
537.842
533.767
529.655
525.506
521.321
517.102
512.85
508.565
504.245
499.889
495.498
491.073
486.613
482.118
477.588
473.022
468.419
463.778
459.098
454.381
449.629
444.84
440.016
435.152
430.249
425.307
420.329
415.314
410.261
405.168
400.032
394.854
389.636
384.375
379.07
373.719
368.324
362.884
357.396
351.859
346.269
340.623
334.92
329.156
323.327
317.428
311.454
305.399
867.317
866.496
865.15
863.467
861.433
858.836
855.455
851.109
845.689
839.161
831.548
822.928
813.414
803.214
792.699
782.429
773.142
765.607
760.662
758.731
759.825
763.585
769.231
776.082
783.437
790.048
794.699
796.89
797.126
796.237
795.041
794.295
794.571
795.766
797.111
797.749
797.152
795.265
792.33
788.644
784.43
779.895
775.151
770.273
765.314
760.312
755.288
750.258
745.23
740.209
735.196
730.19
725.189
720.19
715.189
710.183
705.17
700.151
695.128
690.111
685.113
680.157
675.27
670.491
665.863
661.438
657.267
653.405
649.903
646.798
644.115
641.874
640.068
638.653
637.592
636.845
636.32
635.898
635.502
635.108
634.665
634.07
633.236
632.153
630.89
629.609
628.555
627.934
627.83
628.291
629.383
631.065
633.121
635.196
636.928
638.088
638.61
638.531
637.929
636.9
635.524
633.859
631.957
629.862
627.613
625.244
622.781
620.248
617.671
615.07
612.454
609.825
607.169
604.462
601.683
598.807
595.819
592.726
589.548
586.288
582.943
579.51
575.994
572.412
568.77
565.067
561.305
557.49
553.628
549.721
545.772
541.784
537.757
533.691
529.586
525.445
521.266
517.053
512.805
508.524
504.207
499.855
495.467
491.045
486.588
482.095
477.568
473.004
468.403
463.763
459.085
454.37
449.618
444.831
440.008
435.146
430.244
425.304
420.325
415.31
410.258
405.165
400.029
394.852
389.633
384.373
379.068
373.718
368.322
362.88
357.392
351.853
346.262
340.615
334.91
329.144
323.312
317.411
311.434
305.377
871.209
869.818
867.963
865.902
863.67
860.941
857.427
852.951
847.434
840.842
833.184
824.536
815.036
804.915
794.54
784.445
775.314
767.885
762.883
760.746
761.528
764.987
770.305
776.719
783.601
789.816
794.195
796.251
796.461
795.62
794.488
793.794
794.072
795.165
796.293
796.675
795.903
794.001
791.205
787.732
783.778
779.498
774.989
770.313
765.517
760.64
755.715
750.763
745.799
740.833
735.871
730.914
725.962
721.014
716.068
711.122
706.176
701.232
696.293
691.37
686.476
681.632
676.864
672.207
667.699
663.387
659.316
655.533
652.086
649.002
646.304
644.013
642.122
640.589
639.379
638.463
637.766
637.177
636.62
636.073
635.512
634.864
634.05
633.031
631.835
630.605
629.602
629.072
629.094
629.65
630.705
632.172
633.876
635.558
636.947
637.855
638.209
638.018
637.338
636.25
634.823
633.11
631.162
629.023
626.735
624.33
621.838
619.285
616.698
614.101
611.507
608.918
606.32
603.683
600.978
598.177
595.261
592.233
589.108
585.897
582.599
579.208
575.728
572.174
568.557
564.879
561.139
557.343
553.498
549.606
545.67
541.693
537.675
533.617
529.52
525.385
521.213
517.005
512.762
508.484
504.17
499.821
495.437
491.018
486.564
482.074
477.548
472.986
468.386
463.748
459.072
454.359
449.609
444.823
440.001
435.14
430.24
425.301
420.323
415.308
410.255
405.163
400.027
394.85
389.632
384.372
379.067
373.717
368.32
362.878
357.388
351.849
346.257
340.609
334.903
329.136
323.303
317.399
311.421
305.363
874.904
872.739
870.403
868.08
865.732
862.877
859.204
854.571
848.954
842.321
834.686
826.137
816.819
806.958
796.897
787.132
778.294
771.07
766.137
763.869
764.358
767.38
772.185
778.02
784.237
789.796
793.686
795.528
795.746
795.031
794.072
793.538
793.858
794.803
795.64
795.715
794.744
792.792
790.086
786.792
783.06
779.003
774.712
770.237
765.614
760.879
756.064
751.199
746.306
741.401
736.492
731.584
726.681
721.783
716.891
712.003
707.12
702.246
697.386
692.549
687.749
683.006
678.344
673.795
669.394
665.182
661.199
657.488
654.088
651.026
648.318
645.987
644.025
642.394
641.06
640
639.156
638.428
637.738
637.065
636.398
635.693
634.891
633.943
632.835
631.67
630.703
630.194
630.243
630.816
631.826
633.139
634.583
635.96
637.066
637.75
637.938
637.621
636.846
635.681
634.184
632.407
630.399
628.205
625.865
623.411
620.877
618.293
615.688
613.089
610.512
607.961
605.423
602.862
600.239
597.522
594.687
591.732
588.669
585.512
582.261
578.913
575.47
571.945
568.352
564.697
560.979
557.202
553.373
549.495
545.572
541.606
537.597
533.547
529.457
525.328
521.161
516.958
512.719
508.445
504.135
499.789
495.408
490.992
486.54
482.052
477.528
472.968
468.37
463.734
459.06
454.348
449.6
444.815
439.994
435.135
430.236
425.298
420.32
415.306
410.253
405.161
400.026
394.848
389.63
384.371
379.067
373.716
368.319
362.876
357.387
351.847
346.255
340.607
334.9
329.132
323.298
317.394
311.415
305.356
879.476
875.642
872.297
869.551
867.243
864.345
860.497
855.768
850.186
843.609
836.051
827.651
818.577
809.051
799.395
790.063
781.631
774.718
769.935
767.611
767.755
770.235
774.45
779.639
785.084
789.882
793.243
794.893
795.145
794.583
793.843
793.503
793.842
794.579
795.087
794.864
793.731
791.761
789.13
785.975
782.412
778.529
774.415
770.111
765.649
761.057
756.362
751.594
746.778
741.937
737.085
732.231
727.379
722.532
717.692
712.861
708.041
703.235
698.45
693.695
688.984
684.336
679.774
675.326
671.025
666.907
663.007
659.362
656.009
652.97
650.258
647.893
645.872
644.157
642.715
641.528
640.554
639.703
638.901
638.121
637.358
636.59
635.789
634.908
633.9
632.824
631.904
631.394
631.413
631.947
632.891
634.072
635.306
636.425
637.279
637.749
637.763
637.307
636.419
635.156
633.571
631.712
629.625
627.358
624.945
622.424
619.831
617.202
614.569
611.962
609.399
606.886
604.41
601.935
599.409
596.791
594.053
591.184
588.197
585.102
581.905
578.603
575.199
571.706
568.14
564.509
560.813
557.056
553.243
549.381
545.472
541.516
537.516
533.473
529.39
525.268
521.107
516.909
512.675
508.404
504.098
499.755
495.377
490.963
486.514
482.029
477.507
472.948
468.353
463.718
459.046
454.336
449.59
444.807
439.986
435.128
430.231
425.295
420.318
415.303
410.251
405.159
400.024
394.847
389.629
384.37
379.066
373.716
368.319
362.875
357.386
351.847
346.255
340.607
334.9
329.131
323.298
317.394
311.415
305.356
881.785
877.781
874.651
872.111
869.515
865.984
861.587
856.686
851.103
844.588
837.201
829.078
820.349
811.226
802.029
793.189
785.222
778.668
774
771.581
771.454
773.453
777.091
781.56
786.099
790.059
792.895
794.365
794.663
794.28
793.788
793.636
793.942
794.415
794.581
794.09
792.832
790.864
788.306
785.27
781.843
778.105
774.136
769.976
765.654
761.198
756.63
751.972
747.247
742.482
737.694
732.897
728.1
723.308
718.524
713.752
708.994
704.257
699.547
694.874
690.251
685.697
681.232
676.882
672.678
668.651
664.831
661.252
657.945
654.93
652.217
649.824
647.749
645.959
644.42
643.118
642.023
641.059
640.156
639.283
638.433
637.6
636.785
635.958
635.052
634.085
633.23
632.716
632.676
633.13
633.983
635.035
636.083
636.974
637.598
637.858
637.687
637.072
636.049
634.668
632.973
631.008
628.822
626.455
623.945
621.33
618.654
615.961
613.287
610.664
608.11
605.636
603.23
600.855
598.448
595.953
593.33
590.57
587.675
584.655
581.52
578.272
574.912
571.455
567.919
564.314
560.641
556.904
553.11
549.264
545.368
541.423
537.432
533.397
529.32
525.205
521.05
516.858
512.628
508.362
504.059
499.719
495.344
490.934
486.488
482.005
477.485
472.928
468.334
463.702
459.032
454.325
449.58
444.798
439.979
435.122
430.226
425.291
420.315
415.301
410.249
405.157
400.023
394.847
389.629
384.37
379.066
373.716
368.32
362.877
357.387
351.849
346.258
340.611
334.905
329.138
323.305
317.403
311.425
305.368
883.025
879.124
875.816
872.771
869.74
866.437
862.606
857.91
852.082
845.426
838.176
830.377
822.098
813.524
804.94
796.725
789.334
783.228
778.815
776.315
775.9
777.286
780.105
783.597
787.139
790.277
792.642
793.979
794.361
794.193
793.95
793.921
794.104
794.262
794.089
793.364
792.009
790.056
787.573
784.637
781.329
777.723
773.882
769.847
765.65
761.318
756.873
752.334
747.717
743.044
738.334
733.604
728.868
724.135
719.41
714.698
710.006
705.337
700.702
696.109
691.572
687.108
682.737
678.482
674.371
670.43
666.686
663.169
659.907
656.916
654.202
651.783
649.66
647.801
646.174
644.768
643.559
642.49
641.495
640.541
639.614
638.717
637.875
637.079
636.263
635.407
634.632
634.122
634.016
634.369
635.107
636.027
636.905
637.597
638.012
638.07
637.71
636.926
635.754
634.237
632.412
630.322
628.012
625.521
622.886
620.152
617.373
614.596
611.864
609.212
606.664
604.229
601.902
599.641
597.375
595.024
592.541
589.907
587.12
584.188
581.123
577.932
574.621
571.203
567.699
564.121
560.472
556.755
552.978
549.148
545.265
541.331
537.348
533.321
529.251
525.142
520.993
516.806
512.582
508.319
504.02
499.684
495.312
490.905
486.461
481.981
477.463
472.908
468.316
463.686
459.018
454.313
449.57
444.79
439.972
435.115
430.22
425.286
420.312
415.299
410.247
405.155
400.022
394.846
389.629
384.37
379.067
373.718
368.322
362.88
357.391
351.854
346.265
340.62
334.916
329.15
323.319
317.42
311.445
305.39
883.734
879.899
876.395
873.057
869.797
866.423
862.571
857.912
852.369
846.043
839.059
831.544
823.674
815.661
807.743
800.222
793.478
787.894
783.813
781.247
780.308
780.938
782.766
785.295
788.08
790.67
792.691
793.913
794.382
794.405
794.313
794.268
794.236
794.071
793.601
792.686
791.253
789.307
786.888
784.038
780.839
777.357
773.639
769.722
765.642
761.426
757.096
752.673
748.172
743.609
738.997
734.352
729.69
725.022
720.36
715.711
711.083
706.484
701.922
697.407
692.954
688.578
684.296
680.131
676.107
672.249
668.577
665.118
661.898
658.929
656.217
653.775
651.606
649.684
647.978
646.477
645.164
643.994
642.915
641.89
640.896
639.94
639.061
638.273
637.524
636.771
636.079
635.586
635.426
635.676
636.287
637.067
637.786
638.296
638.518
638.379
637.826
636.866
635.535
633.867
631.895
629.659
627.202
624.556
621.764
618.882
615.971
613.083
610.267
607.567
605.012
602.619
600.385
598.266
596.168
593.991
591.676
589.193
586.531
583.699
580.713
577.585
574.326
570.951
567.481
563.931
560.306
556.609
552.85
549.034
545.164
541.24
537.266
533.245
529.182
525.079
520.937
516.756
512.535
508.278
503.982
499.65
495.281
490.876
486.435
481.957
477.441
472.888
468.297
463.67
459.005
454.301
449.561
444.782
439.964
435.108
430.214
425.282
420.309
415.296
410.244
405.153
400.021
394.846
389.629
384.37
379.068
373.72
368.325
362.884
357.397
351.862
346.275
340.632
334.931
329.168
323.341
317.445
311.474
305.423
884.155
880.382
876.771
873.252
869.773
866.164
862.135
857.475
852.126
846.118
839.527
832.466
825.091
817.609
810.256
803.306
797.057
791.799
787.747
785.114
784.045
784.254
785.44
787.347
789.575
791.679
793.313
794.332
794.782
794.853
794.747
794.56
794.281
793.836
793.128
792.053
790.54
788.578
786.193
783.421
780.323
776.956
773.361
769.568
765.608
761.51
757.298
752.991
748.605
744.157
739.659
735.122
730.555
725.972
721.384
716.805
712.244
707.713
703.222
698.783
694.408
690.115
685.918
681.837
677.894
674.112
670.508
667.101
663.92
660.972
658.26
655.797
653.588
651.609
649.831
648.242
646.833
645.57
644.411
643.32
642.269
641.259
640.338
639.542
638.835
638.164
637.549
637.086
636.893
637.053
637.539
638.177
638.74
639.078
639.115
638.78
638.034
636.894
635.396
633.565
631.429
629.027
626.393
623.562
620.58
617.514
614.43
611.383
608.431
605.641
603.06
600.715
598.607
596.671
594.79
592.832
590.725
588.42
585.904
583.187
580.29
577.232
574.029
570.699
567.266
563.745
560.144
556.467
552.724
548.922
545.064
541.149
537.183
533.17
529.114
525.018
520.881
516.705
512.49
508.236
503.945
499.616
495.251
490.849
486.41
481.934
477.42
472.868
468.28
463.654
458.991
454.29
449.551
444.774
439.957
435.102
430.209
425.277
420.305
415.293
410.242
405.152
400.02
394.846
389.63
384.372
379.071
373.724
368.331
362.891
357.406
351.873
346.289
340.649
334.951
329.193
323.37
317.479
311.513
305.468
884.438
880.716
877.053
873.421
869.768
865.966
861.833
857.224
852.073
846.378
840.191
833.608
826.766
819.849
813.073
806.676
800.908
796.016
792.222
789.77
788.509
788.317
788.989
790.273
791.816
793.274
794.407
795.113
795.405
795.373
795.133
794.759
794.259
793.59
792.68
791.452
789.846
787.85
785.483
782.78
779.777
776.515
773.033
769.362
765.526
761.55
757.459
753.273
749.009
744.682
740.304
735.883
731.431
726.954
722.465
717.974
713.494
709.039
704.622
700.256
695.957
691.74
687.62
683.616
679.747
676.032
672.486
669.131
665.984
663.053
660.34
657.856
655.609
653.577
651.733
650.064
648.566
647.215
645.981
644.828
643.725
642.666
641.702
640.884
640.197
639.584
639.032
638.605
638.402
638.497
638.87
639.368
639.775
639.945
639.799
639.268
638.331
637.013
635.343
633.339
631.025
628.433
625.594
622.542
619.332
616.032
612.706
609.412
606.231
603.272
600.628
598.346
596.431
594.759
593.174
591.513
589.672
587.583
585.237
582.652
579.855
576.874
573.731
570.45
567.055
563.564
559.985
556.328
552.601
548.812
544.965
541.059
537.102
533.096
529.047
524.957
520.827
516.656
512.445
508.196
503.908
499.583
495.221
490.822
486.386
481.912
477.4
472.85
468.263
463.64
458.979
454.279
449.542
444.766
439.951
435.097
430.205
425.274
420.302
415.291
410.24
405.15
400.02
394.847
389.631
384.374
379.075
373.73
368.338
362.9
357.417
351.887
346.306
340.67
334.977
329.223
323.406
317.521
311.562
305.523
884.639
880.957
877.275
873.573
869.809
865.903
861.746
857.235
852.304
846.947
841.204
835.156
828.917
822.642
816.515
810.74
805.536
801.1
797.6
795.093
793.481
792.815
792.915
793.508
794.318
795.117
795.734
796.072
796.111
795.891
795.48
794.928
794.235
793.365
792.267
790.889
789.188
787.153
784.8
782.153
779.234
776.066
772.689
769.132
765.413
761.556
757.584
753.519
749.378
745.176
740.922
736.627
732.296
727.939
723.564
719.181
714.803
710.443
706.115
701.834
697.615
693.475
689.43
685.496
681.694
678.039
674.546
671.232
668.113
665.195
662.477
659.971
657.685
655.602
653.694
651.95
650.369
648.935
647.626
646.412
645.258
644.155
643.15
642.302
641.616
641.035
640.527
640.134
639.937
639.991
640.27
640.634
640.888
640.891
640.561
639.84
638.719
637.228
635.385
633.2
630.695
627.891
624.815
621.505
618.014
614.399
610.711
607.02
603.456
600.199
597.425
595.233
593.606
592.36
591.219
589.981
588.49
586.67
584.528
582.096
579.411
576.513
573.434
570.203
566.847
563.386
559.831
556.193
552.481
548.705
544.867
540.971
537.021
533.024
528.982
524.898
520.773
516.607
512.402
508.157
503.873
499.551
495.192
490.796
486.362
481.89
477.381
472.833
468.248
463.626
458.967
454.269
449.533
444.758
439.945
435.093
430.201
425.27
420.3
415.289
410.239
405.15
400.02
394.848
389.634
384.378
379.08
373.736
368.347
362.912
357.431
351.904
346.327
340.695
335.007
329.26
323.449
317.572
311.621
305.589
884.784
881.144
877.464
873.73
869.915
865.972
861.834
857.428
852.708
847.672
842.355
836.826
831.178
825.537
820.047
814.874
810.177
806.099
802.736
800.119
798.267
797.195
796.743
796.687
796.836
797.038
797.161
797.114
796.869
796.437
795.845
795.111
794.228
793.172
791.908
790.399
788.614
786.541
784.189
781.574
778.712
775.63
772.349
768.895
765.288
761.548
757.696
753.752
749.733
745.653
741.523
737.352
733.146
728.913
724.66
720.397
716.135
711.886
707.665
703.485
699.361
695.31
691.347
687.488
683.752
680.155
676.712
673.434
670.336
667.424
664.698
662.167
659.842
657.706
655.735
653.92
652.257
650.741
649.354
648.074
646.867
645.722
644.677
643.797
643.095
642.521
642.035
641.668
641.483
641.513
641.712
641.95
642.054
641.894
641.39
640.491
639.204
637.549
635.534
633.167
630.457
627.417
624.071
620.456
616.601
612.534
608.29
603.968
599.787
596.051
593.057
590.989
589.783
589.182
588.761
588.153
587.14
585.667
583.772
581.517
578.959
576.152
573.142
569.963
566.646
563.214
559.682
556.062
552.365
548.6
544.772
540.885
536.943
532.953
528.918
524.841
520.721
516.561
512.359
508.118
503.839
499.521
495.165
490.771
486.339
481.87
477.362
472.817
468.234
463.613
458.955
454.259
449.524
444.751
439.939
435.088
430.198
425.268
420.298
415.288
410.238
405.15
400.021
394.85
389.637
384.383
379.086
373.745
368.357
362.925
357.447
351.923
346.35
340.724
335.042
329.302
323.5
317.631
311.689
305.667
884.896
881.29
877.626
873.897
870.086
866.163
862.084
857.8
853.283
848.538
843.597
838.516
833.373
828.266
823.307
818.62
814.319
810.507
807.254
804.606
802.584
801.156
800.206
799.596
799.2
798.902
798.595
798.206
797.693
797.04
796.246
795.317
794.248
793.021
791.609
789.983
788.121
786.012
783.656
781.065
778.253
775.237
772.035
768.671
765.165
761.534
757.799
753.976
750.08
746.125
742.119
738.07
733.987
729.877
725.746
721.604
717.463
713.334
709.23
705.165
701.151
697.204
693.336
689.564
685.905
682.374
678.979
675.736
672.657
669.749
667.013
664.457
662.088
659.897
657.864
655.977
654.237
652.637
651.17
649.816
648.551
647.362
646.281
645.366
644.634
644.044
643.559
643.205
643.029
643.035
643.162
643.279
643.24
642.931
642.271
641.222
639.791
637.987
635.809
633.262
630.337
627.038
623.387
619.396
615.048
610.326
605.255
599.99
594.888
590.439
587.112
585.181
584.587
584.939
585.596
585.909
585.568
584.554
582.967
580.918
578.501
575.794
572.856
569.73
566.451
563.048
559.538
555.936
552.253
548.5
544.682
540.802
536.868
532.886
528.858
524.786
520.671
516.516
512.319
508.082
503.806
499.491
495.138
490.747
486.317
481.85
477.345
472.802
468.22
463.601
458.944
454.249
449.516
444.744
439.934
435.084
430.194
425.265
420.296
415.287
410.239
405.151
400.023
394.853
389.641
384.388
379.093
373.754
368.369
362.939
357.464
351.944
346.375
340.755
335.08
329.348
323.556
317.698
311.767
305.757
885.035
881.465
877.829
874.123
870.34
866.46
862.455
858.299
853.978
849.499
844.889
840.191
835.469
830.796
826.259
821.949
817.953
814.348
811.194
808.532
806.372
804.657
803.325
802.298
801.482
800.783
800.115
799.407
798.613
797.714
796.703
795.577
794.327
792.934
791.377
789.636
787.694
785.54
783.174
780.605
777.839
774.884
771.756
768.482
765.075
761.551
757.927
754.219
750.44
746.601
742.714
738.785
734.822
730.832
726.822
722.802
718.783
714.774
710.791
706.845
702.948
699.112
695.351
691.677
688.102
684.646
681.309
678.106
675.052
672.153
669.41
666.831
664.42
662.172
660.074
658.117
656.298
654.616
653.064
651.631
650.299
649.062
647.945
646.992
646.216
645.589
645.089
644.736
644.556
644.531
644.582
644.586
644.42
643.985
643.202
642.038
640.492
638.558
636.235
633.513
630.366
626.791
622.795
618.33
613.314
607.686
601.474
594.931
588.59
583.171
579.367
577.565
577.731
579.387
581.516
583.115
583.716
583.314
582.109
580.302
578.044
575.445
572.582
569.508
566.266
562.889
559.4
555.816
552.148
548.406
544.595
540.724
536.797
532.822
528.8
524.733
520.624
516.472
512.28
508.047
503.774
499.463
495.113
490.724
486.297
481.831
477.328
472.787
468.208
463.59
458.934
454.24
449.508
444.737
439.928
435.079
430.191
425.263
420.295
415.287
410.239
405.152
400.024
394.856
389.646
384.394
379.101
373.764
368.382
362.954
357.483
351.966
346.402
340.788
335.122
329.399
323.618
317.772
311.855
305.858
885.205
881.673
878.073
874.406
870.668
866.85
862.937
858.915
854.78
850.54
846.217
841.846
837.475
833.161
828.97
824.971
821.231
817.809
814.751
812.076
809.79
807.858
806.243
804.889
803.722
802.664
801.646
800.616
799.544
798.408
797.192
795.883
794.464
792.918
791.229
789.379
787.356
785.153
782.768
780.204
777.468
774.568
771.517
768.331
765.02
761.598
758.08
754.481
750.814
747.088
743.314
739.498
735.649
731.773
727.88
723.978
720.077
716.19
712.327
708.501
704.722
701.003
697.353
693.783
690.304
686.918
683.648
680.498
677.477
674.594
671.853
669.257
666.808
664.506
662.344
660.318
658.423
656.659
655.02
653.502
652.095
650.8
649.636
648.631
647.796
647.118
646.59
646.225
646.029
645.962
645.939
645.846
645.582
645.056
644.19
642.951
641.321
639.282
636.833
633.949
630.582
626.721
622.33
617.272
611.396
604.611
596.951
588.8
580.921
574.294
569.862
568.219
569.265
572.463
576.404
579.675
581.531
581.929
581.198
579.674
577.592
575.107
572.321
569.299
566.092
562.74
559.271
555.704
552.049
548.318
544.516
540.651
536.731
532.762
528.745
524.684
520.579
516.432
512.243
508.013
503.744
499.436
495.089
490.703
486.277
481.814
477.313
472.773
468.195
463.579
458.924
454.232
449.5
444.731
439.922
435.075
430.187
425.26
420.294
415.287
410.24
405.154
400.027
394.859
389.65
384.401
379.109
373.774
368.395
362.97
357.502
351.989
346.43
340.824
335.166
329.455
323.685
317.854
311.951
305.97
885.37
881.876
878.319
874.702
871.026
867.287
863.474
859.581
855.609
851.566
847.472
843.356
839.258
835.222
831.3
827.544
824.005
820.726
817.724
815.039
812.665
810.578
808.746
807.127
805.667
804.31
803.009
801.727
800.433
799.1
797.705
796.229
794.658
792.977
791.171
789.227
787.134
784.885
782.477
779.911
777.192
774.333
771.337
768.231
765.003
761.671
758.246
754.741
751.168
747.539
743.864
740.152
736.41
732.645
728.863
725.072
721.281
717.504
713.75
710.031
706.359
702.745
699.197
695.72
692.322
689.016
685.811
682.712
679.728
676.867
674.135
671.531
669.055
666.709
664.496
662.411
660.452
658.616
656.9
655.299
653.813
652.45
651.223
650.151
649.245
648.506
647.939
647.55
647.327
647.221
647.146
646.996
646.682
646.114
645.212
643.938
642.257
640.145
637.598
634.569
631.001
626.861
622.031
616.282
609.42
601.314
591.991
581.988
572.35
564.357
559.237
557.887
559.815
564.634
570.555
575.754
579.11
580.459
580.272
579.059
577.163
574.795
572.084
569.112
565.937
562.607
559.156
555.604
551.962
548.239
544.444
540.585
536.671
532.707
528.696
524.639
520.538
516.394
512.208
507.982
503.716
499.411
495.067
490.683
486.26
481.798
477.298
472.76
468.184
463.569
458.915
454.223
449.493
444.724
439.916
435.07
430.184
425.258
420.293
415.287
410.241
405.155
400.029
394.862
389.655
384.407
379.117
373.784
368.407
362.985
357.521
352.013
346.46
340.861
335.213
329.513
323.758
317.941
312.056
306.093
885.559
882.113
878.606
875.047
871.439
867.779
864.063
860.289
856.461
852.589
848.693
844.796
840.929
837.128
833.434
829.887
826.524
823.381
820.407
817.71
815.265
813.046
811.032
809.195
807.499
805.904
804.374
802.872
801.368
799.834
798.255
796.614
794.898
793.091
791.178
789.147
786.987
784.693
782.262
779.698
777.007
774.19
771.256
768.195
765.041
761.792
758.455
755.04
751.558
748.019
744.435
740.815
737.169
733.503
729.826
726.144
722.464
718.796
715.149
711.534
707.96
704.438
700.976
697.585
694.267
691.032
687.886
684.834
681.885
679.048
676.325
673.715
671.218
668.839
666.581
664.443
662.423
660.516
658.722
657.038
655.468
654.022
652.714
651.559
650.572
649.765
649.148
648.724
648.473
648.344
648.249
648.086
647.771
647.208
646.312
645.038
643.335
641.177
638.552
635.399
631.649
627.217
621.886
615.364
607.423
597.868
586.688
574.604
562.994
553.502
547.662
546.372
549.664
556.216
564.205
571.486
576.51
578.925
579.341
578.466
576.764
574.513
571.875
568.947
565.8
562.49
559.055
555.517
551.886
548.17
544.381
540.527
536.618
532.659
528.652
524.599
520.501
516.36
512.177
507.954
503.691
499.389
495.047
490.665
486.244
481.784
477.286
472.749
468.174
463.56
458.907
454.217
449.487
444.719
439.912
435.066
430.181
425.257
420.293
415.289
410.243
405.157
400.031
394.866
389.661
384.415
379.127
373.796
368.421
363.002
357.541
352.038
346.492
340.901
335.263
329.576
323.835
318.037
312.171
306.229
885.757
882.368
878.93
875.452
871.936
868.383
864.791
861.16
857.496
853.809
850.113
846.429
842.778
839.188
835.683
832.291
829.036
825.932
823.067
820.378
817.871
815.54
813.373
811.351
809.445
807.625
805.862
804.128
802.403
800.67
798.911
797.109
795.247
793.31
791.284
789.159
786.926
784.58
782.121
779.547
776.861
774.07
771.181
768.193
765.115
761.943
758.693
755.37
751.984
748.546
745.065
741.551
738.012
734.454
730.886
727.314
723.747
720.193
716.659
713.156
709.689
706.268
702.902
699.597
696.36
693.197
690.11
687.106
684.192
681.375
678.657
676.037
673.517
671.101
668.791
666.589
664.493
662.502
660.615
658.831
657.157
655.603
654.186
652.922
651.832
650.937
650.254
649.79
649.522
649.399
649.33
649.21
648.953
648.446
647.603
646.369
644.678
642.503
639.824
636.574
632.652
627.88
621.957
614.565
605.417
594.203
580.895
566.461
552.659
541.542
535.042
534.245
538.889
547.334
557.506
566.962
573.759
577.328
578.403
577.888
576.387
574.252
571.683
568.797
565.676
562.384
558.964
555.438
551.816
548.108
544.323
540.474
536.569
532.614
528.612
524.562
520.467
516.329
512.149
507.928
503.668
499.368
495.028
490.649
486.23
481.772
477.274
472.739
468.165
463.552
458.901
454.211
449.482
444.715
439.908
435.063
430.179
425.257
420.294
415.29
410.245
405.16
400.035
394.871
389.667
384.423
379.136
373.807
368.434
363.02
357.563
352.066
346.527
340.944
335.317
329.642
323.918
318.138
312.295
306.378
886.072
882.761
879.406
876.016
872.598
869.154
865.686
862.196
858.69
855.178
851.671
848.183
844.73
841.329
838
834.764
831.64
828.649
825.806
823.097
820.522
818.081
815.765
813.56
811.447
809.408
807.426
805.482
803.559
801.635
799.695
797.723
795.707
793.634
791.494
789.278
786.977
784.582
782.09
779.499
776.815
774.041
771.182
768.243
765.226
762.142
758.982
755.762
752.487
749.164
745.801
742.405
738.982
735.541
732.088
728.631
725.179
721.74
718.316
714.921
711.562
708.245
704.975
701.759
698.603
695.511
692.485
689.53
686.652
683.856
681.142
678.51
675.961
673.5
671.131
668.855
666.672
664.581
662.583
660.679
658.876
657.187
655.63
654.225
652.999
651.984
651.213
650.703
650.437
650.363
650.384
650.385
650.259
649.876
649.141
647.996
646.363
644.21
641.525
638.228
634.147
629.002
622.457
614.162
603.716
590.667
575.059
558.203
542.238
529.585
522.553
522.388
528.489
538.833
551.167
562.706
571.172
575.827
577.527
577.355
576.043
574.019
571.516
568.669
565.571
562.295
558.888
555.372
551.757
548.053
544.272
540.426
536.526
532.575
528.576
524.529
520.437
516.301
512.123
507.905
503.647
499.349
495.011
490.634
486.217
481.76
477.264
472.73
468.157
463.545
458.895
454.206
449.478
444.711
439.905
435.061
430.178
425.257
420.295
415.292
410.248
405.163
400.039
394.876
389.674
384.431
379.146
373.819
368.449
363.038
357.586
352.095
346.562
340.988
335.372
329.712
324.005
318.247
312.429
306.539
886.415
883.183
879.924
876.644
873.346
870.034
866.708
863.371
860.028
856.688
853.36
850.055
846.784
843.558
840.391
837.29
834.258
831.321
828.488
825.756
823.122
820.589
818.15
815.796
813.518
811.302
809.136
807.002
804.887
802.776
800.658
798.521
796.355
794.148
791.892
789.578
787.197
784.745
782.218
779.616
776.938
774.188
771.368
768.481
765.528
762.513
759.447
756.325
753.154
749.937
746.681
743.391
740.076
736.744
733.402
730.058
726.72
723.395
720.092
716.816
713.57
710.362
707.195
704.073
700.999
697.977
695.009
692.098
689.25
686.466
683.748
681.097
678.515
676.005
673.569
671.209
668.926
666.721
664.594
662.547
660.586
658.726
656.984
655.389
653.982
652.81
651.926
651.365
651.125
651.158
651.355
651.578
651.682
651.506
650.948
649.95
648.427
646.347
643.729
640.455
636.244
630.772
623.729
614.683
603.06
588.265
570.504
551.494
533.762
520.039
512.769
513.293
520.645
532.548
546.575
559.622
569.26
574.685
576.849
576.942
575.783
573.848
571.395
568.576
565.494
562.229
558.831
555.322
551.711
548.008
544.229
540.386
536.489
532.541
528.545
524.502
520.412
516.278
512.101
507.885
503.629
499.333
494.996
490.621
486.206
481.751
477.256
472.722
468.15
463.54
458.89
454.202
449.474
444.708
439.903
435.06
430.179
425.258
420.297
415.295
410.251
405.167
400.044
394.883
389.681
384.439
379.156
373.831
368.464
363.056
357.609
352.123
346.597
341.031
335.426
329.78
324.091
318.356
312.566
306.708
886.909
883.788
880.643
877.479
874.301
871.115
867.921
864.722
861.521
858.325
855.139
851.969
848.825
845.715
842.65
839.64
836.699
833.82
831.005
828.26
825.587
822.984
820.449
817.976
815.56
813.193
810.864
808.563
806.279
804.002
801.723
799.431
797.12
794.783
792.414
790.008
787.558
785.058
782.502
779.887
777.211
774.477
771.686
768.843
765.949
763.007
760.02
756.99
753.918
750.807
747.66
744.482
741.281
738.064
734.839
731.614
728.394
725.187
722
718.837
715.703
712.602
709.54
706.517
703.536
700.595
697.696
694.839
692.025
689.256
686.533
683.857
681.23
678.654
676.131
673.666
671.259
668.914
666.63
664.406
662.247
660.163
658.174
656.317
654.649
653.249
652.203
651.58
651.399
651.621
652.115
652.694
653.157
653.293
652.997
652.219
650.857
648.91
646.448
643.252
638.943
633.289
626.043
616.662
604.406
588.564
569.438
548.958
530.03
515.807
508.622
509.524
517.492
530.252
545.125
558.678
568.599
574.21
576.527
576.732
575.647
573.757
571.326
568.518
565.444
562.187
558.795
555.288
551.678
547.976
544.197
540.356
536.46
532.515
528.521
524.479
520.391
516.259
512.084
507.869
503.614
499.319
494.985
490.61
486.197
481.743
477.249
472.716
468.145
463.536
458.887
454.199
449.471
444.706
439.902
435.06
430.18
425.26
420.299
415.298
410.255
405.172
400.05
394.889
389.688
384.447
379.166
373.843
368.479
363.074
357.631
352.149
346.629
341.071
335.476
329.844
324.173
318.46
312.698
306.873
887.434
884.413
881.379
878.334
875.281
872.218
869.151
866.081
863.014
859.954
856.906
853.874
850.864
847.878
844.922
842.001
839.119
836.276
833.475
830.719
828.008
825.342
822.721
820.144
817.608
815.11
812.643
810.202
807.778
805.363
802.95
800.532
798.104
795.659
793.194
790.701
788.175
785.613
783.011
780.368
777.683
774.956
772.189
769.381
766.534
763.649
760.729
757.777
754.793
751.781
748.744
745.684
742.606
739.513
736.41
733.305
730.202
727.109
724.03
720.973
717.943
714.944
711.981
709.056
706.169
703.316
700.495
697.701
694.931
692.183
689.456
686.75
684.067
681.408
678.778
676.182
673.625
671.114
668.646
666.217
663.82
661.451
659.119
656.86
654.76
652.965
651.646
650.935
650.879
651.438
652.434
653.588
654.593
655.177
655.249
654.773
653.614
651.866
649.631
646.522
642.149
636.52
629.447
620.29
608.274
592.701
573.807
553.326
534.213
519.928
512.881
513.622
521.212
533.659
547.959
560.518
569.518
574.576
576.647
576.762
575.649
573.748
571.311
568.501
565.429
562.175
558.783
555.274
551.66
547.955
544.175
540.333
536.438
532.493
528.501
524.461
520.375
516.244
512.071
507.857
503.603
499.309
494.975
490.602
486.189
481.736
477.244
472.712
468.142
463.533
458.885
454.197
449.469
444.704
439.901
435.061
430.182
425.263
420.302
415.301
410.259
405.177
400.056
394.895
389.695
384.455
379.175
373.855
368.493
363.091
357.651
352.173
346.658
341.108
335.522
329.902
324.248
318.556
312.824
307.033
887.994
885.095
882.18
879.252
876.315
873.371
870.422
867.471
864.52
861.57
858.626
855.691
852.769
849.863
846.978
844.114
841.273
838.459
835.673
832.915
830.185
827.484
824.811
822.166
819.547
816.953
814.38
811.825
809.283
806.75
804.221
801.692
799.16
796.621
794.07
791.504
788.92
786.316
783.689
781.037
778.36
775.655
772.921
770.159
767.368
764.548
761.702
758.83
755.934
753.015
750.072
747.109
744.126
741.128
738.121
735.111
732.105
729.11
726.134
723.184
720.266
717.386
714.545
711.745
708.979
706.237
703.51
700.787
698.059
695.322
692.576
689.821
687.063
684.306
681.557
678.823
676.115
673.44
670.789
668.138
665.443
662.657
659.763
656.792
653.875
651.293
649.393
648.467
648.656
649.884
651.817
653.973
655.851
657.075
657.625
657.508
656.563
655.05
653.035
649.946
645.549
640.171
633.623
625.252
614.457
600.748
584.16
565.711
548.535
535.47
528.556
528.412
534.263
544.212
555.49
565.267
572.062
575.82
577.237
577.049
575.797
573.825
571.351
568.523
565.444
562.186
558.788
555.272
551.652
547.944
544.161
540.318
536.421
532.476
528.483
524.444
520.36
516.232
512.06
507.848
503.596
499.303
494.969
490.596
486.183
481.732
477.24
472.709
468.141
463.533
458.885
454.197
449.469
444.703
439.901
435.062
430.185
425.266
420.306
415.304
410.263
405.182
400.062
394.902
389.703
384.464
379.185
373.866
368.507
363.107
357.669
352.195
346.685
341.141
335.565
329.956
324.318
318.646
312.943
307.186
888.356
885.541
882.712
879.873
877.026
874.173
871.313
868.448
865.58
862.713
859.841
856.973
854.113
851.262
848.425
845.596
842.785
839.991
837.215
834.456
831.717
828.996
826.294
823.611
820.946
818.298
815.664
813.045
810.436
807.837
805.245
802.657
800.07
797.481
794.886
792.283
789.668
787.041
784.401
781.745
779.073
776.384
773.676
770.949
768.202
765.435
762.647
759.838
757.007
754.155
751.282
748.388
745.474
742.543
739.597
736.642
733.684
730.735
727.808
724.918
722.08
719.304
716.592
713.936
711.321
708.725
706.124
703.499
700.835
698.129
695.38
692.589
689.76
686.899
684.022
681.157
678.332
675.554
672.8
670.009
667.057
663.781
660.054
655.891
651.569
647.574
644.528
643.019
643.446
645.807
649.402
653.215
656.388
658.465
659.535
659.69
658.829
657.451
655.55
652.396
648.037
643.006
637.019
629.495
620.041
608.327
594.368
579.292
565.296
554.501
548.314
547.61
550.956
557.202
564.393
570.678
575.086
577.379
578.037
577.467
576.017
573.941
571.414
568.564
565.477
562.213
558.808
555.284
551.658
547.944
544.157
540.31
536.41
532.462
528.468
524.43
520.348
516.222
512.053
507.842
503.591
499.299
494.966
490.592
486.179
481.727
477.236
472.706
468.139
463.532
458.885
454.197
449.469
444.702
439.9
435.063
430.187
425.269
420.308
415.306
410.265
405.184
400.064
394.904
389.706
384.468
379.191
373.873
368.515
363.117
357.681
352.209
346.704
341.166
335.597
329.998
324.374
318.72
313.047
307.322
888.573
885.82
883.051
880.269
877.476
874.674
871.864
869.047
866.223
863.394
860.569
857.741
854.924
852.108
849.295
846.495
843.701
840.916
838.142
835.381
832.636
829.906
827.192
824.493
821.808
819.137
816.477
813.827
811.186
808.553
805.926
803.304
800.684
798.064
795.443
792.818
790.189
787.554
784.911
782.259
779.596
776.922
774.238
771.542
768.834
766.113
763.377
760.624
757.851
755.057
752.24
749.4
746.535
743.645
740.731
737.796
734.85
731.907
728.988
726.119
723.331
720.643
718.056
715.554
713.102
710.656
708.179
705.641
703.027
700.336
697.577
694.756
691.864
688.893
685.87
682.862
679.953
677.189
674.538
671.85
668.862
665.208
660.496
654.629
648.146
641.941
637.076
634.606
635.226
639.094
645.085
651.261
656.177
659.249
660.863
661.209
660.256
658.887
657.063
653.84
649.534
644.773
639.194
632.293
623.871
613.267
601.49
588.908
577.186
567.902
562.18
560.535
562.179
565.988
570.506
574.491
577.285
578.571
578.683
577.809
576.195
574.033
571.468
568.605
565.513
562.245
558.834
555.304
551.671
547.951
544.159
540.307
536.404
532.454
528.46
524.422
520.341
516.216
512.049
507.84
503.591
499.299
494.966
490.591
486.177
481.724
477.233
472.704
468.138
463.533
458.886
454.198
449.47
444.704
439.902
435.065
430.189
425.271
420.311
415.309
410.268
405.187
400.067
394.907
389.71
384.473
379.197
373.881
368.524
363.126
357.692
352.223
346.722
341.188
335.626
330.035
324.424
318.786
313.142
307.449
888.711
885.992
883.259
880.515
877.761
874.998
872.228
869.45
866.667
863.881
861.095
858.309
855.514
852.722
849.932
847.146
844.365
841.588
838.82
836.061
833.313
830.577
827.854
825.141
822.44
819.75
817.069
814.397
811.735
809.08
806.433
803.791
801.153
798.518
795.883
793.247
790.609
787.968
785.323
782.676
780.024
777.368
774.707
772.041
769.37
766.69
764.002
761.3
758.583
755.845
753.081
750.288
747.457
744.585
741.669
738.712
735.727
732.737
729.778
726.897
724.145
721.558
719.133
716.833
714.591
712.333
710.003
707.56
704.984
702.281
699.485
696.613
693.632
690.523
687.317
684.117
681.099
678.436
676.192
674.1
671.547
667.729
661.8
653.509
643.699
633.888
626.036
622.136
623.463
629.746
639.106
648.34
655.469
659.735
661.854
662.18
660.994
659.603
657.914
654.698
650.42
645.79
640.469
633.99
626.173
616.749
606.309
595.447
585.339
577.122
571.653
569.306
569.635
571.74
574.517
577.043
578.77
579.452
579.156
578.053
576.316
574.096
571.51
568.642
565.551
562.282
558.869
555.332
551.691
547.962
544.162
540.306
536.401
532.45
528.455
524.418
520.338
516.215
512.049
507.841
503.591
499.299
494.965
490.59
486.175
481.722
477.231
472.704
468.14
463.535
458.888
454.2
449.471
444.704
439.903
435.066
430.191
425.274
420.314
415.312
410.27
405.189
400.069
394.91
389.713
384.477
379.203
373.887
368.531
363.135
357.702
352.235
346.736
341.207
335.65
330.067
324.468
318.843
313.227
307.563
888.809
886.123
883.418
880.699
877.97
875.231
872.485
869.732
866.974
864.211
861.446
858.678
855.906
853.133
850.359
847.585
844.813
842.044
839.28
836.522
833.771
831.03
828.299
825.578
822.866
820.164
817.471
814.787
812.111
809.442
806.781
804.126
801.476
798.831
796.189
793.549
790.91
788.271
785.632
782.994
780.357
777.719
775.082
772.446
769.809
767.171
764.529
761.881
759.221
756.542
753.837
751.094
748.301
745.445
742.514
739.504
736.428
733.323
730.25
727.3
724.566
722.101
719.888
717.848
715.865
713.833
711.669
709.322
706.78
704.089
701.282
698.338
695.2
691.868
688.391
684.898
681.696
679.154
677.495
676.593
675.412
671.987
664.939
654.017
640.252
625.913
614.133
608.148
610.124
619.937
632.977
645.293
654.557
659.895
662.485
662.655
661.232
659.987
658.466
655.258
650.941
646.303
641.119
634.931
627.594
618.958
609.459
599.702
590.62
583.089
577.772
574.977
574.431
575.432
577.11
578.719
579.771
580.029
579.462
578.202
576.387
574.134
571.54
568.675
565.587
562.32
558.904
555.36
551.709
547.972
544.166
540.306
536.399
532.448
528.454
524.417
520.338
516.217
512.051
507.843
503.593
499.3
494.965
490.589
486.174
481.72
477.23
472.705
468.141
463.537
458.89
454.201
449.471
444.705
439.903
435.067
430.193
425.277
420.317
415.314
410.272
405.191
400.07
394.912
389.716
384.481
379.208
373.893
368.538
363.142
357.71
352.245
346.748
341.222
335.671
330.093
324.505
318.893
313.301
307.663
888.856
886.187
883.503
880.807
878.099
875.382
872.657
869.926
867.187
864.444
861.696
858.943
856.187
853.426
850.662
847.897
845.131
842.366
839.604
836.847
834.095
831.35
828.613
825.884
823.165
820.454
817.752
815.058
812.373
809.697
807.029
804.369
801.716
799.067
796.423
793.78
791.139
788.499
785.861
783.227
780.597
777.975
775.361
772.755
770.154
767.559
764.965
762.37
759.771
757.158
754.521
751.841
749.097
746.264
743.315
740.228
737.007
733.698
730.412
727.327
724.606
722.312
720.39
718.687
717.024
715.248
713.251
710.942
708.378
705.749
703.038
700.095
696.729
693.026
689.029
684.957
681.431
679.142
678.187
678.847
679.843
677.306
669.359
656.255
639.772
622.561
608.397
601.376
603.671
614.708
629.55
643.632
654.042
660.052
662.971
662.843
661.27
660.176
658.74
655.562
651.206
646.524
641.416
635.421
628.41
620.304
611.459
602.434
594.008
586.908
581.689
578.615
577.51
577.807
578.788
579.81
580.421
580.39
579.64
578.28
576.419
574.154
571.564
568.706
565.624
562.358
558.937
555.386
551.727
547.982
544.17
540.306
536.398
532.447
528.454
524.419
520.342
516.221
512.056
507.847
503.595
499.302
494.967
490.59
486.174
481.72
477.231
472.706
468.144
463.54
458.892
454.202
449.472
444.705
439.904
435.069
430.196
425.28
420.319
415.317
410.274
405.192
400.072
394.914
389.718
384.485
379.212
373.898
368.543
363.148
357.717
352.253
346.758
341.235
335.687
330.116
324.534
318.934
313.363
307.747
888.907
886.251
883.579
880.893
878.196
875.489
872.774
870.052
867.325
864.593
861.856
859.115
856.369
853.619
850.865
848.107
845.346
842.585
839.825
837.067
834.314
831.566
828.825
826.092
823.367
820.65
817.941
815.24
812.549
809.866
807.193
804.529
801.872
799.222
796.576
793.933
791.293
788.657
786.025
783.399
780.78
778.171
775.573
772.988
770.415
767.853
765.302
762.761
760.225
757.687
755.131
752.533
749.858
747.064
744.103
740.923
737.509
733.886
730.24
726.924
724.218
722.177
720.653
719.378
718.105
716.658
714.858
712.468
709.796
707.261
704.742
702.001
698.572
694.392
689.519
684.343
680.056
677.661
678.211
680.775
683.043
681.5
672.468
657.999
640.724
622.911
608.23
601.214
603.653
614.652
629.699
643.914
654.258
660.475
663.356
662.817
661.242
660.254
658.803
655.713
651.349
646.597
641.52
635.662
628.871
621.11
612.693
604.143
596.141
589.32
584.17
580.928
579.477
579.328
579.861
580.5
580.819
580.591
579.721
578.303
576.425
574.164
571.587
568.739
565.664
562.397
558.971
555.412
551.744
547.992
544.175
540.308
536.398
532.447
528.455
524.421
520.345
516.226
512.061
507.852
503.6
499.305
494.968
490.59
486.174
481.721
477.232
472.708
468.146
463.542
458.893
454.203
449.473
444.706
439.906
435.071
430.198
425.282
420.321
415.318
410.275
405.193
400.073
394.915
389.72
384.487
379.215
373.901
368.546
363.152
357.722
352.259
346.765
341.245
335.7
330.134
324.558
318.969
313.414
307.816
888.922
886.269
883.602
880.924
878.237
875.541
872.84
870.132
867.418
864.699
861.975
859.246
856.51
853.769
851.02
848.265
845.505
842.742
839.978
837.217
834.46
831.708
828.963
826.225
823.494
820.77
818.055
815.35
812.655
809.973
807.302
804.64
801.987
799.34
796.696
794.054
791.413
788.774
786.14
783.515
780.902
778.305
775.723
773.159
770.612
768.083
765.574
763.086
760.618
758.164
755.706
753.218
750.648
747.928
744.967
741.67
737.985
733.916
729.774
726.15
723.455
721.748
720.74
719.997
719.185
718.156
716.518
713.85
711.079
708.567
706.161
703.718
700.655
696.363
690.417
684.033
678.631
674.289
674.59
681.678
684.888
680.828
672.154
658.936
642.489
625.272
611.22
604.595
607.092
617.534
631.81
645.221
654.988
661.085
663.543
662.752
661.301
660.319
658.714
655.743
651.502
646.695
641.56
635.763
629.106
621.586
613.462
605.223
597.493
590.85
585.742
582.398
580.723
580.286
580.528
580.912
581.034
580.672
579.728
578.286
576.413
574.17
571.609
568.774
565.702
562.432
558.999
555.431
551.756
547.997
544.176
540.307
536.397
532.447
528.456
524.424
520.349
516.229
512.064
507.854
503.602
499.307
494.97
490.592
486.175
481.722
477.234
472.71
468.148
463.543
458.894
454.203
449.474
444.708
439.908
435.073
430.199
425.283
420.322
415.319
410.276
405.194
400.074
394.917
389.722
384.489
379.217
373.903
368.549
363.155
357.725
352.263
346.771
341.253
335.709
330.148
324.575
318.996
313.452
307.869
888.938
886.288
883.624
880.948
878.262
875.568
872.869
870.167
867.462
864.753
862.039
859.32
856.594
853.86
851.119
848.369
845.612
842.85
840.086
837.322
834.561
831.804
829.054
826.31
823.573
820.844
818.123
815.413
812.714
810.028
807.355
804.694
802.043
799.399
796.76
794.122
791.484
788.848
786.216
783.593
780.985
778.396
775.828
773.283
770.762
768.265
765.795
763.355
760.948
758.571
756.216
753.858
751.438
748.869
745.962
742.55
738.447
733.631
728.877
724.971
722.333
721.008
720.574
720.469
720.284
719.789
718.006
714.817
712.268
709.596
707.099
704.645
701.529
698.744
691.836
684.913
679.979
676.011
674.206
678.288
681.976
679.222
671.523
659.547
644.276
628.117
615.171
609.118
611.614
621.28
634.416
646.717
655.887
661.566
663.526
662.704
661.441
660.382
658.556
655.671
651.651
646.881
641.641
635.821
629.211
621.847
613.912
605.876
598.322
591.793
586.715
583.315
581.493
580.866
580.913
581.127
581.116
580.665
579.683
578.243
576.39
574.17
571.628
568.803
565.734
562.46
559.018
555.443
551.763
548
544.177
540.307
536.396
532.446
528.456
524.424
520.35
516.231
512.066
507.857
503.604
499.308
494.97
490.593
486.176
481.724
477.236
472.712
468.149
463.544
458.895
454.205
449.475
444.709
439.909
435.074
430.2
425.284
420.323
415.32
410.277
405.195
400.075
394.918
389.723
384.49
379.218
373.904
368.55
363.157
357.728
352.267
346.775
341.258
335.716
330.158
324.587
319.016
313.478
307.906
888.933
886.283
883.62
880.947
878.267
875.58
872.89
870.197
867.502
864.803
862.1
859.389
856.669
853.94
851.198
848.446
845.685
842.918
840.149
837.381
834.616
831.858
829.104
826.356
823.614
820.88
818.155
815.442
812.744
810.061
807.393
804.738
802.094
799.455
796.819
794.18
791.536
788.891
786.251
783.624
781.018
778.438
775.884
773.358
770.858
768.387
765.949
763.551
761.2
758.898
756.649
754.43
752.201
749.865
747.171
743.823
739.097
733.052
727.516
723.426
721.046
720.193
720.264
720.649
721.36
721.994
719.271
715.289
713.544
710.703
708.217
706.364
700.865
696.474
691.999
685.919
681.042
677.74
677.354
679.145
679.794
677.124
670.896
660.221
645.93
630.634
618.493
612.857
615.278
624.333
636.508
647.901
656.507
661.758
663.424
662.695
661.623
660.509
658.49
655.564
651.736
647.073
641.777
635.891
629.301
622.003
614.171
606.251
598.801
592.339
587.277
583.83
581.924
581.182
581.109
581.217
581.122
580.618
579.625
578.195
576.365
574.165
571.636
568.817
565.748
562.471
559.026
555.447
551.764
548
544.176
540.306
536.395
532.446
528.457
524.425
520.351
516.232
512.067
507.858
503.604
499.309
494.972
490.594
486.177
481.725
477.237
472.712
468.149
463.544
458.895
454.205
449.476
444.71
439.91
435.074
430.2
425.284
420.323
415.32
410.277
405.195
400.076
394.918
389.723
384.491
379.218
373.905
368.551
363.158
357.729
352.268
346.777
341.261
335.72
330.163
324.593
319.027
313.493
307.929
888.935
886.278
883.607
880.926
878.239
875.55
872.863
870.178
867.495
864.811
862.124
859.429
856.724
854.005
851.271
848.521
845.757
842.983
840.203
837.423
834.649
831.883
829.124
826.373
823.627
820.887
818.155
815.435
812.732
810.048
807.383
804.735
802.099
799.472
796.845
794.214
791.574
788.926
786.28
783.648
781.039
778.463
775.921
773.413
770.93
768.48
766.062
763.694
761.385
759.143
756.991
754.893
752.879
750.809
748.475
745.525
740.139
732.563
725.926
721.523
719.61
719.49
719.943
720.442
721.46
722.758
719.895
714.812
712.772
709.47
707.181
704.994
700.528
696.814
692.412
686.628
681.855
678.634
677.712
678.93
678.53
675.969
670.6
660.881
647.2
632.39
620.685
615.261
617.562
626.186
637.739
648.564
656.791
661.739
663.33
662.704
661.778
660.639
658.517
655.529
651.768
647.185
641.897
635.96
629.375
622.113
614.339
606.481
599.082
592.651
587.592
584.116
582.158
581.347
581.202
581.244
581.101
580.574
579.585
578.166
576.348
574.158
571.636
568.817
565.748
562.47
559.024
555.445
551.762
547.999
544.175
540.305
536.395
532.446
528.457
524.426
520.351
516.232
512.067
507.858
503.605
499.309
494.972
490.594
486.178
481.725
477.237
472.713
468.149
463.544
458.895
454.205
449.476
444.71
439.91
435.074
430.2
425.283
420.323
415.32
410.277
405.195
400.076
394.918
389.723
384.491
379.218
373.905
368.551
363.158
357.729
352.269
346.778
341.262
335.721
330.165
324.595
319.032
313.5
307.942
888.937
886.279
883.604
880.919
878.23
875.542
872.857
870.177
867.499
864.821
862.139
859.449
856.748
854.032
851.3
848.551
845.786
843.01
840.229
837.447
834.67
831.901
829.14
826.386
823.637
820.895
818.162
815.441
812.739
810.056
807.393
804.746
802.113
799.487
796.861
794.227
791.582
788.929
786.279
783.645
781.036
778.461
775.923
773.42
770.948
768.508
766.102
763.751
761.458
759.246
757.125
755.075
753.132
751.119
748.99
746.06
740.823
733.498
726.629
721.832
719.655
719.472
719.91
720.534
721.486
722.304
719.469
715.113
713.105
710.152
707.908
705.579
700.709
696.887
692.397
686.742
682.156
679.061
678.187
678.971
678.15
675.443
670.539
661.286
647.943
633.359
621.802
616.347
618.513
626.953
638.231
648.8
656.848
661.671
663.246
662.704
661.84
660.72
658.589
655.54
651.718
647.141
641.89
635.965
629.391
622.159
614.42
606.595
599.221
592.803
587.744
584.259
582.261
581.418
581.241
581.254
581.091
580.555
579.567
578.154
576.34
574.153
571.632
568.813
565.744
562.466
559.021
555.443
551.76
547.998
544.175
540.305
536.395
532.446
528.457
524.426
520.351
516.232
512.067
507.858
503.605
499.309
494.972
490.594
486.178
481.725
477.237
472.713
468.149
463.544
458.895
454.205
449.476
444.71
439.91
435.074
430.2
425.283
420.323
415.32
410.277
405.195
400.075
394.918
389.723
384.49
379.218
373.905
368.551
363.158
357.729
352.269
346.778
341.262
335.721
330.165
324.595
319.032
313.501
307.946
303.144
297.051
290.684
284.04
277.041
269.671
261.917
253.762
245.183
236.151
226.636
216.602
206.011
194.82
182.984
170.449
157.161
143.051
128.056
112.079
95.0691
76.8539
57.3692
36.218
13.2277
302.785
296.759
290.375
283.724
276.739
269.378
261.628
253.474
244.896
235.866
226.351
216.317
205.725
194.534
182.697
170.162
156.875
142.766
127.773
111.801
94.7891
76.5772
57.0893
35.9486
12.9799
302.351
296.426
290.07
283.418
276.443
269.095
261.353
253.205
244.632
235.604
226.091
216.059
205.468
194.278
182.442
169.909
156.623
142.517
127.528
111.562
94.5509
76.3433
56.8508
35.7259
12.7985
302.004
296.122
289.793
283.14
276.163
268.822
261.088
252.944
244.371
235.344
225.832
215.799
205.208
194.016
182.18
169.646
156.36
142.254
127.264
111.299
94.2868
76.0715
56.5931
35.4832
12.6182
301.709
295.827
289.522
282.871
275.893
268.558
260.831
252.691
244.122
235.097
225.587
215.556
204.966
193.776
181.941
169.408
156.123
142.019
127.031
111.069
94.0588
75.8502
56.3668
35.2781
12.473
301.453
295.556
289.266
282.622
275.643
268.309
260.587
252.452
243.885
234.861
225.351
215.32
204.73
193.538
181.702
169.168
155.883
141.778
126.791
110.829
93.8188
75.6112
56.1381
35.0697
12.3386
301.225
295.309
289.025
282.387
275.407
268.072
260.353
252.221
243.656
234.634
225.125
215.094
204.505
193.315
181.48
168.948
155.664
141.562
126.577
110.617
93.6097
75.4083
55.9345
34.8922
12.2254
301.02
295.083
288.799
282.164
275.184
267.849
260.13
252.002
243.439
234.418
224.91
214.88
204.291
193.101
181.266
168.732
155.448
141.345
126.36
110.4
93.3929
75.1933
55.7314
34.7144
12.123
300.832
294.876
288.588
281.955
274.975
267.638
259.92
251.794
243.233
234.213
224.705
214.676
204.087
192.897
181.062
168.53
155.247
141.146
126.163
110.207
93.2024
75.0082
55.5504
34.5653
12.0341
300.66
294.687
288.392
281.758
274.779
267.44
259.722
251.597
243.038
234.019
224.511
214.482
203.894
192.704
180.869
168.337
155.054
140.953
125.97
110.013
93.0093
74.8175
55.3722
34.411
11.9543
300.501
294.513
288.21
281.575
274.594
267.255
259.536
251.411
242.853
233.835
224.328
214.299
203.711
192.522
180.687
168.155
154.872
140.772
125.791
109.837
92.8369
74.6517
55.2124
34.2813
11.8845
300.355
294.353
288.043
281.404
274.422
267.081
259.361
251.236
242.679
233.662
224.155
214.127
203.539
192.35
180.515
167.983
154.701
140.601
125.621
109.667
92.6675
74.4845
55.0579
34.1509
11.8213
300.221
294.207
287.888
281.246
274.262
266.92
259.198
251.073
242.516
233.499
223.993
213.965
203.377
192.188
180.354
167.822
154.54
140.441
125.461
109.51
92.5135
74.3374
54.9184
34.04
11.766
300.098
294.072
287.746
281.099
274.113
266.77
259.047
250.921
242.364
233.348
223.842
213.814
203.226
192.037
180.203
167.672
154.39
140.291
125.312
109.362
92.3669
74.1936
54.7864
33.9307
11.7157
299.985
293.949
287.616
280.965
273.976
266.631
258.907
250.78
242.223
233.207
223.702
213.673
203.086
191.897
180.063
167.532
154.251
140.152
125.174
109.224
92.2321
74.0651
54.6668
33.8372
11.6717
299.882
293.837
287.497
280.842
273.851
266.504
258.778
250.65
242.093
233.077
223.572
213.544
202.956
191.768
179.934
167.403
154.122
140.024
125.046
109.098
92.1075
73.9438
54.5559
33.7471
11.6318
299.788
293.736
287.39
280.73
273.737
266.387
258.661
250.532
241.974
232.958
223.453
213.425
202.837
191.649
179.815
167.284
154.004
139.906
124.929
108.982
91.9934
73.8344
54.4559
33.6694
11.5971
299.704
293.645
287.294
280.63
273.633
266.282
258.554
250.424
241.866
232.85
223.345
213.316
202.729
191.54
179.707
167.177
153.896
139.799
124.823
108.877
91.89
73.7346
54.365
33.5972
11.5658
299.629
293.564
287.208
280.54
273.541
266.188
258.459
250.328
241.769
232.752
223.247
213.219
202.631
191.443
179.61
167.079
153.799
139.703
124.727
108.782
91.7969
73.6452
54.284
33.5344
11.5389
299.563
293.493
287.132
280.461
273.459
266.105
258.374
250.242
241.682
232.665
223.16
213.132
202.544
191.356
179.523
166.993
153.713
139.617
124.642
108.697
91.7144
73.5661
54.2124
33.4786
11.5151
299.506
293.431
287.066
280.393
273.389
266.032
258.3
250.167
241.607
232.589
223.084
213.056
202.468
191.28
179.447
166.917
153.638
139.542
124.567
108.624
91.6423
73.4971
54.1502
33.4305
11.495
299.457
293.379
287.011
280.334
273.328
265.97
258.237
250.103
241.542
232.524
223.018
212.99
202.403
191.214
179.382
166.852
153.573
139.477
124.503
108.561
91.5806
73.4383
54.0972
33.3897
11.4778
299.417
293.335
286.965
280.286
273.278
265.919
258.184
250.05
241.488
232.47
222.964
212.935
202.348
191.16
179.327
166.798
153.518
139.423
124.45
108.508
91.5293
73.3894
54.0534
33.3561
11.4638
299.385
293.301
286.928
280.248
273.238
265.878
258.142
250.007
241.445
232.426
222.92
212.891
202.304
191.116
179.283
166.754
153.475
139.38
124.407
108.466
91.4884
73.3505
54.0186
33.3295
11.4527
299.361
293.276
286.901
280.219
273.209
265.847
258.111
249.975
241.412
232.393
222.887
212.858
202.271
191.083
179.25
166.721
153.442
139.348
124.375
108.435
91.4578
73.3216
53.9928
33.3099
11.4445
299.346
293.259
286.884
280.201
273.189
265.827
258.09
249.954
241.39
232.371
222.864
212.835
202.248
191.06
179.228
166.699
153.42
139.326
124.354
108.414
91.4376
73.3025
53.9759
33.2972
11.4391
299.339
293.251
286.875
280.192
273.18
265.817
258.08
249.943
241.379
232.359
222.853
212.824
202.236
191.048
179.216
166.687
153.409
139.315
124.343
108.403
91.4278
73.2934
53.968
33.2913
11.4365
299.34
293.252
286.877
280.193
273.181
265.818
258.08
249.943
241.379
232.359
222.852
212.823
202.235
191.047
179.215
166.686
153.408
139.314
124.342
108.403
91.4283
73.2942
53.9691
33.2923
11.4366
299.353
293.266
286.891
280.208
273.196
265.833
258.095
249.958
241.393
232.373
222.866
212.837
202.25
191.062
179.229
166.7
153.422
139.329
124.357
108.418
91.4438
73.3093
53.9831
33.3031
11.4407
299.377
293.293
286.919
280.237
273.226
265.864
258.126
249.988
241.424
232.403
222.896
212.867
202.279
191.092
179.259
166.73
153.452
139.359
124.387
108.449
91.4742
73.3386
54.0099
33.3237
11.4488
299.413
293.332
286.96
280.28
273.271
265.909
258.172
250.034
241.47
232.449
222.942
212.912
202.325
191.137
179.304
166.776
153.498
139.404
124.433
108.494
91.5195
73.3821
54.0497
33.3543
11.461
299.462
293.384
287.016
280.338
273.33
265.97
258.233
250.096
241.531
232.51
223.003
212.973
202.386
191.198
179.365
166.837
153.559
139.465
124.494
108.555
91.5798
73.4398
54.1025
33.3943
11.4773
299.523
293.449
287.085
280.41
273.405
266.046
258.31
250.173
241.608
232.587
223.079
213.05
202.462
191.274
179.442
166.913
153.635
139.541
124.57
108.631
91.6551
73.5119
54.1686
33.4453
11.4979
299.596
293.528
287.168
280.498
273.495
266.138
258.402
250.265
241.701
232.68
223.172
213.142
202.554
191.366
179.533
167.005
153.726
139.633
124.661
108.721
91.7454
73.5982
54.2478
33.5067
11.5229
299.682
293.62
287.267
280.6
273.6
266.244
258.51
250.374
241.809
232.788
223.28
213.25
202.661
191.473
179.641
167.112
153.833
139.739
124.767
108.827
91.8509
73.699
54.3408
33.5794
11.5529
299.781
293.727
287.38
280.719
273.722
266.368
258.634
250.498
241.934
232.912
223.403
213.373
202.784
191.596
179.763
167.234
153.956
139.861
124.889
108.948
91.9708
73.8139
54.4473
33.6629
11.5877
299.893
293.849
287.51
280.854
273.86
266.508
258.775
250.638
242.073
233.052
223.542
213.512
202.923
191.734
179.901
167.372
154.094
139.999
125.026
109.085
92.1069
73.9438
54.568
33.759
11.6283
300.018
293.986
287.656
281.006
274.016
266.664
258.932
250.795
242.229
233.206
223.697
213.666
203.077
191.888
180.055
167.526
154.247
140.151
125.178
109.235
92.2544
74.0874
54.7029
33.8664
11.6746
300.158
294.139
287.819
281.176
274.188
266.838
259.105
250.968
242.401
233.377
223.866
213.836
203.246
192.057
180.224
167.694
154.415
140.319
125.346
109.402
92.4208
74.2466
54.8525
33.9883
11.7282
300.312
294.309
288.001
281.364
274.379
267.029
259.296
251.158
242.59
233.564
224.052
214.02
203.431
192.241
180.409
167.879
154.599
140.502
125.528
109.581
92.5942
74.4192
55.0167
34.1215
11.789
300.482
294.498
288.202
281.572
274.589
267.238
259.503
251.364
242.794
233.767
224.254
214.221
203.63
192.441
180.608
168.078
154.799
140.701
125.726
109.778
92.7919
74.6082
55.1965
34.2722
11.8595
300.669
294.707
288.425
281.8
274.817
267.465
259.728
251.586
243.014
233.986
224.471
214.437
203.846
192.656
180.824
168.293
155.013
140.913
125.936
109.985
92.9937
74.8097
55.3907
34.4321
11.9396
300.867
294.93
288.662
282.04
275.055
267.7
259.96
251.815
243.241
234.21
224.694
214.659
204.068
192.877
181.044
168.513
155.234
141.133
126.156
110.204
93.2084
75.0196
55.5929
34.6072
12.0292
301.065
295.154
288.898
282.277
275.288
267.929
260.185
252.037
243.459
234.427
224.91
214.873
204.281
193.09
181.256
168.724
155.444
141.341
126.362
110.407
93.4075
75.2188
55.787
34.7704
12.1219
301.261
295.377
289.131
282.507
275.513
268.149
260.401
252.248
243.668
234.633
225.115
215.077
204.485
193.293
181.459
168.926
155.647
141.544
126.565
110.608
93.6086
75.4135
55.9762
34.9391
12.2184
301.453
295.599
289.358
282.729
275.729
268.359
260.605
252.448
243.865
234.829
225.309
215.27
204.678
193.485
181.651
169.116
155.834
141.729
126.75
110.791
93.7896
75.5925
56.1513
35.0903
12.3165
301.643
295.817
289.577
282.941
275.934
268.557
260.797
252.636
244.05
235.012
225.491
215.452
204.859
193.666
181.832
169.297
156.016
141.91
126.93
110.97
93.9684
75.7675
56.3216
35.246
12.417
301.83
296.03
289.786
283.143
276.129
268.744
260.978
252.812
244.224
235.184
225.662
215.622
205.029
193.835
182
169.464
156.181
142.073
127.092
111.128
94.1282
75.9256
56.4751
35.3823
12.5179
302.018
296.236
289.985
283.334
276.312
268.919
261.146
252.976
244.386
235.344
225.821
215.781
205.188
193.993
182.159
169.622
156.34
142.232
127.249
111.283
94.2839
76.08
56.6246
35.5207
12.6195
302.205
296.434
290.173
283.515
276.484
269.081
261.302
253.129
244.536
235.493
225.969
215.928
205.334
194.139
182.304
169.766
156.483
142.374
127.388
111.42
94.4222
76.2177
56.7564
35.6414
12.7204
302.391
296.618
290.35
283.685
276.643
269.232
261.447
253.27
244.675
235.631
226.106
216.065
205.471
194.276
182.441
169.903
156.619
142.511
127.524
111.554
94.556
76.3521
56.885
35.7609
12.8206
302.571
296.788
290.515
283.843
276.791
269.371
261.58
253.399
244.802
235.757
226.232
216.19
205.595
194.4
182.564
170.027
156.742
142.633
127.642
111.671
94.6729
76.47
56.9988
35.8636
12.9187
302.737
296.941
290.668
283.988
276.925
269.498
261.703
253.519
244.92
235.875
226.349
216.307
205.712
194.517
182.681
170.144
156.859
142.75
127.758
111.786
94.7868
76.5864
57.1106
35.9674
13.0152
302.877
297.074
290.805
284.118
277.045
269.612
261.813
253.627
245.027
235.981
226.455
216.413
205.817
194.622
182.785
170.248
156.962
142.853
127.858
111.885
94.8846
76.6878
57.2065
36.057
13.108
302.986
297.187
290.924
284.231
277.153
269.716
261.914
253.727
245.126
236.08
226.555
216.513
205.917
194.723
182.885
170.351
157.064
142.957
127.961
111.986
94.9829
76.7905
57.3056
36.1474
13.1998
303.073
297.284
291.023
284.325
277.245
269.805
262.001
253.813
245.21
236.164
226.638
216.597
205.999
194.806
182.967
170.435
157.146
143.039
128.041
112.064
95.0601
76.8713
57.3817
36.2185
13.2807
303.148
297.369
291.111
284.412
277.331
269.888
262.083
253.895
245.292
236.246
226.72
216.679
206.08
194.888
183.046
170.516
157.224
143.12
128.118
112.144
95.1356
76.9534
57.46
36.2897
13.3637
)
;

boundaryField
{
    inlet
    {
        type            zeroGradient;
    }
    outlet
    {
        type            fixedValue;
        value           uniform 0;
    }
    upperWall
    {
        type            zeroGradient;
    }
    lowerWall
    {
        type            zeroGradient;
    }
    frontAndBack
    {
        type            empty;
    }
}


// ************************************************************************* //
