/*--------------------------------*- C++ -*----------------------------------*\
  =========                 |
  \\      /  F ield         | OpenFOAM: The Open Source CFD Toolbox
   \\    /   O peration     | Website:  https://openfoam.org
    \\  /    A nd           | Version:  9
     \\/     M anipulation  |
\*---------------------------------------------------------------------------*/
FoamFile
{
    format      ascii;
    class       volScalarField;
    location    "0.038";
    object      s_0;
}
// * * * * * * * * * * * * * * * * * * * * * * * * * * * * * * * * * * * * * //

dimensions      [0 0 0 0 0 0 0];

internalField   nonuniform List<scalar> 
12225
(
1
1
1
1
1
1
1
1
1
1
1
1
1
1
1
1
1
0.999942
1
1
1
1
1
1
1
1
1
1
1
1
1
1
1
1
1
0.999995
1
1
1
1
1
1
1
1
1
1
1
1
1
1
1
1
1
1
1
1
1
1
1
1
1
1
1
1
1
1
1
1
1
1
1
1
1
1
1
1
1
1
1
1
1
1
1
1
1
1
1
1
1
1
1
1
1
1
1
1
1
1
1
1
1
1
1
1
1
1
1
1
1
1
1
1
1
1
1
1
1
1
1
1
1
1
1
1
1
1
1
1
1
1
1
1
1
1
1
1
1
1
1
1
1
1
1
1
1
1
1
1
1
1
1
1
1
1
1
1
1
1
1
1
1
1
1
1
1
1
1
1
1
1
1
1
1
1
1
1
1
1
1
1
1
1
1
1
1
1
1
1
1
1
1
1
1
1
1
1
1
1
1
1
1
1
1
1
1
1
1
1
1
1
1
1
1
1
1
1
1
1
1
1
1
1
1
1
1
1
1
1
1
1
1
1
1
1
1
1
1
1
1
1
1
1
1
1
1
1
1
1
1
1
1
1
1
1
1
1
1
1
1
1
1
1
1
1
1
1
1
1
1
1
1
1
1
1
1
1
1
1
1
1
1
1
1
1
1
1
1
1
1
1
1
1
1
1
1
1
1
1
1
1
1
1
1
1
1
1
1
1
1
1
1
1
1
1
1
1
1
1
1
1
1
1
1
1
1
1
1
1
1
1
1
1
1
1
1
1
1
1
1
1
1
1
1
1
1
1
1
1
1
1
1
1
1
1
1
1
1
1
1
1
1
1
1
1
1
1
1
1
1
1
1
1
1
1
1
1
1
1
1
1
1
1
1
1
1
1
1
1
1
1
1
1
1
1
1
1
1
1
1
1
1
1
1
1
1
1
1
1
1
1
1
1
1
1
1
1
1
1
1
1
1
1
1
1
1
1
1
1
1
1
1
1
1
1
1
1
1
1
1
1
1
1
1
1
1
1
1
1
1
1
1
1
1
1
1
1
1
1
1
1
1
1
1
1
1
1
1
1
1
1
1
1
1
1
1
1
1
1
1
1
1
1
1
1
1
1
1
1
1
1
1
1
1
1
1
1
1
1
1
1
1
1
1
1
1
1
1
1
1
1
1
1
1
1
1
1
1
1
1
1
1
1
1
1
1
1
1
1
1
1
1
1
1
1
1
1
1
1
1
1
0.290927
0.377224
0.402126
0.406589
0.405638
0.419352
0.46194
0.49
0.511502
0.527071
0.539065
0.547664
0.557715
0.568253
0.576598
0.582868
0.587666
0.590919
0.593207
0.595294
0.597407
0.599192
0.600337
0.600826
0.600882
0.600509
0.597624
0.581501
0.43639
0.368858
0.390348
0.391352
0.391812
0.393842
0.396642
0.398538
0.409972
0.42893
0.458553
0.470136
0.478872
0.479109
0.465745
0.374242
0.352908
0.338348
0.348585
0.571932
0.840723
0.857534
0.861762
0.865046
0.866517
0.867397
0.868562
0.869559
0.870301
0.87071
0.871618
0.872958
0.873762
0.874167
0.874869
0.876113
0.877244
0.877846
0.878571
0.879784
0.880753
0.881222
0.881877
0.88285
0.883707
0.88462
0.885877
0.887051
0.887872
0.888909
0.89021
0.891321
0.89212
0.89287
0.893546
0.894139
0.894644
0.894994
0.895225
0.895426
0.89551
0.895389
0.895209
0.895147
0.895129
0.895165
0.895213
0.895302
0.895373
0.895387
0.895347
0.895233
0.895083
0.894878
0.894555
0.894096
0.893512
0.8928
0.891955
0.890991
0.889917
0.888737
0.887442
0.885985
0.884207
0.881755
0.878599
0.874975
0.87125
0.867916
0.865332
0.863297
0.861631
0.860183
0.858871
0.857754
0.856837
0.856028
0.855331
0.85487
0.854632
0.854521
0.854395
0.854094
0.853002
0.850133
0.847415
0.842874
0.834072
0.820866
0.804629
0.78556
0.761005
0.72616
0.676398
0.609705
0.52803
0.43721
0.345509
0.261072
0.189608
0.133345
0.0914983
0.0616219
0.0408832
0.0267779
0.0173347
0.0110861
0.00699069
0.0043389
0.00264865
0.00159013
0.00093904
0.000545508
0.000311669
0.000175057
9.66049e-05
5.23435e-05
2.7824e-05
1.44988e-05
7.39852e-06
3.69392e-06
1.802e-06
8.58225e-07
3.98244e-07
1.7996e-07
7.89045e-08
3.35679e-08
1.3754e-08
5.40985e-09
2.07913e-09
4.80999e-10
0.254914
0.30388
0.298396
0.306694
0.335232
0.394186
0.459159
0.506356
0.54419
0.567469
0.581132
0.592279
0.597085
0.598638
0.599281
0.599193
0.599131
0.599246
0.599751
0.601004
0.601653
0.602923
0.604756
0.605868
0.607923
0.609368
0.609215
0.605822
0.580275
0.488372
0.408059
0.369295
0.337247
0.315425
0.305855
0.30511
0.329311
0.367295
0.445094
0.483471
0.483514
0.482678
0.46654
0.410397
0.606666
0.766479
0.796086
0.826082
0.857865
0.861567
0.863006
0.863617
0.863648
0.862671
0.862238
0.862034
0.861734
0.861425
0.861334
0.861309
0.861608
0.862787
0.864123
0.865877
0.869709
0.871513
0.872153
0.873015
0.874979
0.875754
0.875741
0.875667
0.875961
0.877211
0.879096
0.880833
0.882726
0.885831
0.889804
0.893516
0.897377
0.901429
0.905337
0.909169
0.913037
0.916384
0.919262
0.9225
0.926025
0.929228
0.931472
0.933017
0.934717
0.936198
0.937487
0.938159
0.939152
0.939568
0.939905
0.940092
0.940145
0.939943
0.939233
0.938231
0.936707
0.934791
0.932563
0.930207
0.927604
0.924845
0.922114
0.919666
0.917736
0.916587
0.916093
0.915782
0.915073
0.911941
0.90285
0.892883
0.884826
0.879939
0.877633
0.87682
0.876645
0.876542
0.876133
0.874023
0.867824
0.863077
0.860976
0.860621
0.861057
0.863995
0.87491
0.886841
0.895611
0.904773
0.915371
0.924415
0.928907
0.929597
0.928951
0.926008
0.918114
0.895698
0.859506
0.829285
0.807389
0.785638
0.748952
0.684624
0.591649
0.482402
0.37487
0.281763
0.205387
0.144987
0.0992242
0.0659417
0.042621
0.0268248
0.0164557
0.00984784
0.00575333
0.00328354
0.00183112
0.000998072
0.000531426
0.000276407
0.000140211
6.93894e-05
3.3394e-05
1.56578e-05
7.10306e-06
3.13599e-06
1.3261e-06
5.43643e-07
2.1298e-07
6.64983e-08
0.210781
0.227032
0.328411
0.485694
0.58591
0.630018
0.647078
0.646978
0.644011
0.637618
0.628755
0.621919
0.611124
0.602681
0.597572
0.586669
0.577345
0.57317
0.56728
0.564703
0.565326
0.567699
0.573231
0.58101
0.590863
0.600079
0.605757
0.609607
0.608023
0.593928
0.546878
0.439727
0.370061
0.329981
0.310779
0.295111
0.309406
0.351293
0.442336
0.528911
0.507993
0.499666
0.586325
0.755842
0.811596
0.836492
0.848427
0.856241
0.859203
0.859759
0.858919
0.854451
0.847555
0.838797
0.834427
0.832889
0.832553
0.83352
0.83973
0.8465
0.848645
0.850386
0.853087
0.853809
0.853922
0.853785
0.85256
0.849863
0.845829
0.840254
0.833727
0.827482
0.8223
0.818242
0.815725
0.814598
0.814337
0.817569
0.822604
0.829708
0.841496
0.854725
0.867253
0.878728
0.890205
0.899691
0.908251
0.917453
0.92527
0.932977
0.939392
0.944105
0.9488
0.953024
0.957275
0.959451
0.962857
0.96535
0.96776
0.970026
0.971966
0.973542
0.974636
0.975246
0.975101
0.974107
0.971787
0.968013
0.963085
0.956831
0.949169
0.940531
0.932981
0.927873
0.925392
0.925072
0.926184
0.928292
0.928926
0.928062
0.921622
0.903295
0.889858
0.883799
0.88223
0.882373
0.884403
0.886978
0.887512
0.886884
0.88257
0.87072
0.862385
0.858836
0.858178
0.858339
0.859479
0.864006
0.875003
0.886919
0.899199
0.91218
0.926332
0.941272
0.954825
0.964455
0.969302
0.970623
0.970598
0.9698
0.966591
0.956289
0.944886
0.93385
0.914257
0.868642
0.74113
0.56667
0.414319
0.293737
0.203367
0.137689
0.0910787
0.058841
0.0371202
0.0228686
0.0137542
0.00807523
0.00462346
0.00258091
0.00140194
0.000741336
0.000380324
0.000189727
9.14055e-05
4.27949e-05
1.9185e-05
8.34142e-06
3.43866e-06
1.28405e-06
0.20009
0.481448
0.642087
0.684309
0.685747
0.680539
0.667475
0.652566
0.627181
0.602179
0.577258
0.553586
0.535813
0.51802
0.504371
0.493219
0.48506
0.480402
0.473328
0.471173
0.472265
0.475801
0.483604
0.497812
0.518822
0.554126
0.582594
0.600525
0.608144
0.608033
0.60091
0.575417
0.509291
0.435276
0.373513
0.365992
0.381237
0.429492
0.53322
0.612349
0.619247
0.731488
0.791839
0.82928
0.844443
0.851446
0.8547
0.856058
0.856277
0.852071
0.842174
0.821411
0.804915
0.799843
0.798934
0.799624
0.805203
0.817373
0.832827
0.839918
0.841804
0.84231
0.842321
0.840505
0.834167
0.822166
0.805369
0.785749
0.76516
0.745042
0.724632
0.704827
0.688564
0.67859
0.675732
0.675072
0.675723
0.676862
0.679311
0.684435
0.692875
0.70495
0.718256
0.735976
0.756176
0.776903
0.798364
0.821798
0.844795
0.868448
0.89062
0.906773
0.920534
0.932063
0.942785
0.949507
0.956155
0.96151
0.966088
0.970298
0.974156
0.977736
0.981043
0.984
0.986482
0.988479
0.989943
0.990861
0.990947
0.990055
0.987711
0.982991
0.973188
0.958214
0.942565
0.932925
0.929734
0.930018
0.933011
0.934966
0.935024
0.933109
0.921639
0.900025
0.887633
0.882981
0.88241
0.883846
0.890127
0.894477
0.895185
0.894299
0.888774
0.874641
0.864128
0.857768
0.854832
0.854209
0.854512
0.856939
0.867203
0.883947
0.899079
0.913756
0.928557
0.942892
0.955942
0.96744
0.97724
0.984393
0.988343
0.989664
0.989756
0.989413
0.987935
0.983566
0.972285
0.945626
0.874465
0.704085
0.527831
0.380196
0.265495
0.180727
0.120235
0.0781683
0.0496147
0.0307183
0.0185203
0.0108618
0.00618252
0.00341434
0.00182432
0.000944321
0.000471385
0.000227764
0.000105576
4.72316e-05
2.02009e-05
7.89019e-06
0.617116
0.690913
0.709051
0.704615
0.69064
0.657615
0.615722
0.570298
0.541622
0.520958
0.50507
0.492403
0.48126
0.472123
0.463732
0.458558
0.453305
0.449897
0.447623
0.443717
0.441938
0.442322
0.444301
0.449521
0.462177
0.481738
0.522368
0.570095
0.597437
0.607125
0.608231
0.604315
0.588897
0.553439
0.5109
0.478492
0.482417
0.499556
0.596744
0.729191
0.758858
0.811672
0.832899
0.843598
0.848566
0.851562
0.852733
0.852196
0.846759
0.834165
0.808566
0.781462
0.772047
0.769481
0.769232
0.771237
0.780385
0.799864
0.818254
0.823185
0.823996
0.822494
0.815093
0.79837
0.769638
0.729282
0.683946
0.646755
0.619195
0.607943
0.605658
0.606096
0.610222
0.616438
0.62244
0.629561
0.635215
0.637974
0.64173
0.644368
0.647418
0.651274
0.653364
0.657093
0.661159
0.666185
0.672956
0.681577
0.693042
0.708245
0.728363
0.754804
0.783179
0.811167
0.838031
0.860807
0.879496
0.895331
0.908003
0.919184
0.930103
0.941106
0.95224
0.963113
0.972986
0.981248
0.98747
0.991486
0.993808
0.995006
0.995522
0.995453
0.994504
0.991767
0.984113
0.964578
0.946049
0.937036
0.934891
0.93557
0.936941
0.936932
0.935341
0.926077
0.904923
0.891877
0.886819
0.886123
0.887413
0.893832
0.899339
0.900882
0.900697
0.898343
0.887434
0.871595
0.861889
0.857065
0.855423
0.855304
0.856091
0.860572
0.877045
0.898202
0.915289
0.929724
0.942843
0.955113
0.966088
0.975477
0.983113
0.988927
0.992847
0.994836
0.995366
0.995296
0.994587
0.991935
0.98406
0.963285
0.907058
0.753009
0.570948
0.416052
0.293086
0.200621
0.133815
0.087017
0.0550406
0.0337922
0.020083
0.0115405
0.00639733
0.00342236
0.00176212
0.000874799
0.000416817
0.0001909
8.39813e-05
3.3866e-05
0.723207
0.722352
0.716352
0.695537
0.640574
0.590836
0.55615
0.530749
0.511938
0.497097
0.484193
0.472669
0.461051
0.451151
0.4425
0.436418
0.434037
0.432257
0.43221
0.432423
0.43241
0.431376
0.431319
0.43242
0.436729
0.447992
0.474563
0.511637
0.567801
0.598179
0.607451
0.60837
0.60555
0.59511
0.566507
0.552864
0.52744
0.525968
0.721175
0.783303
0.809454
0.830611
0.83863
0.843524
0.846273
0.846993
0.843604
0.83696
0.822136
0.79895
0.766882
0.748485
0.742745
0.741046
0.74106
0.743793
0.753979
0.773562
0.785365
0.78735
0.786336
0.772122
0.73614
0.676636
0.607223
0.568074
0.552063
0.545076
0.543114
0.544166
0.554464
0.571248
0.586358
0.600484
0.614463
0.62736
0.632414
0.635991
0.640917
0.643599
0.64703
0.649714
0.650905
0.652732
0.654111
0.655418
0.657221
0.65923
0.66185
0.665017
0.668837
0.673487
0.679685
0.688167
0.699119
0.712255
0.726359
0.741511
0.757887
0.775436
0.794387
0.816095
0.841743
0.871649
0.903705
0.93192
0.956314
0.974569
0.986223
0.992701
0.995734
0.996993
0.997459
0.99743
0.996555
0.993238
0.980775
0.959084
0.946052
0.940651
0.93904
0.938488
0.937503
0.933909
0.920066
0.904132
0.89601
0.893594
0.893625
0.895859
0.901549
0.904474
0.905106
0.904803
0.9024
0.892263
0.876883
0.866376
0.860858
0.858997
0.858882
0.859717
0.864271
0.881793
0.906408
0.925627
0.940472
0.952256
0.962042
0.970543
0.978094
0.984632
0.989866
0.993663
0.996038
0.997141
0.99738
0.997287
0.996626
0.994205
0.98687
0.966438
0.908223
0.750465
0.571461
0.419202
0.297008
0.203591
0.135048
0.0866241
0.0536357
0.032017
0.0183874
0.0101575
0.00538975
0.00274916
0.00134541
0.000631358
0.000285202
0.000118604
0.725973
0.723791
0.709581
0.663512
0.605326
0.566398
0.536428
0.514687
0.497627
0.481183
0.461663
0.440317
0.418455
0.398381
0.38358
0.373308
0.375142
0.380667
0.390614
0.40358
0.412486
0.418182
0.420865
0.42232
0.425367
0.432914
0.452953
0.486543
0.526945
0.572844
0.59993
0.607738
0.607419
0.603164
0.58937
0.567743
0.52542
0.609867
0.772299
0.808959
0.824417
0.832871
0.836954
0.83856
0.835989
0.833436
0.827819
0.820031
0.805565
0.784001
0.754961
0.728718
0.722204
0.720587
0.719739
0.719839
0.722868
0.73241
0.737142
0.733824
0.705249
0.6521
0.587734
0.532733
0.507921
0.495781
0.490782
0.48945
0.492203
0.507527
0.527702
0.544275
0.567803
0.592636
0.612531
0.632088
0.640272
0.648298
0.656566
0.660208
0.665853
0.668563
0.670014
0.671469
0.671932
0.672086
0.672112
0.672
0.6718
0.671556
0.671494
0.671965
0.672572
0.673665
0.675463
0.678074
0.681096
0.684091
0.687015
0.690576
0.695274
0.701904
0.711791
0.727369
0.753625
0.797508
0.85405
0.910761
0.949937
0.974616
0.988119
0.994632
0.997336
0.998273
0.998475
0.99816
0.996075
0.986694
0.966419
0.953035
0.946658
0.944069
0.941881
0.937253
0.924504
0.910959
0.903211
0.900544
0.900395
0.901709
0.905665
0.907791
0.908254
0.908098
0.906739
0.900343
0.886678
0.876447
0.87045
0.867806
0.867159
0.867295
0.868855
0.876077
0.899451
0.92443
0.942486
0.955468
0.965132
0.972708
0.978917
0.98416
0.988645
0.992366
0.995198
0.997091
0.99812
0.998482
0.998502
0.998329
0.99749
0.994661
0.986106
0.961442
0.886548
0.712044
0.539844
0.393491
0.275954
0.186069
0.120448
0.0747768
0.0444871
0.0253687
0.013869
0.00727369
0.00365816
0.001762
0.000817802
0.000351052
0.73003
0.727264
0.706054
0.648113
0.589515
0.551308
0.522556
0.501806
0.481182
0.453056
0.416972
0.376715
0.340096
0.309046
0.288595
0.276479
0.277691
0.285986
0.304414
0.336342
0.370848
0.395908
0.407701
0.412614
0.415898
0.422598
0.437562
0.458904
0.501244
0.556463
0.593479
0.604475
0.606604
0.602685
0.589297
0.55624
0.543215
0.719875
0.799821
0.819022
0.826484
0.829913
0.830285
0.825817
0.82263
0.820514
0.81781
0.812023
0.801344
0.784733
0.758703
0.728782
0.7087
0.701908
0.701501
0.702594
0.701877
0.694039
0.678832
0.654253
0.611091
0.547461
0.493759
0.470394
0.456368
0.442754
0.4337
0.430542
0.430704
0.444314
0.472092
0.504391
0.545509
0.580392
0.61329
0.651865
0.672843
0.687216
0.697038
0.701039
0.705424
0.707187
0.709147
0.711271
0.712579
0.714206
0.715189
0.715903
0.716611
0.716137
0.714869
0.712599
0.708944
0.704207
0.699
0.693923
0.689794
0.686977
0.685372
0.684672
0.684843
0.686094
0.688696
0.692913
0.699257
0.709893
0.731257
0.776601
0.852126
0.919944
0.960078
0.981982
0.992563
0.997036
0.998583
0.998899
0.998682
0.996709
0.986763
0.968678
0.957874
0.953139
0.950155
0.944292
0.930263
0.916783
0.908877
0.906079
0.905893
0.907122
0.910311
0.911636
0.911759
0.911394
0.909368
0.901307
0.890112
0.882885
0.8793
0.878093
0.877941
0.878114
0.879126
0.883429
0.899853
0.926624
0.948141
0.963431
0.973506
0.979966
0.984313
0.98764
0.990517
0.993093
0.995283
0.996984
0.998164
0.998854
0.999143
0.99919
0.999136
0.998804
0.997568
0.993629
0.981691
0.946239
0.83397
0.6483
0.480835
0.341182
0.23142
0.149963
0.0928098
0.0548665
0.0309906
0.0167351
0.00864798
0.00427382
0.00203669
0.000901878
0.733237
0.728817
0.700582
0.639035
0.581843
0.544412
0.516934
0.49554
0.464927
0.419331
0.369346
0.326101
0.291378
0.26602
0.250819
0.242186
0.238548
0.240764
0.250646
0.273927
0.313654
0.358004
0.391371
0.406208
0.412583
0.420908
0.43471
0.453918
0.482206
0.533533
0.578475
0.600974
0.604367
0.599182
0.577123
0.555615
0.613062
0.776485
0.812635
0.821288
0.824101
0.822656
0.818167
0.816465
0.815359
0.814156
0.812315
0.808874
0.802108
0.788429
0.768113
0.741553
0.714696
0.698006
0.685676
0.676451
0.672845
0.663707
0.631703
0.587743
0.541208
0.488124
0.442504
0.413459
0.394166
0.366593
0.352682
0.348703
0.350207
0.373796
0.415466
0.453142
0.499951
0.558929
0.613506
0.66634
0.719588
0.760912
0.770715
0.771163
0.767716
0.764071
0.761739
0.760522
0.760045
0.760883
0.762654
0.764684
0.767402
0.771424
0.775537
0.778857
0.780746
0.780307
0.777149
0.76987
0.759158
0.74689
0.735051
0.724476
0.71547
0.708381
0.703626
0.701241
0.701144
0.703992
0.711379
0.725698
0.754316
0.81793
0.895219
0.94845
0.977044
0.990824
0.996648
0.998672
0.999058
0.998786
0.996306
0.984541
0.969464
0.96173
0.958505
0.955196
0.946749
0.931097
0.919862
0.914824
0.913825
0.914286
0.91652
0.917708
0.917728
0.916987
0.913411
0.90243
0.892265
0.886777
0.884865
0.884677
0.885109
0.886495
0.889072
0.894883
0.910912
0.932865
0.952399
0.967987
0.979197
0.986432
0.990617
0.992867
0.994188
0.995257
0.99635
0.997421
0.998325
0.998975
0.999367
0.999541
0.999576
0.999554
0.999399
0.998784
0.996744
0.990347
0.970609
0.908553
0.73899
0.551076
0.391362
0.264425
0.170049
0.104178
0.0608737
0.0339647
0.018123
0.00923838
0.00453139
0.00206808
0.734665
0.729786
0.699067
0.637412
0.579915
0.542221
0.515229
0.492484
0.453967
0.401413
0.350354
0.308946
0.276478
0.255393
0.243254
0.235621
0.230206
0.227232
0.232128
0.255918
0.292197
0.331282
0.364909
0.394479
0.408884
0.41797
0.427628
0.446883
0.48251
0.536071
0.579491
0.596996
0.598393
0.582271
0.569927
0.579121
0.730525
0.80249
0.81717
0.819926
0.81901
0.811788
0.809189
0.80883
0.809959
0.81115
0.810317
0.808338
0.804352
0.797154
0.784925
0.766316
0.74065
0.710649
0.686406
0.663634
0.640063
0.62612
0.605712
0.552789
0.490468
0.439135
0.396089
0.357996
0.325244
0.301633
0.292259
0.28949
0.292379
0.313215
0.339166
0.37019
0.428383
0.497878
0.569897
0.64614
0.720154
0.794233
0.837218
0.857134
0.864613
0.861429
0.853233
0.844237
0.835365
0.826981
0.821737
0.820029
0.820508
0.823487
0.829173
0.836287
0.844036
0.852931
0.863894
0.870791
0.87141
0.864681
0.853153
0.838055
0.819735
0.799525
0.781745
0.768265
0.757002
0.746215
0.737184
0.734385
0.742378
0.773508
0.826962
0.891768
0.944767
0.975704
0.99043
0.996634
0.998763
0.999136
0.998764
0.995638
0.982971
0.970723
0.964979
0.962623
0.959884
0.952507
0.938957
0.929919
0.926389
0.925955
0.926632
0.927703
0.927738
0.926903
0.922525
0.909385
0.897929
0.891496
0.888933
0.888459
0.888676
0.890075
0.895093
0.908002
0.924527
0.941838
0.957951
0.971372
0.981541
0.988611
0.993067
0.995552
0.996777
0.997389
0.997826
0.998276
0.998746
0.999169
0.999485
0.999679
0.999765
0.999782
0.99977
0.999683
0.999328
0.998113
0.994153
0.981333
0.939573
0.802794
0.597123
0.420401
0.28075
0.178079
0.107492
0.0618536
0.0340067
0.0178607
0.00903337
0.00427311
0.736316
0.733327
0.701843
0.644435
0.585238
0.545503
0.51999
0.494874
0.451987
0.397179
0.346593
0.30677
0.275302
0.257249
0.248395
0.24285
0.240602
0.240621
0.249691
0.272947
0.304534
0.337602
0.366446
0.38836
0.402759
0.414189
0.428368
0.450731
0.491392
0.549448
0.577095
0.583727
0.580174
0.575818
0.583138
0.666269
0.784023
0.811904
0.81652
0.815636
0.806864
0.802179
0.801245
0.801248
0.803073
0.807207
0.808397
0.807825
0.80605
0.802979
0.79705
0.786321
0.768793
0.742451
0.705338
0.667498
0.633166
0.598837
0.574797
0.538715
0.471465
0.395611
0.349501
0.32533
0.287578
0.261875
0.25104
0.244211
0.241334
0.241266
0.256175
0.282704
0.325882
0.384041
0.455778
0.543626
0.65891
0.768796
0.845018
0.88001
0.902832
0.917485
0.926642
0.93161
0.933431
0.931431
0.926442
0.920067
0.914977
0.912213
0.911528
0.91408
0.918375
0.925329
0.940316
0.954103
0.959567
0.959548
0.958534
0.955466
0.948928
0.937194
0.918091
0.89795
0.882267
0.86646
0.843516
0.814546
0.79334
0.789963
0.811603
0.86329
0.912358
0.952461
0.978508
0.991584
0.997088
0.998949
0.999248
0.998827
0.995571
0.984104
0.974589
0.970222
0.9685
0.966856
0.962892
0.953345
0.946203
0.943134
0.942388
0.942291
0.942121
0.941399
0.938458
0.927363
0.912169
0.902683
0.898207
0.896891
0.896871
0.897716
0.901632
0.91441
0.931618
0.947745
0.962088
0.973919
0.982975
0.989439
0.993729
0.996328
0.997731
0.998409
0.99875
0.99899
0.999221
0.999444
0.999635
0.999773
0.999854
0.999887
0.999892
0.999882
0.999821
0.999576
0.998709
0.99574
0.985581
0.950615
0.828699
0.611777
0.424313
0.278565
0.173601
0.102943
0.0582552
0.0314753
0.01637
0.00799028
0.7391
0.740475
0.7135
0.657583
0.599696
0.559059
0.532287
0.512141
0.476618
0.423488
0.379085
0.343829
0.311614
0.291887
0.282165
0.277661
0.276444
0.280307
0.292837
0.309016
0.330667
0.352528
0.372627
0.390957
0.404651
0.417591
0.43626
0.46844
0.523368
0.558886
0.570591
0.574878
0.578542
0.587109
0.639409
0.760856
0.80533
0.814594
0.81523
0.809243
0.797448
0.793203
0.792513
0.792739
0.794266
0.798082
0.80369
0.80585
0.805813
0.804427
0.802019
0.797258
0.787823
0.769958
0.739479
0.693218
0.641544
0.599478
0.569934
0.542373
0.481076
0.400828
0.339072
0.294183
0.26355
0.242682
0.227329
0.217775
0.213465
0.212649
0.219183
0.234543
0.262233
0.30663
0.3597
0.423632
0.511644
0.667306
0.805917
0.872702
0.904542
0.924324
0.938581
0.949812
0.958332
0.964568
0.968974
0.972043
0.974291
0.975937
0.977199
0.978503
0.979976
0.981865
0.985491
0.988538
0.99049
0.990851
0.990697
0.990196
0.989228
0.98761
0.984104
0.977933
0.971952
0.967375
0.961146
0.947987
0.919637
0.884735
0.863979
0.868167
0.903637
0.940002
0.966492
0.98418
0.993704
0.997817
0.999208
0.999429
0.999101
0.996616
0.987881
0.98054
0.977137
0.975831
0.975103
0.973824
0.970167
0.965136
0.962194
0.96092
0.960187
0.959001
0.956377
0.948849
0.936712
0.92671
0.920404
0.917544
0.916845
0.916916
0.917898
0.922393
0.936073
0.95201
0.965432
0.976196
0.984359
0.990208
0.994153
0.996633
0.998064
0.998818
0.999196
0.999405
0.999553
0.999678
0.999783
0.999862
0.999914
0.999941
0.999949
0.999949
0.999938
0.999885
0.999675
0.998904
0.996119
0.986046
0.949686
0.819656
0.593851
0.403696
0.25971
0.158643
0.0923443
0.0512788
0.0273919
0.0137681
0.742386
0.746918
0.727451
0.675166
0.624314
0.580244
0.546313
0.531315
0.510503
0.471318
0.42686
0.388984
0.359708
0.336093
0.323793
0.317953
0.316057
0.317596
0.328589
0.339784
0.354346
0.371625
0.385756
0.402341
0.417731
0.438637
0.47262
0.515191
0.54706
0.562176
0.571368
0.578343
0.593922
0.639389
0.748765
0.797735
0.81303
0.815746
0.815026
0.808063
0.795959
0.789723
0.787383
0.786494
0.786562
0.787964
0.791367
0.797097
0.801846
0.803087
0.802228
0.799866
0.795177
0.785595
0.766003
0.72991
0.673264
0.612497
0.57485
0.550883
0.506227
0.426813
0.352891
0.299778
0.265987
0.242042
0.223043
0.210757
0.205197
0.204325
0.207729
0.216965
0.237171
0.27604
0.322484
0.378588
0.435147
0.514433
0.691191
0.823214
0.887563
0.918964
0.937387
0.950267
0.959993
0.967438
0.973185
0.97773
0.981538
0.98487
0.987826
0.990415
0.992653
0.994302
0.995737
0.996836
0.997597
0.99805
0.998147
0.998121
0.997997
0.997744
0.9973
0.996277
0.994542
0.993047
0.991817
0.989885
0.985869
0.976731
0.95986
0.939586
0.930992
0.939526
0.962875
0.9793
0.989973
0.995915
0.998559
0.999474
0.999637
0.999482
0.998264
0.993195
0.987593
0.984806
0.983719
0.983319
0.983014
0.982375
0.980488
0.978859
0.977916
0.976427
0.972646
0.964854
0.958021
0.953403
0.950417
0.948149
0.946355
0.945315
0.945066
0.945292
0.947589
0.95661
0.96932
0.97924
0.986528
0.991621
0.995001
0.997123
0.998373
0.999064
0.999429
0.999626
0.999744
0.999826
0.999886
0.999928
0.999956
0.999971
0.999977
0.999978
0.999976
0.999963
0.999906
0.99968
0.998817
0.995541
0.983166
0.937069
0.776902
0.547246
0.363415
0.228627
0.136822
0.0780295
0.0427684
0.0221031
0.743866
0.750592
0.740367
0.708676
0.665596
0.614761
0.572609
0.550343
0.533203
0.518535
0.491236
0.460924
0.439197
0.41511
0.400785
0.390488
0.385727
0.384151
0.385252
0.392947
0.400838
0.412213
0.425305
0.444007
0.464363
0.490526
0.516806
0.540167
0.559621
0.570773
0.584585
0.608646
0.665001
0.751229
0.793933
0.811054
0.816019
0.816807
0.815355
0.808572
0.797038
0.789902
0.786955
0.785247
0.783954
0.783229
0.783342
0.78472
0.787765
0.792584
0.796764
0.797811
0.795258
0.789492
0.777665
0.751171
0.705488
0.646285
0.593642
0.567162
0.53762
0.479105
0.398878
0.328891
0.283509
0.252834
0.231282
0.217493
0.210739
0.205292
0.206584
0.213069
0.229268
0.265095
0.307485
0.361151
0.412695
0.463806
0.544739
0.718444
0.838506
0.896687
0.925343
0.941873
0.952787
0.960436
0.966065
0.970587
0.974884
0.979544
0.984527
0.989175
0.992815
0.995333
0.997032
0.998138
0.99884
0.999269
0.999504
0.9996
0.999618
0.999607
0.999562
0.999461
0.9992
0.998837
0.998556
0.998181
0.99739
0.995576
0.992907
0.988719
0.981554
0.973313
0.971393
0.978112
0.988198
0.994286
0.997634
0.999145
0.999687
0.999803
0.999761
0.999365
0.997459
0.993933
0.991649
0.990543
0.990103
0.989935
0.989722
0.989332
0.988977
0.988354
0.986862
0.982288
0.976506
0.972866
0.971232
0.970713
0.970193
0.969114
0.96822
0.967965
0.968133
0.969701
0.97609
0.984309
0.990166
0.99407
0.996535
0.998021
0.998881
0.999361
0.999623
0.99977
0.999856
0.99991
0.999945
0.999967
0.999981
0.999988
0.999991
0.999991
0.999991
0.999987
0.999969
0.999894
0.999592
0.998392
0.993668
0.975372
0.906213
0.700336
0.47953
0.310649
0.191051
0.111825
0.0628357
0.0333488
0.74482
0.754264
0.751378
0.732499
0.701919
0.665856
0.628043
0.594503
0.569047
0.549023
0.529958
0.511743
0.496772
0.480814
0.470012
0.459993
0.454722
0.452316
0.451769
0.45573
0.462901
0.472533
0.485489
0.499721
0.517056
0.535197
0.555058
0.57389
0.592214
0.612402
0.653598
0.709166
0.767012
0.798117
0.812441
0.817878
0.819195
0.8191
0.816862
0.810813
0.801546
0.79389
0.78975
0.787119
0.784913
0.783291
0.782194
0.781318
0.780768
0.780741
0.781814
0.784759
0.786476
0.785327
0.778453
0.763435
0.728676
0.675016
0.626392
0.594547
0.573001
0.537317
0.482662
0.414526
0.337909
0.289912
0.258407
0.239454
0.228723
0.222401
0.224083
0.230385
0.243496
0.27256
0.306433
0.357378
0.408223
0.454094
0.502677
0.586765
0.75059
0.85189
0.89912
0.920246
0.930168
0.934495
0.936469
0.937936
0.940912
0.947474
0.958195
0.971232
0.982756
0.990795
0.995384
0.997708
0.998819
0.999364
0.99965
0.999805
0.999882
0.999913
0.999919
0.999916
0.999898
0.99985
0.999805
0.999742
0.999609
0.999236
0.998466
0.997819
0.996899
0.994868
0.991392
0.988776
0.989311
0.993581
0.99698
0.998744
0.999537
0.999828
0.9999
0.999892
0.999779
0.999215
0.997593
0.996153
0.995269
0.994823
0.994608
0.994492
0.994397
0.99423
0.993851
0.992734
0.989762
0.987292
0.98614
0.985791
0.985502
0.984743
0.983656
0.983052
0.982966
0.983264
0.985079
0.989917
0.993883
0.99646
0.998009
0.998893
0.999381
0.999646
0.999792
0.999876
0.999925
0.999956
0.999975
0.999986
0.999992
0.999995
0.999997
0.999997
0.999997
0.999995
0.999989
0.99996
0.99984
0.999345
0.997326
0.989244
0.957727
0.838267
0.600413
0.40062
0.253018
0.151872
0.0874033
0.0475734
0.745393
0.756953
0.757513
0.751287
0.742041
0.730585
0.70513
0.684623
0.668832
0.648382
0.634698
0.624887
0.614515
0.608104
0.600599
0.596475
0.594436
0.593645
0.594319
0.595394
0.597823
0.604724
0.612892
0.620506
0.630478
0.640501
0.65646
0.676366
0.702297
0.731614
0.76277
0.789333
0.80763
0.817763
0.822223
0.823951
0.824368
0.824303
0.822427
0.818171
0.813789
0.809002
0.804549
0.800479
0.795588
0.790468
0.786523
0.783617
0.781424
0.779596
0.7778
0.77698
0.775434
0.773091
0.77088
0.763696
0.747949
0.711748
0.657207
0.618685
0.595509
0.575887
0.545353
0.505441
0.460106
0.402843
0.344551
0.303958
0.283503
0.268666
0.26981
0.276522
0.291138
0.3216
0.356526
0.393194
0.432942
0.468385
0.501082
0.546524
0.631824
0.773723
0.854929
0.886427
0.893201
0.887494
0.878816
0.871706
0.868235
0.871122
0.884909
0.912724
0.945219
0.970593
0.986131
0.994011
0.997525
0.998976
0.999558
0.999797
0.999902
0.999951
0.999974
0.999983
0.999985
0.999984
0.99998
0.999973
0.999958
0.999916
0.999764
0.999565
0.999417
0.999175
0.998572
0.997052
0.995752
0.99555
0.996747
0.998506
0.999385
0.99977
0.999912
0.999948
0.999946
0.999899
0.999649
0.998913
0.998279
0.997918
0.997755
0.997691
0.997657
0.997606
0.997489
0.997144
0.996013
0.994889
0.994415
0.99429
0.994158
0.993769
0.992843
0.99216
0.991931
0.991969
0.992457
0.99444
0.99672
0.998164
0.998999
0.999456
0.999699
0.999828
0.999899
0.99994
0.999965
0.99998
0.999989
0.999995
0.999997
0.999998
0.999999
0.999999
0.999999
0.999998
0.999996
0.999983
0.999929
0.999698
0.998735
0.994781
0.978974
0.917872
0.722144
0.494077
0.320173
0.196938
0.115987
0.0646838
0.745632
0.762814
0.766778
0.767492
0.764231
0.758722
0.752279
0.747454
0.743436
0.738689
0.733867
0.729629
0.727714
0.726676
0.725882
0.724967
0.724156
0.723848
0.723743
0.723947
0.726494
0.731214
0.735765
0.739579
0.744822
0.752295
0.762032
0.773417
0.786967
0.799596
0.809513
0.817902
0.822847
0.826296
0.827687
0.828278
0.828472
0.828496
0.828077
0.826497
0.824385
0.822126
0.819862
0.817725
0.815036
0.811203
0.805717
0.799248
0.792675
0.785705
0.780779
0.777892
0.775169
0.770752
0.767402
0.762477
0.755643
0.741667
0.714232
0.662045
0.625242
0.600592
0.574814
0.556026
0.528394
0.501309
0.471465
0.434391
0.412119
0.393182
0.381782
0.383629
0.390793
0.406321
0.433627
0.445333
0.461214
0.510431
0.543525
0.557466
0.588869
0.665033
0.784156
0.843021
0.854302
0.853246
0.847966
0.842369
0.837601
0.833211
0.829674
0.833198
0.860397
0.916222
0.959076
0.98237
0.993025
0.99738
0.999036
0.999641
0.999862
0.999944
0.999976
0.999989
0.999995
0.999997
0.999998
0.999998
0.999997
0.999994
0.999982
0.999947
0.999916
0.999872
0.999772
0.999446
0.998707
0.998222
0.998135
0.998528
0.999324
0.999728
0.999898
0.999958
0.999971
0.999967
0.999931
0.999747
0.999399
0.99918
0.999093
0.999078
0.999081
0.99908
0.999062
0.998973
0.998604
0.998139
0.997948
0.997906
0.997865
0.997727
0.997263
0.996807
0.996622
0.996615
0.996776
0.997567
0.998605
0.999244
0.999597
0.999781
0.999877
0.999927
0.999956
0.999974
0.999985
0.999992
0.999996
0.999998
0.999999
0.999999
1
1
1
0.999999
0.999998
0.999992
0.999964
0.999843
0.99933
0.997184
0.988437
0.953947
0.823167
0.584139
0.388051
0.244257
0.147024
0.0839015
0.745247
0.768685
0.775794
0.775723
0.774121
0.7708
0.769078
0.768482
0.768526
0.769572
0.771551
0.773155
0.775661
0.776936
0.779853
0.781347
0.782502
0.784032
0.785073
0.7861
0.787152
0.788417
0.79026
0.793166
0.796393
0.7995
0.803299
0.808454
0.814092
0.818962
0.822577
0.825494
0.827312
0.828851
0.829455
0.829811
0.829961
0.830012
0.829945
0.829586
0.82884
0.827774
0.826517
0.825269
0.823972
0.822124
0.820155
0.816406
0.813139
0.806491
0.797573
0.78861
0.781241
0.774073
0.768919
0.763564
0.75757
0.750095
0.740349
0.719394
0.686638
0.647626
0.610044
0.587463
0.562348
0.540282
0.524885
0.508309
0.489419
0.480127
0.471135
0.470338
0.472631
0.477975
0.486088
0.499523
0.514607
0.543433
0.587094
0.604441
0.608211
0.624212
0.684769
0.781036
0.82671
0.839736
0.841148
0.839455
0.836067
0.83162
0.824889
0.817658
0.81672
0.832723
0.902799
0.956572
0.982692
0.993604
0.997749
0.999227
0.999735
0.999908
0.999967
0.999988
0.999995
0.999998
0.999999
1
1
0.999999
0.999999
0.999996
0.999992
0.999983
0.999959
0.99987
0.99957
0.99928
0.999155
0.99916
0.999388
0.999728
0.999893
0.999959
0.999978
0.99998
0.99997
0.999911
0.999759
0.999653
0.999612
0.999609
0.999624
0.999644
0.999645
0.999629
0.99954
0.999364
0.999281
0.999262
0.999247
0.9992
0.999025
0.998828
0.998742
0.998735
0.998793
0.999093
0.999488
0.999726
0.999854
0.999919
0.999953
0.999971
0.999982
0.999989
0.999994
0.999997
0.999998
0.999999
1
1
1
1
1
1
0.999999
0.999995
0.999979
0.999909
0.999606
0.998322
0.993012
0.971739
0.889559
0.66701
0.45267
0.29111
0.178791
0.104246
0.745162
0.777364
0.802377
0.80768
0.808461
0.808336
0.808878
0.808652
0.811303
0.813998
0.815463
0.818723
0.820971
0.824152
0.825691
0.826417
0.826582
0.826344
0.823659
0.821396
0.818045
0.81394
0.811119
0.810055
0.809664
0.809729
0.811189
0.81447
0.817626
0.820179
0.823211
0.825584
0.827031
0.828477
0.829049
0.829544
0.82978
0.82988
0.829868
0.829729
0.8294
0.82874
0.82788
0.826941
0.826126
0.82495
0.824123
0.822372
0.820596
0.817912
0.814595
0.808267
0.800527
0.791208
0.778671
0.769723
0.76235
0.755496
0.74728
0.739845
0.725318
0.706571
0.67654
0.6488
0.618555
0.588821
0.56527
0.550777
0.532419
0.52231
0.515714
0.513606
0.515142
0.519947
0.52929
0.541644
0.570956
0.60926
0.630093
0.640967
0.641687
0.639723
0.646558
0.68912
0.773565
0.817396
0.832856
0.836707
0.836608
0.83422
0.828006
0.816594
0.808372
0.808314
0.831268
0.913315
0.964341
0.986654
0.995324
0.998434
0.99949
0.999835
0.999946
0.999982
0.999994
0.999998
0.999999
1
1
1
1
1
0.999999
0.999998
0.999991
0.999959
0.999824
0.999665
0.999592
0.999582
0.999626
0.999791
0.99991
0.999964
0.999982
0.999985
0.999979
0.999947
0.999879
0.999834
0.999817
0.999817
0.999827
0.999851
0.999858
0.999857
0.999841
0.999789
0.999754
0.999744
0.999737
0.999719
0.99966
0.999597
0.999569
0.999567
0.999588
0.999694
0.999827
0.999907
0.99995
0.999971
0.999982
0.999988
0.999992
0.999995
0.999997
0.999999
0.999999
1
1
1
1
1
1
1
0.999999
0.999997
0.999987
0.999943
0.999748
0.998911
0.995406
0.981187
0.925607
0.740293
0.511694
0.335302
0.209715
0.124702
0.745379
0.779273
0.813467
0.826658
0.834472
0.837043
0.838743
0.845833
0.851615
0.856062
0.863172
0.868749
0.872962
0.87928
0.882708
0.886783
0.889204
0.890831
0.891455
0.891456
0.889673
0.885999
0.880147
0.871288
0.856491
0.837779
0.822359
0.817107
0.816539
0.816918
0.818041
0.819586
0.820798
0.822036
0.823225
0.824949
0.826184
0.82692
0.827344
0.827557
0.827533
0.827332
0.826824
0.826074
0.825442
0.824555
0.823972
0.822802
0.821426
0.820103
0.818155
0.815727
0.810883
0.806637
0.799442
0.789036
0.777679
0.766974
0.756112
0.748971
0.738691
0.727252
0.717797
0.698362
0.683623
0.660799
0.639254
0.620917
0.603392
0.593954
0.583403
0.581822
0.583961
0.590869
0.600667
0.621327
0.643499
0.655995
0.66083
0.660569
0.659491
0.656629
0.655216
0.660164
0.688312
0.754615
0.799043
0.818592
0.825584
0.826714
0.825127
0.815771
0.803564
0.79992
0.805282
0.862335
0.940091
0.976756
0.991666
0.997179
0.999084
0.999711
0.99991
0.999972
0.999991
0.999997
0.999999
1
1
1
1
1
1
0.999999
0.999997
0.999983
0.999914
0.999817
0.999773
0.999769
0.999794
0.999878
0.999942
0.999975
0.999987
0.999988
0.999984
0.999961
0.999926
0.999907
0.999902
0.999903
0.999912
0.99993
0.999939
0.999941
0.999939
0.999927
0.999914
0.999909
0.999906
0.999898
0.999879
0.999863
0.999857
0.999856
0.999865
0.999901
0.999944
0.999969
0.999983
0.99999
0.999993
0.999995
0.999997
0.999998
0.999999
0.999999
1
1
1
1
1
1
1
1
1
0.999998
0.999992
0.999961
0.999827
0.999239
0.996745
0.986522
0.946158
0.797111
0.562979
0.375199
0.238511
0.144364
0.7431
0.772054
0.816691
0.837006
0.845123
0.849304
0.857981
0.866725
0.872062
0.876683
0.881951
0.885272
0.887062
0.88843
0.888859
0.888983
0.888711
0.888198
0.888126
0.888357
0.889832
0.89201
0.895324
0.899901
0.908374
0.918469
0.922311
0.922095
0.907258
0.887522
0.87238
0.857956
0.843676
0.828698
0.819327
0.81817
0.818223
0.818532
0.819089
0.819697
0.820546
0.821137
0.821255
0.821202
0.820834
0.820386
0.820187
0.819904
0.819352
0.818667
0.817493
0.815885
0.812973
0.809463
0.80661
0.800718
0.794274
0.787568
0.774554
0.767651
0.756058
0.741272
0.734297
0.721838
0.709651
0.699653
0.690522
0.677623
0.665113
0.660292
0.654734
0.65291
0.654126
0.657767
0.663201
0.66886
0.673697
0.674184
0.674092
0.673474
0.671779
0.671354
0.670504
0.669905
0.672949
0.689101
0.727198
0.7621
0.783977
0.794635
0.797067
0.795473
0.788289
0.786907
0.792538
0.83637
0.919987
0.967073
0.987745
0.995743
0.998594
0.999552
0.999861
0.999957
0.999987
0.999996
0.999999
0.999999
1
1
1
0.999999
0.999999
0.999999
0.999998
0.999991
0.999953
0.999885
0.999855
0.999852
0.999868
0.999921
0.999961
0.999982
0.999991
0.999992
0.999988
0.999971
0.999949
0.99994
0.999938
0.99994
0.99995
0.999964
0.999972
0.999975
0.999975
0.999973
0.999969
0.999966
0.999964
0.999961
0.999956
0.999953
0.999951
0.999952
0.999955
0.999968
0.999982
0.99999
0.999994
0.999996
0.999997
0.999998
0.999999
0.999999
1
1
1
1
1
1
1
1
1
1
1
0.999999
0.999994
0.999972
0.999873
0.999431
0.997536
0.989691
0.958461
0.838645
0.605486
0.409861
0.264367
0.162588
0.740689
0.759957
0.808644
0.836314
0.850833
0.861543
0.86985
0.874884
0.880155
0.885398
0.888354
0.889694
0.890058
0.890101
0.889466
0.889258
0.888999
0.888814
0.888857
0.888451
0.887091
0.885317
0.881429
0.875494
0.871045
0.869656
0.875092
0.896011
0.919106
0.932409
0.943664
0.953769
0.959792
0.962418
0.955859
0.926221
0.868595
0.836261
0.823844
0.819787
0.818036
0.817391
0.817194
0.817085
0.816815
0.815969
0.815328
0.814245
0.813636
0.81279
0.812529
0.812068
0.810984
0.808662
0.806689
0.80263
0.799579
0.795239
0.788048
0.78385
0.775283
0.762906
0.756934
0.74489
0.731116
0.723063
0.713874
0.704956
0.698583
0.69258
0.687805
0.686619
0.687203
0.689089
0.689729
0.689467
0.688176
0.688615
0.690784
0.691809
0.691606
0.69173
0.69183
0.691811
0.690588
0.690626
0.69848
0.713975
0.729228
0.7451
0.75573
0.759507
0.761189
0.764232
0.775027
0.826121
0.910429
0.960682
0.984685
0.99453
0.998162
0.999409
0.999815
0.999943
0.999983
0.999995
0.999998
0.999999
0.999999
0.999999
0.999999
0.999998
0.999998
0.999998
0.999998
0.999994
0.999971
0.999919
0.999895
0.999892
0.999903
0.999942
0.999971
0.999987
0.999993
0.999994
0.999993
0.999981
0.999965
0.999958
0.999958
0.99996
0.999969
0.99998
0.999986
0.999989
0.999989
0.999989
0.999988
0.999987
0.999986
0.999985
0.999983
0.999983
0.999983
0.999983
0.999985
0.99999
0.999994
0.999997
0.999998
0.999999
0.999999
0.999999
0.999999
1
1
1
1
1
1
1
1
1
1
1
1
0.999999
0.999996
0.999979
0.999901
0.999551
0.998029
0.991675
0.966218
0.867983
0.64058
0.439554
0.287329
0.179303
0.740238
0.745887
0.788878
0.829919
0.849092
0.861636
0.872401
0.880453
0.884889
0.888774
0.890413
0.891323
0.89129
0.890629
0.889951
0.889909
0.890883
0.892683
0.89407
0.895088
0.895504
0.895602
0.895115
0.893267
0.887594
0.872702
0.86566
0.863474
0.864121
0.867255
0.875383
0.893149
0.918072
0.942282
0.961061
0.973393
0.975981
0.967403
0.926462
0.864271
0.834302
0.822438
0.818398
0.816912
0.816179
0.81509
0.813943
0.812972
0.811507
0.809909
0.808697
0.807351
0.805902
0.804331
0.803569
0.801636
0.799415
0.796514
0.792003
0.789591
0.784804
0.77788
0.774004
0.765485
0.756583
0.748601
0.73782
0.729491
0.725284
0.719676
0.711602
0.706187
0.704883
0.705326
0.705843
0.705475
0.705667
0.70688
0.711473
0.715117
0.716494
0.716894
0.716774
0.716914
0.716875
0.714941
0.712722
0.713728
0.720905
0.733946
0.745853
0.751923
0.754557
0.758401
0.769857
0.821354
0.906468
0.957938
0.983025
0.993712
0.997831
0.999292
0.999778
0.999932
0.999979
0.999993
0.999997
0.999998
0.999998
0.999998
0.999997
0.999995
0.999995
0.999996
0.999996
0.999994
0.99998
0.999941
0.999921
0.999918
0.999925
0.999955
0.999978
0.99999
0.999995
0.999996
0.999995
0.99999
0.999979
0.999974
0.999973
0.999975
0.999981
0.999988
0.999992
0.999994
0.999995
0.999995
0.999995
0.999995
0.999994
0.999994
0.999993
0.999993
0.999993
0.999993
0.999995
0.999997
0.999998
0.999999
0.999999
1
1
1
1
1
1
1
1
1
1
1
1
1
1
1
1
0.999999
0.999997
0.999983
0.99992
0.99963
0.998355
0.992989
0.971386
0.887803
0.67051
0.465172
0.307879
0.19476
0.741582
0.740412
0.756981
0.8108
0.842314
0.859197
0.871183
0.880445
0.885489
0.889828
0.891696
0.891891
0.892032
0.891422
0.890813
0.891141
0.89293
0.894411
0.895147
0.895246
0.895399
0.895926
0.895978
0.895653
0.893893
0.88649
0.873602
0.866762
0.864872
0.864983
0.866829
0.874055
0.897635
0.928637
0.950092
0.96526
0.978366
0.983291
0.981721
0.969067
0.920225
0.860519
0.833008
0.821812
0.817743
0.815604
0.814045
0.813107
0.811495
0.809812
0.808138
0.806514
0.804706
0.802243
0.800653
0.798593
0.797054
0.795506
0.792118
0.789802
0.787121
0.784397
0.780545
0.775055
0.771803
0.767856
0.758181
0.751308
0.748955
0.74478
0.737186
0.733641
0.733265
0.733443
0.733441
0.733022
0.732934
0.733285
0.735961
0.739985
0.740933
0.740812
0.73882
0.734927
0.73377
0.734168
0.736109
0.73801
0.738154
0.73933
0.746177
0.751518
0.754002
0.757732
0.768978
0.820257
0.905129
0.956938
0.982403
0.993387
0.997673
0.999226
0.999753
0.999923
0.999976
0.999991
0.999995
0.999996
0.999996
0.999995
0.999992
0.999989
0.999989
0.99999
0.999992
0.999991
0.999984
0.999957
0.999939
0.999936
0.999941
0.999963
0.999982
0.999992
0.999996
0.999997
0.999997
0.999994
0.999988
0.999985
0.999985
0.999985
0.999989
0.999993
0.999996
0.999997
0.999998
0.999998
0.999998
0.999998
0.999998
0.999997
0.999997
0.999997
0.999997
0.999997
0.999998
0.999999
0.999999
1
1
1
1
1
1
1
1
1
1
1
1
1
1
1
1
1
1
0.999999
0.999997
0.999986
0.999933
0.999686
0.998585
0.993925
0.975095
0.902115
0.696314
0.488133
0.326972
0.209562
0.743162
0.740419
0.744189
0.768844
0.822745
0.850918
0.866636
0.878671
0.884753
0.889503
0.891756
0.892656
0.892542
0.891992
0.89141
0.891581
0.89276
0.894224
0.895015
0.895178
0.895211
0.895576
0.895872
0.895737
0.89456
0.889251
0.876182
0.867981
0.86526
0.865198
0.866619
0.872734
0.894017
0.929382
0.958266
0.974421
0.983243
0.988752
0.989885
0.988828
0.981701
0.955651
0.886998
0.845584
0.827165
0.819278
0.815431
0.813962
0.812285
0.810611
0.808733
0.806956
0.805033
0.80236
0.800594
0.798011
0.795584
0.79414
0.791477
0.789095
0.787
0.78535
0.78212
0.778522
0.776786
0.77463
0.769016
0.766018
0.763576
0.75908
0.755656
0.753007
0.751366
0.751117
0.751485
0.751853
0.751856
0.751057
0.750696
0.750719
0.750673
0.750232
0.747533
0.74196
0.740655
0.741657
0.747028
0.751338
0.753351
0.754329
0.754132
0.75407
0.755197
0.758319
0.76953
0.81932
0.903396
0.955772
0.982075
0.993235
0.9976
0.999196
0.999742
0.999918
0.999973
0.999988
0.999991
0.99999
0.999988
0.999984
0.999976
0.999973
0.999974
0.999977
0.999983
0.999984
0.999981
0.999963
0.999949
0.999946
0.999949
0.999967
0.999984
0.999993
0.999997
0.999998
0.999998
0.999996
0.999993
0.999991
0.999991
0.999991
0.999993
0.999996
0.999997
0.999998
0.999999
0.999999
0.999999
0.999999
0.999999
0.999999
0.999999
0.999999
0.999999
0.999999
0.999999
0.999999
1
1
1
1
1
1
1
1
1
1
1
1
1
1
1
1
1
1
1
1
0.999998
0.999989
0.999943
0.999729
0.998769
0.994683
0.978134
0.913952
0.720747
0.510803
0.346331
0.224892
0.743677
0.742475
0.742694
0.748233
0.775549
0.830436
0.856214
0.873511
0.882362
0.888229
0.891355
0.892625
0.893137
0.892895
0.892045
0.891983
0.892386
0.893341
0.894237
0.894405
0.894595
0.895261
0.895563
0.895347
0.893788
0.887381
0.873542
0.865796
0.864031
0.864199
0.866392
0.875986
0.908321
0.944377
0.96766
0.981811
0.989592
0.993775
0.995266
0.995232
0.994163
0.988832
0.97088
0.911784
0.858095
0.832852
0.821279
0.816694
0.814057
0.812783
0.811187
0.809308
0.807073
0.803972
0.801709
0.798737
0.795897
0.794278
0.791717
0.78861
0.786791
0.785308
0.78224
0.779345
0.778123
0.776454
0.772782
0.770551
0.769124
0.767132
0.764593
0.761889
0.759544
0.758061
0.757469
0.757323
0.75714
0.756385
0.755526
0.755267
0.755005
0.754363
0.751297
0.747571
0.746841
0.747852
0.752473
0.755294
0.7562
0.756895
0.75795
0.758455
0.758925
0.761738
0.77544
0.829391
0.907052
0.956523
0.981958
0.993164
0.997583
0.999191
0.99974
0.999916
0.999969
0.999982
0.999983
0.999979
0.999968
0.99995
0.999936
0.999936
0.999939
0.999947
0.999964
0.999973
0.999974
0.999965
0.999952
0.99995
0.999953
0.999969
0.999985
0.999993
0.999997
0.999998
0.999998
0.999997
0.999995
0.999994
0.999994
0.999994
0.999995
0.999997
0.999998
0.999999
0.999999
0.999999
0.999999
1
1
0.999999
0.999999
0.999999
0.999999
1
1
1
1
1
1
1
1
1
1
1
1
1
1
1
1
1
1
1
1
1
1
1
0.999998
0.99999
0.999952
0.999768
0.99894
0.995406
0.981084
0.925571
0.747608
0.536416
0.368394
0.242485
0.759581
0.75694
0.749868
0.747306
0.75217
0.775487
0.824109
0.859221
0.87623
0.885186
0.890046
0.892219
0.89309
0.89344
0.893244
0.89284
0.892754
0.893034
0.893631
0.893871
0.894419
0.895232
0.895258
0.894563
0.89112
0.879751
0.868227
0.864447
0.863883
0.864864
0.870244
0.890801
0.93084
0.960328
0.978664
0.988419
0.993398
0.996119
0.997288
0.997413
0.997228
0.996174
0.991873
0.977012
0.92877
0.868767
0.83829
0.824425
0.818034
0.814869
0.813539
0.812491
0.811206
0.808573
0.806319
0.802172
0.798167
0.795856
0.792958
0.78929
0.787249
0.785518
0.782396
0.779974
0.778592
0.776643
0.774467
0.772263
0.770127
0.768551
0.767439
0.765955
0.763669
0.761362
0.760027
0.759589
0.759324
0.758596
0.757704
0.757388
0.757288
0.757074
0.755692
0.753698
0.753378
0.754183
0.756515
0.757299
0.757455
0.757809
0.759082
0.760794
0.763383
0.769436
0.790737
0.855128
0.920135
0.961211
0.983226
0.993415
0.99761
0.999188
0.999737
0.999914
0.999963
0.999972
0.999969
0.999956
0.999915
0.999852
0.999838
0.999842
0.999856
0.999885
0.999924
0.999952
0.999961
0.99996
0.999953
0.999951
0.999953
0.999969
0.999985
0.999993
0.999997
0.999998
0.999998
0.999998
0.999997
0.999996
0.999996
0.999996
0.999997
0.999998
0.999999
0.999999
0.999999
1
1
1
1
1
1
1
1
1
1
1
1
1
1
1
1
1
1
1
1
1
1
1
1
1
1
1
1
1
1
1
0.999999
0.999992
0.99996
0.999808
0.999121
0.99619
0.984343
0.938542
0.781429
0.569333
0.396544
0.264818
0.980255
0.932566
0.813956
0.758156
0.753792
0.758434
0.772775
0.80804
0.856551
0.876699
0.886283
0.890697
0.892589
0.893358
0.893635
0.893663
0.893673
0.893736
0.893938
0.894297
0.895008
0.895047
0.894539
0.891945
0.883037
0.869912
0.865308
0.864217
0.865003
0.869163
0.882946
0.920894
0.956751
0.97881
0.989652
0.994723
0.997122
0.998375
0.998907
0.998953
0.998875
0.998567
0.997487
0.993674
0.980918
0.942361
0.879086
0.844588
0.82768
0.819778
0.816192
0.814217
0.813446
0.812191
0.81111
0.80897
0.804525
0.801986
0.797865
0.792744
0.7897
0.78698
0.78368
0.781212
0.779044
0.777142
0.775655
0.773525
0.770806
0.768891
0.768109
0.767389
0.765593
0.763249
0.761754
0.761262
0.761066
0.760562
0.759814
0.759597
0.759723
0.760293
0.76097
0.761039
0.760902
0.760974
0.760385
0.758859
0.758442
0.758877
0.761208
0.764762
0.770273
0.78212
0.817219
0.890802
0.94267
0.973037
0.988374
0.995312
0.998218
0.999368
0.999791
0.999924
0.999956
0.999955
0.99994
0.999897
0.999761
0.999598
0.999586
0.999605
0.999659
0.999746
0.999836
0.999904
0.999937
0.999947
0.999949
0.999949
0.999952
0.999968
0.999985
0.999993
0.999997
0.999998
0.999998
0.999998
0.999997
0.999997
0.999997
0.999997
0.999998
0.999998
0.999999
0.999999
1
1
1
1
1
1
1
1
1
1
1
1
1
1
1
1
1
1
1
1
1
1
1
1
1
1
1
1
1
1
1
1
0.999999
0.999994
0.99997
0.999855
0.999338
0.997146
0.988345
0.954506
0.830239
0.619103
0.43867
0.297933
0.999158
0.99624
0.986451
0.960644
0.919981
0.824173
0.783006
0.787423
0.805251
0.837726
0.869765
0.883451
0.889445
0.892078
0.893178
0.893549
0.893822
0.89396
0.894217
0.894628
0.894504
0.893706
0.890996
0.882139
0.870029
0.865521
0.864818
0.866057
0.871216
0.884636
0.920461
0.957492
0.978943
0.989574
0.994766
0.997309
0.998542
0.999186
0.999491
0.999549
0.999529
0.999442
0.999166
0.998232
0.995036
0.984737
0.957717
0.89383
0.853293
0.832859
0.82265
0.817709
0.815559
0.814065
0.813257
0.812237
0.810031
0.808611
0.805904
0.801623
0.798169
0.793898
0.789501
0.78543
0.781607
0.779451
0.778121
0.775692
0.772633
0.770573
0.769805
0.769237
0.767793
0.765798
0.76468
0.764462
0.764555
0.764613
0.764223
0.763912
0.76398
0.764625
0.764564
0.764419
0.764219
0.763772
0.761855
0.75975
0.759394
0.760665
0.767053
0.774565
0.784589
0.80523
0.85501
0.918287
0.96088
0.983057
0.993219
0.99747
0.999107
0.999698
0.999892
0.999941
0.999944
0.999928
0.999872
0.99974
0.999317
0.998948
0.998933
0.998992
0.999175
0.999425
0.999638
0.999793
0.999882
0.999921
0.999935
0.99994
0.99995
0.999969
0.999985
0.999993
0.999997
0.999998
0.999998
0.999998
0.999998
0.999998
0.999997
0.999998
0.999998
0.999999
0.999999
0.999999
1
1
1
1
1
1
1
1
1
1
1
1
1
1
1
1
1
1
1
1
1
1
1
1
1
1
1
1
1
1
1
1
0.999999
0.999996
0.99998
0.999903
0.999566
0.998161
0.992613
0.971564
0.893607
0.696405
0.503338
0.348465
0.999961
0.99978
0.999043
0.996609
0.990656
0.974609
0.935539
0.852143
0.817573
0.820571
0.829804
0.847383
0.865381
0.880058
0.886795
0.889885
0.891427
0.892224
0.892223
0.891907
0.889893
0.885273
0.87431
0.866386
0.864515
0.865164
0.868758
0.877903
0.896538
0.93563
0.965223
0.982032
0.990956
0.995491
0.997739
0.99884
0.999369
0.99964
0.999783
0.999824
0.999821
0.999797
0.999725
0.999506
0.998776
0.996332
0.988903
0.970125
0.918831
0.8685
0.841123
0.82731
0.820847
0.817022
0.814972
0.814182
0.812778
0.811388
0.810332
0.808208
0.805159
0.803223
0.801255
0.796613
0.791809
0.788745
0.786301
0.783178
0.779222
0.77607
0.774811
0.774543
0.774188
0.772627
0.771596
0.771682
0.772015
0.771939
0.771384
0.770062
0.768558
0.766939
0.765648
0.765057
0.764742
0.764165
0.761978
0.760007
0.759995
0.762669
0.775541
0.790157
0.808742
0.846735
0.901752
0.943943
0.972119
0.987796
0.995195
0.998275
0.999431
0.999816
0.999921
0.999938
0.999923
0.99986
0.999696
0.999325
0.998136
0.997354
0.997344
0.997518
0.998033
0.998691
0.999206
0.999558
0.999765
0.999864
0.999902
0.999924
0.999946
0.999968
0.999984
0.999993
0.999996
0.999998
0.999998
0.999998
0.999998
0.999998
0.999998
0.999998
0.999998
0.999999
0.999999
0.999999
1
1
1
1
1
1
1
1
1
1
1
1
1
1
1
1
1
1
1
1
1
1
1
1
1
1
1
1
1
1
1
1
1
0.999998
0.999988
0.999943
0.999751
0.998973
0.995964
0.984726
0.943494
0.801866
0.591316
0.416858
0.999998
0.999988
0.999939
0.999737
0.999083
0.997011
0.990863
0.974712
0.933796
0.879613
0.849173
0.846596
0.84812
0.851516
0.858778
0.864526
0.869669
0.87179
0.871357
0.86965
0.866086
0.861808
0.861459
0.862887
0.867902
0.877769
0.896697
0.929524
0.958457
0.976641
0.987407
0.993437
0.996657
0.998314
0.999145
0.999558
0.999758
0.999859
0.999916
0.999939
0.999941
0.999936
0.999918
0.999869
0.999717
0.999206
0.997534
0.992711
0.979837
0.94907
0.891837
0.855854
0.836389
0.825195
0.819761
0.817247
0.814713
0.812893
0.812166
0.811096
0.80879
0.807106
0.806183
0.804736
0.801049
0.797798
0.796427
0.795462
0.792756
0.78825
0.786128
0.785612
0.784845
0.782637
0.780572
0.779447
0.778376
0.776494
0.77431
0.772097
0.769782
0.767424
0.765638
0.764502
0.763996
0.763201
0.761077
0.759953
0.760167
0.764084
0.783788
0.809585
0.84552
0.904497
0.948157
0.972928
0.986186
0.993454
0.997214
0.998948
0.999651
0.999883
0.99993
0.999924
0.999865
0.999678
0.999246
0.99827
0.995282
0.993741
0.993762
0.994212
0.995463
0.997065
0.998287
0.99908
0.999527
0.999746
0.999845
0.999899
0.999938
0.999965
0.999983
0.999992
0.999996
0.999997
0.999998
0.999998
0.999998
0.999998
0.999998
0.999998
0.999998
0.999999
0.999999
0.999999
1
1
1
1
1
1
1
1
1
1
1
1
1
1
1
1
1
1
1
1
1
1
1
1
1
1
1
1
1
1
1
1
1
0.999999
0.999993
0.99997
0.999872
0.999485
0.998014
0.992561
0.972537
0.899446
0.699903
0.50136
1
0.999999
0.999997
0.999983
0.999925
0.999706
0.998929
0.996519
0.989747
0.975676
0.948437
0.912444
0.884269
0.869567
0.864896
0.864284
0.864497
0.864913
0.864836
0.86488
0.866001
0.869406
0.877489
0.893134
0.915718
0.944471
0.965184
0.97889
0.987667
0.993073
0.996245
0.998021
0.998978
0.999477
0.999731
0.999859
0.999922
0.999954
0.999972
0.999982
0.999983
0.999983
0.999979
0.99997
0.999941
0.999848
0.999532
0.998523
0.995637
0.988084
0.971724
0.931832
0.881992
0.851419
0.835142
0.825979
0.819697
0.816208
0.814653
0.812659
0.810013
0.808372
0.807698
0.806702
0.803979
0.801661
0.800684
0.799847
0.797446
0.793714
0.791886
0.790792
0.7886
0.785278
0.782777
0.78108
0.779245
0.776875
0.774544
0.772197
0.769837
0.766699
0.764166
0.763147
0.762699
0.761765
0.760425
0.760019
0.760517
0.765087
0.788481
0.83311
0.897682
0.945709
0.972219
0.986304
0.993602
0.99721
0.998877
0.999588
0.999855
0.999927
0.999927
0.999885
0.999706
0.999208
0.9981
0.995692
0.989236
0.986362
0.986453
0.987435
0.990105
0.993644
0.996374
0.998103
0.999054
0.999523
0.999743
0.999855
0.999919
0.999958
0.999979
0.99999
0.999995
0.999997
0.999997
0.999998
0.999998
0.999998
0.999998
0.999998
0.999998
0.999999
0.999999
0.999999
1
1
1
1
1
1
1
1
1
1
1
1
1
1
1
1
1
1
1
1
1
1
1
1
1
1
1
1
1
1
1
1
1
0.999999
0.999997
0.999985
0.999937
0.99975
0.999036
0.996364
0.986395
0.949403
0.813478
0.59415
1
1
1
0.999999
0.999995
0.999976
0.999899
0.999617
0.998723
0.996471
0.991182
0.98201
0.969809
0.953479
0.934899
0.923199
0.914092
0.910638
0.911616
0.915135
0.922038
0.936141
0.953121
0.967408
0.978338
0.986137
0.991428
0.994879
0.997043
0.998346
0.999099
0.999519
0.999748
0.999869
0.999932
0.999964
0.99998
0.999988
0.999993
0.999995
0.999996
0.999996
0.999996
0.999994
0.99999
0.999975
0.999925
0.999753
0.999215
0.997687
0.993888
0.98477
0.967696
0.927251
0.883664
0.855207
0.837244
0.827149
0.821339
0.816546
0.812644
0.81044
0.809072
0.8068
0.803837
0.801793
0.800909
0.799839
0.79697
0.79399
0.792502
0.790988
0.788151
0.785023
0.782336
0.779493
0.77631
0.773568
0.771662
0.769977
0.767325
0.765035
0.76357
0.763193
0.763063
0.762416
0.761923
0.76214
0.763373
0.768865
0.79313
0.868711
0.931444
0.965887
0.983525
0.992243
0.996492
0.998508
0.999416
0.999791
0.999916
0.999935
0.999912
0.999772
0.999291
0.998019
0.995176
0.989658
0.978916
0.973234
0.973346
0.975169
0.980037
0.986957
0.992567
0.996173
0.998146
0.99911
0.999558
0.999772
0.999883
0.999943
0.999973
0.999988
0.999994
0.999996
0.999997
0.999997
0.999997
0.999997
0.999997
0.999998
0.999998
0.999999
0.999999
0.999999
0.999999
1
1
1
1
1
1
1
1
1
1
1
1
1
1
1
1
1
1
1
1
1
1
1
1
1
1
1
1
1
1
1
1
1
0.999998
0.999992
0.999968
0.999872
0.9995
0.998069
0.992584
0.971711
0.89197
0.68192
1
1
1
1
1
0.999998
0.999992
0.999967
0.999876
0.999613
0.998919
0.997572
0.994732
0.991951
0.985895
0.982866
0.979362
0.978031
0.978451
0.979916
0.983075
0.986964
0.990638
0.99362
0.995829
0.997371
0.998399
0.999056
0.999458
0.999696
0.999833
0.99991
0.999952
0.999975
0.999987
0.999993
0.999996
0.999998
0.999999
0.999999
0.999999
0.999999
0.999999
0.999999
0.999999
0.999997
0.99999
0.999965
0.999883
0.99963
0.998932
0.997169
0.992965
0.982327
0.969275
0.940085
0.897859
0.86643
0.846137
0.832376
0.823035
0.817044
0.812971
0.809239
0.805587
0.803057
0.800229
0.796555
0.79349
0.791175
0.788553
0.785559
0.782936
0.780725
0.7782
0.775231
0.772563
0.770656
0.7696
0.768284
0.766676
0.765042
0.765212
0.766862
0.768949
0.770093
0.770892
0.772187
0.775165
0.783381
0.816507
0.896791
0.94949
0.976742
0.989521
0.995335
0.997979
0.999169
0.999687
0.999887
0.999937
0.999931
0.999849
0.999476
0.998254
0.995095
0.987716
0.976879
0.968208
0.962114
0.960049
0.960546
0.963856
0.974738
0.985556
0.992555
0.996445
0.998364
0.999245
0.999645
0.999831
0.999922
0.999965
0.999984
0.999992
0.999994
0.999995
0.999996
0.999996
0.999996
0.999997
0.999997
0.999998
0.999998
0.999999
0.999999
0.999999
0.999999
0.999999
0.999999
1
1
1
1
1
1
1
1
1
1
1
1
1
1
1
1
1
1
1
1
1
1
1
1
1
1
1
1
1
1
0.999999
0.999996
0.999982
0.999927
0.999706
0.998827
0.995356
0.981814
0.929411
0.755085
1
1
1
1
1
1
1
0.999998
0.999991
0.999968
0.999903
0.999758
0.999401
0.999006
0.997966
0.997464
0.996841
0.996653
0.996758
0.997086
0.997652
0.998255
0.998777
0.999177
0.999466
0.999665
0.999796
0.99988
0.999931
0.999961
0.999978
0.999988
0.999994
0.999997
0.999998
0.999999
0.999999
1
1
1
1
1
1
1
1
1
0.999999
0.999996
0.999986
0.999951
0.999847
0.999566
0.998843
0.997141
0.993794
0.984451
0.974586
0.958458
0.92866
0.893955
0.865799
0.846356
0.833134
0.823435
0.81576
0.8092
0.804113
0.800272
0.79659
0.792561
0.788438
0.784839
0.782332
0.780305
0.778031
0.775431
0.773641
0.772754
0.772655
0.77216
0.77169
0.772147
0.774246
0.78225
0.790674
0.795519
0.798483
0.801744
0.807542
0.820817
0.863608
0.925857
0.964829
0.984527
0.993377
0.997183
0.998822
0.999531
0.999832
0.999931
0.999942
0.999906
0.999677
0.998748
0.995742
0.988208
0.974575
0.966792
0.962946
0.959764
0.956302
0.954958
0.955264
0.958506
0.972438
0.986148
0.993515
0.997061
0.998662
0.999384
0.999719
0.999875
0.999946
0.999977
0.999988
0.999992
0.999994
0.999995
0.999995
0.999995
0.999996
0.999996
0.999997
0.999998
0.999998
0.999999
0.999999
0.999999
0.999999
0.999999
0.999999
0.999999
1
1
1
1
1
1
1
1
1
1
1
1
1
1
1
1
1
1
1
1
1
1
1
1
1
1
1
1
0.999999
0.999997
0.999988
0.99995
0.999796
0.999163
0.996601
0.986419
0.946656
0.801947
1
1
1
1
1
1
1
1
0.999999
0.999998
0.999993
0.999982
0.999956
0.999913
0.999793
0.999746
0.999677
0.999661
0.999677
0.999722
0.999786
0.999847
0.999896
0.999931
0.999955
0.999972
0.999983
0.99999
0.999994
0.999997
0.999998
0.999999
0.999999
1
1
1
1
1
1
1
1
1
1
1
1
1
1
1
0.999999
0.999995
0.999982
0.999945
0.999846
0.999602
0.999033
0.997453
0.99541
0.991036
0.981138
0.972594
0.959867
0.939123
0.912594
0.88571
0.863619
0.846367
0.833434
0.82349
0.815498
0.808904
0.803572
0.799937
0.797976
0.795132
0.791572
0.788601
0.788586
0.79015
0.793306
0.79589
0.797754
0.799791
0.804841
0.822178
0.840369
0.851443
0.858637
0.864298
0.873118
0.89363
0.935801
0.966
0.983597
0.992517
0.996675
0.998552
0.999391
0.999765
0.999912
0.999949
0.99994
0.999826
0.99923
0.996981
0.989947
0.975392
0.967789
0.963753
0.961484
0.959623
0.956534
0.95361
0.952749
0.953274
0.957977
0.975006
0.98827
0.994855
0.997831
0.999081
0.999606
0.999833
0.99993
0.99997
0.999985
0.99999
0.999991
0.999993
0.999994
0.999994
0.999994
0.999995
0.999995
0.999996
0.999997
0.999998
0.999998
0.999999
0.999999
0.999999
0.999999
0.999999
0.999999
1
1
1
1
1
1
1
1
1
1
1
1
1
1
1
1
1
1
1
1
1
1
1
1
1
1
1
1
0.999998
0.999991
0.999961
0.999834
0.999307
0.99714
0.988434
0.954271
0.826185
1
1
1
1
1
1
1
1
1
1
1
0.999999
0.999998
0.999994
0.999986
0.999983
0.999978
0.999977
0.999978
0.999982
0.999987
0.999991
0.999994
0.999996
0.999998
0.999998
0.999999
0.999999
1
1
1
1
1
1
1
1
1
1
1
1
1
1
1
1
1
1
1
1
1
1
0.999998
0.999994
0.999983
0.999955
0.999884
0.999714
0.999387
0.99862
0.996452
0.994715
0.992322
0.985822
0.976496
0.97004
0.963205
0.950789
0.931904
0.913817
0.898903
0.883545
0.868565
0.859839
0.857269
0.852936
0.844032
0.838869
0.839095
0.842632
0.852911
0.862092
0.867704
0.871499
0.878719
0.900863
0.924312
0.939252
0.948114
0.952668
0.957179
0.967726
0.979739
0.988622
0.99406
0.997032
0.998566
0.999336
0.999711
0.999885
0.999949
0.999954
0.999914
0.999607
0.998089
0.992617
0.977667
0.969053
0.965064
0.963161
0.961407
0.960288
0.958401
0.95458
0.952057
0.951691
0.952979
0.962069
0.980962
0.991588
0.996385
0.998449
0.999342
0.999727
0.999889
0.999954
0.999977
0.999985
0.999988
0.99999
0.999991
0.999992
0.999992
0.999992
0.999993
0.999995
0.999996
0.999997
0.999997
0.999998
0.999998
0.999998
0.999998
0.999998
0.999999
0.999999
0.999999
1
1
1
0.999999
0.999999
0.999999
1
1
1
1
1
1
1
1
1
1
1
1
1
1
1
1
1
1
1
1
0.999998
0.999992
0.999965
0.999852
0.99937
0.997371
0.98929
0.957493
0.83702
1
1
1
1
1
1
1
1
1
1
1
1
1
1
0.999999
0.999999
0.999999
0.999999
0.999999
0.999999
1
1
1
1
1
1
1
1
1
1
1
1
1
1
1
1
1
1
1
1
1
1
1
1
1
1
1
1
1
1
1
1
0.999999
0.999996
0.999989
0.999973
0.999937
0.999844
0.999566
0.999315
0.998912
0.997504
0.995478
0.9945
0.993227
0.988479
0.982159
0.979744
0.978659
0.976492
0.967674
0.961513
0.959849
0.958256
0.952794
0.943897
0.94133
0.942759
0.950197
0.958106
0.962481
0.964458
0.967401
0.974311
0.980229
0.983973
0.986287
0.987517
0.988377
0.99025
0.993222
0.995799
0.997594
0.9987
0.999336
0.999682
0.999859
0.99994
0.999962
0.999953
0.999832
0.999051
0.995204
0.981574
0.970734
0.966468
0.964389
0.963824
0.962604
0.960788
0.959479
0.956603
0.952909
0.951261
0.951429
0.955117
0.971188
0.986601
0.994314
0.997714
0.999098
0.999644
0.99986
0.999942
0.999972
0.99998
0.999983
0.999986
0.999988
0.999989
0.999989
0.999989
0.99999
0.999992
0.999994
0.999995
0.999996
0.999996
0.999996
0.999996
0.999996
0.999997
0.999998
0.999999
0.999999
0.999999
0.999999
0.999999
0.999999
0.999999
0.999999
0.999999
0.999999
0.999999
0.999999
0.999999
0.999999
0.999999
0.999999
1
1
1
1
1
1
1
1
1
1
1
1
0.999998
0.999993
0.999968
0.999862
0.999406
0.997497
0.98974
0.95917
0.843376
1
1
1
1
1
1
1
1
1
1
1
1
1
1
1
1
1
1
1
1
1
1
1
1
1
1
1
1
1
1
1
1
1
1
1
1
1
1
1
1
1
1
1
1
1
1
1
1
1
1
1
1
1
1
0.999999
0.999998
0.999995
0.999987
0.999965
0.999937
0.999883
0.999662
0.999409
0.99928
0.999051
0.998069
0.997014
0.996636
0.996345
0.995505
0.992542
0.990873
0.990542
0.990489
0.990458
0.990043
0.98848
0.9883
0.988971
0.990619
0.991691
0.99216
0.992766
0.99384
0.994823
0.995518
0.996006
0.996308
0.996485
0.996767
0.997472
0.998305
0.99896
0.999407
0.999686
0.999844
0.999928
0.999962
0.999965
0.999932
0.999618
0.997736
0.98856
0.973437
0.968098
0.96589
0.965488
0.964591
0.962698
0.959268
0.958235
0.956867
0.953628
0.95129
0.950929
0.9525
0.963416
0.982117
0.992312
0.996835
0.998713
0.999485
0.999797
0.999917
0.999959
0.999971
0.999977
0.99998
0.999983
0.999984
0.999984
0.999984
0.999985
0.999988
0.999991
0.999993
0.999994
0.999994
0.999994
0.999994
0.999994
0.999995
0.999996
0.999997
0.999998
0.999998
0.999998
0.999998
0.999998
0.999998
0.999998
0.999999
0.999999
0.999999
0.999999
0.999999
0.999999
0.999999
0.999999
0.999999
0.999999
1
1
1
1
1
1
1
1
1
1
0.999999
0.999994
0.999973
0.999878
0.999466
0.997718
0.990582
0.962363
0.85652
1
1
1
1
1
1
1
1
1
1
1
1
1
1
1
1
1
1
1
1
1
1
1
1
1
1
1
1
1
1
1
1
1
1
1
1
1
1
1
1
1
1
1
1
1
1
1
1
1
1
1
1
1
1
1
1
1
0.999999
0.999998
0.999996
0.99999
0.999969
0.999951
0.999938
0.999912
0.999791
0.999653
0.999599
0.999554
0.999451
0.998988
0.998529
0.998367
0.99833
0.998295
0.998172
0.997714
0.997494
0.997526
0.99778
0.998034
0.99816
0.998267
0.998396
0.998539
0.99866
0.998749
0.998806
0.99884
0.998884
0.999011
0.99929
0.999542
0.999729
0.99985
0.999921
0.999958
0.999969
0.999964
0.99987
0.999091
0.994569
0.978465
0.969512
0.967443
0.967343
0.966689
0.964589
0.958932
0.95204
0.951378
0.952354
0.952389
0.951068
0.9506
0.951395
0.958506
0.977443
0.989675
0.995655
0.998275
0.999342
0.999752
0.999901
0.99995
0.999964
0.999968
0.999972
0.999975
0.999976
0.999976
0.999977
0.999979
0.999983
0.999987
0.99999
0.999991
0.999991
0.999991
0.999991
0.999991
0.999991
0.999993
0.999995
0.999997
0.999997
0.999997
0.999997
0.999997
0.999997
0.999997
0.999998
0.999998
0.999998
0.999998
0.999998
0.999998
0.999998
0.999998
0.999998
0.999999
0.999999
0.999999
0.999999
1
1
1
1
1
1
1
0.999999
0.999995
0.999979
0.999904
0.99957
0.998144
0.992312
0.96924
0.885436
1
1
1
1
1
1
1
1
1
1
1
1
1
1
1
1
1
1
1
1
1
1
1
1
1
1
1
1
1
1
1
1
1
1
1
1
1
1
1
1
1
1
1
1
1
1
1
1
1
1
1
1
1
1
1
1
1
1
1
1
0.999999
0.999998
0.999998
0.999997
0.999995
0.999986
0.999979
0.999976
0.999969
0.999959
0.999938
0.999879
0.999826
0.999804
0.999796
0.999784
0.999745
0.999639
0.999597
0.999603
0.999633
0.999644
0.999645
0.999637
0.999637
0.999651
0.999657
0.999657
0.999656
0.999656
0.999669
0.999728
0.999814
0.999884
0.999931
0.999958
0.99997
0.999971
0.999951
0.999701
0.99776
0.986298
0.970582
0.967935
0.969199
0.969623
0.967243
0.960599
0.946485
0.937971
0.937952
0.940829
0.947592
0.94949
0.949797
0.950584
0.95551
0.973176
0.987751
0.994878
0.997961
0.999207
0.999691
0.99987
0.999929
0.999945
0.999953
0.99996
0.999964
0.999965
0.999966
0.999966
0.999969
0.999975
0.99998
0.999984
0.999985
0.999986
0.999986
0.999985
0.999985
0.999986
0.999988
0.999992
0.999994
0.999995
0.999995
0.999995
0.999995
0.999995
0.999995
0.999996
0.999996
0.999996
0.999996
0.999996
0.999996
0.999996
0.999996
0.999997
0.999998
0.999998
0.999998
0.999999
0.999999
0.999999
1
1
1
1
1
0.999999
0.999997
0.999987
0.999937
0.999715
0.998757
0.994833
0.97929
0.925822
1
1
1
1
1
1
1
1
1
1
1
1
1
1
1
1
1
1
1
1
1
1
1
1
1
1
1
1
1
1
1
1
1
1
1
1
1
1
1
1
1
1
1
1
1
1
1
1
1
1
1
1
1
1
1
1
1
1
1
1
1
1
1
1
1
0.999999
0.999999
0.999999
0.999999
0.999999
0.999997
0.999991
0.999988
0.999987
0.999986
0.999985
0.99998
0.99996
0.999949
0.999949
0.99995
0.99995
0.999949
0.99994
0.999931
0.999928
0.999927
0.999926
0.999923
0.999913
0.999909
0.999912
0.999929
0.99995
0.999964
0.999971
0.999973
0.999969
0.999906
0.999231
0.994274
0.97487
0.967151
0.96823
0.972323
0.970872
0.962425
0.945522
0.934716
0.928421
0.927872
0.929353
0.936865
0.945667
0.948342
0.949868
0.955192
0.972586
0.986833
0.994232
0.997631
0.999071
0.999643
0.999849
0.999914
0.999931
0.999936
0.999941
0.999946
0.999948
0.999949
0.99995
0.999954
0.999963
0.99997
0.999975
0.999977
0.999977
0.999977
0.999976
0.999976
0.999976
0.999979
0.999985
0.999989
0.999991
0.999991
0.999991
0.999991
0.999991
0.999991
0.999992
0.999992
0.999993
0.999993
0.999992
0.999992
0.999992
0.999992
0.999994
0.999995
0.999996
0.999997
0.999997
0.999998
0.999999
0.999999
0.999999
1
1
1
0.999999
0.999998
0.999993
0.999969
0.999857
0.999371
0.997358
0.9893
0.963132
1
1
1
1
1
1
1
1
1
1
1
1
1
1
1
1
1
1
1
1
1
1
1
1
1
1
1
1
1
1
1
1
1
1
1
1
1
1
1
1
1
1
1
1
1
1
1
1
1
1
1
1
1
1
1
1
1
1
1
1
1
1
1
1
1
1
1
1
1
1
1
1
1
1
1
0.999999
0.999999
0.999997
0.999996
0.999996
0.999996
0.999996
0.999995
0.999992
0.99999
0.999989
0.999988
0.999988
0.999987
0.999982
0.999975
0.99997
0.99997
0.999972
0.999974
0.999974
0.999972
0.999955
0.999775
0.997923
0.984317
0.966517
0.966319
0.973231
0.975215
0.969249
0.95138
0.938355
0.929826
0.92479
0.923888
0.924729
0.929889
0.94045
0.944889
0.948067
0.955874
0.973933
0.987291
0.994386
0.997677
0.999074
0.999621
0.999819
0.999879
0.999893
0.9999
0.999912
0.999921
0.999923
0.999924
0.999926
0.999931
0.999943
0.999952
0.999958
0.999961
0.999961
0.999961
0.99996
0.99996
0.99996
0.999964
0.999972
0.999978
0.999982
0.999983
0.999983
0.999984
0.999984
0.999984
0.999985
0.999985
0.999985
0.999984
0.999983
0.999983
0.999983
0.999984
0.999986
0.99999
0.999991
0.999993
0.999994
0.999996
0.999997
0.999998
0.999999
0.999999
0.999999
0.999999
0.999999
0.999998
0.999996
0.999983
0.999927
0.999679
0.998629
0.994334
0.979763
1
1
1
1
1
1
1
1
1
1
1
1
1
1
1
1
1
1
1
1
1
1
1
1
1
1
1
1
1
1
1
1
1
1
1
1
1
1
1
1
1
1
1
1
1
1
1
1
1
1
1
1
1
1
1
1
1
1
1
1
1
1
1
1
1
1
1
1
1
1
1
1
1
1
1
1
1
1
1
1
1
1
1
0.999999
0.999999
0.999998
0.999998
0.999997
0.999996
0.999994
0.999987
0.999981
0.999977
0.999976
0.999975
0.999971
0.999959
0.999911
0.999407
0.994379
0.970742
0.962496
0.969162
0.980019
0.978124
0.963452
0.946877
0.935734
0.928059
0.923585
0.922363
0.923112
0.928898
0.938408
0.943385
0.948202
0.959736
0.977074
0.988688
0.994929
0.997875
0.999138
0.999633
0.999802
0.999848
0.999856
0.999859
0.999863
0.999876
0.999883
0.999885
0.999888
0.999896
0.999908
0.999919
0.999926
0.99993
0.999931
0.999931
0.999931
0.999931
0.999932
0.999938
0.999949
0.999958
0.999962
0.999965
0.999966
0.999968
0.99997
0.99997
0.99997
0.99997
0.999969
0.999967
0.999964
0.999964
0.999964
0.999965
0.999972
0.999979
0.999983
0.999986
0.999988
0.999991
0.999994
0.999996
0.999997
0.999998
0.999998
0.999998
0.999998
0.999998
0.999996
0.999986
0.999946
0.999768
0.999006
0.995814
0.983525
1
1
1
1
1
1
1
1
1
1
1
1
1
1
1
1
1
1
1
1
1
1
1
1
1
1
1
1
1
1
1
1
1
1
1
1
1
1
1
1
1
1
1
1
1
1
1
1
1
1
1
1
1
1
1
1
1
1
1
1
1
1
1
1
1
1
1
1
1
1
1
1
1
1
1
1
1
1
1
1
1
1
1
1
0.999999
0.999999
0.999998
0.999994
0.999991
0.999988
0.99998
0.999972
0.999969
0.999966
0.999961
0.999946
0.999914
0.999791
0.998381
0.984169
0.959933
0.960514
0.977963
0.985009
0.979484
0.961097
0.946023
0.935467
0.928013
0.923924
0.92308
0.925201
0.93226
0.939669
0.944342
0.951719
0.968199
0.982378
0.991291
0.996066
0.998343
0.99931
0.999657
0.999756
0.999769
0.999766
0.999766
0.999784
0.999816
0.999829
0.999833
0.999834
0.999836
0.999842
0.999852
0.999859
0.999863
0.999868
0.999873
0.999877
0.999881
0.999886
0.999893
0.999901
0.999908
0.999913
0.999918
0.999926
0.999933
0.999939
0.999941
0.999942
0.999941
0.999937
0.999929
0.999925
0.999923
0.999924
0.999929
0.999945
0.999958
0.999966
0.999972
0.999977
0.999983
0.999988
0.999992
0.999995
0.999996
0.999996
0.999996
0.999996
0.999995
0.999992
0.999983
0.999946
0.999784
0.999084
0.996121
0.984119
1
1
1
1
1
1
1
1
1
1
1
1
1
1
1
1
1
1
1
1
1
1
1
1
1
1
1
1
1
1
1
1
1
1
1
1
1
1
1
1
1
1
1
1
1
1
1
1
1
1
1
1
1
1
1
1
1
1
1
1
1
1
1
1
1
1
1
1
1
1
1
1
1
1
1
1
1
1
1
1
1
1
0.999999
0.999998
0.999993
0.999985
0.999975
0.999949
0.999927
0.999911
0.999898
0.999895
0.999895
0.999894
0.999887
0.999861
0.999798
0.999504
0.99562
0.968495
0.953972
0.962855
0.986269
0.989534
0.980966
0.965898
0.954479
0.944987
0.937448
0.93336
0.931934
0.934576
0.93944
0.944422
0.951493
0.966003
0.97969
0.989169
0.994797
0.997693
0.998988
0.999477
0.999631
0.999653
0.999648
0.999646
0.999662
0.999709
0.999731
0.999735
0.999732
0.99972
0.999709
0.999703
0.999701
0.999701
0.999703
0.999712
0.999736
0.999765
0.999786
0.999796
0.999798
0.999796
0.999792
0.999791
0.999793
0.999803
0.999834
0.99986
0.999873
0.999877
0.999876
0.999867
0.999851
0.999842
0.999841
0.999844
0.999859
0.999895
0.99992
0.999935
0.999945
0.999955
0.999967
0.999977
0.999985
0.99999
0.999991
0.999991
0.99999
0.999987
0.999984
0.99998
0.999969
0.99993
0.999769
0.999075
0.996126
0.983855
1
1
1
1
1
1
1
1
1
1
1
1
1
1
1
1
1
1
1
1
1
1
1
1
1
1
1
1
1
1
1
1
1
1
1
1
1
1
1
1
1
1
1
1
1
1
1
1
1
1
1
1
1
1
1
1
1
1
1
1
1
1
1
1
1
1
1
1
1
1
1
1
1
1
1
1
1
1
0.999999
0.999999
0.999997
0.999995
0.999988
0.999972
0.999918
0.999856
0.999751
0.999568
0.999486
0.999494
0.999519
0.999569
0.999637
0.999665
0.999664
0.999634
0.999546
0.998915
0.990445
0.956853
0.950713
0.96785
0.989363
0.993303
0.990388
0.981503
0.968768
0.958676
0.951752
0.948004
0.946376
0.947822
0.951487
0.958237
0.97013
0.980915
0.989111
0.994443
0.997386
0.998769
0.99931
0.999489
0.999517
0.999492
0.999464
0.999463
0.999509
0.999557
0.999563
0.999556
0.99952
0.999457
0.999407
0.999371
0.999345
0.999333
0.999332
0.999342
0.999396
0.999482
0.999531
0.999546
0.999545
0.999523
0.999486
0.999475
0.999478
0.999496
0.999571
0.999654
0.999696
0.999711
0.999711
0.999703
0.999684
0.999677
0.999678
0.999692
0.999748
0.999811
0.999848
0.99987
0.999888
0.999908
0.999932
0.999954
0.99997
0.999978
0.99998
0.999979
0.999972
0.999953
0.999942
0.999936
0.999921
0.999879
0.999714
0.999005
0.995969
0.982515
1
1
1
1
1
1
1
1
1
1
1
1
1
1
1
1
1
1
1
1
1
1
1
1
1
1
1
1
1
1
1
1
1
1
1
1
1
1
1
1
1
1
1
1
1
1
1
1
1
1
1
1
1
1
1
1
1
1
1
1
1
1
1
1
1
1
1
1
1
1
1
1
1
1
1
0.999999
0.999998
0.999996
0.999991
0.999985
0.999974
0.99995
0.999895
0.999753
0.999357
0.99898
0.998163
0.997508
0.997533
0.997678
0.998005
0.998468
0.99883
0.999076
0.999151
0.999137
0.999074
0.998125
0.985458
0.951316
0.948878
0.970515
0.990487
0.994416
0.992868
0.988984
0.981996
0.974464
0.968558
0.965373
0.964035
0.965802
0.970033
0.976527
0.984063
0.990291
0.994738
0.997362
0.998649
0.999163
0.99934
0.999368
0.999285
0.999175
0.999153
0.999204
0.99929
0.999306
0.999297
0.999238
0.999058
0.998884
0.998762
0.998675
0.99862
0.998598
0.998602
0.99865
0.998803
0.998919
0.998965
0.998971
0.998951
0.998854
0.998772
0.998756
0.998769
0.99885
0.99908
0.99925
0.999332
0.999361
0.999366
0.999366
0.999367
0.999372
0.999395
0.999485
0.999604
0.999678
0.999719
0.999747
0.999778
0.99982
0.999868
0.999912
0.99994
0.999952
0.999953
0.999946
0.999904
0.999829
0.999791
0.999777
0.999759
0.999706
0.999507
0.998675
0.995121
0.977329
1
1
1
1
1
1
1
1
1
1
1
1
1
1
1
1
1
1
1
1
1
1
1
1
1
1
1
1
1
1
1
1
1
1
1
1
1
1
1
1
1
1
1
1
1
1
1
1
1
1
1
1
1
1
1
1
1
1
1
1
1
1
1
1
1
1
1
1
1
1
1
1
0.999999
0.999999
0.999996
0.99999
0.999975
0.999954
0.999911
0.999868
0.999796
0.999639
0.999279
0.998294
0.996602
0.994762
0.99107
0.990175
0.9906
0.991841
0.993983
0.995988
0.997046
0.997765
0.998343
0.998554
0.998534
0.99722
0.980747
0.947061
0.94672
0.971714
0.990852
0.994926
0.995463
0.994522
0.991844
0.987223
0.983172
0.981031
0.98014
0.981489
0.984582
0.988606
0.992619
0.995697
0.997636
0.998626
0.999022
0.999169
0.999167
0.99897
0.998788
0.998756
0.998807
0.998893
0.99891
0.998892
0.998795
0.998439
0.997912
0.997521
0.997269
0.997127
0.997075
0.997085
0.997204
0.997524
0.997718
0.997781
0.997785
0.99775
0.997588
0.997408
0.997338
0.997341
0.997413
0.997758
0.99825
0.998527
0.998645
0.998683
0.998697
0.998712
0.998741
0.998814
0.999018
0.999238
0.999377
0.999443
0.999475
0.999512
0.999577
0.999667
0.999762
0.999835
0.999873
0.99988
0.999871
0.99981
0.999567
0.999316
0.999197
0.999166
0.999131
0.999029
0.998663
0.997289
0.991724
0.959463
1
1
1
1
1
1
1
1
1
1
1
1
1
1
1
1
1
1
1
1
1
1
1
1
1
1
1
1
1
1
1
1
1
1
1
1
1
1
1
1
1
1
1
1
1
1
1
1
1
1
1
1
1
1
1
1
1
1
1
1
1
1
1
1
1
1
1
1
1
1
0.999999
0.999997
0.999993
0.999981
0.999952
0.999872
0.999744
0.999569
0.999368
0.99919
0.998856
0.998098
0.996365
0.992248
0.987306
0.980901
0.974713
0.974088
0.975179
0.978315
0.985311
0.991534
0.994905
0.996528
0.997293
0.997654
0.997655
0.996071
0.977407
0.943232
0.944152
0.971964
0.990762
0.994932
0.995887
0.996088
0.995598
0.994358
0.992622
0.991417
0.990889
0.991653
0.99324
0.995185
0.996867
0.998003
0.998605
0.998862
0.998961
0.998889
0.998608
0.998387
0.998285
0.998266
0.99828
0.998275
0.998208
0.997983
0.997286
0.996114
0.995083
0.994367
0.99397
0.993825
0.993829
0.994012
0.994718
0.995293
0.995492
0.995509
0.995456
0.99523
0.995014
0.994919
0.994915
0.994984
0.995352
0.996277
0.996956
0.997306
0.997442
0.997489
0.99753
0.997608
0.997806
0.998224
0.998602
0.998857
0.998988
0.999039
0.999067
0.999112
0.999223
0.999404
0.99955
0.999622
0.999632
0.999607
0.999464
0.998898
0.997808
0.997096
0.996757
0.996651
0.996454
0.99596
0.994486
0.990142
0.975401
0.896939
1
1
1
1
1
1
1
1
1
1
1
1
1
1
1
1
1
1
1
1
1
1
1
1
1
1
1
1
1
1
1
1
1
1
1
1
1
1
1
1
1
1
1
1
1
1
1
1
1
1
1
1
1
1
1
1
1
1
1
1
1
1
1
1
1
1
0.999999
0.999999
0.999998
0.999995
0.999988
0.999968
0.999915
0.999789
0.99951
0.998834
0.998093
0.997263
0.996773
0.996319
0.995291
0.992564
0.986112
0.982007
0.976036
0.970603
0.967289
0.966902
0.967676
0.970258
0.977036
0.985171
0.990644
0.993919
0.996075
0.997073
0.997138
0.995209
0.97412
0.937681
0.940215
0.970635
0.989157
0.99425
0.995848
0.996434
0.996696
0.996715
0.996451
0.99621
0.996116
0.996461
0.997055
0.997742
0.99823
0.99851
0.998653
0.998679
0.998491
0.998121
0.997773
0.997518
0.997329
0.997148
0.996922
0.996561
0.995803
0.994347
0.99227
0.99013
0.988399
0.987267
0.986715
0.986607
0.986789
0.987965
0.989757
0.990702
0.991
0.991022
0.990971
0.990924
0.990924
0.990978
0.991254
0.992153
0.993371
0.994394
0.995076
0.995421
0.995563
0.99567
0.995884
0.996404
0.997064
0.997628
0.998005
0.99818
0.998212
0.998195
0.998172
0.998182
0.998242
0.998408
0.998471
0.998444
0.998245
0.997673
0.99604
0.992835
0.989647
0.98765
0.986455
0.985757
0.984176
0.980912
0.972633
0.952558
0.899698
0.706195
1
1
1
1
1
1
1
1
1
1
1
1
1
1
1
1
1
1
1
1
1
1
1
1
1
1
1
1
1
1
1
1
1
1
1
1
1
1
1
1
1
1
1
1
1
1
1
1
1
1
1
1
1
1
1
1
1
1
1
1
1
0.999999
0.999999
0.999998
0.999997
0.999995
0.999993
0.999988
0.999976
0.999947
0.999872
0.999677
0.999227
0.998218
0.996146
0.992787
0.990228
0.987992
0.987568
0.987303
0.985553
0.982001
0.981317
0.979344
0.973668
0.968755
0.966163
0.965881
0.967698
0.971109
0.978283
0.985726
0.990664
0.993916
0.995858
0.996519
0.9965
0.994342
0.971101
0.927536
0.930643
0.963533
0.984001
0.991327
0.994563
0.996073
0.996792
0.997178
0.997407
0.997534
0.997688
0.997807
0.99799
0.998169
0.998271
0.998318
0.998147
0.997723
0.997165
0.99641
0.995523
0.994504
0.99344
0.992376
0.99108
0.988875
0.98517
0.980504
0.976537
0.974236
0.973518
0.973655
0.975095
0.977818
0.980023
0.981643
0.982523
0.982837
0.982956
0.98318
0.983949
0.985367
0.986387
0.987288
0.988464
0.989909
0.991274
0.992234
0.992719
0.992937
0.993204
0.993689
0.994351
0.995016
0.995488
0.995684
0.995705
0.995582
0.995072
0.994243
0.993421
0.992855
0.992596
0.99236
0.991675
0.989742
0.985498
0.980412
0.973511
0.965297
0.956018
0.949602
0.944405
0.939821
0.928712
0.909925
0.868723
0.774732
0.607245
0.340929
1
1
1
1
1
1
1
1
1
1
1
1
1
1
1
1
1
1
1
1
1
1
1
1
1
1
1
1
1
1
1
1
1
1
1
1
1
1
1
1
1
1
1
1
1
1
1
1
1
1
1
1
1
1
1
1
1
1
0.999999
0.999996
0.999991
0.999988
0.999983
0.999973
0.999963
0.999952
0.999928
0.999875
0.999757
0.99948
0.998865
0.997395
0.99456
0.988243
0.979344
0.973268
0.970597
0.971615
0.974128
0.97657
0.97795
0.980189
0.981656
0.980222
0.975608
0.971764
0.969825
0.969154
0.970997
0.975299
0.982038
0.987537
0.991475
0.994377
0.995633
0.995857
0.995733
0.993065
0.965856
0.914488
0.917073
0.950848
0.973295
0.983564
0.989567
0.993117
0.995222
0.996408
0.997043
0.997401
0.997581
0.99766
0.997706
0.997647
0.997385
0.996754
0.995533
0.9932
0.989605
0.985819
0.982554
0.979561
0.976909
0.974209
0.970196
0.965122
0.961224
0.959518
0.95931
0.960015
0.961468
0.962575
0.963674
0.965096
0.967033
0.969437
0.972097
0.974617
0.976719
0.978463
0.980028
0.981483
0.982862
0.984163
0.985288
0.986075
0.986456
0.98655
0.986445
0.986037
0.985719
0.985488
0.985118
0.984582
0.983839
0.98251
0.980176
0.976918
0.973061
0.968891
0.964831
0.9617
0.959387
0.955719
0.945954
0.9273
0.910243
0.897959
0.884445
0.866006
0.840985
0.81828
0.798006
0.776115
0.724601
0.633801
0.476847
0.340812
0.212058
0.101127
1
1
1
1
1
1
1
1
1
1
1
1
1
1
1
1
1
1
1
1
1
1
1
1
1
1
1
1
1
1
1
1
1
1
1
1
1
1
1
1
1
1
1
1
1
1
1
1
1
1
1
1
1
1
1
1
0.999998
0.99999
0.999962
0.999918
0.99986
0.999823
0.999779
0.999726
0.999693
0.999626
0.999382
0.998874
0.997805
0.995598
0.991762
0.983548
0.970367
0.961253
0.961937
0.963679
0.965167
0.972358
0.976806
0.977861
0.979317
0.980938
0.983047
0.984289
0.983977
0.980726
0.978544
0.977654
0.979503
0.983539
0.98725
0.99069
0.993396
0.994911
0.995343
0.995367
0.995138
0.991973
0.964542
0.902423
0.897208
0.925424
0.951133
0.965337
0.975363
0.982694
0.987795
0.991232
0.993332
0.994493
0.995013
0.994981
0.994446
0.993284
0.991032
0.986312
0.976138
0.959175
0.946215
0.93415
0.927891
0.924829
0.924392
0.92626
0.930482
0.936414
0.942298
0.946845
0.950131
0.952624
0.954611
0.956366
0.958008
0.959558
0.961017
0.96229
0.963213
0.963685
0.963798
0.963548
0.963238
0.962794
0.961959
0.960537
0.958465
0.955838
0.952767
0.949562
0.946505
0.943085
0.93835
0.932218
0.925743
0.919574
0.912753
0.903497
0.891202
0.877325
0.864252
0.853789
0.84441
0.833886
0.816071
0.78566
0.745923
0.709661
0.68294
0.664562
0.642106
0.610776
0.561973
0.503516
0.42829
0.353295
0.270382
0.203792
0.135062
0.0885116
0.0491564
0.0205774
1
1
1
1
1
1
1
1
1
1
1
1
1
1
1
1
1
1
1
1
1
1
1
1
1
1
1
1
1
1
1
1
1
1
1
1
1
1
1
1
1
1
1
1
1
1
1
1
1
1
1
1
1
1
1
0.999999
0.999958
0.999787
0.999385
0.998955
0.99856
0.998375
0.998194
0.998125
0.998081
0.99785
0.994272
0.989536
0.982415
0.967488
0.95864
0.93894
0.926466
0.95565
0.966799
0.969768
0.972751
0.975629
0.976734
0.977189
0.977072
0.978627
0.982036
0.984768
0.986284
0.987024
0.98749
0.987544
0.988552
0.990103
0.991862
0.99326
0.994209
0.994712
0.994551
0.994383
0.993938
0.990307
0.964706
0.895737
0.873327
0.886905
0.910378
0.925916
0.93905
0.950787
0.960468
0.968291
0.973581
0.976467
0.977674
0.976013
0.971646
0.962965
0.94539
0.907115
0.856357
0.837382
0.85212
0.885755
0.899457
0.906629
0.912816
0.918486
0.922764
0.924359
0.92426
0.923153
0.919527
0.914
0.90929
0.905807
0.903177
0.900768
0.897903
0.894023
0.888912
0.882763
0.875972
0.868824
0.861247
0.853007
0.844034
0.834437
0.824368
0.813823
0.802658
0.790511
0.776762
0.760976
0.743447
0.725081
0.706683
0.688305
0.669569
0.650155
0.629849
0.608108
0.584235
0.557542
0.527502
0.494358
0.458679
0.422211
0.387003
0.354382
0.322886
0.291233
0.257489
0.222935
0.186721
0.151743
0.117316
0.0878211
0.0612436
0.0416297
0.0251185
0.0150427
0.00761393
0.00240548
1
1
1
1
1
1
1
1
1
1
1
1
1
1
1
1
1
1
1
1
1
1
1
1
1
1
1
1
1
1
1
1
1
1
1
1
1
1
1
1
1
1
1
1
1
1
1
1
1
1
1
1
1
1
1
0.99998
0.99915
0.99656
0.993958
0.992061
0.990801
0.990573
0.990664
0.991231
0.993019
0.99179
0.952846
0.921561
0.924108
0.927474
0.944937
0.931314
0.906338
0.928879
0.963192
0.969471
0.971619
0.973177
0.973746
0.973263
0.971948
0.971957
0.97505
0.979582
0.983631
0.986732
0.989153
0.990374
0.99068
0.991283
0.991884
0.992227
0.991861
0.990212
0.988005
0.987521
0.98722
0.983276
0.960249
0.89525
0.860443
0.851932
0.851273
0.853246
0.855984
0.861598
0.86857
0.875917
0.879737
0.88123
0.873912
0.857941
0.830964
0.793455
0.765032
0.753772
0.760915
0.791141
0.82832
0.84933
0.859557
0.86406
0.862162
0.851357
0.831342
0.805231
0.777307
0.751395
0.730684
0.715642
0.70482
0.696055
0.687463
0.677825
0.666557
0.653611
0.639301
0.62405
0.608198
0.59192
0.575267
0.558277
0.540985
0.523388
0.505417
0.486996
0.468068
0.448639
0.428923
0.409324
0.390171
0.371454
0.352871
0.334116
0.314968
0.295329
0.275238
0.254851
0.234387
0.214016
0.193914
0.174365
0.155604
0.137881
0.121199
0.105477
0.0904217
0.0761137
0.0625114
0.0500568
0.0387225
0.0290344
0.0207768
0.0143758
0.00930927
0.00584299
0.00328429
0.00182689
0.000852735
0.000216034
1
1
1
1
1
1
1
1
1
1
1
1
1
1
1
1
1
1
1
1
1
1
1
1
1
1
1
1
1
1
1
1
1
1
1
1
1
1
1
1
1
1
1
1
1
1
1
1
1
1
1
1
1
1
0.999999
0.999796
0.991859
0.981669
0.982259
0.982745
0.98337
0.9837
0.9839
0.984069
0.98357
0.978543
0.960068
0.941491
0.925374
0.922373
0.924338
0.909531
0.899129
0.920018
0.954215
0.961432
0.964245
0.966301
0.969245
0.970478
0.970243
0.969059
0.968855
0.969486
0.969893
0.970119
0.970265
0.970271
0.970474
0.969123
0.966302
0.961989
0.955818
0.946904
0.935922
0.928842
0.926362
0.916115
0.887141
0.863522
0.853896
0.843231
0.829077
0.810216
0.786337
0.761314
0.734666
0.708496
0.684109
0.662446
0.645696
0.633515
0.623732
0.617203
0.613528
0.61282
0.616825
0.629241
0.645197
0.652179
0.653045
0.637717
0.614404
0.584612
0.554849
0.528941
0.508562
0.492294
0.478369
0.465947
0.454172
0.442328
0.429961
0.416894
0.403139
0.388825
0.374117
0.359166
0.344085
0.328953
0.31382
0.298728
0.283712
0.268796
0.254008
0.239373
0.224925
0.21072
0.196836
0.18331
0.170148
0.157322
0.144795
0.132557
0.120632
0.109083
0.0979927
0.0874267
0.0774191
0.0680194
0.0592668
0.051186
0.0437747
0.0370225
0.0308925
0.0253685
0.0204271
0.0160934
0.012353
0.00923047
0.00667206
0.00467372
0.00313662
0.0020326
0.0012403
0.00073002
0.000389581
0.000203354
9.07116e-05
2.20586e-05
1.31104e-09
9.27808e-10
4.28494e-10
1.70134e-10
6.12733e-11
2.08003e-11
6.7543e-12
2.10547e-12
6.3231e-13
1.83473e-13
5.15402e-14
1.40256e-14
3.70593e-15
9.49918e-16
2.36933e-16
5.73593e-17
1.35603e-17
3.10999e-18
7.00196e-19
1.52723e-19
3.29787e-20
6.87793e-21
1.44181e-21
2.93169e-22
5.37882e-23
5.05936e-08
2.68474e-08
1.27248e-08
5.48026e-09
2.17753e-09
8.11488e-10
2.86537e-10
9.63451e-11
3.09535e-11
9.52583e-12
2.81367e-12
7.98949e-13
2.18486e-13
5.76062e-14
1.46701e-14
3.61122e-15
8.61272e-16
1.99006e-16
4.47105e-17
9.75225e-18
2.07854e-18
4.30784e-19
8.79048e-20
1.75728e-20
3.0416e-21
6.80052e-07
3.28377e-07
1.47916e-07
6.25766e-08
2.49169e-08
9.39142e-09
3.36843e-09
1.15336e-09
3.77845e-10
1.18619e-10
3.57339e-11
1.03431e-11
2.88053e-12
7.72713e-13
1.99942e-13
4.99556e-14
1.20724e-14
2.82403e-15
6.40975e-16
1.4119e-16
3.02974e-17
6.32627e-18
1.29428e-18
2.59595e-19
4.46154e-20
4.03132e-06
1.9201e-06
8.58436e-07
3.62804e-07
1.45108e-07
5.50886e-08
1.99253e-08
6.88513e-09
2.27719e-09
7.21863e-10
2.19579e-10
6.41708e-11
1.80409e-11
4.88447e-12
1.27526e-12
3.21413e-13
7.83245e-14
1.84714e-14
4.22477e-15
9.37624e-16
2.02607e-16
4.25969e-17
8.76687e-18
1.76916e-18
3.05088e-19
1.7107e-05
8.15527e-06
3.65942e-06
1.55592e-06
6.27782e-07
2.40789e-07
8.80324e-08
3.07522e-08
1.02823e-08
3.29492e-09
1.01301e-09
2.99173e-10
8.49782e-11
2.32398e-11
6.12726e-12
1.55914e-12
3.83486e-13
9.12615e-14
2.10565e-14
4.71335e-15
1.02681e-15
2.1763e-16
4.51341e-17
9.1775e-18
1.59209e-18
5.96947e-05
2.86144e-05
1.29414e-05
5.55324e-06
2.26518e-06
8.79354e-07
3.25513e-07
1.15135e-07
3.89745e-08
1.26423e-08
3.93383e-09
1.17555e-09
3.37779e-10
9.34223e-11
2.49035e-11
6.40532e-12
1.59199e-12
3.82743e-13
8.91872e-14
2.01579e-14
4.43263e-15
9.48104e-16
1.98311e-16
4.06731e-17
7.10131e-18
0.000177076
8.55892e-05
3.9118e-05
1.69785e-05
7.01207e-06
2.75834e-06
1.03495e-06
3.71018e-07
1.27272e-07
4.18262e-08
1.31829e-08
3.98924e-09
1.16038e-09
3.2479e-10
8.75915e-11
2.27856e-11
5.72584e-12
1.39144e-12
3.27623e-13
7.48039e-14
1.66103e-14
3.58702e-15
7.57245e-16
1.56744e-16
2.75663e-17
0.000457813
0.000223537
0.000103403
4.54554e-05
1.90245e-05
7.58794e-06
2.88734e-06
1.04965e-06
3.65059e-07
1.21607e-07
3.88408e-08
1.19073e-08
3.50777e-09
9.94075e-10
2.71354e-10
7.14279e-11
1.81573e-11
4.46239e-12
1.06227e-12
2.45157e-13
5.50068e-14
1.20009e-14
2.5579e-15
5.34663e-16
9.47245e-17
0.00105743
0.000521628
0.000244249
0.000108772
4.61397e-05
1.86591e-05
7.20032e-06
2.6544e-06
9.35994e-07
3.16054e-07
1.02301e-07
3.17747e-08
9.48097e-09
2.72065e-09
7.51769e-10
2.00254e-10
5.14983e-11
1.28001e-11
3.08066e-12
7.18623e-13
1.62915e-13
3.59044e-14
7.72814e-15
1.63121e-15
2.91255e-16
0.00221282
0.00110604
0.000525002
0.000237007
0.000101906
4.17748e-05
1.63413e-05
6.10624e-06
2.18209e-06
7.46558e-07
2.44791e-07
7.70029e-08
2.3264e-08
6.75775e-09
1.88972e-09
5.093e-10
1.32482e-10
3.33004e-11
8.10292e-12
1.91061e-12
4.37704e-13
9.74679e-14
2.11847e-14
4.51623e-15
8.12544e-16
0.00419639
0.00212954
0.00102725
0.000471403
0.000205994
8.57861e-05
3.40734e-05
1.29201e-05
4.68225e-06
1.6236e-06
5.39296e-07
1.7178e-07
5.25314e-08
1.54406e-08
4.3678e-09
1.1905e-09
3.13103e-10
7.95521e-11
1.95614e-11
4.66009e-12
1.07829e-12
2.42469e-13
5.32046e-14
1.14502e-14
2.07586e-15
0.00733678
0.00377932
0.00185165
0.000863285
0.000383297
0.000162188
6.54484e-05
2.52074e-05
9.27525e-06
3.26391e-06
1.09959e-06
3.55028e-07
1.09986e-07
3.27317e-08
9.36962e-09
2.58308e-09
6.86846e-10
1.76374e-10
4.38179e-11
1.0544e-11
2.46366e-12
5.59355e-13
1.23861e-13
2.69047e-14
4.91302e-15
0.011956
0.00625252
0.00311109
0.00147327
0.000664375
0.000285485
0.000116971
4.57323e-05
1.70773e-05
6.09674e-06
2.08311e-06
6.81896e-07
2.14095e-07
6.45465e-08
1.871e-08
5.22095e-09
1.40453e-09
3.64737e-10
9.15935e-11
2.22696e-11
5.25507e-12
1.20453e-12
2.69168e-13
5.89948e-14
1.08504e-14
0.0183148
0.00972373
0.00491284
0.00236247
0.00108173
0.000471875
0.000196228
7.78451e-05
2.94858e-05
1.06741e-05
3.69685e-06
1.22625e-06
3.9e-07
1.19067e-07
3.49393e-08
9.8668e-09
2.6854e-09
7.05296e-10
1.79072e-10
4.40071e-11
1.04924e-11
2.42943e-12
5.48074e-13
1.21274e-13
2.24715e-14
0.0265289
0.0142984
0.00733423
0.0035805
0.00166415
0.00073672
0.000310832
0.000125072
4.80356e-05
1.76258e-05
6.18537e-06
2.07814e-06
6.69224e-07
2.06807e-07
6.14066e-08
1.75417e-08
4.82798e-09
1.28196e-09
3.28966e-10
8.16883e-11
1.96738e-11
4.60029e-12
1.04771e-12
2.34021e-13
4.36937e-14
0.0366215
0.0200338
0.0104298
0.00516742
0.00243702
0.00109448
0.000468327
0.000191062
7.43755e-05
2.76515e-05
9.8284e-06
3.34341e-06
1.08978e-06
3.40751e-07
1.02341e-07
2.95622e-08
8.22486e-09
2.20705e-09
5.72183e-10
1.43511e-10
3.48997e-11
8.2388e-12
1.89347e-12
4.26822e-13
8.02738e-14
0.0482068
0.0267512
0.0141264
0.00709833
0.00339462
0.00154557
0.000670296
0.000277078
0.000109254
4.11302e-05
1.47985e-05
5.09418e-06
1.67969e-06
5.31131e-07
1.61269e-07
4.70811e-08
1.32348e-08
3.58729e-09
9.39141e-10
2.37804e-10
5.83666e-11
1.39033e-11
3.22304e-12
7.32808e-13
1.38777e-13
0.0607363
0.0341626
0.0182836
0.00931011
0.00451109
0.00208053
0.000913764
0.000382412
0.000152616
5.81334e-05
2.11567e-05
7.36434e-06
2.45463e-06
7.84377e-07
2.40611e-07
7.09465e-08
2.01374e-08
5.50987e-09
1.45572e-09
3.71917e-10
9.20755e-11
2.21199e-11
5.16945e-12
1.18494e-12
2.25863e-13
0.0736101
0.0419324
0.0227265
0.0117177
0.00574789
0.00268314
0.00119244
0.000504834
0.000203753
7.84673e-05
2.88627e-05
1.01512e-05
3.41774e-06
1.10287e-06
3.41539e-07
1.0164e-07
2.91096e-08
8.03469e-09
2.14088e-09
5.51513e-10
1.37638e-10
3.33259e-11
7.84702e-12
1.81222e-12
3.47519e-13
0.0862684
0.0497352
0.0272787
0.0142317
0.00706274
0.00333472
0.00149862
0.000641385
0.000261615
0.00010179
3.78167e-05
1.34297e-05
4.56417e-06
1.48628e-06
4.64362e-07
1.39383e-07
4.02532e-08
1.12009e-08
3.00813e-09
7.80892e-10
1.96336e-10
4.7885e-11
1.13538e-11
2.6404e-12
5.09193e-13
0.0983008
0.057326
0.0318037
0.0167813
0.00842106
0.00401948
0.00182555
0.000789373
0.000325201
0.000127757
4.7909e-05
1.71682e-05
5.88598e-06
1.93303e-06
6.08916e-07
1.84233e-07
5.36178e-08
1.50321e-08
4.06648e-09
1.06313e-09
2.69137e-10
6.60813e-11
1.57691e-11
3.69072e-12
7.15454e-13
0.109647
0.0646636
0.0362769
0.0193529
0.00981631
0.00473452
0.00217209
0.000948397
0.000394397
0.000156348
5.91437e-05
2.13729e-05
7.38713e-06
2.44508e-06
7.76058e-07
2.36527e-07
6.93258e-08
1.95697e-08
5.32929e-09
1.40231e-09
3.57227e-10
8.82466e-11
2.11819e-11
4.98653e-12
9.71257e-13
0.120449
0.0718258
0.0407398
0.0219684
0.0112594
0.0054852
0.00254077
0.00111963
0.000469725
0.000187788
7.16135e-05
2.60807e-05
9.08177e-06
3.02763e-06
9.67619e-07
2.96883e-07
8.75778e-08
2.48764e-08
6.81533e-09
1.80385e-09
4.62116e-10
1.14787e-10
2.7698e-11
6.55483e-12
1.28222e-12
0.131086
0.0790419
0.0453241
0.0246993
0.0127874
0.0062897
0.00294009
0.00130685
0.000552791
0.000222728
8.55717e-05
3.13859e-05
1.10035e-05
3.69218e-06
1.18739e-06
3.66505e-07
1.08742e-07
3.10607e-08
8.55554e-09
2.27627e-09
5.86087e-10
1.46296e-10
3.54669e-11
8.43263e-12
1.65587e-12
0.142321
0.0867827
0.0503035
0.027696
0.0144785
0.00718648
0.00338803
0.00151803
0.000646958
0.00026252
0.000101537
3.74784e-05
1.32189e-05
4.46114e-06
1.4426e-06
4.47632e-07
1.33487e-07
3.83152e-08
1.06035e-08
2.83402e-09
7.32901e-10
1.83724e-10
4.4723e-11
1.06766e-11
2.10352e-12
0.155289
0.0957545
0.0560922
0.0311876
0.0164523
0.00823479
0.00391233
0.00176552
0.000757446
0.000309266
0.000120315
4.46536e-05
1.58315e-05
5.36922e-06
1.7444e-06
5.43716e-07
1.62838e-07
4.69337e-08
1.30404e-08
3.49876e-09
9.08169e-10
2.28482e-10
5.58104e-11
1.33694e-11
2.64147e-12
0.171628
0.106985
0.0632967
0.0355116
0.0188861
0.0095226
0.00455438
0.00206778
0.000892084
0.000366121
0.000143118
5.33561e-05
1.8997e-05
6.46862e-06
2.10959e-06
6.59929e-07
1.98329e-07
5.73541e-08
1.59868e-08
4.30263e-09
1.12017e-09
2.8264e-10
6.92318e-11
1.66307e-11
3.2933e-12
0.1955
0.123187
0.0735784
0.0416259
0.0223009
0.0113175
0.00544413
0.00248458
0.00107695
0.000443894
0.000174209
6.51868e-05
2.32894e-05
7.95604e-06
2.60268e-06
8.16572e-07
2.46095e-07
7.13596e-08
1.99424e-08
5.38077e-09
1.40426e-09
3.55167e-10
8.71945e-11
2.0994e-11
4.165e-12
0.231487
0.147365
0.0887895
0.0506064
0.0272863
0.0139249
0.00673134
0.00308547
0.00134266
0.000555396
0.000218684
8.20774e-05
2.9407e-05
1.00727e-05
3.30339e-06
1.03889e-06
3.13811e-07
9.11948e-08
2.55393e-08
6.90496e-09
1.80559e-09
4.5755e-10
1.12536e-10
2.71457e-11
5.39341e-12
0.279941
0.179766
0.10909
0.0625497
0.0338977
0.0173748
0.00843124
0.0038778
0.00169259
0.000702073
0.000277132
0.000104255
3.74332e-05
1.28475e-05
4.22132e-06
1.32994e-06
4.024e-07
1.17127e-07
3.2852e-08
8.89525e-09
2.32933e-09
5.9109e-10
1.45571e-10
3.51613e-11
6.9932e-12
0.340128
0.220171
0.134492
0.0775425
0.0422227
0.021732
0.0105845
0.00488421
0.00213822
0.00088931
0.000351906
0.000132684
4.77395e-05
1.64163e-05
5.40355e-06
1.70523e-06
5.16758e-07
1.50634e-07
4.23082e-08
1.14707e-08
3.00743e-09
7.64072e-10
1.8838e-10
4.55519e-11
9.06738e-12
0.407281
0.265885
0.163586
0.0949007
0.0519557
0.0268715
0.0131452
0.00609005
0.00267582
0.00111661
0.000443201
0.000167575
6.04494e-05
2.08365e-05
6.87364e-06
2.1736e-06
6.59942e-07
1.92711e-07
5.42154e-08
1.47216e-08
3.86532e-09
9.83362e-10
2.42748e-10
5.87715e-11
1.17099e-11
0.473141
0.311963
0.193559
0.113125
0.0623471
0.0324419
0.0159584
0.00743124
0.00328052
0.00137491
0.000547921
0.000207941
7.52693e-05
2.60278e-05
8.61166e-06
2.73071e-06
8.31222e-07
2.43308e-07
6.86025e-08
1.86671e-08
4.91076e-09
1.25162e-09
3.09493e-10
7.50549e-11
1.49739e-11
0.529882
0.352993
0.221084
0.130316
0.0723831
0.0379358
0.0187857
0.00880216
0.00390816
0.00164677
0.000659548
0.000251474
9.14237e-05
3.17426e-05
1.05425e-05
3.35487e-06
1.02462e-06
3.00858e-07
8.50783e-08
2.32142e-08
6.12283e-09
1.56436e-09
3.87715e-10
9.42353e-11
1.8835e-11
0.571694
0.384865
0.243375
0.14475
0.0810782
0.0428284
0.0213655
0.0100804
0.00450485
0.00190979
0.000769276
0.000294891
0.000107751
3.759e-05
1.25406e-05
4.00766e-06
1.22889e-06
3.62201e-07
1.02791e-07
2.81422e-08
7.44634e-09
1.9083e-09
4.74328e-10
1.15612e-10
2.31627e-11
0.59718
0.405941
0.25904
0.155415
0.0877804
0.0467378
0.0234917
0.0111627
0.00502218
0.00214271
0.000868308
0.000334757
0.000122981
4.31234e-05
1.44569e-05
4.64144e-06
1.42951e-06
4.23098e-07
1.20554e-07
3.31311e-08
8.79844e-09
2.26265e-09
5.6428e-10
1.37989e-10
2.77235e-11
0.610192
0.417832
0.268632
0.162397
0.0924131
0.0495632
0.0250865
0.0120005
0.00543368
0.00233245
0.000950717
0.000368571
0.000136124
4.79752e-05
1.61618e-05
5.21302e-06
1.61273e-06
4.79373e-07
1.3715e-07
3.78408e-08
1.00872e-08
2.60358e-09
6.51608e-10
1.59903e-10
3.22242e-11
0.618029
0.425298
0.274906
0.167137
0.0956624
0.0516017
0.0262657
0.0126335
0.0057508
0.00248132
0.00101646
0.000395966
0.000146927
5.20172e-05
1.76003e-05
5.70112e-06
1.77097e-06
5.28503e-07
1.5179e-07
4.20366e-08
1.12466e-08
2.91299e-09
7.31543e-10
1.80134e-10
3.64103e-11
0.63143
0.436008
0.282711
0.17244
0.0990267
0.0535965
0.0273733
0.0132109
0.00603409
0.00261244
0.00107383
0.00041974
0.000156278
5.55139e-05
1.8846e-05
6.12473e-06
1.90873e-06
5.71432e-07
1.64634e-07
4.57337e-08
1.22724e-08
3.18828e-09
8.0305e-10
1.98336e-10
4.0196e-11
0.66439
0.459713
0.298605
0.182311
0.104763
0.0567326
0.0289924
0.0140026
0.00640156
0.00277462
0.00114198
0.000447038
0.000166712
5.93239e-05
2.01767e-05
6.56983e-06
2.05153e-06
6.15443e-07
1.77686e-07
4.94648e-08
1.33026e-08
3.46326e-09
8.74193e-10
2.16398e-10
4.39442e-11
0.731255
0.506424
0.329308
0.200957
0.115291
0.062299
0.0317633
0.0153069
0.006984
0.00302197
0.00124208
0.000485707
0.000180992
6.43725e-05
2.18876e-05
7.12636e-06
2.22553e-06
6.67807e-07
1.92877e-07
5.37211e-08
1.44558e-08
3.7665e-09
9.51547e-10
2.35782e-10
4.79247e-11
0.832396
0.585138
0.381478
0.23281
0.133351
0.0718614
0.0365181
0.017537
0.00797393
0.00343898
0.00140915
0.000549493
0.000204239
7.2474e-05
2.45915e-05
7.99209e-06
2.49186e-06
7.46668e-07
2.15388e-07
5.99276e-08
1.61113e-08
4.19436e-09
1.05889e-09
2.62257e-10
5.32783e-11
0.909613
0.689641
0.452103
0.276974
0.158819
0.0855344
0.0434013
0.0208021
0.00943818
0.00406133
0.00166038
0.000646
0.000239578
8.48302e-05
2.87237e-05
9.31591e-06
2.89885e-06
8.66952e-07
2.49624e-07
6.93306e-08
1.86077e-08
4.83702e-09
1.21933e-09
3.01577e-10
6.11874e-11
0.933669
0.755574
0.507193
0.316018
0.183597
0.0998405
0.0510109
0.0245657
0.0111808
0.00482059
0.00197297
0.000768005
0.000284848
0.000100838
3.41299e-05
1.10635e-05
3.44058e-06
1.02827e-06
2.95863e-07
8.21112e-08
2.20206e-08
5.71899e-09
1.44035e-09
3.55939e-10
7.21467e-11
0.939221
0.776299
0.527415
0.331766
0.194594
0.106863
0.0551447
0.0268204
0.0123249
0.00536282
0.00221379
0.000868565
0.00032445
0.000115589
3.93414e-05
1.28142e-05
4.00133e-06
1.20001e-06
3.46275e-07
9.63305e-08
2.58847e-08
6.73353e-09
1.69811e-09
4.20052e-10
8.52176e-11
0.93969
0.779756
0.531087
0.334782
0.196845
0.108417
0.0561381
0.0274084
0.0126481
0.00552836
0.00229303
0.000904118
0.000339446
0.000121552
4.1583e-05
1.36135e-05
4.27251e-06
1.28771e-06
3.73398e-07
1.04369e-07
2.81738e-08
7.36101e-09
1.86434e-09
4.63098e-10
9.43116e-11
0.937515
0.776151
0.528829
0.333541
0.196186
0.108078
0.0559694
0.0273281
0.0126123
0.00551366
0.00228763
0.000902426
0.00033905
0.000121527
4.16253e-05
1.36472e-05
4.29011e-06
1.29538e-06
3.76358e-07
1.05415e-07
2.85189e-08
7.46823e-09
1.89596e-09
4.72085e-10
9.63751e-11
0.92919
0.762408
0.519882
0.328474
0.193468
0.106681
0.0552779
0.0269984
0.0124616
0.00544795
0.00226031
0.000891598
0.000334954
0.000120046
4.11135e-05
1.34782e-05
4.23669e-06
1.27917e-06
3.71635e-07
1.04089e-07
2.81587e-08
7.37375e-09
1.87209e-09
4.66188e-10
9.52079e-11
0.903783
0.72608
0.496093
0.314485
0.185706
0.102598
0.0532343
0.0260241
0.012019
0.00525629
0.00218115
0.0008604
0.00032321
0.000115819
3.9657e-05
1.29968e-05
4.08382e-06
1.2325e-06
3.57905e-07
1.00194e-07
2.70919e-08
7.09048e-09
1.79916e-09
4.47734e-10
9.14199e-11
0.823859
0.637428
0.440279
0.281031
0.166642
0.0923022
0.0479679
0.0234714
0.0108454
0.00474385
0.00196837
0.000776255
0.000291476
0.000104389
3.57187e-05
1.16969e-05
3.67212e-06
1.10715e-06
3.21148e-07
8.97926e-08
2.42454e-08
6.33613e-09
1.60531e-09
3.98805e-10
8.13756e-11
0.604384
0.465696
0.32855
0.212396
0.126814
0.0704808
0.0366788
0.0179517
0.00829079
0.00362289
0.00150124
0.000591086
0.000221541
7.91838e-05
2.7036e-05
8.83351e-06
2.76656e-06
8.32073e-07
2.40739e-07
6.71396e-08
1.80818e-08
4.71308e-09
1.19104e-09
2.95105e-10
6.01901e-11
0.311512
0.250081
0.179249
0.116217
0.0691498
0.0381977
0.019741
0.009596
0.00440382
0.00191347
0.000788937
0.000309286
0.000115497
4.11566e-05
1.40185e-05
4.57189e-06
1.42998e-06
4.29715e-07
1.24268e-07
3.46524e-08
9.33347e-09
2.43397e-09
6.1565e-10
1.52724e-10
3.12742e-11
0.101521
0.0933788
0.071823
0.0461089
0.0269881
0.0146297
0.00741538
0.00353812
0.00159627
0.000683105
0.000277914
0.000107699
3.98254e-05
1.40765e-05
4.76344e-06
1.54573e-06
4.81747e-07
1.44442e-07
4.1731e-08
1.16397e-08
3.1399e-09
8.20974e-10
2.08501e-10
5.19983e-11
1.07545e-11
0.0250968
0.024325
0.0207249
0.0133494
0.00763985
0.00401037
0.00196431
0.000907156
0.000397405
0.000165744
6.59641e-05
2.50962e-05
9.14177e-06
3.19293e-06
1.07083e-06
3.45272e-07
1.07193e-07
3.2081e-08
9.27271e-09
2.59252e-09
7.02615e-10
1.84859e-10
4.73508e-11
1.19325e-11
2.50909e-12
0.00503616
0.00504034
0.00440696
0.00287483
0.00155448
0.000774718
0.000362311
0.000160718
6.80409e-05
2.75817e-05
1.07255e-05
4.00526e-06
1.43806e-06
4.96857e-07
1.65411e-07
5.30931e-08
1.64586e-08
4.93182e-09
1.43135e-09
4.02655e-10
1.10106e-10
2.92842e-11
7.60534e-12
1.94822e-12
4.19453e-13
0.000812899
0.00082947
0.000707553
0.000435164
0.00022178
0.000104678
4.6709e-05
1.99355e-05
8.18498e-06
3.23924e-06
1.23656e-06
4.55583e-07
1.62073e-07
5.56751e-08
1.84858e-08
5.93493e-09
1.84551e-09
5.56147e-10
1.62798e-10
4.63039e-11
1.28417e-11
3.47227e-12
9.20423e-13
2.41229e-13
5.35327e-14
0.000108474
0.000108405
8.83172e-05
4.96647e-05
2.41308e-05
1.09065e-05
4.72802e-06
1.97394e-06
7.95466e-07
3.10175e-07
1.1714e-07
4.28649e-08
1.51992e-08
5.22168e-09
1.73916e-09
5.61836e-10
1.76289e-10
5.37721e-11
1.59758e-11
4.62723e-12
1.31088e-12
3.6319e-13
9.90514e-14
2.67818e-14
6.17695e-15
)
;

boundaryField
{
    inlet
    {
        type            fixedValue;
        value           uniform 1;
    }
    outlet
    {
        type            inletOutlet;
        inletValue      uniform 0;
        value           nonuniform List<scalar> 
57
(
5.37882e-23
3.0416e-21
4.46154e-20
3.05088e-19
1.59209e-18
7.10131e-18
2.75663e-17
9.47245e-17
2.91255e-16
8.12544e-16
2.07586e-15
4.91302e-15
1.08504e-14
2.24715e-14
4.36937e-14
8.02738e-14
1.38777e-13
2.25863e-13
3.47519e-13
5.09193e-13
7.15454e-13
9.71257e-13
1.28222e-12
1.65587e-12
2.10352e-12
2.64147e-12
3.2933e-12
4.165e-12
5.39341e-12
6.9932e-12
9.06738e-12
1.17099e-11
1.49739e-11
1.8835e-11
2.31627e-11
2.77235e-11
3.22242e-11
3.64103e-11
4.0196e-11
4.39442e-11
4.79247e-11
5.32783e-11
6.11874e-11
7.21467e-11
8.52176e-11
9.43116e-11
9.63751e-11
9.52079e-11
9.14199e-11
8.13756e-11
6.01901e-11
3.12742e-11
1.07545e-11
2.50909e-12
4.19453e-13
5.35327e-14
6.17695e-15
)
;
    }
    upperWall
    {
        type            zeroGradient;
    }
    lowerWall
    {
        type            zeroGradient;
    }
    frontAndBack
    {
        type            empty;
    }
}


// ************************************************************************* //
