/*--------------------------------*- C++ -*----------------------------------*\
  =========                 |
  \\      /  F ield         | OpenFOAM: The Open Source CFD Toolbox
   \\    /   O peration     | Website:  https://openfoam.org
    \\  /    A nd           | Version:  9
     \\/     M anipulation  |
\*---------------------------------------------------------------------------*/
FoamFile
{
    format      ascii;
    class       volScalarField;
    location    "0.053";
    object      p;
}
// * * * * * * * * * * * * * * * * * * * * * * * * * * * * * * * * * * * * * //

dimensions      [0 2 -2 0 0 0 0];

internalField   nonuniform List<scalar> 
12225
(
823.713
816.058
809.984
804.908
800.175
795.491
790.763
786.016
781.3
776.637
772.019
767.438
762.856
758.255
753.585
748.807
743.683
737.873
824.28
815.972
809.955
804.893
800.159
795.477
790.754
786.016
781.308
776.652
772.04
767.456
762.871
758.259
753.581
748.788
743.689
737.95
824.018
815.746
809.901
804.889
800.172
795.497
790.779
786.048
781.346
776.687
772.061
767.463
762.869
758.255
753.585
748.802
743.761
738.319
822.335
815.388
809.804
804.873
800.173
795.513
790.812
786.094
781.399
776.738
772.108
767.506
762.913
758.303
753.644
748.89
743.966
738.861
819.893
814.871
809.683
804.873
800.215
795.57
790.877
786.165
781.475
776.816
772.185
767.581
762.989
758.387
753.753
749.064
744.297
739.512
819.163
814.446
809.548
804.883
800.259
795.633
790.959
786.26
781.578
776.921
772.29
767.687
763.105
758.525
753.932
749.324
744.715
740.188
818.16
813.874
809.406
804.906
800.337
795.747
791.09
786.398
781.721
777.069
772.442
767.846
763.278
758.725
754.184
749.668
745.209
740.881
816.16
813.362
809.327
804.984
800.461
795.888
791.246
786.563
781.891
777.241
772.619
768.036
763.491
758.978
754.5
750.078
745.75
741.579
814.737
812.98
809.28
805.085
800.632
796.097
791.47
786.793
782.128
777.488
772.876
768.304
763.779
759.302
754.883
750.548
746.332
742.283
815.65
812.866
809.339
805.29
800.887
796.359
791.733
787.064
782.406
777.768
773.161
768.605
764.11
759.68
755.325
751.071
746.948
742.992
813.223
813.041
809.607
805.572
801.206
796.703
792.084
787.415
782.761
778.135
773.543
769.003
764.532
760.138
755.837
751.652
747.609
743.73
815.221
813.49
810.02
805.96
801.616
797.11
792.483
787.814
783.156
778.529
773.945
769.423
764.978
760.622
756.369
752.242
748.257
744.431
817.427
814.496
810.636
806.458
802.103
797.583
792.948
788.28
783.63
779.009
774.432
769.922
765.497
761.171
756.958
752.875
748.938
745.157
821.322
815.832
811.392
807.162
802.793
798.257
793.611
788.927
784.256
779.624
775.05
770.555
766.154
761.862
757.691
753.656
749.767
746.031
825.362
817.408
812.565
808.206
803.776
799.193
794.521
789.817
785.127
780.484
775.907
771.417
767.03
762.763
758.626
754.63
750.781
747.081
818.041
817.111
813.826
809.658
805.192
800.541
795.796
791.033
786.293
781.625
777.036
772.539
768.155
763.902
759.79
755.824
752.007
748.339
822.987
820.641
816.184
811.82
807.276
802.517
797.645
792.79
787.958
783.213
778.568
774.038
769.636
765.377
761.268
757.312
753.509
749.859
834.001
825.417
819.965
815.172
810.322
805.264
800.17
795.071
790.136
785.281
780.547
775.948
771.497
767.207
763.083
759.125
755.331
751.699
821.159
825.111
823.433
819.226
814.329
809.156
803.854
798.553
793.273
788.153
783.215
778.453
773.873
769.487
765.296
761.291
757.473
753.833
840.761
837.088
832.237
826.388
820.164
813.946
807.905
802.053
796.389
790.952
785.76
780.804
776.08
771.585
767.312
763.25
759.377
755.702
858.442
847.877
839.764
832.277
824.968
817.981
811.305
804.941
798.887
793.146
787.715
782.576
777.715
773.108
768.741
764.601
760.664
756.974
865.374
855.465
846.264
837.557
829.168
821.399
814.138
807.314
800.921
794.932
789.3
784.001
779.026
774.338
769.914
765.733
761.799
758.028
867.98
861.865
851.989
842.038
832.761
824.243
816.421
809.172
802.462
796.248
790.455
785.043
779.964
775.202
770.719
766.473
762.502
758.74
881.256
869.182
857.029
845.722
835.58
826.468
818.209
810.658
803.738
797.362
791.436
785.922
780.765
775.928
771.383
767.131
763.093
759.296
895.521
876.346
861.327
848.747
837.772
828.112
819.472
811.647
804.564
798.037
792.02
786.432
781.219
776.342
771.775
767.484
763.451
759.651
901.911
881.288
864.556
850.926
839.358
829.334
820.453
812.479
805.218
798.599
792.517
786.878
781.619
776.701
772.097
767.799
763.741
759.933
909.358
884.999
866.829
852.432
840.414
830.121
821.056
812.932
805.58
798.902
792.778
787.104
781.818
776.883
772.271
767.938
763.888
760.076
913.908
887.651
868.342
853.397
841.093
830.646
821.468
813.249
805.836
799.125
792.984
787.296
781.991
777.035
772.401
768.069
764.005
760.189
914.958
888.732
869.144
853.912
841.451
830.916
821.674
813.398
805.948
799.219
793.069
787.377
782.069
777.104
772.456
768.11
764.042
760.233
917.017
889.422
869.466
854.135
841.647
831.068
821.779
813.462
805.986
799.249
793.106
787.424
782.117
777.147
772.491
768.135
764.062
760.253
665.665
665.478
665.227
665.077
665.132
665.265
665.121
664.697
664.09
663.451
662.886
662.415
662.03
661.69
661.352
660.989
660.598
660.178
659.72
659.219
658.674
658.093
657.491
656.885
656.287
655.711
655.17
654.676
654.24
653.87
653.566
653.358
653.23
653.169
653.161
653.2
653.269
653.363
653.493
653.633
653.883
654.219
654.503
654.652
654.512
654.152
653.536
652.575
651.216
649.398
647.118
644.46
641.653
639.026
636.914
635.497
634.92
635.113
635.725
636.216
635.585
633.346
629.885
626.434
623.817
621.896
620.21
618.492
616.771
614.869
612.668
610.342
608.037
605.505
602.458
598.883
594.981
590.867
586.602
582.207
577.681
573.003
568.144
563.075
557.771
552.21
546.384
540.296
533.967
527.437
520.767
514.044
507.373
500.881
494.703
488.984
483.861
479.465
475.901
473.252
471.571
470.873
471.131
472.255
474.12
476.574
479.446
482.564
485.762
488.891
491.82
494.444
496.681
498.471
499.778
500.585
500.894
500.724
500.099
499.054
497.621
495.831
493.708
491.272
488.534
485.508
482.201
478.625
474.796
470.734
466.469
462.038
457.481
452.843
448.161
443.47
438.797
434.158
429.558
425.003
420.501
416.053
411.662
407.331
403.069
398.887
394.801
390.832
386.993
383.289
379.712
376.246
372.853
369.487
366.106
362.687
359.216
355.679
352.033
348.224
344.242
340.161
336.092
332.096
328.152
324.177
320.151
316.058
311.867
307.594
303.213
298.738
294.204
289.647
285.089
280.538
275.987
271.421
266.868
262.283
665.374
665.149
664.848
664.495
664.493
664.574
664.415
663.982
663.374
662.78
662.309
661.96
661.661
661.394
661.138
660.861
660.543
660.178
659.753
659.266
658.717
658.117
657.486
656.841
656.198
655.574
654.984
654.446
653.981
653.6
653.316
653.088
652.955
652.902
652.91
652.961
653.058
653.205
653.366
653.549
653.853
654.173
654.552
654.907
654.971
654.802
654.251
653.303
651.838
649.794
647.181
644.129
640.919
637.932
635.458
633.675
632.698
632.506
632.791
633.285
632.998
631.375
628.483
625.333
622.49
620.612
619.219
617.924
616.601
615.129
613.08
610.539
607.887
605.039
601.802
598.202
594.352
590.329
586.171
581.884
577.449
572.839
568.021
562.965
557.647
552.05
546.169
540.011
533.6
526.979
520.216
513.401
506.644
500.075
493.832
488.062
482.904
478.491
474.933
472.317
470.692
470.064
470.38
471.569
473.509
476.042
478.994
482.185
485.449
488.633
491.607
494.267
496.529
498.334
499.647
500.452
500.752
500.568
499.927
498.865
497.419
495.62
493.493
491.058
488.329
485.317
482.029
478.476
474.67
470.631
466.386
461.971
457.425
452.793
448.114
443.423
438.746
434.097
429.494
424.94
420.44
415.995
411.607
407.279
403.019
398.838
394.754
390.786
386.949
383.25
379.682
376.225
372.84
369.482
366.105
362.681
359.203
355.659
352.008
348.198
344.226
340.158
336.096
332.096
328.132
324.174
320.155
316.076
311.878
307.598
303.211
298.738
294.208
289.652
285.092
280.532
275.973
271.394
266.828
262.222
666.138
665.944
665.616
665.241
664.964
664.716
664.29
663.732
663.086
662.512
662.042
661.63
661.268
660.962
660.708
660.461
660.192
659.87
659.467
658.958
658.342
657.639
656.883
656.105
655.333
654.592
653.905
653.293
652.775
652.361
652.066
651.896
651.833
651.866
651.987
652.197
652.473
652.786
653.148
653.605
654.12
654.638
655.21
655.756
656.006
655.777
655.434
654.626
653.103
650.871
648.1
644.814
641.307
637.938
635.002
632.805
631.529
631.215
631.538
632.058
632.048
630.823
628.229
625.258
622.734
620.631
619.064
617.584
615.926
614.046
611.873
609.33
606.499
603.436
600.164
596.712
593.106
589.358
585.459
581.387
577.115
572.612
567.849
562.804
557.458
551.804
545.842
539.584
533.058
526.311
519.414
512.461
505.568
498.868
492.504
486.626
481.377
476.893
473.297
470.674
469.07
468.479
468.885
470.201
472.291
474.985
478.095
481.434
484.825
488.117
491.179
493.906
496.216
498.051
499.375
500.173
500.453
500.238
499.561
498.465
496.989
495.169
493.029
490.597
487.882
484.893
481.639
478.127
474.368
470.377
466.178
461.801
457.286
452.674
448.004
443.316
438.639
433.994
429.39
424.835
420.334
415.888
411.498
407.169
402.907
398.724
394.64
390.675
386.844
383.156
379.602
376.163
372.799
369.461
366.101
362.69
359.207
355.64
351.966
348.167
344.238
340.234
336.22
332.226
328.252
324.22
320.159
316.028
311.823
307.562
303.187
298.726
294.207
289.655
285.093
280.523
275.948
271.345
266.742
262.088
667.384
667.246
666.965
666.591
666.181
665.694
665.107
664.42
663.651
663.001
662.461
661.959
661.492
661.06
660.641
660.194
659.699
659.143
658.512
657.79
656.974
656.078
655.131
654.167
653.22
652.32
651.5
650.786
650.203
649.768
649.495
649.388
649.423
649.604
649.923
650.367
650.916
651.557
652.287
653.093
653.945
654.853
655.835
656.788
657.419
657.535
657.116
656.195
654.701
652.656
649.838
646.397
642.7
639.239
636.393
634.366
633.261
632.995
633.18
633.375
633.051
631.701
629.176
626.05
623.078
620.642
618.734
616.992
615.113
612.959
610.514
607.827
604.965
601.962
598.835
595.587
592.211
588.686
584.981
581.065
576.902
572.462
567.719
562.652
557.248
551.502
545.415
539.003
532.293
525.338
518.216
511.031
503.91
496.998
490.448
484.414
479.046
474.476
470.823
468.18
466.596
466.104
466.666
468.183
470.505
473.442
476.789
480.343
483.922
487.369
490.555
493.378
495.757
497.634
498.972
499.76
500.007
499.743
499.01
497.858
496.332
494.474
492.313
489.874
487.17
484.209
481
477.546
473.853
469.93
465.793
461.469
456.997
452.42
447.782
443.119
438.456
433.815
429.214
424.664
420.166
415.72
411.329
406.998
402.734
398.553
394.471
390.512
386.694
383.026
379.5
376.088
372.749
369.429
366.086
362.685
359.209
355.652
351.98
348.181
344.266
340.28
336.267
332.256
328.239
324.226
320.16
316.034
311.86
307.554
303.177
298.724
294.213
289.664
285.094
280.506
275.909
271.28
266.637
261.933
668.43
668.313
668.075
667.681
667.242
666.724
666.125
665.465
664.751
664.026
663.301
662.581
661.873
661.171
660.453
659.683
658.837
657.904
656.881
655.773
654.592
653.358
652.098
650.845
649.635
648.508
647.5
646.648
645.982
645.527
645.296
645.291
645.504
645.924
646.531
647.301
648.21
649.235
650.352
651.528
652.732
653.95
655.15
656.232
657.014
657.328
657.134
656.418
655.115
653.108
650.252
646.634
642.772
639.379
636.857
635.288
634.56
634.384
634.488
634.623
634.196
632.746
630.414
627.718
624.759
621.974
619.392
616.951
614.53
612.015
609.38
606.647
603.837
600.952
597.984
594.914
591.709
588.336
584.753
580.922
576.806
572.371
567.59
562.442
556.914
551.002
544.715
538.074
531.114
523.893
516.492
509.026
501.638
494.486
487.734
481.536
476.039
471.378
467.673
465.019
463.485
463.123
463.876
465.642
468.258
471.51
475.162
478.991
482.803
486.441
489.781
492.723
495.189
497.119
498.477
499.251
499.455
499.126
498.316
497.087
495.491
493.578
491.38
488.922
486.218
483.278
480.11
476.719
473.106
469.27
465.218
460.968
456.552
452.013
447.399
442.754
438.112
433.494
428.914
424.38
419.894
415.461
411.083
406.763
402.509
398.337
394.268
390.325
386.526
382.882
379.383
375.998
372.694
369.415
366.092
362.694
359.215
355.646
351.976
348.189
344.293
340.327
336.336
332.339
328.32
324.276
320.179
316.042
311.847
307.55
303.174
298.724
294.215
289.662
285.083
280.481
275.862
271.209
266.527
261.778
669.773
669.633
669.379
669.042
668.622
668.104
667.469
666.77
666.005
665.178
664.288
663.335
662.315
661.226
660.06
658.806
657.456
656.006
654.461
652.833
651.146
649.43
647.723
646.065
644.503
643.085
641.856
640.858
640.121
639.672
639.526
639.688
640.139
640.858
641.814
642.97
644.287
645.724
647.239
648.783
650.313
651.784
653.139
654.292
655.136
655.58
655.573
655.059
653.93
651.951
648.951
644.994
640.839
637.518
635.403
634.389
634.112
634.153
634.248
634.26
633.822
632.633
630.679
628.212
625.46
622.585
619.695
616.85
614.067
611.332
608.623
605.917
603.193
600.423
597.578
594.623
591.521
588.227
584.696
580.883
576.746
572.246
567.353
562.049
556.329
550.197
543.671
536.776
529.554
522.061
514.382
506.643
499.001
491.619
484.659
478.276
472.617
467.822
464.029
461.361
459.848
459.574
460.523
462.589
465.574
469.22
473.252
477.415
481.503
485.364
488.882
491.965
494.537
496.538
497.926
498.689
498.841
498.437
497.53
496.207
494.524
492.536
490.284
487.79
485.07
482.135
478.996
475.659
472.124
468.386
464.439
460.286
455.949
451.466
446.886
442.262
437.633
433.033
428.476
423.975
419.521
415.113
410.756
406.459
402.232
398.087
394.047
390.132
386.364
382.75
379.285
375.935
372.652
369.381
366.077
362.704
359.239
355.665
351.99
348.21
344.331
340.386
336.405
332.396
328.357
324.285
320.189
316.047
311.846
307.554
303.176
298.726
294.218
289.663
285.074
280.454
275.812
271.133
266.415
261.626
671.67
671.545
671.287
670.911
670.475
669.934
669.272
668.481
667.563
666.518
665.345
664.041
662.603
661.028
659.317
657.473
655.503
653.419
651.239
648.986
646.693
644.4
642.156
640.014
638.034
636.271
634.778
633.604
632.785
632.342
632.287
632.628
633.347
634.407
635.758
637.347
639.116
641.006
642.958
644.909
646.799
648.556
650.103
651.363
652.271
652.781
652.86
652.441
651.378
649.368
646.199
641.967
637.738
634.809
633.39
633.092
633.241
633.439
633.599
633.627
633.182
632.116
630.428
628.15
625.466
622.533
619.523
616.551
613.674
610.905
608.221
605.578
602.933
600.246
597.477
594.587
591.531
588.26
584.722
580.866
576.643
572.012
566.944
561.43
555.48
549.116
542.369
535.266
527.835
520.118
512.185
504.152
496.19
488.491
481.242
474.611
468.744
463.775
459.835
457.055
455.565
455.418
456.622
459.059
462.498
466.625
471.108
475.655
480.049
484.148
487.856
491.095
493.792
495.879
497.311
498.068
498.16
497.673
496.669
495.237
493.454
491.382
489.064
486.521
483.767
480.815
477.681
474.381
470.916
467.274
463.435
459.391
455.153
450.754
446.238
441.652
437.045
432.457
427.919
423.438
419.018
414.656
410.351
406.103
401.917
397.813
393.813
389.938
386.21
382.634
379.196
375.871
372.619
369.381
366.09
362.712
359.237
355.668
352.005
348.237
344.376
340.446
336.471
332.465
328.423
324.337
320.22
316.066
311.858
307.567
303.189
298.736
294.225
289.664
285.062
280.424
275.759
271.055
266.305
261.482
674.214
674.044
673.795
673.415
672.885
672.202
671.363
670.36
669.183
667.825
666.28
664.545
662.616
660.496
658.189
655.706
653.064
650.286
647.4
644.44
641.449
638.478
635.587
632.847
630.331
628.116
626.27
624.852
623.903
623.452
623.523
624.122
625.199
626.69
628.52
630.612
632.887
635.27
637.692
640.092
642.404
644.541
646.4
647.886
648.936
649.526
649.647
649.251
648.2
646.239
643.128
638.82
634.844
632.488
631.797
631.996
632.437
632.771
633.007
633.014
632.521
631.488
629.91
627.745
625.12
622.204
619.202
616.255
613.42
610.706
608.089
605.515
602.934
600.3
597.57
594.703
591.653
588.364
584.775
580.826
576.464
571.651
566.366
560.622
554.454
547.905
541.008
533.776
526.195
518.257
509.996
501.54
493.12
485.017
477.46
470.601
464.545
459.397
455.298
452.402
450.916
450.915
452.398
455.242
459.187
463.861
468.851
473.813
478.52
482.85
486.742
490.137
492.966
495.149
496.627
497.374
497.417
496.836
495.723
494.181
492.298
490.145
487.766
485.175
482.377
479.383
476.221
472.922
469.502
465.946
462.22
458.294
454.163
449.853
445.412
440.893
436.342
431.795
427.28
422.822
418.434
414.118
409.866
405.677
401.557
397.518
393.579
389.763
386.085
382.551
379.15
375.85
372.602
369.356
366.072
362.71
359.248
355.684
352.023
348.265
344.419
340.505
336.545
332.543
328.493
324.393
320.258
316.095
311.881
307.589
303.209
298.75
294.233
289.664
285.05
280.396
275.709
270.982
266.203
261.35
676.932
676.782
676.444
675.949
675.288
674.442
673.399
672.146
670.67
668.964
667.016
664.822
662.379
659.689
656.76
653.608
650.254
646.725
643.056
639.294
635.491
631.715
628.045
624.57
621.388
618.601
616.307
614.591
613.521
613.129
613.457
614.428
615.988
618.054
620.52
623.265
626.159
629.085
631.959
634.741
637.408
639.921
642.187
644.078
645.485
646.361
646.706
646.499
645.679
644.096
641.524
637.962
634.711
632.893
632.578
632.808
633.054
633.199
633.277
633.097
632.451
631.322
629.677
627.491
624.871
621.984
619.028
616.139
613.367
610.718
608.16
605.642
603.105
600.5
597.787
594.916
591.837
588.501
584.828
580.75
576.217
571.194
565.685
559.733
553.398
546.737
539.772
532.466
524.732
516.495
507.762
498.737
489.801
481.337
473.576
466.594
460.414
455.094
450.787
447.711
446.122
446.152
447.846
451.093
455.604
460.92
466.507
471.933
476.961
481.508
485.569
489.119
492.085
494.372
495.896
496.628
496.602
495.913
494.678
493.018
491.037
488.815
486.393
483.775
480.948
477.912
474.695
471.352
467.93
464.429
460.806
457.003
452.993
448.787
444.43
439.979
435.489
431.001
426.543
422.134
417.789
413.517
409.323
405.206
401.165
397.208
393.348
389.602
385.986
382.499
379.124
375.834
372.591
369.347
366.057
362.69
359.23
355.675
352.028
348.289
344.463
340.568
336.618
332.619
328.568
324.467
320.323
316.143
311.919
307.622
303.237
298.772
294.246
289.669
285.042
280.372
275.665
270.915
266.109
261.228
679.317
679.142
678.775
678.214
677.446
676.45
675.213
673.719
671.957
669.913
667.573
664.926
661.969
658.704
655.141
651.299
647.203
642.883
638.376
633.731
629.008
624.285
619.66
615.25
611.186
607.614
604.697
602.579
601.353
601.065
601.597
602.97
605.143
608.01
611.409
615.145
619.009
622.806
626.388
629.662
632.624
635.354
637.918
640.241
642.164
643.559
644.371
644.602
644.271
643.332
641.685
639.309
637.077
635.798
635.412
635.289
635.097
634.849
634.585
634.05
633.125
631.77
629.933
627.63
624.951
622.053
619.115
616.255
613.516
610.9
608.375
605.889
603.38
600.793
598.082
595.197
592.079
588.663
584.883
580.656
575.938
570.71
564.999
558.882
552.442
545.734
538.756
531.394
523.464
514.831
505.507
495.852
486.467
477.805
470
462.962
456.587
450.924
446.21
442.801
440.932
440.881
442.747
446.423
451.588
457.672
463.983
469.949
475.32
480.074
484.297
488.001
491.116
493.518
495.097
495.811
495.706
494.895
493.521
491.729
489.64
487.348
484.896
482.277
479.454
476.403
473.145
469.741
466.271
462.773
459.218
455.531
451.647
447.556
443.297
438.929
434.511
430.087
425.692
421.349
417.071
412.865
408.736
404.689
400.728
396.858
393.087
389.425
385.877
382.439
379.094
375.819
372.576
369.321
366.021
362.653
359.199
355.656
352.027
348.311
344.51
340.632
336.692
332.698
328.651
324.549
320.397
316.205
311.968
307.664
303.273
298.8
294.265
289.677
285.038
280.354
275.628
270.856
266.024
261.119
681.353
681.171
680.776
680.161
679.306
678.188
676.791
675.096
673.088
670.745
668.048
664.981
661.539
657.725
653.553
649.038
644.199
639.054
633.628
627.959
622.111
616.177
610.288
604.613
599.347
594.695
590.881
588.104
586.474
586.039
586.799
588.726
591.733
595.671
600.326
605.44
610.733
615.921
620.749
625.029
628.66
631.705
634.402
636.934
639.278
641.251
642.688
643.549
643.87
643.682
642.988
641.8
640.509
639.626
639.016
638.473
637.846
637.21
636.528
635.611
634.37
632.742
630.67
628.195
625.412
622.466
619.501
616.617
613.857
611.226
608.698
606.222
603.729
601.154
598.44
595.532
592.365
588.869
584.968
580.591
575.695
570.281
564.398
558.165
551.67
544.96
537.995
530.573
522.407
513.326
503.381
493.155
483.467
474.731
466.932
459.744
452.987
446.742
441.405
437.502
435.321
435.195
437.221
441.283
447.072
453.987
461.124
467.711
473.456
478.432
482.815
486.68
489.95
492.464
494.089
494.782
494.606
493.694
492.208
490.303
488.109
485.737
483.246
480.628
477.828
474.796
471.531
468.091
464.568
461.035
457.5
453.897
450.138
446.174
442.024
437.745
433.407
429.062
424.746
420.478
416.273
412.142
408.092
404.125
400.246
396.459
392.772
389.191
385.714
382.333
379.027
375.772
372.535
369.278
365.975
362.609
359.163
355.631
352.018
348.327
344.553
340.697
336.77
332.782
328.736
324.634
320.48
316.279
312.03
307.716
303.316
298.835
294.288
289.687
285.036
280.34
275.598
270.805
265.95
261.021
683.171
682.986
682.571
681.919
681.001
679.794
678.276
676.425
674.216
671.623
668.617
665.18
661.306
656.996
652.258
647.092
641.495
635.462
628.998
622.137
614.957
607.594
600.238
593.136
586.569
580.819
576.137
572.733
570.745
570.235
571.263
573.745
577.547
582.484
588.324
594.789
601.567
608.318
614.702
620.435
625.272
629.074
632.055
634.657
637.174
639.587
641.674
643.256
644.303
644.871
645.022
644.782
644.284
643.719
643.056
642.234
641.268
640.259
639.137
637.796
636.178
634.217
631.867
629.178
626.247
623.197
620.148
617.186
614.354
611.663
609.098
606.612
604.133
601.574
598.86
595.927
592.708
589.127
585.108
580.589
575.539
569.985
563.955
557.648
551.13
544.44
537.489
530.004
521.605
512.115
501.625
490.941
481.037
472.238
464.373
456.891
449.602
442.655
436.643
432.212
429.86
429.754
431.931
436.229
442.423
450.044
457.953
465.15
471.283
476.475
481.023
485.057
488.476
491.073
492.7
493.334
493.075
492.093
490.563
488.626
486.399
483.989
481.466
478.826
476.021
473.011
469.777
466.346
462.798
459.23
455.686
452.128
448.469
444.636
440.615
436.446
432.196
427.932
423.7
419.519
415.401
411.354
407.388
403.506
399.711
396.009
392.403
388.897
385.489
382.164
378.902
375.68
372.466
369.222
365.925
362.565
359.131
355.612
352.013
348.342
344.595
340.764
336.852
332.868
328.823
324.722
320.567
316.36
312.1
307.773
303.364
298.872
294.314
289.698
285.035
280.327
275.572
270.762
265.886
260.935
685.066
684.874
684.44
683.755
682.788
681.513
679.903
677.93
675.563
672.767
669.51
665.771
661.536
656.801
651.557
645.787
639.463
632.56
625.078
617.064
608.633
599.98
591.369
583.118
575.572
569.056
563.83
560.092
557.967
557.495
558.665
561.47
565.805
571.479
578.22
585.707
593.605
601.559
609.19
616.209
622.343
627.25
630.783
633.468
635.985
638.616
641.24
643.525
645.288
646.534
647.348
647.811
647.936
647.781
647.379
646.585
645.459
644.109
642.688
640.955
638.832
636.346
633.558
630.543
627.381
624.161
620.977
617.894
614.956
612.176
609.548
607.037
604.57
602.04
599.338
596.387
593.117
589.454
585.327
580.681
575.5
569.82
563.726
557.368
550.846
544.185
537.241
529.685
521.114
511.369
500.464
489.44
479.31
470.375
462.336
454.498
446.714
439.252
432.866
428.224
425.891
425.96
428.285
432.612
438.802
446.6
454.896
462.511
468.898
474.226
478.904
483.088
486.62
489.237
490.79
491.305
490.94
489.904
488.384
486.495
484.317
481.943
479.45
476.819
473.992
470.968
467.775
464.412
460.904
457.333
453.774
450.236
446.653
442.939
439.055
435.018
430.883
426.715
422.569
418.477
414.453
410.502
406.626
402.832
399.124
395.505
391.98
388.548
385.206
381.94
378.729
375.549
372.369
369.154
365.878
362.534
359.115
355.611
352.024
348.366
344.639
340.831
336.936
332.959
328.914
324.812
320.655
316.444
312.174
307.835
303.413
298.911
294.339
289.711
285.036
280.317
275.551
270.725
265.831
260.861
687.354
687.143
686.677
685.952
684.932
683.594
681.908
679.838
677.349
674.404
670.964
667.001
662.498
657.438
651.801
645.554
638.653
631.066
622.794
613.909
604.561
594.986
585.494
576.448
568.222
561.147
555.478
551.387
549.005
548.401
549.63
552.693
557.476
563.759
571.237
579.523
588.245
597.057
605.528
613.325
620.342
626.17
630.384
633.16
635.576
638.253
641.265
644.146
646.53
648.321
649.562
650.401
650.881
650.989
650.685
649.943
648.757
647.408
646.127
644.135
641.615
638.658
635.431
632.065
628.643
625.234
621.901
618.693
615.643
612.768
610.066
607.509
605.033
602.529
599.85
596.891
593.579
589.847
585.631
580.888
575.61
569.846
563.699
557.313
550.795
544.158
537.234
529.664
521.024
511.116
500.09
488.847
478.445
469.234
460.907
452.807
444.798
437.235
430.866
426.391
424.299
424.705
427.258
431.471
437.255
444.603
452.674
460.223
466.557
471.852
476.563
480.814
484.353
486.867
488.246
488.59
488.111
487.043
485.569
483.779
481.704
479.396
476.924
474.302
471.489
468.495
465.384
462.158
458.783
455.285
451.743
448.213
444.681
441.078
437.337
433.446
429.447
425.4
421.358
417.362
413.434
409.583
405.806
402.107
398.487
394.951
391.504
388.146
384.872
381.67
378.516
375.385
372.247
369.069
365.826
362.509
359.113
355.628
352.056
348.408
344.692
340.902
337.023
333.054
329.01
324.905
320.745
316.529
312.25
307.898
303.464
298.95
294.367
289.727
285.04
280.311
275.534
270.695
265.784
260.796
690.282
690.014
689.484
688.689
687.593
686.183
684.463
682.309
679.737
676.702
673.159
669.07
664.42
659.176
653.314
646.791
639.56
631.591
622.887
613.532
603.696
593.632
583.667
574.177
565.551
558.131
552.172
547.846
545.292
544.591
545.835
549.001
553.972
560.52
568.333
577.006
586.111
595.316
604.222
612.394
619.682
625.905
630.567
633.521
635.838
638.448
641.641
644.951
647.815
650.007
651.545
652.538
653.09
653.253
652.994
652.216
650.855
649.188
647.319
645.481
643.104
640.181
636.878
633.386
629.832
626.303
622.863
619.559
616.421
613.463
610.683
608.056
605.528
603.008
600.345
597.387
594.048
590.267
585.994
581.193
575.865
570.059
563.884
557.481
550.959
544.338
537.454
529.96
521.422
511.585
500.574
489.204
478.522
468.964
460.356
452.145
444.199
436.844
430.746
426.542
424.668
425.368
428.129
432.2
437.453
444.08
451.495
458.536
464.504
469.582
474.198
478.374
481.754
484.019
485.136
485.297
484.747
483.697
482.288
480.58
478.581
476.314
473.812
471.08
468.163
465.211
462.325
459.411
456.313
452.995
449.537
446.038
442.547
439.037
435.44
431.714
427.873
423.97
420.056
416.173
412.351
408.602
404.927
401.325
397.798
394.347
390.978
387.695
384.493
381.358
378.265
375.186
372.094
368.961
365.761
362.482
359.116
355.658
352.104
348.468
344.76
340.98
337.113
333.153
329.11
325.001
320.837
316.615
312.326
307.962
303.516
298.991
294.398
289.748
285.052
280.312
275.522
270.669
265.743
260.739
694.026
693.667
693.037
692.14
690.961
689.481
687.669
685.482
682.883
679.829
676.275
672.18
667.512
662.242
656.339
649.767
642.488
634.474
625.738
616.362
606.511
596.433
586.447
576.922
568.238
560.736
554.682
550.26
547.583
546.761
547.909
550.978
555.848
562.294
569.99
578.541
587.505
596.518
605.27
613.375
620.542
626.618
631.288
634.303
636.522
639.054
642.342
645.908
649.062
651.483
653.158
654.214
654.759
654.842
654.532
653.79
652.478
650.697
648.676
646.424
643.98
641.164
637.98
634.534
630.96
627.377
623.875
620.512
617.315
614.293
611.439
608.723
606.094
603.482
600.777
597.814
594.467
590.665
586.371
581.56
576.234
570.439
564.272
557.868
551.343
544.735
537.918
530.582
522.301
512.767
502.011
490.68
479.753
469.823
460.932
452.687
444.939
437.951
432.232
428.146
426.262
427.006
429.829
433.742
438.523
444.466
451.118
457.434
462.846
467.584
471.988
475.936
479.006
480.932
481.782
481.805
481.24
480.242
478.896
477.231
475.244
472.942
470.323
467.347
464.112
460.983
458.283
455.867
453.298
450.344
447.065
443.637
440.196
436.775
433.321
429.771
426.113
422.382
418.626
414.884
411.186
407.55
403.981
400.479
397.046
393.683
390.396
387.191
384.063
381
377.972
374.951
371.911
368.829
365.679
362.445
359.119
355.693
352.166
348.545
344.845
341.07
337.211
333.258
329.216
325.103
320.933
316.702
312.403
308.028
303.57
299.035
294.433
289.776
285.07
280.319
275.516
270.649
265.709
260.689
698.368
697.904
697.095
696.069
694.798
693.257
691.415
689.234
686.671
683.678
680.208
676.22
671.68
666.558
660.831
654.472
647.455
639.762
631.413
622.478
613.105
603.513
593.988
584.861
576.478
569.159
563.166
558.696
555.858
554.953
555.898
558.671
563.141
569.081
576.173
584.048
592.316
600.623
608.646
616.065
622.651
628.219
632.474
635.278
637.426
639.978
643.365
647.029
650.214
652.616
654.259
655.271
655.771
655.833
655.457
654.683
653.562
652.018
650.076
647.866
645.289
642.414
639.21
635.738
632.114
628.468
624.906
621.491
618.247
615.172
612.239
609.42
606.667
603.914
601.091
598.082
594.74
590.961
586.695
581.926
576.662
570.938
564.832
558.464
551.954
545.364
538.62
531.481
523.568
514.542
504.314
493.301
482.332
472.12
462.936
454.617
447.002
440.294
434.889
430.925
428.908
429.51
432.222
435.903
440.276
445.627
451.496
456.989
461.77
466.113
470.209
473.798
476.474
478.078
478.739
478.689
478.116
477.125
475.773
474.097
472.093
469.733
466.982
463.745
460.072
456.489
453.676
451.648
449.715
447.308
444.343
441.046
437.663
434.322
431.007
427.638
424.178
420.644
417.074
413.504
409.954
406.444
402.986
399.585
396.245
392.969
389.765
386.638
383.588
380.6
377.644
374.688
371.707
368.68
365.584
362.399
359.118
355.731
352.235
348.636
344.946
341.174
337.318
333.369
329.327
325.21
321.032
316.792
312.481
308.094
303.627
299.083
294.472
289.808
285.094
280.332
275.515
270.634
265.68
260.646
701.971
701.579
700.807
699.779
698.496
696.953
695.141
693.028
690.567
687.701
684.382
680.57
676.235
671.356
665.917
659.907
653.313
646.132
638.386
630.138
621.508
612.678
603.892
595.431
587.6
580.696
574.98
570.67
567.916
566.727
567.301
569.586
573.41
578.532
584.673
591.51
598.709
605.976
613.03
619.563
625.333
630.138
633.763
636.256
638.409
641.109
644.617
648.252
651.282
653.476
654.955
655.865
656.28
656.271
655.904
655.164
654.038
652.607
650.905
648.831
646.381
643.538
640.325
636.807
633.119
629.411
625.796
622.332
619.04
615.908
612.902
609.986
607.117
604.236
601.281
598.186
594.84
591.113
586.923
582.243
577.084
571.477
565.482
559.198
552.736
546.174
539.494
532.534
524.995
516.55
507.019
496.602
485.92
475.692
466.35
457.927
450.324
443.818
438.757
434.963
432.882
433.277
435.665
438.94
442.849
447.554
452.552
457.181
461.344
465.279
468.984
472.125
474.386
475.702
476.203
476.062
475.428
474.383
472.973
471.257
469.235
466.849
464.03
460.656
456.69
452.639
449.439
447.465
446
444.132
441.522
438.392
435.073
431.795
428.595
425.398
422.137
418.811
415.445
412.068
408.689
405.32
401.978
398.677
395.424
392.231
389.105
386.055
383.08
380.168
377.289
374.408
371.496
368.529
365.487
362.352
359.116
355.771
352.311
348.737
345.059
341.29
337.434
333.486
329.444
325.322
321.135
316.884
312.562
308.163
303.686
299.134
294.516
289.844
285.123
280.35
275.521
270.626
265.657
260.61
704.581
704.398
703.927
703.017
701.791
700.324
698.623
696.646
694.335
691.631
688.489
684.873
680.759
676.134
670.995
665.344
659.186
652.533
645.415
637.888
630.053
622.057
614.1
606.418
599.268
592.913
587.586
583.481
580.733
579.386
579.582
581.286
584.342
588.532
593.621
599.348
605.442
611.633
617.632
623.164
628.019
631.999
634.974
637.218
639.499
642.453
646.036
649.494
652.231
654.148
655.422
656.193
656.517
656.434
655.983
655.228
654.18
652.787
651.077
649.119
646.857
644.133
640.968
637.474
633.798
630.09
626.465
622.981
619.653
616.468
613.397
610.398
607.434
604.456
601.402
598.217
594.837
591.157
587.067
582.51
577.486
572.025
566.179
560.023
553.649
547.139
540.518
533.701
526.479
518.579
509.794
500.163
490.087
480.164
470.913
462.518
454.997
448.708
443.845
440.222
438.141
438.23
440.058
442.746
446.078
450.015
454.077
457.884
461.486
464.983
468.205
470.827
472.647
473.657
473.948
473.642
472.879
471.751
470.306
468.591
466.588
464.213
461.377
457.942
453.842
449.512
445.941
443.785
442.499
441.005
438.733
435.747
432.464
429.216
426.103
423.058
419.998
416.89
413.745
410.577
407.387
404.175
400.958
397.755
394.586
391.47
388.419
385.442
382.54
379.703
376.907
374.11
371.277
368.38
365.397
362.312
359.12
355.817
352.394
348.846
345.182
341.417
337.56
333.61
329.566
325.439
321.243
316.98
312.646
308.236
303.75
299.19
294.564
289.885
285.156
280.374
275.532
270.624
265.642
260.583
707.263
707.25
706.83
705.907
704.716
703.372
701.849
700.051
697.902
695.354
692.37
688.925
685.003
680.599
675.718
670.374
664.588
658.387
651.81
644.915
637.791
630.559
623.382
616.453
609.985
604.196
599.288
595.424
592.727
591.256
591.107
592.26
594.586
597.908
602.029
606.734
611.779
616.917
621.893
626.468
630.426
633.609
636.062
638.239
640.774
643.981
647.499
650.628
652.989
654.616
655.696
656.341
656.563
656.386
655.884
655.084
653.988
652.628
650.991
649.05
646.778
644.174
641.161
637.778
634.175
630.515
626.92
623.445
620.104
616.883
613.76
610.699
607.665
604.617
601.498
598.249
594.825
591.164
587.164
582.743
577.87
572.57
566.889
560.889
554.643
548.222
541.672
534.969
527.988
520.536
512.426
503.612
494.312
484.969
476.087
467.917
460.598
454.489
449.752
446.231
444.095
443.757
444.909
446.953
449.641
452.746
455.912
459.011
462.099
465.097
467.741
469.784
471.124
471.775
471.794
471.277
470.363
469.166
467.742
466.105
464.188
461.881
459.07
455.596
451.416
446.957
443.165
440.792
439.507
438.211
436.115
433.19
429.879
426.61
423.543
420.629
417.767
414.891
411.982
409.039
406.052
403.011
399.925
396.822
393.732
390.687
387.705
384.799
381.969
379.21
376.498
373.792
371.048
368.231
365.314
362.283
359.135
355.87
352.483
348.963
345.315
341.555
337.696
333.743
329.695
325.562
321.356
317.081
312.735
308.314
303.819
299.251
294.618
289.932
285.195
280.404
275.55
270.628
265.635
260.564
710.004
709.872
709.342
708.357
707.273
706.152
704.861
703.252
701.245
698.807
695.928
692.601
688.822
684.592
679.921
674.83
669.349
663.516
657.38
651.001
644.46
637.863
631.345
625.064
619.195
613.916
609.395
605.772
603.156
601.602
601.176
601.865
603.574
606.158
609.45
613.258
617.367
621.556
625.6
629.278
632.411
634.952
637.138
639.456
642.295
645.603
648.852
651.543
653.52
654.889
655.804
656.325
656.456
656.205
655.617
654.768
653.678
652.31
650.653
648.727
646.504
643.948
641.045
637.818
634.356
630.791
627.243
623.785
620.44
617.197
614.035
610.929
607.845
604.747
601.588
598.304
594.85
591.188
587.253
582.957
578.243
573.109
567.596
561.764
555.672
549.376
542.926
536.331
529.535
522.42
514.853
506.762
498.245
489.614
481.28
473.51
466.517
460.616
455.946
452.434
450.162
449.37
449.889
451.321
453.333
455.615
458
460.502
463.075
465.493
467.487
468.918
469.752
469.999
469.709
468.977
467.933
466.698
465.339
463.83
462.049
459.871
457.165
453.719
449.493
444.967
441.058
438.508
437.109
435.821
433.743
430.765
427.349
423.994
420.922
418.113
415.449
412.82
410.168
407.468
404.697
401.833
398.883
395.878
392.863
389.881
386.962
384.124
381.368
378.69
376.066
373.456
370.808
368.079
365.237
362.265
359.163
355.935
352.58
349.087
345.457
341.702
337.842
333.883
329.83
325.69
321.474
317.188
312.829
308.397
303.893
299.318
294.679
289.986
285.241
280.439
275.574
270.64
265.634
260.553
712.224
711.759
711.078
710.205
709.464
708.763
707.776
706.34
704.418
702.02
699.171
695.892
692.191
688.077
683.563
678.673
673.441
667.911
662.135
656.173
650.1
644.011
638.022
632.267
626.888
622.034
617.842
614.433
611.9
610.3
609.671
610.001
611.216
613.194
615.787
618.819
622.101
625.446
628.659
631.554
634.027
636.186
638.376
640.955
643.995
647.161
649.987
652.22
653.861
655.02
655.79
656.201
656.234
655.903
655.265
654.371
653.239
651.864
650.222
648.301
646.095
643.596
640.793
637.705
634.392
630.951
627.48
624.054
620.71
617.449
614.255
611.111
607.989
604.856
601.67
598.373
594.911
591.251
587.357
583.163
578.6
573.637
568.295
562.63
556.701
550.557
544.239
537.77
531.134
524.274
517.116
509.603
501.775
493.845
486.115
478.85
472.249
466.558
461.946
458.411
455.982
454.811
454.82
455.688
457.016
458.547
460.292
462.27
464.293
466.063
467.38
468.197
468.513
468.333
467.715
466.769
465.608
464.346
463.061
461.703
460.102
458.13
455.633
452.321
448.119
443.566
439.584
436.882
435.296
433.862
431.643
428.498
424.882
421.366
418.235
415.503
413.037
410.677
408.313
405.879
403.333
400.652
397.838
394.927
391.978
389.051
386.189
383.415
380.735
378.142
375.612
373.103
370.558
367.924
365.164
362.258
359.205
356.014
352.689
349.22
345.606
341.858
337.996
334.032
329.972
325.824
321.598
317.3
312.929
308.487
303.975
299.393
294.748
290.047
285.294
280.481
275.603
270.658
265.642
260.55
714.332
713.289
711.922
711.517
711.41
711.257
710.604
709.307
707.39
704.949
702.061
698.766
695.087
691.035
686.63
681.899
676.878
671.61
666.143
660.532
654.847
649.172
643.61
638.276
633.294
628.786
624.869
621.647
619.194
617.562
616.778
616.821
617.625
619.086
621.069
623.421
625.987
628.612
631.127
633.398
635.445
637.51
639.893
642.695
645.698
648.516
650.878
652.717
654.092
655.077
655.717
656.014
655.959
655.561
654.862
653.919
652.764
651.38
649.738
647.827
645.641
643.187
640.469
637.5
634.325
631.011
627.634
624.261
620.934
617.664
614.445
611.266
608.11
604.947
601.74
598.44
594.988
591.342
587.481
583.365
578.936
574.142
568.977
563.482
557.717
551.733
545.57
539.252
532.781
526.134
519.288
512.217
504.944
497.609
490.438
483.665
477.448
471.988
467.488
463.963
461.429
459.985
459.585
459.922
460.601
461.512
462.746
464.229
465.656
466.746
467.396
467.609
467.401
466.781
465.815
464.635
463.343
462.036
460.815
459.628
458.271
456.599
454.406
451.312
447.21
442.674
438.651
435.811
433.999
432.305
429.797
426.377
422.466
418.713
415.468
412.784
410.515
408.454
406.418
404.28
401.975
399.479
396.798
393.973
391.08
388.197
385.383
382.67
380.067
377.563
375.133
372.731
370.295
367.765
365.095
362.262
359.262
356.108
352.81
349.363
345.764
342.022
338.159
334.189
330.12
325.963
321.727
317.417
313.035
308.583
304.063
299.474
294.823
290.115
285.352
280.529
275.64
270.683
265.656
260.555
717.266
715.645
714.002
713.472
713.714
713.909
713.46
712.19
710.176
707.608
704.614
701.253
697.546
693.507
689.158
684.534
679.677
674.627
669.425
664.117
658.762
653.438
648.237
643.258
638.607
634.389
630.706
627.644
625.241
623.575
622.653
622.441
622.886
623.898
625.359
627.143
629.121
631.158
633.123
634.983
636.888
639.081
641.669
644.488
647.22
649.611
651.565
653.099
654.265
655.099
655.615
655.81
655.672
655.206
654.458
653.477
652.288
650.886
649.245
647.343
645.18
642.766
640.114
637.242
634.184
630.987
627.709
624.403
621.108
617.846
614.615
611.41
608.22
605.027
601.801
598.497
595.062
591.444
587.618
583.565
579.245
574.609
569.626
564.31
558.712
552.889
546.888
540.737
534.444
528.005
521.421
514.695
507.854
500.996
494.302
487.958
482.088
476.907
472.577
469.11
466.516
464.872
464.122
463.954
464.076
464.511
465.319
466.296
467.093
467.511
467.519
467.142
466.406
465.331
463.992
462.54
461.084
459.709
458.544
457.556
456.516
455.233
453.419
450.597
446.643
442.167
438.131
435.172
433.113
431.085
428.246
424.368
420.07
416.005
412.591
409.925
407.858
406.131
404.473
402.675
400.634
398.327
395.771
393.021
390.169
387.317
384.541
381.885
379.36
376.952
374.63
372.342
370.022
367.602
365.03
362.276
359.334
356.219
352.946
349.517
345.931
342.195
338.33
334.353
330.276
326.109
321.862
317.54
313.147
308.685
304.156
299.561
294.904
290.189
285.416
280.582
275.681
270.714
265.678
260.569
720.815
718.927
716.744
715.997
716.323
716.622
716.217
714.842
712.649
709.909
706.785
703.34
699.586
695.536
691.217
686.675
681.952
677.084
672.105
667.048
661.966
656.93
652.025
647.337
642.956
638.969
635.454
632.485
630.157
628.469
627.429
627.009
627.158
627.795
628.824
630.144
631.649
633.234
634.842
636.548
638.533
640.9
643.524
646.125
648.475
650.472
652.106
653.405
654.397
655.094
655.496
655.596
655.381
654.859
654.065
653.048
651.833
650.414
648.769
646.876
644.732
642.353
639.756
636.961
633.995
630.898
627.713
624.48
621.231
617.989
614.761
611.544
608.33
605.109
601.858
598.545
595.124
591.54
587.757
583.76
579.529
575.029
570.222
565.095
559.676
554.019
548.178
542.194
536.086
529.858
523.519
517.091
510.606
504.143
497.86
491.89
486.358
481.462
477.3
473.881
471.248
469.453
468.392
467.771
467.459
467.535
467.953
468.398
468.564
468.341
467.738
466.782
465.511
463.96
462.213
460.444
458.785
457.32
456.212
455.458
454.797
453.973
452.607
450.109
446.332
441.939
437.911
434.843
432.515
430.082
426.755
422.41
417.65
413.202
409.563
406.886
405.028
403.679
402.46
401.057
399.315
397.206
394.767
392.076
389.249
386.412
383.663
381.056
378.609
376.305
374.1
371.936
369.739
367.437
364.97
362.301
359.422
356.347
353.099
349.685
346.108
342.376
338.509
334.525
330.438
326.261
322.002
317.668
313.264
308.792
304.254
299.652
294.989
290.266
285.484
280.639
275.729
270.752
265.707
260.589
724.201
721.967
719.802
719.038
719.179
719.384
718.839
717.204
714.774
711.843
708.586
705.054
701.239
697.148
692.832
688.348
683.741
679.037
674.256
669.423
664.583
659.801
655.15
650.709
646.556
642.769
639.413
636.547
634.236
632.509
631.353
630.74
630.625
630.94
631.611
632.563
633.72
635.028
636.508
638.269
640.396
642.801
645.24
647.498
649.479
651.162
652.55
653.656
654.495
655.067
655.365
655.377
655.093
654.517
653.684
652.638
651.402
649.971
648.319
646.432
644.306
641.956
639.405
636.674
633.785
630.769
627.661
624.497
621.302
618.093
614.879
611.663
608.438
605.197
601.923
598.594
595.175
591.621
587.888
583.949
579.793
575.404
570.752
565.814
560.59
555.114
549.44
543.619
537.686
531.658
525.552
519.399
513.229
507.12
501.199
495.561
490.336
485.677
481.638
478.269
475.641
473.743
472.394
471.397
470.772
470.564
470.589
470.491
470.053
469.23
468.041
466.515
464.698
462.645
460.446
458.303
456.391
454.809
453.754
453.266
453.048
452.757
451.905
449.783
446.21
441.914
437.905
434.724
432.101
429.216
425.352
420.461
415.159
410.25
406.322
403.601
401.969
401.056
400.352
399.416
398.02
396.124
393.794
391.143
388.321
385.482
382.745
380.181
377.812
375.617
373.541
371.512
369.449
367.273
364.917
362.339
359.526
356.494
353.269
349.868
346.298
342.568
338.697
334.705
330.608
326.419
322.148
317.802
313.386
308.904
304.357
299.747
295.076
290.346
285.555
280.701
275.781
270.795
265.742
260.617
726.937
724.231
722.297
721.015
720.784
721.076
720.54
718.865
716.277
713.266
709.999
706.452
702.592
698.45
694.122
689.682
685.163
680.584
675.956
671.299
666.656
662.086
657.653
653.422
649.458
645.836
642.617
639.835
637.538
635.755
634.484
633.708
633.389
633.465
633.877
634.582
635.55
636.776
638.302
640.174
642.329
644.569
646.697
648.615
650.298
651.737
652.925
653.866
654.569
655.028
655.229
655.16
654.811
654.187
653.319
652.248
650.995
649.554
647.899
646.016
643.905
641.58
639.067
636.389
633.565
630.618
627.576
624.471
621.326
618.156
614.969
611.765
608.541
605.291
602.001
598.656
595.231
591.692
588
584.122
580.04
575.745
571.221
566.451
561.423
556.148
550.661
545.013
539.251
533.405
527.51
521.599
515.706
509.906
504.285
498.94
493.991
489.52
485.612
482.355
479.772
477.758
476.135
474.868
474.029
473.566
473.18
472.551
471.552
470.168
468.415
466.324
463.945
461.353
458.651
456.066
453.838
452.107
451.102
450.909
451.199
451.521
451.253
449.552
446.208
442.025
438.04
434.737
431.793
428.423
423.985
418.474
412.538
407.076
402.786
399.991
398.614
398.216
398.122
397.742
396.751
395.089
392.86
390.229
387.388
384.524
381.784
379.254
376.962
374.883
372.949
371.07
369.152
367.11
364.872
362.39
359.647
356.659
353.457
350.067
346.501
342.77
338.894
334.893
330.785
326.584
322.3
317.941
313.513
309.019
304.463
299.844
295.165
290.428
285.629
280.766
275.837
270.844
265.784
260.652
730.441
726.294
723.129
722.125
722.611
723.274
722.539
720.254
717.294
714.164
710.914
707.415
703.561
699.405
695.097
690.729
686.318
681.87
677.388
672.889
668.412
664.014
659.752
655.68
651.851
648.321
645.172
642.514
640.274
638.475
637.134
636.227
635.734
635.619
635.857
636.446
637.386
638.668
640.281
642.164
644.166
646.12
647.928
649.562
651.009
652.245
653.256
654.049
654.629
654.982
655.091
654.943
654.531
653.861
652.959
651.865
650.598
649.148
647.491
645.612
643.513
641.213
638.733
636.1
633.333
630.447
627.466
624.415
621.316
618.186
615.03
611.848
608.637
605.39
602.095
598.738
595.305
591.773
588.11
584.284
580.276
576.073
571.666
567.047
562.204
557.139
551.867
546.425
540.858
535.209
529.523
523.837
518.2
512.671
507.323
502.268
497.574
493.309
489.593
486.482
483.901
481.71
479.856
478.423
477.437
476.701
475.865
474.704
473.157
471.214
468.88
466.185
463.181
459.962
456.653
453.511
450.859
448.921
447.974
448.14
449.049
450.115
450.545
449.341
446.272
442.23
438.279
434.833
431.525
427.612
422.504
416.22
409.469
403.287
398.528
395.645
394.602
394.869
395.558
395.89
395.411
394.028
391.9
389.264
386.37
383.454
380.691
378.185
375.975
374.031
372.267
370.568
368.824
366.938
364.836
362.463
359.799
356.86
353.684
350.304
346.739
343.004
339.12
335.108
330.987
326.771
322.472
318.098
313.656
309.15
304.582
299.953
295.265
290.519
285.712
280.84
275.904
270.903
265.836
260.698
732.106
728.387
725.668
724.221
723.775
723.508
722.536
720.646
718.075
715.198
712.002
708.398
704.403
700.18
695.876
691.555
687.236
682.917
678.588
674.26
669.971
665.769
661.699
657.809
654.152
650.778
647.743
645.062
642.817
640.994
639.564
638.506
637.83
637.593
637.821
638.476
639.507
640.859
642.45
644.165
645.881
647.517
649.043
650.44
651.678
652.724
653.569
654.221
654.681
654.929
654.944
654.715
654.239
653.522
652.586
651.469
650.188
648.73
647.072
645.198
643.112
640.833
638.387
635.797
633.081
630.253
627.33
624.332
621.279
618.188
615.065
611.912
608.724
605.493
602.206
598.851
595.415
591.883
588.237
584.455
580.513
576.399
572.106
567.628
562.96
558.102
553.059
547.856
542.527
537.114
531.661
526.217
520.836
515.57
510.511
505.735
501.281
497.256
493.748
490.713
488.032
485.658
483.688
482.206
481.09
480.019
478.701
477.012
474.926
472.413
469.464
466.101
462.375
458.397
454.32
450.434
447.178
444.933
444.059
444.692
446.39
448.398
449.692
449.09
446.364
442.51
438.609
435.002
431.289
426.749
420.794
413.48
405.644
398.522
393.181
390.243
389.679
390.839
392.567
393.831
394.007
392.961
390.928
388.246
385.251
382.238
379.422
376.929
374.807
373.021
371.464
369.989
368.457
366.761
364.816
362.568
359.993
357.11
353.962
350.589
347.022
343.279
339.383
335.357
331.219
326.985
322.668
318.277
313.819
309.298
304.716
300.075
295.377
290.622
285.806
280.926
275.983
270.976
265.902
260.759
733.478
730.183
727.484
725.587
724.474
723.643
722.458
720.596
718.101
715.199
711.996
708.51
704.744
700.739
696.571
692.322
688.063
683.825
679.606
675.414
671.286
667.26
663.373
659.663
656.179
652.952
649.943
647.273
644.991
643.099
641.621
640.58
639.997
639.893
640.253
641.009
642.056
643.301
644.662
646.068
647.465
648.821
650.111
651.296
652.331
653.19
653.873
654.388
654.728
654.867
654.784
654.472
653.93
653.165
652.195
651.053
649.756
648.291
646.632
644.765
642.694
640.44
638.027
635.477
632.809
630.034
627.167
624.222
621.217
618.165
615.078
611.956
608.797
605.592
602.327
598.988
595.563
592.039
588.405
584.649
580.76
576.724
572.535
568.188
563.681
559.016
554.197
549.239
544.169
539.02
533.831
528.656
523.538
518.548
513.765
509.237
505.05
501.258
497.849
494.757
491.945
489.52
487.605
486.135
484.825
483.365
481.578
479.405
476.813
473.742
470.161
466.084
461.556
456.69
451.66
446.803
442.724
440.048
439.267
440.493
443.166
446.325
448.648
448.748
446.436
442.83
439.01
435.243
431.095
425.823
418.823
410.233
401.096
392.898
386.944
384.032
384.138
386.393
389.366
391.736
392.671
391.992
390.029
387.249
384.095
380.937
378.034
375.538
373.507
371.899
370.579
369.362
368.077
366.595
364.825
362.709
360.225
357.398
354.275
350.907
347.333
343.577
339.666
335.622
331.464
327.21
322.873
318.464
313.988
309.451
304.854
300.201
295.492
290.727
285.902
281.015
276.066
271.054
265.976
260.828
734.633
731.607
728.978
726.871
725.294
723.959
722.448
720.473
717.992
715.13
712.003
708.651
705.056
701.22
697.202
693.087
688.947
684.816
680.706
676.635
672.636
668.737
664.957
661.33
657.901
654.752
651.966
649.452
647.261
645.47
644.129
643.268
642.868
642.874
643.225
643.852
644.679
645.64
646.692
647.805
648.95
650.085
651.163
652.136
652.966
653.642
654.17
654.552
654.772
654.8
654.616
654.219
653.61
652.795
651.79
650.622
649.305
647.83
646.17
644.311
642.258
640.029
637.65
635.141
632.519
629.795
626.98
624.088
621.13
618.121
615.07
611.982
608.855
605.681
602.449
599.142
595.744
592.242
588.63
584.9
581.049
577.072
572.968
568.734
564.371
559.88
555.267
550.544
545.731
540.856
535.955
531.068
526.247
521.544
517.005
512.713
508.745
505.072
501.645
498.483
495.716
493.463
491.691
490.161
488.565
486.706
484.499
481.895
478.834
475.218
470.988
466.152
460.731
454.809
448.565
442.423
437.236
433.985
433.343
435.34
439.231
443.792
447.337
448.256
446.457
443.179
439.48
435.555
430.913
424.764
416.507
406.437
395.882
386.613
380.144
377.404
378.336
381.821
386.166
389.743
391.49
391.175
389.236
386.287
382.9
379.534
376.503
373.986
372.05
370.644
369.599
368.683
367.684
366.446
364.869
362.892
360.502
357.727
354.626
351.26
347.674
343.901
339.969
335.903
331.723
327.446
323.087
318.657
314.162
309.608
304.996
300.33
295.61
290.835
286.001
281.108
276.155
271.139
266.058
260.907
735.666
732.82
730.239
727.996
726.1
724.385
722.578
720.471
717.993
715.196
712.158
708.916
705.46
701.796
697.971
694.051
690.087
686.115
682.165
678.263
674.424
670.671
667.037
663.57
660.333
657.373
654.677
652.286
650.249
648.612
647.394
646.585
646.145
646.02
646.162
646.527
647.075
647.775
648.593
649.492
650.425
651.341
652.194
652.946
653.576
654.081
654.463
654.716
654.813
654.727
654.443
653.96
653.283
652.418
651.377
650.18
648.842
647.352
645.688
643.837
641.802
639.602
637.258
634.79
632.213
629.538
626.773
623.931
621.022
618.058
615.047
611.994
608.9
605.76
602.564
599.297
595.943
592.486
588.914
585.223
581.413
577.487
573.449
569.303
565.054
560.708
556.272
551.757
547.177
542.557
537.925
533.318
528.782
524.329
520.018
515.94
512.088
508.441
505.076
502.108
499.632
497.623
495.893
494.167
492.241
490.032
487.474
484.499
481.009
476.86
471.97
466.332
459.907
452.697
444.88
437.044
430.419
426.458
426.056
429.075
434.493
440.74
445.705
447.571
446.398
443.538
440.007
435.914
430.698
423.542
413.909
402.329
390.443
380.28
373.484
371.05
372.865
377.596
383.31
388.068
390.586
390.575
388.577
385.366
381.656
378.007
374.796
372.234
370.401
369.23
368.508
367.945
367.279
366.322
364.957
363.125
360.826
358.1
355.017
351.647
348.044
344.248
340.292
336.2
331.994
327.691
323.307
318.855
314.341
309.768
305.141
300.461
295.729
290.944
286.103
281.205
276.248
271.23
266.147
260.995
736.581
733.854
731.312
728.993
726.888
724.897
722.859
720.633
718.149
715.406
712.444
709.294
705.966
702.471
698.842
695.123
691.356
687.582
683.833
680.129
676.487
672.937
669.514
666.254
663.188
660.324
657.74
655.481
653.563
651.991
650.761
649.859
649.26
648.939
648.871
649.029
649.379
649.884
650.499
651.177
651.874
652.552
653.176
653.72
654.168
654.515
654.757
654.879
654.852
654.651
654.267
653.7
652.956
652.039
650.96
649.735
648.373
646.865
645.194
643.347
641.331
639.159
636.851
634.425
631.892
629.264
626.549
623.757
620.896
617.977
615.009
611.995
608.936
605.831
602.673
599.449
596.145
592.746
589.239
585.613
581.865
578
574.028
569.958
565.8
561.565
557.263
552.909
548.518
544.109
539.706
535.337
531.023
526.781
522.708
518.794
515.083
511.661
508.614
506.001
503.807
501.891
500.034
498.043
495.832
493.356
490.523
487.237
483.359
478.692
473.139
466.656
459.077
450.264
440.419
430.427
422.059
417.33
417.337
421.688
428.981
437.196
443.747
446.67
446.233
443.876
440.552
436.272
430.433
422.247
411.304
398.391
385.442
374.671
367.781
365.751
368.414
374.274
381.191
386.95
390.084
390.245
388.068
384.481
380.341
376.319
372.866
370.234
368.516
367.625
367.286
367.139
366.861
366.222
365.09
363.41
361.2
358.518
355.447
352.068
348.443
344.619
340.633
336.511
332.275
327.944
323.534
319.058
314.522
309.931
305.288
300.594
295.851
291.056
286.208
281.306
276.346
271.326
266.243
261.092
737.442
734.806
732.293
729.915
727.663
725.479
723.271
720.944
718.434
715.721
712.818
709.752
706.543
703.203
699.751
696.223
692.655
689.081
685.527
682.013
678.564
675.209
671.979
668.893
665.973
663.258
660.812
658.658
656.793
655.209
653.913
652.91
652.191
651.737
651.521
651.511
651.67
651.961
652.343
652.782
653.244
653.699
654.117
654.473
654.753
654.948
655.05
655.039
654.888
654.574
654.091
653.441
652.63
651.662
650.545
649.291
647.906
646.379
644.697
642.852
640.851
638.706
636.434
634.049
631.559
628.978
626.312
623.568
620.755
617.883
614.958
611.985
608.967
605.9
602.779
599.597
596.343
593.005
589.571
586.03
582.376
578.606
574.726
570.748
566.684
562.549
558.36
554.131
549.881
545.629
541.4
537.218
533.116
529.146
525.303
521.639
518.238
515.168
512.468
510.129
508.045
506.043
503.977
501.759
499.357
496.703
493.664
490.13
485.909
480.747
474.544
467.171
458.235
447.425
435.063
422.507
412.22
406.793
407.441
413.424
422.915
433.294
441.523
445.555
445.927
444.139
441.041
436.569
430.143
421.058
409.062
395.17
381.533
370.493
363.744
362.19
365.574
372.336
380.151
386.585
390.065
390.201
387.694
383.601
378.912
374.417
370.652
367.924
366.341
365.789
365.91
366.254
366.426
366.15
365.272
363.748
361.624
358.98
355.915
352.521
348.868
345.011
340.99
336.834
332.564
328.202
323.764
319.263
314.705
310.095
305.436
300.729
295.974
291.17
286.316
281.41
276.448
271.428
266.346
261.197
738.259
735.684
733.185
730.767
728.422
726.118
723.794
721.387
718.848
716.154
713.307
710.325
707.225
704.019
700.724
697.37
693.985
690.595
687.221
683.888
680.619
677.438
674.37
671.44
668.678
666.114
663.777
661.683
659.839
658.25
656.925
655.865
655.057
654.478
654.104
653.908
653.859
653.929
654.089
654.309
654.56
654.811
655.036
655.213
655.329
655.376
655.339
655.197
654.922
654.497
653.917
653.185
652.308
651.289
650.136
648.854
647.446
645.901
644.207
642.361
640.371
638.25
636.01
633.66
631.215
628.68
626.062
623.367
620.603
617.777
614.896
611.967
608.99
605.966
602.888
599.75
596.544
593.263
589.899
586.444
582.893
579.243
575.493
571.648
567.717
563.713
559.656
555.565
551.459
547.364
543.305
539.333
535.486
531.749
528.165
524.811
521.741
518.979
516.51
514.254
512.09
509.917
507.681
505.341
502.85
500.091
496.914
493.2
488.681
483.067
476.259
467.946
457.407
444.206
428.933
413.591
401.422
395.506
397.042
404.872
416.732
429.348
439.169
444.25
445.44
444.243
441.359
436.727
429.856
420.152
407.516
393.134
379.259
368.298
361.869
360.795
364.734
372.087
380.373
387.05
390.53
390.388
387.382
382.664
377.305
372.227
368.078
365.231
363.818
363.68
364.355
365.282
365.979
366.113
365.509
364.145
362.103
359.49
356.423
353.004
349.316
345.42
341.359
337.165
332.86
328.465
323.997
319.469
314.889
310.261
305.586
300.865
296.099
291.286
286.427
281.518
276.556
271.536
266.456
261.311
739.048
736.515
734.025
731.581
729.177
726.789
724.38
721.909
719.346
716.671
713.881
710.982
707.984
704.901
701.751
698.555
695.336
692.113
688.908
685.745
682.645
679.629
676.72
673.945
671.328
668.885
666.633
664.591
662.774
661.188
659.832
658.702
657.788
657.073
656.539
656.164
655.925
655.798
655.758
655.778
655.83
655.888
655.93
655.937
655.898
655.801
655.628
655.356
654.959
654.424
653.748
652.937
651.996
650.928
649.738
648.428
646.996
645.433
643.728
641.879
639.898
637.797
635.586
633.273
630.866
628.374
625.802
623.157
620.442
617.663
614.827
611.94
609.006
606.026
602.994
599.905
596.751
593.527
590.229
586.853
583.399
579.865
576.252
572.563
568.802
564.978
561.104
557.198
553.283
549.382
545.533
541.81
538.163
534.665
531.363
528.283
525.436
522.816
520.378
518.043
515.751
513.483
511.203
508.844
506.334
503.527
500.282
496.454
491.693
485.709
478.376
469.069
456.707
440.86
422.543
404.495
390.713
384.59
387.201
397.018
411.203
425.774
436.849
442.8
444.737
444.064
441.359
436.646
429.553
419.615
406.851
392.534
378.896
368.34
362.402
361.755
366.024
373.569
381.847
388.261
391.329
390.661
387.02
381.573
375.407
369.627
365.007
362.008
360.802
361.183
362.55
364.194
365.52
366.125
365.82
364.617
362.647
360.052
356.97
353.518
349.787
345.845
341.74
337.503
333.159
328.729
324.23
319.676
315.074
310.426
305.735
301.001
296.223
291.404
286.54
281.628
276.666
271.65
266.573
261.433
739.816
737.321
734.845
732.39
729.952
727.515
725.057
722.554
719.983
717.331
714.588
711.757
708.85
705.879
702.857
699.798
696.722
693.648
690.595
687.586
684.639
681.774
679.012
676.371
673.868
671.519
669.34
667.347
665.551
663.956
662.56
661.358
660.345
659.508
658.831
658.298
657.889
657.583
657.358
657.19
657.057
656.938
656.809
656.657
656.468
656.229
655.92
655.518
655.001
654.359
653.592
652.704
651.7
650.583
649.355
648.015
646.559
644.976
643.259
641.408
639.435
637.352
635.168
632.887
630.517
628.064
625.536
622.938
620.272
617.542
614.752
611.908
609.016
606.079
603.096
600.059
596.962
593.799
590.568
587.269
583.904
580.475
576.986
573.44
569.842
566.2
562.524
558.832
555.143
551.479
547.872
544.311
540.88
537.611
534.518
531.602
528.857
526.259
523.782
521.405
519.111
516.871
514.621
512.293
509.807
507.009
503.764
499.886
494.954
488.722
480.969
470.628
456.348
437.895
416.78
396.449
381.528
375.489
379.249
390.98
407.143
422.974
434.758
441.283
443.835
443.478
440.918
436.227
429.164
419.402
407.059
393.36
380.438
370.595
365.259
364.989
369.311
376.547
384.232
389.891
392.215
390.833
386.429
380.159
373.013
366.377
361.165
357.973
357.043
358.099
360.362
362.927
365.035
366.2
366.226
365.184
363.272
360.678
357.564
354.064
350.28
346.285
342.128
337.845
333.46
328.993
324.463
319.882
315.258
310.592
305.884
301.136
296.348
291.521
286.653
281.741
276.78
271.767
266.697
261.564
740.606
738.134
735.668
733.207
730.749
728.286
725.803
723.284
720.715
718.085
715.388
712.625
709.803
706.933
704.023
701.089
698.146
695.212
692.303
689.435
686.628
683.898
681.26
678.728
676.319
674.048
671.928
669.969
668.18
666.565
665.125
663.856
662.753
661.805
660.999
660.322
659.757
659.286
658.892
658.556
658.255
657.969
657.678
657.37
657.034
656.655
656.212
655.683
655.049
654.304
653.449
652.488
651.423
650.257
648.99
647.617
646.134
644.529
642.8
640.947
638.983
636.918
634.758
632.508
630.172
627.757
625.269
622.715
620.096
617.414
614.67
611.871
609.023
606.13
603.193
600.208
597.17
594.073
590.914
587.694
584.417
581.087
577.71
574.291
570.837
567.354
563.852
560.346
556.849
553.379
549.959
546.613
543.385
540.296
537.343
534.525
531.841
529.289
526.864
524.554
522.325
520.137
517.934
515.671
513.259
510.526
507.346
503.479
498.467
492.134
484.061
472.695
456.617
435.957
412.68
390.794
375.373
369.736
374.581
387.76
405.103
421.283
433.067
439.745
442.54
442.405
439.973
435.412
428.617
419.374
407.923
395.303
383.575
374.781
370.107
370.032
373.999
380.387
386.938
391.536
392.869
390.625
385.344
378.198
369.833
362.214
356.301
352.921
352.379
354.297
357.691
361.422
364.508
366.349
366.75
365.868
363.995
361.377
358.209
354.644
350.794
346.737
342.524
338.19
333.76
329.255
324.693
320.087
315.44
310.755
306.031
301.269
296.471
291.638
286.766
281.854
276.895
271.888
266.826
261.702
741.341
738.893
736.441
733.984
731.523
729.052
726.561
724.041
721.482
718.878
716.224
713.517
710.764
707.973
705.155
702.323
699.491
696.673
693.882
691.132
688.439
685.815
683.275
680.83
678.497
676.288
674.213
672.283
670.502
668.875
667.402
666.079
664.9
663.858
662.941
662.139
661.439
660.828
660.29
659.806
659.353
658.914
658.474
658.024
657.553
657.045
656.479
655.833
655.095
654.26
653.328
652.303
651.184
649.972
648.666
647.262
645.751
644.125
642.383
640.527
638.569
636.519
634.382
632.159
629.854
627.472
625.02
622.505
619.927
617.288
614.589
611.834
609.028
606.177
603.284
600.348
597.365
594.33
591.241
588.1
584.909
581.674
578.401
575.095
571.763
568.413
565.052
561.693
558.352
555.051
551.81
548.641
545.569
542.61
539.773
537.062
534.477
532.019
529.678
527.433
525.257
523.126
521.004
518.848
516.547
513.927
510.872
507.08
502.103
495.821
487.518
475.267
457.824
435.744
411.315
388.864
373.649
368.663
374.212
388.027
405.434
420.915
431.955
438.307
441.017
440.936
438.601
434.244
427.885
419.31
409.029
397.868
387.649
379.99
375.922
375.861
379.133
384.27
389.346
392.724
392.957
389.805
383.518
374.857
365.794
357.214
350.64
347.173
347.12
350.004
354.673
359.747
363.968
366.584
367.399
366.677
364.82
362.149
358.902
355.253
351.324
347.196
342.921
338.533
334.056
329.513
324.919
320.287
315.618
310.913
306.172
301.398
296.591
291.752
286.878
281.965
277.011
272.011
266.959
261.848
742.098
739.669
737.229
734.779
732.32
729.85
727.36
724.843
722.295
719.718
717.103
714.449
711.762
709.049
706.322
703.587
700.856
698.139
695.45
692.799
690.199
687.664
685.205
682.836
680.568
678.413
676.381
674.477
672.706
671.07
669.567
668.194
666.946
665.816
664.798
663.883
663.061
662.318
661.639
661.007
660.405
659.82
659.24
658.657
658.057
657.423
656.736
655.979
655.142
654.223
653.22
652.134
650.963
649.708
648.366
646.93
645.393
643.747
641.991
640.13
638.176
636.139
634.021
631.823
629.545
627.195
624.778
622.3
619.763
617.167
614.51
611.798
609.035
606.227
603.379
600.491
597.561
594.587
591.567
588.502
585.396
582.255
579.084
575.887
572.672
569.445
566.216
562.996
559.802
556.653
553.564
550.543
547.607
544.775
542.059
539.46
536.974
534.593
532.31
530.115
528.004
525.96
523.948
521.92
519.757
517.297
514.42
510.771
505.95
499.852
491.405
478.551
460.375
437.808
413.317
391.263
376.731
372.389
378.083
391.532
407.892
421.666
431.363
436.973
439.34
439.194
436.926
432.808
426.904
419.206
410.145
400.548
391.865
385.304
381.706
381.422
383.753
387.491
391.011
393.199
392.359
388.254
381.018
371.428
361.157
351.818
344.703
341.267
341.745
345.606
351.583
358.065
363.492
366.938
368.19
367.619
365.753
362.998
359.645
355.893
351.871
347.662
343.319
338.873
334.348
329.766
325.141
320.482
315.79
311.066
306.31
301.523
296.708
291.864
286.988
282.076
277.127
272.137
267.098
262.001
743.004
740.595
738.174
735.742
733.299
730.842
728.365
725.866
723.342
720.786
718.204
715.6
712.978
710.344
707.699
705.055
702.42
699.803
697.215
694.664
692.163
689.72
687.348
685.057
682.855
680.752
678.753
676.863
675.086
673.422
671.873
670.437
669.111
667.89
666.767
665.733
664.778
663.89
663.058
662.27
661.515
660.782
660.061
659.339
658.601
657.832
657.016
656.141
655.201
654.194
653.117
651.967
650.741
649.439
648.057
646.588
645.024
643.356
641.586
639.719
637.769
635.743
633.643
631.469
629.22
626.902
624.521
622.083
619.589
617.037
614.428
611.764
609.048
606.287
603.488
600.653
597.781
594.87
591.922
588.937
585.921
582.877
579.812
576.73
573.636
570.537
567.443
564.364
561.315
558.312
555.365
552.485
549.687
546.984
544.383
541.879
539.465
537.143
534.917
532.792
530.764
528.819
526.933
525.062
523.082
520.84
518.2
514.777
510.243
504.459
496.034
483.054
465.009
443.101
419.722
398.86
385.338
381.615
386.86
398.569
412.095
423.346
431.28
435.758
437.59
437.27
435.012
431.174
425.781
418.97
411.139
403.038
395.737
390.115
386.827
386.093
387.44
389.816
391.949
392.744
390.986
386.045
377.948
367.469
356.208
346.002
338.908
335.677
336.732
341.542
348.777
356.624
363.228
367.488
369.161
368.717
366.808
363.936
360.447
356.568
352.438
348.14
343.721
339.212
334.637
330.015
325.359
320.673
315.957
311.213
306.442
301.644
296.822
291.974
287.096
282.187
277.244
272.265
267.242
262.162
744.079
741.688
739.282
736.861
734.428
731.982
729.52
727.042
724.548
722.037
719.511
716.972
714.422
711.865
709.305
706.75
704.206
701.684
699.19
696.733
694.321
691.963
689.667
687.439
685.287
683.218
681.237
679.35
677.56
675.868
674.275
672.778
671.374
670.057
668.821
667.66
666.567
665.533
664.551
663.612
662.707
661.825
660.955
660.085
659.199
658.285
657.333
656.334
655.286
654.185
653.026
651.805
650.518
649.163
647.736
646.23
644.635
642.944
641.16
639.289
637.343
635.33
633.25
631.101
628.883
626.6
624.255
621.856
619.405
616.9
614.342
611.73
609.067
606.36
603.614
600.835
598.025
595.183
592.31
589.409
586.485
583.541
580.583
577.618
574.649
571.683
568.728
565.792
562.888
560.028
557.221
554.481
551.815
549.226
546.715
544.283
541.936
539.681
537.524
535.467
533.516
531.671
529.925
528.243
526.495
524.528
522.185
519.067
514.911
509.517
501.344
488.821
471.888
451.883
430.736
411.717
399.697
395.954
399.843
408.328
417.866
425.884
431.592
434.833
435.968
435.317
433.101
429.505
424.628
418.648
411.939
405.126
398.961
394.06
390.904
389.633
389.863
391.01
392.006
391.629
389.179
383.442
374.683
363.567
351.705
341.197
334.053
331.147
332.789
338.448
346.771
355.787
363.388
368.328
370.339
369.965
367.969
364.944
361.293
357.27
353.02
348.622
344.122
339.548
334.922
330.26
325.57
320.856
316.117
311.353
306.567
301.76
296.932
292.08
287.202
282.296
277.362
272.396
267.39
262.331
745.363
742.992
740.607
738.209
735.8
733.382
730.953
728.511
726.059
723.597
721.124
718.644
716.158
713.672
711.188
708.714
706.253
703.812
701.398
699.017
696.676
694.384
692.146
689.969
687.858
685.82
683.858
681.973
680.168
678.442
676.794
675.222
673.725
672.299
670.942
669.649
668.416
667.237
666.105
665.014
663.955
662.919
661.893
660.866
659.827
658.765
657.676
656.554
655.395
654.195
652.948
651.65
650.295
648.881
647.403
645.853
644.222
642.506
640.709
638.836
636.897
634.897
632.837
630.714
628.529
626.282
623.977
621.62
619.213
616.757
614.251
611.696
609.094
606.447
603.763
601.045
598.299
595.528
592.735
589.921
587.09
584.248
581.397
578.544
575.695
572.859
570.041
567.247
564.487
561.768
559.1
556.489
553.936
551.442
549.012
546.655
544.38
542.188
540.083
538.076
536.179
534.415
532.806
531.332
529.862
528.234
526.24
523.444
519.634
514.578
506.833
495.233
480.16
462.878
444.341
428.46
417.772
413.362
414.611
418.918
424.216
428.973
432.437
434.319
434.681
433.659
431.4
428.012
423.601
418.348
412.579
406.771
401.451
397.065
393.969
392.258
391.684
391.749
391.644
390.387
387.08
380.917
371.839
360.509
348.518
338.019
331.055
328.549
330.715
337.024
346.124
355.934
364.182
369.526
371.696
371.296
369.163
365.956
362.13
357.957
353.583
349.084
344.503
339.865
335.19
330.488
325.765
321.023
316.261
311.48
306.682
301.866
297.032
292.177
287.3
282.4
277.475
272.523
267.537
262.502
746.898
744.54
742.171
739.794
737.41
735.019
732.621
730.216
727.804
725.386
722.964
720.541
718.117
715.698
713.286
710.886
708.501
706.136
703.797
701.487
699.213
696.979
694.789
692.649
690.561
688.53
686.56
684.651
682.807
681.029
679.316
677.667
676.082
674.557
673.09
671.676
670.314
668.998
667.723
666.484
665.273
664.08
662.895
661.711
660.519
659.313
658.087
656.838
655.56
654.25
652.904
651.518
650.086
648.604
647.066
645.466
643.795
642.054
640.244
638.371
636.44
634.453
632.411
630.313
628.158
625.946
623.681
621.367
619.008
616.606
614.157
611.663
609.126
606.548
603.932
601.282
598.605
595.905
593.189
590.459
587.722
584.981
582.24
579.503
576.776
574.064
571.374
568.712
566.086
563.501
560.96
558.466
556.019
553.622
551.28
549
546.779
544.618
542.528
540.524
538.636
536.923
535.446
534.211
533.088
531.865
530.221
527.642
523.977
519.072
511.767
501.225
488.061
473.205
457.861
444.603
434.77
429.318
427.759
428.498
430.347
432.314
433.753
434.312
433.877
432.456
430.097
426.855
422.822
418.158
413.127
408.079
403.384
399.364
396.27
394.173
392.906
392.083
391.082
389.093
385.24
378.872
369.822
358.723
347.059
336.929
330.357
328.28
330.89
337.566
347.066
357.206
365.658
371.055
373.159
372.62
370.299
366.901
362.906
358.59
354.099
349.505
344.847
340.151
335.429
330.69
325.937
321.169
316.387
311.59
306.78
301.956
297.118
292.262
287.387
282.491
277.577
272.64
267.674
262.664
748.757
746.414
744.06
741.698
739.33
736.957
734.58
732.2
729.819
727.437
725.058
722.682
720.312
717.95
715.598
713.259
710.936
708.632
706.349
704.091
701.861
699.663
697.502
695.38
693.302
691.271
689.289
687.358
685.48
683.653
681.877
680.15
678.47
676.837
675.249
673.706
672.205
670.745
669.321
667.929
666.563
665.216
663.881
662.549
661.215
659.873
658.517
657.146
655.754
654.339
652.895
651.418
649.903
648.346
646.743
645.09
643.381
641.616
639.795
637.922
635.998
634.024
632.001
629.927
627.802
625.629
623.407
621.142
618.833
616.481
614.09
611.659
609.189
606.678
604.131
601.555
598.95
596.326
593.689
591.046
588.403
585.764
583.135
580.52
577.919
575.336
572.773
570.238
567.735
565.271
562.848
560.469
558.132
555.831
553.566
551.339
549.139
546.963
544.824
542.744
540.789
539.086
537.75
536.828
536.162
535.401
534.005
531.374
527.507
522.514
515.558
506.037
494.505
481.416
468.705
457.4
448.321
442.09
438.538
436.709
436.014
435.761
435.471
434.812
433.59
431.732
429.212
426.045
422.291
418.08
413.61
409.13
404.896
401.134
398.02
395.604
393.776
392.25
390.543
387.989
383.819
377.492
368.839
358.389
347.477
338.088
332.147
330.52
333.387
340.224
349.658
359.581
367.755
372.854
374.675
373.883
371.34
367.756
363.606
359.162
354.563
349.883
345.157
340.406
335.642
330.868
326.086
321.295
316.494
311.684
306.864
302.034
297.191
292.334
287.461
282.572
277.668
272.745
267.802
262.818
750.888
748.543
746.191
743.833
741.473
739.111
736.75
734.388
732.029
729.674
727.325
724.982
722.649
720.325
718.012
715.713
713.428
711.16
708.911
706.683
704.48
702.303
700.156
698.04
695.959
693.914
691.907
689.938
688.009
686.118
684.266
682.453
680.677
678.94
677.241
675.579
673.953
672.363
670.805
669.277
667.774
666.291
664.822
663.361
661.902
660.442
658.976
657.501
656.012
654.505
652.973
651.41
649.813
648.181
646.512
644.804
643.055
641.262
639.426
637.549
635.63
633.668
631.664
629.614
627.519
625.379
623.195
620.97
618.706
616.403
614.063
611.685
609.268
606.816
604.332
601.819
599.286
596.738
594.184
591.632
589.089
586.563
584.056
581.568
579.1
576.653
574.227
571.829
569.463
567.132
564.836
562.58
560.351
558.13
555.92
553.718
551.501
549.255
546.978
544.685
542.498
540.666
539.44
538.964
538.951
538.688
537.314
534.223
529.726
524.417
517.772
509.318
499.268
488.098
477.197
467.218
458.741
452.064
447.087
443.632
441.124
439.192
437.493
435.752
433.764
431.463
428.72
425.546
421.974
418.09
414.033
409.972
406.08
402.512
399.384
396.732
394.474
392.393
390.132
387.175
382.908
376.89
368.961
359.53
349.761
341.452
336.32
335.153
338.157
344.827
353.751
362.919
370.304
374.798
376.168
375.032
372.262
368.511
364.227
359.67
354.978
350.22
345.433
340.634
335.83
331.024
326.216
321.403
316.586
311.764
306.935
302.099
297.253
292.395
287.525
282.641
277.748
272.84
267.919
262.962
752.733
750.371
748.009
745.648
743.289
740.931
738.575
736.223
733.876
731.534
729.199
726.873
724.556
722.249
719.954
717.672
715.404
713.152
710.916
708.699
706.503
704.329
702.18
700.058
697.964
695.898
693.862
691.857
689.883
687.941
686.03
684.152
682.306
680.491
678.708
676.956
675.234
673.543
671.88
670.246
668.637
667.051
665.483
663.928
662.382
660.841
659.3
657.755
656.202
654.635
653.047
651.431
649.782
648.1
646.387
644.643
642.866
641.055
639.208
637.325
635.407
633.451
631.457
629.423
627.349
625.235
623.08
620.886
618.656
616.39
614.086
611.744
609.367
606.956
604.516
602.05
599.565
597.069
594.575
592.091
589.628
587.192
584.786
582.405
580.044
577.704
575.388
573.1
570.85
568.635
566.445
564.285
562.14
559.997
557.864
555.71
553.481
551.133
548.613
545.902
543.189
540.923
539.627
539.657
540.378
540.512
538.992
535.196
529.983
524.325
517.957
510.42
501.723
492.082
482.495
473.428
465.315
458.43
452.812
448.353
444.783
441.824
439.218
436.739
434.255
431.533
428.581
425.356
421.869
418.174
414.365
410.561
406.88
403.433
400.3
397.498
394.959
392.522
389.913
386.735
382.528
376.937
369.825
361.504
352.96
345.785
341.506
340.75
343.768
350.048
358.216
366.386
372.783
376.5
377.401
375.913
372.965
369.088
364.707
360.068
355.305
350.488
345.653
340.814
335.977
331.145
326.315
321.486
316.656
311.824
306.989
302.148
297.299
292.441
287.574
282.695
277.811
272.916
268.019
263.089
753.997
751.622
749.249
746.88
744.514
742.15
739.791
737.438
735.093
732.755
730.427
728.108
725.801
723.505
721.22
718.949
716.691
714.448
712.22
710.009
707.817
705.643
703.491
701.361
699.254
697.173
695.116
693.085
691.079
689.099
687.144
685.216
683.315
681.441
679.594
677.776
675.987
674.228
672.5
670.8
669.13
667.486
665.865
664.263
662.672
661.088
659.503
657.912
656.311
654.697
653.067
651.417
649.744
648.044
646.314
644.552
642.758
640.933
639.078
637.193
635.277
633.328
631.343
629.324
627.267
625.174
623.042
620.873
618.667
616.426
614.147
611.831
609.477
607.088
604.667
602.219
599.754
597.282
594.818
592.377
589.975
587.616
585.295
583
580.721
578.459
576.219
574.007
571.834
569.694
567.591
565.521
563.441
561.361
559.318
557.246
555.045
552.605
549.769
546.425
542.836
539.768
538.115
538.555
539.999
540.537
538.904
534.656
529.117
523.37
517.271
510.406
502.71
493.988
485.303
476.867
469.056
462.153
456.254
451.311
447.165
443.604
440.452
437.48
434.628
431.675
428.58
425.308
421.859
418.268
414.603
410.948
407.391
404.015
400.876
397.982
395.274
392.62
389.803
386.512
382.393
377.175
370.747
363.361
355.849
349.608
345.988
345.59
348.577
354.449
361.902
369.182
374.719
377.767
378.271
376.525
373.459
369.498
365.053
360.358
355.547
350.688
345.817
340.949
336.088
331.236
326.39
321.549
316.71
311.871
307.03
302.186
297.336
292.477
287.613
282.739
277.866
272.982
268.109
263.205
755.011
752.616
750.227
747.843
745.465
743.094
740.731
738.376
736.03
733.693
731.366
729.051
726.746
724.454
722.175
719.908
717.655
715.417
713.193
710.985
708.794
706.62
704.465
702.329
700.211
698.112
696.033
693.974
691.934
689.916
687.92
685.946
683.997
682.073
680.174
678.304
676.463
674.655
672.881
671.141
669.432
667.75
666.092
664.455
662.834
661.222
659.61
657.993
656.367
654.728
653.073
651.398
649.701
647.98
646.236
644.467
642.671
640.846
638.992
637.109
635.196
633.253
631.278
629.271
627.23
625.152
623.039
620.89
618.708
616.491
614.237
611.944
609.609
607.232
604.815
602.365
599.892
597.415
594.956
592.543
590.196
587.916
585.682
583.465
581.254
579.058
576.883
574.746
572.648
570.571
568.546
566.567
564.54
562.507
560.57
558.641
556.555
554.099
550.914
546.685
541.71
537.282
534.959
535.793
537.799
538.837
537.235
533
527.686
522.223
516.501
510.166
503.209
494.869
486.913
478.96
471.425
464.584
458.561
453.35
448.855
444.939
441.412
438.172
434.986
431.84
428.632
425.317
421.884
418.356
414.78
411.22
407.743
404.411
401.265
398.307
395.484
392.687
389.735
386.379
382.347
377.428
371.54
364.903
358.236
352.761
349.67
349.521
352.443
357.939
364.769
371.308
376.153
378.682
378.877
376.962
373.814
369.795
365.307
360.575
355.729
350.84
345.942
341.051
336.172
331.304
326.446
321.596
316.75
311.906
307.062
302.215
297.364
292.506
287.645
282.776
277.911
273.039
268.188
263.309
755.715
753.308
750.905
748.511
746.127
743.753
741.387
739.031
736.686
734.351
732.027
729.714
727.414
725.127
722.852
720.59
718.343
716.109
713.89
711.687
709.499
707.328
705.173
703.034
700.911
698.803
696.71
694.632
692.569
690.523
688.495
686.487
684.497
682.527
680.578
678.653
676.757
674.894
673.07
671.289
669.55
667.849
666.177
664.526
662.891
661.267
659.648
658.024
656.391
654.746
653.083
651.399
649.692
647.959
646.202
644.422
642.619
640.792
638.94
637.062
635.156
633.218
631.249
629.25
627.22
625.157
623.061
620.933
618.773
616.58
614.349
612.075
609.753
607.38
604.954
602.484
599.982
597.471
594.992
592.596
590.311
588.123
585.98
583.835
581.679
579.532
577.406
575.327
573.301
571.298
569.337
567.394
565.374
563.387
561.603
559.912
558.122
555.884
552.462
547.195
540.571
534.501
531.321
532.174
535.036
536.231
534.463
530.606
525.976
521.163
515.898
509.955
503.281
495.729
488.017
480.348
473.003
466.223
460.135
454.761
450.04
445.866
442.098
438.617
435.27
431.991
428.699
425.346
421.919
418.428
414.91
411.412
407.986
404.682
401.53
398.525
395.622
392.723
389.679
386.285
382.327
377.635
372.149
366.07
360.043
355.15
352.459
352.48
355.339
360.529
366.865
372.83
377.162
379.316
379.271
377.292
374.064
370.008
365.493
360.735
355.865
350.953
346.035
341.127
336.233
331.355
326.488
321.631
316.78
311.932
307.086
302.237
297.386
292.529
287.67
282.805
277.948
273.086
268.257
263.4
756.255
753.842
751.436
749.037
746.648
744.268
741.898
739.538
737.19
734.854
732.531
730.221
727.925
725.643
723.373
721.118
718.875
716.646
714.43
712.229
710.043
707.872
705.716
703.574
701.446
699.33
697.227
695.135
693.056
690.99
688.936
686.894
684.866
682.849
680.846
678.864
676.913
675.001
673.136
671.32
669.555
667.838
666.162
664.515
662.886
661.266
659.647
658.024
656.391
654.743
653.075
651.386
649.675
647.941
646.183
644.402
642.595
640.765
638.91
637.031
635.128
633.198
631.24
629.253
627.235
625.186
623.107
620.998
618.856
616.68
614.465
612.207
609.899
607.53
605.093
602.591
600.033
597.458
594.941
592.558
590.346
588.262
586.214
584.141
582.037
579.929
577.846
575.812
573.827
571.897
570.031
568.075
565.962
564.022
562.432
561.011
559.674
557.869
554.352
548.275
540.613
533.908
530.375
531.317
533.623
534.004
531.539
527.912
524.256
520.334
515.579
509.932
503.478
496.292
488.784
481.294
474.073
467.337
461.212
455.736
450.869
446.526
442.591
438.952
435.486
432.113
428.759
425.378
421.951
418.484
415.003
411.545
408.153
404.867
401.708
398.67
395.707
392.736
389.626
386.21
382.312
377.791
372.598
366.92
361.35
356.874
354.461
354.608
357.414
362.37
368.336
373.884
377.854
379.75
379.544
377.513
374.237
370.158
365.625
360.851
355.963
351.035
346.103
341.182
336.278
331.391
326.518
321.656
316.802
311.952
307.103
302.254
297.402
292.547
287.69
282.83
277.979
273.127
268.316
263.477
756.601
754.182
751.767
749.36
746.966
744.583
742.213
739.856
737.51
735.179
732.861
730.557
728.266
725.989
723.726
721.475
719.237
717.013
714.803
712.608
710.429
708.265
706.117
703.98
701.853
699.732
697.615
695.504
693.404
691.318
689.245
687.18
685.117
683.053
680.991
678.941
676.921
674.953
673.054
671.228
669.469
667.764
666.097
664.457
662.84
661.236
659.631
658.017
656.39
654.745
653.078
651.386
649.669
647.927
646.162
644.376
642.569
640.742
638.894
637.022
635.123
633.195
631.24
629.259
627.253
625.22
623.159
621.071
618.952
616.799
614.607
612.368
610.071
607.699
605.242
602.694
600.043
597.353
594.773
592.426
590.32
588.353
586.399
584.387
582.321
580.236
578.178
576.188
574.248
572.386
570.626
568.662
566.344
564.354
562.996
561.917
561.122
559.72
556.06
549.492
541.553
534.99
531.851
532.399
533.631
532.765
529.551
525.94
523.09
519.918
515.588
510.101
503.748
496.724
489.334
481.949
474.803
468.094
461.946
456.403
451.441
446.988
442.942
439.197
435.644
432.205
428.808
425.405
421.977
418.524
415.067
411.636
408.267
404.992
401.827
398.763
395.756
392.729
389.57
386.14
382.292
377.902
372.923
367.528
362.273
358.081
355.857
356.084
358.849
363.636
369.34
374.599
378.32
380.04
379.729
377.658
374.353
370.262
365.718
360.932
356.032
351.093
346.15
341.22
336.31
331.417
326.54
321.674
316.817
311.965
307.115
302.266
297.415
292.561
287.706
282.849
278.002
273.159
268.362
263.539
756.884
754.452
752.03
749.622
747.226
744.841
742.467
740.106
737.759
735.428
733.112
730.812
728.527
726.257
724.001
721.757
719.524
717.302
715.093
712.899
710.722
708.562
706.419
704.29
702.171
700.055
697.937
695.817
693.696
691.584
689.487
687.4
685.312
683.211
681.095
678.977
676.885
674.848
672.892
671.035
669.277
667.601
665.97
664.362
662.767
661.179
659.588
657.985
656.368
654.735
653.08
651.396
649.681
647.936
646.163
644.367
642.553
640.724
638.879
637.015
635.125
633.206
631.259
629.283
627.282
625.255
623.205
621.135
619.039
616.911
614.747
612.539
610.264
607.894
605.42
602.81
600.026
597.18
594.506
592.204
590.269
588.457
586.595
584.632
582.575
580.487
578.439
576.466
574.591
572.85
571.169
569.146
566.608
564.431
563.21
562.535
562.125
560.826
556.966
550.395
542.843
536.754
533.928
534.205
534.325
532.391
528.677
525.048
522.589
519.888
515.849
510.405
504.052
497.069
489.733
482.402
475.297
468.603
462.44
456.855
451.831
447.304
443.183
439.369
435.759
432.27
428.843
425.425
421.995
418.551
415.109
411.696
408.341
405.073
401.903
398.819
395.777
392.707
389.51
386.071
382.264
377.978
373.158
367.96
362.916
358.909
356.806
357.083
359.814
364.484
370.01
375.073
378.628
380.23
379.849
377.752
374.43
370.33
365.779
360.986
356.079
351.132
346.182
341.247
336.331
331.434
326.554
321.686
316.827
311.974
307.124
302.274
297.423
292.571
287.717
282.863
278.019
273.183
268.395
263.586
757.018
754.597
752.181
749.774
747.378
744.991
742.617
740.254
737.906
735.574
733.26
730.964
728.686
726.425
724.178
721.943
719.719
717.505
715.303
713.115
710.944
708.792
706.656
704.532
702.412
700.292
698.168
696.042
693.917
691.799
689.687
687.578
685.458
683.311
681.129
678.934
676.769
674.675
672.684
670.815
669.064
667.402
665.799
664.228
662.674
661.123
659.558
657.969
656.357
654.724
653.07
651.389
649.678
647.932
646.159
644.363
642.55
640.723
638.881
637.018
635.13
633.214
631.271
629.301
627.31
625.3
623.268
621.213
619.141
617.026
614.887
612.71
610.461
608.11
605.632
602.932
599.964
596.949
594.183
591.894
590.094
588.473
586.747
584.842
582.794
580.686
578.615
576.641
574.843
573.316
571.764
569.477
566.667
564.433
563.074
562.457
562.313
561.001
557.105
550.949
544.007
538.466
536
535.932
535.171
532.484
528.504
524.912
522.592
520.1
516.207
510.769
504.361
497.355
490.025
482.714
475.629
468.942
462.767
457.154
452.089
447.516
443.347
439.484
435.834
432.318
428.866
425.437
422.005
418.567
415.135
411.733
408.389
405.124
401.949
398.849
395.78
392.674
389.446
385.999
382.23
378.029
373.33
368.269
363.361
359.468
357.439
357.741
360.446
365.035
370.442
375.377
378.823
380.35
379.924
377.809
374.475
370.372
365.817
361.02
356.108
351.157
346.203
341.263
336.344
331.445
326.562
321.693
316.834
311.98
307.129
302.28
297.429
292.577
287.724
282.873
278.03
273.199
268.417
263.62
757.136
754.709
752.292
749.885
747.486
745.098
742.721
740.358
738.011
735.682
733.374
731.086
728.818
726.565
724.325
722.093
719.867
717.649
715.443
713.255
711.091
708.955
706.843
704.743
702.639
700.517
698.373
696.219
694.075
691.959
689.87
687.777
685.643
683.439
681.159
678.838
676.549
674.366
672.343
670.508
668.836
667.251
665.694
664.146
662.604
661.06
659.506
657.937
656.349
654.743
653.106
651.425
649.697
647.932
646.14
644.333
642.522
640.705
638.875
637.027
635.151
633.243
631.301
629.329
627.335
625.321
623.291
621.247
619.18
617.109
615.011
612.872
610.655
608.361
605.907
603.075
599.824
596.587
593.803
591.689
590.055
588.536
586.894
585.019
582.955
580.845
578.729
576.713
575.017
573.751
572.377
569.817
566.356
564.153
563.206
562.417
561.91
560.357
556.849
551.229
544.884
539.775
537.563
537.15
535.847
532.759
528.694
525.145
522.739
520.259
516.452
511.078
504.641
497.591
490.241
482.928
475.846
469.159
462.976
457.344
452.254
447.649
443.449
439.556
435.881
432.345
428.88
425.444
422.01
418.575
415.15
411.755
408.417
405.154
401.975
398.862
395.772
392.637
389.381
385.928
382.191
378.063
373.459
368.491
363.664
359.833
357.841
358.155
360.839
365.375
370.707
375.561
378.939
380.419
379.965
377.837
374.499
370.394
365.838
361.039
356.125
351.171
346.214
341.272
336.351
331.451
326.567
321.698
316.837
311.983
307.132
302.283
297.432
292.581
287.728
282.878
278.035
273.208
268.43
263.641
757.187
754.77
752.361
749.958
747.559
745.166
742.779
740.404
738.047
735.712
733.406
731.127
728.874
726.642
724.424
722.212
719.999
717.783
715.57
713.371
711.197
709.059
706.956
704.878
702.803
700.702
698.556
696.373
694.186
692.04
689.954
687.899
685.804
683.598
681.264
678.847
676.432
674.119
672.002
670.129
668.472
666.954
665.487
664.027
662.56
661.066
659.527
657.951
656.354
654.74
653.103
651.429
649.71
647.951
646.159
644.349
642.531
640.709
638.878
637.028
635.152
633.248
631.311
629.347
627.366
625.363
623.344
621.317
619.26
617.181
615.108
612.991
610.803
608.606
606.242
603.3
599.746
596.169
593.256
591.295
589.943
588.599
587.044
585.191
583.06
580.896
578.743
576.666
574.977
573.893
572.623
570.136
566.572
564.016
562.881
562.435
561.844
560.149
556.644
551.349
545.347
540.661
538.541
537.823
536.235
532.971
528.834
525.166
522.7
520.248
516.511
511.223
504.825
497.762
490.384
483.059
475.976
469.285
463.095
457.452
452.347
447.725
443.505
439.596
435.907
432.359
428.887
425.447
422.013
418.579
415.157
411.767
408.432
405.171
401.989
398.868
395.762
392.604
389.324
385.864
382.154
378.085
373.555
368.648
363.863
360.059
358.08
358.393
361.06
365.563
370.851
375.659
378.998
380.451
379.982
377.847
374.507
370.402
365.847
361.047
356.132
351.177
346.219
341.277
336.355
331.454
326.57
321.7
316.839
311.985
307.134
302.284
297.434
292.582
287.729
282.88
278.038
273.212
268.436
263.653
757.212
754.797
752.39
749.989
747.592
745.2
742.814
740.439
738.082
735.748
733.441
731.163
728.91
726.679
724.461
722.248
720.035
717.821
715.611
713.418
711.254
709.128
707.037
704.969
702.901
700.806
698.666
696.488
694.3
692.144
690.038
687.959
685.836
683.615
681.276
678.85
676.429
674.118
672.01
670.146
668.487
666.947
665.458
663.988
662.521
661.037
659.515
657.956
656.37
654.76
653.119
651.439
649.713
647.945
646.151
644.345
642.531
640.715
638.888
637.041
635.167
633.261
631.321
629.355
627.369
625.362
623.343
621.315
619.261
617.202
615.139
613.022
610.853
608.679
606.286
603.362
599.841
596.262
593.326
591.33
589.911
588.568
587.02
585.172
583.091
580.921
578.737
576.687
575.013
573.852
572.462
569.962
566.616
564.214
563.119
562.494
561.809
560.021
556.51
551.318
545.455
540.853
538.842
537.973
536.268
533.018
528.925
525.191
522.665
520.193
516.422
511.162
504.829
497.803
490.435
483.105
476.025
469.336
463.144
457.497
452.386
447.757
443.531
439.614
435.918
432.365
428.89
425.448
422.014
418.581
415.16
411.771
408.438
405.177
401.994
398.87
395.757
392.59
389.299
385.834
382.134
378.094
373.601
368.731
363.97
360.177
358.198
358.499
361.15
365.638
370.905
375.693
379.015
380.457
379.982
377.843
374.506
370.401
365.847
361.048
356.133
351.178
346.221
341.278
336.356
331.454
326.57
321.7
316.839
311.985
307.134
302.285
297.434
292.582
287.73
282.88
278.038
273.212
268.437
263.657
258.141
253.248
248.007
242.437
236.526
230.277
223.692
216.765
209.474
201.793
193.694
185.148
176.124
166.586
156.497
145.811
134.482
122.451
109.666
96.0372
81.498
65.9009
49.2119
31.0834
11.3982
257.907
253.006
247.739
242.165
236.264
230.024
223.444
216.519
209.229
201.549
193.45
184.903
175.879
166.341
156.252
145.565
134.235
122.203
109.417
95.7874
81.2479
65.6562
48.9657
30.8471
11.1707
257.579
252.712
247.454
241.886
235.998
229.772
223.203
216.286
209.001
201.325
193.229
184.685
175.663
166.127
156.038
145.352
134.022
121.991
109.203
95.5722
81.0335
65.4466
48.7598
30.6537
11.0067
257.306
252.447
247.202
241.633
235.748
229.532
222.972
216.06
208.779
201.104
193.008
184.462
175.439
165.901
155.812
145.125
133.794
121.76
108.97
95.338
80.7996
65.2145
48.5311
30.4364
10.8388
257.07
252.195
246.956
241.388
235.505
229.296
222.745
215.84
208.563
200.891
192.797
184.255
175.235
165.698
155.609
144.922
133.592
121.557
108.767
95.1327
80.5946
65.0127
48.3347
30.2556
10.708
256.859
251.961
246.724
241.16
235.28
229.076
222.532
215.632
208.359
200.689
192.597
184.055
175.031
165.496
155.407
144.719
133.386
121.351
108.556
94.9224
80.385
64.8059
48.133
30.0712
10.5841
256.671
251.749
246.509
240.947
235.068
228.867
222.327
215.432
208.162
200.494
192.403
183.863
174.842
165.308
155.221
144.533
133.2
121.163
108.373
94.7326
80.1955
64.6198
47.9535
29.9121
10.4831
256.503
251.558
246.311
240.748
234.869
228.67
222.134
215.243
207.976
200.31
192.221
183.682
174.662
165.129
155.041
144.353
133.018
120.979
108.181
94.5455
80.0091
64.4363
47.7767
29.7555
10.3898
256.352
251.386
246.129
240.564
234.685
228.487
221.953
215.065
207.8
200.135
192.046
183.509
174.491
164.959
154.872
144.183
132.848
120.807
108.01
94.3724
79.8361
64.2667
47.6146
29.6165
10.3109
256.217
251.232
245.965
240.396
234.516
228.317
221.784
214.897
207.633
199.969
191.882
183.345
174.329
164.798
154.712
144.023
132.687
120.645
107.845
94.2069
79.6712
64.1049
47.4604
29.4846
10.2392
256.098
251.095
245.817
240.242
234.36
228.16
221.626
214.74
207.477
199.814
191.727
183.191
174.176
164.646
154.561
143.872
132.535
120.492
107.691
94.052
79.5162
63.9531
47.3168
29.3645
10.1769
255.992
250.973
245.683
240.102
234.217
228.014
221.48
214.593
207.331
199.668
191.581
183.046
174.033
164.504
154.419
143.73
132.393
120.349
107.547
93.9064
79.3707
63.8109
47.1828
29.2534
10.1209
255.9
250.866
245.564
239.976
234.086
227.881
221.345
214.457
207.194
199.531
191.445
182.911
173.898
164.371
154.287
143.598
132.26
120.215
107.412
93.7702
79.2348
63.6782
47.0583
29.1515
10.0713
255.819
250.77
245.457
239.862
233.967
227.758
221.22
214.331
207.068
199.404
191.319
182.785
173.773
164.247
154.163
143.475
132.137
120.091
107.287
93.644
79.1085
63.555
46.9432
29.0584
10.0273
255.748
250.685
245.362
239.759
233.859
227.647
221.106
214.216
206.951
199.288
191.202
182.669
173.658
164.132
154.049
143.361
132.023
119.976
107.171
93.5272
78.9918
63.4413
46.8373
28.9735
9.98808
255.685
250.61
245.278
239.667
233.763
227.548
221.004
214.111
206.845
199.181
191.095
182.563
173.552
164.027
153.944
143.256
131.917
119.871
107.065
93.4199
78.8846
63.3369
46.7405
28.8966
9.95333
255.631
250.545
245.203
239.586
233.677
227.459
220.912
214.017
206.749
199.084
190.998
182.466
173.456
163.931
153.848
143.16
131.821
119.774
106.967
93.3219
78.7867
63.2417
46.6526
28.8273
9.92263
255.584
250.488
245.138
239.515
233.602
227.381
220.832
213.933
206.663
198.997
190.912
182.379
173.369
163.844
153.761
143.072
131.733
119.686
106.879
93.233
78.698
63.1557
46.5735
28.7654
9.89565
255.546
250.441
245.083
239.454
233.538
227.314
220.762
213.86
206.587
198.921
190.835
182.303
173.292
163.766
153.682
142.994
131.655
119.607
106.799
93.1532
78.6185
63.0786
46.5029
28.7105
9.87211
255.517
250.403
245.038
239.404
233.483
227.257
220.702
213.797
206.522
198.854
190.768
182.235
173.224
163.697
153.613
142.924
131.585
119.538
106.729
93.0825
78.548
63.0104
46.4406
28.6623
9.85178
255.497
250.375
245.003
239.364
233.439
227.21
220.652
213.745
206.467
198.798
190.712
182.178
173.165
163.637
153.552
142.863
131.524
119.477
106.668
93.0208
78.4865
62.951
46.3867
28.6208
9.83444
255.485
250.356
244.978
239.333
233.406
227.173
220.613
213.702
206.422
198.752
190.665
182.13
173.116
163.586
153.5
142.811
131.473
119.426
106.616
92.9683
78.4334
62.9005
46.3409
28.5857
9.81994
255.482
250.347
244.962
239.313
233.382
227.146
220.582
213.668
206.386
198.715
190.628
182.092
173.076
163.544
153.457
142.768
131.43
119.383
106.573
92.9248
78.3901
62.8588
46.3032
28.5569
9.80814
255.489
250.346
244.956
239.303
233.368
227.129
220.561
213.645
206.36
198.689
190.602
182.064
173.045
163.511
153.423
142.733
131.396
119.35
106.54
92.8906
78.3559
62.8259
46.2737
28.5343
9.79891
255.502
250.354
244.959
239.301
233.363
227.12
220.55
213.63
206.345
198.672
190.585
182.047
173.025
163.488
153.398
142.708
131.371
119.325
106.515
92.8654
78.3308
62.802
46.2522
28.5178
9.79215
255.524
250.37
244.971
239.31
233.368
227.122
220.548
213.626
206.339
198.666
190.579
182.039
173.014
163.474
153.382
142.691
131.354
119.309
106.499
92.8493
78.3149
62.787
46.2389
28.5075
9.78777
255.554
250.395
244.992
239.327
233.382
227.133
220.556
213.631
206.343
198.67
190.582
182.041
173.014
163.47
153.375
142.683
131.347
119.302
106.492
92.8423
78.3082
62.781
46.2336
28.5032
9.7857
255.595
250.432
245.024
239.356
233.407
227.154
220.574
213.648
206.358
198.684
190.596
182.054
173.023
163.476
153.378
142.685
131.348
119.303
106.494
92.8444
78.3109
62.7843
46.2367
28.5052
9.78589
255.651
250.484
245.072
239.4
233.448
227.191
220.608
213.679
206.388
198.713
190.624
182.08
173.047
163.496
153.396
142.7
131.362
119.317
106.508
92.8597
78.3271
62.8007
46.2518
28.5161
9.78931
255.717
250.547
245.132
239.456
233.501
227.241
220.655
213.725
206.432
198.756
190.664
182.118
173.083
163.53
153.427
142.729
131.39
119.344
106.535
92.888
78.3564
62.83
46.2784
28.5357
9.79594
255.794
250.621
245.203
239.525
233.566
227.304
220.715
213.784
206.49
198.811
190.716
182.168
173.131
163.576
153.472
142.772
131.431
119.384
106.575
92.9292
78.3988
62.872
46.3166
28.564
9.8058
255.881
250.706
245.287
239.606
233.644
227.379
220.789
213.856
206.561
198.879
190.781
182.229
173.191
163.636
153.53
142.829
131.485
119.437
106.628
92.9835
78.4543
62.9267
46.3664
28.6013
9.81901
255.978
250.803
245.382
239.7
233.735
227.467
220.875
213.941
206.644
198.96
190.858
182.303
173.264
163.708
153.602
142.9
131.553
119.503
106.695
93.0511
78.523
62.9941
46.4277
28.6475
9.8357
256.085
250.911
245.49
239.806
233.839
227.568
220.975
214.039
206.741
199.054
190.948
182.39
173.349
163.793
153.687
142.984
131.635
119.583
106.775
93.1319
78.6046
63.0739
46.5006
28.7029
9.85607
256.201
251.029
245.61
239.926
233.957
227.683
221.088
214.151
206.85
199.16
191.051
182.49
173.448
163.892
153.786
143.081
131.73
119.676
106.868
93.2261
78.6993
63.166
46.585
28.7676
9.88041
256.328
251.159
245.741
240.058
234.088
227.812
221.214
214.275
206.972
199.279
191.167
182.603
173.56
164.004
153.897
143.191
131.838
119.784
106.975
93.3337
78.8069
63.2705
46.6811
28.842
9.90899
256.464
251.299
245.885
240.202
234.232
227.955
221.354
214.412
207.107
199.411
191.295
182.73
173.685
164.128
154.021
143.314
131.96
119.904
107.096
93.4548
78.9275
63.3873
46.7891
28.9264
9.94225
256.61
251.451
246.04
240.36
234.389
228.111
221.508
214.563
207.255
199.556
191.437
182.869
173.824
164.266
154.158
143.449
132.095
120.038
107.23
93.5892
79.0611
63.5165
46.9091
29.0214
9.98072
256.767
251.615
246.209
240.531
234.56
228.28
221.675
214.728
207.416
199.713
191.592
183.022
173.975
164.417
154.307
143.598
132.243
120.186
107.379
93.7369
79.2076
63.6582
47.0415
29.1277
10.0253
256.933
251.792
246.393
240.717
234.745
228.464
221.857
214.906
207.59
199.884
191.76
183.188
174.14
164.58
154.469
143.758
132.403
120.347
107.54
93.8978
79.3671
63.8126
47.1868
29.2461
10.0768
257.109
251.982
246.592
240.918
234.946
228.662
222.052
215.098
207.778
200.067
191.94
183.367
174.317
164.756
154.643
143.932
132.577
120.521
107.715
94.0717
79.5396
63.9796
47.3453
29.3773
10.1372
257.297
252.187
246.806
241.136
235.162
228.875
222.262
215.303
207.978
200.264
192.134
183.558
174.507
164.944
154.83
144.118
132.764
120.709
107.903
94.2585
79.725
64.1595
47.5172
29.522
10.2072
257.49
252.399
247.029
241.36
235.384
229.093
222.476
215.513
208.182
200.463
192.33
183.753
174.701
165.136
155.021
144.308
132.956
120.901
108.096
94.4496
79.9147
64.3438
47.6947
29.6744
10.2862
257.678
252.607
247.246
241.577
235.598
229.304
222.683
215.715
208.379
200.656
192.519
183.94
174.887
165.32
155.205
144.492
133.141
121.086
108.282
94.6341
80.0979
64.5218
47.867
29.8245
10.3693
257.86
252.81
247.457
241.786
235.803
229.505
222.879
215.906
208.567
200.839
192.699
184.118
175.063
165.495
155.38
144.667
133.317
121.262
108.46
94.8099
80.2726
64.6918
48.032
29.9712
10.4565
258.036
253.01
247.66
241.985
235.998
229.696
223.065
216.087
208.744
201.012
192.869
184.285
175.229
165.66
155.545
144.832
133.483
121.429
108.627
94.9766
80.4379
64.8527
48.1884
30.1119
10.5459
258.207
253.203
247.853
242.174
236.183
229.874
223.238
216.257
208.909
201.174
193.028
184.442
175.386
165.816
155.7
144.987
133.639
121.586
108.785
95.1335
80.5938
65.0049
48.3363
30.2472
10.6378
258.374
253.39
248.036
242.353
236.357
230.042
223.399
216.414
209.064
201.326
193.177
184.59
175.532
165.961
155.845
145.132
133.785
121.732
108.932
95.2804
80.7394
65.1471
48.4744
30.375
10.7307
258.541
253.568
248.208
242.522
236.52
230.197
223.549
216.559
209.207
201.466
193.316
184.727
175.669
166.097
155.981
145.267
133.921
121.869
109.069
95.418
80.8761
65.2812
48.6045
30.4965
10.8246
258.707
253.737
248.37
242.68
236.672
230.341
223.687
216.694
209.339
201.597
193.445
184.855
175.795
166.223
156.106
145.393
134.047
121.996
109.195
95.5452
81.002
65.4048
48.7238
30.6088
10.918
258.869
253.892
248.521
242.828
236.812
230.473
223.814
216.817
209.46
201.717
193.564
184.973
175.913
166.34
156.223
145.51
134.164
122.114
109.314
95.6651
81.1208
65.5216
48.8367
30.7156
11.0108
259.02
254.031
248.66
242.964
236.939
230.594
223.93
216.931
209.572
201.827
193.673
185.081
176.02
166.447
156.33
145.617
134.271
122.221
109.421
95.774
81.2281
65.6276
48.9383
30.8125
11.1018
259.152
254.154
248.786
243.086
237.054
230.704
224.036
217.035
209.674
201.929
193.774
185.182
176.121
166.548
156.43
145.718
134.371
122.323
109.522
95.8775
81.3301
65.7285
49.0354
30.9049
11.1913
259.263
254.261
248.899
243.195
237.157
230.802
224.132
217.128
209.766
202.02
193.865
185.273
176.211
166.638
156.519
145.807
134.46
122.413
109.612
95.9693
81.42
65.8175
49.1205
30.9867
11.2766
259.352
254.353
248.997
243.29
237.248
230.892
224.219
217.215
209.853
202.106
193.951
185.36
176.297
166.726
156.606
145.896
134.548
122.503
109.701
96.0622
81.5118
65.9092
49.2096
31.0693
11.3619
259.424
254.433
249.079
243.369
237.326
230.968
224.294
217.289
209.926
202.179
194.023
185.432
176.369
166.799
156.68
145.97
134.622
122.579
109.777
96.1374
81.5873
65.9829
49.2815
31.1376
11.4325
259.489
254.505
249.153
243.443
237.4
231.041
224.364
217.353
209.987
202.24
194.085
185.494
176.432
166.863
156.745
146.036
134.686
122.645
109.842
96.2054
81.6555
66.0497
49.3457
31.1973
11.5078
)
;

boundaryField
{
    inlet
    {
        type            zeroGradient;
    }
    outlet
    {
        type            fixedValue;
        value           uniform 0;
    }
    upperWall
    {
        type            zeroGradient;
    }
    lowerWall
    {
        type            zeroGradient;
    }
    frontAndBack
    {
        type            empty;
    }
}


// ************************************************************************* //
