/*--------------------------------*- C++ -*----------------------------------*\
  =========                 |
  \\      /  F ield         | OpenFOAM: The Open Source CFD Toolbox
   \\    /   O peration     | Website:  https://openfoam.org
    \\  /    A nd           | Version:  9
     \\/     M anipulation  |
\*---------------------------------------------------------------------------*/
FoamFile
{
    format      ascii;
    class       volScalarField;
    location    "0.053";
    object      pPrime2Mean;
}
// * * * * * * * * * * * * * * * * * * * * * * * * * * * * * * * * * * * * * //

dimensions      [0 4 -4 0 0 0 0];

internalField   nonuniform List<scalar> 
12225
(
297350
294545
291303
287788
284115
280370
276609
272868
269167
265517
261921
258373
254861
251366
247853
244266
240484
236232
297376
294574
291326
287806
284130
280383
276620
272878
269177
265528
261932
258386
254878
251388
247885
244316
240586
236527
297458
294637
291376
287846
284163
280411
276645
272901
269199
265551
261958
258416
254915
251436
247953
244424
240785
236983
297577
294742
291460
287913
284218
280457
276686
272939
269236
265589
262000
258465
254976
251516
248064
244592
241072
237519
297759
294898
291584
288012
284299
280526
276746
272994
269291
265646
262062
258538
255064
251630
248220
244821
241429
238094
298050
295116
291755
288149
284410
280620
276829
273071
269366
265724
262148
258636
255183
251782
248423
245105
241842
238690
298428
295406
291981
288330
284558
280745
276939
273173
269465
265826
262259
258763
255336
251974
248673
245440
242297
239299
298932
295781
292273
288562
284747
280904
277079
273302
269591
265956
262399
258923
255526
252206
248967
245819
242787
239915
299584
296253
292638
288852
284984
281104
277254
273464
269748
266116
262572
259118
255753
252480
249304
246238
243305
240537
300311
296824
293086
289209
285275
281348
277469
273661
269939
266310
262780
259349
256019
252794
249680
246691
243845
241165
301180
297522
293631
289639
285624
281642
277726
273897
270167
266542
263025
259618
256324
253147
250093
247174
244404
241799
302105
298282
294226
290109
286004
281960
278004
274152
270412
266789
263284
259900
256639
253504
250502
247641
244932
242384
303296
299166
294902
290640
286433
282319
278318
274439
270687
267065
263572
260210
256980
253886
250931
248122
245465
242967
304873
300336
295791
291333
286992
282787
278726
274811
271043
267419
263939
260600
257404
254352
251446
248690
246085
243635
307013
301864
296939
292226
287710
283387
279249
275288
271497
267870
264401
261086
257925
254915
252058
249352
246797
244392
309701
303830
298397
293347
288607
284137
279904
275886
272066
268430
264970
261679
258551
255583
252770
250111
247602
245238
312959
306145
300101
294666
289670
285031
280690
276606
272752
269106
265653
262382
259285
256353
253581
250964
248494
246167
316514
308583
301899
296065
290813
286010
281565
277419
273532
269877
266431
263180
260110
257211
254474
251892
249456
247159
319200
310432
303298
297207
291803
286907
282407
278233
274337
270686
267256
264027
260984
258115
255410
252857
250450
248178
317944
310068
303333
297444
292155
287331
282882
278747
274883
271262
267860
264658
261641
258797
256115
253585
251197
248942
316013
308977
302781
297219
292135
287442
283080
279007
275190
271605
268231
265054
262060
259235
256569
254054
251678
249434
313938
307753
302078
296843
291969
287417
283150
279143
275374
271826
268480
265326
262350
259541
256889
254384
252018
249782
312023
306590
301376
296436
291757
287333
283155
279209
275484
271966
268646
265511
262550
259753
257111
254615
252256
250026
310655
305668
300792
296083
291560
287241
283134
279238
275548
272057
268756
265635
262686
259899
257265
254776
252422
250196
309590
304946
300334
295803
291398
287159
283106
279248
275585
272114
268828
265718
262778
259998
257370
254885
252535
250312
308657
304392
299995
295596
291277
287095
283082
279251
275608
272150
268874
265773
262839
260064
257439
254958
252610
250389
307992
304006
299760
295453
291193
287050
283064
279251
275621
272173
268904
265808
262878
260106
257484
255004
252658
250439
307501
303750
299610
295363
291140
287022
283052
279250
275628
272186
268921
265829
262901
260131
257511
255033
252688
250469
307251
303608
299527
295313
291111
287006
283045
279250
275632
272193
268930
265840
262914
260145
257526
255048
252703
250485
307119
303548
299493
295293
291099
287000
283042
279250
275633
272195
268934
265844
262919
260151
257532
255054
252710
250492
200051
200031
199994
199942
199876
199799
199710
199605
199480
199335
199166
198974
198759
198523
198267
197991
197696
197382
197050
196700
196332
195947
195545
195127
194693
194244
193778
193298
192800
192287
191758
191211
190649
190068
189471
188860
188239
187614
186983
186342
185691
185024
184340
183636
182908
182155
181379
180578
179760
178929
178080
177217
176345
175459
174560
173656
172762
171845
170883
169884
168864
167835
166807
165784
164766
163751
162736
161719
160696
159665
158623
157569
156503
155426
154341
153250
152156
151061
149965
148870
147775
146682
145590
144498
143406
142314
141219
140121
139017
137906
136785
135651
134503
133340
132158
130958
129738
128498
127240
125962
124668
123360
122041
120712
119379
118042
116704
115368
114035
112705
111379
110058
108741
107429
106120
104816
103514
102215
100919
99623.7
98330.4
97038
95746.2
94454.8
93163.5
91872.1
90580.5
89288.5
87996
86703.2
85410.1
84116.5
82822.7
81528.7
80234.5
78940.4
77646.3
76352.5
75059.2
73766.3
72474.3
71183.1
69892.9
68604
67316.6
66030.9
64747.2
63465.7
62186.8
60910.8
59638
58368.8
57103.5
55842.3
54585.6
53333.7
52086.9
50845.4
49609.6
48379.5
47155.5
45937.7
44726.5
43522.2
42325.3
41136.4
39955.6
38783.4
37620.2
36466.4
35322.3
34188.4
33065.3
31953.6
30854.3
29768.3
28697.2
27643.2
26609.8
25606.5
200108
200089
200053
200000
199935
199858
199768
199660
199533
199385
199213
199020
198806
198571
198316
198041
197747
197435
197103
196752
196383
195995
195591
195169
194732
194278
193809
193325
192824
192309
191779
191235
190675
190098
189506
188897
188275
187647
187012
186366
185706
185031
184343
183640
182913
182158
181372
180552
179717
178876
178019
177149
176274
175396
174510
173602
172685
171753
170791
169806
168803
167791
166777
165763
164752
163741
162729
161714
160692
159660
158616
157560
156493
155417
154333
153244
152152
151057
149963
148868
147774
146681
145589
144497
143406
142314
141220
140122
139019
137909
136789
135657
134510
133347
132166
130966
129747
128507
127248
125970
124675
123367
122047
120718
119383
118046
116708
115372
114038
112708
111382
110060
108744
107431
106122
104818
103516
102217
100920
99625
98331.5
97039
95747.2
94455.7
93164.3
91872.8
90581.1
89289.1
87996.7
86703.9
85410.7
84117.1
82823.3
81529.2
80235.1
78940.9
77646.9
76353.1
75059.7
73766.8
72474.7
71183.5
69893.3
68604.4
67317
66031.2
64747.5
63466
62187.1
60911
59638.2
58369
57103.6
55842.5
54585.8
53333.8
52087
50845.5
49609.6
48379.5
47155.5
45937.7
44726.4
43522.1
42325.3
41136.3
39955.5
38783.3
37620.1
36466.2
35322.1
34188.2
33065
31953.3
30853.8
29767.7
28696.2
27641.6
26606.7
25598.1
200259
200242
200208
200157
200089
200007
199910
199795
199661
199506
199332
199137
198922
198686
198431
198156
197861
197546
197212
196858
196486
196096
195687
195261
194817
194357
193882
193391
192886
192367
191833
191286
190725
190150
189561
188957
188341
187716
187081
186434
185772
185098
184408
183699
182966
182199
181403
180577
179726
178863
177990
177111
176234
175354
174460
173549
172620
171675
170715
169741
168753
167755
166752
165745
164738
163729
162716
161698
160673
159638
158593
157538
156472
155399
154319
153234
152144
151053
149960
148866
147773
146680
145587
144495
143404
142312
141219
140123
139021
137913
136795
135665
134520
133358
132179
130980
129761
128521
127262
125984
124689
123379
122058
120728
119393
118054
116716
115378
114044
112713
111387
110065
108748
107435
106127
104821
103519
102220
100923
99627.8
98334
97041.2
95749.2
94457.5
93166
91874.4
90582.6
89290.5
87998
86705.1
85411.9
84118.3
82824.5
81530.4
80236.2
78942
77647.9
76354.1
75060.6
73767.8
72475.6
71184.3
69894.1
68605.2
67317.7
66031.9
64748
63466.5
62187.5
60911.4
59638.5
58369.2
57103.7
55842.5
54585.8
53333.8
52086.9
50845.4
49609.4
48379.2
47155.1
45937.3
44726.1
43521.9
42325.1
41136.2
39955.4
38783.1
37619.8
36465.9
35321.7
34187.6
33064.4
31952.5
30852.8
29766.4
28694.5
27638.9
26601.8
25587.2
200483
200467
200434
200384
200317
200233
200131
200011
199871
199711
199532
199333
199114
198875
198616
198336
198036
197716
197376
197017
196639
196243
195829
195397
194948
194482
194001
193506
192996
192472
191937
191388
190828
190254
189669
189073
188467
187850
187221
186579
185924
185254
184569
183863
183126
182349
181533
180685
179814
178930
178041
177151
176263
175370
174464
173542
172604
171655
170693
169720
168736
167741
166740
165735
164727
163717
162702
161682
160654
159618
158573
157519
156457
155387
154310
153228
152141
151051
149959
148866
147772
146679
145586
144494
143402
142310
141218
140123
139024
137918
136803
135676
134534
133375
132197
131000
129782
128543
127283
126004
124708
123397
122075
120743
119406
118066
116727
115388
114053
112722
111395
110073
108755
107442
106133
104827
103525
102225
100928
99632.1
98337.9
97044.8
95752.4
94460.4
93168.6
91876.8
90584.9
89292.6
88000.1
86707.1
85413.8
84120.2
82826.3
81532.1
80237.9
78943.6
77649.5
76355.6
75062.1
73769.2
72476.9
71185.6
69895.3
68606.2
67318.6
66032.7
64748.8
63467.1
62188
60911.8
59638.8
58369.4
57103.9
55842.6
54585.9
53333.9
52086.9
50845.3
49609.3
48379.1
47155
45937.1
44725.9
43521.8
42325
41136
39955.1
38782.9
37619.5
36465.4
35321.1
34186.9
33063.5
31951.4
30851.4
29764.5
28691.7
27634.7
26594.8
25574.3
200778
200763
200732
200683
200616
200531
200427
200303
200158
199994
199809
199603
199377
199129
198860
198570
198260
197930
197581
197213
196827
196424
196002
195564
195109
194638
194152
193653
193140
192617
192082
191538
190983
190418
189844
189260
188665
188059
187439
186808
186166
185510
184834
184132
183392
182607
181774
180902
180002
179086
178167
177251
176338
175424
174502
173569
172626
171672
170707
169731
168744
167748
166746
165740
164729
163714
162694
161670
160641
159604
158560
157508
156449
155382
154307
153226
152140
151051
149959
148866
147772
146678
145585
144492
143401
142310
141218
140125
139029
137928
136817
135694
134556
133401
132226
131030
129813
128574
127314
126034
124736
123422
122097
120763
119424
118082
116741
115401
114065
112733
111406
110083
108765
107452
106142
104836
103533
102233
100935
99638.3
98343.6
97050
95757.1
94464.7
93172.6
91880.5
90588.3
89295.9
88003.1
86710
85416.6
84122.9
82828.9
81534.6
80240.3
78945.9
77651.6
76357.6
75064
73771
72478.7
71187.2
69896.8
68607.6
67319.9
66033.9
64749.8
63467.9
62188.7
60912.3
59639.3
58369.7
57104.2
55842.8
54586
53333.9
52086.9
50845.2
49609.1
48378.9
47154.7
45936.8
44725.6
43521.5
42324.7
41135.7
39954.8
38782.5
37619
36464.8
35320.3
34186
33062.3
31949.9
30849.5
29761.9
28688.1
27629.3
26586.5
25560.5
201157
201140
201108
201058
200990
200901
200793
200665
200515
200344
200152
199936
199699
199439
199156
198853
198529
198186
197825
197446
197049
196636
196205
195759
195297
194820
194329
193827
193313
192790
192259
191720
191174
190622
190060
189489
188905
188308
187699
187079
186449
185804
185138
184440
183700
182906
182056
181158
180223
179269
178308
177352
176405
175465
174528
173587
172638
171680
170711
169732
168744
167749
166747
165741
164729
163712
162691
161665
160635
159599
158557
157507
156449
155382
154308
153228
152141
151051
149960
148867
147773
146680
145587
144495
143403
142313
141223
140133
139041
137945
136840
135723
134590
133438
132265
131070
129854
128615
127353
126070
124769
123453
122125
120788
119446
118102
116758
115417
114080
112747
111419
110096
108777
107463
106153
104846
103543
102242
100943
99646.4
98351
97056.7
95763.3
94470.3
93177.7
91885.2
90592.7
89300
88007.1
86713.8
85420.2
84126.3
82832.1
81537.8
80243.3
78948.8
77654.4
76360.2
75066.5
73773.3
72480.8
71189.2
69898.6
68609.3
67321.4
66035.2
64750.9
63468.9
62189.5
60913
59639.7
58370.1
57104.4
55843
54586
53333.9
52086.9
50845.1
49609
48378.7
47154.4
45936.5
44725.4
43521.2
42324.4
41135.4
39954.4
38782
37618.4
36464
35319.4
34184.8
33060.8
31948
30847.1
29758.7
28683.7
27623.1
26577.3
25546.4
201613
201596
201560
201506
201435
201343
201229
201093
200934
200753
200549
200321
200069
199793
199494
199174
198834
198476
198100
197707
197299
196874
196433
195978
195509
195027
194532
194027
193513
192991
192461
191927
191389
190845
190294
189732
189157
188570
187971
187361
186741
186106
185446
184752
184009
183206
182341
181418
180452
179459
178454
177452
176464
175497
174542
173591
172636
171676
170706
169727
168740
167746
166746
165740
164730
163714
162694
161669
160641
159607
158566
157518
156460
155392
154316
153233
152145
151054
149962
148870
147778
146686
145595
144504
143413
142324
141235
140148
139060
137969
136870
135760
134632
133483
132313
131119
129903
128662
127399
126113
124809
123489
122157
120816
119471
118124
116778
115436
114097
112763
111434
110111
108791
107477
106166
104859
103555
102253
100954
99656
98359.9
97064.9
95770.8
94477.3
93184.1
91891.2
90598.2
89305.2
88012
86718.4
85424.6
84130.5
82836.2
81541.7
80247
78952.3
77657.7
76363.4
75069.5
73776.1
72483.4
71191.6
69900.8
68611.2
67323.1
66036.7
64752.2
63470
62190.4
60913.7
59640.4
58370.6
57104.8
55843.2
54586.2
53334
52086.8
50845
49608.8
48378.4
47154.1
45936.2
44725
43520.8
42324
41134.9
39953.9
38781.4
37617.6
36463.1
35318.3
34183.4
33059.2
31945.9
30844.3
29755.1
28678.8
27616.2
26567.5
25532.4
202146
202126
202088
202030
201951
201849
201724
201576
201404
201209
200989
200743
200473
200178
199861
199523
199167
198792
198402
197995
197574
197138
196689
196226
195750
195263
194766
194259
193744
193221
192692
192160
191624
191085
190539
189984
189418
188841
188255
187660
187053
186428
185774
185080
184333
183521
182637
181689
180689
179654
178601
177551
176524
175529
174557
173595
172635
171671
170701
169723
168737
167744
166747
165745
164738
163726
162709
161688
160662
159631
158591
157542
156482
155412
154331
153244
152152
151059
149967
148877
147788
146699
145611
144522
143433
142344
141256
140169
139083
137997
136904
135801
134679
133536
132368
131176
129959
128718
127452
126163
124855
123530
122193
120848
119499
118149
116801
115456
114116
112781
111452
110127
108807
107492
106181
104873
103568
102266
100965
99667.1
98370.3
97074.6
95779.8
94485.6
93191.8
91898.3
90604.9
89311.4
88017.8
86724
85429.9
84135.6
82841
81546.3
80251.4
78956.5
77661.7
76367.1
75073
73779.3
72486.4
71194.3
69903.3
68613.5
67325.1
66038.4
64753.7
63471.3
62191.5
60914.6
59641.1
58371.2
57105.2
55843.5
54586.3
53334
52086.8
50844.9
49608.6
48378.1
47153.8
45935.8
44724.6
43520.4
42323.5
41134.4
39953.3
38780.7
37616.8
36462.1
35317
34181.9
33057.3
31943.5
30841.3
29751.1
28673.4
27608.9
26557.5
25518.6
202758
202736
202691
202624
202533
202418
202278
202113
201923
201709
201469
201203
200913
200599
200263
199907
199534
199143
198738
198318
197885
197439
196981
196512
196031
195541
195041
194532
194014
193490
192960
192426
191891
191353
190810
190261
189707
189147
188580
188005
187417
186806
186162
185468
184713
183885
182978
181995
180955
179872
178768
177671
176607
175584
174593
173618
172650
171681
170709
169732
168747
167757
166761
165761
164757
163749
162737
161720
160698
159669
158630
157579
156515
155438
154351
153258
152162
151067
149976
148888
147803
146719
145635
144550
143463
142374
141286
140198
139112
138028
136941
135844
134731
133594
132430
131239
130022
128779
127511
126218
124905
123575
122232
120882
119529
118175
116825
115478
114137
112801
111471
110145
108825
107509
106197
104888
103583
102280
100979
99679.6
98382
97085.6
95790.1
94495.2
93200.8
91906.7
90612.7
89318.8
88024.7
86730.5
85436.1
84141.4
82846.6
81551.6
80256.4
78961.3
77666.2
76371.4
75077
73783.1
72489.9
71197.5
69906.2
68616.1
67327.4
66040.4
64755.5
63472.8
62192.8
60915.7
59642
58371.9
57105.7
55843.9
54586.6
53334.1
52086.7
50844.7
49608.3
48377.8
47153.4
45935.4
44724.1
43519.9
42323
41133.8
39952.6
38779.9
37615.9
36461
35315.7
34180.3
33055.2
31941
30838
29746.8
28667.8
27601.3
26547.4
25505.3
203442
203415
203363
203285
203181
203051
202893
202710
202500
202264
202003
201716
201404
201070
200714
200340
199950
199543
199124
198691
198248
197794
197329
196855
196371
195878
195375
194863
194342
193813
193279
192742
192205
191666
191128
190590
190052
189513
188972
188423
187859
187267
186631
185937
185171
184321
183381
182357
181269
180133
178976
177833
176734
175685
174673
173683
172703
171727
170750
169769
168782
167790
166793
165793
164790
163785
162777
161765
160747
159719
158679
157625
156555
155470
154374
153273
152172
151077
149988
148904
147825
146747
145669
144587
143502
142414
141325
140236
139149
138066
136983
135894
134788
133658
132498
131308
130090
128844
127572
126276
124957
123622
122274
120918
119560
118203
116850
115501
114159
112822
111491
110165
108843
107527
106214
104905
103598
102295
100993
99693.3
98394.9
97097.7
95801.5
94506
93210.9
91916.2
90621.7
89327.2
88032.7
86738
85443.1
84148.1
82853
81557.6
80262.2
78966.8
77671.4
76376.3
75081.6
73787.5
72493.9
71201.2
69909.5
68619.1
67330.1
66042.8
64757.5
63474.6
62194.3
60917
59643
58372.7
57106.4
55844.4
54586.9
53334.3
52086.7
50844.6
49608.1
48377.4
47152.9
45934.9
44723.6
43519.3
42322.4
41133.1
39951.9
38779
37614.9
36459.8
35314.3
34178.5
33053
31938.2
30834.5
29742.3
28661.9
27593.7
26537.4
25492.6
204202
204171
204111
204023
203906
203759
203585
203382
203153
202896
202613
202305
201972
201618
201243
200851
200443
200022
199590
199147
198695
198234
197764
197286
196799
196302
195795
195276
194749
194212
193670
193127
192584
192045
191512
190985
190466
189950
189435
188912
188371
187796
187169
186473
185692
184816
183836
182767
181629
180440
179232
178047
176914
175838
174806
173798
172805
171819
170832
169842
168848
167849
166846
165841
164836
163832
162827
161819
160803
159776
158734
157675
156598
155504
154398
153289
152184
151089
150004
148927
147855
146785
145713
144636
143552
142464
141373
140283
139196
138114
137036
135953
134854
133727
132569
131378
130158
128910
127635
126335
125013
123672
122318
120956
119592
118231
116875
115525
114181
112844
111512
110185
108863
107545
106232
104922
103615
102311
101009
99708.2
98409
97111.1
95814.1
94517.9
93222.2
91926.9
90631.8
89336.8
88041.7
86746.5
85451.2
84155.7
82860.2
81564.5
80268.7
78973
77677.3
76381.9
75086.9
73792.3
72498.4
71205.4
69913.3
68622.5
67333.2
66045.5
64759.9
63476.6
62196.1
60918.5
59644.3
58373.7
57107.2
55844.9
54587.3
53334.4
52086.7
50844.4
49607.8
48377.1
47152.5
45934.4
44723
43518.7
42321.7
41132.4
39951.1
38778.1
37613.8
36458.6
35312.7
34176.7
33050.7
31935.3
30830.8
29737.6
28656
27586
26527.7
25480.3
205053
205017
204950
204852
204722
204562
204372
204154
203908
203634
203333
203006
202656
202283
201891
201482
201059
200624
200180
199728
199268
198801
198327
197844
197351
196847
196332
195803
195263
194714
194159
193603
193050
192505
191970
191448
190937
190435
189935
189429
188902
188337
187713
187011
186215
185317
184314
183220
182050
180823
179573
178349
177178
176070
175011
173980
172967
171963
170963
169959
168950
167937
166922
165908
164897
163890
162885
161877
160862
159833
158788
157724
156639
155536
154421
153304
152196
151104
150026
148958
147896
146834
145768
144693
143611
142522
141430
140339
139254
138175
137101
136022
134925
133798
132638
131446
130225
128976
127700
126397
125070
123724
122363
120995
119625
118259
116900
115549
114204
112866
111533
110205
108883
107565
106251
104940
103633
102328
101025
99724
98424.2
97125.5
95827.8
94530.9
93234.5
91938.6
90642.9
89347.3
88051.7
86756
85460.1
84164.2
82868.2
81572.1
80276
78979.8
77683.8
76388.1
75092.6
73797.7
72503.4
71210
69917.5
68626.3
67336.6
66048.5
64762.6
63478.9
62198
60920.1
59645.6
58374.8
57108
55845.5
54587.6
53334.6
52086.8
50844.3
49607.5
48376.7
47152.1
45933.9
44722.5
43518.1
42321
41131.6
39950.2
38777.2
37612.7
36457.3
35311.2
34174.7
33048.4
31932.4
30827.1
29732.9
28650
27578.5
26518.2
25468.7
206019
205981
205908
205802
205664
205494
205295
205067
204810
204523
204209
203866
203498
203108
202699
202273
201835
201386
200930
200467
199999
199526
199045
198554
198052
197535
197003
196456
195896
195326
194750
194173
193599
193034
192482
191947
191426
190918
190415
189906
189376
188805
188173
187463
186657
185751
184749
183659
182489
181256
179992
178743
177540
176396
175302
174242
173198
172166
171143
170119
169089
168057
167024
165996
164975
163960
162949
161938
160919
159885
158834
157764
156673
155563
154441
153319
152210
151122
150053
148996
147944
146890
145827
144754
143672
142583
141491
140402
139319
138244
137173
136094
134995
133864
132701
131509
130288
129039
127762
126456
125125
123773
122406
121031
119656
118286
116925
115572
114227
112888
111555
110227
108903
107585
106270
104959
103651
102346
101042
99740.5
98440.1
97140.8
95842.5
94544.9
93247.9
91951.3
90655
89358.8
88062.6
86766.3
85469.9
84173.4
82876.9
81580.3
80283.8
78987.3
77690.9
76394.7
75098.8
73803.5
72508.8
71214.9
69922.1
68630.4
67340.3
66051.8
64765.5
63481.4
62200.1
60921.9
59647
58375.9
57108.8
55846.1
54588
53334.8
52086.8
50844.2
49607.3
48376.3
47151.6
45933.4
44721.9
43517.4
42320.3
41130.9
39949.4
38776.2
37611.6
36456
35309.6
34172.8
33046
31929.4
30823.4
29728.3
28644.2
27571.2
26509.2
25457.7
207145
207104
207029
206922
206782
206612
206410
206175
205907
205605
205270
204905
204514
204101
203672
203229
202776
202313
201843
201368
200888
200403
199908
199402
198881
198343
197787
197214
196625
196024
195415
194802
194192
193590
193002
192432
191881
191343
190811
190276
189721
189129
188481
187762
186955
186057
185075
184015
182873
181666
180419
179170
177952
176779
175650
174553
173473
172406
171353
170304
169253
168200
167149
166104
165068
164040
163019
161998
160971
159930
158871
157793
156697
155583
154458
153334
152227
151144
150084
149037
147995
146946
145885
144811
143728
142641
141552
140466
139386
138313
137240
136158
135053
133919
132754
131562
130342
129093
127814
126504
125168
123811
122439
121061
119683
118311
116948
115595
114249
112910
111576
110248
108924
107605
106291
104979
103671
102364
101060
99757.8
98456.8
97157
95858
94559.9
93262.2
91964.9
90667.9
89371.1
88074.3
86777.4
85480.5
84183.4
82886.3
81589.2
80292.2
78995.2
77698.4
76401.8
75105.5
73809.7
72514.6
71220.3
69927
68634.9
67344.3
66055.4
64768.6
63484.1
62202.4
60923.7
59648.5
58377
57109.6
55846.7
54588.4
53335
52086.8
50844
49607
48376
47151.2
45932.9
44721.3
43516.8
42319.6
41130.1
39948.5
38775.2
37610.5
36454.6
35308
34170.8
33043.5
31926.4
30819.7
29723.7
28638.5
27564.2
26500.6
25447.4
208471
208430
208357
208252
208115
207944
207735
207485
207195
206864
206498
206101
205681
205241
204787
204323
203851
203371
202884
202391
201893
201387
200870
200339
199791
199223
198633
198022
197391
196746
196091
195431
194773
194122
193483
192863
192260
191672
191092
190512
189917
189292
188622
187893
187091
186209
185256
184235
183143
181985
180778
179554
178343
177160
176006
174876
173762
172661
171574
170498
169427
168356
167287
166225
165173
164130
163094
162059
161021
159970
158903
157818
156717
155601
154476
153353
152247
151168
150114
149076
148039
146994
145932
144856
143774
142690
141605
140522
139442
138367
137291
136203
135092
133956
132791
131599
130379
129129
127846
126532
125192
123832
122459
121080
119703
118331
116968
115615
114270
112932
111598
110270
108946
107627
106311
105000
103691
102384
101079
99776.2
98474.7
97174.2
95874.6
94575.8
93277.4
91979.4
90681.6
89384.1
88086.7
86789.3
85491.7
84194.1
82896.5
81598.8
80301.3
79003.8
77706.5
76409.4
75112.7
73816.5
72520.9
71226.1
69932.4
68639.8
67348.8
66059.4
64772.1
63487.1
62204.9
60925.7
59650.1
58378.2
57110.5
55847.2
54588.7
53335.1
52086.7
50843.8
49606.7
48375.6
47150.7
45932.3
44720.7
43516.2
42318.9
41129.3
39947.6
38774.2
37609.3
36453.2
35306.3
34168.9
33041.1
31923.5
30816.1
29719.2
28633
27557.4
26492.5
25437.7
210053
210011
209939
209835
209695
209515
209289
209014
208692
208325
207919
207483
207023
206547
206056
205557
205053
204544
204031
203510
202983
202447
201896
201326
200736
200124
199487
198826
198146
197449
196742
196028
195316
194610
193914
193234
192572
191926
191289
190654
190009
189345
188647
187903
187104
186241
185317
184335
183296
182195
181042
179855
178664
177488
176330
175185
174049
172923
171808
170706
169613
168524
167438
166358
165287
164227
163173
162123
161071
160010
158935
157843
156739
155623
154499
153378
152273
151195
150143
149107
148073
147028
145966
144890
143808
142727
141646
140564
139482
138402
137319
136225
135111
133973
132808
131616
130394
129140
127853
126537
125195
123834
122463
121088
119714
118346
116986
115634
114290
112952
111620
110292
108968
107649
106333
105021
103712
102405
101100
99796.2
98494.2
97193.2
95893
94593.5
93294.2
91995.2
90696.5
89398.3
88100.2
86802.2
85504.1
84205.9
82907.7
81609.4
80311.3
79013.3
77715.5
76417.9
75120.7
73824
72528
71232.7
69938.4
68645.4
67353.7
66063.8
64775.9
63490.4
62207.7
60928
59651.9
58379.6
57111.5
55847.9
54589.1
53335.2
52086.7
50843.7
49606.5
48375.2
47150.3
45931.8
44720.2
43515.6
42318.3
41128.6
39946.8
38773.3
37608.2
36452
35304.8
34167
33038.9
31920.7
30812.6
29715
28627.8
27551.1
26484.9
25428.8
211775
211732
211656
211546
211399
211206
210963
210662
210303
209890
209430
208934
208415
207883
207345
206802
206257
205710
205160
204601
204031
203449
202852
202232
201593
200932
200249
199541
198813
198069
197313
196551
195790
195034
194288
193555
192840
192140
191450
190763
190071
189363
188632
187869
187065
186213
185311
184358
183356
182303
181200
180056
178892
177728
176574
175429
174290
173155
172025
170904
169792
168686
167584
166488
165401
164324
163254
162188
161122
160050
158968
157873
156766
155651
154532
153413
152307
151225
150170
149130
148093
147046
145986
144913
143834
142756
141676
140591
139504
138417
137327
136227
135109
133968
132801
131606
130380
129123
127834
126517
125177
123820
122454
121084
119717
118354
116998
115650
114308
112971
111640
110313
108990
107671
106356
105043
103734
102426
101121
99816.9
98514.4
97213.1
95912.7
94612.6
93312.4
92012.3
90712.5
89413.3
88114.6
86816
85517.4
84218.6
82919.7
81620.8
80322
79023.4
77725
76426.9
75129.2
73832
72535.4
71239.6
69944.8
68651.2
67359
66068.5
64780
63493.9
62210.5
60930.3
59653.6
58380.9
57112.3
55848.4
54589.2
53335.2
52086.5
50843.3
49606
48374.7
47149.7
45931.2
44719.5
43514.8
42317.5
41127.7
39945.9
38772.2
37607
36450.5
35303.1
34165
33036.5
31917.8
30809.2
29710.8
28622.7
27545.1
26477.7
25420.5
213448
213400
213314
213190
213027
212818
212552
212220
211816
211344
210817
210253
209670
209079
208491
207904
207317
206728
206134
205531
204914
204286
203643
202981
202299
201598
200876
200131
199366
198585
197794
196998
196203
195412
194628
193856
193100
192357
191623
190893
190159
189414
188650
187862
187046
186194
185300
184361
183379
182354
181286
180178
179040
177891
176744
175602
174464
173329
172196
171065
169941
168822
167709
166602
165502
164412
163330
162252
161175
160094
159006
157908
156801
155689
154573
153458
152349
151260
150195
149146
148102
147054
145996
144928
143854
142776
141693
140606
139514
138420
137321
136213
135088
133941
132769
131570
130341
129082
127793
126479
125143
123793
122435
121074
119713
118357
117006
115661
114322
112987
111658
110333
109011
107692
106377
105064
103755
102447
101141
99837.4
98534.6
97232.9
95932.2
94631.9
93331.3
92030.1
90729.2
89429
88129.5
86830.3
85531.1
84231.8
82932.3
81632.7
80333.3
79034
77734.9
76436.2
75137.9
73840.2
72543.1
71246.9
69951.6
68657.4
67364.6
66073.5
64784.3
63497.5
62213.5
60932.7
59655.4
58382.2
57113.2
55848.9
54589.4
53335.1
52086.2
50842.9
49605.5
48374.1
47149
45930.5
44718.7
43514
42316.7
41126.9
39944.9
38771.1
37605.8
36449.2
35301.5
34163.1
33034.2
31915.1
30805.9
29706.8
28618
27539.5
26471.1
25412.8
215083
215023
214914
214760
214560
214313
214007
213632
213177
212647
212058
211432
210788
210143
209504
208873
208242
207608
206970
206324
205666
204997
204314
203613
202895
202161
201408
200634
199842
199036
198220
197401
196582
195766
194956
194154
193366
192588
191817
191050
190280
189501
188707
187895
187062
186201
185305
184369
183395
182383
181335
180253
179141
178008
176868
175728
174592
173458
172326
171194
170064
168937
167815
166700
165593
164494
163402
162315
161229
160141
159049
157950
156844
155734
154622
153509
152399
151302
150225
149164
148112
147061
146003
144937
143864
142783
141698
140606
139509
138407
137299
136181
135048
133895
132717
131514
130283
129024
127737
126428
125099
123758
122410
121057
119705
118355
117010
115669
114332
113001
111673
110350
109030
107712
106397
105085
103775
102468
101162
99857.8
98554.6
97252.4
95951.3
94650.9
93350.1
92048.4
90746.5
89445.3
88145
86845.2
85545.5
84245.7
82945.5
81645.2
80345
79045
77745.3
76445.9
75147
73848.8
72551.2
71254.4
69958.6
68663.9
67370.5
66078.7
64788.8
63501.3
62216.6
60935.1
59657.3
58383.4
57114
55849.3
54589.6
53335
52085.9
50842.5
49605
48373.5
47148.4
45929.8
44718
43513.3
42315.9
41126
39944
38770.2
37604.7
36447.9
35300
34161.4
33032.2
31912.6
30802.9
29703.2
28613.7
27534.3
26465.1
25405.9
216713
216632
216487
216282
216022
215709
215339
214901
214388
213802
213156
212476
211783
211094
210416
209749
209079
208404
207723
207034
206335
205626
204904
204168
203419
202655
201876
201079
200267
199442
198609
197772
196935
196100
195269
194445
193630
192823
192022
191223
190421
189613
188793
187958
187106
186232
185327
184389
183416
182409
181372
180305
179211
178095
176966
175830
174694
173561
172430
171299
170167
169037
167911
166790
165678
164572
163472
162377
161285
160193
159098
157999
156894
155785
154675
153564
152455
151352
150264
149192
148131
147073
146011
144942
143864
142779
141688
140591
139489
138380
137264
136137
134996
133835
132652
131446
130214
128956
127673
126370
125050
123719
122380
121037
119693
118350
117010
115673
114340
113012
111687
110366
109047
107730
106416
105105
103796
102488
101183
99878
98574.4
97271.7
95970
94669.2
93368.3
92066.4
90764
89462.1
88161.1
86860.8
85560.7
84260.3
82959.4
81658.4
80357.4
79056.5
77756
76456
75156.5
73857.6
72559.6
71262.3
69966
68670.7
67376.7
66084.2
64793.7
63505.4
62219.9
60937.7
59659.1
58384.7
57114.8
55849.7
54589.6
53334.9
52085.6
50842
49604.4
48372.9
47147.7
45929.1
44717.3
43512.6
42315.1
41125.2
39943.2
38769.2
37603.6
36446.7
35298.7
34159.8
33030.2
31910.3
30800.2
29700
28609.8
27529.7
26459.7
25399.7
218363
218255
218059
217786
217447
217049
216593
216074
215490
214845
214151
213427
212698
211981
211276
210579
209874
209158
208432
207698
206955
206204
205443
204673
203894
203103
202300
201484
200655
199815
198967
198115
197263
196413
195565
194721
193884
193053
192226
191400
190571
189737
188895
188040
187170
186280
185365
184420
183444
182440
181408
180350
179268
178164
177045
175917
174784
173651
172519
171388
170257
169127
167999
166875
165758
164647
163541
162440
161343
160248
159152
158052
156947
155839
154729
153620
152512
151408
150312
149229
148157
147090
146021
144945
143860
142767
141668
140566
139458
138343
137220
136085
134936
133769
132581
131372
130141
128885
127607
126311
125000
123679
122349
121015
119679
118342
117007
115675
114346
113021
111699
110380
109063
107748
106435
105124
103815
102508
101202
99897.4
98593.5
97290.4
95988.2
94687.1
93386
92084.1
90781.5
89479.2
88177.8
86877.1
85576.6
84275.7
82974.2
81672.4
80370.4
79068.6
77767.3
76466.5
75166.3
73866.9
72568.4
71270.6
69973.8
68678
67383.3
66090.1
64798.8
63509.7
62223.4
60940.3
59661.1
58386.1
57115.6
55850.1
54589.7
53334.7
52085.2
50841.5
49603.8
48372.2
47147
45928.4
44716.6
43511.8
42314.3
41124.4
39942.3
38768.3
37602.7
36445.6
35297.4
34158.3
33028.5
31908.3
30797.7
29697
28606.3
27525.6
26455
25394.3
220029
219887
219626
219268
218834
218335
217781
217175
216520
215820
215084
214327
213569
212828
212101
211374
210633
209876
209106
208325
207537
206744
205946
205143
204333
203516
202691
201856
201012
200158
199297
198433
197567
196704
195842
194982
194126
193274
192425
191576
190724
189869
189006
188134
187247
186341
185414
184461
183482
182478
181449
180395
179319
178224
177114
175993
174864
173733
172601
171469
170338
169208
168079
166955
165835
164720
163610
162503
161402
160305
159208
158107
157001
155892
154782
153674
152568
151462
150362
149271
148188
147111
146033
144948
143854
142752
141646
140536
139423
138302
137172
136030
134875
133702
132511
131300
130068
128815
127543
126253
124951
123638
122318
120992
119662
118332
117003
115675
114350
113029
111711
110394
109079
107765
106452
105142
103833
102526
101220
99915.4
98611.3
97308
96005.7
94704.3
93403.2
92101.4
90798.9
89496.6
88195
86894.1
85593.3
84292
82989.9
81687.1
80384.2
79081.4
77779
76477.4
75176.5
73876.6
72577.6
71279.4
69982.1
68685.7
67390.4
66096.5
64804.3
63514.3
62227
60943.1
59663.1
58387.4
57116.4
55850.4
54589.7
53334.4
52084.8
50841
49603.2
48371.6
47146.4
45927.7
44715.9
43511.1
42313.6
41123.7
39941.5
38767.5
37601.7
36444.6
35296.2
34157
33027
31906.4
30795.6
29694.5
28603.3
27522.1
26450.9
25389.6
221709
221518
221171
220705
220160
219556
218906
218217
217494
216740
215963
215173
214389
213625
212875
212118
211341
210546
209736
208912
208083
207250
206417
205582
204743
203900
203054
202202
201343
200477
199603
198726
197849
196974
196099
195224
194353
193484
192616
191748
190877
190003
189123
188233
187331
186411
185471
184511
183528
182522
181493
180442
179370
178280
177176
176061
174937
173809
172678
171546
170413
169282
168153
167029
165908
164792
163678
162568
161463
160363
159263
158160
157053
155943
154833
153726
152619
151513
150410
149312
148221
147134
146046
144952
143849
142738
141623
140507
139387
138260
137123
135976
134814
133638
132444
131231
130000
128750
127482
126199
124904
123599
122286
120967
119645
118320
116996
115674
114354
113036
111721
110407
109094
107781
106470
105160
103851
102543
101237
99932
98627.7
97324.3
96022
94720.7
93419.7
92118.3
90816.2
89514.2
88212.8
86911.9
85611
84309.3
83006.5
81702.9
80398.8
79094.9
77791.4
76488.8
75187.2
73886.7
72587.2
71288.6
69990.9
68694
67398
66103.2
64810.1
63519.2
62230.9
60946.1
59665.2
58388.7
57117.2
55850.7
54589.7
53334.1
52084.3
50840.4
49602.5
48370.9
47145.6
45927
44715.2
43510.4
42312.9
41123
39940.8
38766.7
37600.9
36443.7
35295.2
34155.8
33025.6
31904.9
30793.7
29692.3
28600.8
27519.1
26447.4
25385.7
223410
223143
222672
222078
221414
220706
219965
219198
218406
217597
216775
215951
215139
214352
213575
212786
211977
211149
210304
209447
208583
207718
206854
205990
205124
204258
203392
202525
201651
200772
199887
198999
198111
197224
196337
195450
194565
193681
192798
191913
191027
190136
189240
188335
187418
186485
185535
184566
183578
182570
181540
180490
179420
178334
177234
176123
175004
173879
172750
171618
170485
169353
168223
167098
165978
164861
163745
162632
161524
160420
159317
158212
157103
155993
154883
153774
152667
151559
150453
149350
148251
147155
146058
144955
143844
142725
141602
140479
139352
138220
137077
135924
134757
133577
132381
131168
129937
128689
127426
126148
124860
123562
122255
120943
119626
118308
116989
115672
114357
113043
111731
110420
109109
107798
106487
105176
103867
102560
101253
99947.5
98642.9
97339.5
96037.4
94736.4
93435.8
92134.9
90833.6
89532.2
88231.3
86930.8
85629.9
84327.9
83024.5
81719.9
80414.6
79109.2
77804.5
76500.8
75198.4
73897.3
72597.4
71298.5
70000.3
68702.8
67406.2
66110.6
64816.5
63524.4
62235.1
60949.2
59667.4
58390.1
57117.9
55851
54589.5
53333.8
52083.8
50839.8
49601.9
48370.2
47144.9
45926.3
44714.5
43509.7
42312.2
41122.3
39940.1
38766
37600.2
36442.9
35294.4
34154.8
33024.5
31903.6
30792.2
29690.6
28598.7
27516.7
26444.6
25382.5
225174
224766
224126
223379
222589
221778
220951
220108
219249
218380
217511
216651
215811
214997
214191
213373
212536
211681
210810
209927
209037
208146
207255
206365
205476
204591
203708
202824
201938
201046
200150
199252
198354
197456
196559
195660
194762
193866
192969
192071
191171
190266
189356
188436
187505
186561
185602
184626
183633
182621
181590
180539
179470
178386
177289
176183
175066
173943
172816
171685
170553
169420
168290
167164
166044
164926
163810
162695
161583
160477
159371
158262
157151
156040
154929
153819
152710
151600
150490
149382
148276
147173
146068
144956
143838
142712
141583
140454
139322
138183
137035
135876
134705
133521
132323
131109
129879
128634
127374
126101
124818
123525
122225
120918
119607
118295
116982
115670
114359
113050
111741
110432
109123
107813
106503
105192
103883
102575
101268
99961.9
98657.1
97353.7
96052
94751.6
93451.8
92151.7
90851.3
89551
88250.9
86951
85650.3
84348.2
83044.2
81738.5
80431.7
79124.7
77818.4
76513.4
75210.2
73908.5
72608.2
71309
70010.4
68712.4
67415.1
66118.6
64823.4
63530.2
62239.6
60952.5
59669.6
58391.5
57118.6
55851.2
54589.4
53333.4
52083.3
50839.1
49601.2
48369.4
47144.2
45925.6
44713.8
43509
42311.6
41121.6
39939.5
38765.4
37599.5
36442.2
35293.6
34154
33023.6
31902.6
30791.1
29689.2
28597.1
27514.8
26442.5
25380.1
227014
226381
225512
224593
223675
222762
221851
220934
220009
219085
218171
217278
216410
215568
214730
213885
213025
212150
211259
210356
209446
208532
207618
206707
205800
204898
204001
203104
202204
201301
200395
199488
198579
197671
196764
195855
194946
194038
193130
192221
191309
190392
189468
188536
187593
186638
185670
184688
183689
182673
181640
180588
179519
178436
177342
176238
175124
174003
172876
171747
170616
169484
168354
167227
166106
164988
163871
162755
161642
160532
159423
158311
157198
156085
154973
153861
152750
151636
150522
149408
148296
147185
146073
144955
143830
142700
141566
140431
139293
138149
136995
135832
134657
133471
132271
131056
129827
128583
127326
126058
124779
123491
122196
120894
119589
118282
116975
115668
114361
113055
111749
110443
109136
107827
106518
105208
103898
102589
101282
99975.6
98670.6
97367.4
96066.2
94766.6
93467.8
92168.9
90869.8
89570.8
88272
86973
85672.9
84370.8
83066.2
81759.1
80450.6
79141.6
77833.4
76526.9
75222.6
73920.4
72619.7
71320.2
70021.3
68722.9
67424.8
66127.3
64830.9
63536.4
62244.5
60956.1
59672
58392.9
57119.3
55851.3
54589.1
53332.9
52082.6
50838.4
49600.4
48368.7
47143.4
45924.8
44713.1
43508.4
42310.9
41121
39938.9
38764.8
37599
36441.6
35293.1
34153.4
33023
31901.9
30790.2
29688.3
28596
27513.6
26441.1
25378.5
229082
227963
226804
225700
224648
223638
222649
221664
220682
219712
218763
217843
216947
216073
215207
214338
213459
212566
211659
210738
209812
208881
207948
207020
206097
205182
204272
203362
202452
201538
200623
199706
198789
197871
196954
196036
195117
194199
193282
192363
191440
190511
189576
188632
187679
186715
185739
184749
183746
182726
181689
180636
179567
178485
177393
176290
175178
174058
172933
171804
170674
169543
168414
167288
166166
165047
163929
162812
161697
160586
159474
158360
157244
156128
155014
153900
152786
151669
150549
149429
148311
147194
146075
144952
143822
142688
141550
140410
139268
138118
136960
135792
134614
133425
132223
131008
129779
128537
127282
126017
124741
123458
122167
120871
119571
118270
116968
115665
114363
113060
111757
110453
109148
107840
106532
105222
103912
102603
101295
99988.7
98683.7
97380.8
96080.4
94781.8
93484.2
92186.8
90889.5
89592.4
88295.3
86997.7
85698.4
84396.4
83091.1
81782.6
80471.9
79160.3
77849.8
76541.4
75235.9
73933
72632.1
71332.3
70033.2
68734.2
67435.4
66136.9
64839.2
63543.2
62249.7
60959.9
59674.5
58394.4
57119.9
55851.4
54588.8
53332.3
52081.9
50837.7
49599.6
48367.9
47142.7
45924.1
44712.4
43507.7
42310.3
41120.5
39938.4
38764.3
37598.5
36441.2
35292.6
34153
33022.6
31901.4
30789.8
29687.7
28595.4
27512.9
26440.3
25377.6
231260
229360
227917
226650
225500
224409
223348
222307
221280
220274
219297
218351
217429
216527
215634
214743
213849
212942
212018
211082
210140
209194
208248
207307
206373
205447
204527
203607
202686
201763
200839
199913
198987
198061
197134
196207
195280
194354
193428
192499
191566
190627
189682
188728
187765
186792
185808
184812
183803
182780
181740
180684
179614
178533
177442
176340
175230
174111
172987
171859
170730
169601
168473
167347
166225
165105
163986
162868
161752
160639
159526
158409
157291
156172
155055
153938
152820
151698
150574
149448
148322
147198
146074
144946
143813
142675
141535
140391
139243
138089
136926
135754
134572
133381
132178
130962
129733
128491
127239
125976
124704
123425
122139
120848
119554
118258
116961
115663
114364
113065
111764
110463
109159
107854
106546
105236
103927
102617
101309
100003
98697.6
97395.2
96095.8
94798.8
93502.9
92207.6
90912.8
89618.3
88323.6
87028
85730
84428.5
83122.4
81811.8
80498.1
79183.2
77869.4
76558.6
75251.5
73947.9
72646.6
71346.7
70047.2
68747.8
67448.1
66148.3
64849
63551.2
62255.8
60964.2
59677.3
58395.9
57120.5
55851.3
54588.3
53331.6
52081
50836.7
49598.7
48367
47141.8
45923.3
44711.6
43507
42309.7
41119.9
39937.9
38763.8
37598.1
36440.8
35292.3
34152.7
33022.3
31901.2
30789.6
29687.6
28595.3
27512.8
26440.2
25377.5
232670
230573
228949
227560
226305
225135
224013
222925
221863
220828
219827
218857
217910
216975
216054
215143
214232
213305
212364
211414
210460
209501
208544
207592
206647
205713
204783
203854
202923
201990
201057
200122
199187
198252
197317
196382
195446
194511
193576
192638
191695
190747
189792
188829
187857
186874
185882
184880
183865
182837
181794
180736
179665
178584
177493
176393
175284
174166
173043
171916
170788
169660
168533
167408
166286
165165
164045
162926
161810
160696
159580
158461
157340
156218
155097
153977
152854
151727
150597
149464
148332
147201
146071
144939
143803
142663
141519
140372
139220
138060
136892
135716
134532
133337
132132
130915
129686
128446
127195
125935
124667
123393
122112
120826
119537
118247
116954
115661
114366
113070
111772
110473
109171
107867
106561
105252
103943
102633
101325
100018
98713.8
97412.2
96114.3
94819.2
93525.9
92233.7
90942.3
89651.6
88360.6
87067.8
85771.8
84471
83163.8
81850.5
80532.5
79212.8
77894.4
76580.2
75271
73966.4
72664.8
71364.7
70065
68764.9
67464
66162.7
64861.4
63561.2
62263.4
60969.5
59680.7
58397.8
57121.3
55851.3
54587.8
53330.8
52080.1
50835.8
49597.7
48366.1
47140.9
45922.5
44710.9
43506.4
42309.1
41119.4
39937.5
38763.5
37597.9
36440.7
35292.3
34152.8
33022.5
31901.5
30790
29688.1
28596
27513.6
26441.2
25378.7
233740
231656
229945
228461
227126
225885
224707
223574
222477
221411
220377
219376
218401
217442
216498
215562
214625
213678
212719
211755
210788
209820
208852
207889
206935
205993
205055
204115
203174
202231
201287
200344
199400
198456
197512
196566
195621
194677
193732
192784
191833
190876
189911
188939
187956
186964
185963
184953
183933
182899
181853
180792
179720
178638
177547
176448
175340
174224
173101
171975
170848
169721
168595
167470
166349
165228
164107
162988
161871
160755
159638
158516
157392
156266
155141
154015
152887
151755
150618
149479
148340
147202
146067
144930
143792
142649
141503
140353
139196
138032
136860
135680
134492
133295
132088
130870
129641
128401
127152
125895
124632
123361
122086
120806
119522
118236
116948
115658
114367
113075
111780
110484
109184
107882
106577
105270
103961
102652
101343
100036
98732.3
97432
96136.1
94843.8
93553.8
92265.8
90979.2
89693.2
88406.7
87117.9
85824.6
84524.3
83215.7
81898.7
80575.1
79249
77924.8
76606.3
75294.6
73988.8
72686.9
71386.6
70086.5
68785.6
67483.3
66179.9
64876
63572.9
62272.2
60975.5
59684.4
58399.7
57121.9
55851.1
54587.2
53329.9
52079.1
50834.7
49596.7
48365.1
47140
45921.7
44710.2
43505.8
42308.6
41119
39937.2
38763.4
37597.8
36440.8
35292.5
34153.1
33023
31902.2
30790.9
29689.3
28597.4
27515.3
26443.2
25381
234645
232638
230899
229357
227957
226657
225428
224251
223115
222016
220951
219919
218911
217924
216954
215994
215033
214065
213089
212111
211131
210151
209172
208198
207237
206286
205338
204389
203436
202483
201530
200578
199627
198674
197719
196763
195807
194852
193897
192939
191979
191013
190040
189057
188064
187061
186050
185032
184005
182967
181916
180853
179779
178695
177604
176505
175398
174283
173162
172037
170909
169783
168658
167535
166414
165293
164171
163051
161934
160817
159698
158574
157446
156316
155184
154053
152919
151780
150637
149492
148347
147204
146063
144923
143781
142636
141487
140333
139172
138004
136828
135645
134454
133255
132045
130826
129597
128358
127111
125858
124598
123332
122061
120786
119508
118226
116942
115657
114369
113080
111789
110495
109198
107899
106596
105290
103982
102673
101365
100058
98754.7
97456.3
96163.2
94874.5
93589.2
92306.5
91025.8
89745.9
88465
87180.5
85889.9
84590
83279.2
81957
80626.5
79292.7
77961.8
76638.5
75324.1
74017.1
72714.8
71414.4
70113.7
68811.5
67507.2
66201
64893.7
63586.9
62282.4
60982.3
59688.4
58401.7
57122.5
55850.8
54586.3
53328.8
52077.9
50833.5
49595.6
48364.1
47139.1
45920.9
44709.5
43505.2
42308.2
41118.7
39937
38763.3
37597.9
36441
35292.9
34153.8
33023.8
31903.3
30792.3
29691.1
28599.6
27517.9
26446.2
25384.4
235459
233537
231805
230234
228790
227444
226170
224952
223780
222647
221550
220486
219447
218431
217431
216442
215456
214469
213476
212483
211488
210494
209503
208521
207551
206590
205631
204671
203709
202744
201782
200822
199863
198901
197935
196967
195999
195034
194070
193103
192134
191159
190177
189184
188180
187164
186143
185117
184084
183040
181986
180919
179842
178758
177666
176567
175460
174346
173225
172100
170973
169848
168724
167601
166480
165359
164237
163116
161999
160880
159760
158633
157501
156365
155227
154089
152948
151804
150655
149504
148354
147207
146061
144917
143771
142623
141471
140313
139149
137977
136797
135611
134417
133215
132004
130784
129554
128317
127073
125823
124567
123305
122039
120768
119494
118217
116937
115655
114371
113086
111798
110507
109214
107918
106619
105316
104009
102701
101392
100086
98783.4
97487.5
96198.4
94914.6
93635
92358.8
91084.9
89811.9
88536.8
87256.3
85967.7
84667.5
83353.1
82025
80686.3
79344.4
78006.6
76678.6
75361.6
74053.7
72751.1
71450.3
70148.7
68844.8
67537.8
66227.8
64916
63604.1
62294.6
60990.2
59692.9
58403.7
57122.9
55850.3
54585.3
53327.6
52076.6
50832.3
49594.4
48363
47138.2
45920
44708.8
43504.6
42307.7
41118.4
39936.8
38763.3
37598
36441.4
35293.5
34154.6
33025
31904.8
30794.2
29693.4
28602.4
27521.3
26450.1
25388.9
236221
234378
232671
231091
229620
228238
226927
225673
224468
223303
222174
221077
220007
218959
217928
216911
215901
214891
213881
212871
211861
210853
209851
208858
207877
206904
205934
204961
203986
203011
202040
201072
200105
199134
198157
197178
196199
195223
194249
193274
192297
191314
190322
189318
188300
187274
186243
185209
184169
183120
182060
180990
179911
178824
177732
176632
175526
174412
173291
172166
171040
169915
168792
167670
166549
165426
164303
163181
162062
160943
159820
158691
157555
156413
155268
154122
152976
151825
150672
149517
148363
147212
146063
144914
143765
142612
141455
140293
139125
137949
136767
135577
134381
133177
131965
130744
129515
128280
127038
125791
124538
123281
122018
120751
119481
118208
116932
115654
114374
113092
111808
110522
109233
107943
106648
105350
104046
102737
101428
100122
98821.7
97529.3
96245.1
94967.2
93694.2
92425.1
91158.1
89891.2
88621.2
87343.8
86055.8
84753.6
83434.4
82099.2
80752.8
79403.3
78059.8
76728
75409.3
74101
72798.4
71497.3
70194.4
68888.2
67577.7
66262.8
64944.6
63625.9
62309.8
60999.7
59698
58405.9
57123.2
55849.6
54584.1
53326.2
52075.2
50830.9
49593.1
48361.9
47137.2
45919.2
44708.1
43504.1
42307.3
41118.1
39936.7
38763.4
37598.3
36441.9
35294.2
34155.7
33026.4
31906.7
30796.6
29696.3
28605.9
27525.5
26455
25394.6
236953
235177
233501
231925
230440
229034
227694
226410
225174
223978
222819
221691
220590
219511
218451
217406
216369
215337
214307
213279
212255
211235
210221
209215
208218
207229
206242
205254
204267
203281
202300
201324
200348
199367
198380
197390
196400
195415
194432
193450
192465
191473
190470
189454
188425
187388
186349
185308
184260
183205
182140
181067
179984
178896
177802
176702
175595
174481
173360
172234
171109
169984
168862
167740
166618
165493
164368
163244
162123
161003
159878
158746
157605
156457
155305
154153
153001
151846
150689
149532
148376
147221
146068
144916
143761
142603
141442
140276
139104
137924
136738
135546
134348
133143
131929
130708
129480
128246
127007
125762
124513
123258
121998
120735
119469
118200
116929
115655
114379
113101
111822
110541
109259
107975
106689
105396
104095
102787
101478
100172
98873.3
97585.4
96307
95035.3
93768.6
92505.6
91244.7
89982.2
88714.4
87437.8
86148.7
84842.7
83518.4
82176.3
80822.9
79468
78120.9
76787.2
75468.5
74160.6
72858.5
71557.4
70253.5
68944.8
67629.7
66308.4
64982.1
63654.2
62329.1
61011.4
59704.1
58408.2
57123.4
55848.6
54582.7
53324.6
52073.6
50829.5
49591.8
48360.7
47136.2
45918.4
44707.4
43503.5
42307
41117.9
39936.7
38763.5
37598.7
36442.5
35295.2
34157
33028.1
31908.8
30799.3
29699.7
28610.1
27530.5
26460.9
25401.3
237665
235947
234304
232739
231249
229828
228467
227158
225894
224671
223483
222325
221195
220087
218999
217925
216862
215807
214757
213712
212672
211637
210609
209587
208573
207565
206560
205557
204555
203558
202566
201579
200591
199599
198600
197599
196600
195606
194615
193625
192632
191631
190618
189591
188552
187506
186458
185410
184358
183297
182227
181147
180062
178973
177877
176776
175668
174552
173430
172304
171179
170057
168935
167812
166687
165559
164430
163304
162180
161057
159929
158793
157648
156495
155338
154181
153024
151866
150708
149549
148391
147234
146078
144921
143761
142599
141433
140262
139086
137903
136714
135520
134319
133113
131898
130677
129450
128217
126980
125737
124489
123237
121981
120721
119459
118194
116927
115657
114386
113114
111841
110567
109294
108021
106744
105459
104162
102855
101544
100238
98942.2
97659.2
96386.3
95120
93857.9
92598.9
91340.8
90079.2
88811
87531.9
86239.1
84928.6
83598.5
82251.1
80893.8
79536.5
78188.7
76856.1
75538.6
74232.3
72931.6
71630.9
70326.5
69015.4
67695.7
66367
65030.6
63690.9
62354
61026.2
59711.5
58410.8
57123.4
55847.4
54581
53322.8
52072
50827.9
49590.5
48359.5
47135.2
45917.5
44706.8
43503
42306.6
41117.8
39936.7
38763.8
37599.2
36443.3
35296.2
34158.4
33030
31911.3
30802.4
29703.6
28614.8
27536.2
26467.7
25409.1
238365
236695
235084
233534
232046
230616
229240
227911
226625
225377
224163
222978
221820
220685
219568
218468
217380
216302
215231
214167
213110
212058
211013
209975
208943
207917
206895
205875
204859
203847
202840
201837
200835
199829
198819
197807
196798
195794
194795
193796
192793
191782
190760
189724
188677
187625
186571
185517
184459
183393
182316
181232
180143
179051
177955
176852
175742
174624
173500
172374
171250
170128
169006
167882
166754
165622
164489
163358
162230
161103
159971
158832
157682
156525
155365
154204
153045
151885
150726
149567
148408
147249
146090
144929
143765
142598
141427
140252
139072
137886
136694
135498
134296
133087
131873
130651
129424
128192
126956
125715
124469
123219
121966
120710
119451
118190
116928
115664
114399
113134
111869
110606
109345
108085
106820
105544
104251
102943
101630
100324
99030.3
97751.1
96482
95218.4
93957.4
92698.4
91438.3
90174.1
88901.6
87617.9
86319.2
85003.3
83668.8
82318.7
80960.7
79604.9
78260
76930.5
75616.5
74312.7
73014.2
71715.1
70411.4
69099.1
67775.5
66439.1
65091.3
63737.4
62385.7
61044.9
59720.6
58413.9
57123.3
55845.9
54579.1
53320.9
52070.2
50826.3
49589.1
48358.3
47134.2
45916.7
44706.1
43502.6
42306.3
41117.6
39936.8
38764.1
37599.7
36444.1
35297.4
34160
33032.1
31914
30805.9
29707.9
28620.1
27542.6
26475.3
25418
239057
237428
235846
234313
232831
231398
230011
228667
227362
226092
224854
223645
222461
221300
220158
219032
217919
216818
215727
214643
213567
212498
211436
210380
209331
208287
207247
206212
205179
204151
203127
202107
201088
200068
199045
198022
197001
195986
194975
193964
192949
191927
190894
189852
188800
187743
186684
185624
184561
183489
182407
181318
180225
179130
178033
176928
175814
174694
173568
172441
171316
170194
169072
167945
166814
165679
164542
163407
162274
161141
160005
158861
157710
156551
155388
154226
153064
151904
150744
149585
148424
147263
146101
144937
143769
142598
141423
140245
139061
137872
136678
135480
134276
133067
131851
130629
129403
128171
126936
125696
124452
123205
121954
120701
119447
118190
116934
115677
114421
113166
111913
110663
109417
108173
106922
105655
104364
103053
101737
100428
99135.9
97857.2
96588.1
95322.4
94057.9
92793.2
91527.6
90256.6
88976.9
87686.1
86381.4
85060.6
83723.1
82373.5
81018.8
79668.2
78328.9
77005
75695.5
74395.8
73100.2
71803.9
70502.5
69191.1
67865.2
66522.1
65162.7
63793.1
62424.2
61067.8
59731.6
58417.6
57123.2
55844.2
54576.9
53318.7
52068.2
50824.6
49587.6
48357.1
47133.2
45915.9
44705.5
43502.1
42306
41117.5
39936.9
38764.4
37600.3
36445
35298.7
34161.8
33034.4
31917
30809.6
29712.6
28625.9
27549.7
26483.8
25427.9
239744
238150
236594
235078
233604
232171
230777
229422
228101
226813
225555
224323
223116
221930
220764
219614
218478
217355
216242
215138
214043
212955
211875
210801
209734
208673
207616
206563
205514
204469
203428
202390
201355
200320
199284
198248
197215
196185
195158
194133
193105
192071
191030
189980
188922
187859
186794
185731
184661
183584
182497
181404
180307
179208
178107
177000
175883
174759
173631
172503
171377
170254
169129
168001
166867
165729
164590
163451
162313
161175
160034
158887
157734
156574
155410
154247
153084
151923
150762
149601
148439
147276
146111
144944
143773
142599
141421
140239
139052
137861
136665
135465
134259
133049
131833
130611
129385
128154
126919
125681
124440
123195
121947
120698
119447
118197
116948
115702
114458
113216
111979
110747
109519
108290
107052
105789
104496
103179
101857
100545
99249.9
97969.1
96693.9
95420.3
94146.3
92872.3
91596.4
90316.3
89027.8
87729.6
86419
85095.2
83757.6
82411.2
81062.9
79719.9
78388.7
77071.2
75766.9
74471.4
73180
71888.2
70591.2
69283.3
67957.9
66609.9
65239.9
63854.6
62467.4
61093.7
59744.1
58421.6
57122.8
55842.2
54574.5
53316.4
52066.2
50822.9
49586.2
48355.9
47132.2
45915.1
44704.9
43501.7
42305.8
41117.5
39937.1
38764.8
37601
36446
35300.1
34163.6
33036.8
31920.1
30813.6
29717.6
28632.1
27557.3
26493
25438.8
240370
238805
237270
235769
234303
232872
231476
230113
228781
227479
226204
224955
223728
222523
221336
220165
219009
217866
216734
215612
214498
213394
212296
211206
210122
209044
207971
206903
205838
204777
203721
202667
201617
200567
199518
198470
197424
196381
195340
194300
193258
192213
191162
190104
189039
187971
186902
185831
184756
183674
182582
181485
180385
179282
178175
177063
175944
174817
173686
172557
171432
170307
169180
168048
166912
165773
164631
163488
162346
161203
160059
158910
157756
156596
155432
154268
153104
151942
150780
149617
148453
147288
146120
144950
143777
142600
141419
140235
139046
137852
136654
135453
134246
133035
131819
130597
129372
128142
126909
125673
124433
123191
121947
120702
119457
118214
116976
115742
114513
113290
112073
110860
109649
108432
107199
105934
104632
103305
101975
100657
99356.2
98066.7
96781.3
95494.6
94207.8
92921.2
91633.6
90343.3
89046.6
87742.2
86427.1
85102.1
83767.8
82426.7
81086.3
79752.2
78429
77118
75818.4
74527.3
73240.7
71954.8
70664.7
69362.8
68041
66691.5
65313.6
63914.6
62510.2
61119.5
59756.4
58425.2
57122
55839.8
54571.8
53313.9
52064
50821.1
49584.6
48354.6
47131.1
45914.2
44704.2
43501.2
42305.5
41117.4
39937.1
38765.1
37601.6
36446.9
35301.4
34165.4
33039.2
31923.2
30817.6
29722.7
28638.6
27565.4
26502.9
25450.7
240989
239448
237933
236445
234988
233560
232162
230793
229453
228139
226850
225585
224341
223117
221911
220721
219546
218383
217232
216092
214961
213839
212725
211618
210517
209423
208334
207250
206170
205094
204022
202953
201887
200823
199760
198699
197641
196584
195530
194477
193422
192364
191302
190235
189163
188089
187013
185935
184854
183766
182671
181569
180463
179356
178244
177127
176003
174873
173741
172611
171483
170357
169227
168094
166956
165815
164671
163525
162379
161233
160085
158934
157779
156619
155456
154292
153127
151963
150799
149635
148468
147300
146131
144958
143783
142603
141420
140233
139042
137846
136647
135444
134237
133026
131810
130589
129365
128137
126906
125672
124435
123197
121957
120718
119481
118248
117022
115805
114596
113396
112200
111007
109809
108596
107356
106076
104758
103419
102079
100752
99441.9
98139.2
96838.2
95535.9
94234.6
92934.7
91636.4
90337
89033.4
87724.4
86407.6
85083.8
83753.4
82419.2
81086.8
79760.8
78444.6
77138.8
75843.7
74556.8
73276
71997
70715.1
69421.8
68106.2
66758.5
65375.8
63966.4
62547.8
61142.4
59767
58427.9
57120.9
55837.2
54569.1
53311.6
52062
50819.4
49583.3
48353.6
47130.3
45913.6
44703.7
43500.9
42305.3
41117.4
39937.4
38765.6
37602.4
36448
35302.9
34167.3
33041.8
31926.5
30821.8
29728.1
28645.5
27574
26513.5
25463.5
241691
240173
238677
237204
235755
234331
232932
231559
230210
228884
227581
226299
225038
223794
222568
221357
220161
218978
217806
216645
215495
214353
213219
212093
210974
209861
208754
207651
206554
205460
204371
203285
202202
201122
200044
198968
197894
196823
195753
194684
193615
192543
191468
190390
189310
188227
187143
186057
184968
183874
182772
181665
180554
179440
178323
177200
176071
174938
173804
172672
171542
170412
169280
168144
167005
165862
164715
163567
162417
161267
160116
158963
157806
156646
155483
154319
153154
151988
150823
149656
148487
147316
146144
144969
143791
142609
141424
140235
139042
137845
136644
135441
134234
133023
131808
130589
129367
128141
126914
125684
124452
123219
121986
120756
119530
118312
117104
115909
114726
113550
112376
111196
109998
108772
107506
106201
104860
103504
102151
100814
99489.7
98170.7
96852.5
95534.3
94219.1
92908.3
91600.8
90294.6
88987
87675.5
86359.5
85038.2
83712.3
82384.9
81059.7
79740.5
78429.7
77128.1
75836.8
74554.1
73278.9
72007.5
70734.7
69451.4
68144.6
66801.6
65418.2
64002.9
62574.7
61158.5
59773.8
58428.7
57118.8
55834.3
54566.3
53309.2
52060.1
50817.8
49582
48352.5
47129.5
45913
44703.3
43500.6
42305.3
41117.5
39937.7
38766.1
37603.1
36449.1
35304.4
34169.3
33044.3
31929.8
30826.1
29733.6
28652.5
27582.9
26524.7
25477.3
242481
240984
239505
238045
236605
235185
233786
232409
231052
229715
228398
227100
225820
224557
223310
222078
220860
219654
218460
217277
216103
214940
213784
212637
211496
210362
209235
208112
206995
205882
204774
203669
202568
201469
200374
199280
198189
197100
196013
194926
193840
192752
191663
190573
189482
188390
187296
186200
185100
183996
182888
181774
180657
179537
178415
177287
176155
175019
173882
172747
171613
170479
169343
168203
167060
165914
164766
163614
162462
161309
160154
158998
157840
156679
155516
154351
153185
152018
150850
149680
148509
147336
146161
144983
143803
142620
141432
140241
139047
137849
136648
135445
134238
133029
131816
130601
129383
128163
126942
125720
124497
123273
122051
120834
119624
118424
117241
116073
114917
113763
112600
111416
110195
108928
107619
106274
104905
103532
102168
100820
99481.1
98145.7
96811.8
95481.3
94156.4
92839
91526.5
90217.5
88907.7
87596.2
86281.9
84963.9
83642.7
82321.2
81001.5
79687.7
78380.1
77082.3
75794.2
74515.6
73245.2
71980.6
70716.1
69443.1
68146.2
66810.8
65431.1
64015.8
62584.3
61163.4
59774.3
58426.3
57115.4
55830.9
54563.4
53306.8
52058.2
50816.3
49580.8
48351.6
47128.7
45912.4
44702.9
43500.4
42305.2
41117.6
39938
38766.7
37603.9
36450.2
35305.8
34171.2
33046.8
31933
30830.3
29739
28659.5
27592
26536.4
25491.9
243356
241878
240415
238966
237534
236118
234719
233338
231974
230627
229297
227984
226686
225404
224135
222881
221640
220410
219193
217986
216788
215601
214421
213250
212086
210930
209779
208634
207495
206361
205232
204106
202984
201866
200750
199637
198527
197419
196312
195207
194103
192999
191894
190790
189685
188579
187472
186363
185252
184138
183020
181899
180776
179651
178522
177390
176253
175115
173976
172838
171699
170560
169418
168273
167126
165976
164825
163671
162515
161358
160200
159041
157881
156718
155553
154387
153220
152052
150882
149710
148536
147360
146183
145003
143821
142636
141448
140256
139061
137864
136664
135462
134259
133053
131847
130639
129430
128220
127010
125801
124591
123382
122176
120975
119785
118609
117452
116309
115172
114022
112844
111620
110342
109012
107647
106259
104864
103480
102112
100756
99405.8
98060.2
96718.5
95383.8
94055.4
92736.4
91423.4
90114.1
88805.4
87494.8
86181.9
84867.1
83550.4
82233.2
80918.1
79607.7
78303.4
77007.8
75721.9
74445.2
73178
71917.7
70659.4
69394.1
68105.9
66779.5
65407.8
63999.1
62572.1
61154.2
59766.9
58420.5
57110.8
55827.4
54560.8
53304.8
52056.6
50815.1
49579.8
48350.8
47128.2
45912
44702.7
43500.3
42305.3
41117.9
39938.4
38767.3
37604.8
36451.3
35307.3
34173.1
33049.2
31936.1
30834.3
29744.2
28666.3
27600.8
26547.9
25506.7
244309
242848
241397
239958
238532
237119
235721
234336
232965
231609
230266
228938
227623
226322
225033
223757
222493
221240
219998
218766
217543
216330
215126
213929
212741
211559
210384
209215
208052
206894
205741
204593
203449
202309
201172
200038
198908
197779
196653
195529
194405
193283
192162
191041
189920
188798
187676
186553
185429
184303
183176
182046
180915
179781
178646
177508
176368
175226
174084
172942
171798
170653
169505
168356
167204
166051
164896
163738
162579
161419
160258
159095
157932
156767
155601
154433
153264
152093
150921
149747
148570
147392
146213
145031
143848
142662
141474
140284
139091
137897
136702
135506
134311
133115
131921
130727
129534
128342
127150
125957
124765
123573
122383
121201
120032
118877
117736
116598
115447
114263
113025
111727
110372
108972
107555
106140
104737
103354
101987
100628
99277
97932.7
96593.7
95261.4
93936.7
92620.7
91309.7
90001.7
88694.1
87385.6
86075.2
84763.4
83449.9
82136.3
80824.8
79516.9
78214.9
76920.6
75635
74358.7
73091.6
71832
70575.7
69313.7
68031
66712.5
65351.6
63954.6
62539.7
61132.1
59752.5
58411.8
57105.4
55824
54558.4
53303.1
52055.3
50814.1
49579.1
48350.3
47127.8
45911.8
44702.5
43500.3
42305.4
41118.2
39938.9
38767.9
37605.6
36452.4
35308.6
34174.8
33051.4
31938.9
30837.8
29748.8
28672.3
27608.9
26558.6
25520.8
245322
243873
242432
241001
239580
238169
236770
235381
234004
232639
231285
229943
228613
227293
225985
224688
223402
222126
220859
219602
218355
217116
215886
214663
213449
212241
211040
209846
208658
207475
206298
205125
203958
202794
201635
200479
199326
198177
197030
195886
194743
193602
192462
191324
190186
189048
187911
186773
185636
184498
183359
182219
181078
179936
178793
177648
176502
175355
174207
173059
171909
170758
169605
168451
167295
166137
164978
163817
162654
161491
160327
159161
157995
156827
155658
154488
153317
152144
150969
149792
148614
147435
146255
145073
143891
142707
141523
140338
139154
137970
136788
135608
134431
133256
132084
130913
129743
128574
127404
126231
125055
123876
122698
121525
120359
119194
118027
116843
115626
114363
113041
111660
110234
108789
107352
105937
104545
103174
101816
100467
99126.6
97792.5
96463.4
95139.5
93822
92511.1
91203.3
89897.5
88591.8
87285.2
85977
84667.3
83356.6
82046.1
80737.2
79431.6
78130.8
76836.5
75549.9
74271.6
73001.2
71738.4
70479.2
69215.6
67934.4
66621.9
65271.8
63889.6
62491.7
61100
59733.5
58401.2
57099.7
55820.9
54556.5
53301.7
52054.3
50813.3
49578.5
48349.8
47127.5
45911.6
44702.5
43500.5
42305.7
41118.5
39939.4
38768.5
37606.4
36453.4
35309.9
34176.4
33053.3
31941.4
30841
29752.9
28677.7
27616.1
26568.4
25534
246358
244917
243484
242058
240640
239231
237830
236438
235055
233682
232318
230963
229619
228283
226957
225641
224334
223036
221747
220467
219195
217931
216675
215428
214187
212954
211727
210507
209293
208086
206883
205687
204495
203308
202125
200946
199772
198600
197432
196267
195105
193945
192787
191631
190476
189322
188170
187018
185866
184715
183564
182413
181261
180109
178957
177804
176651
175496
174341
173186
172029
170872
169713
168554
167393
166230
165067
163902
162737
161570
160403
159235
158066
156896
155725
154554
153380
152206
151030
149853
148675
147498
146320
145143
143967
142794
141624
140457
139295
138138
136986
135839
134695
133551
132410
131267
130121
128969
127814
126653
125479
124287
123080
121858
120621
119372
118108
116827
115521
114175
112789
111367
109929
108494
107083
105696
104332
102984
101646
100317
98993.6
97674.1
96357.4
95044.1
93734.4
92427.8
91122.6
89818.4
88513.4
87207.8
85900.7
84592.9
83284.3
81976.1
80669.1
79364.9
78064.3
76769
75479.7
74197.4
72921.7
71652
70385.4
69115.1
67830.7
66521.2
65181
63814.8
62436
61063.3
59712.3
58390
57094.3
55818.1
54555
53300.7
52053.5
50812.7
49578.1
48349.6
47127.3
45911.6
44702.6
43500.6
42306
41119
39939.9
38769.2
37607.2
36454.4
35311.1
34177.9
33055.2
31943.6
30843.8
29756.5
28682.5
27622.6
26577.4
25546.5
247133
245698
244269
242847
241431
240022
238620
237226
235839
234461
233090
231728
230373
229027
227690
226360
225039
223726
222421
221125
219836
218555
217281
216015
214756
213504
212259
211020
209787
208561
207340
206125
204915
203710
202510
201314
200122
198935
197751
196570
195393
194219
193047
191877
190709
189543
188379
187216
186054
184892
183732
182571
181412
180252
179092
177932
176772
175612
174451
173290
172128
170966
169803
168639
167474
166308
165142
163975
162807
161639
160471
159302
158133
156964
155794
154624
153452
152280
151107
149934
148761
147590
146422
145258
144099
142947
141804
140670
139548
138434
137324
136213
135092
133962
132824
131673
130508
129330
128133
126917
125677
124417
123132
121827
120514
119188
117853
116509
115157
113789
112407
111012
109619
108237
106870
105522
104188
102863
101545
100231
98919.5
97609.6
96301.1
94993.8
93688
92383.2
91079.2
89775
88470.2
87164.8
85858
84550.9
83243.3
81936.1
80630
79326.2
78025.4
76728.7
75436.7
74150.1
72868.7
71591.6
70316.7
69038.1
67748.5
66438.5
65104.8
63750.9
62388.2
61031.7
59693.9
58380.5
57089.6
55815.6
54553.4
53299.4
52052.4
50811.7
49577.2
48348.7
47126.6
45910.9
44702
43500.1
42305.5
41118.6
39939.6
38769
37607.1
36454.4
35311.2
34178.2
33055.7
31944.5
30845.2
29758.6
28685.5
27627.1
26584.1
25556.9
247632
246201
244775
243355
241940
240532
239130
237734
236346
234964
233589
232222
230862
229510
228165
226828
225499
224177
222862
221556
220256
218964
217680
216402
215131
213868
212610
211359
210115
208876
207644
206416
205195
203978
202767
201560
200357
199159
197965
196774
195587
194403
193222
192044
190868
189694
188521
187351
186182
185013
183846
182680
181515
180350
179185
178020
176856
175691
174527
173362
172196
171031
169865
168698
167532
166365
165197
164030
162862
161695
160529
159362
158196
157031
155866
154702
153537
152371
151205
150039
148875
147714
146558
145410
144272
143147
142034
140937
139852
138770
137684
136577
135442
134281
133099
131894
130667
129422
128158
126876
125574
124255
122920
121576
120229
118881
117535
116191
114846
113498
112144
110789
109436
108091
106756
105431
104114
102804
101496
100190
98884.2
97579.3
96274.6
94969.8
93665.7
92361.7
91057.8
89753.6
88448.7
87143.1
85836.6
84529.6
83222.5
81915.8
80610.2
79306.4
78005.1
76707.3
75413.3
74123.4
72837.7
71555
70273.5
68988.6
67694.2
66383.1
65053
63707.3
62355.4
61010.1
59681.5
58374.3
57086.6
55814.1
54552.4
53298.7
52051.8
50811.2
49576.7
48348.3
47126.2
45910.6
44701.8
43499.9
42305.4
41118.5
39939.6
38769.1
37607.2
36454.6
35311.6
34178.7
33056.4
31945.5
30846.5
29760.4
28688.1
27631.1
26590.2
25566.7
247985
246557
245134
243715
242301
240893
239491
238095
236705
235321
233944
232573
231210
229853
228504
227162
225826
224498
223178
221864
220557
219258
217966
216680
215401
214129
212863
211604
210351
209104
207863
206627
205397
204172
202952
201737
200527
199321
198120
196922
195728
194538
193350
192166
190984
189804
188626
187450
186275
185102
183931
182760
181591
180422
179253
178085
176918
175750
174582
173415
172247
171079
169911
168744
167576
166410
165244
164079
162915
161753
160592
159432
158273
157116
155961
154806
153651
152494
151335
150173
149012
147854
146706
145570
144449
143344
142256
141187
140124
139053
137952
136809
135622
134400
133150
131880
130596
129295
127986
126662
125331
123992
122647
121303
119962
118625
117293
115965
114639
113313
111987
110659
109332
108009
106693
105382
104075
102772
101469
100168
98865.7
97563.2
96260.4
94957.1
93653.6
92349.9
91046.1
89741.8
88436.7
87131
85824.6
84517.7
83210.9
81904.5
80599.1
79295.3
77993.7
76695
75399.5
74107.3
72818.4
71531.6
70245.4
68955.7
67657.5
66345.4
65017.6
63677.4
62333
60995.4
59673.1
58370.1
57084.6
55813.1
54551.7
53298.2
52051.3
50810.8
49576.3
48348
47125.9
45910.4
44701.6
43499.8
42305.3
41118.4
39939.6
38769.1
37607.3
36454.8
35311.8
34179
33056.9
31946.2
30847.5
29761.8
28690.2
27634.3
26595.3
25575.5
248233
246807
245385
243968
242555
241147
239745
238348
236957
235573
234194
232821
231455
230096
228743
227397
226058
224726
223401
222082
220771
219466
218169
216878
215593
214315
213044
211778
210519
209266
208019
206777
205541
204310
203085
201864
200649
199438
198231
197028
195830
194635
193443
192254
191067
189883
188701
187521
186343
185166
183991
182818
181646
180474
179303
178133
176963
175793
174623
173453
172283
171114
169945
168777
167612
166448
165287
164128
162973
161821
160671
159522
158371
157222
156076
154927
153775
152620
151457
150289
149123
147966
146825
145701
144590
143488
142402
141330
140256
139162
138030
136842
135600
134320
133019
131708
130394
129075
127750
126421
125088
123756
122423
121093
119770
118452
117139
115828
114518
113208
111898
110587
109275
107965
106658
105355
104054
102754
101455
100155
98855
97554
96252.2
94949.7
93646.6
92343.2
91039.2
89734.8
88429.7
87123.9
85817.6
84510.8
83204.2
81897.9
80592.7
79288.8
77986.9
76687.6
75391
74097.2
72806
71516.5
70226.9
68933.9
67633.1
66320.1
64993.8
63657.3
62318
60985.6
59667.6
58367.3
57083.4
55812.4
54551.2
53297.8
52051
50810.4
49576
48347.7
47125.7
45910.2
44701.4
43499.6
42305.2
41118.3
39939.5
38769.1
37607.4
36454.8
35312
34179.3
33057.3
31946.7
30848.2
29762.9
28691.8
27636.8
26599.5
25583.3
248405
246981
245560
244144
242732
241325
239922
238525
237134
235748
234368
232994
231627
230265
228910
227562
226220
224885
223557
222236
220921
219613
218311
217016
215728
214446
213170
211901
210638
209380
208129
206883
205642
204408
203178
201953
200734
199519
198309
197103
195901
194703
193508
192316
191127
189940
188755
187572
186391
185212
184035
182859
181685
180512
179339
178167
176995
175824
174652
173481
172309
171138
169969
168804
167643
166487
165334
164186
163043
161901
160760
159615
158465
157318
156173
155022
153870
152714
151548
150377
149206
148046
146902
145773
144646
143525
142417
141325
140226
139105
137944
136725
135449
134135
132808
131484
130166
128852
127537
126221
124904
123586
122272
120958
119651
118348
117048
115749
114450
113149
111848
110546
109242
107939
106638
105339
104041
102744
101446
100148
98848.6
97548.5
96247.4
94945.3
93642.5
92339.1
91035.1
89730.5
88425.3
87119.5
85813.2
84506.6
83200
81893.9
80588.7
79284.9
77982.8
76683
75385.6
74090.7
72798
71506.4
70214.6
68919.3
67616.8
66303.3
64978
63644
62308.1
60979.1
59663.9
58365.6
57082.5
55811.9
54550.9
53297.5
52050.8
50810.2
49575.8
48347.5
47125.5
45910
44701.2
43499.5
42305.1
41118.3
39939.5
38769
37607.4
36454.9
35312.1
34179.4
33057.5
31947
30848.7
29763.6
28692.9
27638.7
26602.7
25590.2
248523
247100
245680
244264
242853
241446
240044
238647
237255
235868
234488
233113
231744
230382
229025
227675
226332
224995
223665
222341
221024
219713
218409
217112
215821
214536
213257
211985
210719
209459
208204
206955
205712
204474
203241
202014
200792
199574
198362
197154
195950
194750
193554
192360
191169
189980
188792
187607
186424
185243
184065
182888
181713
180538
179364
178191
177018
175846
174673
173501
172328
171155
169985
168825
167675
166530
165388
164248
163109
161970
160825
159673
158518
157366
156217
155068
153921
152771
151606
150427
149242
148065
146908
145755
144603
143456
142329
141215
140093
138954
137779
136550
135261
133941
132612
131292
129985
128684
127384
126084
124783
123481
122179
120878
119580
118285
116993
115702
114411
113116
111820
110523
109223
107924
106626
105329
104033
102737
101440
100143
98844.7
97545.1
96244.4
94942.6
93639.9
92336.6
91032.6
89727.9
88422.7
87116.8
85810.5
84503.9
83197.5
81891.4
80586.3
79282.4
77980.2
76680.1
75382.2
74086.5
72792.6
71499.7
70206.3
68909.5
67605.9
66292.1
64967.5
63635.2
62301.5
60974.8
59661.5
58364.4
57081.9
55811.6
54550.7
53297.3
52050.6
50810
49575.6
48347.3
47125.4
45909.9
44701.1
43499.4
42305
41118.2
39939.4
38769
37607.4
36454.9
35312.1
34179.5
33057.7
31947.3
30849.1
29764.2
28693.7
27640
26605.3
25596
248602
247180
245760
244345
242934
241527
240125
238728
237336
235949
234568
233193
231823
230460
229102
227751
226407
225068
223737
222412
221093
219781
218475
217176
215883
214596
213316
212042
210774
209511
208255
207004
205758
204518
203283
202054
200830
199611
198397
197188
195983
194783
193586
192391
191199
190008
188818
187631
186447
185265
184086
182909
181733
180557
179383
178209
177036
175863
174689
173516
172342
171168
169997
168842
167705
166570
165433
164290
163144
162000
160850
159689
158527
157368
156215
155071
153932
152784
151612
150417
149211
148025
146852
145681
144513
143358
142215
141083
139948
138801
137619
136389
135107
133794
132471
131161
129867
128578
127291
126002
124712
123420
122125
120830
119537
118247
116960
115673
114386
113097
111804
110508
109212
107915
106619
105323
104028
102733
101437
100140
98842.3
97543.1
96242.6
94941
93638.4
92335.1
91031
89726.3
88421
87115.1
85808.8
84502.3
83195.9
81889.9
80584.8
79280.9
77978.7
76678.3
75380
74083.7
72789
71495.2
70200.7
68902.9
67598.6
66284.7
64960.6
63629.3
62297.2
60972.1
59660
58363.6
57081.6
55811.4
54550.5
53297.2
52050.4
50809.9
49575.5
48347.2
47125.2
45909.8
44701
43499.3
42304.9
41118.1
39939.4
38769
37607.3
36454.9
35312.1
34179.6
33057.8
31947.4
30849.3
29764.5
28694.3
27641
26607.2
25600.8
248652
247231
245812
244397
242986
241579
240177
238780
237388
236001
234620
233244
231874
230510
229152
227800
226455
225116
223783
222457
221138
219824
218518
217217
215923
214635
213354
212078
210809
209545
208287
207034
205788
204546
203310
202079
200854
199633
198419
197209
196005
194805
193608
192413
191219
190027
188836
187647
186461
185280
184101
182923
181747
180572
179397
178223
177050
175877
174703
173529
172351
171175
170008
168858
167723
166589
165450
164301
163145
161992
160839
159678
158510
157344
156184
155038
153898
152738
151566
150370
149158
147965
146787
145608
144434
143274
142127
140983
139839
138687
137502
136275
135002
133698
132384
131083
129797
128517
127238
125955
124671
123384
122093
120801
119511
118224
116939
115655
114371
113084
111793
110499
109204
107909
106614
105320
104025
102730
101435
100139
98840.9
97541.9
96241.6
94940.1
93637.5
92334.2
91030.1
89725.3
88419.9
87114
85807.8
84501.3
83194.9
81889
80583.9
79280.1
77977.7
76677.3
75378.7
74082
72786.7
71492.2
70197
68898.6
67593.8
66279.8
64956.1
63625.6
62294.5
60970.3
59659
58363.1
57081.4
55811.3
54550.5
53297.1
52050.4
50809.8
49575.4
48347.1
47125.2
45909.7
44701
43499.2
42304.8
41118.1
39939.3
38768.9
37607.3
36454.9
35312.1
34179.6
33057.8
31947.5
30849.5
29764.7
28694.7
27641.6
26608.6
25604.7
248683
247262
245843
244428
243017
241611
240209
238812
237419
236032
234651
233275
231905
230540
229182
227830
226484
225145
223812
222485
221165
219851
218543
217242
215947
214659
213376
212100
210830
209565
208306
207053
205805
204562
203325
202093
200867
199646
198431
197222
196018
194819
193623
192429
191235
190041
188848
187657
186471
185290
184111
182934
181757
180582
179408
178233
177059
175889
174716
173543
172364
171184
170014
168863
167727
166590
165446
164288
163127
161972
160820
159662
158490
157315
156148
154992
153852
152693
151510
150311
149107
147913
146732
145552
144382
143222
142069
140915
139768
138613
137427
136201
134937
133640
132331
131036
129756
128482
127207
125929
124648
123363
122075
120784
119496
118210
116926
115644
114361
113076
111787
110494
109200
107905
106611
105317
104023
102729
101434
100138
98840.1
97541.2
96241
94939.6
93637
92333.7
91029.5
89724.8
88419.4
87113.5
85807.2
84500.8
83194.5
81888.6
80583.5
79279.6
77977.3
76676.8
75378
74081
72785.4
71490.4
70194.6
68895.8
67590.8
66276.8
64953.3
63623.3
62292.8
60969.2
59658.5
58362.9
57081.2
55811.2
54550.4
53297.1
52050.3
50809.8
49575.3
48347.1
47125.1
45909.6
44700.9
43499.2
42304.8
41118
39939.3
38768.9
37607.3
36454.9
35312.1
34179.6
33057.8
31947.5
30849.5
29764.9
28695
27642.1
26609.6
25607.6
248699
247278
245860
244445
243034
241628
240226
238829
237437
236049
234668
233292
231921
230557
229198
227846
226500
225160
223827
222500
221179
219865
218557
217256
215961
214671
213389
212112
210841
209576
208316
207062
205814
204571
203333
202100
200873
199652
198437
197228
196026
194828
193633
192440
191247
190052
188858
187666
186478
185298
184121
182943
181767
180593
179420
178245
177070
175899
174727
173555
172377
171195
170019
168863
167723
166580
165429
164266
163101
161947
160793
159636
158467
157290
156122
154962
153812
152649
151469
150270
149068
147878
146698
145520
144349
143188
142033
140873
139721
138562
137379
136157
134898
133605
132300
131008
129732
128461
127190
125914
124635
123352
122064
120775
119488
118202
116919
115637
114355
113071
111783
110490
109197
107903
106610
105316
104022
102728
101433
100137
98839.7
97540.8
96240.6
94939.2
93636.7
92333.4
91029.2
89724.4
88419
87113.1
85806.9
84500.5
83194.2
81888.3
80583.3
79279.4
77977.1
76676.5
75377.7
74080.5
72784.6
71489.2
70193.2
68894.1
67589
66275
64951.8
63622.1
62291.9
60968.7
59658.2
58362.7
57081.2
55811.2
54550.4
53297
52050.3
50809.7
49575.3
48347
47125.1
45909.6
44700.9
43499.1
42304.7
41118
39939.2
38768.9
37607.2
36454.8
35312.1
34179.5
33057.8
31947.5
30849.6
29764.9
28695.1
27642.4
26610.2
25609.5
248706
247285
245866
244452
243041
241635
240233
238836
237444
236056
234675
233298
231928
230563
229205
227853
226506
225167
223833
222506
221185
219871
218563
217261
215966
214677
213394
212117
210846
209580
208321
207066
205818
204574
203336
202103
200876
199654
198439
197230
196027
194828
193634
192441
191247
190053
188859
187667
186480
185299
184121
182943
181767
180593
179421
178246
177072
175902
174731
173559
172382
171200
170023
168862
167717
166572
165417
164255
163090
161935
160782
159625
158453
157279
156109
154947
153793
152629
151447
150250
149049
147860
146681
145504
144333
143172
142014
140852
139696
138534
137353
136134
134879
133587
132285
130994
129720
128451
127181
125907
124629
123347
122060
120771
119484
118199
116916
115635
114353
113069
111781
110489
109196
107902
106609
105315
104022
102728
101433
100137
98839.4
97540.6
96240.5
94939
93636.5
92333.2
91029
89724.2
88418.8
87112.9
85806.7
84500.3
83194
81888.2
80583.1
79279.3
77977
76676.4
75377.5
74080.3
72784.2
71488.7
70192.5
68893.3
67588.1
66274.2
64951.1
63621.5
62291.5
60968.5
59658.1
58362.7
57081.2
55811.2
54550.4
53297
52050.2
50809.7
49575.2
48347
47125
45909.5
44700.8
43499.1
42304.7
41117.9
39939.2
38768.8
37607.2
36454.8
35312
34179.5
33057.8
31947.5
30849.6
29765
28695.2
27642.5
26610.4
25610.4
24676.6
23721.6
22721.5
21685
20617.3
19521.1
18398.9
17253.4
16087.1
14903.2
13705.2
12497.1
11283.6
10070.4
8864.08
7672.8
6506.14
5375.6
4294.74
3279.93
2350.67
1530.55
847.733
337.298
43.8273
24640.9
23681
22680.9
21645
20577.8
19482.4
18361.4
17217
16052.1
14869.5
13673
12466.3
11254.5
10042.9
8838.4
7649.03
6484.36
5355.9
4277.19
3264.74
2337.87
1520.4
840.228
332.751
42.3561
24614.3
23646.3
22643.7
21607.3
20540.1
19445.1
18324.8
17181.4
16017.5
14836.1
13640.8
12435.5
11225.1
10015.1
8812.28
7624.71
6461.96
5335.51
4258.97
3248.83
2324.45
1509.64
832.352
327.991
40.9945
24590.3
23615
22609.1
21571.7
20504.4
19409.7
18289.9
17147.3
15984.5
14804.3
13610.2
12406.2
11197.2
9988.74
8787.55
7601.71
6440.79
5316.29
4241.84
3233.91
2311.89
1499.63
825.08
323.698
39.8635
24568.5
23587.1
22577.7
21538.8
20471.1
19376.4
18257
17115.1
15953.1
14773.8
13580.9
12378.1
11170.4
9963.36
8763.69
7579.49
6420.32
5297.7
4225.24
3219.44
2299.72
1489.93
818.092
319.635
38.8897
24548.2
23561.6
22548.8
21508.1
20439.6
19344.8
18225.7
17084.3
15923
14744.7
13552.8
12351.3
11144.8
9939.16
8740.99
7558.38
6400.91
5280.08
4209.54
3205.79
2288.27
1480.85
811.587
315.948
38.0588
24529.1
23538.2
22522.1
21479.5
20410.2
19315.2
18196.2
17055.2
15894.6
14717.1
13526.2
12325.7
11120.5
9916.09
8719.31
7538.19
6382.31
5263.19
4194.48
3192.69
2277.28
1472.15
805.407
312.489
37.3391
24511.2
23516.5
22497.5
21453
20382.7
19287.2
18168.2
17027.6
15867.5
14690.8
13500.8
12301.3
11097.2
9894.09
8698.66
7518.99
6364.66
5247.19
4180.23
3180.32
2266.94
1464
799.643
309.34
36.7156
24494.4
23496.4
22474.7
21428.3
20356.9
19261
18142
17001.6
15842
14666
13476.8
12278.3
11075.3
9873.29
8679.1
7500.78
6347.89
5231.97
4166.67
3168.54
2257.1
1456.26
794.219
306.412
36.1701
24478.6
23477.7
22453.6
21405.5
20332.9
19236.5
18117.3
16977.1
15817.9
14642.5
13454.1
12256.5
11054.4
9853.51
8660.54
7483.52
6332.02
5217.59
4153.88
3157.46
2247.85
1449.01
789.163
303.743
35.6927
24463.8
23460.4
22434.1
21384.3
20310.6
19213.6
18094.2
16954.1
15795.3
14620.4
13432.7
12235.9
11034.8
9834.93
8643.08
7467.26
6317.06
5204.02
4141.8
3146.98
2239.13
1442.19
784.446
301.272
35.2713
24449.8
23444.2
22416
21364.6
20289.9
19192.3
18072.6
16932.6
15774.1
14599.7
13412.6
12216.5
11016.3
9817.38
8626.59
7451.93
6302.97
5191.26
4130.46
3137.17
2230.96
1435.83
780.062
299.021
34.8997
24436.8
23429.3
22399.3
21346.5
20270.7
19172.5
18052.6
16912.5
15754.3
14580.3
13393.8
12198.5
10999
9801.01
8611.2
7437.61
6289.79
5179.31
4119.84
3127.98
2223.33
1429.89
776.004
296.953
34.5702
24424.8
23415.4
22383.9
21329.8
20253.1
19154.2
18034
16893.9
15735.8
14562.2
13376.2
12181.5
10982.8
9785.66
8596.79
7424.21
6277.48
5168.16
4109.94
3119.43
2216.23
1424.39
772.257
295.074
34.2785
24413.6
23402.7
22369.8
21314.5
20236.9
19137.4
18016.9
16876.7
15718.8
14545.5
13360
12165.9
10967.9
9771.49
8583.46
7411.81
6266.08
5157.84
4100.77
3111.5
2209.67
1419.31
768.821
293.362
34.0196
24403.2
23391.1
22356.8
21300.5
20222
19122
18001.2
16861
15703.1
14530.1
13345
12151.4
10954
9758.35
8571.12
7400.33
6255.54
5148.3
4092.31
3104.2
2203.62
1414.65
765.675
291.817
33.7904
24393.8
23380.4
22345.1
21287.8
20208.6
19108
17986.9
16846.5
15688.8
14516.1
13331.3
12138.2
10941.4
9746.36
8559.85
7389.84
6245.9
5139.57
4084.57
3097.52
2198.11
1410.41
762.829
290.425
33.5878
24385.2
23370.8
22334.5
21276.3
20196.4
19095.3
17973.9
16833.5
15675.8
14503.3
13318.8
12126.2
10929.8
9735.42
8549.56
7380.28
6237.12
5131.63
4077.53
3091.46
2193.11
1406.57
760.258
289.183
33.4096
24377.5
23362.2
22325.1
21266.1
20185.6
19084
17962.4
16821.8
15664.2
14491.8
13307.6
12115.3
10919.5
9725.61
8540.35
7371.71
6229.24
5124.51
4071.22
3086.02
2188.62
1403.13
757.973
288.082
33.2539
24370.7
23354.6
22316.7
21257.1
20176
19074
17952.1
16811.4
15653.8
14481.6
13297.7
12105.7
10910.3
9716.85
8532.12
7364.06
6222.22
5118.16
4065.6
3081.19
2184.65
1400.09
755.952
287.118
33.1189
24364.7
23348
22309.5
21249.2
20167.7
19065.3
17943.2
16802.4
15644.8
14472.7
13289
12097.3
10902.2
9709.22
8524.95
7357.39
6216.1
5112.63
4060.7
3076.98
2181.18
1397.44
754.206
286.286
33.0035
24359.6
23342.4
22303.3
21242.5
20160.5
19057.9
17935.5
16794.6
15637.1
14465
13281.5
12090.1
10895.3
9702.64
8518.77
7351.65
6210.83
5107.87
4056.5
3073.37
2178.22
1395.19
752.717
285.583
32.9064
24355.3
23337.7
22298.1
21237
20154.6
19051.7
17929.1
16788.2
15630.6
14458.6
13275.2
12084
10889.5
9697.17
8513.64
7346.88
6206.46
5103.93
4053.01
3070.38
2175.77
1393.32
751.493
285.004
32.827
24351.9
23333.9
22294
21232.5
20149.9
19046.8
17924
16783
15625.4
14453.5
13270.2
12079.2
10884.9
9692.78
8509.51
7343.05
6202.95
5100.76
4050.21
3067.98
2173.81
1391.84
750.521
284.548
32.7644
24349.3
23331.1
22290.9
21229.2
20146.4
19043.1
17920.2
16779.1
15621.5
14449.6
13266.4
12075.5
10881.4
9689.48
8506.42
7340.18
6200.32
5098.39
4048.13
3066.2
2172.36
1390.75
749.807
284.212
32.7183
24347.6
23329.2
22288.9
21227
20144
19040.6
17917.6
16776.5
15618.8
14447
13263.9
12073.1
10879
9687.26
8504.34
7338.25
6198.56
5096.81
4046.73
3065.02
2171.4
1390.03
749.342
283.994
32.688
24346.8
23328.3
22287.9
21225.9
20142.8
19039.3
17916.3
16775.1
15617.5
14445.6
13262.5
12071.8
10877.8
9686.13
8503.29
7337.29
6197.68
5096.02
4046.05
3064.44
2170.94
1389.69
749.133
283.895
32.6736
24346.8
23328.3
22287.8
21225.8
20142.7
19039.2
17916.2
16775
15617.3
14445.5
13262.4
12071.7
10877.7
9686.07
8503.25
7337.26
6197.66
5096.02
4046.06
3064.47
2170.98
1389.74
749.175
283.914
32.6746
24348
23329.6
22289.3
21227.3
20144.3
19040.8
17917.8
16776.6
15619
14447.2
13264.1
12073.3
10879.3
9687.58
8504.68
7338.61
6198.91
5097.16
4047.09
3065.37
2171.75
1390.34
749.587
284.105
32.6983
24350.5
23332.3
22292.2
21230.4
20147.6
19044.2
17921.3
16780.2
15622.5
14450.7
13267.5
12076.6
10882.5
9690.65
8507.58
7341.32
6201.42
5099.44
4049.12
3067.13
2173.22
1391.49
750.358
284.465
32.7442
24354.3
23336.4
22296.6
21235.1
20152.5
19049.3
17926.6
16785.5
15627.9
14456
13272.7
12081.7
10887.4
9695.28
8511.96
7345.41
6205.19
5102.86
4052.16
3069.77
2175.42
1393.19
751.5
285
32.8132
24359.2
23341.8
22302.5
21241.4
20159.2
19056.3
17933.7
16792.7
15635.1
14463.1
13279.7
12088.5
10893.9
9701.48
8517.81
7350.86
6210.21
5107.41
4056.21
3073.27
2178.33
1395.44
753.007
285.709
32.9055
24365.5
23348.6
22309.8
21249.3
20167.5
19065
17942.6
16801.8
15644.1
14472.1
13288.4
12097
10902.1
9709.25
8525.13
7357.69
6216.5
5113.11
4061.28
3077.65
2181.97
1398.24
754.894
286.601
33.0225
24372.9
23356.8
22318.7
21258.9
20177.6
19075.5
17953.4
16812.7
15655.1
14482.9
13299
12107.2
10911.9
9718.6
8533.94
7365.9
6224.05
5119.95
4067.36
3082.9
2186.32
1401.61
757.159
287.679
33.1652
24381.6
23366.4
22329.1
21270.1
20189.5
19087.9
17966.1
16825.6
15667.9
14495.5
13311.4
12119.2
10923.4
9729.52
8544.23
7375.49
6232.88
5127.94
4074.45
3089.03
2191.42
1405.54
759.817
288.952
33.3356
24391.5
23377.3
22341.1
21283.1
20203.2
19102.2
17980.8
16840.4
15682.7
14510.1
13325.6
12132.9
10936.5
9742.02
8556
7386.45
6242.97
5137.08
4082.57
3096.04
2197.24
1410.04
762.868
290.428
33.5356
24402.7
23389.7
22354.8
21297.8
20218.8
19118.4
17997.4
16857.1
15699.4
14526.5
13341.6
12148.4
10951.4
9756.11
8569.27
7398.81
6254.33
5147.37
4091.71
3103.94
2203.8
1415.11
766.331
292.118
33.7684
24415.1
23403.6
22370.1
21314.3
20236.4
19136.7
18016.1
16875.9
15718.1
14544.9
13359.5
12165.6
10967.9
9771.8
8584.03
7412.55
6266.98
5158.81
4101.88
3112.72
2211.11
1420.77
770.208
294.033
34.0377
24428.7
23419
22387.1
21332.8
20256
19157
18036.8
16896.8
15738.7
14565.2
13379.2
12184.7
10986.1
9789.09
8600.29
7427.69
6280.91
5171.42
4113.09
3122.39
2219.16
1427.02
774.518
296.192
34.3482
24443.6
23435.9
22406
21353.3
20277.6
19179.5
18059.7
16919.7
15761.4
14587.4
13400.8
12205.5
11006
9807.97
8618.06
7444.23
6296.12
5185.18
4125.33
3132.96
2227.98
1433.86
779.265
298.602
34.7063
24459.7
23454.5
22426.8
21375.8
20301.5
19204.1
18084.7
16944.7
15786.2
14611.7
13424.4
12228.1
11027.7
9828.48
8637.35
7462.17
6312.62
5200.12
4138.62
3144.44
2237.55
1441.32
784.466
301.288
35.1199
24477.1
23474.8
22449.6
21400.6
20327.6
19231.1
18112
16971.9
15813
14637.9
13449.8
12252.6
11051
9850.6
8658.15
7481.5
6330.43
5216.22
4152.96
3156.83
2247.91
1449.38
790.128
304.265
35.5998
24495.1
23496
22473.6
21426.6
20354.9
19259.1
18140.3
17000.1
15840.8
14664.9
13475.9
12277.7
11075
9873.33
8679.53
7501.36
6348.71
5232.76
4167.69
3169.55
2258.56
1457.7
796
307.411
36.1353
24512.6
23517
22497.3
21452.3
20381.8
19286.6
18167.9
17027.5
15867.7
14691.2
13501.3
12302.1
11098.3
9895.3
8700.19
7520.56
6366.39
5248.76
4181.95
3181.88
2268.89
1465.77
801.728
310.541
36.7014
24529.4
23537.5
22520.5
21477.3
20407.9
19313.1
18194.5
17053.9
15893.5
14716.3
13525.6
12325.3
11120.5
9916.29
8719.92
7538.87
6383.25
5264.02
4195.56
3193.65
2278.75
1473.51
807.232
313.6
37.291
24545.6
23557.4
22543.1
21501.6
20433
19338.6
18219.9
17079
15918.1
14740.2
13548.6
12347.4
11141.5
9936.17
8738.61
7556.23
6399.24
5278.5
4208.47
3204.83
2288.13
1480.88
812.485
316.573
37.9027
24561.2
23576.7
22564.9
21524.8
20457
19362.8
18244
17102.7
15941.4
14762.7
13570.3
12368.2
11161.4
9954.91
8756.21
7572.57
6414.28
5292.13
4220.63
3215.37
2296.96
1487.83
817.453
319.421
38.5313
24576
23595.3
22585.9
21547
20479.7
19385.6
18266.8
17125.1
15963.2
14783.9
13590.7
12387.8
11180
9972.49
8772.72
7587.9
6428.4
5304.93
4232.04
3225.28
2305.26
1494.4
822.139
322.148
39.1743
24590.1
23613.3
22606
21568.1
20501.2
19407.2
18288.2
17146.1
15983.7
14803.7
13609.8
12406
11197.4
9988.9
8788.12
7602.2
6441.55
5316.87
4242.68
3234.54
2313
1500.54
826.516
324.721
39.8258
24603.7
23630.6
22625.2
21588.1
20521.4
19427.4
18308.2
17165.7
16002.7
14822.2
13627.6
12423
11213.5
10004.2
8802.45
7615.53
6453.81
5328.01
4252.6
3243.19
2320.23
1506.3
830.615
327.156
40.4827
24616.7
23647.3
22643.4
21606.9
20540.4
19446.3
18326.8
17183.9
16020.4
14839.3
13644.1
12438.8
11228.5
10018.4
8815.71
7627.86
6465.13
5338.33
4261.77
3251.21
2326.91
1511.64
834.404
329.424
41.1395
24629.4
23663.4
22660.6
21624.5
20558.1
19463.9
18344.1
17200.8
16036.9
14855.2
13659.4
12453.5
11242.4
10031.5
8828
7639.32
6475.64
5347.92
4270.29
3258.68
2333.12
1516.63
837.942
331.548
41.7924
24642
23679
22676.9
21641
20574.6
19480.3
18360.1
17216.5
16052.1
14869.9
13673.5
12467
11255.2
10043.6
8839.29
7649.85
6485.28
5356.73
4278.1
3265.54
2338.81
1521.22
841.178
333.503
42.4366
24654.7
23693.9
22692.2
21656.4
20590
19495.5
18375
17231
16066.1
14883.5
13686.6
12479.5
11267.1
10054.8
8849.74
7659.62
6494.22
5364.92
4285.35
3271.94
2344.1
1525.51
844.197
335.329
43.0698
24667.7
23708.3
22706.6
21670.8
20604.3
19509.5
18388.7
17244.2
16079
14895.9
13698.5
12490.9
11277.9
10065.1
8859.24
7668.51
6502.33
5372.37
4291.93
3277.75
2348.88
1529.41
846.92
336.977
43.6834
24680.9
23722.1
22720.3
21684.4
20617.7
19522.6
18401.4
17256.6
16090.9
14907.5
13709.6
12501.5
11287.9
10074.6
8868.07
7676.8
6509.9
5379.32
4298.07
3283.2
2353.36
1533.07
849.483
338.525
44.2853
24693.7
23734.9
22732.8
21696.5
20629.3
19533.7
18412
17266.9
16100.8
14916.9
13718.6
12510.1
11295.9
10082.2
8875.08
7683.37
6515.86
5384.82
4302.9
3287.5
2356.87
1535.96
851.469
339.726
44.7973
)
;

boundaryField
{
    inlet
    {
        type            calculated;
        value           nonuniform List<scalar> 
30
(
7.95491e+06
7.9551e+06
7.95539e+06
7.95572e+06
7.95607e+06
7.95662e+06
7.95734e+06
7.95823e+06
7.95954e+06
7.96103e+06
7.96329e+06
7.96526e+06
7.96815e+06
7.9719e+06
7.97683e+06
7.98278e+06
7.99007e+06
7.99802e+06
8.00654e+06
8.01194e+06
8.01407e+06
8.01568e+06
8.01532e+06
8.01541e+06
8.01519e+06
8.01425e+06
8.0136e+06
8.01326e+06
8.01311e+06
8.01306e+06
)
;
    }
    outlet
    {
        type            calculated;
        value           uniform 0;
    }
    upperWall
    {
        type            calculated;
        value           nonuniform List<scalar> 
223
(
8.01306e+06
7.88807e+06
7.7607e+06
7.63917e+06
7.5239e+06
7.41463e+06
7.3111e+06
7.21305e+06
7.12021e+06
7.03232e+06
6.94913e+06
6.87039e+06
6.79587e+06
6.72535e+06
6.6586e+06
6.59543e+06
6.53562e+06
6.47899e+06
6.43336e+06
6.39703e+06
6.36075e+06
6.32456e+06
6.28844e+06
6.25241e+06
6.21648e+06
6.18065e+06
6.14493e+06
6.10932e+06
6.07383e+06
6.03846e+06
6.00323e+06
5.96813e+06
5.93317e+06
5.89836e+06
5.86369e+06
5.82916e+06
5.79479e+06
5.76057e+06
5.72651e+06
5.6926e+06
5.65884e+06
5.62524e+06
5.59179e+06
5.5585e+06
5.52536e+06
5.49237e+06
5.45952e+06
5.42683e+06
5.39427e+06
5.36186e+06
5.32958e+06
5.29743e+06
5.26542e+06
5.23353e+06
5.20176e+06
5.17012e+06
5.13858e+06
5.10716e+06
5.07585e+06
5.04463e+06
5.0135e+06
4.98245e+06
4.95147e+06
4.92056e+06
4.88971e+06
4.85893e+06
4.82822e+06
4.79757e+06
4.76698e+06
4.73643e+06
4.70592e+06
4.67544e+06
4.64499e+06
4.61457e+06
4.58417e+06
4.5538e+06
4.52344e+06
4.49308e+06
4.46272e+06
4.43236e+06
4.40199e+06
4.37164e+06
4.34128e+06
4.31091e+06
4.28051e+06
4.25007e+06
4.21959e+06
4.18907e+06
4.15852e+06
4.12793e+06
4.09729e+06
4.0666e+06
4.03587e+06
4.00512e+06
3.97432e+06
3.94347e+06
3.91254e+06
3.88154e+06
3.85048e+06
3.81937e+06
3.78822e+06
3.75701e+06
3.72573e+06
3.6944e+06
3.66301e+06
3.63156e+06
3.60004e+06
3.56846e+06
3.53679e+06
3.50501e+06
3.47312e+06
3.44112e+06
3.40905e+06
3.37692e+06
3.34475e+06
3.31251e+06
3.28022e+06
3.24785e+06
3.21542e+06
3.18291e+06
3.15033e+06
3.11769e+06
3.08499e+06
3.05223e+06
3.0194e+06
2.98652e+06
2.95359e+06
2.92059e+06
2.88753e+06
2.85442e+06
2.82125e+06
2.78803e+06
2.75475e+06
2.72143e+06
2.68807e+06
2.65465e+06
2.6212e+06
2.5877e+06
2.55417e+06
2.52061e+06
2.48701e+06
2.45338e+06
2.41973e+06
2.38605e+06
2.35236e+06
2.31864e+06
2.28492e+06
2.25119e+06
2.21744e+06
2.1837e+06
2.14996e+06
2.11623e+06
2.0825e+06
2.04879e+06
2.0151e+06
1.98142e+06
1.94778e+06
1.91417e+06
1.88059e+06
1.84706e+06
1.81357e+06
1.78012e+06
1.74673e+06
1.7134e+06
1.68012e+06
1.64692e+06
1.61379e+06
1.58075e+06
1.5478e+06
1.51496e+06
1.48222e+06
1.44959e+06
1.41708e+06
1.38469e+06
1.35242e+06
1.3203e+06
1.28831e+06
1.25648e+06
1.2248e+06
1.19328e+06
1.16194e+06
1.13079e+06
1.09982e+06
1.06905e+06
1.03849e+06
1.00815e+06
978038
948168
918552
889203
860138
831375
802935
774847
747150
719902
693205
667298
643721
618838
592764
565753
537925
509359
480121
450277
419896
389054
357839
326356
294725
263098
231640
200573
170130
140623
112393
85883.3
61582.3
40133.6
22238.4
8846.97
1149.03
)
;
    }
    lowerWall
    {
        type            calculated;
        value           nonuniform List<scalar> 
250
(
7.95491e+06
7.82914e+06
7.69958e+06
7.57432e+06
7.45376e+06
7.33761e+06
7.22561e+06
7.11745e+06
7.01282e+06
6.91136e+06
6.81265e+06
6.71625e+06
6.62159e+06
6.52796e+06
6.43438e+06
6.3393e+06
6.23996e+06
6.12937e+06
5.18077e+06
5.18266e+06
5.18641e+06
5.19207e+06
5.19968e+06
5.20928e+06
5.22098e+06
5.23481e+06
5.25085e+06
5.26922e+06
5.29007e+06
5.3136e+06
5.34004e+06
5.36971e+06
5.40297e+06
5.44146e+06
5.48405e+06
5.52701e+06
5.57018e+06
5.61354e+06
5.65711e+06
5.70102e+06
5.74549e+06
5.79092e+06
5.83826e+06
5.88945e+06
5.94523e+06
5.18077e+06
5.18036e+06
5.17953e+06
5.17827e+06
5.17657e+06
5.17443e+06
5.17183e+06
5.16878e+06
5.16527e+06
5.16129e+06
5.15685e+06
5.15192e+06
5.14651e+06
5.14062e+06
5.13423e+06
5.12734e+06
5.11996e+06
5.11209e+06
5.10371e+06
5.09484e+06
5.08547e+06
5.07562e+06
5.06528e+06
5.05445e+06
5.04315e+06
5.03137e+06
5.01913e+06
5.00642e+06
4.99325e+06
4.97963e+06
4.96555e+06
4.95102e+06
4.93606e+06
4.92067e+06
4.90484e+06
4.88859e+06
4.87193e+06
4.85486e+06
4.83741e+06
4.81956e+06
4.80133e+06
4.78271e+06
4.76371e+06
4.74433e+06
4.72457e+06
4.70446e+06
4.68399e+06
4.66316e+06
4.64199e+06
4.62048e+06
4.59865e+06
4.5765e+06
4.55405e+06
4.53131e+06
4.50826e+06
4.48493e+06
4.46132e+06
4.43744e+06
4.41328e+06
4.38884e+06
4.36415e+06
4.3392e+06
4.314e+06
4.28855e+06
4.26286e+06
4.23692e+06
4.21073e+06
4.1843e+06
4.15763e+06
4.13072e+06
4.10359e+06
4.07622e+06
4.04864e+06
4.02084e+06
3.99284e+06
3.96464e+06
3.93624e+06
3.90766e+06
3.87889e+06
3.84996e+06
3.82085e+06
3.79158e+06
3.76214e+06
3.73255e+06
3.7028e+06
3.6729e+06
3.64285e+06
3.61265e+06
3.5823e+06
3.55182e+06
3.52119e+06
3.49042e+06
3.45952e+06
3.42849e+06
3.39733e+06
3.36605e+06
3.33464e+06
3.30311e+06
3.27146e+06
3.2397e+06
3.20782e+06
3.17584e+06
3.14375e+06
3.11157e+06
3.07929e+06
3.04691e+06
3.01445e+06
2.9819e+06
2.94927e+06
2.91656e+06
2.88378e+06
2.85092e+06
2.81799e+06
2.785e+06
2.75194e+06
2.71882e+06
2.68564e+06
2.6524e+06
2.61911e+06
2.58577e+06
2.55238e+06
2.51894e+06
2.48547e+06
2.45196e+06
2.41841e+06
2.38483e+06
2.35123e+06
2.3176e+06
2.28396e+06
2.25029e+06
2.21662e+06
2.18294e+06
2.14926e+06
2.11557e+06
2.0819e+06
2.04823e+06
2.01457e+06
1.98094e+06
1.94733e+06
1.91375e+06
1.8802e+06
1.84669e+06
1.81322e+06
1.7798e+06
1.74644e+06
1.71313e+06
1.67989e+06
1.64672e+06
1.61363e+06
1.58062e+06
1.54769e+06
1.51486e+06
1.48213e+06
1.44951e+06
1.41701e+06
1.38462e+06
1.35236e+06
1.32023e+06
1.28825e+06
1.25641e+06
1.22474e+06
1.19322e+06
1.16188e+06
1.13072e+06
1.09975e+06
1.06898e+06
1.03842e+06
1.00807e+06
977959
948085
918465
889112
860041
831273
802828
774735
747032
719776
693062
667101
643050
618116
592058
565073
537272
508734
479522
449704
419347
388529
357339
325882
294280
262678
231252
200209
169799
140320
112127
85647.5
61393.2
39976.1
22135
8784.06
1123.35
)
;
    }
    frontAndBack
    {
        type            empty;
    }
}


// ************************************************************************* //
