/*--------------------------------*- C++ -*----------------------------------*\
  =========                 |
  \\      /  F ield         | OpenFOAM: The Open Source CFD Toolbox
   \\    /   O peration     | Website:  https://openfoam.org
    \\  /    A nd           | Version:  9
     \\/     M anipulation  |
\*---------------------------------------------------------------------------*/
FoamFile
{
    format      ascii;
    class       volScalarField;
    location    "0.098";
    object      s_0;
}
// * * * * * * * * * * * * * * * * * * * * * * * * * * * * * * * * * * * * * //

dimensions      [0 0 0 0 0 0 0];

internalField   nonuniform List<scalar> 
12225
(
1
1
1
1
1
1
1
1
1
1
1
1
1
1
1
1
1
0.999996
1
1
1
1
1
1
1
1
1
1
1
1
1
1
1
1
1
1
1
1
1
1
1
1
1
1
1
1
1
1
1
1
1
1
1
1
1
1
1
1
1
1
1
1
1
1
1
1
1
1
1
1
1
1
1
1
1
1
1
1
1
1
1
1
1
1
1
1
1
1
1
1
1
1
1
1
1
1
1
1
1
1
1
1
1
1
1
1
1
1
1
1
1
1
1
1
1
1
1
1
1
1
1
1
1
1
1
1
1
1
1
1
1
1
1
1
1
1
1
1
1
1
1
1
1
1
1
1
1
1
1
1
1
1
1
1
1
1
1
1
1
1
1
1
1
1
1
1
1
1
1
1
1
1
1
1
1
1
1
1
1
1
1
1
1
1
1
1
1
1
1
1
1
1
1
1
1
1
1
1
1
1
1
1
1
1
1
1
1
1
1
1
1
1
1
1
1
1
1
1
1
1
1
1
1
1
1
1
1
1
1
1
1
1
1
1
1
1
1
1
1
1
1
1
1
1
1
1
1
1
1
1
1
1
1
1
1
1
1
1
1
1
1
1
1
1
1
1
1
1
1
1
1
1
1
1
1
1
1
1
1
1
1
1
1
1
1
1
1
1
1
1
1
1
1
1
1
1
1
1
1
1
1
1
1
1
1
1
1
1
1
1
1
1
1
1
1
1
1
1
1
1
1
1
1
1
1
1
1
1
1
1
1
1
1
1
1
1
1
1
1
1
1
1
1
1
1
1
1
1
1
1
1
1
1
1
1
1
1
1
1
1
1
1
1
1
1
1
1
1
1
1
1
1
1
1
1
1
1
1
1
1
1
1
1
1
1
1
1
1
1
1
1
1
1
1
1
1
1
1
1
1
1
1
1
1
1
1
1
1
1
1
1
1
1
1
1
1
1
1
1
1
1
1
1
1
1
1
1
1
1
1
1
1
1
1
1
1
1
1
1
1
1
1
1
1
1
1
1
1
1
1
1
1
1
1
1
1
1
1
1
1
1
1
1
1
1
1
1
1
1
1
1
1
1
1
1
1
1
1
1
1
1
1
1
1
1
1
1
1
1
1
1
1
1
1
1
1
1
1
1
1
1
1
1
1
1
1
1
1
1
1
1
1
1
1
1
1
1
1
1
1
1
1
1
1
1
1
1
1
1
1
1
1
1
1
1
1
1
1
1
1
0.712483
0.712163
0.714776
0.717118
0.722767
0.731664
0.737961
0.741568
0.743497
0.744524
0.745141
0.745469
0.745679
0.745899
0.746249
0.74655
0.746788
0.747255
0.748295
0.749317
0.750022
0.750589
0.751364
0.752301
0.753121
0.753624
0.753808
0.753811
0.753636
0.752744
0.749365
0.74143
0.734409
0.730926
0.730656
0.733629
0.744264
0.7527
0.756723
0.759242
0.763358
0.76878
0.774249
0.779532
0.783409
0.787726
0.795743
0.816056
0.848332
0.868265
0.90638
0.916697
0.919007
0.919915
0.920638
0.921742
0.923023
0.92459
0.926243
0.928117
0.930676
0.933694
0.937582
0.941963
0.946436
0.951143
0.955714
0.959742
0.962062
0.962947
0.963387
0.963692
0.964101
0.964735
0.965564
0.966444
0.967202
0.967625
0.967816
0.967948
0.968107
0.968297
0.96849
0.968694
0.968946
0.969247
0.969566
0.969887
0.970255
0.970705
0.970954
0.971037
0.971056
0.970998
0.970663
0.969968
0.969063
0.968281
0.967783
0.96747
0.966889
0.965957
0.96464
0.963166
0.962555
0.962123
0.961994
0.962235
0.962476
0.962272
0.961007
0.960167
0.959394
0.956006
0.949348
0.947131
0.947029
0.948711
0.951911
0.954525
0.957343
0.960199
0.962384
0.963798
0.964735
0.96526
0.965576
0.965759
0.965922
0.965979
0.965984
0.965957
0.965847
0.965636
0.965414
0.965258
0.964912
0.964371
0.963747
0.963102
0.962121
0.960968
0.95954
0.957738
0.955576
0.953082
0.950287
0.94738
0.944366
0.941522
0.939092
0.937258
0.936065
0.9354
0.935096
0.935028
0.935141
0.935656
0.93663
0.937757
0.93871
0.939666
0.940871
0.941458
0.94167
0.941819
0.941725
0.941378
0.94113
0.940504
0.938755
0.937345
0.935949
0.930528
0.904453
0.889119
0.887723
0.888723
0.890091
0.892322
0.713797
0.712123
0.715363
0.736225
0.753328
0.758089
0.757598
0.756393
0.754237
0.752102
0.750559
0.749371
0.748195
0.747117
0.746445
0.746186
0.746141
0.746209
0.74655
0.747619
0.749449
0.753107
0.757748
0.761799
0.764613
0.766941
0.769556
0.771889
0.773102
0.773266
0.772858
0.771058
0.767045
0.756651
0.742883
0.737458
0.736618
0.737209
0.741887
0.746338
0.748389
0.75265
0.76297
0.770954
0.773978
0.777514
0.792898
0.839213
0.884853
0.906388
0.915718
0.919807
0.921989
0.925369
0.930143
0.934859
0.938714
0.942582
0.946056
0.949515
0.952527
0.954895
0.957353
0.959221
0.960338
0.961662
0.962966
0.963672
0.964666
0.965224
0.965471
0.965773
0.96633
0.967111
0.967887
0.968478
0.9689
0.969294
0.969824
0.970519
0.97124
0.971815
0.972187
0.972541
0.973025
0.973597
0.974113
0.974454
0.974667
0.975021
0.975616
0.97628
0.97683
0.97726
0.977534
0.977728
0.977828
0.977853
0.97769
0.977548
0.977017
0.975945
0.973816
0.97145
0.970529
0.970048
0.970721
0.973281
0.975207
0.974823
0.969043
0.961796
0.959522
0.95771
0.956726
0.953661
0.950393
0.950687
0.953486
0.957004
0.96128
0.965964
0.968772
0.97078
0.972219
0.97305
0.973837
0.974385
0.974992
0.975573
0.976091
0.976682
0.977165
0.977645
0.97801
0.978238
0.978362
0.97841
0.978266
0.978
0.977637
0.977171
0.976617
0.976037
0.975418
0.974684
0.973908
0.97308
0.971874
0.970449
0.968606
0.966565
0.964741
0.963279
0.962165
0.961373
0.960652
0.960191
0.959819
0.959662
0.959432
0.958969
0.958882
0.958786
0.95878
0.958913
0.959272
0.95934
0.959346
0.958852
0.957615
0.956032
0.951625
0.943712
0.921592
0.896315
0.894851
0.905439
0.910775
0.91406
0.722233
0.722896
0.752976
0.765255
0.764169
0.758975
0.751442
0.746635
0.744992
0.743959
0.743687
0.743433
0.742704
0.741763
0.740409
0.738756
0.736684
0.734153
0.731566
0.72909
0.726901
0.72528
0.72516
0.725881
0.728362
0.735051
0.745881
0.756008
0.76409
0.769332
0.773127
0.775794
0.776327
0.775739
0.772766
0.762541
0.747047
0.74123
0.74106
0.741935
0.74581
0.750165
0.758862
0.770076
0.780304
0.794737
0.840464
0.887925
0.907368
0.915704
0.91994
0.923613
0.926321
0.930544
0.935305
0.93932
0.942242
0.944875
0.946603
0.948511
0.950034
0.951463
0.953276
0.954777
0.95576
0.956764
0.957859
0.959133
0.961123
0.96271
0.963658
0.964278
0.964919
0.965756
0.966705
0.967575
0.968356
0.969005
0.969544
0.970057
0.970684
0.971444
0.972137
0.97261
0.972905
0.973214
0.973617
0.973928
0.974062
0.974213
0.974565
0.975113
0.975763
0.976519
0.977293
0.97814
0.978912
0.979501
0.980257
0.981057
0.981455
0.981582
0.981104
0.98013
0.979905
0.980379
0.98233
0.985746
0.986465
0.984575
0.975039
0.963544
0.959303
0.957915
0.95696
0.953595
0.95092
0.952281
0.95725
0.964031
0.969706
0.972439
0.973853
0.974642
0.975103
0.975355
0.975762
0.976312
0.976963
0.977728
0.97858
0.979644
0.980712
0.981868
0.982941
0.983788
0.984295
0.984505
0.984407
0.98388
0.98308
0.981941
0.980549
0.979185
0.977951
0.976724
0.975697
0.974949
0.974178
0.973711
0.973214
0.972574
0.971968
0.971145
0.970247
0.969292
0.967915
0.966689
0.965256
0.964158
0.963218
0.962736
0.962759
0.963037
0.963638
0.964598
0.966612
0.967969
0.96831
0.968036
0.967025
0.964713
0.961364
0.956989
0.947546
0.916498
0.90092
0.905593
0.920702
0.928731
0.737045
0.766904
0.770138
0.764659
0.752794
0.744769
0.742422
0.745286
0.752585
0.762761
0.774199
0.783662
0.790305
0.794942
0.795108
0.793981
0.790953
0.784527
0.775754
0.765513
0.75363
0.743145
0.730547
0.717815
0.710539
0.708828
0.709343
0.712481
0.720371
0.739289
0.756584
0.767502
0.773576
0.775487
0.775435
0.773467
0.764436
0.751411
0.745466
0.744766
0.746348
0.752785
0.778605
0.805484
0.81723
0.838117
0.876673
0.904536
0.91459
0.922347
0.927132
0.932036
0.936344
0.942674
0.947208
0.950551
0.954083
0.957207
0.959298
0.96249
0.964889
0.966796
0.96874
0.970431
0.971734
0.972758
0.973633
0.974183
0.974664
0.975196
0.9757
0.976219
0.976683
0.977031
0.977209
0.97733
0.977524
0.977721
0.977776
0.977784
0.977773
0.977739
0.977681
0.977581
0.97743
0.977241
0.97703
0.976809
0.976584
0.976471
0.976441
0.976448
0.976577
0.976909
0.977454
0.978122
0.978841
0.979515
0.980385
0.981334
0.982162
0.98257
0.982698
0.982638
0.982958
0.983951
0.986391
0.988633
0.988552
0.985829
0.974182
0.962211
0.957657
0.956639
0.955778
0.952835
0.95145
0.955389
0.963366
0.970139
0.973319
0.974476
0.974951
0.975269
0.97571
0.97647
0.977623
0.979321
0.981831
0.984705
0.986746
0.989054
0.990645
0.991654
0.992478
0.992851
0.993293
0.993657
0.993927
0.994156
0.994217
0.993933
0.993065
0.991279
0.988493
0.984944
0.980997
0.977639
0.975265
0.973718
0.972567
0.971585
0.970916
0.969734
0.96882
0.967733
0.96638
0.965561
0.964581
0.964105
0.964209
0.964735
0.966028
0.968833
0.972506
0.976683
0.98153
0.985154
0.986503
0.986256
0.98496
0.981921
0.973843
0.964843
0.958474
0.942426
0.912173
0.90797
0.912467
0.916265
0.777272
0.778359
0.765091
0.741199
0.739055
0.744499
0.761885
0.800051
0.840657
0.870097
0.888126
0.89646
0.900521
0.902887
0.904128
0.903993
0.902936
0.900023
0.893279
0.885894
0.874683
0.858138
0.832381
0.791863
0.752158
0.724899
0.709269
0.703001
0.702759
0.705106
0.713428
0.733869
0.754487
0.768338
0.772806
0.772109
0.764671
0.752394
0.748354
0.749371
0.761386
0.804155
0.831813
0.833367
0.838587
0.864643
0.900383
0.916105
0.930141
0.938621
0.9477
0.953962
0.95927
0.964772
0.967568
0.970082
0.972351
0.973905
0.974796
0.975819
0.976301
0.976684
0.976987
0.977217
0.977376
0.97746
0.977521
0.977578
0.977708
0.977886
0.978093
0.978339
0.978555
0.978823
0.978935
0.97897
0.978978
0.978974
0.978942
0.978858
0.978703
0.978479
0.978204
0.977905
0.977595
0.977273
0.976903
0.976447
0.975956
0.975513
0.975169
0.97498
0.974894
0.974875
0.975033
0.975321
0.97593
0.976662
0.977389
0.978167
0.979118
0.980016
0.980527
0.98132
0.982393
0.984025
0.987072
0.98892
0.988658
0.984874
0.968342
0.956261
0.953175
0.953014
0.952784
0.951581
0.952271
0.959515
0.968212
0.973109
0.9746
0.974885
0.975096
0.975585
0.976778
0.979374
0.982961
0.986286
0.988828
0.990105
0.99143
0.992146
0.99259
0.992798
0.992841
0.992758
0.992922
0.99349
0.99392
0.994838
0.995635
0.996442
0.997047
0.997418
0.997601
0.997147
0.995669
0.99261
0.987759
0.982875
0.978489
0.975395
0.973509
0.971852
0.970806
0.969872
0.96919
0.969115
0.969302
0.969998
0.971727
0.975495
0.980685
0.987513
0.991864
0.994229
0.995589
0.995585
0.99535
0.99514
0.995026
0.99469
0.992765
0.985624
0.970301
0.959325
0.934961
0.915095
0.913036
0.913251
0.800128
0.776077
0.735264
0.734738
0.750647
0.800059
0.865095
0.899887
0.917112
0.924969
0.927784
0.928526
0.928999
0.930077
0.931189
0.930972
0.929471
0.926442
0.922294
0.917679
0.914737
0.90885
0.901923
0.892648
0.872219
0.816685
0.754159
0.719787
0.706647
0.70537
0.708238
0.723484
0.747113
0.761739
0.767148
0.766768
0.758941
0.753012
0.755181
0.779436
0.826991
0.843455
0.842912
0.84352
0.860497
0.899808
0.922567
0.939943
0.952427
0.960552
0.965788
0.969313
0.971919
0.973718
0.974568
0.975113
0.975411
0.975505
0.975507
0.975535
0.975285
0.974979
0.974673
0.974408
0.974294
0.97427
0.974488
0.97477
0.975001
0.975424
0.975982
0.976654
0.977072
0.97782
0.978475
0.978727
0.978817
0.978833
0.978811
0.978689
0.978406
0.977933
0.977302
0.976619
0.976047
0.975647
0.975318
0.974989
0.974687
0.974394
0.974045
0.973686
0.97343
0.973316
0.973276
0.97327
0.973474
0.974041
0.974854
0.975762
0.976847
0.977996
0.978958
0.979762
0.98049
0.981406
0.983346
0.986713
0.986919
0.983205
0.965783
0.952629
0.949705
0.949758
0.950309
0.951009
0.954279
0.963992
0.971433
0.974504
0.974973
0.974866
0.975055
0.976058
0.979045
0.982941
0.985865
0.987852
0.988826
0.989277
0.989337
0.988046
0.986241
0.984182
0.982291
0.981157
0.980707
0.98175
0.98311
0.985722
0.988629
0.991785
0.994498
0.99665
0.997955
0.998644
0.998942
0.998944
0.998427
0.99708
0.994819
0.991986
0.989192
0.98712
0.985764
0.985122
0.984952
0.985018
0.985504
0.986986
0.990452
0.993778
0.99606
0.997552
0.997944
0.997751
0.997239
0.996011
0.993989
0.993621
0.993934
0.995179
0.995578
0.994628
0.990052
0.977679
0.954844
0.931358
0.919181
0.917241
0.791075
0.741199
0.729655
0.753673
0.821392
0.884404
0.911548
0.926155
0.932846
0.934814
0.934865
0.935208
0.936155
0.9385
0.937999
0.935852
0.931344
0.926254
0.920605
0.915873
0.912501
0.908468
0.90613
0.903919
0.899211
0.886784
0.851706
0.769916
0.724479
0.712321
0.713926
0.729774
0.751348
0.760235
0.760625
0.757945
0.756823
0.76387
0.803743
0.84095
0.850378
0.849839
0.851435
0.863798
0.902345
0.928186
0.947972
0.960754
0.96751
0.971584
0.973615
0.97462
0.975024
0.975125
0.974913
0.974698
0.974142
0.97317
0.971743
0.970499
0.969477
0.968827
0.968485
0.968351
0.968336
0.968614
0.968892
0.969487
0.970051
0.970727
0.971675
0.972738
0.973779
0.974952
0.976213
0.977223
0.977803
0.978001
0.978051
0.978034
0.977815
0.977308
0.976523
0.975586
0.975013
0.974778
0.974687
0.974679
0.974681
0.974622
0.974483
0.974269
0.97401
0.973677
0.973444
0.973245
0.973161
0.973351
0.973897
0.97481
0.975994
0.977332
0.978646
0.979727
0.980555
0.98123
0.981898
0.983496
0.984695
0.982319
0.965077
0.951103
0.948451
0.948644
0.949781
0.951322
0.958277
0.967928
0.97342
0.975144
0.974969
0.974622
0.974701
0.976133
0.979898
0.983722
0.985716
0.986588
0.986041
0.983513
0.979211
0.972521
0.966436
0.961063
0.957167
0.954825
0.953769
0.954515
0.957345
0.961934
0.968127
0.975409
0.982583
0.989124
0.994045
0.99711
0.998678
0.999304
0.999527
0.999569
0.999416
0.999016
0.998543
0.998098
0.99774
0.997488
0.997355
0.997333
0.997395
0.997754
0.998394
0.999007
0.999135
0.998995
0.998452
0.99665
0.993414
0.98711
0.980932
0.979622
0.980524
0.983506
0.99074
0.993819
0.993639
0.990538
0.979697
0.952542
0.934593
0.929143
0.783485
0.73383
0.740545
0.799564
0.87979
0.912484
0.927334
0.935472
0.93804
0.937996
0.937873
0.939352
0.943064
0.942479
0.939633
0.9325
0.920304
0.906885
0.894411
0.88575
0.881037
0.882482
0.887391
0.893998
0.894736
0.892401
0.880449
0.832042
0.758878
0.732264
0.73217
0.747031
0.757206
0.758306
0.758114
0.760302
0.779991
0.825305
0.84926
0.854938
0.855792
0.858969
0.871365
0.906814
0.933757
0.953271
0.965375
0.971295
0.974011
0.975132
0.975437
0.975235
0.974891
0.974117
0.972687
0.970239
0.968169
0.966543
0.96556
0.965127
0.964963
0.964946
0.965244
0.965418
0.96584
0.966157
0.966571
0.967011
0.967305
0.967645
0.968004
0.968426
0.968976
0.969706
0.970652
0.971853
0.973284
0.974354
0.97489
0.975127
0.975162
0.974817
0.974295
0.974037
0.973989
0.974054
0.974317
0.974801
0.97544
0.976067
0.976575
0.976884
0.976971
0.976711
0.976016
0.975053
0.974056
0.97351
0.973529
0.974146
0.975163
0.97642
0.977755
0.979093
0.980501
0.981831
0.982564
0.983122
0.984255
0.982638
0.96581
0.950622
0.948239
0.948659
0.950001
0.953384
0.963322
0.970973
0.974609
0.975355
0.974793
0.973824
0.973863
0.976021
0.980033
0.982859
0.983552
0.981365
0.975336
0.964304
0.953575
0.944316
0.936715
0.930001
0.92448
0.920432
0.918353
0.917644
0.920164
0.925531
0.934193
0.945426
0.95827
0.971319
0.982689
0.990926
0.995849
0.998309
0.999337
0.999693
0.999812
0.999849
0.999835
0.999781
0.999725
0.999675
0.999641
0.999631
0.999635
0.99969
0.999717
0.999658
0.999419
0.998497
0.995552
0.987736
0.975389
0.963605
0.955235
0.953501
0.954266
0.957163
0.965641
0.982961
0.991011
0.991628
0.989358
0.978679
0.954961
0.942725
0.775876
0.730898
0.754102
0.842104
0.903157
0.924284
0.934256
0.939574
0.940513
0.940839
0.943224
0.947786
0.946947
0.943033
0.931968
0.911128
0.883326
0.861362
0.848912
0.842743
0.840821
0.842413
0.848253
0.865139
0.884711
0.888103
0.881758
0.851193
0.78134
0.752737
0.753917
0.757549
0.758685
0.758973
0.767522
0.802879
0.840208
0.854246
0.858474
0.861099
0.866511
0.881465
0.913807
0.938614
0.957104
0.967886
0.972987
0.975029
0.975649
0.975715
0.975235
0.974188
0.972342
0.968902
0.966181
0.964569
0.963843
0.963557
0.963534
0.964068
0.964531
0.965107
0.965607
0.966122
0.966637
0.967029
0.967363
0.967567
0.967677
0.967785
0.967839
0.967888
0.967933
0.968081
0.968332
0.968594
0.969013
0.969637
0.97043
0.971429
0.972362
0.973106
0.97369
0.974061
0.974427
0.974943
0.975819
0.977287
0.979144
0.980682
0.981478
0.98162
0.981676
0.98173
0.981534
0.980831
0.979328
0.977246
0.976095
0.976001
0.976469
0.977183
0.977899
0.978338
0.978857
0.980227
0.982416
0.983515
0.984344
0.984133
0.970644
0.951593
0.948581
0.949154
0.951301
0.959128
0.967452
0.97297
0.975267
0.975424
0.974061
0.972712
0.973088
0.975693
0.979059
0.979964
0.976528
0.964566
0.949472
0.937642
0.927488
0.918657
0.910717
0.903208
0.896076
0.88936
0.884148
0.881598
0.880686
0.883836
0.89178
0.904589
0.921473
0.941039
0.960878
0.97752
0.988761
0.995051
0.998052
0.999298
0.999748
0.999893
0.999943
0.999962
0.999965
0.999961
0.999956
0.999953
0.999946
0.999922
0.999853
0.999583
0.998448
0.994501
0.983848
0.963321
0.949791
0.944618
0.942937
0.94305
0.943808
0.945017
0.947379
0.95441
0.97578
0.988064
0.989576
0.9876
0.979387
0.959969
0.763686
0.727508
0.764035
0.861241
0.913424
0.929699
0.937916
0.942539
0.944215
0.946219
0.949904
0.950481
0.946749
0.933352
0.906572
0.871334
0.848901
0.838489
0.833822
0.831421
0.83033
0.830854
0.834015
0.844337
0.866255
0.880205
0.877412
0.845999
0.798039
0.772198
0.761463
0.760603
0.762686
0.778172
0.821995
0.847736
0.857604
0.861349
0.865974
0.874392
0.893789
0.92188
0.942987
0.959433
0.969256
0.973697
0.97537
0.975772
0.975678
0.97506
0.973195
0.969331
0.965876
0.963995
0.963078
0.962766
0.962729
0.963118
0.963656
0.964592
0.965373
0.966196
0.966746
0.967038
0.967203
0.967287
0.967639
0.968124
0.968376
0.968731
0.96889
0.968945
0.968817
0.968615
0.968455
0.968405
0.968474
0.968719
0.969029
0.969774
0.970979
0.972264
0.973505
0.974755
0.976315
0.978092
0.979999
0.981926
0.983179
0.983516
0.983134
0.982529
0.982273
0.982285
0.982356
0.982257
0.981736
0.980672
0.980466
0.981405
0.983053
0.984386
0.984602
0.982996
0.980022
0.978818
0.979442
0.982358
0.984406
0.984886
0.97712
0.954199
0.950317
0.951388
0.955947
0.963098
0.96937
0.973757
0.975498
0.975441
0.973339
0.971873
0.972232
0.974592
0.976301
0.972069
0.958141
0.942942
0.930524
0.921275
0.9133
0.905718
0.897488
0.887249
0.875805
0.864756
0.855952
0.850905
0.84899
0.850096
0.85386
0.862088
0.87697
0.899405
0.926716
0.953787
0.974924
0.988172
0.99505
0.998128
0.999349
0.999785
0.999927
0.999972
0.999986
0.999991
0.999991
0.999988
0.999975
0.999924
0.999684
0.998628
0.994486
0.981826
0.955557
0.943807
0.939764
0.939054
0.939817
0.940822
0.941992
0.943288
0.944109
0.945962
0.952046
0.973068
0.986176
0.987878
0.986494
0.97957
0.755512
0.726639
0.777486
0.880958
0.920184
0.934028
0.941646
0.94636
0.948188
0.950232
0.951944
0.950687
0.941189
0.918807
0.885175
0.853405
0.839137
0.833972
0.831518
0.830038
0.829579
0.830815
0.838158
0.851223
0.869459
0.875545
0.866831
0.834236
0.793913
0.773353
0.76667
0.769896
0.79393
0.834311
0.852473
0.859492
0.863932
0.8705
0.882203
0.906531
0.931149
0.948124
0.960825
0.969928
0.973919
0.975368
0.975684
0.975577
0.974553
0.971696
0.96723
0.964145
0.962716
0.962151
0.961994
0.961994
0.962131
0.962634
0.963102
0.963306
0.963225
0.962377
0.961018
0.959739
0.959061
0.958817
0.959465
0.960697
0.962403
0.964264
0.965996
0.967388
0.968104
0.968446
0.96856
0.96847
0.968456
0.968476
0.968572
0.968922
0.969498
0.97058
0.972069
0.97395
0.976139
0.97846
0.98076
0.982624
0.983375
0.983317
0.981746
0.978609
0.976645
0.975892
0.975878
0.976476
0.977414
0.978359
0.979646
0.981576
0.984265
0.987098
0.989476
0.990611
0.989222
0.982814
0.979017
0.979344
0.98299
0.984995
0.982759
0.959976
0.951982
0.953615
0.958611
0.963886
0.969493
0.973762
0.9755
0.975403
0.973065
0.971008
0.970864
0.972063
0.969675
0.957215
0.941521
0.92971
0.920146
0.913315
0.906847
0.898181
0.884957
0.867395
0.850336
0.841551
0.838314
0.837556
0.837919
0.839319
0.841222
0.844643
0.850725
0.862063
0.883887
0.919232
0.951853
0.975493
0.989188
0.995765
0.998489
0.999497
0.99984
0.999951
0.999984
0.999992
0.999993
0.999988
0.999953
0.999776
0.998972
0.995562
0.983241
0.954418
0.94109
0.936814
0.936377
0.937311
0.939372
0.940736
0.941511
0.942882
0.943954
0.944687
0.946494
0.952891
0.974009
0.985222
0.986853
0.985444
0.741783
0.724518
0.791535
0.892108
0.925747
0.93707
0.944022
0.948277
0.94987
0.952033
0.952959
0.950371
0.938594
0.912532
0.875858
0.848071
0.83752
0.834208
0.833752
0.834929
0.838803
0.845362
0.855369
0.864286
0.867252
0.865827
0.845842
0.807962
0.78669
0.779328
0.781608
0.810668
0.841266
0.854257
0.859822
0.865934
0.874844
0.891527
0.917884
0.939874
0.953447
0.962993
0.970047
0.973875
0.975218
0.9755
0.975389
0.974168
0.970522
0.965536
0.96309
0.961855
0.961299
0.96107
0.960908
0.960669
0.960433
0.959903
0.958144
0.954284
0.950208
0.946283
0.944045
0.943008
0.942738
0.943639
0.944908
0.94682
0.94913
0.951625
0.954325
0.957383
0.960245
0.962637
0.964496
0.965766
0.966703
0.967326
0.967804
0.968291
0.96881
0.96948
0.970314
0.971273
0.97257
0.97448
0.976996
0.978877
0.979388
0.978675
0.975235
0.969917
0.966236
0.964349
0.963775
0.964059
0.965054
0.967082
0.969729
0.97281
0.976578
0.981702
0.98735
0.990996
0.992266
0.991307
0.983925
0.979262
0.980059
0.984214
0.984551
0.969655
0.954079
0.954125
0.958359
0.963541
0.969118
0.973536
0.975427
0.975338
0.973085
0.969175
0.967645
0.966165
0.959402
0.944913
0.931001
0.922248
0.915313
0.909845
0.900988
0.884843
0.863374
0.845514
0.838049
0.835784
0.835559
0.836501
0.838057
0.839448
0.840523
0.842107
0.845254
0.850604
0.859917
0.880257
0.920436
0.955645
0.979042
0.991429
0.996877
0.998953
0.999668
0.999899
0.99997
0.999988
0.999988
0.99997
0.999861
0.99934
0.997016
0.987565
0.958633
0.940665
0.934933
0.934129
0.935087
0.93737
0.939499
0.941134
0.941773
0.942311
0.943725
0.944714
0.945541
0.947724
0.955591
0.976592
0.985065
0.986193
0.732696
0.722231
0.797234
0.897223
0.928586
0.939114
0.945213
0.949854
0.951736
0.953899
0.954631
0.951709
0.938464
0.911079
0.874333
0.850442
0.842158
0.839485
0.838987
0.840692
0.847565
0.854818
0.857322
0.858306
0.854408
0.835988
0.811673
0.79973
0.794466
0.798726
0.827976
0.847663
0.857212
0.861521
0.867489
0.878433
0.898483
0.924544
0.94712
0.95857
0.965547
0.970512
0.973673
0.974998
0.975302
0.975248
0.974033
0.969886
0.964885
0.962532
0.961405
0.960657
0.960162
0.959522
0.958665
0.957167
0.954296
0.949895
0.944887
0.941005
0.938594
0.937356
0.936851
0.936754
0.937506
0.938401
0.93988
0.941959
0.944637
0.947556
0.950419
0.952812
0.954756
0.956445
0.958024
0.959275
0.960238
0.96149
0.963033
0.964982
0.967096
0.96862
0.969912
0.970939
0.971771
0.972419
0.973309
0.974203
0.974296
0.973864
0.972381
0.968604
0.96492
0.962558
0.961602
0.961551
0.961988
0.96342
0.965715
0.9675
0.968996
0.970678
0.974844
0.983735
0.990761
0.992419
0.99087
0.982619
0.979609
0.981813
0.984748
0.979916
0.959064
0.954867
0.956929
0.962242
0.968021
0.972893
0.97519
0.975196
0.972951
0.966244
0.962538
0.958336
0.950042
0.936595
0.925092
0.918905
0.913204
0.905103
0.89038
0.870436
0.853719
0.843532
0.839702
0.840211
0.844342
0.849894
0.854255
0.855771
0.853812
0.849259
0.847124
0.849261
0.855
0.864168
0.886287
0.929675
0.963968
0.98439
0.994104
0.997988
0.999361
0.999809
0.999945
0.999976
0.999974
0.999924
0.999641
0.99829
0.992276
0.968277
0.943409
0.934275
0.932486
0.933114
0.935472
0.938649
0.940539
0.94175
0.942405
0.942579
0.942888
0.944102
0.945249
0.946419
0.949567
0.960804
0.979199
0.985051
0.728833
0.720456
0.799724
0.89958
0.930909
0.940813
0.946077
0.951065
0.953086
0.95474
0.956026
0.954725
0.94725
0.929072
0.899124
0.864893
0.849518
0.843159
0.840773
0.840141
0.840512
0.841191
0.841046
0.836526
0.828569
0.819726
0.814359
0.8128
0.824974
0.841991
0.851842
0.857562
0.862922
0.871611
0.88562
0.905586
0.929642
0.951124
0.96242
0.968185
0.971482
0.97361
0.974718
0.975093
0.9751
0.974035
0.970235
0.965978
0.963044
0.961178
0.96014
0.95925
0.958014
0.955868
0.952866
0.948712
0.944415
0.940411
0.937265
0.935557
0.934673
0.934303
0.934213
0.934556
0.935117
0.936014
0.937333
0.939369
0.942337
0.946032
0.950001
0.953489
0.955555
0.956512
0.957603
0.95832
0.958523
0.958564
0.958537
0.958491
0.959698
0.962815
0.966974
0.970478
0.972639
0.973968
0.974648
0.974935
0.974948
0.97473
0.97417
0.972881
0.970649
0.967959
0.965525
0.964501
0.964466
0.965131
0.967897
0.969771
0.970234
0.969906
0.970067
0.972442
0.98203
0.990403
0.991545
0.988275
0.980746
0.980262
0.983734
0.983885
0.970025
0.957017
0.956226
0.958588
0.965456
0.9715
0.9746
0.974866
0.97282
0.96404
0.957104
0.952062
0.943696
0.931776
0.922019
0.916958
0.910789
0.900444
0.885125
0.869157
0.856294
0.850994
0.853396
0.86165
0.876338
0.888866
0.896292
0.898196
0.894447
0.880801
0.86412
0.856262
0.855949
0.861398
0.872099
0.900953
0.944609
0.97431
0.989836
0.996434
0.998857
0.999663
0.999906
0.999957
0.999948
0.99983
0.999165
0.995975
0.981217
0.950892
0.935696
0.931629
0.931631
0.93306
0.937303
0.940487
0.942155
0.942855
0.943103
0.943043
0.942996
0.943207
0.944488
0.945712
0.947471
0.952237
0.967492
0.981375
0.726883
0.719085
0.796902
0.898992
0.931707
0.942069
0.946789
0.951516
0.953738
0.95516
0.957498
0.958167
0.95591
0.9471
0.927199
0.899358
0.871639
0.85768
0.84971
0.843757
0.840922
0.838968
0.83713
0.834145
0.832752
0.832461
0.838599
0.847287
0.851228
0.853947
0.855756
0.858904
0.865223
0.877542
0.897396
0.922708
0.948478
0.963757
0.96996
0.972778
0.974146
0.97483
0.97509
0.975
0.974436
0.972176
0.96732
0.962363
0.96029
0.959489
0.957908
0.955815
0.953157
0.94972
0.945833
0.941707
0.938405
0.935902
0.93413
0.933313
0.93292
0.932768
0.932736
0.932978
0.933437
0.934192
0.935131
0.936521
0.93887
0.943094
0.949046
0.95505
0.960093
0.963168
0.963806
0.963244
0.962084
0.960991
0.959809
0.958294
0.957267
0.957169
0.95818
0.961737
0.967401
0.972731
0.975575
0.977258
0.97823
0.978938
0.979547
0.980382
0.981195
0.981389
0.980114
0.977477
0.976454
0.976823
0.980677
0.983661
0.983307
0.979545
0.972625
0.971327
0.973957
0.984204
0.989757
0.989423
0.983521
0.979908
0.981576
0.984525
0.98101
0.963739
0.956989
0.956754
0.959723
0.968083
0.973082
0.974048
0.972423
0.963263
0.952933
0.946355
0.939122
0.928946
0.921575
0.917016
0.911069
0.900969
0.886425
0.871834
0.865396
0.868318
0.878979
0.898546
0.910515
0.915652
0.917133
0.916374
0.913798
0.909307
0.897987
0.878049
0.867025
0.864976
0.869887
0.883915
0.92314
0.961559
0.983933
0.994169
0.998107
0.999448
0.999848
0.999929
0.999905
0.99965
0.998221
0.991359
0.965502
0.941135
0.932176
0.93082
0.931443
0.935059
0.93992
0.94251
0.943577
0.94378
0.943647
0.943339
0.943158
0.943163
0.943521
0.945001
0.946385
0.949063
0.956752
0.974543
0.725671
0.716169
0.782669
0.890412
0.931057
0.942867
0.948045
0.951716
0.954653
0.955856
0.957519
0.959421
0.95974
0.957467
0.950928
0.939601
0.924653
0.90536
0.888063
0.878825
0.871356
0.864439
0.861339
0.859808
0.859321
0.85927
0.858344
0.855494
0.853932
0.853787
0.854707
0.85782
0.864707
0.877453
0.897634
0.923526
0.949966
0.965953
0.971923
0.974273
0.975112
0.975329
0.975241
0.974423
0.972057
0.967673
0.96403
0.961036
0.958491
0.956019
0.954051
0.951979
0.948447
0.944653
0.941364
0.937915
0.935289
0.933831
0.932768
0.932287
0.932028
0.931891
0.931828
0.931857
0.932036
0.932422
0.933218
0.934363
0.935971
0.938183
0.943234
0.952164
0.960006
0.965758
0.969983
0.972914
0.974054
0.973104
0.97091
0.967801
0.963783
0.960185
0.95779
0.956957
0.957579
0.960371
0.965823
0.971031
0.974742
0.976933
0.978585
0.980456
0.982612
0.984669
0.986178
0.987187
0.988185
0.98986
0.99311
0.994857
0.994864
0.993241
0.984312
0.974911
0.973792
0.978015
0.985815
0.987586
0.984944
0.97977
0.979705
0.983383
0.983975
0.976653
0.960912
0.957305
0.956162
0.959618
0.968413
0.971711
0.970947
0.963519
0.950709
0.943096
0.935915
0.927974
0.921846
0.917625
0.912323
0.903468
0.8904
0.879829
0.880603
0.88645
0.902575
0.914577
0.919449
0.920553
0.920155
0.918446
0.915465
0.913544
0.910877
0.903383
0.887094
0.877175
0.875398
0.881069
0.903251
0.94721
0.976564
0.991151
0.997073
0.999145
0.999768
0.999887
0.999837
0.999337
0.996578
0.983418
0.953026
0.93565
0.930872
0.930705
0.932591
0.938512
0.942596
0.94397
0.94421
0.944057
0.943648
0.943216
0.943071
0.943075
0.943205
0.944004
0.94561
0.947475
0.951835
0.965093
0.724557
0.714284
0.772426
0.876214
0.927717
0.942912
0.948505
0.951875
0.955007
0.956322
0.95714
0.95941
0.961244
0.961606
0.960411
0.95648
0.951272
0.945457
0.938963
0.930353
0.921201
0.914326
0.907933
0.900918
0.892871
0.882171
0.869563
0.85733
0.852163
0.850767
0.850715
0.852835
0.859864
0.873447
0.893099
0.918118
0.944484
0.963531
0.971181
0.974156
0.975182
0.975437
0.975365
0.974352
0.971076
0.965665
0.960376
0.958005
0.956926
0.954359
0.951155
0.948804
0.945603
0.941546
0.93838
0.935925
0.933838
0.932841
0.932211
0.931898
0.93173
0.931643
0.931607
0.931613
0.931666
0.93179
0.9321
0.933062
0.934831
0.936629
0.938825
0.944006
0.954676
0.963399
0.969649
0.974317
0.978109
0.981204
0.983219
0.983831
0.982581
0.978488
0.972176
0.964771
0.959285
0.956784
0.956262
0.956791
0.958514
0.960762
0.963454
0.96724
0.972767
0.979506
0.984671
0.987864
0.990254
0.993167
0.995724
0.996867
0.996912
0.9959
0.989861
0.979345
0.975698
0.976644
0.982601
0.985013
0.984081
0.979455
0.978314
0.980679
0.98431
0.983098
0.971658
0.960305
0.956808
0.953461
0.956784
0.964656
0.966342
0.962219
0.950385
0.941154
0.93459
0.927993
0.92271
0.919191
0.91505
0.909404
0.898184
0.894414
0.89589
0.901262
0.912404
0.918893
0.920827
0.920849
0.919727
0.915851
0.913671
0.91395
0.914007
0.913031
0.90582
0.892276
0.88632
0.886319
0.89626
0.932648
0.96845
0.987582
0.995791
0.99876
0.999663
0.999831
0.999741
0.998878
0.994178
0.973566
0.945241
0.932987
0.930593
0.931202
0.935561
0.941559
0.944074
0.944603
0.944463
0.944012
0.942874
0.942303
0.942353
0.942583
0.942845
0.94338
0.94484
0.9464
0.949351
0.957509
0.723613
0.713042
0.765042
0.855936
0.918141
0.940554
0.948457
0.951945
0.955125
0.957026
0.957613
0.958185
0.960565
0.962975
0.963509
0.963394
0.961798
0.959895
0.958632
0.956529
0.953232
0.949076
0.944051
0.938385
0.93124
0.920511
0.903144
0.877696
0.857254
0.851333
0.849963
0.850002
0.852148
0.860128
0.876715
0.899534
0.925385
0.950047
0.965154
0.971936
0.974544
0.975287
0.975343
0.974485
0.971423
0.965933
0.960051
0.955852
0.95386
0.952309
0.949209
0.946167
0.943343
0.939878
0.937063
0.935155
0.933635
0.932736
0.932195
0.931894
0.931728
0.931639
0.931609
0.931611
0.931634
0.931704
0.931886
0.932328
0.933839
0.936255
0.938177
0.940851
0.947764
0.957631
0.965146
0.97122
0.976621
0.98125
0.98489
0.98765
0.989487
0.989919
0.988824
0.985218
0.977981
0.96871
0.960762
0.956507
0.954565
0.953906
0.95397
0.954801
0.957241
0.963271
0.973744
0.983058
0.988988
0.993111
0.995844
0.997023
0.997099
0.99617
0.990339
0.980085
0.976226
0.976576
0.981492
0.984202
0.983075
0.978383
0.976881
0.977942
0.983083
0.984426
0.981573
0.96814
0.959468
0.953959
0.948797
0.951427
0.956138
0.956238
0.949853
0.939963
0.933794
0.928141
0.923937
0.921016
0.918458
0.915552
0.908407
0.906934
0.907959
0.911283
0.917202
0.920081
0.920485
0.919392
0.914837
0.912196
0.912819
0.91657
0.919212
0.919044
0.916888
0.905861
0.896808
0.895228
0.898528
0.921209
0.9607
0.983882
0.994393
0.998324
0.999543
0.999765
0.999623
0.998296
0.991206
0.964664
0.940421
0.93202
0.931031
0.932768
0.93916
0.943576
0.944954
0.944996
0.944519
0.943085
0.941229
0.940642
0.940763
0.941392
0.942157
0.942749
0.944122
0.945645
0.947821
0.95315
0.72343
0.711985
0.757068
0.836715
0.897855
0.931647
0.94593
0.951761
0.954647
0.957526
0.958567
0.958691
0.958846
0.961
0.964332
0.965197
0.965407
0.965493
0.965561
0.965848
0.965935
0.965744
0.964971
0.963325
0.960514
0.955993
0.948177
0.933881
0.908912
0.875939
0.857015
0.851857
0.851199
0.852835
0.85862
0.870393
0.887475
0.90978
0.937171
0.959466
0.969915
0.973792
0.974865
0.974383
0.972484
0.967514
0.960743
0.955922
0.952781
0.950558
0.947954
0.945043
0.942388
0.939702
0.937068
0.93521
0.933767
0.93285
0.932293
0.931978
0.931801
0.931697
0.931672
0.931681
0.931712
0.931778
0.931906
0.932231
0.933352
0.936197
0.938266
0.940395
0.944505
0.953075
0.959661
0.964391
0.969893
0.976437
0.982554
0.987107
0.990094
0.99187
0.992444
0.991433
0.988532
0.985037
0.979726
0.97133
0.963052
0.957737
0.955106
0.954541
0.955251
0.9581
0.963235
0.972136
0.983116
0.990613
0.994975
0.996754
0.996922
0.995965
0.990098
0.980058
0.976191
0.976372
0.980961
0.984059
0.98293
0.977569
0.975487
0.975941
0.980497
0.984495
0.984283
0.979453
0.965789
0.956344
0.949003
0.943036
0.944555
0.946815
0.94603
0.939814
0.933457
0.928276
0.924777
0.922036
0.920525
0.918938
0.915285
0.914807
0.915327
0.916883
0.919277
0.919741
0.918787
0.914232
0.911029
0.911584
0.915651
0.929342
0.937245
0.937207
0.93332
0.921058
0.90785
0.904247
0.905277
0.917612
0.954048
0.980409
0.992998
0.997875
0.999417
0.999695
0.99949
0.997627
0.987601
0.957661
0.937697
0.9319
0.932085
0.93561
0.942365
0.945165
0.945614
0.945221
0.943766
0.941047
0.940181
0.939866
0.939824
0.940019
0.941001
0.941889
0.943436
0.945062
0.946811
0.950599
0.723848
0.711511
0.750365
0.822256
0.872888
0.903519
0.93455
0.948121
0.954029
0.956884
0.959394
0.960147
0.959998
0.959537
0.96011
0.963031
0.965829
0.966688
0.967108
0.967582
0.968313
0.969016
0.96958
0.969822
0.969854
0.969612
0.968514
0.965589
0.958593
0.942933
0.914221
0.87927
0.860058
0.854807
0.855337
0.859051
0.86596
0.877296
0.893776
0.917811
0.947865
0.965712
0.971988
0.97338
0.972427
0.970109
0.963793
0.957008
0.953018
0.950373
0.947881
0.945056
0.942424
0.939887
0.937356
0.935506
0.934117
0.933162
0.932556
0.932201
0.932005
0.931873
0.931841
0.931855
0.931899
0.931987
0.932157
0.93252
0.933455
0.936641
0.939756
0.941298
0.943898
0.950249
0.9561
0.958732
0.960971
0.96642
0.974892
0.982396
0.987871
0.991438
0.9933
0.99378
0.992121
0.989047
0.986805
0.984983
0.981517
0.974533
0.966899
0.961754
0.959733
0.959732
0.962164
0.966993
0.974746
0.985586
0.992816
0.995913
0.996227
0.994813
0.987403
0.978828
0.975617
0.975792
0.980304
0.984417
0.983673
0.977651
0.974198
0.974229
0.977515
0.98359
0.984954
0.983705
0.977704
0.962693
0.951083
0.94303
0.937007
0.93735
0.938255
0.937224
0.933058
0.928271
0.92511
0.922577
0.921288
0.920075
0.918397
0.918082
0.918213
0.918814
0.918856
0.917991
0.913722
0.909851
0.91024
0.913942
0.928193
0.954286
0.96656
0.966653
0.96252
0.945441
0.92328
0.915104
0.914533
0.920091
0.948187
0.97733
0.991713
0.997447
0.999294
0.999625
0.999357
0.996925
0.983825
0.953125
0.936491
0.933037
0.934037
0.939329
0.94444
0.94607
0.946066
0.945091
0.941926
0.940192
0.939896
0.939795
0.939643
0.939646
0.940011
0.940954
0.942631
0.944491
0.946041
0.949015
0.725518
0.711916
0.741121
0.800892
0.841777
0.863444
0.892997
0.930865
0.948975
0.95573
0.958795
0.960908
0.961535
0.961345
0.9608
0.960951
0.962653
0.964966
0.966133
0.967217
0.968404
0.969064
0.969679
0.970498
0.970841
0.971288
0.971511
0.971461
0.970905
0.969336
0.962133
0.945498
0.914383
0.880734
0.863708
0.860236
0.862397
0.8664
0.873523
0.885689
0.904442
0.935215
0.96002
0.968929
0.971067
0.970097
0.967663
0.961194
0.954464
0.950808
0.948123
0.945352
0.94272
0.940333
0.938089
0.936211
0.934817
0.933803
0.933109
0.932677
0.932453
0.932284
0.932203
0.932214
0.932266
0.932388
0.932637
0.933185
0.934649
0.938526
0.941874
0.943488
0.944892
0.949062
0.954334
0.956777
0.957554
0.958763
0.963931
0.973281
0.981253
0.987706
0.992233
0.994483
0.995093
0.993327
0.989679
0.988539
0.988482
0.987999
0.984974
0.977118
0.971002
0.968164
0.967499
0.96804
0.971495
0.979906
0.989753
0.994688
0.995726
0.994369
0.986013
0.977336
0.974536
0.974724
0.979332
0.985448
0.9855
0.979644
0.973387
0.972591
0.974345
0.981329
0.984757
0.9849
0.982997
0.97556
0.957571
0.944859
0.936956
0.931452
0.930248
0.931002
0.930484
0.92789
0.925035
0.922657
0.921401
0.920286
0.919192
0.918734
0.918637
0.91838
0.917294
0.912989
0.908706
0.908854
0.911966
0.924873
0.957415
0.976699
0.979423
0.976088
0.971992
0.96395
0.941457
0.927787
0.924811
0.926747
0.944475
0.974658
0.990578
0.997065
0.999183
0.999563
0.999235
0.996294
0.980552
0.950289
0.936359
0.934818
0.936767
0.942701
0.946149
0.946833
0.946562
0.944261
0.940898
0.93987
0.939871
0.940152
0.940037
0.939683
0.93972
0.940162
0.941728
0.943891
0.945441
0.947864
0.728902
0.713923
0.734302
0.781805
0.813534
0.82778
0.843811
0.875698
0.922626
0.946906
0.955349
0.959342
0.961133
0.961556
0.961541
0.961382
0.962123
0.964585
0.966988
0.969398
0.971283
0.971622
0.971616
0.970985
0.97046
0.971773
0.973076
0.973479
0.97199
0.971547
0.971829
0.969305
0.960728
0.942332
0.910236
0.880771
0.869045
0.86764
0.870378
0.875478
0.884439
0.900724
0.92689
0.953009
0.965507
0.968525
0.967663
0.965422
0.959507
0.952696
0.949047
0.946116
0.943401
0.941053
0.939009
0.937253
0.935838
0.934783
0.934013
0.933435
0.933142
0.93288
0.932773
0.932795
0.93289
0.933116
0.933578
0.93456
0.937203
0.941445
0.944314
0.945736
0.946737
0.949194
0.953839
0.956109
0.956525
0.956452
0.957256
0.962544
0.971312
0.980024
0.987767
0.993084
0.995555
0.996286
0.995337
0.993281
0.993088
0.9934
0.993432
0.99097
0.982851
0.977434
0.974524
0.973473
0.973498
0.976718
0.987122
0.993978
0.995614
0.994403
0.986116
0.97716
0.97422
0.974319
0.978596
0.986523
0.987593
0.98334
0.973993
0.971589
0.97231
0.977793
0.983712
0.985083
0.984727
0.981919
0.972169
0.951196
0.938692
0.931424
0.926376
0.924224
0.92444
0.924944
0.923917
0.922193
0.921069
0.920032
0.91903
0.918511
0.917883
0.916306
0.911514
0.907559
0.907549
0.909949
0.921377
0.955032
0.979705
0.985822
0.984176
0.976574
0.972379
0.966996
0.953166
0.939876
0.934964
0.935108
0.944171
0.972137
0.989545
0.996726
0.999088
0.999509
0.99913
0.995761
0.97799
0.948731
0.937474
0.937224
0.940537
0.945464
0.947391
0.947625
0.946772
0.943078
0.94026
0.939789
0.940202
0.941767
0.941639
0.940523
0.939891
0.939984
0.940842
0.943279
0.944933
0.946982
0.733786
0.717396
0.73276
0.773294
0.79293
0.799671
0.804917
0.818788
0.851232
0.90477
0.938345
0.95013
0.955904
0.959175
0.960915
0.961891
0.962512
0.965377
0.970072
0.971552
0.970898
0.967196
0.958969
0.951956
0.949184
0.954532
0.966562
0.975423
0.978939
0.973952
0.970912
0.971723
0.971118
0.967176
0.956364
0.934816
0.904598
0.882449
0.875438
0.876545
0.880444
0.888189
0.902979
0.924987
0.948106
0.962494
0.966007
0.965354
0.963477
0.958523
0.951806
0.947825
0.944715
0.942161
0.940041
0.938293
0.936841
0.935776
0.934942
0.934311
0.933982
0.933709
0.933707
0.933791
0.934041
0.934577
0.935562
0.937542
0.941903
0.945585
0.947464
0.948227
0.948932
0.950653
0.954155
0.956057
0.956289
0.955525
0.95456
0.955101
0.960139
0.970375
0.980679
0.989134
0.99433
0.996606
0.99752
0.997888
0.998143
0.998234
0.998036
0.996677
0.990467
0.982346
0.977264
0.975189
0.975062
0.976846
0.985812
0.993671
0.995729
0.994848
0.987266
0.977682
0.974353
0.974342
0.978032
0.987182
0.989489
0.987136
0.976666
0.971622
0.971543
0.975078
0.981838
0.98472
0.985055
0.98429
0.980348
0.966961
0.945128
0.933205
0.92656
0.921873
0.919454
0.91889
0.919236
0.919319
0.918935
0.918187
0.917224
0.916085
0.913782
0.90891
0.906404
0.906412
0.908418
0.917998
0.947981
0.978063
0.988889
0.98988
0.98587
0.973845
0.969373
0.965706
0.957311
0.947417
0.941896
0.941392
0.946588
0.970115
0.988804
0.996492
0.999025
0.999475
0.999061
0.9954
0.976277
0.94827
0.939707
0.940432
0.944754
0.947711
0.948473
0.94832
0.946699
0.941903
0.939848
0.939835
0.94118
0.945022
0.944948
0.943099
0.940568
0.940126
0.940502
0.942497
0.944512
0.946369
0.738744
0.721828
0.726026
0.753864
0.767363
0.772235
0.776193
0.787787
0.80822
0.84285
0.885526
0.915303
0.931022
0.941201
0.951298
0.958125
0.962429
0.966044
0.971198
0.971856
0.966803
0.948448
0.932321
0.927328
0.92782
0.928459
0.93193
0.951154
0.977776
0.984577
0.978182
0.970621
0.970608
0.971266
0.969554
0.963205
0.948848
0.925709
0.901045
0.88676
0.884305
0.887914
0.895346
0.909368
0.927833
0.946268
0.960125
0.963739
0.96332
0.961856
0.95814
0.952336
0.947603
0.944293
0.941831
0.939894
0.938322
0.937233
0.936318
0.935776
0.935371
0.935324
0.935437
0.935792
0.936632
0.937886
0.939977
0.943854
0.947421
0.94946
0.950198
0.950543
0.9512
0.953371
0.956044
0.956913
0.956828
0.955461
0.953121
0.952547
0.953459
0.960103
0.972843
0.983868
0.99159
0.9958
0.997681
0.998638
0.999123
0.999251
0.999182
0.998555
0.995373
0.986316
0.979244
0.976041
0.975607
0.976995
0.985069
0.993504
0.996183
0.995784
0.989912
0.979631
0.975385
0.975027
0.977843
0.987268
0.991041
0.990148
0.981306
0.972871
0.971649
0.973527
0.979949
0.983878
0.984976
0.984898
0.983599
0.978227
0.961735
0.939984
0.928765
0.922279
0.918467
0.915918
0.914609
0.913897
0.913513
0.912628
0.911563
0.909925
0.907132
0.905655
0.905729
0.907657
0.916073
0.941347
0.972579
0.988264
0.993008
0.993034
0.986367
0.969675
0.963774
0.962256
0.957953
0.949545
0.944198
0.943572
0.948022
0.969836
0.98864
0.996431
0.999007
0.999465
0.999042
0.995269
0.975392
0.948993
0.942871
0.944763
0.948803
0.949652
0.949574
0.949046
0.946072
0.941038
0.939656
0.94
0.943307
0.949675
0.94972
0.947666
0.942231
0.940486
0.940545
0.941895
0.944082
0.945832
0.74212
0.732916
0.732754
0.749015
0.75911
0.764083
0.772193
0.784705
0.803924
0.834733
0.872968
0.902065
0.921841
0.934876
0.942192
0.944732
0.953384
0.962813
0.969948
0.972221
0.968996
0.952707
0.93406
0.932402
0.936834
0.932705
0.926897
0.929951
0.948792
0.980158
0.988349
0.982628
0.972251
0.970987
0.971386
0.970515
0.966606
0.957095
0.939078
0.919207
0.901246
0.894474
0.897194
0.904653
0.917553
0.93253
0.946805
0.95832
0.961832
0.961616
0.960518
0.957619
0.953622
0.9495
0.946093
0.943421
0.941396
0.940186
0.93923
0.938672
0.93864
0.938883
0.939525
0.940973
0.942611
0.945025
0.948161
0.950581
0.951768
0.952192
0.952452
0.952892
0.953891
0.956843
0.958921
0.959154
0.95882
0.956675
0.953222
0.952014
0.952072
0.953852
0.964041
0.978075
0.988155
0.994207
0.997258
0.998645
0.999235
0.999388
0.999332
0.998799
0.996316
0.98825
0.980775
0.976941
0.976215
0.977356
0.984805
0.993445
0.996836
0.996991
0.993717
0.983609
0.978055
0.977043
0.978793
0.987212
0.992367
0.992463
0.987014
0.975657
0.97243
0.973148
0.978276
0.98296
0.984722
0.984991
0.98466
0.982743
0.976128
0.957738
0.936508
0.925162
0.919265
0.915888
0.913451
0.91174
0.910368
0.909362
0.90832
0.906481
0.905674
0.905926
0.908017
0.916022
0.938693
0.96682
0.984114
0.993016
0.995975
0.995164
0.985414
0.966482
0.960028
0.958878
0.956497
0.949516
0.944775
0.944372
0.948933
0.970471
0.988817
0.996468
0.999013
0.999468
0.999047
0.995256
0.975036
0.951001
0.947332
0.950364
0.952315
0.951334
0.950628
0.949451
0.945223
0.940427
0.939562
0.940462
0.946502
0.954505
0.954821
0.952873
0.945543
0.941247
0.940702
0.9415
0.943718
0.945429
0.759691
0.757638
0.75783
0.759867
0.766959
0.771082
0.775908
0.786469
0.808828
0.840243
0.88319
0.92564
0.959289
0.970372
0.97188
0.965466
0.947129
0.945035
0.960739
0.970539
0.970827
0.964863
0.95089
0.955343
0.959991
0.951616
0.932795
0.929994
0.939588
0.968194
0.987403
0.990888
0.984136
0.973393
0.97156
0.971648
0.971076
0.968473
0.961602
0.947655
0.932579
0.916627
0.906591
0.908169
0.914891
0.926056
0.937839
0.948657
0.957158
0.960285
0.960187
0.95934
0.957317
0.954645
0.952257
0.949787
0.948014
0.946858
0.946126
0.945981
0.946276
0.947009
0.948054
0.949344
0.950726
0.952239
0.953438
0.953916
0.954055
0.9543
0.954822
0.95588
0.958114
0.960911
0.962124
0.962165
0.961655
0.959144
0.954419
0.952215
0.95194
0.952592
0.95669
0.971405
0.984267
0.99218
0.996388
0.998382
0.999196
0.999393
0.999337
0.998757
0.996104
0.988113
0.980903
0.977411
0.976814
0.977928
0.984948
0.993484
0.997382
0.998103
0.996932
0.989425
0.982506
0.98059
0.981379
0.987629
0.993454
0.994308
0.991865
0.980701
0.974263
0.973924
0.977042
0.982306
0.984488
0.985007
0.98496
0.984338
0.981845
0.974476
0.956487
0.934648
0.923421
0.917445
0.913997
0.91177
0.910128
0.908896
0.907471
0.906872
0.907246
0.909637
0.91767
0.940007
0.963631
0.978946
0.990312
0.996183
0.997366
0.996057
0.985221
0.963996
0.956735
0.955589
0.953702
0.948201
0.9447
0.94468
0.950068
0.972299
0.989535
0.996697
0.999076
0.999495
0.999078
0.995304
0.975267
0.95466
0.953127
0.956189
0.955867
0.95264
0.951478
0.94976
0.944482
0.940109
0.939521
0.941194
0.950071
0.958361
0.958872
0.957101
0.949384
0.94268
0.941091
0.941483
0.943335
0.945064
0.817475
0.824359
0.832842
0.836046
0.839416
0.840787
0.831924
0.812408
0.811295
0.826605
0.86866
0.919321
0.947053
0.951203
0.965419
0.983039
0.986707
0.96162
0.945201
0.953842
0.967007
0.967576
0.966424
0.967
0.965748
0.954593
0.934352
0.931826
0.939633
0.965924
0.985504
0.993155
0.992746
0.982581
0.973357
0.971857
0.971923
0.971518
0.969602
0.964299
0.953382
0.940966
0.929125
0.919214
0.919034
0.924773
0.933775
0.942715
0.95061
0.956421
0.958961
0.958983
0.958362
0.956956
0.955755
0.954264
0.953345
0.952534
0.952256
0.952372
0.952716
0.953152
0.953683
0.954328
0.954972
0.955473
0.955781
0.95603
0.956364
0.957023
0.958317
0.961026
0.963055
0.963917
0.963861
0.96361
0.963075
0.961444
0.956442
0.953078
0.952208
0.952506
0.954512
0.964707
0.979933
0.989849
0.995294
0.997954
0.999073
0.999361
0.999285
0.99846
0.994736
0.986558
0.980338
0.977532
0.97719
0.978555
0.985819
0.993741
0.997635
0.998732
0.99848
0.995113
0.988057
0.985178
0.985174
0.988745
0.994324
0.995784
0.99491
0.987336
0.977776
0.975597
0.97693
0.981841
0.984455
0.98509
0.985099
0.984865
0.983886
0.98101
0.973883
0.957896
0.936678
0.924426
0.917727
0.913955
0.911557
0.909957
0.909643
0.910324
0.913507
0.923024
0.946448
0.963855
0.975219
0.987044
0.994594
0.997714
0.998099
0.996513
0.985209
0.962804
0.952988
0.95177
0.950218
0.946284
0.94439
0.9449
0.95213
0.975471
0.990775
0.997097
0.999186
0.99954
0.999129
0.995399
0.976033
0.959781
0.959649
0.96211
0.958945
0.953359
0.951995
0.949898
0.943875
0.93982
0.93949
0.942081
0.953201
0.960959
0.961608
0.960003
0.952677
0.944197
0.941589
0.941617
0.943048
0.94477
0.996335
0.995248
0.994479
0.990984
0.9871
0.986839
0.98718
0.985984
0.966533
0.888491
0.881169
0.895449
0.905807
0.924477
0.955457
0.979229
0.992091
0.99242
0.96989
0.948734
0.949434
0.957971
0.963197
0.963133
0.958353
0.941196
0.932369
0.934191
0.951116
0.974577
0.98791
0.994699
0.995608
0.992575
0.979069
0.97278
0.971959
0.972133
0.971885
0.970438
0.966278
0.957638
0.947403
0.938165
0.930168
0.928792
0.933316
0.940237
0.946703
0.952143
0.955809
0.957622
0.95792
0.957495
0.956919
0.956344
0.955874
0.955365
0.955222
0.955284
0.955456
0.955728
0.956123
0.956609
0.957021
0.957539
0.958188
0.958865
0.959791
0.961625
0.963857
0.964954
0.965294
0.965157
0.964521
0.963993
0.963535
0.962584
0.958878
0.954553
0.952972
0.95296
0.954205
0.959988
0.975562
0.987289
0.994057
0.997457
0.998922
0.999314
0.999234
0.998129
0.992675
0.984688
0.979729
0.977704
0.977664
0.97962
0.987529
0.994382
0.997833
0.999055
0.999138
0.998302
0.994188
0.990544
0.989773
0.99094
0.995133
0.996979
0.99686
0.993655
0.983435
0.978664
0.978575
0.981683
0.984785
0.985505
0.985486
0.98509
0.984529
0.983395
0.980826
0.975097
0.963873
0.947579
0.934947
0.926121
0.920946
0.92058
0.922154
0.927005
0.939134
0.956996
0.967519
0.975534
0.985068
0.992329
0.996729
0.998505
0.998641
0.996973
0.985494
0.962794
0.950338
0.94719
0.94603
0.944401
0.944018
0.945306
0.955794
0.97928
0.992272
0.997589
0.999322
0.9996
0.999199
0.995514
0.977412
0.965842
0.966586
0.967596
0.960632
0.953899
0.952456
0.950008
0.943399
0.939657
0.93945
0.942991
0.955475
0.962342
0.963183
0.961877
0.955005
0.945616
0.942203
0.941916
0.942914
0.944575
0.999977
0.999955
0.999932
0.999875
0.999771
0.999663
0.999577
0.999412
0.998488
0.993456
0.974834
0.955473
0.956326
0.96722
0.985339
0.994275
0.997897
0.998399
0.995852
0.976249
0.953778
0.947148
0.946032
0.943518
0.938133
0.934014
0.935549
0.945302
0.97253
0.988139
0.994513
0.99751
0.998085
0.997185
0.98955
0.976323
0.972318
0.971956
0.972275
0.972217
0.971236
0.96812
0.961404
0.95317
0.946086
0.939869
0.937273
0.940374
0.945459
0.949919
0.953455
0.955732
0.95685
0.957223
0.957139
0.956958
0.956764
0.956675
0.95675
0.957033
0.957573
0.958203
0.95897
0.960067
0.960836
0.961946
0.962999
0.964324
0.965327
0.965959
0.966304
0.966328
0.966215
0.965688
0.964708
0.964128
0.96377
0.963193
0.961222
0.956605
0.954301
0.954029
0.954658
0.958161
0.971374
0.984733
0.992759
0.996927
0.998761
0.999293
0.999226
0.998064
0.992131
0.984203
0.979704
0.978427
0.978659
0.981569
0.989724
0.995293
0.998137
0.999283
0.999508
0.999345
0.99823
0.996029
0.994694
0.994578
0.996075
0.997897
0.998124
0.997231
0.991319
0.983839
0.981821
0.982658
0.985798
0.986794
0.986649
0.985714
0.984783
0.984085
0.983221
0.981405
0.977872
0.96988
0.962839
0.95535
0.950368
0.950836
0.95321
0.958862
0.967416
0.973193
0.978363
0.98428
0.990216
0.994935
0.997825
0.999019
0.999095
0.997692
0.987498
0.963549
0.949763
0.944459
0.943163
0.943151
0.943525
0.946547
0.962435
0.983579
0.99403
0.998161
0.999481
0.999672
0.999284
0.995703
0.97986
0.971914
0.972576
0.972106
0.961609
0.954418
0.953026
0.950194
0.943053
0.939567
0.939432
0.943553
0.956595
0.962973
0.963832
0.962722
0.956059
0.946622
0.942804
0.942275
0.942893
0.944389
1
1
1
0.999999
0.999997
0.999995
0.999992
0.999984
0.999946
0.999707
0.998554
0.995575
0.995768
0.997048
0.998582
0.999387
0.999757
0.999831
0.999554
0.997018
0.985305
0.967058
0.957127
0.947736
0.947457
0.95022
0.959139
0.979298
0.990412
0.995454
0.997644
0.998814
0.999162
0.99895
0.996787
0.985542
0.97483
0.971973
0.971887
0.972345
0.972569
0.971933
0.969753
0.964895
0.958733
0.95338
0.948368
0.944688
0.946403
0.94964
0.952765
0.955085
0.956487
0.957111
0.957341
0.957607
0.958139
0.959143
0.960537
0.96203
0.9634
0.964534
0.965522
0.966292
0.966796
0.967079
0.96739
0.967576
0.967532
0.96732
0.96708
0.966915
0.966626
0.965803
0.964804
0.964297
0.964074
0.963742
0.962869
0.959229
0.956191
0.955607
0.955936
0.958171
0.968313
0.982622
0.991641
0.996455
0.998642
0.999297
0.99926
0.998138
0.992201
0.984588
0.980987
0.980198
0.9807
0.984712
0.991968
0.996348
0.998537
0.999459
0.999714
0.999701
0.999415
0.998652
0.998035
0.997757
0.997839
0.998628
0.998974
0.9988
0.997143
0.990972
0.986635
0.985892
0.987012
0.988623
0.988691
0.987687
0.985699
0.984594
0.983849
0.983206
0.982233
0.979625
0.977201
0.973908
0.971863
0.972093
0.973223
0.976108
0.979
0.980949
0.983819
0.98806
0.992645
0.996291
0.998488
0.999429
0.999532
0.998635
0.991109
0.966633
0.95017
0.943969
0.942477
0.94247
0.943588
0.950132
0.971439
0.988011
0.995705
0.998689
0.999625
0.999743
0.999378
0.996098
0.982891
0.97691
0.97706
0.975592
0.962446
0.95509
0.953711
0.950446
0.942893
0.939536
0.939431
0.943752
0.95688
0.963088
0.963891
0.96245
0.955333
0.946805
0.943155
0.942552
0.942961
0.944201
1
1
1
1
1
1
1
1
0.999999
0.999992
0.999946
0.999811
0.999832
0.999895
0.999946
0.999974
0.999989
0.999992
0.999973
0.99974
0.998487
0.995837
0.988846
0.985026
0.985416
0.987245
0.991513
0.995246
0.99751
0.998675
0.999247
0.999587
0.999704
0.999658
0.999066
0.995625
0.982393
0.97392
0.971735
0.971765
0.972449
0.972856
0.97251
0.97114
0.968
0.963619
0.95954
0.955741
0.952228
0.951851
0.953243
0.955363
0.956754
0.957568
0.958519
0.960203
0.962425
0.964407
0.965974
0.967274
0.968142
0.968631
0.968947
0.969125
0.969135
0.969069
0.968944
0.968799
0.968442
0.967823
0.967426
0.967209
0.96686
0.965909
0.965072
0.964865
0.964918
0.964877
0.964452
0.962057
0.958527
0.957552
0.957733
0.959198
0.966875
0.981376
0.991023
0.996189
0.99857
0.999369
0.999401
0.998588
0.993717
0.987347
0.984379
0.983817
0.984542
0.98905
0.994549
0.997579
0.999036
0.999648
0.999844
0.99986
0.999785
0.999514
0.999268
0.999151
0.999158
0.999381
0.999544
0.99952
0.99917
0.997301
0.992923
0.990591
0.990285
0.990752
0.990974
0.990639
0.988584
0.986015
0.984693
0.983836
0.98349
0.982692
0.982149
0.981191
0.980819
0.980963
0.981452
0.982476
0.98347
0.984502
0.986574
0.9907
0.995
0.997896
0.999311
0.999772
0.999806
0.999346
0.994698
0.973247
0.952924
0.944694
0.942637
0.942782
0.945577
0.959185
0.979937
0.991827
0.997131
0.999138
0.99975
0.999813
0.999493
0.996705
0.985935
0.981056
0.980898
0.978851
0.963413
0.955396
0.954504
0.951029
0.942864
0.93957
0.939468
0.943307
0.955558
0.962031
0.962971
0.960993
0.953613
0.946514
0.943422
0.942827
0.943089
0.944076
1
1
1
1
1
1
1
1
1
1
0.999999
0.999997
0.999998
0.999998
0.999999
1
1
1
0.999999
0.999987
0.99991
0.999697
0.999056
0.998442
0.998375
0.998462
0.998785
0.999226
0.999538
0.999724
0.999831
0.999902
0.999924
0.999913
0.999777
0.998824
0.99443
0.980678
0.973518
0.97157
0.97162
0.972466
0.973016
0.972913
0.972206
0.970438
0.967451
0.964771
0.96207
0.95947
0.958346
0.95872
0.959612
0.961534
0.964359
0.966892
0.968581
0.969723
0.970364
0.970444
0.97053
0.970918
0.971374
0.971389
0.971124
0.970744
0.970585
0.970311
0.9695
0.96856
0.968086
0.967832
0.967332
0.966376
0.965973
0.966022
0.966644
0.966964
0.966816
0.965374
0.961415
0.959891
0.959922
0.960957
0.966691
0.980879
0.990771
0.996087
0.998537
0.999471
0.999648
0.999441
0.997503
0.993012
0.99055
0.990046
0.990782
0.994398
0.997422
0.998917
0.99958
0.999847
0.999932
0.999941
0.999918
0.999821
0.999721
0.999669
0.999667
0.99974
0.999821
0.999823
0.999762
0.999393
0.99786
0.995604
0.994485
0.994163
0.994
0.993694
0.992854
0.990005
0.986882
0.985222
0.984467
0.983895
0.983634
0.983511
0.983535
0.983666
0.983995
0.984492
0.985247
0.986785
0.990592
0.995273
0.998063
0.999314
0.999786
0.999919
0.999919
0.9997
0.997667
0.983258
0.960193
0.94866
0.945334
0.94596
0.953245
0.972737
0.987343
0.995021
0.9983
0.999503
0.999854
0.999878
0.999614
0.997402
0.988854
0.984857
0.984447
0.981659
0.963843
0.955391
0.955157
0.951863
0.943082
0.939731
0.939553
0.941956
0.952364
0.959253
0.960466
0.957762
0.951318
0.945987
0.943556
0.943082
0.943274
0.944112
1
1
1
1
1
1
1
1
1
1
1
1
1
1
1
1
1
1
1
1
0.999997
0.999988
0.999972
0.999934
0.999903
0.999898
0.999902
0.999922
0.999946
0.999963
0.999976
0.999986
0.999987
0.999984
0.999955
0.999734
0.998483
0.993458
0.979869
0.973337
0.971373
0.971377
0.972319
0.972952
0.973073
0.972814
0.971964
0.97036
0.968606
0.966701
0.965647
0.965642
0.966094
0.96742
0.96841
0.968901
0.968978
0.968177
0.964932
0.964119
0.965656
0.969616
0.973009
0.975114
0.975851
0.975945
0.975784
0.975136
0.973205
0.971319
0.970449
0.969798
0.968766
0.96789
0.967551
0.967591
0.968336
0.969304
0.969359
0.968686
0.965113
0.962848
0.962693
0.963428
0.967656
0.98077
0.990757
0.996092
0.998551
0.999533
0.999807
0.999799
0.999445
0.998062
0.99699
0.996702
0.996893
0.998031
0.999048
0.999579
0.99983
0.999936
0.999971
0.999976
0.999968
0.999933
0.999893
0.999869
0.999865
0.999884
0.999926
0.999934
0.999926
0.999861
0.999565
0.998648
0.997764
0.997205
0.996865
0.996594
0.996132
0.99511
0.992502
0.988961
0.986873
0.985733
0.985211
0.985141
0.985209
0.98543
0.985993
0.986869
0.988503
0.992376
0.996089
0.998288
0.999352
0.999785
0.999935
0.999971
0.999967
0.999868
0.999091
0.993687
0.973696
0.959089
0.954402
0.956502
0.96976
0.98423
0.992959
0.997309
0.999102
0.999742
0.999919
0.999923
0.99972
0.998106
0.991509
0.988082
0.987339
0.983732
0.964043
0.955288
0.955965
0.95267
0.943447
0.939983
0.939602
0.941306
0.949452
0.955607
0.956859
0.954219
0.949401
0.94535
0.943531
0.943261
0.943442
0.944215
1
1
1
1
1
1
1
1
1
1
1
1
1
1
1
1
1
1
1
1
1
1
1
0.999999
0.999997
0.999996
0.999996
0.999996
0.999996
0.999997
0.999998
0.999999
0.999999
0.999998
0.999992
0.999943
0.999633
0.99813
0.992434
0.97925
0.973106
0.971044
0.97095
0.971817
0.972821
0.973071
0.972998
0.972669
0.971855
0.970568
0.969718
0.969434
0.969275
0.968793
0.967431
0.960853
0.951061
0.945605
0.9452
0.947331
0.955515
0.964459
0.971803
0.977379
0.980965
0.982966
0.983722
0.983636
0.981601
0.978043
0.975758
0.97379
0.97152
0.969584
0.968667
0.968573
0.969162
0.970759
0.971079
0.970796
0.96859
0.966163
0.965848
0.96639
0.969931
0.981974
0.991528
0.996514
0.998725
0.999588
0.999867
0.999909
0.999848
0.999496
0.999146
0.999028
0.999051
0.999314
0.999648
0.999836
0.999931
0.999973
0.999988
0.99999
0.999988
0.999976
0.999959
0.999949
0.999946
0.99995
0.999968
0.999975
0.999975
0.999965
0.999913
0.99971
0.999328
0.998989
0.998717
0.998506
0.998284
0.997896
0.997075
0.995274
0.992747
0.990511
0.989222
0.988999
0.989107
0.989503
0.990281
0.991874
0.994601
0.997025
0.998613
0.999443
0.999804
0.999938
0.999981
0.99999
0.999987
0.999947
0.999674
0.99809
0.990774
0.978444
0.973385
0.975816
0.985353
0.99257
0.996793
0.99882
0.999619
0.999893
0.999963
0.999958
0.99981
0.998708
0.993765
0.990733
0.989638
0.985437
0.964245
0.955016
0.957201
0.953841
0.944175
0.940325
0.93967
0.940643
0.945228
0.950957
0.953084
0.951031
0.947394
0.944633
0.943481
0.943352
0.943564
0.944375
1
1
1
1
1
1
1
1
1
1
1
1
1
1
1
1
1
1
1
1
1
1
1
1
1
1
1
1
1
1
1
1
1
1
0.999998
0.999987
0.999908
0.999483
0.997656
0.990738
0.978518
0.972692
0.970552
0.970334
0.970875
0.972281
0.972814
0.972784
0.972578
0.971995
0.971386
0.970722
0.969601
0.966186
0.954436
0.945622
0.943083
0.943338
0.945077
0.949774
0.956965
0.965433
0.973969
0.981019
0.986068
0.989589
0.991587
0.992158
0.991849
0.98885
0.984255
0.97968
0.974842
0.97119
0.969659
0.969608
0.971142
0.97421
0.974712
0.973991
0.970906
0.968798
0.968486
0.968974
0.972568
0.984126
0.992753
0.997108
0.998964
0.999665
0.9999
0.999955
0.999949
0.99987
0.999758
0.999713
0.999713
0.999769
0.999875
0.999939
0.999973
0.999989
0.999995
0.999996
0.999996
0.999991
0.999985
0.999981
0.999979
0.99998
0.999986
0.999991
0.999991
0.99999
0.999982
0.999946
0.999841
0.999705
0.999576
0.999463
0.999361
0.999233
0.998991
0.998526
0.997537
0.99592
0.994709
0.994392
0.994449
0.994707
0.995298
0.996618
0.998002
0.999005
0.999573
0.99984
0.999946
0.999984
0.999995
0.999997
0.999995
0.999981
0.999894
0.999445
0.997587
0.994079
0.991842
0.992029
0.994787
0.997368
0.998862
0.999581
0.999865
0.999962
0.999984
0.999976
0.999877
0.99916
0.995574
0.992806
0.991481
0.98703
0.964618
0.95451
0.958979
0.955743
0.945268
0.940699
0.939837
0.940379
0.942456
0.946716
0.948676
0.947859
0.9455
0.944014
0.943435
0.94338
0.943665
0.944599
1
1
1
1
1
1
1
1
1
1
1
1
1
1
1
1
1
1
1
1
1
1
1
1
1
1
1
1
1
1
1
1
1
1
1
0.999997
0.999974
0.999845
0.999234
0.996824
0.987964
0.977215
0.971984
0.969906
0.969508
0.969824
0.970833
0.971843
0.972117
0.971959
0.971591
0.970752
0.967465
0.954661
0.945731
0.94303
0.943242
0.947262
0.955959
0.963694
0.970902
0.977861
0.98403
0.989112
0.99305
0.995584
0.996913
0.997349
0.997335
0.996917
0.995227
0.990151
0.981895
0.975417
0.973028
0.973205
0.976967
0.982344
0.98327
0.981005
0.974235
0.971006
0.970373
0.97084
0.974905
0.986162
0.993784
0.997558
0.99914
0.999726
0.999921
0.999974
0.99998
0.999966
0.999933
0.999917
0.999915
0.999927
0.999958
0.999979
0.99999
0.999996
0.999998
0.999999
0.999998
0.999997
0.999995
0.999993
0.999992
0.999992
0.999994
0.999996
0.999997
0.999997
0.999996
0.99999
0.999969
0.999925
0.999879
0.999835
0.999796
0.999756
0.999696
0.999589
0.999373
0.998813
0.998132
0.99791
0.997927
0.998043
0.998354
0.998923
0.999411
0.999725
0.999888
0.999959
0.999987
0.999996
0.999999
0.999999
0.999998
0.999993
0.999968
0.999847
0.999379
0.998508
0.997916
0.997912
0.998574
0.999282
0.999686
0.999884
0.999963
0.999989
0.999994
0.999988
0.999924
0.999477
0.996978
0.994483
0.99305
0.988482
0.964974
0.95379
0.960086
0.958042
0.946919
0.941352
0.94014
0.940278
0.94136
0.943736
0.945176
0.945355
0.944225
0.943608
0.943369
0.943364
0.943762
0.944912
1
1
1
1
1
1
1
1
1
1
1
1
1
1
1
1
1
1
1
1
1
1
1
1
1
1
1
1
1
1
1
1
1
1
1
0.999999
0.999993
0.999956
0.999759
0.998882
0.995533
0.984641
0.975475
0.970999
0.969251
0.968708
0.968803
0.969343
0.970727
0.971328
0.971224
0.969833
0.959211
0.94673
0.941228
0.939933
0.940648
0.946798
0.960966
0.973477
0.982757
0.989026
0.993155
0.995787
0.99744
0.998458
0.999024
0.999253
0.999289
0.999253
0.999061
0.998391
0.994164
0.985551
0.982638
0.983254
0.988931
0.992905
0.992648
0.987366
0.978036
0.973409
0.972456
0.973146
0.978973
0.989522
0.99558
0.998345
0.999437
0.999824
0.99995
0.999986
0.999992
0.999991
0.999982
0.999977
0.999976
0.999978
0.999986
0.999993
0.999997
0.999999
0.999999
1
0.999999
0.999999
0.999998
0.999998
0.999997
0.999997
0.999998
0.999999
0.999999
0.999999
0.999999
0.999998
0.999994
0.999983
0.999969
0.999954
0.999942
0.999931
0.999918
0.999898
0.999858
0.999752
0.999521
0.99943
0.999432
0.99947
0.999575
0.999735
0.99986
0.999936
0.999974
0.999991
0.999997
0.999999
1
1
0.999999
0.999998
0.999991
0.999961
0.999856
0.999681
0.999565
0.999566
0.999706
0.999853
0.999935
0.999976
0.999992
0.999997
0.999998
0.999994
0.999955
0.999686
0.998033
0.995855
0.99437
0.989806
0.965402
0.952759
0.960246
0.960911
0.949379
0.94246
0.940564
0.940273
0.940881
0.942022
0.943171
0.943629
0.943368
0.943211
0.943149
0.943374
0.943921
0.945501
1
1
1
1
1
1
1
1
1
1
1
1
1
1
1
1
1
1
1
1
1
1
1
1
1
1
1
1
1
1
1
1
1
1
1
1
0.999998
0.999989
0.999933
0.999658
0.998484
0.994001
0.982005
0.974022
0.970185
0.968769
0.968344
0.968397
0.969047
0.969818
0.969815
0.965471
0.951269
0.942251
0.938952
0.938597
0.939956
0.948797
0.966285
0.979779
0.988712
0.993963
0.996797
0.998287
0.99908
0.999509
0.999731
0.99983
0.99986
0.999863
0.999847
0.999742
0.999021
0.996414
0.995474
0.995783
0.997277
0.997445
0.995931
0.988329
0.979834
0.976228
0.975836
0.977347
0.985354
0.993481
0.997506
0.999155
0.999738
0.999923
0.999979
0.999994
0.999997
0.999997
0.999995
0.999994
0.999993
0.999994
0.999996
0.999998
0.999999
1
1
1
1
1
0.999999
0.999999
0.999999
0.999999
0.999999
1
1
1
1
1
0.999999
0.999996
0.999992
0.999988
0.999985
0.999982
0.99998
0.999977
0.999971
0.999957
0.999911
0.999885
0.999885
0.999893
0.999916
0.999948
0.999973
0.999988
0.999995
0.999998
0.999999
1
1
1
1
0.999999
0.999998
0.999991
0.999971
0.999945
0.999929
0.99993
0.999955
0.999978
0.99999
0.999996
0.999999
0.999999
0.999999
0.999996
0.999972
0.999807
0.998744
0.996967
0.995515
0.991122
0.966211
0.951431
0.960015
0.964838
0.953027
0.944145
0.941133
0.940477
0.940729
0.941344
0.942071
0.94251
0.942686
0.942783
0.943014
0.94343
0.944256
0.946844
1
1
1
1
1
1
1
1
1
1
1
1
1
1
1
1
1
1
1
1
1
1
1
1
1
1
1
1
1
1
1
1
1
1
1
1
1
0.999997
0.999983
0.999904
0.999543
0.998066
0.99243
0.98027
0.973076
0.969746
0.968604
0.968356
0.968297
0.968129
0.966939
0.959351
0.947679
0.941321
0.939572
0.9399
0.942919
0.957202
0.974782
0.986416
0.993233
0.99681
0.998522
0.999312
0.999679
0.99985
0.999929
0.999963
0.999976
0.999979
0.999977
0.99996
0.999804
0.99932
0.999168
0.99924
0.999296
0.999019
0.996733
0.988351
0.982486
0.980798
0.981045
0.984582
0.992584
0.996997
0.9989
0.999629
0.999883
0.999966
0.99999
0.999997
0.999999
0.999999
0.999999
0.999998
0.999998
0.999998
0.999999
0.999999
1
1
1
1
1
1
1
1
1
1
1
1
1
1
1
1
1
0.999999
0.999998
0.999997
0.999996
0.999996
0.999995
0.999995
0.999995
0.999993
0.999987
0.999983
0.999982
0.999983
0.999987
0.999992
0.999996
0.999998
0.999999
1
1
1
1
1
1
1
0.999999
0.999998
0.999995
0.999992
0.99999
0.999991
0.999994
0.999997
0.999999
1
1
1
1
0.999998
0.999982
0.999877
0.999213
0.997883
0.996519
0.992385
0.967575
0.949746
0.95918
0.968816
0.958227
0.946784
0.94229
0.940984
0.940735
0.941171
0.941607
0.942016
0.942336
0.942656
0.943042
0.943636
0.945101
0.950732
1
1
1
1
1
1
1
1
1
1
1
1
1
1
1
1
1
1
1
1
1
1
1
1
1
1
1
1
1
1
1
1
1
1
1
1
1
0.999999
0.999996
0.999977
0.999882
0.999471
0.997876
0.992555
0.9807
0.973578
0.970296
0.969014
0.968546
0.967887
0.966141
0.958257
0.947627
0.942739
0.942378
0.943771
0.951058
0.970582
0.984925
0.992914
0.996798
0.998585
0.999387
0.999739
0.99989
0.999954
0.999981
0.999991
0.999995
0.999997
0.999996
0.999993
0.999961
0.999884
0.999858
0.999851
0.999818
0.999504
0.997116
0.991697
0.988951
0.988479
0.98927
0.993481
0.997046
0.998787
0.999547
0.999844
0.99995
0.999985
0.999996
0.999999
1
1
1
1
0.999999
0.999999
1
1
1
1
1
1
1
1
1
1
1
1
1
1
1
1
1
1
1
1
1
0.999999
0.999999
0.999999
0.999999
0.999999
0.999999
0.999999
0.999999
0.999998
0.999998
0.999998
0.999998
0.999999
0.999999
1
1
1
1
1
1
1
1
1
1
1
0.999999
0.999999
0.999999
0.999999
0.999999
1
1
1
1
1
1
0.999999
0.999989
0.999926
0.999555
0.998637
0.997366
0.993554
0.969853
0.947463
0.957513
0.970091
0.965204
0.951286
0.944392
0.94182
0.941162
0.941161
0.94155
0.941923
0.942312
0.942701
0.943241
0.944288
0.94709
0.95532
1
1
1
1
1
1
1
1
1
1
1
1
1
1
1
1
1
1
1
1
1
1
1
1
1
1
1
1
1
1
1
1
1
1
1
1
1
1
0.999999
0.999996
0.999978
0.999892
0.999548
0.998319
0.995071
0.986485
0.977986
0.973303
0.970946
0.969441
0.967006
0.958307
0.950014
0.948309
0.94911
0.95442
0.9727
0.986408
0.9937
0.997226
0.998824
0.999516
0.999806
0.999924
0.999971
0.999989
0.999996
0.999998
0.999999
1
1
0.999999
0.999996
0.999989
0.999986
0.99998
0.999957
0.999823
0.998984
0.997526
0.9968
0.996672
0.996918
0.998109
0.999102
0.999617
0.999852
0.999948
0.999983
0.999995
0.999999
1
1
1
1
1
1
1
1
1
1
1
1
1
1
1
1
1
1
1
1
1
1
1
1
1
1
1
1
1
1
1
1
1
1
1
1
1
1
1
1
1
1
1
1
1
1
1
1
1
1
1
1
1
1
1
1
1
1
1
1
1
1
1
1
0.999999
0.999994
0.99996
0.999785
0.999265
0.998138
0.994746
0.973395
0.944339
0.954408
0.970314
0.972151
0.958789
0.948305
0.943793
0.942089
0.941622
0.941701
0.942044
0.942477
0.943033
0.943987
0.946052
0.951212
0.961812
1
1
1
1
1
1
1
1
1
1
1
1
1
1
1
1
1
1
1
1
1
1
1
1
1
1
1
1
1
1
1
1
1
1
1
1
1
1
1
1
0.999997
0.999985
0.999933
0.999736
0.999125
0.997207
0.993326
0.990047
0.986254
0.979506
0.971277
0.964558
0.963446
0.964707
0.97092
0.982895
0.991222
0.995903
0.998223
0.999272
0.999715
0.999892
0.99996
0.999986
0.999995
0.999998
0.999999
1
1
1
1
1
1
1
0.999999
0.999998
0.999991
0.99996
0.999785
0.999489
0.999342
0.999316
0.999361
0.999594
0.999801
0.999912
0.999965
0.999987
0.999996
0.999999
1
1
1
1
1
1
1
1
1
1
1
1
1
1
1
1
1
1
1
1
1
1
1
1
1
1
1
1
1
1
1
1
1
1
1
1
1
1
1
1
1
1
1
1
1
1
1
1
1
1
1
1
1
1
1
1
1
1
1
1
1
1
1
1
1
1
0.999997
0.999982
0.999909
0.999648
0.998856
0.996009
0.978178
0.943375
0.949225
0.969787
0.974829
0.970122
0.955834
0.947948
0.944423
0.943008
0.942593
0.942765
0.943326
0.944331
0.946298
0.950544
0.960651
0.971871
1
1
1
1
1
1
1
1
1
1
1
1
1
1
1
1
1
1
1
1
1
1
1
1
1
1
1
1
1
1
1
1
1
1
1
1
1
1
1
1
1
0.999999
0.999993
0.999973
0.999901
0.999659
0.999019
0.998392
0.997391
0.994363
0.989623
0.988519
0.988786
0.990046
0.993827
0.9968
0.998501
0.999352
0.999737
0.999899
0.999963
0.999987
0.999995
0.999998
0.999999
1
1
1
1
1
1
1
1
1
1
1
0.999998
0.999992
0.99996
0.999926
0.999911
0.999909
0.999916
0.999946
0.999973
0.999988
0.999995
0.999998
0.999999
1
1
1
1
1
1
1
1
1
1
1
1
1
1
1
1
1
1
1
1
1
1
1
1
1
1
1
1
1
1
1
1
1
1
1
1
1
1
1
1
1
1
1
1
1
1
1
1
1
1
1
1
1
1
1
1
1
1
1
1
1
1
1
1
1
1
1
0.999999
0.999992
0.999959
0.999827
0.999322
0.997134
0.983447
0.944609
0.941389
0.966554
0.975576
0.976941
0.969203
0.956546
0.949857
0.946737
0.945525
0.945203
0.946182
0.948309
0.952715
0.962253
0.973092
0.981553
1
1
1
1
1
1
1
1
1
1
1
1
1
1
1
1
1
1
1
1
1
1
1
1
1
1
1
1
1
1
1
1
1
1
1
1
1
1
1
1
1
1
1
0.999998
0.999993
0.999976
0.999927
0.999857
0.999724
0.999221
0.998554
0.998413
0.998475
0.998786
0.999374
0.999712
0.999877
0.99995
0.999981
0.999993
0.999998
0.999999
1
1
1
1
1
1
1
1
1
1
1
1
1
1
1
0.999999
0.999996
0.999994
0.999994
0.999994
0.999994
0.999996
0.999998
0.999999
1
1
1
1
1
1
1
1
1
1
1
1
1
1
1
1
1
1
1
1
1
1
1
1
1
1
1
1
1
1
1
1
1
1
1
1
1
1
1
1
1
1
1
1
1
1
1
1
1
1
1
1
1
1
1
1
1
1
1
1
1
1
1
1
1
1
1
1
1
1
0.999999
0.999996
0.99998
0.999907
0.999583
0.997997
0.988034
0.949836
0.933823
0.958717
0.975308
0.97886
0.978765
0.971727
0.961326
0.955746
0.953257
0.952433
0.954419
0.95957
0.967957
0.976502
0.982876
0.987685
1
1
1
1
1
1
1
1
1
1
1
1
1
1
1
1
1
1
1
1
1
1
1
1
1
1
1
1
1
1
1
1
1
1
1
1
1
1
1
1
1
1
1
1
1
0.999999
0.999997
0.999993
0.999984
0.999945
0.999904
0.999898
0.999905
0.999932
0.999969
0.999987
0.999995
0.999998
0.999999
1
1
1
1
1
1
1
1
1
1
1
1
1
1
1
1
1
1
1
1
1
1
1
1
1
1
1
1
1
1
1
1
1
1
1
1
1
1
1
1
1
1
1
1
1
1
1
1
1
1
1
1
1
1
1
1
1
1
1
1
1
1
1
1
1
1
1
1
1
1
1
1
1
1
1
1
1
1
1
1
1
1
1
1
1
1
1
1
1
1
1
1
1
1
1
1
1
1
0.999998
0.99999
0.999947
0.999736
0.998632
0.991771
0.958665
0.93254
0.945015
0.971959
0.979183
0.981296
0.981087
0.977857
0.972458
0.969762
0.968968
0.971404
0.975661
0.980971
0.985384
0.98847
0.99048
1
1
1
1
1
1
1
1
1
1
1
1
1
1
1
1
1
1
1
1
1
1
1
1
1
1
1
1
1
1
1
1
1
1
1
1
1
1
1
1
1
1
1
1
1
1
1
1
1
0.999998
0.999997
0.999997
0.999997
0.999998
0.999999
1
1
1
1
1
1
1
1
1
1
1
1
1
1
1
1
1
1
1
1
1
1
1
1
1
1
1
1
1
1
1
1
1
1
1
1
1
1
1
1
1
1
1
1
1
1
1
1
1
1
1
1
1
1
1
1
1
1
1
1
1
1
1
1
1
1
1
1
1
1
1
1
1
1
1
1
1
1
1
1
1
1
1
0.999999
0.999998
0.999998
0.999999
0.999999
0.999999
1
1
1
1
1
0.999999
0.999999
0.999999
0.999999
0.999999
1
1
1
0.999999
0.999994
0.999968
0.999836
0.999121
0.994776
0.970375
0.934926
0.930102
0.962297
0.977668
0.981762
0.983298
0.983808
0.983131
0.982167
0.981836
0.982988
0.985304
0.987818
0.989596
0.990652
0.9912
1
1
1
1
1
1
1
1
1
1
1
1
1
1
1
1
1
1
1
1
1
1
1
1
1
1
1
1
1
1
1
1
1
1
1
1
1
1
1
1
1
1
1
1
1
1
1
1
1
1
1
1
1
1
1
1
1
1
1
1
1
1
1
1
1
1
1
1
1
1
1
1
1
1
1
1
1
1
1
1
1
1
1
1
1
1
1
1
1
1
1
1
1
1
1
1
1
1
1
1
1
1
1
1
1
1
1
1
1
1
1
1
1
1
1
1
1
1
1
1
1
1
1
1
1
1
1
1
1
1
1
1
1
1
1
1
1
0.999998
0.999993
0.999991
0.999992
0.999994
0.999996
0.999997
0.999998
0.999999
0.999999
0.999999
0.999998
0.999998
0.999998
0.999998
0.999998
0.999999
0.999999
0.999999
0.999999
0.999999
0.999996
0.999979
0.999892
0.999436
0.996827
0.98253
0.944299
0.926979
0.942841
0.971965
0.980751
0.983617
0.985151
0.986329
0.986811
0.987334
0.988063
0.989176
0.990264
0.99083
0.991057
0.99106
1
1
1
1
1
1
1
1
1
1
1
1
1
1
1
1
1
1
1
1
1
1
1
1
1
1
1
1
1
1
1
1
1
1
1
1
1
1
1
1
1
1
1
1
1
1
1
1
1
1
1
1
1
1
1
1
1
1
1
1
1
1
1
1
1
1
1
1
1
1
1
1
1
1
1
1
1
1
1
1
1
1
1
1
1
1
1
1
1
1
1
1
1
1
1
1
1
1
1
1
1
1
1
1
1
1
1
1
1
1
1
1
1
1
1
1
1
1
1
1
1
1
1
1
1
1
1
1
1
1
1
1
0.999999
0.999999
0.999999
0.999999
0.999997
0.999989
0.999967
0.999966
0.99997
0.999981
0.999988
0.999993
0.999995
0.999996
0.999996
0.999995
0.999995
0.999995
0.999995
0.999995
0.999996
0.999997
0.999998
0.999998
0.999998
0.999998
0.999996
0.999984
0.999924
0.999629
0.998064
0.990361
0.961456
0.93026
0.925159
0.959248
0.976803
0.982675
0.985111
0.986761
0.987714
0.988697
0.989297
0.990033
0.990567
0.990799
0.99079
0.989591
1
1
1
1
1
1
1
1
1
1
1
1
1
1
1
1
1
1
1
1
1
1
1
1
1
1
1
1
1
1
1
1
1
1
1
1
1
1
1
1
1
1
1
1
1
1
1
1
1
1
1
1
1
1
1
1
1
1
1
1
1
1
1
1
1
1
1
1
1
1
1
1
1
1
1
1
1
1
1
1
1
1
1
1
1
1
1
1
1
1
1
1
1
1
1
1
1
1
1
1
1
1
1
1
1
1
1
1
1
1
1
1
1
1
1
1
1
1
1
1
1
1
1
1
1
1
1
1
1
1
0.999998
0.999997
0.999997
0.999997
0.999997
0.999995
0.999984
0.999945
0.999898
0.9999
0.999918
0.999953
0.999973
0.999984
0.99999
0.999991
0.99999
0.999986
0.999986
0.999987
0.999989
0.99999
0.999992
0.999994
0.999996
0.999997
0.999997
0.999997
0.999995
0.999985
0.99994
0.999739
0.998787
0.994672
0.979751
0.943299
0.922478
0.936304
0.967383
0.978818
0.983496
0.985928
0.987377
0.988517
0.989168
0.98973
0.989991
0.989915
0.988882
0.983533
1
1
1
1
1
1
1
1
1
1
1
1
1
1
1
1
1
1
1
1
1
1
1
1
1
1
1
1
1
1
1
1
1
1
1
1
1
1
1
1
1
1
1
1
1
1
1
1
1
1
1
1
1
1
1
1
1
1
1
1
1
1
1
1
1
1
1
1
1
1
1
1
1
1
1
1
1
1
1
1
1
1
1
1
1
1
1
1
1
1
1
1
1
1
1
1
1
1
1
1
1
1
1
1
1
1
1
1
1
1
1
1
1
1
1
1
1
1
1
1
1
1
1
1
1
1
1
1
1
0.999997
0.999985
0.999982
0.999984
0.999988
0.999988
0.999979
0.999938
0.999851
0.999819
0.999822
0.999842
0.9999
0.999944
0.999967
0.999978
0.999979
0.999974
0.999963
0.999964
0.999968
0.999976
0.999981
0.999985
0.999988
0.999992
0.999994
0.999995
0.999995
0.999993
0.999984
0.999946
0.999802
0.999217
0.997036
0.99044
0.965744
0.92663
0.91951
0.948921
0.969646
0.978504
0.982789
0.985302
0.986725
0.987434
0.98772
0.987319
0.985916
0.981488
0.96417
1
1
1
1
1
1
1
1
1
1
1
1
1
1
1
1
1
1
1
1
1
1
1
1
1
1
1
1
1
1
1
1
1
1
1
1
1
1
1
1
1
1
1
1
1
1
1
1
1
1
1
1
1
1
1
1
1
1
1
1
1
1
1
1
1
1
1
1
1
1
1
1
1
1
1
1
1
1
1
1
1
1
1
1
1
1
1
1
1
1
1
1
1
1
1
1
1
1
1
1
1
1
1
1
1
1
1
1
1
1
1
1
1
1
1
1
1
1
1
1
1
1
1
1
1
1
1
1
0.999997
0.99998
0.99993
0.999929
0.999938
0.999961
0.999962
0.999934
0.999849
0.999813
0.999797
0.999799
0.999813
0.999865
0.999918
0.999954
0.999967
0.999964
0.999935
0.999909
0.999913
0.999929
0.999954
0.999968
0.999976
0.999982
0.999987
0.99999
0.999991
0.999991
0.99999
0.999981
0.999944
0.999824
0.999427
0.998182
0.994837
0.983463
0.941035
0.917188
0.922625
0.950853
0.966451
0.974378
0.978605
0.980772
0.981617
0.980936
0.978244
0.973078
0.959757
0.932536
1
1
1
1
1
1
1
1
1
1
1
1
1
1
1
1
1
1
1
1
1
1
1
1
1
1
1
1
1
1
1
1
1
1
1
1
1
1
1
1
1
1
1
1
1
1
1
1
1
1
1
1
1
1
1
1
1
1
1
1
1
1
1
1
1
1
1
1
1
1
1
1
1
1
1
1
1
1
1
1
1
1
1
1
1
1
1
1
1
1
1
1
1
1
1
1
1
1
1
1
1
1
1
1
1
1
1
1
1
1
1
1
1
1
1
1
1
1
1
1
1
1
1
1
1
1
0.999999
0.999997
0.999979
0.9999
0.999815
0.999814
0.999836
0.999906
0.999915
0.999844
0.999816
0.999807
0.999793
0.999794
0.999812
0.999863
0.999914
0.999946
0.999948
0.999924
0.999829
0.999806
0.999818
0.99986
0.99991
0.999941
0.999957
0.999969
0.999979
0.999982
0.999984
0.999986
0.999985
0.999976
0.999941
0.999839
0.999566
0.998821
0.996931
0.990829
0.960593
0.920516
0.91388
0.922009
0.941246
0.95463
0.961471
0.964417
0.964828
0.960633
0.951306
0.940687
0.925372
0.911555
1
1
1
1
1
1
1
1
1
1
1
1
1
1
1
1
1
1
1
1
1
1
1
1
1
1
1
1
1
1
1
1
1
1
1
1
1
1
1
1
1
1
1
1
1
1
1
1
1
1
1
1
1
1
1
1
1
1
1
1
1
1
1
1
1
1
1
1
1
1
1
1
1
1
1
1
1
1
1
1
1
1
1
1
1
1
1
1
1
1
1
1
1
1
1
1
1
1
1
1
1
1
1
1
1
1
1
1
1
1
1
1
1
1
1
1
1
1
1
1
1
1
1
1
0.999998
0.999994
0.999992
0.999982
0.999887
0.999782
0.999771
0.999767
0.999789
0.999857
0.999846
0.999782
0.999805
0.999821
0.9998
0.999801
0.999822
0.999872
0.99992
0.999937
0.999918
0.999769
0.999725
0.999751
0.999816
0.99987
0.999913
0.999938
0.999956
0.999971
0.999975
0.999964
0.999956
0.999959
0.999957
0.999927
0.999845
0.999758
0.999559
0.999104
0.997951
0.993961
0.975186
0.931557
0.91347
0.91181
0.91468
0.920693
0.926483
0.929285
0.928818
0.924347
0.916833
0.91215
0.907822
0.906989
1
1
1
1
1
1
1
1
1
1
1
1
1
1
1
1
1
1
1
1
1
1
1
1
1
1
1
1
1
1
1
1
1
1
1
1
1
1
1
1
1
1
1
1
1
1
1
1
1
1
1
1
1
1
1
1
1
1
1
1
1
1
1
1
1
1
1
1
1
1
1
1
1
1
1
1
1
1
1
1
1
1
1
1
1
1
1
1
1
1
1
1
1
1
1
1
1
1
1
1
1
1
1
1
1
1
1
1
1
1
1
1
1
1
1
1
1
1
1
1
1
0.999999
0.999998
0.999993
0.999975
0.999952
0.999947
0.999901
0.999711
0.999745
0.999794
0.999784
0.999813
0.99985
0.9998
0.999751
0.999797
0.999834
0.999829
0.999824
0.999854
0.999898
0.999923
0.999912
0.999725
0.999566
0.999676
0.999837
0.999878
0.999907
0.99993
0.999944
0.999949
0.999946
0.999917
0.999721
0.999589
0.999602
0.999584
0.999321
0.999155
0.999236
0.999247
0.999024
0.998265
0.995218
0.980581
0.946926
0.920876
0.911597
0.909392
0.908736
0.908222
0.907805
0.907681
0.906842
0.905868
0.905711
0.90771
0.915484
1
1
1
1
1
1
1
1
1
1
1
1
1
1
1
1
1
1
1
1
1
1
1
1
1
1
1
1
1
1
1
1
1
1
1
1
1
1
1
1
1
1
1
1
1
1
1
1
1
1
1
1
1
1
1
1
1
1
1
1
1
1
1
1
1
1
1
1
1
1
1
1
1
1
1
1
1
1
1
1
1
1
1
1
1
1
1
1
1
1
1
1
1
1
1
1
1
1
1
1
1
1
1
1
1
1
1
1
1
1
1
1
1
1
1
1
1
0.999999
0.999996
0.999991
0.99999
0.999987
0.999977
0.999908
0.999793
0.999782
0.999752
0.99961
0.999611
0.999748
0.999826
0.999837
0.99984
0.999821
0.999719
0.999689
0.999742
0.999822
0.999861
0.999874
0.999889
0.999903
0.999893
0.999718
0.999296
0.999368
0.999719
0.999875
0.999901
0.999896
0.999873
0.999796
0.999687
0.999481
0.998921
0.997372
0.996566
0.996651
0.996747
0.99665
0.996775
0.997621
0.99822
0.998189
0.997637
0.995075
0.981754
0.955559
0.937841
0.923802
0.915314
0.911639
0.910027
0.909361
0.90958
0.910852
0.913225
0.917124
0.931854
0.947587
1
1
1
1
1
1
1
1
1
1
1
1
1
1
1
1
1
1
1
1
1
1
1
1
1
1
1
1
1
1
1
1
1
1
1
1
1
1
1
1
1
1
1
1
1
1
1
1
1
1
1
1
1
1
1
1
1
1
1
1
1
1
1
1
1
1
1
1
1
1
1
1
1
1
1
1
1
1
1
1
1
1
1
1
1
1
1
1
1
1
1
1
1
1
1
1
1
1
1
1
1
1
1
1
1
1
1
1
1
1
1
1
1
1
0.999999
0.999994
0.999979
0.999956
0.999918
0.999896
0.999895
0.999893
0.99981
0.999417
0.999313
0.999394
0.999445
0.999466
0.999572
0.999677
0.999761
0.999802
0.99979
0.99971
0.999639
0.999628
0.999622
0.999669
0.99977
0.999826
0.99982
0.999768
0.999488
0.998919
0.998892
0.999244
0.999414
0.999454
0.999427
0.99908
0.998281
0.997358
0.996538
0.995054
0.9915
0.988735
0.988427
0.98898
0.989808
0.99058
0.992195
0.994055
0.994837
0.994709
0.993785
0.990706
0.978355
0.957093
0.947152
0.943083
0.939881
0.936779
0.935276
0.934953
0.936191
0.939504
0.944958
0.949244
0.954247
0.955545
1
1
1
1
1
1
1
1
1
1
1
1
1
1
1
1
1
1
1
1
1
1
1
1
1
1
1
1
1
1
1
1
1
1
1
1
1
1
1
1
1
1
1
1
1
1
1
1
1
1
1
1
1
1
1
1
1
1
1
1
1
1
1
1
1
1
1
1
1
1
1
1
1
1
1
1
1
1
1
1
1
1
1
1
1
1
1
1
1
1
1
1
1
1
1
1
1
1
1
1
1
1
1
1
1
1
1
1
1
1
1
1
1
0.999999
0.999982
0.999856
0.9997
0.999679
0.999699
0.999723
0.999728
0.999705
0.999543
0.999241
0.999156
0.999178
0.999251
0.999409
0.999546
0.999607
0.999617
0.999621
0.999611
0.999587
0.999586
0.999605
0.999559
0.999393
0.99922
0.999078
0.998916
0.998671
0.998381
0.998441
0.998798
0.998953
0.998656
0.997527
0.995054
0.991561
0.988763
0.986857
0.985596
0.984456
0.982736
0.981214
0.981061
0.981493
0.98238
0.983471
0.984628
0.985403
0.985324
0.983934
0.979278
0.970998
0.961297
0.953381
0.949156
0.94807
0.948504
0.94919
0.949935
0.950721
0.951351
0.951995
0.952317
0.951885
0.950301
0.949331
0.894503
0.894881
0.893279
0.892154
0.892121
0.893267
0.89521
0.896942
0.898178
0.898924
0.899178
0.899145
0.898738
0.89724
0.893226
0.88959
0.887314
0.886437
0.88677
0.891691
0.915803
0.943575
0.960192
0.964653
0.964915
0.922818
0.924386
0.922116
0.912364
0.898834
0.887654
0.881979
0.879624
0.878682
0.878354
0.878274
0.878298
0.878834
0.881237
0.887283
0.893007
0.895438
0.894932
0.889142
0.886156
0.88748
0.904706
0.949602
0.959741
0.961812
0.929047
0.93131
0.935859
0.93878
0.938928
0.931891
0.909926
0.891158
0.879511
0.872366
0.867951
0.865506
0.864423
0.864282
0.86513
0.86981
0.88123
0.887591
0.888226
0.88538
0.882234
0.886311
0.923281
0.948578
0.956479
0.918633
0.923132
0.92799
0.935972
0.94279
0.945589
0.945246
0.939899
0.922035
0.900799
0.885349
0.876549
0.870488
0.867279
0.866481
0.866932
0.87155
0.880891
0.884993
0.884768
0.882504
0.883208
0.902059
0.933718
0.949247
0.915395
0.921613
0.925694
0.929824
0.937656
0.946141
0.950676
0.95169
0.951276
0.947934
0.935018
0.923088
0.908902
0.897033
0.890604
0.884728
0.88083
0.880805
0.88331
0.884502
0.884277
0.88429
0.891798
0.918419
0.940026
0.919952
0.926815
0.929729
0.930846
0.933336
0.941215
0.950646
0.956379
0.959518
0.960747
0.961073
0.960982
0.95821
0.948512
0.942017
0.92885
0.909497
0.899066
0.890227
0.886882
0.886295
0.886051
0.888927
0.904164
0.928832
0.93056
0.93294
0.93356
0.933602
0.933981
0.937034
0.947456
0.956759
0.963251
0.967389
0.970052
0.97209
0.972664
0.972239
0.970918
0.967591
0.954473
0.934446
0.908133
0.89402
0.889764
0.887999
0.888906
0.895164
0.916698
0.941205
0.939664
0.937058
0.935358
0.935171
0.936452
0.943917
0.955767
0.964335
0.969911
0.973412
0.976072
0.977715
0.978453
0.978716
0.978389
0.975653
0.967281
0.937708
0.908336
0.897733
0.892054
0.890876
0.893106
0.906286
0.952738
0.947714
0.942201
0.938071
0.936757
0.937203
0.941513
0.953934
0.964172
0.970564
0.974182
0.976779
0.97881
0.980667
0.982057
0.982355
0.981686
0.978945
0.966085
0.928569
0.909774
0.900231
0.895416
0.895905
0.90365
0.968602
0.958211
0.949153
0.942044
0.938813
0.938593
0.940886
0.951361
0.963166
0.970202
0.973939
0.976383
0.978493
0.981079
0.983756
0.984906
0.984723
0.983692
0.978664
0.954123
0.926322
0.912318
0.903995
0.903253
0.907977
0.98219
0.972951
0.958986
0.947821
0.941605
0.940238
0.941364
0.948836
0.961239
0.968816
0.972768
0.97519
0.977331
0.980535
0.984562
0.987046
0.987227
0.986844
0.98449
0.971667
0.944053
0.927232
0.921911
0.918745
0.922139
0.985783
0.982977
0.972938
0.956284
0.945767
0.94224
0.942454
0.946902
0.958435
0.966285
0.97071
0.973714
0.976254
0.979836
0.984825
0.98864
0.989431
0.989356
0.988307
0.981944
0.961041
0.943922
0.941853
0.942642
0.94592
0.986325
0.985843
0.982244
0.968433
0.952074
0.944961
0.944095
0.94628
0.955266
0.96315
0.96805
0.972229
0.975753
0.979606
0.985031
0.989829
0.991297
0.99145
0.991128
0.988336
0.975711
0.960824
0.960863
0.965357
0.968143
0.985721
0.986592
0.985602
0.979161
0.9604
0.948745
0.94588
0.94674
0.952585
0.959957
0.965291
0.970795
0.975653
0.980043
0.985512
0.990824
0.992761
0.993381
0.993442
0.992578
0.98686
0.975233
0.975636
0.981696
0.983621
0.983622
0.986679
0.986823
0.984162
0.970168
0.953672
0.947901
0.947722
0.950808
0.957268
0.962958
0.969618
0.97592
0.981051
0.986363
0.991612
0.993691
0.995046
0.995792
0.995617
0.993408
0.985649
0.98576
0.99069
0.991889
0.979142
0.985757
0.987404
0.986442
0.978121
0.959069
0.950298
0.948906
0.950169
0.954919
0.961208
0.968767
0.97604
0.9819
0.987412
0.992279
0.994204
0.995912
0.997319
0.997505
0.996731
0.992234
0.992099
0.995262
0.995855
0.973086
0.983631
0.987427
0.987481
0.982926
0.965161
0.953052
0.950108
0.950494
0.953092
0.959698
0.968109
0.976038
0.982607
0.988255
0.992759
0.994801
0.996535
0.998065
0.998503
0.998261
0.995936
0.995781
0.997608
0.997789
0.96623
0.980193
0.98686
0.987914
0.985422
0.970857
0.956039
0.951451
0.95122
0.952674
0.958026
0.967406
0.976213
0.983285
0.988944
0.993253
0.995395
0.997046
0.998471
0.999025
0.998991
0.997891
0.997798
0.998808
0.998786
0.960147
0.976032
0.985599
0.988011
0.986725
0.975487
0.959006
0.952888
0.952147
0.953024
0.956955
0.966736
0.976421
0.983962
0.989678
0.993835
0.995965
0.997471
0.998718
0.999305
0.999366
0.998898
0.998872
0.999417
0.999305
0.955659
0.971575
0.983701
0.987796
0.987289
0.979121
0.961857
0.95439
0.953103
0.953663
0.95668
0.96591
0.976486
0.984603
0.990423
0.994458
0.996518
0.997853
0.998903
0.999464
0.999591
0.999412
0.999425
0.999719
0.999569
0.952889
0.966873
0.981315
0.987284
0.987403
0.981654
0.964555
0.955838
0.954048
0.954425
0.956849
0.965141
0.976276
0.984943
0.99103
0.995006
0.997012
0.998206
0.999073
0.999567
0.999732
0.999677
0.999701
0.999859
0.999691
0.951011
0.962757
0.978727
0.986485
0.98728
0.983154
0.967231
0.957318
0.955021
0.955249
0.957237
0.964496
0.975843
0.984936
0.991287
0.995339
0.997388
0.998509
0.999243
0.999645
0.999811
0.999808
0.999837
0.999921
0.999739
0.949755
0.959364
0.976024
0.985356
0.986988
0.983988
0.969604
0.958751
0.955986
0.956098
0.957765
0.963986
0.975241
0.98468
0.991281
0.995422
0.997609
0.998734
0.999383
0.999716
0.999862
0.999877
0.999915
0.999946
0.999751
0.94876
0.95662
0.973553
0.984158
0.986519
0.984319
0.971463
0.960021
0.956932
0.956968
0.958396
0.963624
0.974522
0.984209
0.991091
0.995375
0.997697
0.998869
0.999479
0.99977
0.999896
0.999921
0.99995
0.999957
0.999742
0.948031
0.954639
0.971175
0.982791
0.985822
0.984229
0.973044
0.961344
0.957942
0.957898
0.959126
0.963455
0.973673
0.98356
0.990739
0.99522
0.997695
0.998929
0.999528
0.999802
0.999917
0.999947
0.999963
0.999961
0.999702
0.947436
0.953218
0.969046
0.981495
0.985113
0.983988
0.974304
0.962535
0.958873
0.958781
0.959919
0.963549
0.9727
0.982749
0.990243
0.994967
0.99762
0.998931
0.999541
0.999814
0.999926
0.99996
0.999969
0.999962
0.999651
0.946994
0.95223
0.967346
0.980294
0.984329
0.983551
0.975008
0.963333
0.959757
0.959726
0.960855
0.963882
0.971555
0.98175
0.989614
0.99463
0.997481
0.99889
0.999532
0.999814
0.999929
0.999966
0.999972
0.999958
0.999572
0.946634
0.951396
0.965745
0.979006
0.983337
0.982791
0.975231
0.964157
0.960947
0.960981
0.962013
0.96445
0.970307
0.980527
0.988848
0.994223
0.997296
0.998816
0.999506
0.999808
0.999929
0.999968
0.99997
0.999949
0.999469
0.946362
0.950886
0.964837
0.977955
0.982313
0.981902
0.975226
0.965235
0.96236
0.962387
0.963288
0.965115
0.969068
0.978893
0.987902
0.99375
0.997079
0.998723
0.999469
0.999795
0.999925
0.999967
0.999967
0.999937
0.999341
0.946161
0.950685
0.964425
0.977065
0.981316
0.981011
0.975127
0.966168
0.963578
0.963622
0.96446
0.965644
0.96826
0.976773
0.986841
0.993268
0.996868
0.998633
0.999433
0.999783
0.999921
0.999963
0.999961
0.999919
0.999178
0.946015
0.950745
0.964642
0.976493
0.980356
0.980055
0.974804
0.966737
0.964569
0.964727
0.965342
0.965848
0.967459
0.974711
0.985761
0.992796
0.996667
0.998548
0.9994
0.999771
0.999916
0.999957
0.999953
0.999893
0.998976
0.94604
0.95103
0.965205
0.976087
0.979304
0.978978
0.974323
0.967363
0.965834
0.96591
0.965619
0.965513
0.966461
0.972864
0.984749
0.992355
0.996482
0.998472
0.999372
0.999762
0.999912
0.999952
0.999944
0.999863
0.998734
0.946166
0.951747
0.96627
0.97556
0.978188
0.977944
0.974192
0.969
0.968117
0.967235
0.965325
0.964406
0.965105
0.971157
0.983814
0.991948
0.996314
0.998405
0.999349
0.999755
0.999909
0.999948
0.999937
0.999834
0.998423
0.946461
0.953541
0.967388
0.9751
0.977399
0.97733
0.974783
0.971939
0.971007
0.968718
0.964668
0.962853
0.963408
0.969499
0.982949
0.991578
0.996163
0.998349
0.999331
0.999751
0.999908
0.999945
0.999931
0.999802
0.998042
0.947035
0.955996
0.968467
0.975101
0.977138
0.977179
0.975842
0.974468
0.973469
0.96993
0.963564
0.960866
0.961378
0.967989
0.982347
0.991364
0.99608
0.99832
0.999324
0.999749
0.999907
0.999943
0.999927
0.999777
0.997687
0.948134
0.958984
0.969739
0.975244
0.977138
0.97726
0.976711
0.976284
0.975399
0.97029
0.96171
0.958421
0.95907
0.966941
0.982093
0.991299
0.996059
0.998319
0.999329
0.999753
0.999909
0.999943
0.999925
0.999755
0.997364
0.950753
0.962701
0.971145
0.975567
0.977285
0.977737
0.97802
0.978049
0.976897
0.969329
0.958908
0.95549
0.956547
0.966443
0.982301
0.991514
0.99618
0.998382
0.999362
0.999767
0.999914
0.999945
0.999927
0.999747
0.997116
0.955929
0.965756
0.972278
0.976115
0.977976
0.979272
0.980043
0.980064
0.977664
0.966277
0.955145
0.952203
0.954141
0.967132
0.983283
0.992127
0.996486
0.998525
0.999425
0.999793
0.999923
0.99995
0.999932
0.999747
0.996952
0.960017
0.96778
0.973662
0.977511
0.980271
0.981894
0.982441
0.981983
0.97711
0.961241
0.95072
0.948802
0.952414
0.969291
0.984964
0.99309
0.996959
0.998739
0.999516
0.999829
0.999937
0.999958
0.999942
0.99976
0.996884
0.963672
0.970929
0.976849
0.981185
0.983658
0.984686
0.984792
0.982985
0.973401
0.954919
0.946092
0.9455
0.952152
0.972772
0.987068
0.994252
0.997529
0.99899
0.99962
0.999869
0.999952
0.999967
0.999949
0.999768
0.996904
0.969995
0.976983
0.982233
0.985371
0.986775
0.987112
0.986363
0.982322
0.965844
0.947837
0.941534
0.942508
0.954962
0.976702
0.989338
0.995463
0.99812
0.999249
0.999722
0.999906
0.999965
0.999974
0.999948
0.99976
0.996942
0.978569
0.983738
0.987008
0.988557
0.988965
0.98854
0.986351
0.977848
0.954924
0.940341
0.937177
0.940895
0.960816
0.980944
0.991607
0.996587
0.998656
0.999485
0.999813
0.999933
0.999969
0.99997
0.999902
0.999652
0.996928
0.985727
0.988471
0.98986
0.990236
0.989927
0.988573
0.984071
0.965559
0.94332
0.933744
0.933421
0.942538
0.968256
0.98503
0.993621
0.997505
0.999071
0.999665
0.99988
0.999945
0.999954
0.999936
0.999581
0.999158
0.996626
0.989696
0.990694
0.990972
0.990731
0.989864
0.987083
0.975371
0.949533
0.933271
0.928759
0.931139
0.949429
0.974686
0.988517
0.995264
0.998206
0.999361
0.999781
0.99992
0.999948
0.999937
0.999799
0.998419
0.997743
0.995869
0.991154
0.991305
0.991132
0.990543
0.98855
0.980829
0.95672
0.935553
0.925927
0.925137
0.9323
0.959311
0.980578
0.991474
0.996588
0.998742
0.999567
0.999857
0.999943
0.999951
0.999912
0.99955
0.996867
0.995786
0.994935
0.991353
0.991251
0.990736
0.98899
0.982986
0.962697
0.938938
0.925051
0.921125
0.923193
0.940205
0.969015
0.985705
0.993939
0.997648
0.999156
0.999719
0.999908
0.999955
0.99995
0.999861
0.999123
0.994879
0.993687
0.99393
0.990977
0.990335
0.988407
0.982719
0.965274
0.941555
0.925234
0.918264
0.918057
0.925365
0.95361
0.97755
0.990073
0.995951
0.998487
0.999469
0.999819
0.999932
0.999952
0.99993
0.999742
0.998316
0.992073
0.990857
0.992207
0.988717
0.9862
0.979676
0.96317
0.941701
0.92506
0.916169
0.914366
0.917498
0.936887
0.967016
0.984778
0.993597
0.997513
0.999054
0.999636
0.99985
0.999911
0.99991
0.999834
0.999385
0.996405
0.988359
0.987624
0.990073
0.9804
0.972033
0.955695
0.937907
0.923141
0.914039
0.9113
0.912774
0.923938
0.955378
0.978309
0.990541
0.996152
0.99843
0.99929
0.999624
0.999731
0.999748
0.999708
0.99943
0.998211
0.991918
0.984488
0.984346
0.987978
0.956446
0.942877
0.929765
0.918572
0.911178
0.90864
0.909596
0.916782
0.944372
0.971673
0.987018
0.99427
0.997418
0.998677
0.999031
0.999174
0.999199
0.999168
0.998921
0.997908
0.994356
0.985234
0.981064
0.981588
0.986252
0.92711
0.918941
0.912135
0.90782
0.906582
0.907668
0.913579
0.937285
0.966552
0.983879
0.992248
0.99585
0.997295
0.997697
0.997693
0.9977
0.997616
0.997305
0.996226
0.992598
0.985466
0.979636
0.978365
0.97994
0.985574
0.909627
0.907008
0.905685
0.905689
0.907321
0.914094
0.937181
0.964921
0.98199
0.990379
0.993504
0.994422
0.994607
0.99457
0.994183
0.993979
0.993434
0.992077
0.987792
0.981231
0.976919
0.975097
0.975953
0.980448
0.985585
0.906536
0.906378
0.90717
0.910705
0.921797
0.94571
0.967911
0.981264
0.987569
0.989338
0.989324
0.988816
0.988482
0.987887
0.986777
0.985949
0.983641
0.979037
0.973424
0.970388
0.969907
0.970734
0.975485
0.982566
0.985449
0.915086
0.917863
0.926559
0.941637
0.959202
0.971906
0.979279
0.982415
0.982723
0.981377
0.979294
0.978356
0.977727
0.976601
0.974051
0.97094
0.966022
0.963228
0.961961
0.962194
0.963849
0.969256
0.977144
0.982983
0.984171
0.947282
0.951846
0.959287
0.965708
0.970626
0.973398
0.973982
0.972479
0.969496
0.967318
0.965931
0.965014
0.963544
0.960225
0.956401
0.954314
0.953709
0.953998
0.955257
0.958945
0.964387
0.970754
0.977271
0.98095
0.980542
0.957637
0.959549
0.961366
0.962464
0.962267
0.960604
0.958531
0.957013
0.955528
0.954311
0.953288
0.95145
0.948701
0.946901
0.946644
0.947144
0.949203
0.952573
0.956273
0.96227
0.967323
0.971925
0.975434
0.976201
0.974064
0.950932
0.950959
0.950604
0.950198
0.949774
0.949254
0.948787
0.948382
0.947946
0.947297
0.945509
0.942944
0.941963
0.942406
0.944643
0.947885
0.951432
0.955863
0.960864
0.966337
0.969616
0.972118
0.973042
0.972288
0.967827
)
;

boundaryField
{
    inlet
    {
        type            fixedValue;
        value           uniform 1;
    }
    outlet
    {
        type            inletOutlet;
        inletValue      uniform 0;
        value           nonuniform List<scalar> 
57
(
0.964915
0.961812
0.956479
0.949247
0.940026
0.928832
0.916698
0.906286
0.90365
0.907977
0.922139
0.94592
0.968143
0.983621
0.991889
0.995855
0.997789
0.998786
0.999305
0.999569
0.999691
0.999739
0.999751
0.999742
0.999702
0.999651
0.999572
0.999469
0.999341
0.999178
0.998976
0.998734
0.998423
0.998042
0.997687
0.997364
0.997116
0.996952
0.996884
0.996904
0.996942
0.996928
0.996626
0.995869
0.994935
0.99393
0.992207
0.990073
0.987978
0.986252
0.985574
0.985585
0.985449
0.984171
0.980542
0.974064
0.967827
)
;
    }
    upperWall
    {
        type            zeroGradient;
    }
    lowerWall
    {
        type            zeroGradient;
    }
    frontAndBack
    {
        type            empty;
    }
}


// ************************************************************************* //
