/*--------------------------------*- C++ -*----------------------------------*\
  =========                 |
  \\      /  F ield         | OpenFOAM: The Open Source CFD Toolbox
   \\    /   O peration     | Website:  https://openfoam.org
    \\  /    A nd           | Version:  9
     \\/     M anipulation  |
\*---------------------------------------------------------------------------*/
FoamFile
{
    format      ascii;
    class       volScalarField;
    location    "0.051";
    object      s_0;
}
// * * * * * * * * * * * * * * * * * * * * * * * * * * * * * * * * * * * * * //

dimensions      [0 0 0 0 0 0 0];

internalField   nonuniform List<scalar> 
12225
(
1
1
1
1
1
1
1
1
1
1
1
1
1
1
1
1
1
0.999988
1
1
1
1
1
1
1
1
1
1
1
1
1
1
1
1
1
0.999999
1
1
1
1
1
1
1
1
1
1
1
1
1
1
1
1
1
1
1
1
1
1
1
1
1
1
1
1
1
1
1
1
1
1
1
1
1
1
1
1
1
1
1
1
1
1
1
1
1
1
1
1
1
1
1
1
1
1
1
1
1
1
1
1
1
1
1
1
1
1
1
1
1
1
1
1
1
1
1
1
1
1
1
1
1
1
1
1
1
1
1
1
1
1
1
1
1
1
1
1
1
1
1
1
1
1
1
1
1
1
1
1
1
1
1
1
1
1
1
1
1
1
1
1
1
1
1
1
1
1
1
1
1
1
1
1
1
1
1
1
1
1
1
1
1
1
1
1
1
1
1
1
1
1
1
1
1
1
1
1
1
1
1
1
1
1
1
1
1
1
1
1
1
1
1
1
1
1
1
1
1
1
1
1
1
1
1
1
1
1
1
1
1
1
1
1
1
1
1
1
1
1
1
1
1
1
1
1
1
1
1
1
1
1
1
1
1
1
1
1
1
1
1
1
1
1
1
1
1
1
1
1
1
1
1
1
1
1
1
1
1
1
1
1
1
1
1
1
1
1
1
1
1
1
1
1
1
1
1
1
1
1
1
1
1
1
1
1
1
1
1
1
1
1
1
1
1
1
1
1
1
1
1
1
1
1
1
1
1
1
1
1
1
1
1
1
1
1
1
1
1
1
1
1
1
1
1
1
1
1
1
1
1
1
1
1
1
1
1
1
1
1
1
1
1
1
1
1
1
1
1
1
1
1
1
1
1
1
1
1
1
1
1
1
1
1
1
1
1
1
1
1
1
1
1
1
1
1
1
1
1
1
1
1
1
1
1
1
1
1
1
1
1
1
1
1
1
1
1
1
1
1
1
1
1
1
1
1
1
1
1
1
1
1
1
1
1
1
1
1
1
1
1
1
1
1
1
1
1
1
1
1
1
1
1
1
1
1
1
1
1
1
1
1
1
1
1
1
1
1
1
1
1
1
1
1
1
1
1
1
1
1
1
1
1
1
1
1
1
1
1
1
1
1
1
1
1
1
1
1
1
1
1
1
1
1
1
1
1
1
1
1
1
1
1
1
1
1
1
1
1
1
1
1
1
1
1
1
1
1
1
1
1
1
1
1
1
1
1
1
1
1
1
1
0.663066
0.649257
0.647968
0.647978
0.648883
0.653285
0.65486
0.654918
0.6549
0.65568
0.657597
0.660057
0.662225
0.663941
0.665134
0.665462
0.665371
0.664806
0.663217
0.659293
0.650614
0.639586
0.627259
0.614037
0.601202
0.589503
0.577611
0.565893
0.555313
0.545069
0.536318
0.530087
0.523779
0.520248
0.520256
0.521265
0.524904
0.533542
0.546177
0.564732
0.576138
0.592615
0.629571
0.642271
0.66406
0.681829
0.681432
0.679036
0.677448
0.677441
0.679368
0.683498
0.698119
0.709601
0.724588
0.732351
0.742707
0.752408
0.760775
0.766172
0.766699
0.760709
0.756855
0.765193
0.80968
0.859948
0.881994
0.887737
0.887087
0.883422
0.879536
0.876637
0.874231
0.871978
0.8701
0.868552
0.867089
0.865621
0.864398
0.863447
0.8624
0.861395
0.860752
0.860302
0.859784
0.859257
0.858813
0.858517
0.858396
0.858298
0.85815
0.858025
0.857926
0.857896
0.85792
0.85803
0.858431
0.858757
0.859077
0.859483
0.859903
0.860361
0.861048
0.861745
0.862434
0.863381
0.864106
0.864814
0.865672
0.866814
0.868095
0.869228
0.87061
0.872087
0.873972
0.875926
0.878333
0.881025
0.884135
0.887677
0.891651
0.896027
0.900275
0.903898
0.90673
0.909204
0.9114
0.913286
0.914871
0.916203
0.917341
0.918337
0.919232
0.920051
0.920818
0.921548
0.922258
0.922971
0.923701
0.924444
0.925195
0.92597
0.926794
0.927696
0.928713
0.929854
0.931021
0.932019
0.932595
0.932732
0.932562
0.931292
0.926648
0.920268
0.912442
0.901229
0.887462
0.874647
0.867028
0.863411
0.859766
0.855577
0.852288
0.849719
0.84573
0.837095
0.813509
0.734951
0.543892
0.369552
0.246335
0.168956
0.122628
0.0942689
0.0762799
0.0624489
0.0536203
0.0428989
0.0369428
0.0133785
0.667057
0.644516
0.633158
0.631628
0.645319
0.648038
0.644525
0.636383
0.627963
0.625896
0.62736
0.629959
0.630852
0.629391
0.624503
0.614147
0.596501
0.572911
0.547211
0.524544
0.506708
0.490934
0.477178
0.463109
0.450042
0.436255
0.423568
0.410501
0.398285
0.386749
0.376606
0.368237
0.360521
0.353257
0.347896
0.345999
0.3464
0.3486
0.355127
0.385019
0.418073
0.478466
0.573764
0.616471
0.649931
0.667076
0.657601
0.63126
0.604443
0.584848
0.577285
0.582818
0.600352
0.626206
0.649437
0.677289
0.714837
0.745206
0.760463
0.766077
0.763416
0.761874
0.78015
0.845776
0.875765
0.883141
0.884637
0.882979
0.877725
0.869879
0.86103
0.851221
0.844184
0.837537
0.833197
0.828971
0.82643
0.824048
0.822408
0.821363
0.820471
0.820103
0.819945
0.819897
0.819976
0.820443
0.821116
0.821782
0.822844
0.824231
0.825622
0.827291
0.829091
0.831124
0.833522
0.836072
0.838682
0.840639
0.842473
0.843707
0.844728
0.845369
0.84568
0.84575
0.845488
0.845213
0.844515
0.843717
0.842787
0.841798
0.840701
0.839537
0.838388
0.837173
0.835831
0.834389
0.83295
0.831603
0.830553
0.83
0.83015
0.831151
0.833789
0.838749
0.845938
0.854543
0.864009
0.873771
0.882655
0.88993
0.895445
0.899522
0.902692
0.90515
0.907036
0.908487
0.909649
0.910679
0.91174
0.91299
0.914551
0.916482
0.918746
0.921155
0.923451
0.925291
0.926404
0.926843
0.927127
0.927949
0.931529
0.942394
0.950986
0.953801
0.953697
0.951822
0.944846
0.930201
0.920174
0.912988
0.90399
0.893979
0.886171
0.879756
0.873511
0.86916
0.865758
0.859051
0.84389
0.806491
0.756491
0.727572
0.700641
0.675886
0.631769
0.594999
0.548831
0.525917
0.502131
0.431494
0.680488
0.658285
0.64668
0.65975
0.657705
0.651604
0.635781
0.599662
0.576225
0.573215
0.560299
0.545342
0.53284
0.51852
0.508786
0.499399
0.490794
0.483866
0.477063
0.469072
0.460497
0.449689
0.439259
0.427487
0.417412
0.405959
0.396623
0.385697
0.377301
0.367846
0.35958
0.351131
0.343112
0.335859
0.329756
0.325051
0.321576
0.319506
0.319079
0.322299
0.336112
0.363718
0.42901
0.536715
0.604745
0.6431
0.649055
0.64203
0.618781
0.592545
0.560341
0.550023
0.563265
0.596148
0.611994
0.626073
0.66168
0.725674
0.752432
0.758118
0.768334
0.813613
0.863281
0.877122
0.879463
0.878553
0.87146
0.856286
0.841584
0.82787
0.81973
0.815523
0.813594
0.812874
0.812906
0.814252
0.815587
0.817411
0.819115
0.821903
0.823922
0.827644
0.832126
0.837534
0.844328
0.852164
0.861806
0.872742
0.883868
0.893504
0.90297
0.911348
0.918714
0.925213
0.930198
0.933982
0.937083
0.939134
0.9407
0.941717
0.942294
0.942551
0.94263
0.942248
0.94148
0.940687
0.939399
0.937916
0.936046
0.93382
0.931041
0.927673
0.923496
0.918469
0.912371
0.904954
0.8959
0.884849
0.871732
0.85738
0.842951
0.830619
0.821881
0.815043
0.81045
0.808274
0.807976
0.809111
0.813256
0.81987
0.827915
0.836401
0.844133
0.850436
0.855141
0.858468
0.86086
0.862826
0.864878
0.867549
0.871384
0.876762
0.883741
0.892362
0.902855
0.914508
0.92454
0.93019
0.931864
0.931204
0.926652
0.924052
0.924333
0.928751
0.944197
0.956179
0.960641
0.961241
0.960856
0.959435
0.95794
0.954903
0.946489
0.929561
0.915415
0.904717
0.895381
0.888727
0.882166
0.871794
0.859248
0.850339
0.845973
0.844971
0.844835
0.845862
0.845724
0.844919
0.84058
0.810636
0.690039
0.683541
0.679133
0.660266
0.657361
0.635237
0.572913
0.53637
0.525792
0.523978
0.523413
0.520109
0.517536
0.51478
0.512324
0.509801
0.507357
0.504301
0.498734
0.489855
0.481826
0.476283
0.473137
0.472994
0.474089
0.472883
0.472387
0.465942
0.461377
0.448696
0.43895
0.423345
0.409531
0.39418
0.379306
0.365272
0.352693
0.341821
0.333007
0.327301
0.326321
0.332238
0.351715
0.394615
0.487447
0.570717
0.614794
0.630789
0.629588
0.625
0.612559
0.605915
0.605694
0.606912
0.609752
0.616808
0.63534
0.698967
0.754732
0.781143
0.825593
0.861438
0.872416
0.874854
0.869523
0.852847
0.832466
0.818635
0.811564
0.807929
0.806948
0.808694
0.810119
0.813124
0.815606
0.820475
0.826001
0.833519
0.842633
0.855851
0.872321
0.887854
0.904743
0.919541
0.933729
0.944647
0.953821
0.959415
0.963595
0.966589
0.968687
0.969775
0.970338
0.970537
0.97035
0.96929
0.968428
0.96755
0.967018
0.966502
0.96606
0.965709
0.965558
0.965499
0.96543
0.965429
0.965544
0.965688
0.965855
0.966091
0.966395
0.966745
0.967175
0.967663
0.968141
0.968539
0.968733
0.968517
0.967415
0.963572
0.95522
0.940128
0.916883
0.88885
0.859507
0.834135
0.81734
0.80672
0.800605
0.797759
0.797
0.797279
0.798926
0.801642
0.804898
0.808573
0.81251
0.816904
0.821994
0.827841
0.834178
0.840934
0.848465
0.856601
0.864436
0.873024
0.886225
0.905423
0.925338
0.938866
0.943437
0.943133
0.937111
0.928421
0.926844
0.928835
0.940087
0.954271
0.962552
0.967105
0.969117
0.969517
0.969053
0.96572
0.951724
0.929974
0.915471
0.906931
0.899927
0.89121
0.881327
0.87334
0.868985
0.867656
0.867581
0.867954
0.869534
0.874417
0.894687
0.904457
0.660515
0.667472
0.654001
0.645354
0.653809
0.580794
0.548763
0.537123
0.533488
0.533681
0.538739
0.544203
0.551524
0.560893
0.570721
0.580299
0.590174
0.601825
0.615873
0.635738
0.656801
0.679903
0.697763
0.713833
0.723195
0.726931
0.726814
0.718306
0.705001
0.68263
0.658518
0.626442
0.594854
0.562566
0.531805
0.500924
0.472539
0.446313
0.422299
0.401109
0.382927
0.369571
0.362742
0.365222
0.38192
0.420238
0.493242
0.555742
0.589905
0.606816
0.610277
0.611426
0.61266
0.614321
0.616043
0.619771
0.631577
0.687619
0.76437
0.810876
0.849363
0.864082
0.867965
0.860255
0.838545
0.818276
0.807643
0.802861
0.801331
0.803308
0.807075
0.811656
0.818018
0.828148
0.840777
0.858883
0.876862
0.898685
0.914604
0.933964
0.943837
0.954502
0.961314
0.965545
0.968224
0.969264
0.969544
0.968771
0.96678
0.965238
0.962966
0.958342
0.952934
0.94669
0.940493
0.934467
0.92852
0.923794
0.920377
0.917436
0.915107
0.913276
0.912449
0.912219
0.912325
0.912737
0.913959
0.915636
0.917559
0.920048
0.922991
0.926505
0.930829
0.936111
0.942322
0.949453
0.957161
0.964903
0.971887
0.977694
0.981859
0.98404
0.984405
0.982066
0.972782
0.951921
0.918951
0.881372
0.847962
0.82505
0.81071
0.802637
0.798996
0.798043
0.798264
0.80025
0.80455
0.809241
0.815032
0.822535
0.831068
0.839129
0.846928
0.855832
0.864744
0.870853
0.874469
0.879458
0.890952
0.912778
0.934793
0.947689
0.950545
0.94909
0.940363
0.933518
0.932778
0.934901
0.945871
0.959566
0.967653
0.971476
0.972451
0.972145
0.969021
0.954568
0.93275
0.919233
0.910698
0.902995
0.894518
0.885987
0.878621
0.873367
0.870564
0.869741
0.869828
0.871072
0.876926
0.895579
0.606906
0.631122
0.67412
0.637773
0.588778
0.568605
0.560241
0.559666
0.575177
0.598058
0.633494
0.671889
0.702301
0.734356
0.760611
0.787223
0.81499
0.840461
0.866269
0.884951
0.904085
0.914926
0.926705
0.932383
0.935566
0.93677
0.936335
0.933098
0.927126
0.918094
0.904803
0.885794
0.859612
0.823417
0.779889
0.730923
0.680298
0.634735
0.595211
0.559742
0.52559
0.492518
0.462554
0.433925
0.414706
0.409841
0.412526
0.423018
0.453799
0.49576
0.534099
0.562959
0.580763
0.593479
0.604152
0.612646
0.629795
0.688788
0.765808
0.815426
0.848775
0.858302
0.852088
0.829733
0.811795
0.800277
0.79572
0.794468
0.798025
0.804798
0.81348
0.829994
0.856264
0.885252
0.903466
0.920677
0.935652
0.947569
0.955059
0.961924
0.964815
0.966431
0.96694
0.966903
0.96565
0.961768
0.95569
0.946197
0.933107
0.916648
0.895778
0.874746
0.857134
0.83969
0.827085
0.816176
0.806233
0.798474
0.792268
0.78726
0.783352
0.780228
0.777534
0.775605
0.77416
0.773237
0.772859
0.773818
0.775443
0.778248
0.782118
0.787351
0.794338
0.803764
0.816185
0.83248
0.852917
0.877576
0.905216
0.93171
0.954194
0.972012
0.983394
0.989504
0.992114
0.992537
0.990858
0.982998
0.961408
0.92598
0.887535
0.855509
0.833894
0.820776
0.814122
0.811927
0.811886
0.813437
0.819397
0.828549
0.839395
0.850994
0.863065
0.876497
0.889715
0.89841
0.900931
0.900753
0.899811
0.9001
0.905155
0.926816
0.947788
0.955465
0.955805
0.951353
0.941606
0.939284
0.939908
0.944621
0.957707
0.967181
0.971621
0.972617
0.972046
0.967429
0.949461
0.929427
0.91802
0.911237
0.904434
0.895988
0.887102
0.879441
0.873815
0.870341
0.868842
0.868708
0.869557
0.876067
0.629813
0.655327
0.656799
0.610275
0.59327
0.589309
0.609805
0.656036
0.718816
0.763486
0.808429
0.833321
0.862323
0.885269
0.903938
0.925472
0.938735
0.954289
0.962727
0.971722
0.976185
0.980391
0.982454
0.983928
0.984641
0.985023
0.985149
0.984848
0.984145
0.982986
0.980825
0.977229
0.971533
0.962803
0.949234
0.928533
0.897338
0.850768
0.794394
0.743101
0.704907
0.667993
0.636912
0.605821
0.57538
0.55261
0.534376
0.508278
0.479844
0.46045
0.456849
0.463191
0.490546
0.527695
0.564737
0.588088
0.619038
0.692789
0.765555
0.813327
0.839082
0.83689
0.821054
0.806609
0.794641
0.788996
0.787312
0.790077
0.798416
0.810709
0.834004
0.881754
0.915947
0.932503
0.942015
0.9506
0.957589
0.961331
0.963449
0.964449
0.964563
0.963254
0.959057
0.950853
0.935817
0.912248
0.881155
0.854204
0.825071
0.803895
0.787862
0.778064
0.765794
0.75741
0.751596
0.745134
0.739959
0.735413
0.731652
0.728441
0.725861
0.724048
0.722149
0.720575
0.718841
0.717119
0.715584
0.714329
0.713624
0.71335
0.713607
0.71439
0.715906
0.718345
0.72212
0.728056
0.737163
0.750496
0.770336
0.801536
0.845828
0.896476
0.938168
0.966477
0.983418
0.991941
0.995437
0.996414
0.996215
0.993758
0.984756
0.960029
0.924992
0.891413
0.866019
0.850172
0.842164
0.839492
0.839316
0.840018
0.843045
0.851603
0.864667
0.881606
0.901534
0.920538
0.933566
0.938345
0.938387
0.934854
0.929082
0.928628
0.93122
0.944998
0.957691
0.960401
0.95929
0.952398
0.948196
0.948486
0.951912
0.962224
0.969531
0.972074
0.972141
0.970117
0.959662
0.938384
0.922599
0.914038
0.909549
0.904468
0.896872
0.887832
0.879441
0.873401
0.870236
0.869316
0.869445
0.871521
0.674072
0.665457
0.637632
0.620573
0.62095
0.662775
0.743086
0.803224
0.845628
0.878349
0.904702
0.923212
0.941129
0.953605
0.964694
0.973902
0.978619
0.983432
0.985573
0.98745
0.988309
0.98908
0.989427
0.989733
0.989906
0.990276
0.990528
0.990804
0.991164
0.991695
0.991941
0.992047
0.992128
0.991583
0.989695
0.98578
0.977865
0.963531
0.937503
0.891901
0.832936
0.786705
0.746595
0.721957
0.709585
0.709794
0.720338
0.717566
0.703039
0.66143
0.58153
0.529552
0.521247
0.529343
0.561525
0.587886
0.624174
0.700505
0.766435
0.804371
0.809448
0.801414
0.792437
0.785424
0.78066
0.778938
0.780661
0.787455
0.80085
0.826499
0.877071
0.924354
0.943648
0.952099
0.956459
0.959331
0.961034
0.961693
0.962029
0.960164
0.954477
0.942172
0.920628
0.884821
0.849273
0.819836
0.800845
0.782161
0.771096
0.760448
0.754228
0.748309
0.741215
0.735419
0.72888
0.723066
0.717318
0.712873
0.709702
0.70727
0.706285
0.70609
0.706134
0.706528
0.706733
0.706901
0.707152
0.707403
0.707209
0.70683
0.706507
0.70657
0.707056
0.707993
0.709564
0.712167
0.716267
0.721661
0.728895
0.738033
0.751272
0.776185
0.825976
0.889829
0.939505
0.969901
0.986425
0.994245
0.997336
0.99827
0.998329
0.99766
0.99468
0.985273
0.961273
0.932849
0.908442
0.892073
0.88431
0.882519
0.882701
0.883897
0.887236
0.89632
0.91043
0.927215
0.944475
0.957312
0.963207
0.964084
0.962828
0.955452
0.950955
0.95133
0.955451
0.963332
0.96584
0.965554
0.962387
0.95936
0.959607
0.96309
0.969562
0.972178
0.972321
0.970644
0.961554
0.940919
0.925031
0.915157
0.910151
0.907675
0.90416
0.897319
0.888612
0.880417
0.874744
0.872181
0.871792
0.872526
0.689621
0.664478
0.64789
0.649757
0.701816
0.78616
0.844659
0.891237
0.914841
0.939247
0.951753
0.965236
0.97287
0.978295
0.982522
0.984525
0.985509
0.986184
0.986454
0.986571
0.986223
0.985732
0.984991
0.984619
0.984459
0.984625
0.985117
0.985991
0.986876
0.988504
0.990101
0.991415
0.992803
0.994124
0.994911
0.995209
0.99499
0.992731
0.986814
0.97297
0.943258
0.888812
0.822543
0.778284
0.757643
0.752876
0.75605
0.758045
0.757618
0.75603
0.747368
0.695941
0.595668
0.568171
0.575175
0.600515
0.651703
0.718414
0.768838
0.78905
0.785002
0.777677
0.772265
0.769219
0.767996
0.769672
0.774132
0.783549
0.801258
0.841885
0.909691
0.944607
0.955109
0.958049
0.958926
0.959536
0.959794
0.957822
0.952268
0.939877
0.913933
0.876671
0.83977
0.813244
0.792524
0.777622
0.769352
0.761617
0.756791
0.750425
0.742514
0.73442
0.723431
0.710912
0.696177
0.681911
0.670411
0.664389
0.661759
0.661486
0.665316
0.671788
0.678467
0.685866
0.692272
0.697752
0.7021
0.705395
0.707762
0.709998
0.712294
0.713852
0.7149
0.715443
0.715758
0.716241
0.718069
0.721227
0.726201
0.732122
0.738582
0.74591
0.757464
0.783681
0.844921
0.911673
0.954776
0.979007
0.991113
0.996491
0.998557
0.999201
0.999297
0.999144
0.998299
0.995336
0.985678
0.972256
0.963048
0.959314
0.958911
0.95933
0.960748
0.964761
0.969518
0.972669
0.975152
0.977706
0.979323
0.979592
0.979369
0.978181
0.973176
0.966567
0.965402
0.966502
0.970419
0.972013
0.971822
0.970299
0.969886
0.970525
0.973243
0.974561
0.974369
0.971875
0.960241
0.939472
0.92475
0.916066
0.911721
0.909705
0.907847
0.903957
0.895591
0.887023
0.8809
0.877858
0.877122
0.877094
0.691674
0.671471
0.670912
0.715375
0.794866
0.859889
0.910252
0.935844
0.953222
0.967189
0.973809
0.979839
0.982468
0.983799
0.984338
0.984445
0.984082
0.982655
0.980174
0.976631
0.973399
0.970903
0.968924
0.96795
0.967556
0.96756
0.968124
0.969502
0.971333
0.973766
0.976212
0.979283
0.983152
0.987299
0.9917
0.994846
0.996481
0.997157
0.997389
0.99601
0.991394
0.979146
0.948867
0.875256
0.806361
0.774298
0.762373
0.758699
0.757451
0.758298
0.761105
0.757705
0.73155
0.640861
0.60341
0.616012
0.6627
0.722232
0.767549
0.779061
0.774262
0.767707
0.764133
0.762259
0.761743
0.763623
0.76844
0.777618
0.798013
0.84557
0.922936
0.953198
0.959267
0.959229
0.958287
0.957255
0.953109
0.942615
0.918858
0.881904
0.846926
0.818595
0.795051
0.779973
0.770267
0.763696
0.758188
0.752778
0.743746
0.731436
0.713337
0.688572
0.653848
0.612689
0.571224
0.539756
0.524459
0.518443
0.517566
0.529223
0.543004
0.564475
0.587358
0.612186
0.63582
0.656945
0.674721
0.688972
0.700128
0.708318
0.714329
0.719903
0.725353
0.731103
0.736402
0.740065
0.740109
0.737273
0.736543
0.738646
0.742215
0.746452
0.751582
0.759227
0.774098
0.816963
0.890292
0.942828
0.9728
0.988121
0.995216
0.998195
0.99931
0.999659
0.999719
0.999665
0.99929
0.99766
0.994726
0.992788
0.991956
0.991802
0.991837
0.991969
0.992359
0.993384
0.994015
0.994083
0.993918
0.993201
0.992202
0.991079
0.988682
0.982114
0.97654
0.97491
0.975113
0.976652
0.977519
0.977447
0.977447
0.977748
0.978852
0.979184
0.978551
0.974269
0.957647
0.937481
0.924865
0.918301
0.915372
0.913899
0.912018
0.907622
0.898998
0.890969
0.88564
0.883257
0.882835
0.882878
0.696667
0.688655
0.715784
0.783883
0.854279
0.90724
0.94443
0.960776
0.972068
0.978642
0.981765
0.983298
0.983647
0.983528
0.982568
0.979652
0.973526
0.968158
0.962983
0.960206
0.957626
0.955534
0.95419
0.953386
0.953084
0.953256
0.954021
0.95543
0.957747
0.960458
0.963705
0.966506
0.969273
0.97197
0.976444
0.984049
0.991865
0.995973
0.997893
0.998464
0.998468
0.996716
0.989883
0.967454
0.890701
0.805724
0.767609
0.75604
0.752015
0.751799
0.753621
0.759139
0.755186
0.722779
0.655048
0.642906
0.663684
0.712253
0.758711
0.773179
0.771321
0.766166
0.763464
0.761987
0.761451
0.762725
0.766438
0.77407
0.791117
0.838859
0.919553
0.956428
0.96068
0.958782
0.955281
0.948987
0.932942
0.897389
0.860397
0.827489
0.803854
0.786907
0.772654
0.765643
0.760932
0.755111
0.747429
0.735248
0.714049
0.679124
0.62197
0.534617
0.462742
0.432366
0.423137
0.423298
0.429496
0.438196
0.447597
0.458658
0.472991
0.492617
0.517534
0.547108
0.579226
0.610077
0.636317
0.656976
0.673074
0.686562
0.699442
0.712146
0.722978
0.731868
0.740427
0.748963
0.75768
0.763256
0.761938
0.7594
0.758886
0.760075
0.761895
0.763007
0.766656
0.777576
0.808127
0.880016
0.936625
0.969425
0.986389
0.99437
0.997826
0.999209
0.999711
0.999862
0.999882
0.999846
0.999614
0.999146
0.998828
0.998643
0.99853
0.99846
0.998423
0.998399
0.998367
0.998298
0.998149
0.997725
0.997092
0.996533
0.995536
0.993088
0.987007
0.982676
0.981233
0.981195
0.981772
0.98232
0.98258
0.983195
0.983981
0.984078
0.983082
0.976998
0.956681
0.937418
0.926828
0.922356
0.92066
0.919318
0.916672
0.909912
0.900745
0.893429
0.889156
0.887621
0.887568
0.888314
0.706018
0.707465
0.754552
0.834008
0.889802
0.936129
0.962656
0.973957
0.980087
0.982788
0.983575
0.983597
0.983149
0.981252
0.97658
0.967564
0.96284
0.958173
0.955067
0.952129
0.949069
0.946552
0.944586
0.94326
0.942657
0.942469
0.943807
0.946191
0.949289
0.952996
0.957678
0.961782
0.964569
0.967019
0.968432
0.97053
0.975834
0.986617
0.994525
0.99789
0.998966
0.999209
0.998376
0.99324
0.970908
0.878018
0.790579
0.759801
0.752808
0.751727
0.75132
0.753726
0.754212
0.744082
0.706946
0.689121
0.684767
0.70885
0.756447
0.771905
0.771265
0.767655
0.76696
0.767209
0.767072
0.767207
0.769333
0.775216
0.789682
0.827843
0.908456
0.954666
0.96118
0.957279
0.948035
0.925109
0.891992
0.855494
0.819451
0.792721
0.779368
0.770511
0.763123
0.759278
0.753031
0.742875
0.726334
0.695319
0.634321
0.516352
0.432873
0.394357
0.379919
0.378624
0.39869
0.421055
0.442204
0.457738
0.467885
0.472427
0.478393
0.491944
0.513386
0.5412
0.573163
0.605217
0.632663
0.653398
0.667936
0.67756
0.684582
0.691813
0.70264
0.71745
0.732973
0.746251
0.758481
0.769751
0.776705
0.777795
0.775636
0.77366
0.774437
0.779074
0.779611
0.779488
0.786648
0.814047
0.881547
0.936765
0.969243
0.986186
0.994209
0.997719
0.999153
0.999701
0.999892
0.999945
0.99995
0.999935
0.999882
0.999827
0.999779
0.999736
0.999698
0.999653
0.999604
0.999556
0.999472
0.99925
0.998932
0.998676
0.998277
0.997381
0.994657
0.989476
0.986402
0.985418
0.985373
0.985678
0.986371
0.987275
0.987942
0.987979
0.986811
0.97971
0.957748
0.939806
0.931344
0.928584
0.927733
0.926544
0.923479
0.914342
0.903376
0.895792
0.891887
0.890743
0.890872
0.89251
0.714381
0.725875
0.791155
0.870327
0.91349
0.954062
0.972815
0.980124
0.983157
0.984026
0.983963
0.982825
0.979973
0.973897
0.964162
0.957316
0.95274
0.947533
0.943518
0.938979
0.935178
0.932257
0.929694
0.928374
0.927709
0.92751
0.92825
0.92992
0.933057
0.938173
0.945067
0.954859
0.961518
0.965386
0.967116
0.967742
0.968795
0.972192
0.983349
0.993572
0.997774
0.99925
0.999554
0.999091
0.994605
0.969694
0.857932
0.780837
0.759382
0.755322
0.752713
0.748332
0.747742
0.739632
0.720727
0.710185
0.707895
0.719867
0.759783
0.772844
0.77449
0.778062
0.788282
0.797081
0.799333
0.796912
0.790906
0.792052
0.800306
0.828783
0.892669
0.949003
0.960953
0.953968
0.926795
0.888269
0.834007
0.815286
0.798961
0.777885
0.765839
0.758196
0.752428
0.749097
0.740615
0.722041
0.682222
0.593332
0.466365
0.391613
0.358383
0.349016
0.361933
0.41103
0.474587
0.548571
0.609939
0.63884
0.646513
0.629908
0.601372
0.583059
0.583222
0.597178
0.619619
0.6474
0.672923
0.689613
0.697225
0.697107
0.69171
0.690068
0.693614
0.700101
0.711283
0.730297
0.751109
0.768796
0.782209
0.786436
0.785821
0.782044
0.780752
0.784678
0.795366
0.797698
0.797518
0.802956
0.830246
0.892994
0.942505
0.971921
0.987357
0.99469
0.997901
0.999215
0.999721
0.999904
0.999965
0.999982
0.999985
0.999983
0.999973
0.999961
0.999948
0.999929
0.999909
0.999891
0.999859
0.999773
0.999635
0.999526
0.999365
0.999013
0.998024
0.994702
0.990791
0.988912
0.988427
0.988468
0.989003
0.990138
0.990824
0.990873
0.989856
0.983272
0.962402
0.946418
0.939786
0.938234
0.938025
0.93746
0.934517
0.923161
0.909062
0.900115
0.895668
0.89434
0.894448
0.896197
0.722761
0.742738
0.817103
0.889513
0.927415
0.96232
0.977316
0.982688
0.984562
0.984868
0.983968
0.981937
0.977169
0.967237
0.955918
0.949393
0.943593
0.938668
0.934732
0.931134
0.927796
0.925856
0.924153
0.923347
0.922927
0.922772
0.922925
0.923571
0.925208
0.928408
0.932252
0.939646
0.953118
0.962664
0.966781
0.967607
0.967812
0.96849
0.971826
0.983983
0.993737
0.99797
0.999464
0.999762
0.999412
0.994752
0.963282
0.840157
0.775072
0.762905
0.762333
0.750795
0.74212
0.735873
0.727183
0.722081
0.724099
0.741403
0.769182
0.780988
0.798347
0.831366
0.864044
0.879799
0.882611
0.879067
0.863679
0.851467
0.849304
0.855636
0.889946
0.941157
0.96004
0.954454
0.918799
0.835556
0.802698
0.776715
0.765367
0.761492
0.755229
0.748639
0.74222
0.734052
0.713499
0.674816
0.588405
0.464971
0.376965
0.340008
0.328936
0.352797
0.420109
0.551411
0.702726
0.792664
0.828726
0.84019
0.838619
0.824911
0.801265
0.777794
0.76467
0.761965
0.763658
0.771651
0.780501
0.784391
0.783015
0.774853
0.74583
0.713509
0.701036
0.699806
0.704406
0.713901
0.73385
0.76174
0.784238
0.796752
0.800182
0.79918
0.794204
0.792833
0.799897
0.814312
0.818014
0.818786
0.825081
0.8563
0.911126
0.952223
0.976669
0.989519
0.995623
0.998282
0.999361
0.999772
0.999922
0.999974
0.99999
0.999995
0.999996
0.999995
0.999993
0.999987
0.999981
0.999975
0.999965
0.999938
0.999888
0.999846
0.999783
0.999642
0.999237
0.997773
0.994175
0.991794
0.990896
0.99079
0.991066
0.992142
0.992902
0.992985
0.992229
0.987051
0.969514
0.95573
0.950734
0.950144
0.9505
0.950467
0.948622
0.938946
0.921133
0.90954
0.903669
0.901632
0.901532
0.902415
0.73206
0.75554
0.834164
0.903779
0.935631
0.966511
0.980355
0.984443
0.985366
0.985363
0.984085
0.97988
0.970999
0.95854
0.949056
0.943841
0.938592
0.934392
0.930615
0.927786
0.92507
0.923571
0.922603
0.922116
0.921778
0.921478
0.921307
0.921445
0.922255
0.924794
0.928302
0.933749
0.94488
0.957822
0.966326
0.968456
0.968126
0.968042
0.969154
0.975041
0.987466
0.995054
0.998435
0.999645
0.999886
0.999682
0.995414
0.95846
0.828582
0.774832
0.76947
0.773036
0.766189
0.753597
0.748275
0.746967
0.755135
0.773972
0.797519
0.835049
0.883188
0.918021
0.938727
0.945968
0.94604
0.942988
0.930824
0.916088
0.905908
0.903094
0.906106
0.934178
0.958323
0.955984
0.923468
0.826694
0.760382
0.753198
0.745969
0.742445
0.740248
0.737995
0.736655
0.725053
0.694824
0.611838
0.495675
0.38907
0.331949
0.311909
0.320951
0.383308
0.553138
0.752705
0.838087
0.867631
0.878942
0.882485
0.880946
0.872919
0.85751
0.843054
0.83386
0.828509
0.82386
0.820189
0.817774
0.816317
0.814999
0.812318
0.803897
0.772401
0.733127
0.714971
0.710271
0.712711
0.72329
0.748564
0.782314
0.806603
0.816149
0.817149
0.813798
0.808036
0.808234
0.821279
0.836577
0.840621
0.843313
0.853843
0.891212
0.933353
0.964053
0.982473
0.992167
0.996752
0.998735
0.999532
0.999834
0.999944
0.999981
0.999994
0.999998
0.999999
0.999999
0.999998
0.999997
0.999995
0.999992
0.999985
0.99997
0.999956
0.999931
0.999875
0.999702
0.999048
0.996667
0.994083
0.992909
0.992659
0.992791
0.993624
0.994424
0.994548
0.994033
0.99025
0.976657
0.965738
0.962136
0.961944
0.962803
0.963213
0.962385
0.956942
0.941786
0.929482
0.922249
0.918858
0.918059
0.91733
0.741975
0.766785
0.840285
0.906724
0.938868
0.965679
0.980034
0.985061
0.986286
0.986106
0.984635
0.980519
0.971392
0.958378
0.947462
0.940295
0.934591
0.930519
0.927113
0.924965
0.923352
0.922558
0.922205
0.922016
0.921802
0.921229
0.920776
0.920809
0.921283
0.923163
0.926985
0.931903
0.942563
0.956237
0.965795
0.969677
0.969608
0.968464
0.968815
0.972278
0.983556
0.992743
0.997261
0.999116
0.999789
0.999946
0.999841
0.996753
0.959522
0.831901
0.7709
0.777013
0.792386
0.803185
0.812144
0.822594
0.837234
0.854774
0.88173
0.914998
0.939014
0.956105
0.968523
0.975564
0.977516
0.976112
0.970692
0.958625
0.949029
0.940456
0.936938
0.941453
0.95801
0.958269
0.93632
0.840074
0.753415
0.720758
0.721255
0.729214
0.729978
0.728886
0.723535
0.70359
0.65352
0.553592
0.432552
0.347648
0.309847
0.302649
0.318663
0.427123
0.689259
0.816542
0.858485
0.87493
0.883491
0.88852
0.890604
0.888615
0.878188
0.863614
0.851836
0.842415
0.834361
0.827563
0.82279
0.820224
0.818745
0.817203
0.814196
0.804999
0.774677
0.743477
0.728033
0.723839
0.725681
0.739884
0.775185
0.809148
0.828614
0.833885
0.833132
0.827262
0.824316
0.828431
0.849526
0.862315
0.866359
0.87194
0.890527
0.925106
0.954225
0.975316
0.988016
0.994679
0.997808
0.999151
0.999689
0.999891
0.999964
0.999988
0.999996
0.999999
1
1
0.999999
0.999999
0.999999
0.999997
0.999993
0.999989
0.99998
0.999957
0.99988
0.999566
0.998218
0.99584
0.994551
0.99419
0.994237
0.994812
0.99558
0.995739
0.995418
0.992862
0.983199
0.975326
0.972918
0.972879
0.973797
0.974435
0.974159
0.971665
0.962536
0.952722
0.9461
0.942017
0.940726
0.938881
0.75491
0.772387
0.835972
0.903092
0.936957
0.962664
0.978281
0.984594
0.986644
0.986766
0.985889
0.982601
0.974207
0.960923
0.949329
0.941259
0.935061
0.930713
0.927248
0.924829
0.923054
0.921818
0.921167
0.920883
0.920619
0.920493
0.9205
0.920631
0.92116
0.922921
0.927088
0.932704
0.944192
0.958595
0.968171
0.971054
0.970543
0.96917
0.969189
0.971759
0.982186
0.991942
0.996866
0.998936
0.999678
0.999918
0.99998
0.999929
0.998142
0.974816
0.853823
0.773843
0.774158
0.796445
0.816977
0.844797
0.873541
0.900027
0.925412
0.943411
0.95143
0.959647
0.969996
0.978461
0.983983
0.986783
0.985923
0.982192
0.975697
0.968905
0.96129
0.958323
0.961737
0.962112
0.950814
0.874077
0.764254
0.710639
0.695644
0.702139
0.718325
0.720997
0.71338
0.670749
0.58416
0.496015
0.406347
0.341759
0.309114
0.304366
0.326378
0.495104
0.728332
0.820647
0.848451
0.859932
0.872878
0.885267
0.89294
0.894519
0.89124
0.877138
0.860869
0.847187
0.835823
0.82748
0.821603
0.818573
0.817422
0.81692
0.815652
0.812387
0.797575
0.766571
0.74695
0.73973
0.738951
0.743479
0.76922
0.808238
0.836885
0.849959
0.851954
0.849374
0.844691
0.845054
0.859584
0.883567
0.89221
0.896307
0.904879
0.926607
0.950608
0.970399
0.984266
0.992468
0.9967
0.998657
0.999486
0.999814
0.999936
0.999979
0.999994
0.999998
0.999999
1
1
1
1
0.999999
0.999999
0.999997
0.999994
0.999985
0.999949
0.999788
0.999068
0.997134
0.995853
0.995427
0.995425
0.995791
0.996474
0.996653
0.996472
0.99485
0.98849
0.983406
0.982015
0.982056
0.982793
0.983311
0.983228
0.982135
0.97764
0.971476
0.966492
0.962532
0.960987
0.958962
0.766222
0.775451
0.824198
0.893057
0.931344
0.95695
0.974512
0.983034
0.9863
0.987102
0.986905
0.985516
0.980671
0.967802
0.954654
0.944901
0.937529
0.932329
0.928454
0.925676
0.923701
0.922268
0.921471
0.920893
0.920525
0.9205
0.920619
0.921097
0.922448
0.92633
0.932539
0.941764
0.956288
0.968536
0.97262
0.972678
0.970961
0.969669
0.970034
0.973311
0.983461
0.992392
0.996982
0.998947
0.99967
0.999907
0.999977
0.999994
0.999971
0.999155
0.985732
0.885342
0.782798
0.772542
0.786071
0.827283
0.865941
0.898819
0.927286
0.94545
0.95195
0.952178
0.95649
0.967375
0.978809
0.985763
0.988454
0.989161
0.98791
0.985072
0.979281
0.974491
0.97209
0.970493
0.963141
0.923904
0.800045
0.719384
0.683424
0.679936
0.69287
0.706647
0.702164
0.668432
0.57907
0.491854
0.410226
0.347503
0.314836
0.313052
0.344266
0.523074
0.723999
0.795139
0.806839
0.818837
0.845865
0.875728
0.89272
0.898751
0.899248
0.893556
0.872016
0.850038
0.832452
0.819367
0.812085
0.80973
0.810149
0.81301
0.815418
0.815405
0.809915
0.785511
0.762966
0.754613
0.753936
0.756443
0.770857
0.807688
0.840817
0.862264
0.870215
0.870707
0.868228
0.867497
0.875131
0.904418
0.921119
0.925256
0.928221
0.936045
0.952072
0.968596
0.981851
0.990651
0.995645
0.998137
0.999257
0.999721
0.999901
0.999966
0.999989
0.999997
0.999999
1
1
1
1
1
1
0.999999
0.999998
0.999994
0.999977
0.99989
0.999485
0.998082
0.996869
0.99642
0.996386
0.996605
0.997174
0.997359
0.997266
0.996282
0.992364
0.989452
0.988808
0.988906
0.989428
0.989658
0.989588
0.988959
0.986796
0.983861
0.980815
0.977712
0.976259
0.974568
0.788453
0.783818
0.80211
0.869179
0.919403
0.948019
0.967611
0.979607
0.985038
0.98688
0.987186
0.986868
0.985195
0.980112
0.967508
0.953572
0.943755
0.936811
0.931832
0.928298
0.92576
0.924014
0.922897
0.92199
0.921859
0.922029
0.92267
0.924207
0.927557
0.935128
0.942982
0.955311
0.967666
0.973305
0.974319
0.973323
0.97065
0.970174
0.971373
0.977776
0.989783
0.996145
0.998689
0.999567
0.999857
0.999951
0.999983
0.999996
0.999999
0.999986
0.999577
0.992383
0.922269
0.806455
0.779965
0.784353
0.808547
0.867767
0.913463
0.939491
0.948123
0.94753
0.938555
0.939291
0.947899
0.970942
0.983936
0.98875
0.990683
0.990772
0.989448
0.986165
0.983331
0.980679
0.974706
0.953757
0.867836
0.746611
0.689689
0.666815
0.667841
0.676061
0.676604
0.661593
0.592933
0.503238
0.426034
0.362218
0.331129
0.331094
0.359199
0.514953
0.684619
0.738871
0.756191
0.788726
0.835007
0.872451
0.896483
0.905705
0.90654
0.902019
0.878556
0.849434
0.825561
0.81245
0.806581
0.804976
0.805221
0.808947
0.81624
0.819711
0.820101
0.81272
0.788573
0.775854
0.773614
0.77501
0.782605
0.808512
0.843824
0.871914
0.887954
0.893564
0.893834
0.893396
0.896822
0.918015
0.94167
0.951203
0.952375
0.952436
0.955501
0.967887
0.980598
0.989429
0.994802
0.997668
0.999032
0.999623
0.999861
0.999951
0.999983
0.999995
0.999998
0.999999
1
1
1
1
1
1
0.999999
0.999998
0.999988
0.99994
0.999703
0.998742
0.997663
0.997221
0.997166
0.997294
0.997729
0.997909
0.997867
0.997289
0.995016
0.993544
0.993323
0.993464
0.993797
0.993841
0.993649
0.992874
0.992151
0.991184
0.989651
0.98763
0.986542
0.985344
0.84302
0.801769
0.804809
0.828736
0.894304
0.935069
0.958025
0.97309
0.982002
0.985837
0.987016
0.987118
0.986784
0.985286
0.981131
0.971851
0.958868
0.947548
0.939933
0.934722
0.930934
0.928728
0.926895
0.926121
0.926319
0.92718
0.929386
0.933035
0.941011
0.949605
0.961265
0.971474
0.975719
0.976215
0.975287
0.972147
0.970065
0.970503
0.973974
0.984728
0.993941
0.997958
0.999349
0.999794
0.999935
0.99998
0.999994
0.999998
0.999999
1
0.999992
0.999747
0.995383
0.949307
0.831675
0.789529
0.785021
0.79745
0.846297
0.908671
0.934121
0.939702
0.936588
0.925527
0.924844
0.933133
0.962202
0.981583
0.989
0.991343
0.992373
0.991806
0.990448
0.988421
0.984309
0.972896
0.931817
0.80432
0.711797
0.671161
0.657869
0.653473
0.652555
0.646602
0.619467
0.547444
0.465233
0.391304
0.361821
0.362606
0.390823
0.531138
0.661437
0.700093
0.730155
0.779004
0.833495
0.87998
0.906668
0.915683
0.915424
0.907161
0.879357
0.845728
0.824108
0.811909
0.806237
0.804334
0.80424
0.806383
0.815847
0.824895
0.828416
0.82768
0.816293
0.801972
0.797876
0.797943
0.800008
0.81079
0.844178
0.87958
0.903967
0.917817
0.923266
0.924039
0.924691
0.930679
0.94937
0.96338
0.968243
0.968589
0.968481
0.970431
0.979616
0.988667
0.994221
0.997301
0.998835
0.999529
0.99982
0.999934
0.999977
0.999992
0.999997
0.999999
0.999999
0.999999
1
1
1
1
1
0.999999
0.999994
0.999966
0.999825
0.999191
0.99828
0.997867
0.997798
0.997871
0.998182
0.998343
0.998328
0.997988
0.996738
0.996086
0.996044
0.996206
0.996409
0.99641
0.996192
0.995559
0.995209
0.994993
0.994596
0.993585
0.992892
0.992169
0.881324
0.844046
0.815421
0.821758
0.848254
0.910888
0.94548
0.96411
0.976055
0.983064
0.986033
0.986942
0.986997
0.986755
0.985719
0.983009
0.977528
0.968669
0.959949
0.951497
0.94513
0.941188
0.938246
0.938236
0.9391
0.941836
0.945752
0.95401
0.962098
0.970799
0.975676
0.978015
0.977946
0.977012
0.973693
0.96963
0.969638
0.97189
0.980762
0.992446
0.997437
0.999167
0.999734
0.999914
0.999972
0.99999
0.999997
0.999999
1
1
1
0.999993
0.999778
0.995981
0.962426
0.852094
0.797561
0.786617
0.792696
0.820097
0.887626
0.919616
0.928379
0.924996
0.91576
0.91564
0.923293
0.954887
0.979463
0.988825
0.992063
0.993203
0.993197
0.992602
0.990657
0.984891
0.965687
0.906556
0.766597
0.690647
0.661679
0.649279
0.640985
0.635135
0.621671
0.591095
0.517932
0.445201
0.425677
0.429744
0.458784
0.568569
0.645513
0.677493
0.718879
0.788923
0.860188
0.904921
0.92027
0.921842
0.918859
0.90658
0.872629
0.843254
0.824159
0.812872
0.806939
0.804355
0.803856
0.804528
0.810988
0.824626
0.833426
0.836594
0.834672
0.824568
0.8188
0.818204
0.818692
0.821651
0.843148
0.88552
0.917809
0.939033
0.95217
0.956698
0.955682
0.953751
0.956636
0.968863
0.976908
0.979148
0.979221
0.979281
0.98125
0.988285
0.993891
0.997063
0.998692
0.999454
0.999784
0.999918
0.99997
0.999989
0.999995
0.999998
0.999998
0.999999
0.999999
0.999999
1
1
1
0.999999
0.999996
0.99998
0.999895
0.999491
0.998751
0.998383
0.998307
0.998347
0.998557
0.998685
0.99868
0.998471
0.997817
0.997572
0.997584
0.997748
0.997884
0.997882
0.997731
0.99739
0.997246
0.997197
0.997116
0.996832
0.996482
0.996113
0.891711
0.888449
0.855553
0.830472
0.837898
0.86594
0.922908
0.951656
0.967603
0.977593
0.983299
0.985871
0.986754
0.986837
0.986709
0.986159
0.984789
0.98173
0.977464
0.97272
0.968202
0.964967
0.962539
0.962712
0.963784
0.966303
0.970458
0.974601
0.977432
0.97933
0.979853
0.979502
0.978392
0.975018
0.968927
0.968403
0.969982
0.976954
0.990796
0.996782
0.998942
0.999667
0.999897
0.999968
0.99999
0.999997
0.999999
1
1
1
1
1
0.999988
0.999672
0.995161
0.967354
0.867279
0.804952
0.78861
0.79006
0.805909
0.857678
0.902348
0.91602
0.913996
0.908953
0.90941
0.917652
0.948686
0.97723
0.98849
0.99241
0.993579
0.993913
0.993449
0.991184
0.982851
0.956443
0.879281
0.742587
0.680837
0.654341
0.640993
0.632323
0.622253
0.603304
0.550779
0.507806
0.500278
0.504345
0.524403
0.590533
0.630093
0.664548
0.742168
0.842512
0.902832
0.92218
0.925169
0.923779
0.916777
0.89398
0.863151
0.840187
0.824288
0.813889
0.807513
0.804408
0.80333
0.803284
0.805392
0.818453
0.832442
0.838844
0.840371
0.838986
0.833736
0.831314
0.831358
0.833866
0.847661
0.891775
0.929968
0.953087
0.967776
0.97624
0.978801
0.977784
0.974713
0.975267
0.981251
0.985181
0.986042
0.98608
0.986366
0.988865
0.993842
0.996955
0.998608
0.999403
0.999757
0.999905
0.999963
0.999985
0.999993
0.999996
0.999997
0.999997
0.999998
0.999999
0.999999
0.999999
0.999999
0.999999
0.999998
0.999988
0.999936
0.999687
0.999107
0.998788
0.998712
0.998733
0.998866
0.998955
0.998952
0.99881
0.998496
0.998421
0.998449
0.998598
0.998706
0.998715
0.998659
0.998549
0.998523
0.998524
0.998518
0.998463
0.998337
0.998189
0.892369
0.886719
0.881166
0.85485
0.843646
0.852345
0.880809
0.927684
0.953894
0.968733
0.977743
0.98285
0.985399
0.986399
0.986633
0.986586
0.986378
0.985806
0.984508
0.982851
0.980796
0.979486
0.978136
0.978166
0.978546
0.979473
0.980559
0.981292
0.981448
0.981233
0.98066
0.979208
0.975316
0.967558
0.96638
0.967791
0.973758
0.988829
0.99609
0.998709
0.999597
0.999878
0.999964
0.999989
0.999997
0.999999
1
1
1
1
1
1
0.999999
0.999973
0.999433
0.994501
0.969557
0.877666
0.810275
0.790398
0.789116
0.798651
0.834573
0.886326
0.904294
0.904804
0.904062
0.9052
0.913801
0.943172
0.974855
0.987742
0.992386
0.993839
0.994063
0.993555
0.990558
0.97972
0.947051
0.858927
0.735542
0.677559
0.649034
0.634934
0.625726
0.607755
0.56947
0.548088
0.545859
0.549072
0.565332
0.59931
0.632768
0.708015
0.833165
0.901353
0.923355
0.926947
0.926045
0.920028
0.901763
0.874291
0.852793
0.836237
0.823583
0.813906
0.807229
0.803317
0.801788
0.80159
0.802258
0.809659
0.827719
0.838004
0.841336
0.841416
0.838412
0.835265
0.835132
0.838094
0.853881
0.899223
0.936927
0.96122
0.975427
0.983606
0.987829
0.988765
0.988109
0.985851
0.985779
0.988233
0.989975
0.990318
0.990473
0.9912
0.994155
0.997017
0.998598
0.999383
0.999742
0.999895
0.999957
0.999981
0.99999
0.999993
0.999994
0.999995
0.999996
0.999997
0.999998
0.999999
0.999999
0.999999
0.999998
0.999992
0.999961
0.999806
0.999372
0.9991
0.999029
0.999038
0.999118
0.999172
0.999168
0.999068
0.998934
0.998917
0.998948
0.99908
0.99919
0.999222
0.999221
0.999216
0.999225
0.999267
0.999285
0.999276
0.999249
0.9992
0.891656
0.881278
0.866484
0.859634
0.852653
0.854307
0.864873
0.892204
0.928833
0.951944
0.966283
0.975903
0.981397
0.984356
0.985696
0.986266
0.98631
0.986248
0.98606
0.985689
0.985027
0.984517
0.984121
0.983869
0.983648
0.983505
0.983197
0.982697
0.982167
0.981302
0.979242
0.974178
0.965215
0.9638
0.965262
0.971144
0.986918
0.995427
0.998483
0.999525
0.999858
0.999959
0.999988
0.999996
0.999999
1
1
1
1
1
1
1
1
0.999998
0.999936
0.999163
0.993816
0.969798
0.883227
0.81331
0.791595
0.788018
0.794452
0.819485
0.874186
0.893685
0.898776
0.899534
0.901775
0.910854
0.938314
0.972396
0.986783
0.992194
0.993798
0.993813
0.993133
0.989396
0.976708
0.941665
0.858878
0.743406
0.682038
0.652111
0.6387
0.616192
0.587724
0.577045
0.577688
0.584349
0.605345
0.639157
0.71905
0.843324
0.90579
0.926148
0.928767
0.927151
0.919678
0.900651
0.874924
0.8557
0.841452
0.830353
0.820367
0.810967
0.803287
0.798788
0.797349
0.797364
0.798257
0.80313
0.821234
0.835398
0.840952
0.841589
0.839492
0.836574
0.836503
0.83992
0.859858
0.906962
0.942983
0.966671
0.980246
0.987293
0.991019
0.992729
0.992918
0.992295
0.990935
0.990933
0.992099
0.992835
0.993067
0.993479
0.99501
0.997266
0.998665
0.999396
0.999738
0.999888
0.99995
0.999975
0.999985
0.999989
0.99999
0.999991
0.999992
0.999993
0.999995
0.999997
0.999998
0.999998
0.999998
0.999994
0.999975
0.999878
0.999564
0.999336
0.999271
0.999273
0.999317
0.999346
0.99934
0.999275
0.999224
0.999224
0.999254
0.999367
0.999468
0.999514
0.99954
0.999576
0.999625
0.999665
0.99968
0.99968
0.999676
0.999664
0.891821
0.883064
0.867522
0.860111
0.857925
0.858221
0.862099
0.872905
0.895581
0.92658
0.948741
0.96319
0.972759
0.978863
0.98239
0.984392
0.985312
0.98577
0.985822
0.985755
0.985611
0.985301
0.985107
0.984763
0.984374
0.98394
0.983246
0.982343
0.980865
0.977763
0.970645
0.961452
0.960705
0.962379
0.968723
0.98567
0.994935
0.998298
0.999461
0.999838
0.999953
0.999987
0.999996
0.999999
1
1
1
1
1
1
1
1
1
1
0.999993
0.999878
0.998853
0.992955
0.968641
0.884075
0.814509
0.791726
0.787182
0.791748
0.812066
0.863634
0.886305
0.893903
0.895578
0.89886
0.90835
0.934013
0.969879
0.985467
0.991529
0.993323
0.993217
0.992302
0.98815
0.975377
0.9438
0.876979
0.782772
0.715099
0.679437
0.645208
0.625975
0.625148
0.631764
0.654135
0.692203
0.777716
0.868221
0.916328
0.931086
0.931285
0.927106
0.915771
0.893638
0.872151
0.855666
0.842692
0.832984
0.824328
0.813538
0.801439
0.792217
0.787998
0.787498
0.788088
0.790287
0.796768
0.815736
0.832094
0.839666
0.8411
0.839538
0.836949
0.837052
0.841411
0.866141
0.916797
0.951903
0.972231
0.983526
0.98945
0.992452
0.994019
0.99464
0.994652
0.994229
0.993762
0.993854
0.994395
0.994693
0.995042
0.996041
0.997678
0.998811
0.99944
0.999748
0.999886
0.999944
0.999967
0.999977
0.999981
0.999983
0.999984
0.999984
0.999986
0.999988
0.999992
0.999995
0.999997
0.999997
0.999995
0.999983
0.999921
0.999698
0.999511
0.999452
0.999451
0.999472
0.999486
0.99948
0.999441
0.999425
0.999428
0.999456
0.999549
0.999639
0.999696
0.999739
0.999781
0.999821
0.99985
0.999863
0.999865
0.999865
0.999864
0.904233
0.902758
0.889265
0.865884
0.861496
0.861238
0.862857
0.866762
0.875899
0.891237
0.91322
0.938902
0.955683
0.966902
0.974242
0.978891
0.981676
0.983348
0.984167
0.984647
0.984678
0.984598
0.984415
0.983959
0.983392
0.98236
0.980701
0.977922
0.973133
0.963124
0.956928
0.957181
0.959482
0.966949
0.985578
0.994737
0.998186
0.999413
0.99982
0.999947
0.999985
0.999996
0.999999
1
1
1
1
1
1
1
1
1
1
1
0.999999
0.999983
0.999797
0.998475
0.991802
0.96616
0.88062
0.813833
0.791272
0.786487
0.790159
0.807998
0.856426
0.88113
0.889985
0.892399
0.89617
0.905799
0.929515
0.966178
0.982997
0.990096
0.992347
0.992197
0.991162
0.987281
0.976544
0.952646
0.900225
0.851661
0.793523
0.742196
0.734217
0.740166
0.758236
0.788426
0.844454
0.899993
0.930335
0.936905
0.935048
0.926404
0.905358
0.886665
0.871528
0.857361
0.842603
0.829463
0.819748
0.810964
0.797536
0.781225
0.771256
0.769587
0.770061
0.772211
0.77718
0.78907
0.810921
0.828589
0.837686
0.839876
0.838957
0.836936
0.837343
0.843403
0.874821
0.924907
0.957467
0.976075
0.98598
0.990964
0.993319
0.994494
0.995125
0.995353
0.995349
0.995256
0.995262
0.995489
0.995733
0.996052
0.996905
0.998126
0.999005
0.999514
0.99977
0.999887
0.999936
0.999956
0.999965
0.999969
0.999969
0.999969
0.999969
0.99997
0.999974
0.999982
0.999989
0.999993
0.999995
0.999994
0.999986
0.999946
0.999787
0.999636
0.999585
0.999581
0.999589
0.999595
0.999589
0.999568
0.999566
0.999571
0.999598
0.999679
0.999755
0.999811
0.999854
0.999888
0.999916
0.999933
0.999942
0.999944
0.999945
0.999947
0.909117
0.917643
0.95878
0.908619
0.881896
0.870099
0.867636
0.868695
0.871479
0.87685
0.88584
0.895475
0.915048
0.93276
0.951533
0.963389
0.970836
0.975445
0.978277
0.979872
0.980819
0.980848
0.980593
0.979846
0.978143
0.975612
0.97031
0.962417
0.954496
0.952855
0.953704
0.957374
0.967803
0.986463
0.99485
0.998169
0.999389
0.999807
0.999942
0.999983
0.999995
0.999999
1
1
1
1
1
1
1
1
1
1
1
1
1
0.999998
0.999965
0.999685
0.997996
0.990277
0.962339
0.874082
0.811569
0.790385
0.785869
0.789181
0.805523
0.851722
0.877489
0.886816
0.890146
0.893814
0.902679
0.922806
0.95671
0.978081
0.987342
0.990473
0.990633
0.989622
0.986573
0.979052
0.961072
0.934291
0.906373
0.874163
0.868421
0.872188
0.882906
0.906992
0.933031
0.943283
0.943314
0.938736
0.920281
0.896565
0.88441
0.874094
0.861151
0.843809
0.824108
0.806772
0.79544
0.788645
0.781108
0.767895
0.753255
0.746671
0.747208
0.751177
0.759999
0.780524
0.805074
0.824495
0.834941
0.837899
0.837508
0.836454
0.837403
0.846459
0.886594
0.933926
0.963058
0.979286
0.987803
0.992033
0.9939
0.994743
0.995226
0.995501
0.995617
0.995719
0.995966
0.996192
0.996371
0.996711
0.997579
0.998532
0.999207
0.999601
0.999798
0.999887
0.999924
0.999938
0.999944
0.999946
0.999943
0.999936
0.999935
0.999937
0.999943
0.999959
0.999975
0.999986
0.99999
0.999991
0.999986
0.99996
0.999848
0.999727
0.99968
0.999672
0.999674
0.999674
0.999669
0.999665
0.999666
0.999673
0.999702
0.999773
0.999836
0.999884
0.999918
0.999943
0.99996
0.999971
0.999975
0.999977
0.999978
0.999981
0.993858
0.981595
0.980998
0.983346
0.985914
0.985294
0.977531
0.956284
0.919453
0.896063
0.891094
0.892767
0.896857
0.905263
0.912921
0.924294
0.937104
0.947293
0.956025
0.96146
0.965367
0.966534
0.965792
0.963475
0.95918
0.952445
0.948164
0.948256
0.94908
0.951618
0.957716
0.972778
0.988348
0.995391
0.998292
0.999404
0.999804
0.999938
0.999981
0.999995
0.999998
1
1
1
1
1
1
1
1
1
1
1
1
1
1
1
0.999994
0.999939
0.999549
0.997467
0.988645
0.958503
0.868649
0.809905
0.789781
0.785438
0.788351
0.803212
0.846558
0.873787
0.883932
0.888367
0.891483
0.898472
0.913548
0.9407
0.967311
0.980645
0.986198
0.987762
0.986715
0.984328
0.979255
0.969553
0.958591
0.946167
0.941825
0.942788
0.946559
0.951378
0.951242
0.947785
0.935853
0.907676
0.891161
0.881537
0.875327
0.862159
0.839857
0.815463
0.798879
0.790327
0.785666
0.782694
0.777869
0.766756
0.750906
0.737089
0.731898
0.732366
0.740713
0.767727
0.796814
0.818881
0.830952
0.834769
0.834901
0.834928
0.836885
0.850849
0.899505
0.944468
0.970961
0.984578
0.990958
0.993569
0.994478
0.99488
0.995248
0.995484
0.995625
0.995907
0.996235
0.996441
0.996673
0.997228
0.998095
0.998854
0.999375
0.999673
0.999818
0.999878
0.999898
0.999903
0.999904
0.999897
0.999865
0.999845
0.999845
0.99985
0.999868
0.999904
0.99994
0.999967
0.999981
0.999984
0.999982
0.999966
0.999892
0.999795
0.999751
0.999739
0.999738
0.999738
0.999738
0.999738
0.999741
0.999751
0.999789
0.999849
0.999897
0.999932
0.999956
0.999972
0.999982
0.999988
0.99999
0.999991
0.999992
0.999994
0.999863
0.999386
0.998974
0.998934
0.999036
0.998958
0.998478
0.996775
0.992428
0.982737
0.962977
0.946482
0.925887
0.91622
0.915879
0.917183
0.920184
0.92379
0.928228
0.931143
0.934211
0.935625
0.935995
0.936571
0.937563
0.939518
0.94375
0.947973
0.955272
0.967267
0.983115
0.992101
0.996616
0.998657
0.999502
0.999827
0.999943
0.999982
0.999995
0.999998
1
1
1
1
1
1
1
1
1
1
1
1
1
1
1
1
0.999999
0.99999
0.99991
0.99942
0.99704
0.987572
0.957065
0.868664
0.810575
0.790017
0.785252
0.787442
0.799992
0.838163
0.868359
0.880498
0.886351
0.888992
0.8937
0.903923
0.919792
0.942009
0.961859
0.974211
0.979207
0.98
0.97833
0.974401
0.968526
0.963485
0.958991
0.956346
0.95446
0.9498
0.936307
0.912052
0.896677
0.88657
0.880116
0.873374
0.859336
0.829999
0.805664
0.79461
0.791263
0.788446
0.786596
0.784908
0.781137
0.770157
0.752173
0.73585
0.726247
0.724502
0.727348
0.749661
0.785495
0.811105
0.824997
0.829765
0.83069
0.8314
0.835808
0.859283
0.915795
0.955728
0.977985
0.988647
0.992842
0.99426
0.994668
0.994858
0.99509
0.995307
0.995549
0.995931
0.996255
0.996471
0.996856
0.997571
0.998373
0.999035
0.999473
0.99971
0.999811
0.999841
0.999844
0.999833
0.999805
0.999744
0.999618
0.99958
0.999586
0.99961
0.999674
0.999768
0.999854
0.999918
0.999956
0.999971
0.999972
0.999963
0.999915
0.999836
0.999796
0.999782
0.999779
0.999779
0.999781
0.999786
0.999798
0.999824
0.999864
0.999905
0.999938
0.999962
0.999977
0.999987
0.999992
0.999995
0.999996
0.999997
0.999997
0.999998
0.999998
0.999988
0.999963
0.999957
0.999956
0.999947
0.999914
0.999797
0.999439
0.9985
0.996316
0.991684
0.987044
0.977658
0.965362
0.954476
0.945144
0.939283
0.936687
0.936561
0.936914
0.937879
0.939981
0.944684
0.949612
0.959416
0.967587
0.978043
0.986629
0.992471
0.996125
0.998182
0.999217
0.999688
0.999884
0.999959
0.999987
0.999996
0.999999
1
1
1
1
1
1
1
1
1
1
1
1
1
1
1
1
1
1
0.999998
0.999984
0.999884
0.999331
0.996831
0.987482
0.958709
0.875003
0.814077
0.791316
0.785368
0.786523
0.796071
0.8258
0.860363
0.875804
0.882763
0.886465
0.889441
0.894511
0.903187
0.914031
0.927302
0.939934
0.949536
0.955336
0.956687
0.954806
0.950891
0.944805
0.937615
0.923221
0.907247
0.896371
0.889218
0.883041
0.878971
0.870631
0.852737
0.81764
0.799835
0.794706
0.792178
0.794845
0.800983
0.804927
0.806005
0.801432
0.784829
0.75842
0.737385
0.724925
0.720871
0.721694
0.734446
0.772355
0.801319
0.816849
0.822562
0.823983
0.825888
0.835045
0.876077
0.93351
0.967627
0.984392
0.991429
0.993839
0.994504
0.994605
0.994571
0.994618
0.994787
0.99521
0.995807
0.996189
0.996469
0.996986
0.99775
0.998534
0.999152
0.999537
0.999715
0.999765
0.999765
0.999736
0.99963
0.999483
0.999125
0.998848
0.998832
0.998876
0.998999
0.999215
0.999453
0.999659
0.999808
0.999899
0.999942
0.999952
0.999949
0.999917
0.999851
0.999814
0.999802
0.9998
0.999802
0.999811
0.999827
0.999849
0.999878
0.999911
0.999941
0.999964
0.999979
0.999988
0.999994
0.999996
0.999998
0.999998
0.999999
0.999999
0.999999
1
1
0.999999
0.999999
0.999999
0.999998
0.999996
0.99999
0.999968
0.9999
0.999718
0.999234
0.998547
0.997066
0.995306
0.991812
0.988809
0.984957
0.981081
0.977699
0.977626
0.978487
0.980811
0.984419
0.988154
0.991522
0.994218
0.996257
0.997724
0.998719
0.999339
0.999687
0.999864
0.999945
0.999979
0.999993
0.999998
0.999999
1
1
1
1
1
1
1
1
1
1
1
1
1
1
1
1
1
1
1
1
0.999998
0.99998
0.999868
0.999301
0.996898
0.988419
0.962919
0.888293
0.821393
0.794159
0.786034
0.786013
0.791874
0.809866
0.84852
0.868352
0.877659
0.88295
0.885611
0.8883
0.891587
0.89544
0.89988
0.904415
0.907663
0.908936
0.908528
0.906519
0.902198
0.896032
0.890982
0.887295
0.883817
0.881285
0.876736
0.866084
0.839541
0.808989
0.797989
0.793896
0.795599
0.804668
0.827344
0.844716
0.854879
0.843748
0.820651
0.792935
0.764912
0.74093
0.725428
0.719268
0.719
0.725681
0.758113
0.789524
0.806497
0.812615
0.814826
0.819545
0.838838
0.897902
0.948937
0.976611
0.98881
0.993137
0.994282
0.99444
0.994241
0.993645
0.993663
0.993902
0.994559
0.99549
0.996032
0.99643
0.997051
0.997868
0.998664
0.999256
0.999573
0.99967
0.999669
0.999602
0.999382
0.998732
0.997997
0.996964
0.996485
0.996536
0.996753
0.997214
0.998005
0.998682
0.999199
0.999554
0.999768
0.999877
0.999914
0.999918
0.999903
0.999851
0.999817
0.999808
0.999808
0.999815
0.999837
0.999861
0.999888
0.999916
0.999942
0.999964
0.999979
0.999988
0.999994
0.999997
0.999998
0.999999
0.999999
1
1
1
1
1
1
1
1
1
1
1
0.999999
0.999995
0.999984
0.999952
0.999889
0.999745
0.999532
0.999215
0.998563
0.998041
0.997369
0.99688
0.99691
0.997093
0.997502
0.998008
0.998517
0.998956
0.999299
0.99955
0.999727
0.999846
0.999919
0.999961
0.999983
0.999993
0.999997
0.999999
1
1
1
1
1
1
1
1
1
1
1
1
1
1
1
1
1
1
1
1
1
1
1
0.999997
0.999978
0.999866
0.999338
0.99723
0.99015
0.96895
0.90872
0.834236
0.799607
0.787949
0.785836
0.788399
0.798437
0.823918
0.853938
0.868936
0.876317
0.880663
0.883403
0.884954
0.885703
0.886737
0.88764
0.88762
0.887238
0.886484
0.885407
0.884113
0.882985
0.881563
0.878666
0.871635
0.855761
0.818801
0.800248
0.794432
0.795237
0.802219
0.820812
0.862618
0.902466
0.906863
0.887009
0.851826
0.821181
0.792351
0.765109
0.741948
0.726148
0.718749
0.717572
0.720837
0.744106
0.775837
0.793583
0.799404
0.803496
0.815263
0.85533
0.919981
0.961481
0.98242
0.991177
0.994002
0.994399
0.994216
0.993117
0.991832
0.991856
0.99226
0.993369
0.994839
0.995724
0.996338
0.997089
0.997982
0.998808
0.99935
0.999551
0.99956
0.999457
0.999005
0.997775
0.995799
0.993817
0.992855
0.992851
0.992953
0.993268
0.993783
0.994808
0.996874
0.998186
0.999013
0.999492
0.99974
0.999844
0.999865
0.999863
0.99984
0.999814
0.999808
0.999811
0.99983
0.999861
0.99989
0.999917
0.999942
0.999963
0.999978
0.999987
0.999993
0.999997
0.999998
0.999999
0.999999
1
1
1
1
1
1
1
1
1
1
1
1
1
1
0.999999
0.999998
0.999994
0.999986
0.999969
0.999947
0.999891
0.999851
0.999773
0.99976
0.999764
0.999786
0.999819
0.999856
0.999892
0.999923
0.999948
0.999966
0.999979
0.999988
0.999993
0.999997
0.999999
0.999999
1
1
1
1
1
1
1
1
1
1
1
1
1
1
1
1
1
1
1
1
1
1
1
1
1
1
0.999997
0.999978
0.999878
0.999433
0.997754
0.9923
0.97605
0.934921
0.854617
0.809932
0.792165
0.786168
0.786282
0.790407
0.801613
0.825875
0.850667
0.863808
0.871257
0.875434
0.877447
0.879002
0.879899
0.880013
0.880107
0.879899
0.879403
0.878366
0.876066
0.870653
0.85824
0.828241
0.801021
0.792128
0.792404
0.797573
0.81366
0.850897
0.90965
0.946109
0.949061
0.931378
0.886539
0.845369
0.811317
0.783764
0.760461
0.740589
0.726193
0.718679
0.716884
0.718082
0.730184
0.759936
0.777621
0.785672
0.796216
0.819195
0.882248
0.939731
0.972604
0.987746
0.993352
0.994505
0.994376
0.993397
0.990447
0.989029
0.989159
0.989866
0.991684
0.993869
0.995238
0.996169
0.997107
0.998122
0.998972
0.999387
0.999438
0.999322
0.998742
0.996382
0.993864
0.990355
0.988016
0.987985
0.988488
0.989891
0.990577
0.990951
0.991606
0.993045
0.995736
0.997756
0.998903
0.99946
0.999707
0.999797
0.999814
0.99981
0.9998
0.999801
0.999812
0.999846
0.999881
0.999912
0.999939
0.99996
0.999976
0.999986
0.999992
0.999996
0.999998
0.999999
0.999999
1
1
1
1
1
1
1
1
1
1
1
1
1
1
1
1
1
1
0.999999
0.999999
0.999998
0.999996
0.999992
0.99999
0.999989
0.99999
0.999991
0.999993
0.999994
0.999995
0.999997
0.999998
0.999998
0.999999
0.999999
1
1
1
1
1
1
1
1
1
1
1
1
1
1
1
1
1
1
1
1
1
1
1
1
1
1
1
1
1
1
1
0.999997
0.999981
0.9999
0.999563
0.998355
0.994506
0.983489
0.957915
0.892533
0.830914
0.800924
0.789831
0.785648
0.786056
0.789634
0.797613
0.814964
0.831721
0.846665
0.856312
0.861792
0.864792
0.866723
0.866703
0.866071
0.863936
0.858405
0.846931
0.820845
0.795262
0.784879
0.785118
0.790163
0.805749
0.84155
0.898465
0.949071
0.971144
0.974355
0.964851
0.928814
0.868279
0.822455
0.791278
0.76985
0.753072
0.738441
0.726245
0.719047
0.716817
0.717228
0.723073
0.747372
0.767991
0.779644
0.794876
0.836693
0.906284
0.95525
0.981053
0.991617
0.994517
0.994663
0.993867
0.990789
0.987272
0.986376
0.986578
0.987419
0.989752
0.992722
0.994675
0.995968
0.997162
0.998335
0.999116
0.999308
0.999194
0.998532
0.996414
0.990698
0.987353
0.982173
0.979724
0.980064
0.981491
0.985093
0.988101
0.989111
0.989487
0.990312
0.992626
0.995606
0.997635
0.998797
0.999382
0.99964
0.999727
0.999752
0.999764
0.999782
0.999815
0.999856
0.999895
0.999928
0.999953
0.999972
0.999983
0.999991
0.999995
0.999997
0.999999
0.999999
0.999999
1
1
1
1
1
1
1
1
1
1
1
1
1
1
1
1
1
1
1
1
1
1
1
1
1
1
1
1
1
1
1
1
1
1
1
1
1
1
1
1
1
1
1
1
1
1
1
1
1
1
1
1
1
1
1
1
1
1
1
1
1
1
1
1
1
1
1
0.999997
0.999985
0.999928
0.999701
0.998919
0.99649
0.989989
0.973536
0.937916
0.868941
0.822804
0.798756
0.789819
0.785104
0.784421
0.785621
0.788726
0.794598
0.802409
0.80883
0.815715
0.817439
0.816508
0.81329
0.805563
0.792578
0.77983
0.774591
0.774915
0.779937
0.796232
0.837941
0.897382
0.946371
0.972588
0.98508
0.987976
0.98429
0.966224
0.904321
0.848296
0.81108
0.785458
0.766788
0.751936
0.739562
0.729287
0.72182
0.718428
0.718259
0.722559
0.744595
0.764535
0.777372
0.801054
0.863486
0.928722
0.96874
0.987332
0.993764
0.995036
0.994696
0.992168
0.987602
0.985458
0.985034
0.985205
0.98592
0.988172
0.991736
0.994112
0.995835
0.997317
0.998593
0.999134
0.999094
0.99834
0.996033
0.990288
0.982817
0.978072
0.971281
0.968344
0.96888
0.970986
0.976217
0.982953
0.986582
0.987882
0.988568
0.99006
0.993354
0.996162
0.997958
0.998935
0.999388
0.999571
0.999649
0.999699
0.999751
0.999806
0.999858
0.999904
0.999939
0.999963
0.999979
0.999988
0.999993
0.999996
0.999998
0.999999
0.999999
0.999999
1
1
1
1
1
1
1
1
1
1
1
1
1
1
1
1
1
1
1
1
1
1
1
1
1
1
1
1
1
1
1
1
1
1
1
1
1
1
1
1
1
1
1
1
1
1
1
1
1
1
1
1
1
1
1
1
1
1
1
1
1
1
1
1
1
1
1
1
0.999998
0.99999
0.999954
0.99982
0.999371
0.998039
0.994458
0.985586
0.967107
0.929703
0.869121
0.827376
0.803757
0.791607
0.786634
0.783452
0.781563
0.780272
0.779773
0.779287
0.777734
0.776036
0.772467
0.767921
0.767163
0.768417
0.774339
0.791492
0.833762
0.907055
0.95132
0.974188
0.986347
0.992584
0.994613
0.993686
0.986552
0.949924
0.887898
0.843028
0.809877
0.787353
0.771771
0.760815
0.751881
0.742144
0.732191
0.725535
0.723879
0.72674
0.745645
0.762907
0.779677
0.820961
0.894654
0.950479
0.980087
0.99174
0.995061
0.995325
0.994173
0.989557
0.986064
0.984627
0.984393
0.98455
0.985206
0.987305
0.991054
0.993919
0.9959
0.997675
0.998826
0.998999
0.99838
0.995377
0.989815
0.982285
0.973689
0.967199
0.960089
0.957365
0.957958
0.960243
0.965345
0.975241
0.982485
0.985287
0.986265
0.98794
0.991231
0.994493
0.996887
0.998307
0.999024
0.999355
0.999518
0.999622
0.99971
0.99979
0.999857
0.999909
0.999945
0.999968
0.999982
0.99999
0.999995
0.999997
0.999998
0.999999
0.999999
0.999999
0.999999
1
1
1
1
1
1
1
1
1
1
1
1
1
1
1
1
1
1
1
1
1
1
1
1
1
1
1
1
1
1
1
1
1
1
1
1
1
1
1
1
1
1
1
1
1
1
1
1
1
1
1
1
1
1
1
1
1
1
1
1
1
1
1
1
1
1
1
1
0.999999
0.999994
0.999975
0.999906
0.999683
0.999036
0.99731
0.993285
0.983648
0.967455
0.933135
0.89409
0.852029
0.823388
0.806569
0.795887
0.788778
0.784747
0.781619
0.778002
0.77685
0.777699
0.781066
0.789731
0.809415
0.854456
0.917849
0.957401
0.978413
0.988694
0.993859
0.996577
0.997675
0.997545
0.99528
0.983313
0.937013
0.88367
0.844043
0.820627
0.80836
0.803262
0.797933
0.790653
0.778897
0.761868
0.746589
0.739688
0.740287
0.751027
0.765215
0.791207
0.856598
0.925237
0.967856
0.987142
0.993998
0.995666
0.995498
0.992954
0.987989
0.985284
0.984259
0.984108
0.984251
0.98497
0.987448
0.991239
0.994085
0.996273
0.998201
0.998872
0.998553
0.9954
0.989346
0.982855
0.97404
0.964919
0.957841
0.951299
0.948975
0.9495
0.951594
0.956171
0.966914
0.977267
0.982819
0.984646
0.986066
0.989344
0.993156
0.996035
0.997781
0.998701
0.999156
0.999394
0.999549
0.999673
0.999774
0.999852
0.999909
0.999947
0.99997
0.999984
0.999992
0.999996
0.999997
0.999998
0.999999
0.999999
0.999999
0.999999
0.999999
0.999999
0.999999
0.999999
1
1
1
1
1
1
1
1
1
1
1
1
1
1
1
1
1
1
1
1
1
1
1
1
1
1
1
1
1
1
1
1
1
1
1
1
1
1
1
1
1
1
1
1
1
1
1
1
1
1
1
1
1
1
1
1
1
1
1
1
1
1
1
1
1
0.999999
0.999997
0.999988
0.999958
0.999861
0.999586
0.998879
0.99716
0.993567
0.98644
0.97039
0.954948
0.931373
0.904232
0.882739
0.865174
0.84877
0.842816
0.843653
0.848026
0.857682
0.877925
0.913427
0.945394
0.96909
0.983978
0.992037
0.995903
0.997718
0.998658
0.999096
0.999104
0.998525
0.995112
0.977738
0.931178
0.886855
0.866831
0.862588
0.866655
0.877395
0.879275
0.874511
0.860509
0.831098
0.79931
0.778434
0.77166
0.772662
0.783577
0.824048
0.896882
0.951269
0.97994
0.991475
0.99536
0.996129
0.995582
0.991991
0.987375
0.984986
0.984143
0.984033
0.984274
0.985207
0.988114
0.991859
0.994596
0.997182
0.998627
0.998668
0.996467
0.988441
0.983983
0.976599
0.966882
0.957805
0.950663
0.944969
0.943109
0.943536
0.945289
0.94921
0.958282
0.971371
0.979453
0.982119
0.984271
0.987999
0.99205
0.995252
0.997294
0.99842
0.99899
0.999284
0.999471
0.99962
0.999744
0.999839
0.999904
0.999945
0.99997
0.999984
0.999992
0.999996
0.999997
0.999998
0.999998
0.999998
0.999998
0.999998
0.999998
0.999998
0.999998
0.999998
1
1
1
1
1
1
1
1
1
1
1
1
1
1
1
1
1
1
1
1
1
1
1
1
1
1
1
1
1
1
1
1
1
1
1
1
1
1
1
1
1
1
1
1
1
1
1
1
1
1
1
1
1
1
1
1
1
1
1
1
1
1
1
1
1
1
1
0.999999
0.999995
0.999983
0.999945
0.99984
0.999572
0.998956
0.997633
0.994448
0.99087
0.983045
0.973796
0.967117
0.95779
0.949496
0.948146
0.949233
0.952735
0.960858
0.971624
0.981746
0.989479
0.994481
0.997281
0.998649
0.999259
0.999546
0.999682
0.999696
0.999575
0.998728
0.99414
0.973195
0.934954
0.917641
0.921831
0.933271
0.950166
0.961306
0.965567
0.963946
0.957578
0.940829
0.901596
0.857037
0.830489
0.824147
0.829866
0.87022
0.933044
0.971043
0.98774
0.993924
0.996151
0.996475
0.995621
0.991622
0.987216
0.984958
0.984199
0.984161
0.984597
0.986037
0.989661
0.992859
0.995841
0.998175
0.998678
0.997496
0.989723
0.98374
0.980026
0.971763
0.961474
0.952788
0.945884
0.941139
0.93978
0.94011
0.941523
0.944913
0.953481
0.967146
0.976131
0.980132
0.982775
0.986658
0.991142
0.99476
0.997052
0.998282
0.998858
0.999145
0.999352
0.999538
0.999698
0.999816
0.999895
0.999943
0.99997
0.999985
0.999993
0.999996
0.999997
0.999997
0.999997
0.999996
0.999996
0.999996
0.999996
0.999997
0.999996
0.999996
1
1
1
1
1
1
1
1
1
1
1
1
1
1
1
1
1
1
1
1
1
1
1
1
1
1
1
1
1
1
1
1
1
1
1
1
1
1
1
1
1
1
1
1
1
1
1
1
1
1
1
1
1
1
1
1
1
1
1
1
1
1
1
1
1
1
1
1
1
0.999998
0.999994
0.999981
0.999947
0.999863
0.999666
0.999227
0.998608
0.996915
0.995222
0.993955
0.991227
0.989432
0.989402
0.989915
0.991284
0.993429
0.995565
0.997297
0.998495
0.999219
0.999602
0.999783
0.999865
0.999902
0.999907
0.999883
0.99971
0.998676
0.992602
0.970247
0.962764
0.965349
0.971265
0.978411
0.983946
0.98765
0.989265
0.988949
0.987387
0.983276
0.974271
0.94928
0.912438
0.897414
0.899177
0.923212
0.961931
0.983078
0.991646
0.99508
0.996575
0.996763
0.995754
0.991819
0.988031
0.985835
0.984894
0.984874
0.985762
0.988254
0.991419
0.994759
0.997596
0.998621
0.998143
0.991827
0.984413
0.981623
0.9777
0.968199
0.958096
0.949975
0.943225
0.939173
0.938045
0.938265
0.939341
0.942066
0.948694
0.963303
0.974042
0.978213
0.981172
0.98598
0.991007
0.99477
0.997051
0.998169
0.998641
0.998928
0.999204
0.999462
0.999667
0.999807
0.999894
0.999944
0.999972
0.999986
0.999993
0.999995
0.999996
0.999996
0.999995
0.999993
0.999993
0.999992
0.999993
0.999993
0.999993
0.999992
1
1
1
1
1
1
1
1
1
1
1
1
1
1
1
1
1
1
1
1
1
1
1
1
1
1
1
1
1
1
1
1
1
1
1
1
1
1
1
1
1
1
1
1
1
1
1
1
1
1
1
1
1
1
1
1
1
1
1
1
1
1
1
1
1
1
1
1
1
1
1
0.999998
0.999995
0.999987
0.999966
0.999922
0.999848
0.999621
0.999433
0.999267
0.998877
0.998758
0.9988
0.998915
0.999148
0.999398
0.999611
0.999767
0.999868
0.999927
0.999958
0.999973
0.999978
0.999979
0.999973
0.999941
0.999762
0.998551
0.989816
0.986329
0.986136
0.986745
0.98909
0.992079
0.994016
0.995116
0.995469
0.995323
0.994835
0.993712
0.991109
0.984585
0.966799
0.955975
0.9555
0.961236
0.978159
0.989253
0.993622
0.995757
0.9969
0.997085
0.996519
0.993948
0.990409
0.987985
0.98697
0.987087
0.988753
0.991438
0.994612
0.997281
0.998532
0.998418
0.994105
0.985135
0.982493
0.980717
0.976408
0.966423
0.956474
0.948611
0.941891
0.938203
0.937226
0.937367
0.93828
0.94086
0.947974
0.962339
0.97196
0.976184
0.980561
0.986034
0.9912
0.994995
0.997065
0.997901
0.998319
0.998716
0.99911
0.999435
0.999664
0.999811
0.999899
0.999949
0.999975
0.999987
0.999992
0.999994
0.999994
0.999993
0.99999
0.999987
0.999986
0.999985
0.999985
0.999986
0.999985
0.999984
1
1
1
1
1
1
1
1
1
1
1
1
1
1
1
1
1
1
1
1
1
1
1
1
1
1
1
1
1
1
1
1
1
1
1
1
1
1
1
1
1
1
1
1
1
1
1
1
1
1
1
1
1
1
1
1
1
1
1
1
1
1
1
1
1
1
1
1
1
1
1
1
1
0.999999
0.999998
0.999994
0.999988
0.999969
0.999958
0.999939
0.999921
0.999922
0.999929
0.999942
0.999957
0.99997
0.999981
0.999988
0.999992
0.999995
0.999996
0.999997
0.999997
0.999995
0.99999
0.999962
0.999826
0.998435
0.995678
0.994464
0.994374
0.994605
0.9954
0.996282
0.996715
0.996827
0.996724
0.996443
0.996075
0.995779
0.995157
0.993426
0.986743
0.97901
0.977753
0.979193
0.986042
0.992321
0.99469
0.996274
0.997118
0.997276
0.997102
0.996068
0.994076
0.992315
0.991474
0.991947
0.993583
0.995757
0.997532
0.998386
0.99847
0.995662
0.986277
0.982933
0.982096
0.980543
0.975901
0.965889
0.956019
0.948291
0.94154
0.937912
0.93711
0.937364
0.938408
0.941183
0.949031
0.96299
0.971227
0.975778
0.980721
0.986537
0.991995
0.995453
0.996904
0.997523
0.998072
0.998627
0.999098
0.999445
0.999681
0.999829
0.999913
0.999957
0.999978
0.999987
0.99999
0.999991
0.99999
0.999988
0.999981
0.999976
0.999973
0.999972
0.999971
0.999971
0.99997
0.999966
1
1
1
1
1
1
1
1
1
1
1
1
1
1
1
1
1
1
1
1
1
1
1
1
1
1
1
1
1
1
1
1
1
1
1
1
1
1
1
1
1
1
1
1
1
1
1
1
1
1
1
1
1
1
1
1
1
1
1
1
1
1
1
1
1
1
1
1
1
1
1
1
1
1
1
1
0.999999
0.999999
0.999998
0.999997
0.999997
0.999998
0.999998
0.999998
0.999999
0.999999
0.999999
1
1
1
1
1
0.999999
0.999998
0.999995
0.99998
0.999909
0.999521
0.998443
0.997802
0.997402
0.997223
0.997194
0.997231
0.997178
0.997049
0.996763
0.996244
0.995961
0.995877
0.995713
0.995202
0.993028
0.988383
0.987092
0.987585
0.990895
0.993953
0.995356
0.996664
0.997238
0.997362
0.99738
0.997236
0.996845
0.996384
0.99609
0.996484
0.997222
0.99792
0.998219
0.998165
0.996297
0.988133
0.983448
0.982643
0.982698
0.981669
0.977031
0.968556
0.958584
0.951323
0.944224
0.939588
0.937884
0.938006
0.939315
0.942743
0.9524
0.964892
0.971489
0.976043
0.981507
0.988209
0.993354
0.995643
0.996584
0.997302
0.998013
0.99864
0.99914
0.999502
0.999734
0.999866
0.999933
0.999965
0.99998
0.999985
0.999986
0.999986
0.999984
0.999978
0.999966
0.999957
0.999951
0.999948
0.999946
0.999942
0.999939
0.999926
1
1
1
1
1
1
1
1
1
1
1
1
1
1
1
1
1
1
1
1
1
1
1
1
1
1
1
1
1
1
1
1
1
1
1
1
1
1
1
1
1
1
1
1
1
1
1
1
1
1
1
1
1
1
1
1
1
1
1
1
1
1
1
1
1
1
1
1
1
1
1
1
1
1
1
1
1
1
1
1
1
1
1
1
1
1
1
1
1
1
1
1
1
0.999999
0.999997
0.999986
0.999937
0.999681
0.999361
0.998952
0.998245
0.99775
0.997476
0.997297
0.997113
0.996666
0.995793
0.994993
0.994887
0.995071
0.99535
0.995281
0.994513
0.992083
0.991196
0.991573
0.993759
0.994817
0.99585
0.996919
0.997286
0.997389
0.997492
0.997592
0.997604
0.997651
0.997757
0.997874
0.997894
0.997902
0.99751
0.99593
0.990514
0.984892
0.983523
0.983765
0.983853
0.982933
0.979425
0.972053
0.962379
0.955179
0.949236
0.943969
0.94143
0.940686
0.94264
0.948465
0.959958
0.967428
0.972273
0.977085
0.984136
0.990955
0.994215
0.995574
0.996448
0.997285
0.99807
0.998759
0.999285
0.99962
0.999808
0.999904
0.99995
0.999969
0.999977
0.999979
0.999979
0.999977
0.999971
0.999955
0.999939
0.999926
0.999918
0.999909
0.999901
0.999883
0.999872
0.999838
1
1
1
1
1
1
1
1
1
1
1
1
1
1
1
1
1
1
1
1
1
1
1
1
1
1
1
1
1
1
1
1
1
1
1
1
1
1
1
1
1
1
1
1
1
1
1
1
1
1
1
1
1
1
1
1
1
1
1
1
1
1
1
1
1
1
1
1
1
1
1
1
1
1
1
1
1
1
1
1
1
1
1
1
1
1
1
1
1
1
1
1
1
0.999999
0.999997
0.999986
0.999944
0.99982
0.99966
0.99923
0.998322
0.997701
0.997216
0.996731
0.996331
0.995789
0.995166
0.994548
0.994396
0.994448
0.994852
0.995011
0.994595
0.993007
0.992873
0.994053
0.994749
0.995063
0.996279
0.997057
0.997258
0.997334
0.997464
0.997622
0.997668
0.997693
0.997676
0.997545
0.997286
0.996826
0.995729
0.992846
0.987144
0.98477
0.984406
0.984819
0.985119
0.984992
0.983614
0.978631
0.969727
0.961286
0.955683
0.951869
0.949978
0.949319
0.952296
0.958151
0.964434
0.969458
0.974115
0.980981
0.98886
0.992834
0.99455
0.995566
0.996481
0.997431
0.998352
0.999065
0.999506
0.99975
0.999874
0.999933
0.999957
0.999966
0.999968
0.999967
0.999964
0.999953
0.999929
0.999906
0.999887
0.999875
0.999864
0.999841
0.999816
0.999758
0.999728
0.999646
1
1
1
1
1
1
1
1
1
1
1
1
1
1
1
1
1
1
1
1
1
1
1
1
1
1
1
1
1
1
1
1
1
1
1
1
1
1
1
1
1
1
1
1
1
1
1
1
1
1
1
1
1
1
1
1
1
1
1
1
1
1
1
1
1
1
1
1
1
1
1
1
1
1
1
1
1
1
1
1
1
1
1
1
1
1
1
1
1
1
1
1
1
0.999997
0.999989
0.999968
0.999919
0.999854
0.999695
0.999006
0.997721
0.996763
0.995691
0.995075
0.995344
0.995506
0.995091
0.994518
0.994408
0.994817
0.994922
0.994819
0.99436
0.994338
0.994761
0.99468
0.994415
0.995431
0.996755
0.996872
0.996779
0.996729
0.996757
0.996892
0.997058
0.99722
0.997262
0.997254
0.997189
0.996728
0.995541
0.992206
0.987779
0.986127
0.985717
0.985717
0.985869
0.98595
0.985636
0.984123
0.980089
0.971952
0.964958
0.960788
0.95866
0.957931
0.960129
0.963911
0.968621
0.973646
0.980433
0.987818
0.991782
0.993597
0.994691
0.995689
0.996836
0.998025
0.998901
0.999423
0.999707
0.99985
0.999916
0.999943
0.999952
0.999952
0.999949
0.999936
0.999909
0.999873
0.999833
0.9998
0.99978
0.999768
0.999749
0.999696
0.999614
0.999472
0.999407
0.999226
1
1
1
1
1
1
1
1
1
1
1
1
1
1
1
1
1
1
1
1
1
1
1
1
1
1
1
1
1
1
1
1
1
1
1
1
1
1
1
1
1
1
1
1
1
1
1
1
1
1
1
1
1
1
1
1
1
1
1
1
1
1
1
1
1
1
1
1
1
1
1
1
1
1
1
1
1
1
1
1
1
1
1
1
1
1
1
1
1
1
1
0.999999
0.999995
0.999975
0.999903
0.999817
0.999791
0.999745
0.999448
0.997716
0.995986
0.994224
0.99247
0.992903
0.994587
0.995397
0.995537
0.995438
0.995162
0.995023
0.995003
0.994974
0.994967
0.995108
0.994645
0.99342
0.994381
0.996046
0.996229
0.995626
0.995053
0.9954
0.995986
0.996563
0.99695
0.997281
0.997714
0.997803
0.997783
0.997536
0.996489
0.994205
0.991796
0.9899
0.988623
0.987902
0.987498
0.987164
0.986924
0.986457
0.985083
0.982164
0.977111
0.972652
0.970019
0.969012
0.970217
0.973149
0.977204
0.982556
0.987772
0.991106
0.992791
0.993904
0.994979
0.996338
0.997806
0.9988
0.999374
0.999682
0.999833
0.999901
0.999927
0.999935
0.999934
0.999924
0.999891
0.99983
0.999754
0.999674
0.999606
0.999562
0.999537
0.999509
0.999445
0.99928
0.999055
0.998788
0.998672
0.998329
1
1
1
1
1
1
1
1
1
1
1
1
1
1
1
1
1
1
1
1
1
1
1
1
1
1
1
1
1
1
1
1
1
1
1
1
1
1
1
1
1
1
1
1
1
1
1
1
1
1
1
1
1
1
1
1
1
1
1
1
1
1
1
1
1
1
1
1
1
1
1
1
1
1
1
1
1
1
1
1
1
1
1
1
1
1
1
1
1
1
0.999999
0.999993
0.99996
0.9998
0.999444
0.999351
0.999387
0.999373
0.998722
0.995806
0.993468
0.989685
0.986354
0.987107
0.991181
0.994112
0.99535
0.995666
0.995689
0.995555
0.995453
0.995394
0.995024
0.994212
0.992649
0.992746
0.994764
0.995434
0.994281
0.993089
0.994065
0.995197
0.995984
0.996815
0.997564
0.997912
0.99823
0.998289
0.998276
0.998136
0.997652
0.9968
0.995708
0.99424
0.992477
0.990921
0.989837
0.988822
0.988147
0.987655
0.987165
0.986172
0.984417
0.982058
0.980171
0.979416
0.980094
0.982174
0.985139
0.988254
0.990655
0.992118
0.993244
0.994408
0.995991
0.997673
0.998742
0.999349
0.999668
0.999821
0.999887
0.999911
0.999916
0.999913
0.999895
0.999838
0.999721
0.999567
0.999392
0.999236
0.999126
0.999067
0.999016
0.998918
0.998654
0.998225
0.997781
0.997414
0.997257
0.996693
1
1
1
1
1
1
1
1
1
1
1
1
1
1
1
1
1
1
1
1
1
1
1
1
1
1
1
1
1
1
1
1
1
1
1
1
1
1
1
1
1
1
1
1
1
1
1
1
1
1
1
1
1
1
1
1
1
1
1
1
1
1
1
1
1
1
1
1
1
1
1
1
1
1
1
1
1
1
1
1
1
1
1
1
1
1
1
1
1
0.999999
0.999993
0.999948
0.999728
0.998814
0.998158
0.998182
0.998578
0.998732
0.997704
0.993294
0.988237
0.979894
0.972046
0.972624
0.980259
0.987788
0.992489
0.994607
0.995276
0.995401
0.995032
0.994389
0.992815
0.990946
0.990148
0.992889
0.994108
0.992798
0.990867
0.992071
0.994094
0.995347
0.996277
0.997145
0.997729
0.998038
0.998262
0.998334
0.998341
0.998292
0.998106
0.997806
0.997455
0.99699
0.996371
0.995457
0.993853
0.992052
0.99036
0.98914
0.988448
0.987937
0.987372
0.986588
0.985972
0.985679
0.986194
0.987368
0.988925
0.990406
0.991641
0.992802
0.994091
0.995927
0.997685
0.99876
0.999363
0.999672
0.999815
0.999872
0.999891
0.999893
0.999882
0.999842
0.999737
0.999548
0.999267
0.998925
0.998577
0.998307
0.998134
0.998022
0.997836
0.997413
0.996676
0.996035
0.995434
0.995097
0.994919
0.993947
1
1
1
1
1
1
1
1
1
1
1
1
1
1
1
1
1
1
1
1
1
1
1
1
1
1
1
1
1
1
1
1
1
1
1
1
1
1
1
1
1
1
1
1
1
1
1
1
1
1
1
1
1
1
1
1
1
1
1
1
1
1
1
1
1
1
1
1
1
1
1
1
1
1
1
1
1
1
1
1
1
1
1
1
1
1
1
1
0.999999
0.999994
0.999951
0.999669
0.998546
0.996075
0.995531
0.995822
0.997327
0.997932
0.995944
0.987873
0.976854
0.960459
0.943419
0.941242
0.952669
0.966667
0.97854
0.986293
0.990071
0.991406
0.990364
0.98776
0.985806
0.986291
0.990078
0.991671
0.990522
0.98823
0.989701
0.992236
0.994282
0.995413
0.996082
0.996666
0.997034
0.997515
0.997815
0.998071
0.998162
0.998175
0.998109
0.997986
0.997839
0.997609
0.997372
0.997132
0.996757
0.996049
0.994446
0.992328
0.990528
0.989427
0.988805
0.988434
0.988271
0.988301
0.988724
0.989454
0.990418
0.991527
0.992743
0.994251
0.996239
0.99787
0.998868
0.99942
0.999694
0.999812
0.999854
0.999864
0.999857
0.999815
0.999688
0.999459
0.999121
0.998644
0.997976
0.997286
0.996697
0.996335
0.995951
0.995499
0.994696
0.993863
0.992885
0.992306
0.991702
0.991477
0.99115
0.988811
1
1
1
1
1
1
1
1
1
1
1
1
1
1
1
1
1
1
1
1
1
1
1
1
1
1
1
1
1
1
1
1
1
1
1
1
1
1
1
1
1
1
1
1
1
1
1
1
1
1
1
1
1
1
1
1
1
1
1
1
1
1
1
1
1
1
1
1
1
1
1
1
1
1
1
1
1
1
1
1
1
1
1
1
1
1
1
0.999999
0.999995
0.999964
0.999736
0.998409
0.994919
0.993931
0.993885
0.994202
0.996181
0.99672
0.993547
0.983912
0.965414
0.93094
0.891512
0.883199
0.897905
0.91887
0.936542
0.95202
0.963241
0.969001
0.971182
0.972597
0.981837
0.9851
0.987317
0.986341
0.984583
0.987261
0.989811
0.992317
0.993405
0.993619
0.993825
0.994113
0.994737
0.995392
0.996114
0.996688
0.997132
0.997325
0.997424
0.997442
0.997413
0.99736
0.99729
0.997258
0.997232
0.997141
0.99697
0.99634
0.994734
0.992754
0.991278
0.990562
0.990234
0.990139
0.990519
0.991203
0.992213
0.99355
0.995193
0.996949
0.998253
0.999076
0.999519
0.999721
0.999797
0.999819
0.999813
0.999759
0.99958
0.999212
0.998632
0.997855
0.996806
0.995655
0.99439
0.993335
0.992285
0.991434
0.990287
0.989338
0.988071
0.987323
0.986289
0.985879
0.984886
0.984272
0.98282
0.974012
1
1
1
1
1
1
1
1
1
1
1
1
1
1
1
1
1
1
1
1
1
1
1
1
1
1
1
1
1
1
1
1
1
1
1
1
1
1
1
1
1
1
1
1
1
1
1
1
1
1
1
1
1
1
1
1
1
1
1
1
1
1
1
1
1
1
1
1
1
1
1
1
1
1
1
1
1
1
1
1
1
1
1
1
1
0.999999
0.999998
0.999994
0.999968
0.999826
0.998846
0.99418
0.99342
0.993557
0.993694
0.994436
0.996414
0.996127
0.992045
0.98315
0.963893
0.921929
0.854294
0.817389
0.822153
0.850455
0.877952
0.904043
0.924856
0.937926
0.955685
0.97067
0.976845
0.979135
0.979371
0.980174
0.983992
0.987325
0.98899
0.98942
0.988223
0.987091
0.986689
0.987018
0.988413
0.990051
0.991472
0.992642
0.993506
0.993924
0.994187
0.994297
0.994338
0.994475
0.994728
0.995267
0.996023
0.996762
0.997219
0.997399
0.997362
0.996874
0.995808
0.994592
0.993922
0.99367
0.993899
0.994576
0.99561
0.996784
0.997919
0.998796
0.999331
0.999589
0.999696
0.99973
0.999714
0.999608
0.999267
0.998661
0.997444
0.995998
0.993876
0.991825
0.989372
0.987462
0.98513
0.983616
0.98143
0.980143
0.977866
0.976751
0.974544
0.973491
0.9709
0.96935
0.965318
0.961396
0.954658
0.923259
1
1
1
1
1
1
1
1
1
1
1
1
1
1
1
1
1
1
1
1
1
1
1
1
1
1
1
1
1
1
1
1
1
1
1
1
1
1
1
1
1
1
1
1
1
1
1
1
1
1
1
1
1
1
1
1
1
1
1
1
1
1
1
1
1
1
1
1
1
1
1
1
1
1
1
1
1
1
1
0.999999
0.999999
0.999999
0.999998
0.999998
0.999997
0.999995
0.999988
0.999961
0.999829
0.999257
0.995183
0.991542
0.993188
0.994584
0.994557
0.995462
0.996459
0.995577
0.992084
0.986265
0.969967
0.92528
0.850719
0.801172
0.794489
0.809852
0.858089
0.89391
0.923934
0.941647
0.953803
0.962917
0.967218
0.971837
0.974564
0.980095
0.982909
0.984161
0.982368
0.977572
0.972129
0.968957
0.968307
0.970536
0.974165
0.97757
0.980216
0.98221
0.983329
0.983842
0.984004
0.983864
0.983671
0.983814
0.984449
0.985976
0.988402
0.991344
0.994253
0.996349
0.997447
0.997872
0.997976
0.99785
0.997564
0.997422
0.997513
0.997861
0.998345
0.998801
0.999162
0.999382
0.999478
0.99951
0.999368
0.999045
0.998128
0.996988
0.994153
0.991412
0.986363
0.982506
0.976653
0.973361
0.968051
0.965369
0.960192
0.957681
0.952227
0.949562
0.943576
0.94049
0.933294
0.929068
0.918683
0.912087
0.896871
0.882705
0.863016
0.784988
1
1
1
1
1
1
1
1
1
1
1
1
1
1
1
1
1
1
1
1
1
1
1
1
1
1
1
1
1
1
1
1
1
1
1
1
1
1
1
1
1
1
1
1
1
1
1
1
1
1
1
1
1
1
1
1
1
1
1
1
1
1
1
1
1
1
1
1
1
1
1
1
1
0.999999
0.999997
0.999996
0.999995
0.999994
0.999993
0.999991
0.99999
0.999986
0.999981
0.99998
0.999974
0.99996
0.999914
0.999746
0.999158
0.996599
0.989644
0.989614
0.994394
0.995841
0.995845
0.996391
0.996412
0.995064
0.993061
0.990943
0.982615
0.944861
0.86778
0.802893
0.789983
0.793866
0.82314
0.891022
0.931365
0.946222
0.952474
0.957816
0.963385
0.968939
0.973434
0.975894
0.975666
0.969085
0.957873
0.943137
0.93217
0.928957
0.929744
0.935853
0.942907
0.949014
0.953564
0.956259
0.957607
0.958085
0.957353
0.955921
0.954655
0.954053
0.954858
0.957675
0.962786
0.969843
0.977983
0.985594
0.991671
0.995373
0.997273
0.998101
0.998371
0.998404
0.998475
0.99858
0.998694
0.998778
0.998763
0.998535
0.997731
0.996648
0.993832
0.990722
0.983432
0.976811
0.964635
0.955716
0.941744
0.93323
0.919897
0.912772
0.89959
0.892921
0.879358
0.872542
0.857981
0.850495
0.834331
0.82553
0.806108
0.79484
0.769641
0.754818
0.723432
0.695688
0.659428
0.539975
1
1
1
1
1
1
1
1
1
1
1
1
1
1
1
1
1
1
1
1
1
1
1
1
1
1
1
1
1
1
1
1
1
1
1
1
1
1
1
1
1
1
1
1
1
1
1
1
1
1
1
1
1
1
1
1
1
1
1
1
1
1
1
1
1
1
1
1
1
1
1
0.999999
0.999994
0.999975
0.999946
0.999933
0.999924
0.999919
0.999907
0.999895
0.999884
0.999854
0.999839
0.999836
0.999821
0.999726
0.999314
0.998375
0.995477
0.989286
0.985576
0.988605
0.994957
0.996377
0.996542
0.996565
0.996241
0.994762
0.993861
0.992543
0.988596
0.969984
0.912974
0.838493
0.79951
0.791082
0.797087
0.824688
0.896015
0.935502
0.947871
0.952722
0.956673
0.959525
0.960272
0.9553
0.942834
0.920797
0.893291
0.869396
0.859264
0.85664
0.859327
0.867811
0.877439
0.886356
0.893225
0.897197
0.898869
0.898815
0.896127
0.892007
0.888052
0.885887
0.885746
0.889194
0.896551
0.90818
0.923628
0.940975
0.958029
0.972205
0.982589
0.988733
0.991778
0.992997
0.993458
0.993377
0.992603
0.990959
0.987868
0.983366
0.97497
0.964818
0.947467
0.928617
0.902101
0.878065
0.849275
0.826891
0.80026
0.781542
0.756818
0.741618
0.718912
0.706328
0.68403
0.671841
0.648087
0.635163
0.609478
0.595609
0.567248
0.551307
0.517908
0.498238
0.457862
0.424853
0.382552
0.269846
1
1
1
1
1
1
1
1
1
1
1
1
1
1
1
1
1
1
1
1
1
1
1
1
1
1
1
1
1
1
1
1
1
1
1
1
1
1
1
1
1
1
1
1
1
1
1
1
1
1
1
1
1
1
1
1
1
1
1
1
1
1
1
1
1
1
1
1
1
1
0.999999
0.999981
0.999868
0.999581
0.999416
0.999361
0.999353
0.999331
0.999288
0.999244
0.999153
0.999094
0.999109
0.999183
0.999102
0.997917
0.990567
0.983266
0.980499
0.979199
0.980199
0.988319
0.994627
0.996135
0.99648
0.996395
0.995731
0.99431
0.993156
0.992152
0.989838
0.980357
0.94966
0.910453
0.864729
0.825681
0.797747
0.790348
0.802715
0.859458
0.905377
0.916828
0.919152
0.915793
0.900709
0.87934
0.853274
0.823233
0.799358
0.779537
0.769487
0.765382
0.764492
0.767932
0.773769
0.778772
0.783094
0.78564
0.786738
0.786286
0.783513
0.779254
0.775217
0.771985
0.770097
0.769781
0.772775
0.780337
0.793719
0.812861
0.836765
0.862733
0.887987
0.909491
0.923188
0.930288
0.93259
0.929913
0.922735
0.910091
0.890498
0.864491
0.828145
0.787642
0.74248
0.700495
0.660286
0.627078
0.596422
0.572036
0.548245
0.529481
0.508552
0.492114
0.471643
0.456515
0.435697
0.421096
0.399326
0.384986
0.361852
0.347386
0.321904
0.30647
0.277435
0.259454
0.22689
0.203049
0.173937
0.109716
1
1
1
1
1
1
1
1
1
1
1
1
1
1
1
1
1
1
1
1
1
1
1
1
1
1
1
1
1
1
1
1
1
1
1
1
1
1
1
1
1
1
1
1
1
1
1
1
1
1
1
1
1
1
1
1
1
1
1
1
1
1
1
1
1
1
1
1
1
1
0.99999
0.999774
0.998617
0.998096
0.998144
0.998242
0.998268
0.99825
0.998195
0.998141
0.998084
0.997979
0.997733
0.996941
0.993727
0.983202
0.974455
0.971136
0.970703
0.971956
0.979647
0.989836
0.993583
0.994256
0.994499
0.994292
0.99311
0.990995
0.989684
0.989099
0.987733
0.981462
0.958719
0.930789
0.90782
0.882249
0.835794
0.784369
0.774301
0.781243
0.812532
0.84012
0.845276
0.844955
0.837473
0.821221
0.803366
0.784876
0.76866
0.75015
0.736205
0.725403
0.716987
0.712915
0.711327
0.710809
0.710801
0.711504
0.712118
0.7124
0.712094
0.71141
0.710992
0.711044
0.711227
0.711048
0.709606
0.706764
0.703425
0.699919
0.696743
0.693878
0.691533
0.689284
0.68802
0.687464
0.681715
0.66945
0.651233
0.626916
0.59799
0.567969
0.538158
0.512533
0.487942
0.465458
0.444368
0.425505
0.407323
0.390892
0.37436
0.359365
0.343523
0.329562
0.313781
0.300128
0.283834
0.270486
0.253573
0.240523
0.222791
0.209874
0.191036
0.177941
0.157775
0.143752
0.122836
0.105254
0.0884252
0.051304
0.0517691
0.0618348
0.0594525
0.0541962
0.0453905
0.0335059
0.0231082
0.0151708
0.00958262
0.00585886
0.00348333
0.00201657
0.0011395
0.00062747
0.000337332
0.000175922
8.92991e-05
4.36657e-05
2.08172e-05
9.532e-06
4.29275e-06
1.85148e-06
7.9329e-07
3.31344e-07
1.13951e-07
0.463466
0.462387
0.445042
0.410159
0.373853
0.323708
0.259998
0.19421
0.137891
0.0934502
0.0606135
0.0377353
0.0226259
0.0130996
0.00734332
0.00398389
0.00209198
0.00105906
0.000517668
0.000243316
0.000110741
4.85305e-05
2.06631e-05
8.73499e-06
2.89183e-06
0.832808
0.845688
0.849446
0.849096
0.843897
0.832469
0.804437
0.723501
0.57127
0.417341
0.287076
0.187801
0.117589
0.0708242
0.0412129
0.0232083
0.0126513
0.00665604
0.00337672
0.00164648
0.000773929
0.000349901
0.000152505
6.62166e-05
2.21319e-05
0.916314
0.928551
0.939882
0.947701
0.950726
0.95089
0.948872
0.94078
0.913928
0.820148
0.621934
0.436997
0.289952
0.183674
0.112009
0.0660233
0.0376414
0.0206858
0.0109326
0.00553677
0.0026927
0.00125605
0.00056237
0.000250974
8.55081e-05
0.915623
0.933457
0.948597
0.961193
0.970706
0.976106
0.977634
0.977377
0.974149
0.95879
0.897437
0.713274
0.510483
0.347622
0.226805
0.142378
0.0860128
0.0498034
0.0275627
0.0145325
0.00731836
0.0035207
0.00161838
0.000741419
0.000257527
0.889849
0.914106
0.936276
0.954794
0.969215
0.979179
0.984706
0.986566
0.986559
0.984549
0.973382
0.926407
0.767587
0.564326
0.396361
0.266309
0.170976
0.104422
0.0605081
0.0331877
0.0172883
0.0085683
0.00403943
0.00189776
0.00067144
0.878277
0.899412
0.925619
0.947317
0.964404
0.977084
0.985444
0.989844
0.991278
0.991264
0.989641
0.980642
0.943176
0.809678
0.612208
0.440151
0.300225
0.193288
0.117191
0.0668309
0.0360012
0.0183811
0.00888712
0.00428275
0.00154384
0.877648
0.895996
0.92341
0.945994
0.963462
0.97642
0.98545
0.991011
0.993724
0.994502
0.994415
0.992985
0.985646
0.956187
0.848696
0.653718
0.472559
0.320041
0.202724
0.120089
0.0668692
0.0351721
0.0174434
0.00862732
0.00317031
0.881257
0.897524
0.925831
0.948913
0.966044
0.978198
0.986546
0.99195
0.995037
0.996406
0.996717
0.996573
0.995278
0.989206
0.965682
0.880266
0.680522
0.483344
0.318959
0.195851
0.112556
0.0609303
0.0309755
0.0157196
0.00588945
0.887606
0.906035
0.934898
0.957064
0.972504
0.982735
0.98939
0.993653
0.996232
0.997586
0.9981
0.998161
0.997963
0.996671
0.991043
0.969326
0.889069
0.677583
0.464228
0.294796
0.174541
0.0971109
0.0505496
0.0263004
0.0100416
0.895658
0.919376
0.945342
0.964439
0.977577
0.986156
0.9916
0.995012
0.9971
0.998281
0.998837
0.998997
0.998981
0.998695
0.997171
0.990655
0.964853
0.86637
0.629655
0.41355
0.252065
0.144027
0.0767044
0.0408876
0.0159024
0.902382
0.927728
0.950842
0.968045
0.980008
0.987875
0.99283
0.99586
0.997667
0.998698
0.999226
0.999433
0.999463
0.9994
0.998933
0.996664
0.986906
0.947562
0.797694
0.544358
0.341673
0.200504
0.109223
0.0596335
0.0236216
0.906592
0.931383
0.953287
0.969689
0.981167
0.988759
0.993531
0.996396
0.998051
0.99897
0.999448
0.999658
0.999714
0.999701
0.99954
0.998636
0.994424
0.976347
0.903652
0.678381
0.437948
0.264042
0.14711
0.0822479
0.0331752
0.911476
0.934267
0.955454
0.971397
0.982494
0.989751
0.994252
0.996905
0.998396
0.999194
0.999601
0.999786
0.999846
0.999847
0.999784
0.999376
0.997333
0.988077
0.949293
0.797582
0.535216
0.331468
0.188786
0.108037
0.0443609
0.923066
0.940058
0.959951
0.974894
0.985037
0.991457
0.995326
0.997556
0.998778
0.999413
0.999726
0.999868
0.999918
0.999922
0.999894
0.999686
0.998583
0.993366
0.970644
0.8786
0.628388
0.399232
0.23232
0.135984
0.0568113
0.942107
0.952066
0.967955
0.980339
0.988581
0.993628
0.996582
0.998251
0.999151
0.999607
0.999826
0.999922
0.999957
0.999961
0.999945
0.999826
0.999168
0.995952
0.981518
0.921857
0.715116
0.464672
0.275729
0.164886
0.0700344
0.960639
0.966006
0.977108
0.986176
0.992148
0.995706
0.997735
0.998862
0.999461
0.999758
0.999897
0.999957
0.999978
0.99998
0.99997
0.999894
0.999463
0.997307
0.987419
0.945793
0.784045
0.52437
0.31691
0.193284
0.0833693
0.975376
0.978206
0.985187
0.991177
0.995073
0.997349
0.998623
0.99932
0.999685
0.999863
0.999944
0.999977
0.999989
0.99999
0.999983
0.999929
0.999623
0.998072
0.99084
0.95992
0.835449
0.576242
0.354442
0.220077
0.0962663
0.985756
0.987265
0.991297
0.994872
0.997166
0.99849
0.999225
0.999624
0.99983
0.999928
0.999971
0.999989
0.999994
0.999995
0.999989
0.999949
0.999719
0.998535
0.992943
0.968718
0.870765
0.621586
0.3875
0.24446
0.108289
0.992384
0.993192
0.995379
0.997297
0.998511
0.999208
0.999595
0.999806
0.999914
0.999965
0.999986
0.999995
0.999997
0.999997
0.999993
0.999961
0.999779
0.99883
0.99429
0.974402
0.893552
0.660268
0.415779
0.265929
0.119136
0.996226
0.996667
0.997791
0.998716
0.999289
0.999618
0.999804
0.999906
0.999959
0.999984
0.999994
0.999998
0.999999
0.999998
0.999995
0.999969
0.999819
0.999025
0.995181
0.978168
0.908629
0.691206
0.4393
0.28437
0.128707
0.998253
0.998507
0.999048
0.999449
0.999692
0.999831
0.999911
0.999958
0.999982
0.999993
0.999997
0.999999
0.999999
0.999999
0.999996
0.999974
0.999846
0.999159
0.995788
0.980732
0.918883
0.715299
0.458625
0.30014
0.137147
0.999241
0.999389
0.999625
0.999785
0.999878
0.999931
0.999963
0.999982
0.999992
0.999997
0.999999
1
1
0.999999
0.999997
0.999978
0.999866
0.999253
0.996213
0.982532
0.926103
0.73411
0.47468
0.313905
0.144772
0.999689
0.999769
0.999864
0.999923
0.999955
0.999974
0.999985
0.999993
0.999997
0.999999
1
1
1
1
0.999997
0.99998
0.999879
0.999321
0.996526
0.983875
0.931555
0.749619
0.488854
0.326731
0.152116
0.99988
0.999921
0.999954
0.999974
0.999985
0.999991
0.999995
0.999997
0.999999
1
1
1
1
1
0.999997
0.999982
0.99989
0.999377
0.996788
0.98503
0.936362
0.7644
0.503211
0.340261
0.160023
0.999958
0.999974
0.999986
0.999992
0.999995
0.999997
0.999998
0.999999
1
1
1
1
1
1
0.999998
0.999984
0.9999
0.99943
0.997054
0.986258
0.94162
0.781654
0.520555
0.356772
0.16967
0.999987
0.999992
0.999996
0.999998
0.999998
0.999999
0.999999
1
1
1
1
1
1
1
0.999998
0.999986
0.999911
0.999493
0.997381
0.987813
0.948387
0.805197
0.544537
0.379237
0.182588
0.999996
0.999998
0.999999
0.999999
1
1
1
1
1
1
1
1
1
1
0.999998
0.999988
0.999926
0.999581
0.997847
0.990041
0.958056
0.841466
0.582728
0.414063
0.202206
0.999999
0.999999
1
1
1
1
1
1
1
1
1
1
1
1
0.999999
0.999991
0.999947
0.999698
0.998459
0.992927
0.970395
0.888082
0.64793
0.468691
0.232361
1
1
1
1
1
1
1
1
1
1
1
1
1
1
0.999999
0.999995
0.999966
0.99981
0.999034
0.995585
0.981545
0.929489
0.735032
0.542285
0.272344
1
1
1
1
1
1
1
1
1
1
1
1
1
1
1
0.999997
0.999981
0.99989
0.99944
0.997429
0.989144
0.957544
0.820468
0.627053
0.319284
1
1
1
1
1
1
1
1
1
1
1
1
1
1
1
0.999998
0.999989
0.999937
0.999673
0.998471
0.993385
0.973263
0.883016
0.706671
0.366378
1
1
1
1
1
1
1
1
1
1
1
1
1
1
1
0.999999
0.999993
0.999961
0.999794
0.99901
0.995577
0.981492
0.919556
0.769184
0.408551
1
1
1
1
1
1
1
1
1
1
1
1
1
1
1
0.999999
0.999995
0.999973
0.999855
0.999281
0.996692
0.985751
0.937775
0.808782
0.444597
1
1
1
1
1
1
1
1
1
1
1
1
1
1
1
0.999999
0.999996
0.999979
0.999884
0.999412
0.997232
0.987831
0.946481
0.830022
0.468957
1
1
1
1
1
1
1
1
1
1
1
1
1
1
1
0.999999
0.999997
0.999981
0.999896
0.999467
0.997458
0.988702
0.950083
0.839426
0.481661
0.999999
0.999999
0.999999
0.999999
0.999999
0.999999
0.999999
0.999999
0.999999
0.999999
1
1
1
1
1
0.999999
0.999997
0.999982
0.999901
0.999489
0.997546
0.989049
0.951528
0.843416
0.487701
0.999998
0.999998
0.999998
0.999999
0.999999
0.999999
0.999999
0.999999
0.999999
0.999999
0.999999
0.999999
1
1
1
0.999999
0.999997
0.999983
0.999905
0.999506
0.997616
0.98933
0.952743
0.846829
0.492818
0.999996
0.999997
0.999997
0.999997
0.999998
0.999998
0.999998
0.999998
0.999998
0.999998
0.999998
0.999999
0.999999
0.999999
0.999999
0.999999
0.999997
0.999985
0.999914
0.999549
0.99781
0.990142
0.9563
0.856285
0.505734
0.999993
0.999993
0.999994
0.999995
0.999995
0.999995
0.999995
0.999995
0.999995
0.999995
0.999996
0.999997
0.999998
0.999999
0.999999
0.999999
0.999997
0.999988
0.999931
0.999634
0.998193
0.991764
0.963379
0.875617
0.534355
0.999985
0.999987
0.999988
0.99999
0.99999
0.99999
0.999989
0.999989
0.999989
0.999989
0.99999
0.999992
0.999995
0.999997
0.999998
0.999998
0.999997
0.999991
0.999952
0.99974
0.998694
0.993925
0.972766
0.902896
0.582377
0.999969
0.999973
0.999977
0.999979
0.999979
0.999978
0.999976
0.999974
0.999974
0.999975
0.999977
0.999982
0.999988
0.999993
0.999996
0.999997
0.999997
0.999993
0.999969
0.999836
0.999154
0.995959
0.981587
0.930527
0.643608
0.999932
0.999942
0.999952
0.999956
0.999957
0.999955
0.999948
0.999944
0.999944
0.999945
0.999951
0.999962
0.999974
0.999984
0.999991
0.999994
0.999995
0.999993
0.999979
0.999893
0.999441
0.997265
0.987305
0.949787
0.697916
0.99985
0.999874
0.999898
0.99991
0.999912
0.999909
0.999897
0.999888
0.999887
0.99989
0.999903
0.999928
0.999951
0.99997
0.999983
0.99999
0.999991
0.99999
0.99998
0.999914
0.999559
0.997815
0.989735
0.958375
0.727567
0.999671
0.999723
0.999777
0.999812
0.99982
0.999818
0.999804
0.999793
0.999792
0.999799
0.999828
0.999875
0.999916
0.999948
0.99997
0.999981
0.999984
0.999984
0.999974
0.999914
0.999588
0.997978
0.990494
0.961138
0.738207
0.999294
0.999405
0.999516
0.999601
0.999637
0.999639
0.999631
0.999626
0.999631
0.999661
0.999729
0.999798
0.999863
0.999914
0.999947
0.999962
0.999966
0.999966
0.999956
0.999893
0.999565
0.997965
0.990552
0.961469
0.739812
0.99853
0.998766
0.998984
0.99916
0.999256
0.999282
0.999297
0.999335
0.999402
0.999479
0.999569
0.999674
0.999777
0.999854
0.999896
0.999909
0.999909
0.999902
0.999876
0.999789
0.99942
0.997731
0.990024
0.959996
0.735092
0.997173
0.997618
0.997997
0.998301
0.998514
0.998668
0.998806
0.998931
0.999038
0.999143
0.999276
0.999439
0.999595
0.999696
0.999728
0.999721
0.999631
0.999519
0.99945
0.999298
0.998812
0.996844
0.988203
0.955293
0.720991
0.995012
0.995803
0.996443
0.996958
0.997373
0.997723
0.998003
0.998188
0.998298
0.998412
0.998591
0.998817
0.999004
0.999084
0.999082
0.998918
0.998246
0.997687
0.997446
0.997155
0.996321
0.993427
0.981756
0.94034
0.683536
0.990869
0.992326
0.99345
0.994343
0.995121
0.995749
0.99611
0.996236
0.996253
0.996257
0.9963
0.996422
0.996554
0.996553
0.996251
0.994775
0.992159
0.990478
0.989697
0.988875
0.986669
0.980168
0.957237
0.890296
0.592446
0.97947
0.983007
0.985447
0.9873
0.988833
0.989588
0.989686
0.989488
0.98882
0.988177
0.987737
0.987515
0.987211
0.986234
0.983148
0.976839
0.970569
0.966283
0.963658
0.9603
0.952048
0.931195
0.858056
0.74594
0.436401
0.941668
0.952825
0.959805
0.964729
0.967585
0.967943
0.967542
0.965801
0.963241
0.9606
0.958522
0.956702
0.953302
0.946147
0.934645
0.921216
0.908445
0.897759
0.887618
0.873709
0.84288
0.774616
0.612526
0.498346
0.271946
0.83635
0.868113
0.887168
0.899336
0.90345
0.903082
0.90036
0.894771
0.888053
0.880734
0.873279
0.864628
0.851462
0.831598
0.807286
0.784097
0.763576
0.742483
0.709974
0.659884
0.576996
0.479171
0.350315
0.266421
0.139989
0.616156
0.67912
0.718944
0.741981
0.745303
0.743026
0.735414
0.723795
0.710797
0.696221
0.679688
0.659523
0.634369
0.604887
0.574295
0.544201
0.512579
0.474654
0.425512
0.365255
0.294349
0.225902
0.156122
0.112439
0.0573542
0.337097
0.410157
0.44789
0.469119
0.473355
0.470968
0.464683
0.454094
0.441432
0.426369
0.408733
0.388067
0.364865
0.339727
0.313841
0.286643
0.257316
0.224322
0.188131
0.150451
0.11375
0.0822178
0.0544924
0.0376501
0.0188054
0.152333
0.203876
0.227104
0.242301
0.244352
0.242498
0.238529
0.231309
0.221495
0.209654
0.196227
0.181437
0.16582
0.149497
0.132915
0.115806
0.0984701
0.0808447
0.0638791
0.0481919
0.0346805
0.023946
0.0154001
0.0103193
0.00508501
0.0710178
0.102148
0.118975
0.128673
0.129871
0.128937
0.126586
0.120994
0.112693
0.103674
0.0940849
0.0841342
0.074112
0.0641255
0.0544079
0.0450049
0.0361973
0.028103
0.0210574
0.0151417
0.0104668
0.00697811
0.00439297
0.0028776
0.00140715
)
;

boundaryField
{
    inlet
    {
        type            fixedValue;
        value           uniform 1;
    }
    outlet
    {
        type            inletOutlet;
        inletValue      uniform 0;
        value           nonuniform List<scalar> 
57
(
1.13951e-07
2.89183e-06
2.21319e-05
8.55081e-05
0.000257527
0.00067144
0.00154384
0.00317031
0.00588945
0.0100416
0.0159024
0.0236216
0.0331752
0.0443609
0.0568113
0.0700344
0.0833693
0.0962663
0.108289
0.119136
0.128707
0.137147
0.144772
0.152116
0.160023
0.16967
0.182588
0.202206
0.232361
0.272344
0.319284
0.366378
0.408551
0.444597
0.468957
0.481661
0.487701
0.492818
0.505734
0.534355
0.582377
0.643608
0.697916
0.727567
0.738207
0.739812
0.735092
0.720991
0.683536
0.592446
0.436401
0.271946
0.139989
0.0573542
0.0188054
0.00508501
0.00140715
)
;
    }
    upperWall
    {
        type            zeroGradient;
    }
    lowerWall
    {
        type            zeroGradient;
    }
    frontAndBack
    {
        type            empty;
    }
}


// ************************************************************************* //
