/*--------------------------------*- C++ -*----------------------------------*\
  =========                 |
  \\      /  F ield         | OpenFOAM: The Open Source CFD Toolbox
   \\    /   O peration     | Website:  https://openfoam.org
    \\  /    A nd           | Version:  9
     \\/     M anipulation  |
\*---------------------------------------------------------------------------*/
FoamFile
{
    format      ascii;
    class       volScalarField;
    location    "0.056";
    object      s_0;
}
// * * * * * * * * * * * * * * * * * * * * * * * * * * * * * * * * * * * * * //

dimensions      [0 0 0 0 0 0 0];

internalField   nonuniform List<scalar> 
12225
(
1
1
1
1
1
1
1
1
1
1
1
1
1
1
1
1
1
0.999991
1
1
1
1
1
1
1
1
1
1
1
1
1
1
1
1
1
1
1
1
1
1
1
1
1
1
1
1
1
1
1
1
1
1
1
1
1
1
1
1
1
1
1
1
1
1
1
1
1
1
1
1
1
1
1
1
1
1
1
1
1
1
1
1
1
1
1
1
1
1
1
1
1
1
1
1
1
1
1
1
1
1
1
1
1
1
1
1
1
1
1
1
1
1
1
1
1
1
1
1
1
1
1
1
1
1
1
1
1
1
1
1
1
1
1
1
1
1
1
1
1
1
1
1
1
1
1
1
1
1
1
1
1
1
1
1
1
1
1
1
1
1
1
1
1
1
1
1
1
1
1
1
1
1
1
1
1
1
1
1
1
1
1
1
1
1
1
1
1
1
1
1
1
1
1
1
1
1
1
1
1
1
1
1
1
1
1
1
1
1
1
1
1
1
1
1
1
1
1
1
1
1
1
1
1
1
1
1
1
1
1
1
1
1
1
1
1
1
1
1
1
1
1
1
1
1
1
1
1
1
1
1
1
1
1
1
1
1
1
1
1
1
1
1
1
1
1
1
1
1
1
1
1
1
1
1
1
1
1
1
1
1
1
1
1
1
1
1
1
1
1
1
1
1
1
1
1
1
1
1
1
1
1
1
1
1
1
1
1
1
1
1
1
1
1
1
1
1
1
1
1
1
1
1
1
1
1
1
1
1
1
1
1
1
1
1
1
1
1
1
1
1
1
1
1
1
1
1
1
1
1
1
1
1
1
1
1
1
1
1
1
1
1
1
1
1
1
1
1
1
1
1
1
1
1
1
1
1
1
1
1
1
1
1
1
1
1
1
1
1
1
1
1
1
1
1
1
1
1
1
1
1
1
1
1
1
1
1
1
1
1
1
1
1
1
1
1
1
1
1
1
1
1
1
1
1
1
1
1
1
1
1
1
1
1
1
1
1
1
1
1
1
1
1
1
1
1
1
1
1
1
1
1
1
1
1
1
1
1
1
1
1
1
1
1
1
1
1
1
1
1
1
1
1
1
1
1
1
1
1
1
1
1
1
1
1
1
1
1
1
1
1
1
1
1
1
1
1
1
1
1
1
1
1
1
1
1
1
1
1
1
1
1
1
1
1
1
1
1
1
1
1
1
1
1
1
1
1
1
1
1
1
1
1
1
1
1
1
1
1
1
1
0.650457
0.650428
0.651336
0.651332
0.651144
0.651059
0.650718
0.649886
0.64827
0.644472
0.633859
0.624298
0.62246
0.622795
0.624635
0.63158
0.649636
0.661182
0.661411
0.653553
0.636744
0.611878
0.579402
0.539337
0.493847
0.452342
0.439705
0.446274
0.491578
0.596098
0.662013
0.675308
0.679068
0.680871
0.682953
0.686633
0.691237
0.696017
0.70126
0.705848
0.70972
0.71237
0.714246
0.716943
0.718125
0.717986
0.714304
0.706168
0.695752
0.686586
0.677606
0.668171
0.657519
0.648511
0.644089
0.640695
0.636704
0.633232
0.629928
0.627111
0.624468
0.621872
0.620237
0.619672
0.620152
0.621961
0.626297
0.636766
0.663032
0.697683
0.718066
0.72769
0.733907
0.745022
0.774672
0.81433
0.839672
0.852341
0.85688
0.857925
0.858432
0.859743
0.862742
0.866636
0.871363
0.875819
0.876703
0.876139
0.873978
0.870548
0.866836
0.863248
0.859516
0.855507
0.851318
0.847088
0.843185
0.839927
0.837161
0.834604
0.832206
0.830045
0.828189
0.826606
0.825267
0.824424
0.823762
0.82347
0.823323
0.823293
0.823327
0.823506
0.823798
0.824097
0.824602
0.824861
0.825366
0.825897
0.826437
0.827363
0.828338
0.829879
0.831525
0.833832
0.836971
0.841031
0.84606
0.852026
0.858458
0.86414
0.868434
0.871715
0.874302
0.876175
0.877643
0.878672
0.879323
0.879989
0.880633
0.881275
0.882425
0.885055
0.891483
0.899082
0.905814
0.911129
0.915034
0.917788
0.919844
0.921552
0.92297
0.924152
0.925353
0.926811
0.928483
0.930038
0.931121
0.931644
0.931772
0.931728
0.931289
0.929035
0.919118
0.896329
0.878452
0.866788
0.861523
0.86015
0.858706
0.855754
0.849103
0.831148
0.771437
0.588039
0.393597
0.259828
0.184544
0.13497
0.116301
0.0683054
0.651422
0.65047
0.648783
0.64667
0.646074
0.646275
0.647402
0.648695
0.648697
0.647479
0.64119
0.614523
0.590172
0.587327
0.590772
0.607705
0.63792
0.656961
0.658538
0.64238
0.554667
0.487422
0.465866
0.440563
0.42819
0.426779
0.441453
0.479433
0.54981
0.638979
0.674109
0.687955
0.698044
0.717063
0.743722
0.768376
0.788192
0.80875
0.831122
0.845541
0.849174
0.849447
0.845915
0.836199
0.820772
0.801184
0.779629
0.758917
0.741637
0.733629
0.727374
0.723244
0.720113
0.712317
0.685274
0.652425
0.634096
0.624011
0.617603
0.611622
0.60569
0.603357
0.604696
0.607545
0.60871
0.608304
0.607055
0.607798
0.616462
0.661615
0.721573
0.739282
0.742454
0.748198
0.768597
0.822955
0.850302
0.857408
0.859273
0.860846
0.86358
0.867986
0.873272
0.875236
0.875833
0.875686
0.874057
0.871148
0.865755
0.857849
0.847997
0.835268
0.819496
0.808215
0.802171
0.794695
0.791149
0.789507
0.788764
0.788548
0.788989
0.791328
0.794563
0.797354
0.800139
0.802261
0.803853
0.805201
0.806581
0.807966
0.809192
0.809964
0.810632
0.811083
0.81106
0.810927
0.810466
0.809712
0.808573
0.807003
0.80487
0.802278
0.799173
0.795744
0.79283
0.790277
0.788431
0.787767
0.788533
0.79348
0.803238
0.815192
0.828186
0.840701
0.85138
0.859326
0.86515
0.86965
0.872885
0.874465
0.874623
0.873555
0.867738
0.862797
0.862299
0.864041
0.874374
0.893095
0.90491
0.912089
0.916489
0.919122
0.920767
0.92211
0.923545
0.925058
0.926033
0.926266
0.926234
0.926465
0.928692
0.933464
0.933976
0.932898
0.929847
0.923945
0.920311
0.9194
0.919462
0.919324
0.918033
0.914195
0.905376
0.886062
0.857728
0.83521
0.786054
0.731318
0.694074
0.610696
0.645068
0.638986
0.631325
0.627355
0.627675
0.629213
0.632936
0.635479
0.635912
0.635008
0.628661
0.598758
0.567457
0.564529
0.581484
0.617623
0.643349
0.648756
0.605494
0.49112
0.439141
0.42494
0.419283
0.41757
0.420678
0.434718
0.464978
0.526656
0.605639
0.689127
0.746259
0.797884
0.877193
0.918697
0.937302
0.946925
0.950791
0.951749
0.951098
0.945541
0.934254
0.918542
0.897702
0.87034
0.837733
0.802633
0.769087
0.740562
0.717129
0.705812
0.701723
0.700255
0.710418
0.722602
0.732048
0.732171
0.726224
0.711606
0.688011
0.662834
0.650438
0.637865
0.633542
0.636616
0.639988
0.637153
0.628418
0.621686
0.622653
0.650032
0.724317
0.747652
0.752148
0.768451
0.828332
0.853226
0.858144
0.861592
0.864944
0.870658
0.876396
0.877983
0.878364
0.877515
0.874188
0.871368
0.865298
0.855113
0.837905
0.810366
0.790843
0.78187
0.778222
0.77731
0.778935
0.784476
0.790856
0.795264
0.800535
0.809413
0.815576
0.817556
0.818054
0.817776
0.816061
0.814454
0.812949
0.812303
0.812572
0.815813
0.819221
0.82331
0.826395
0.831522
0.833955
0.837175
0.839324
0.841312
0.842966
0.844534
0.845516
0.84565
0.844559
0.841219
0.833965
0.823659
0.810621
0.795967
0.782796
0.774403
0.770059
0.768952
0.769639
0.773784
0.782143
0.79221
0.802791
0.813132
0.824674
0.839577
0.858415
0.875783
0.884623
0.885977
0.883093
0.866879
0.85201
0.849672
0.852993
0.871519
0.893813
0.904856
0.909795
0.911659
0.912178
0.912241
0.912268
0.913173
0.916797
0.920684
0.923541
0.925714
0.927152
0.928361
0.930317
0.933821
0.937904
0.942002
0.946476
0.951003
0.954521
0.956095
0.956132
0.954958
0.950085
0.933942
0.921345
0.896212
0.880873
0.843479
0.623343
0.607263
0.582665
0.568489
0.56373
0.56471
0.5697
0.57667
0.577914
0.567179
0.546398
0.542662
0.552524
0.578
0.60573
0.624058
0.618334
0.532566
0.460046
0.435407
0.426789
0.423447
0.422318
0.426749
0.442537
0.478777
0.545156
0.648666
0.777503
0.868284
0.927331
0.958421
0.972209
0.978018
0.980108
0.98065
0.980348
0.977812
0.974318
0.969258
0.960518
0.946637
0.928533
0.905731
0.876149
0.837884
0.793452
0.75471
0.720865
0.696218
0.681212
0.664976
0.657766
0.665353
0.69058
0.71699
0.731536
0.738731
0.739772
0.738854
0.736319
0.728976
0.718453
0.708607
0.687237
0.658918
0.647812
0.648996
0.656327
0.715819
0.759069
0.766202
0.790626
0.833975
0.853388
0.859558
0.864591
0.869859
0.877653
0.882394
0.883414
0.883194
0.880617
0.875696
0.869519
0.860503
0.84494
0.815552
0.786874
0.775332
0.770678
0.769688
0.772617
0.7804
0.788408
0.805281
0.818438
0.823094
0.824627
0.82444
0.819756
0.808757
0.793037
0.772858
0.752012
0.732385
0.71705
0.710194
0.709026
0.719295
0.733914
0.754085
0.76758
0.788533
0.802388
0.815953
0.825757
0.833902
0.840244
0.845328
0.849414
0.852867
0.855661
0.858036
0.859783
0.860388
0.859698
0.856093
0.845601
0.823782
0.79891
0.779388
0.769435
0.766223
0.766116
0.767773
0.773267
0.779263
0.783658
0.786779
0.791291
0.799833
0.823425
0.864135
0.887399
0.891804
0.88967
0.874096
0.851969
0.845295
0.846854
0.858876
0.877565
0.884444
0.884613
0.881914
0.877158
0.875698
0.87678
0.883919
0.897336
0.910456
0.921457
0.928582
0.932018
0.933534
0.934423
0.935681
0.938583
0.946079
0.954759
0.961212
0.964826
0.966114
0.966138
0.964804
0.959777
0.942548
0.930776
0.906771
0.615799
0.577862
0.545783
0.529413
0.52038
0.515584
0.51639
0.515719
0.516723
0.519157
0.525716
0.544869
0.568959
0.586712
0.593619
0.554372
0.492658
0.457927
0.444929
0.440501
0.44143
0.448576
0.463416
0.493224
0.551547
0.657069
0.777518
0.8849
0.940046
0.967139
0.979579
0.984345
0.985776
0.986063
0.985862
0.984892
0.984227
0.983686
0.982774
0.982127
0.981284
0.979616
0.977172
0.972827
0.964951
0.950644
0.924602
0.87774
0.819216
0.754815
0.709265
0.669448
0.644945
0.63197
0.626489
0.647063
0.675717
0.703291
0.72164
0.730381
0.734327
0.731776
0.721523
0.689702
0.657159
0.667947
0.704388
0.793919
0.808577
0.801684
0.801561
0.814804
0.838495
0.852512
0.858557
0.863953
0.871012
0.88088
0.889319
0.891174
0.890968
0.888043
0.88171
0.872532
0.860626
0.840981
0.808085
0.777759
0.7668
0.763798
0.763713
0.769662
0.780838
0.801027
0.817471
0.822077
0.822373
0.817173
0.803956
0.779305
0.739499
0.684414
0.621246
0.567719
0.533332
0.519846
0.51637
0.517579
0.528535
0.547014
0.570163
0.601572
0.634213
0.668499
0.701111
0.732483
0.760443
0.784543
0.804912
0.821655
0.835103
0.845509
0.852819
0.8577
0.861363
0.864433
0.86659
0.86706
0.86672
0.865181
0.860181
0.843055
0.810225
0.786385
0.774381
0.770714
0.770518
0.771816
0.777246
0.783696
0.787798
0.78999
0.792469
0.798126
0.815172
0.861041
0.888979
0.893708
0.887424
0.862401
0.842623
0.836698
0.837375
0.841136
0.84881
0.854358
0.858373
0.861287
0.862885
0.865529
0.872062
0.886679
0.901513
0.914384
0.925067
0.932242
0.935851
0.937244
0.937924
0.939151
0.942586
0.951488
0.959832
0.965058
0.967314
0.967673
0.967121
0.962626
0.952638
0.932747
0.613971
0.562726
0.529687
0.513292
0.503399
0.498383
0.497865
0.495592
0.496355
0.505658
0.527481
0.547883
0.558727
0.546322
0.510254
0.483011
0.470652
0.465805
0.473241
0.496321
0.531591
0.578803
0.643135
0.71143
0.802418
0.874878
0.938397
0.966778
0.979262
0.983881
0.985257
0.985507
0.985198
0.984305
0.983577
0.983015
0.982761
0.982662
0.982685
0.982922
0.983065
0.983202
0.983233
0.98321
0.982864
0.981673
0.977876
0.969496
0.951276
0.915224
0.842228
0.76489
0.685856
0.634768
0.61177
0.604671
0.604087
0.616449
0.636792
0.653732
0.660333
0.655134
0.626597
0.658527
0.756544
0.83636
0.840848
0.833155
0.828116
0.826306
0.832047
0.842302
0.850933
0.855966
0.8607
0.86743
0.877023
0.891551
0.898913
0.90006
0.898876
0.893426
0.882851
0.867949
0.849269
0.821152
0.78031
0.762404
0.757934
0.757565
0.762192
0.776212
0.802931
0.818666
0.821735
0.819601
0.807381
0.775572
0.712787
0.613774
0.514943
0.470987
0.452593
0.44692
0.446736
0.452495
0.463478
0.475444
0.489286
0.506537
0.526911
0.553248
0.587424
0.625069
0.660115
0.694485
0.72753
0.759213
0.787793
0.811501
0.829905
0.843177
0.852112
0.858583
0.863375
0.867177
0.870698
0.872297
0.8723
0.871976
0.871141
0.869211
0.864636
0.8493
0.815862
0.792466
0.780832
0.777732
0.778021
0.779545
0.785508
0.793626
0.797816
0.799447
0.801407
0.807227
0.832443
0.876157
0.891725
0.890215
0.870148
0.845202
0.831256
0.825928
0.82589
0.827158
0.831617
0.843115
0.85698
0.874008
0.888758
0.898435
0.903739
0.906711
0.911998
0.922617
0.931784
0.937411
0.939996
0.940951
0.941821
0.943796
0.949785
0.958324
0.964136
0.966671
0.967033
0.966219
0.962209
0.948076
0.613673
0.556972
0.522319
0.506047
0.49686
0.492937
0.491444
0.492641
0.498082
0.507722
0.518659
0.522847
0.514658
0.501726
0.493838
0.490481
0.501898
0.540344
0.620806
0.684641
0.751168
0.789914
0.842513
0.886115
0.930959
0.961415
0.975641
0.98107
0.982746
0.983109
0.982433
0.980041
0.978936
0.977727
0.977253
0.97702
0.976924
0.976907
0.977002
0.977145
0.977537
0.978355
0.979605
0.981417
0.983452
0.984711
0.98549
0.985803
0.98458
0.979234
0.965641
0.933028
0.861454
0.754709
0.659659
0.616923
0.600321
0.597692
0.610832
0.643151
0.658648
0.691185
0.78619
0.842421
0.846911
0.843079
0.839801
0.838321
0.837755
0.839204
0.844245
0.848634
0.852794
0.856864
0.862577
0.871691
0.886037
0.901932
0.908026
0.908893
0.907104
0.900369
0.886587
0.867202
0.839101
0.801757
0.764017
0.752698
0.750829
0.753103
0.763985
0.789486
0.815508
0.821369
0.819968
0.805223
0.758546
0.653663
0.511879
0.45388
0.429314
0.421404
0.420129
0.425053
0.438059
0.453431
0.467968
0.479486
0.491095
0.505879
0.523313
0.545351
0.575326
0.614396
0.652122
0.68759
0.721539
0.754693
0.785094
0.810638
0.830452
0.845628
0.85705
0.866475
0.872994
0.877418
0.882088
0.884132
0.883906
0.882783
0.879828
0.876175
0.873585
0.870483
0.864324
0.848843
0.822264
0.801678
0.790358
0.787346
0.787935
0.789907
0.796489
0.804155
0.806818
0.808277
0.81168
0.825849
0.869082
0.891546
0.892488
0.879369
0.845608
0.829522
0.822413
0.820448
0.8208
0.823648
0.833626
0.850912
0.870875
0.891997
0.910151
0.921951
0.926879
0.928977
0.933244
0.938883
0.942858
0.944679
0.945409
0.94636
0.9487
0.955671
0.962818
0.966431
0.967361
0.967111
0.964913
0.955737
0.613637
0.554847
0.51943
0.5035
0.495637
0.493477
0.493365
0.495748
0.502329
0.509566
0.512237
0.512532
0.510399
0.508997
0.521806
0.56059
0.652185
0.738948
0.806252
0.846497
0.881369
0.909815
0.933244
0.957034
0.970217
0.977734
0.980133
0.980709
0.98059
0.978181
0.977112
0.976473
0.976179
0.97603
0.975971
0.975953
0.975949
0.975939
0.975883
0.975703
0.975443
0.975075
0.974778
0.974639
0.975281
0.977753
0.981766
0.986131
0.988144
0.989074
0.989276
0.985407
0.973463
0.941361
0.868186
0.746529
0.672168
0.650988
0.664809
0.748882
0.816363
0.839921
0.847242
0.848152
0.845096
0.841233
0.84026
0.840136
0.840705
0.842776
0.846009
0.848816
0.852684
0.857767
0.865966
0.879765
0.897015
0.911584
0.917563
0.918119
0.915772
0.908155
0.893085
0.869861
0.839343
0.789995
0.755345
0.74639
0.745756
0.749067
0.765533
0.799854
0.819536
0.822194
0.813529
0.771812
0.666143
0.506616
0.436696
0.415633
0.411195
0.411686
0.422022
0.448703
0.481772
0.517925
0.538971
0.544383
0.539638
0.539315
0.545386
0.553051
0.574355
0.612435
0.652157
0.689413
0.724877
0.760065
0.79337
0.822232
0.843933
0.860111
0.871831
0.881835
0.889836
0.895161
0.900083
0.904739
0.905015
0.903988
0.901089
0.894164
0.885063
0.878923
0.875483
0.868915
0.859852
0.848476
0.833794
0.817143
0.803883
0.799522
0.799989
0.802155
0.808797
0.812577
0.814135
0.817281
0.828849
0.868819
0.894597
0.896837
0.886704
0.851729
0.830352
0.822574
0.821248
0.821866
0.825065
0.831873
0.846026
0.871935
0.900093
0.921977
0.934864
0.940091
0.942098
0.944741
0.947967
0.950297
0.951358
0.952096
0.953612
0.958147
0.964579
0.968069
0.968929
0.968659
0.966357
0.956912
0.617866
0.555497
0.520815
0.50809
0.502156
0.499771
0.499485
0.502839
0.509056
0.514753
0.517783
0.523143
0.535117
0.568318
0.649262
0.745393
0.82375
0.871482
0.902216
0.928166
0.942694
0.958537
0.966912
0.974914
0.978007
0.979201
0.979442
0.978482
0.976982
0.976321
0.975753
0.975483
0.975384
0.975368
0.975493
0.975659
0.975726
0.975868
0.97601
0.976065
0.976001
0.975645
0.974973
0.9739
0.972762
0.97179
0.971266
0.973651
0.981062
0.987523
0.990691
0.992325
0.992789
0.989092
0.976104
0.939365
0.843987
0.753225
0.72528
0.757431
0.829774
0.846896
0.848749
0.84566
0.841081
0.839956
0.839753
0.839839
0.840478
0.842243
0.844864
0.847551
0.852412
0.860462
0.875528
0.891885
0.906513
0.919487
0.926481
0.927813
0.924864
0.916451
0.901473
0.877705
0.843621
0.79075
0.749361
0.741304
0.739253
0.745596
0.762799
0.798515
0.821117
0.822667
0.806731
0.742885
0.605835
0.468383
0.426721
0.417941
0.418737
0.439068
0.489528
0.562529
0.642235
0.697928
0.719218
0.705046
0.646741
0.607642
0.589584
0.588286
0.592346
0.622178
0.66784
0.709659
0.749055
0.787824
0.823871
0.852154
0.870459
0.881277
0.889869
0.89869
0.908736
0.917934
0.922874
0.929541
0.931498
0.930658
0.928
0.923187
0.913071
0.898732
0.888223
0.882498
0.875789
0.86541
0.855629
0.848944
0.83985
0.826999
0.815162
0.811374
0.811819
0.81492
0.818056
0.819521
0.822704
0.834359
0.873995
0.90095
0.904113
0.896824
0.865071
0.838528
0.829164
0.828192
0.829793
0.83534
0.850349
0.886382
0.921685
0.945197
0.956274
0.959424
0.959602
0.958972
0.958319
0.958133
0.95812
0.958351
0.959453
0.963572
0.969379
0.972298
0.972828
0.972251
0.968505
0.955078
0.628281
0.572527
0.538964
0.524372
0.517223
0.514776
0.5147
0.519354
0.526525
0.535119
0.54851
0.577427
0.639688
0.726113
0.810244
0.870942
0.907561
0.934941
0.948808
0.961608
0.967658
0.973607
0.976301
0.977922
0.978388
0.978504
0.977309
0.975859
0.974924
0.973965
0.973081
0.972435
0.971585
0.971103
0.97089
0.970904
0.971783
0.972875
0.973874
0.975336
0.976019
0.976331
0.9764
0.976084
0.974818
0.97201
0.969501
0.968305
0.967944
0.971548
0.981501
0.989981
0.993815
0.995009
0.995021
0.989725
0.968592
0.900917
0.792028
0.74731
0.791517
0.839809
0.848326
0.842006
0.836489
0.835871
0.836301
0.837218
0.837753
0.838615
0.840992
0.844852
0.851232
0.86261
0.880818
0.900475
0.915211
0.927223
0.933997
0.935809
0.933698
0.926271
0.911189
0.889805
0.854368
0.797702
0.749314
0.733524
0.735051
0.737285
0.75582
0.79136
0.820823
0.825669
0.811656
0.754954
0.626748
0.480139
0.435006
0.430738
0.458246
0.537958
0.648326
0.737512
0.790803
0.812335
0.816752
0.800261
0.732277
0.646269
0.607534
0.603917
0.611242
0.641168
0.6868
0.73198
0.777584
0.819906
0.853413
0.872806
0.884147
0.893012
0.902724
0.914913
0.927652
0.942754
0.954411
0.962218
0.964346
0.963295
0.959744
0.95317
0.945182
0.932516
0.916311
0.902193
0.892294
0.883446
0.875699
0.870987
0.866596
0.857011
0.839308
0.82557
0.819129
0.818811
0.820891
0.823388
0.824781
0.828228
0.841611
0.882604
0.910478
0.915616
0.911234
0.889953
0.862634
0.856634
0.858417
0.866694
0.892495
0.928851
0.955995
0.971954
0.978458
0.979619
0.979209
0.976425
0.971604
0.968701
0.967167
0.966656
0.966759
0.968058
0.972775
0.976062
0.976606
0.975669
0.969791
0.951554
0.641401
0.599349
0.567984
0.557681
0.554613
0.555907
0.554344
0.565928
0.58059
0.6043
0.647668
0.710439
0.778887
0.845538
0.89527
0.930564
0.947822
0.962022
0.968639
0.973587
0.975923
0.977331
0.977794
0.977906
0.977692
0.976565
0.974463
0.972472
0.97039
0.967757
0.964503
0.960762
0.957075
0.954995
0.953906
0.953636
0.955953
0.959168
0.962921
0.967549
0.971869
0.974696
0.976026
0.976476
0.97646
0.975706
0.972622
0.967818
0.965375
0.964306
0.965825
0.973865
0.987102
0.993892
0.996489
0.9972
0.995822
0.986282
0.950936
0.844965
0.7734
0.801522
0.840926
0.841567
0.832541
0.83189
0.832859
0.832508
0.832466
0.833833
0.836528
0.841307
0.852137
0.872839
0.888842
0.903906
0.918347
0.931181
0.939549
0.941942
0.940854
0.935922
0.923102
0.902525
0.871531
0.814675
0.754287
0.731233
0.72651
0.72923
0.740374
0.773389
0.815303
0.827353
0.826295
0.792585
0.693051
0.534355
0.460314
0.451179
0.491267
0.597995
0.698485
0.770186
0.813398
0.82968
0.829699
0.817492
0.759526
0.662115
0.620557
0.613219
0.620614
0.653668
0.700632
0.74717
0.795641
0.837478
0.867249
0.882867
0.891371
0.901115
0.91582
0.935001
0.954357
0.970195
0.97808
0.981814
0.983498
0.983667
0.983112
0.980952
0.975155
0.964137
0.950623
0.936708
0.922181
0.907516
0.896334
0.890636
0.888131
0.885016
0.878693
0.860045
0.838143
0.827211
0.825257
0.826179
0.82787
0.829507
0.833836
0.851018
0.894261
0.922093
0.931583
0.92951
0.919715
0.917538
0.919647
0.926879
0.945667
0.965535
0.979414
0.987257
0.990386
0.990882
0.990569
0.988732
0.983304
0.978533
0.975379
0.973736
0.973391
0.973782
0.976387
0.97929
0.979717
0.978461
0.970858
0.950226
0.64972
0.625337
0.609399
0.608409
0.619539
0.624401
0.64313
0.655797
0.679766
0.713002
0.7573
0.810161
0.86393
0.908971
0.93787
0.957241
0.966394
0.972736
0.975696
0.977208
0.97778
0.97795
0.97772
0.977133
0.975521
0.972558
0.968606
0.963679
0.957282
0.950432
0.943967
0.93938
0.936057
0.934401
0.933721
0.933642
0.935148
0.937666
0.941565
0.947652
0.956075
0.965912
0.972106
0.975265
0.976394
0.976534
0.975639
0.972072
0.965286
0.962357
0.961108
0.961622
0.968476
0.984709
0.993194
0.997123
0.99834
0.9985
0.995248
0.977559
0.897519
0.792601
0.81007
0.837909
0.837061
0.829708
0.826202
0.825922
0.826845
0.827697
0.829388
0.834204
0.846985
0.87096
0.893559
0.911371
0.924215
0.935128
0.943499
0.946538
0.946193
0.943436
0.93524
0.917664
0.89115
0.844171
0.768924
0.734464
0.720348
0.720016
0.726416
0.746967
0.794291
0.82261
0.83022
0.82454
0.791098
0.7009
0.559946
0.509158
0.525546
0.567357
0.645411
0.742688
0.80491
0.828135
0.829182
0.817365
0.761601
0.664564
0.626338
0.626044
0.641241
0.687111
0.737434
0.787549
0.833275
0.866549
0.887569
0.89757
0.903992
0.917878
0.938538
0.962326
0.977399
0.983659
0.985658
0.986302
0.986843
0.987585
0.988326
0.988553
0.988157
0.986156
0.979418
0.96701
0.957741
0.948911
0.93762
0.927777
0.922834
0.920899
0.918002
0.910651
0.884759
0.850493
0.834575
0.83076
0.831043
0.83206
0.834141
0.839898
0.862568
0.908279
0.93398
0.947789
0.951255
0.953425
0.957232
0.965352
0.97625
0.985586
0.991696
0.994905
0.996104
0.996259
0.996069
0.99509
0.991537
0.986494
0.982502
0.979892
0.97891
0.978944
0.980183
0.982252
0.982485
0.980999
0.972279
0.951436
0.657355
0.650736
0.640546
0.643472
0.675167
0.701406
0.71313
0.738035
0.762469
0.790488
0.830836
0.870539
0.909761
0.940987
0.95854
0.968722
0.97387
0.976574
0.977726
0.978089
0.978084
0.977766
0.976781
0.974342
0.969979
0.964008
0.957313
0.94992
0.942585
0.936619
0.932159
0.929114
0.92744
0.926649
0.926397
0.926868
0.927792
0.929507
0.932085
0.935758
0.940218
0.947706
0.960496
0.970163
0.974813
0.976393
0.976359
0.974783
0.967755
0.961657
0.95922
0.957612
0.959076
0.96993
0.984531
0.992953
0.997313
0.998952
0.999369
0.998749
0.992149
0.938604
0.828129
0.807625
0.82474
0.831073
0.829245
0.824167
0.820285
0.819842
0.820591
0.822986
0.831185
0.855907
0.885858
0.908201
0.923875
0.935994
0.945987
0.950479
0.950542
0.949197
0.94424
0.931797
0.91278
0.876978
0.801468
0.746731
0.722687
0.713362
0.713212
0.721919
0.746505
0.799494
0.823638
0.829206
0.82516
0.806407
0.76545
0.690632
0.670629
0.682884
0.714655
0.768536
0.809078
0.824208
0.820497
0.79296
0.707994
0.640194
0.627138
0.633549
0.667056
0.72286
0.77035
0.821528
0.863409
0.888623
0.900372
0.907598
0.917313
0.937852
0.964774
0.97989
0.985737
0.987173
0.986933
0.986426
0.986493
0.987008
0.98826
0.989816
0.990719
0.990709
0.989887
0.986413
0.979912
0.974937
0.970157
0.963718
0.95923
0.958078
0.957169
0.954154
0.943437
0.904526
0.859316
0.840274
0.835999
0.835876
0.836468
0.838869
0.846895
0.877732
0.922839
0.946807
0.962054
0.970628
0.976876
0.983342
0.989482
0.994042
0.996739
0.998033
0.998481
0.998531
0.998431
0.997949
0.996297
0.992277
0.988197
0.985038
0.983453
0.983211
0.983704
0.984962
0.985036
0.983463
0.974668
0.95522
0.665447
0.673094
0.662411
0.680026
0.714563
0.739943
0.770348
0.796192
0.816858
0.844856
0.875126
0.907521
0.935105
0.956283
0.967954
0.973803
0.976639
0.97786
0.978267
0.978322
0.978014
0.977131
0.974904
0.970241
0.963757
0.956118
0.947912
0.940229
0.934145
0.929533
0.926705
0.924915
0.924061
0.923707
0.923624
0.924131
0.924986
0.926292
0.92829
0.931808
0.935556
0.940437
0.94915
0.960524
0.970411
0.97516
0.976376
0.975718
0.971512
0.961481
0.956872
0.955561
0.955211
0.961689
0.976685
0.987912
0.994386
0.99773
0.999217
0.999658
0.999543
0.996698
0.974177
0.881221
0.818345
0.815556
0.824441
0.825565
0.82381
0.819039
0.815351
0.815076
0.816948
0.824947
0.851433
0.890011
0.916306
0.93302
0.944646
0.951459
0.953664
0.95325
0.950829
0.943405
0.930242
0.906454
0.850618
0.778013
0.734289
0.715903
0.707777
0.704502
0.711618
0.73541
0.785119
0.815043
0.824232
0.824473
0.820873
0.809832
0.800346
0.803659
0.811817
0.820558
0.824895
0.820197
0.796567
0.721358
0.647083
0.628903
0.630909
0.652628
0.708664
0.747706
0.790354
0.839516
0.877446
0.897853
0.906151
0.912847
0.927497
0.957607
0.978865
0.986612
0.988024
0.987533
0.985316
0.981685
0.981129
0.981716
0.983643
0.987228
0.990304
0.992088
0.992402
0.992029
0.990209
0.987989
0.985995
0.983683
0.981531
0.979626
0.978652
0.976609
0.970663
0.951468
0.898886
0.859596
0.843675
0.840158
0.840012
0.840748
0.844138
0.856174
0.897034
0.938139
0.96024
0.974425
0.983795
0.99018
0.994532
0.997194
0.998582
0.999189
0.999388
0.99941
0.999361
0.99913
0.998418
0.996297
0.992515
0.989165
0.987163
0.986609
0.986755
0.987397
0.987412
0.986048
0.978656
0.961385
0.664601
0.690193
0.6941
0.689539
0.741472
0.779233
0.801683
0.837032
0.855311
0.876725
0.899644
0.924442
0.947025
0.963582
0.971781
0.975672
0.977515
0.978275
0.978435
0.978232
0.977335
0.975038
0.970532
0.964439
0.957224
0.949465
0.941889
0.935181
0.930287
0.926819
0.924665
0.923365
0.922655
0.922363
0.9225
0.923125
0.924046
0.925309
0.926868
0.929996
0.93428
0.938415
0.945443
0.956225
0.966781
0.97349
0.975813
0.975839
0.973604
0.963336
0.954568
0.952437
0.953024
0.957709
0.972634
0.985607
0.993156
0.996976
0.998726
0.999509
0.999811
0.999816
0.998876
0.99023
0.936136
0.844689
0.815181
0.815918
0.820836
0.820806
0.819487
0.815106
0.810927
0.811278
0.816075
0.833453
0.880936
0.916948
0.937774
0.949189
0.953966
0.955448
0.954901
0.951951
0.9446
0.929702
0.896761
0.830593
0.767311
0.729448
0.711287
0.703356
0.695789
0.698769
0.711523
0.741206
0.786706
0.806881
0.815187
0.817529
0.818897
0.822998
0.822473
0.818695
0.807248
0.776344
0.70334
0.644285
0.627296
0.628899
0.646919
0.704837
0.751108
0.784624
0.831565
0.876457
0.901063
0.91014
0.91469
0.924652
0.950109
0.976132
0.986718
0.989027
0.988355
0.984851
0.976361
0.96841
0.96662
0.967931
0.97105
0.978638
0.986174
0.99026
0.992559
0.993797
0.9938
0.993459
0.992962
0.992445
0.991654
0.990749
0.989165
0.985964
0.980648
0.968666
0.931575
0.881008
0.853217
0.844362
0.843278
0.843669
0.845421
0.850975
0.870335
0.91834
0.953002
0.972521
0.984237
0.991577
0.995851
0.9981
0.999151
0.999578
0.999717
0.999739
0.99972
0.999615
0.999289
0.998379
0.995738
0.992381
0.990152
0.989314
0.989281
0.989505
0.989478
0.988371
0.982501
0.968036
0.666568
0.682763
0.71777
0.714127
0.739626
0.788842
0.821342
0.855755
0.882718
0.902019
0.919965
0.936771
0.952989
0.966534
0.973248
0.976506
0.977951
0.97837
0.978494
0.978241
0.977083
0.974111
0.969643
0.96416
0.957254
0.949657
0.942301
0.935716
0.930814
0.927345
0.925107
0.923753
0.922914
0.922625
0.922679
0.922974
0.923825
0.925431
0.926798
0.929501
0.934308
0.938421
0.944695
0.954928
0.965643
0.972876
0.975617
0.975767
0.974078
0.96508
0.954324
0.950995
0.951268
0.955813
0.970916
0.984763
0.992773
0.996795
0.998635
0.999429
0.999772
0.999914
0.99993
0.999685
0.997009
0.977716
0.89521
0.828648
0.813948
0.814015
0.816662
0.816339
0.814765
0.809282
0.805224
0.806891
0.816475
0.850666
0.905195
0.935457
0.949614
0.954643
0.955948
0.955567
0.953154
0.946265
0.92985
0.888503
0.825798
0.771272
0.730552
0.710942
0.69718
0.690538
0.684899
0.687319
0.696056
0.715311
0.737083
0.75095
0.765398
0.763997
0.756521
0.73654
0.704192
0.656244
0.62961
0.622567
0.625391
0.644275
0.698374
0.758203
0.779458
0.817331
0.872755
0.903015
0.912763
0.916592
0.922771
0.938953
0.969544
0.98541
0.989969
0.989601
0.985911
0.972754
0.95876
0.955315
0.956681
0.961325
0.964465
0.968042
0.977118
0.985796
0.990902
0.993315
0.994775
0.995587
0.995898
0.99591
0.99581
0.995477
0.994673
0.992742
0.988181
0.978031
0.949676
0.898509
0.86314
0.848717
0.846169
0.846739
0.848073
0.85137
0.861019
0.893807
0.937356
0.966079
0.982292
0.991113
0.995805
0.998171
0.999252
0.999686
0.999833
0.999867
0.999864
0.999824
0.999675
0.999232
0.997795
0.994774
0.992516
0.991489
0.9913
0.991326
0.991264
0.990398
0.985901
0.974688
0.697039
0.683434
0.707739
0.735184
0.742059
0.782274
0.82005
0.854545
0.885066
0.908032
0.926665
0.942284
0.954353
0.966036
0.972878
0.976343
0.977908
0.978516
0.97856
0.978338
0.977353
0.974639
0.97037
0.965273
0.958875
0.951728
0.944761
0.938368
0.933286
0.929591
0.927032
0.925523
0.924389
0.924148
0.924306
0.924815
0.92585
0.928201
0.930227
0.933025
0.9386
0.944075
0.949979
0.958753
0.967802
0.973748
0.975768
0.975684
0.973646
0.96462
0.953644
0.949752
0.949926
0.955219
0.972011
0.986817
0.99447
0.997768
0.99908
0.999598
0.99981
0.999916
0.99997
0.999979
0.999929
0.999269
0.993578
0.955478
0.86379
0.823304
0.812857
0.812333
0.812598
0.811364
0.807186
0.798974
0.798641
0.803345
0.822318
0.878472
0.9246
0.945617
0.953564
0.955468
0.955345
0.953688
0.947639
0.930956
0.886679
0.829597
0.781341
0.741501
0.712493
0.696916
0.685623
0.678187
0.672674
0.666843
0.665481
0.663786
0.660243
0.652903
0.643941
0.631754
0.623937
0.617755
0.618535
0.625361
0.650128
0.713454
0.767017
0.78677
0.809497
0.859425
0.900349
0.914682
0.917659
0.919915
0.92744
0.953196
0.979214
0.989908
0.991162
0.988838
0.976707
0.956362
0.95147
0.952127
0.955739
0.963371
0.966498
0.967431
0.969974
0.978783
0.987221
0.991974
0.994396
0.995924
0.996934
0.997384
0.997449
0.997379
0.997051
0.995978
0.992722
0.983952
0.959397
0.912267
0.872924
0.853025
0.848224
0.848977
0.851336
0.853599
0.859657
0.878959
0.922133
0.955979
0.977429
0.989281
0.99523
0.997998
0.999205
0.999693
0.99987
0.999921
0.999927
0.999914
0.999847
0.999613
0.998808
0.996456
0.994302
0.993222
0.992908
0.992866
0.992782
0.992121
0.988803
0.98088
0.809729
0.706965
0.703795
0.72914
0.747325
0.771321
0.813208
0.848073
0.881394
0.906227
0.925699
0.94178
0.95352
0.964457
0.97168
0.975695
0.977657
0.978478
0.978699
0.978586
0.978
0.976195
0.972199
0.96756
0.962398
0.956386
0.95033
0.944378
0.939184
0.934998
0.931687
0.929895
0.928295
0.928147
0.928426
0.929145
0.930529
0.932966
0.934953
0.938686
0.944556
0.949438
0.95622
0.965676
0.973187
0.975872
0.976189
0.975549
0.97156
0.95865
0.949155
0.946461
0.948326
0.958077
0.979086
0.991148
0.996592
0.998783
0.99958
0.99985
0.99994
0.999969
0.999982
0.999992
0.999993
0.999979
0.999765
0.997668
0.981816
0.908005
0.841565
0.816806
0.809585
0.808482
0.806749
0.802218
0.793215
0.791171
0.793415
0.804966
0.841678
0.904425
0.936678
0.950057
0.95429
0.954439
0.953361
0.948283
0.932432
0.892759
0.832037
0.795023
0.759805
0.726948
0.702148
0.686799
0.676032
0.666367
0.657504
0.649543
0.641329
0.633439
0.626959
0.621663
0.622186
0.627094
0.641952
0.674549
0.743845
0.778066
0.794484
0.810014
0.848591
0.903963
0.918909
0.919831
0.919999
0.922987
0.937625
0.971905
0.988633
0.992354
0.991591
0.984345
0.961557
0.95122
0.950101
0.952043
0.962869
0.975029
0.976276
0.974462
0.972737
0.973983
0.981455
0.989317
0.993416
0.995653
0.996973
0.997793
0.998121
0.998148
0.998027
0.997353
0.994665
0.985986
0.962222
0.920615
0.880165
0.85626
0.849179
0.849873
0.854364
0.857116
0.86157
0.874013
0.910358
0.947895
0.972564
0.986722
0.994058
0.997539
0.999053
0.999654
0.999872
0.999942
0.999956
0.999953
0.999922
0.999789
0.999283
0.997542
0.995612
0.99458
0.994224
0.994151
0.994056
0.993567
0.991222
0.986254
0.863418
0.820333
0.718279
0.719239
0.740539
0.764723
0.798348
0.832435
0.871229
0.900059
0.92161
0.939133
0.951339
0.961549
0.96944
0.974318
0.976981
0.978259
0.97875
0.978813
0.978643
0.977927
0.975906
0.971862
0.967091
0.961835
0.956428
0.951461
0.946603
0.942852
0.939539
0.937331
0.935775
0.93509
0.935256
0.935868
0.937238
0.939755
0.942265
0.947536
0.953308
0.958857
0.966539
0.972929
0.975822
0.976526
0.976288
0.974393
0.96626
0.951006
0.943903
0.943954
0.948493
0.966073
0.983821
0.993163
0.997463
0.999137
0.999721
0.999911
0.999969
0.999988
0.999993
0.999996
0.999998
0.999998
0.999991
0.999886
0.998764
0.98966
0.939619
0.859211
0.822592
0.808275
0.803887
0.800992
0.79476
0.787509
0.785225
0.786413
0.793485
0.815021
0.871751
0.921008
0.9432
0.951529
0.952784
0.951968
0.947869
0.934511
0.900634
0.844049
0.801191
0.780377
0.750518
0.726411
0.705402
0.687377
0.673573
0.662646
0.654562
0.648467
0.649236
0.653505
0.664309
0.684843
0.725842
0.765756
0.78846
0.799862
0.811952
0.840284
0.902602
0.924243
0.924706
0.921099
0.920881
0.927154
0.956086
0.983809
0.992468
0.993297
0.990643
0.97449
0.955558
0.950077
0.95004
0.95557
0.972699
0.984088
0.986764
0.985335
0.978624
0.976669
0.978269
0.985165
0.991505
0.994876
0.996725
0.997738
0.998241
0.998379
0.998341
0.997905
0.995633
0.986942
0.96206
0.92335
0.88349
0.857658
0.849306
0.849853
0.856458
0.861063
0.864963
0.874457
0.903539
0.942186
0.96899
0.984829
0.993175
0.997165
0.998908
0.999606
0.999863
0.999949
0.999971
0.999972
0.999956
0.999873
0.999526
0.998218
0.996567
0.995648
0.995303
0.995218
0.995134
0.994785
0.993218
0.990554
0.866948
0.863404
0.820628
0.735528
0.735481
0.749245
0.786709
0.817206
0.84958
0.885796
0.912682
0.933076
0.947189
0.957519
0.965539
0.971788
0.975571
0.977611
0.97856
0.978883
0.978916
0.978752
0.978104
0.976549
0.97321
0.969265
0.964388
0.959953
0.955124
0.951532
0.948038
0.945992
0.94411
0.943582
0.943855
0.944716
0.946792
0.949366
0.953151
0.958707
0.96299
0.968481
0.973525
0.976051
0.976829
0.976708
0.975565
0.970704
0.955499
0.94279
0.940525
0.942829
0.954122
0.977147
0.9907
0.996786
0.99893
0.99965
0.999885
0.999961
0.999986
0.999995
0.999998
0.999999
0.999999
1
0.999999
0.999994
0.999916
0.998983
0.992202
0.959227
0.874298
0.826251
0.807555
0.800281
0.794638
0.787778
0.781782
0.779714
0.780351
0.784358
0.797929
0.832863
0.897291
0.931693
0.94611
0.950209
0.949735
0.94679
0.936409
0.911799
0.859564
0.819144
0.792146
0.771433
0.755229
0.742168
0.729055
0.719376
0.711345
0.711765
0.715176
0.723328
0.742028
0.761058
0.780795
0.797841
0.805752
0.816429
0.841489
0.902405
0.92915
0.931654
0.926452
0.919343
0.921197
0.936482
0.973922
0.990535
0.994264
0.993675
0.987917
0.967045
0.953698
0.95013
0.951186
0.959521
0.976562
0.986629
0.990152
0.989954
0.985877
0.979884
0.979481
0.982164
0.98879
0.993338
0.996001
0.997447
0.998148
0.998363
0.998345
0.997961
0.995636
0.985629
0.959405
0.922712
0.883896
0.85776
0.848796
0.849217
0.857534
0.865038
0.869397
0.87737
0.901937
0.939282
0.966831
0.983646
0.992644
0.996959
0.998834
0.999581
0.999857
0.999951
0.999978
0.999981
0.999972
0.999915
0.999661
0.998649
0.997275
0.996498
0.996193
0.996112
0.996045
0.99581
0.994863
0.993701
0.844296
0.845864
0.853566
0.812297
0.747031
0.747812
0.765675
0.806378
0.833473
0.864077
0.894388
0.92157
0.939656
0.952272
0.961213
0.967757
0.972742
0.97612
0.977882
0.97868
0.978936
0.978987
0.978872
0.978447
0.977388
0.975342
0.97226
0.969037
0.965192
0.962146
0.95884
0.957041
0.955162
0.954844
0.955186
0.956202
0.958195
0.960498
0.964702
0.967778
0.971691
0.974933
0.976632
0.977177
0.977062
0.976145
0.972389
0.960018
0.942701
0.937158
0.938506
0.945606
0.967977
0.986752
0.99519
0.998362
0.999463
0.999826
0.999943
0.999981
0.999993
0.999998
0.999999
0.999999
1
1
1
1
0.999994
0.999907
0.999011
0.993185
0.967157
0.885821
0.829485
0.806639
0.7963
0.788505
0.782011
0.777439
0.77589
0.776208
0.778641
0.78713
0.808479
0.862029
0.91442
0.937788
0.946217
0.94631
0.944562
0.937871
0.921282
0.883133
0.842953
0.809738
0.78965
0.776046
0.769835
0.76244
0.759505
0.760465
0.763721
0.771465
0.781319
0.789418
0.802939
0.812912
0.824133
0.847473
0.90317
0.933674
0.938481
0.933771
0.919248
0.917688
0.924715
0.956733
0.985642
0.994268
0.995146
0.993428
0.983419
0.963191
0.953365
0.951884
0.953481
0.961458
0.977687
0.987623
0.991371
0.991628
0.9899
0.983555
0.981199
0.981998
0.986234
0.991178
0.994508
0.996662
0.997752
0.998135
0.998151
0.997754
0.994848
0.977823
0.950182
0.918793
0.882987
0.857109
0.847054
0.847328
0.8576
0.869033
0.874594
0.882404
0.903674
0.93937
0.966364
0.983228
0.992423
0.996872
0.998804
0.999572
0.999855
0.999952
0.999982
0.999986
0.99998
0.999939
0.999742
0.998938
0.997816
0.997185
0.996934
0.996866
0.996819
0.996669
0.996192
0.995822
0.832406
0.831655
0.845439
0.838528
0.778479
0.751572
0.757199
0.786187
0.821763
0.848279
0.873409
0.899089
0.92432
0.942749
0.954832
0.96323
0.969053
0.973283
0.976294
0.977923
0.978686
0.978948
0.979022
0.978972
0.978749
0.978197
0.976897
0.975474
0.973075
0.971329
0.968975
0.967675
0.966319
0.966101
0.966369
0.967089
0.968532
0.970749
0.972844
0.974879
0.976427
0.977329
0.977527
0.977381
0.976466
0.973013
0.962811
0.941483
0.93366
0.934294
0.93927
0.957974
0.981573
0.993132
0.997647
0.999219
0.999744
0.999917
0.999973
0.999991
0.999997
0.999999
1
1
1
1
1
1
1
0.999992
0.999881
0.998948
0.993484
0.970629
0.893084
0.832847
0.805478
0.791717
0.783117
0.777781
0.77489
0.774002
0.774233
0.775982
0.781996
0.797918
0.833938
0.893902
0.926604
0.940128
0.942542
0.941516
0.937838
0.927768
0.906202
0.871355
0.840695
0.816398
0.802544
0.792878
0.788389
0.788771
0.79085
0.796363
0.801986
0.81277
0.827803
0.841783
0.862424
0.910322
0.938207
0.944549
0.94098
0.924148
0.914695
0.917158
0.935441
0.976906
0.992595
0.995963
0.995495
0.992189
0.978659
0.962031
0.955318
0.955383
0.957107
0.962721
0.977655
0.987867
0.991697
0.992262
0.991367
0.986429
0.983036
0.982862
0.984562
0.989084
0.992678
0.995239
0.996792
0.997372
0.997416
0.996907
0.992746
0.966726
0.930443
0.908355
0.879547
0.855116
0.845195
0.845531
0.857328
0.87288
0.880189
0.888127
0.907612
0.940581
0.966744
0.983339
0.992439
0.996862
0.998796
0.999567
0.999853
0.999952
0.999983
0.999989
0.999985
0.999953
0.999796
0.999145
0.998243
0.997748
0.997554
0.997501
0.997472
0.99738
0.997234
0.997154
0.826411
0.823722
0.846767
0.84518
0.800841
0.760076
0.758561
0.770631
0.806005
0.836487
0.859588
0.880477
0.901482
0.923192
0.942409
0.955116
0.963501
0.969298
0.973398
0.976163
0.97778
0.978577
0.978912
0.979019
0.979014
0.978937
0.978645
0.97822
0.977253
0.976518
0.975359
0.974637
0.973909
0.973746
0.973897
0.97431
0.975145
0.976014
0.976853
0.977458
0.977826
0.977816
0.977631
0.976622
0.973028
0.963144
0.939521
0.930501
0.930487
0.933816
0.948273
0.976291
0.990763
0.996695
0.998879
0.999635
0.999884
0.999963
0.999988
0.999996
0.999999
1
1
1
1
1
1
1
1
0.999999
0.999987
0.999847
0.998839
0.993458
0.972329
0.900131
0.835202
0.803557
0.787747
0.779477
0.775354
0.773847
0.773662
0.774201
0.777024
0.786161
0.806457
0.826976
0.869819
0.912614
0.93148
0.937884
0.937718
0.936075
0.931195
0.920022
0.90007
0.877118
0.855327
0.842176
0.831903
0.829279
0.830544
0.834254
0.841487
0.855091
0.869542
0.885141
0.921285
0.943294
0.949174
0.946959
0.933627
0.913286
0.913107
0.922489
0.959326
0.986635
0.995672
0.996726
0.995474
0.990197
0.97476
0.961893
0.959713
0.960471
0.961704
0.964068
0.974715
0.987195
0.991673
0.9924
0.991817
0.988083
0.984588
0.983904
0.98449
0.986887
0.990561
0.993314
0.994889
0.995497
0.99553
0.994814
0.989463
0.955832
0.911405
0.89125
0.871086
0.851344
0.843076
0.84362
0.85661
0.876607
0.886228
0.894684
0.914357
0.943685
0.967878
0.983715
0.992548
0.996888
0.998798
0.999566
0.999852
0.999952
0.999984
0.99999
0.999988
0.999963
0.999835
0.999304
0.998593
0.998212
0.99807
0.998034
0.99802
0.997994
0.997989
0.997985
0.822128
0.811172
0.828134
0.837008
0.794704
0.759826
0.758806
0.764363
0.782621
0.821181
0.847855
0.868464
0.886308
0.903664
0.921054
0.938004
0.952914
0.962161
0.9684
0.972742
0.975629
0.977376
0.978322
0.978784
0.978959
0.979009
0.978991
0.978928
0.978715
0.978516
0.978138
0.977814
0.977557
0.977422
0.977459
0.977568
0.97777
0.97795
0.978121
0.978117
0.978049
0.977756
0.976552
0.97254
0.961953
0.937456
0.927903
0.927496
0.929834
0.94091
0.970561
0.988602
0.995916
0.998583
0.999523
0.999843
0.999949
0.999984
0.999995
0.999998
0.999999
1
1
1
1
1
1
1
1
1
0.999999
0.999979
0.999807
0.998703
0.993353
0.973462
0.906352
0.837377
0.802623
0.785718
0.777809
0.774718
0.774125
0.774639
0.777851
0.788562
0.804545
0.8212
0.840455
0.862342
0.896179
0.920932
0.931672
0.933651
0.933041
0.931121
0.926696
0.918901
0.90544
0.894599
0.885804
0.880238
0.880718
0.883189
0.888705
0.897734
0.907188
0.930801
0.947742
0.952828
0.95121
0.941474
0.915075
0.909117
0.912948
0.937205
0.978123
0.993689
0.997396
0.997067
0.994678
0.987442
0.972941
0.965333
0.965559
0.967099
0.966739
0.966125
0.970754
0.98441
0.990894
0.992252
0.991803
0.988812
0.985755
0.984858
0.984943
0.985885
0.988533
0.991008
0.9923
0.992716
0.992698
0.991693
0.984318
0.940424
0.88979
0.873303
0.858816
0.844692
0.838739
0.839698
0.854724
0.880132
0.892261
0.901709
0.922051
0.948114
0.969926
0.984492
0.992795
0.996952
0.998813
0.999569
0.999852
0.999952
0.999984
0.999991
0.999989
0.999969
0.999865
0.999432
0.998883
0.998597
0.998494
0.998472
0.998471
0.998477
0.998501
0.998535
0.821622
0.803627
0.798311
0.797992
0.772179
0.758801
0.758636
0.760998
0.770016
0.792906
0.828527
0.853869
0.874186
0.890225
0.904715
0.918921
0.932317
0.945829
0.957117
0.965637
0.971017
0.974463
0.976584
0.977811
0.978477
0.978799
0.978932
0.978965
0.978956
0.978933
0.978883
0.978799
0.978707
0.978677
0.978623
0.978544
0.97847
0.978404
0.978332
0.978177
0.977722
0.976241
0.971603
0.959424
0.935
0.925744
0.925099
0.927111
0.937174
0.96605
0.987011
0.99519
0.998271
0.999398
0.999797
0.999933
0.999978
0.999993
0.999998
0.999999
1
1
1
1
1
1
1
1
1
1
1
0.999997
0.99997
0.999761
0.99857
0.993298
0.974612
0.914226
0.841822
0.804186
0.786153
0.77854
0.776517
0.776909
0.781201
0.802479
0.816705
0.829372
0.84229
0.85737
0.87258
0.890003
0.909212
0.92284
0.92864
0.929157
0.928624
0.926795
0.924669
0.919903
0.915283
0.912318
0.9123
0.913387
0.916779
0.92284
0.938495
0.951344
0.955407
0.954347
0.94588
0.917468
0.906898
0.908009
0.921406
0.962339
0.988068
0.996735
0.998111
0.997147
0.993447
0.983931
0.972548
0.970197
0.97234
0.974635
0.972427
0.968812
0.9704
0.979899
0.988942
0.991515
0.991322
0.988961
0.986586
0.985712
0.985649
0.985993
0.98742
0.989124
0.989877
0.990068
0.989977
0.988486
0.977568
0.920433
0.868154
0.854966
0.847689
0.837954
0.834067
0.835601
0.852923
0.883642
0.898098
0.909581
0.929362
0.952596
0.972167
0.985445
0.993139
0.997058
0.998842
0.999577
0.999855
0.999953
0.999985
0.999992
0.999991
0.999975
0.999888
0.99954
0.999125
0.998914
0.99884
0.998826
0.99883
0.99885
0.998879
0.998926
0.83153
0.812805
0.795058
0.772826
0.763191
0.759574
0.759303
0.760685
0.764046
0.772681
0.791555
0.823306
0.853332
0.874597
0.891415
0.906637
0.91927
0.930957
0.941205
0.950882
0.959302
0.966809
0.971935
0.974963
0.976771
0.977802
0.978383
0.978679
0.978819
0.978882
0.978883
0.978876
0.978854
0.978824
0.978755
0.978626
0.978504
0.978366
0.978083
0.977399
0.975539
0.970122
0.955405
0.932203
0.923713
0.923203
0.925425
0.935754
0.96466
0.986087
0.994666
0.998013
0.999283
0.999749
0.999915
0.999971
0.999991
0.999997
0.999999
1
1
1
1
1
1
1
1
1
1
1
1
1
0.999996
0.999959
0.999716
0.998471
0.99342
0.976321
0.925389
0.850237
0.80942
0.79039
0.783863
0.783434
0.786594
0.802045
0.840092
0.859562
0.863759
0.86843
0.875974
0.886189
0.89666
0.906536
0.915338
0.921477
0.924142
0.924358
0.924173
0.92354
0.922334
0.922039
0.92259
0.924414
0.928976
0.942027
0.953529
0.95688
0.956234
0.949105
0.922051
0.905389
0.90504
0.911268
0.943411
0.980659
0.994498
0.998338
0.998527
0.996759
0.991768
0.981606
0.974671
0.975326
0.98041
0.982942
0.979451
0.972189
0.971076
0.974914
0.985347
0.989903
0.990346
0.988859
0.987178
0.986413
0.98628
0.98637
0.987141
0.988015
0.988354
0.988427
0.988114
0.985246
0.967399
0.895439
0.8475
0.838076
0.83674
0.833642
0.83131
0.833267
0.852856
0.887526
0.904437
0.917566
0.936171
0.956946
0.974457
0.986481
0.993549
0.997203
0.99889
0.999593
0.99986
0.999955
0.999986
0.999993
0.999992
0.999979
0.999909
0.999632
0.999323
0.999169
0.999117
0.999108
0.999115
0.99914
0.999166
0.999209
0.879413
0.905302
0.889283
0.850052
0.810622
0.78737
0.780899
0.770783
0.766476
0.768578
0.773844
0.784718
0.805667
0.833363
0.863071
0.88469
0.901933
0.916596
0.928681
0.939427
0.948296
0.95526
0.961873
0.967336
0.971584
0.974539
0.976308
0.977337
0.977956
0.97829
0.978483
0.978568
0.978565
0.978532
0.978447
0.978251
0.977996
0.977531
0.976527
0.974128
0.967734
0.94982
0.928732
0.921579
0.921598
0.924606
0.936044
0.966041
0.986025
0.994403
0.997828
0.999185
0.999704
0.999896
0.999964
0.999988
0.999996
0.999999
1
1
1
1
1
1
1
1
1
1
1
1
1
1
0.999999
0.999993
0.999948
0.999682
0.99845
0.993836
0.979041
0.940286
0.865821
0.821544
0.803077
0.7994
0.800386
0.808772
0.837735
0.871208
0.892794
0.898186
0.8977
0.898325
0.900991
0.906359
0.912101
0.917147
0.920544
0.922382
0.923079
0.923405
0.923912
0.924934
0.92715
0.932253
0.945088
0.95457
0.957636
0.957041
0.950622
0.926046
0.904902
0.901989
0.905318
0.923861
0.968587
0.99027
0.997388
0.999021
0.998716
0.996193
0.989379
0.980761
0.978163
0.980139
0.988536
0.991304
0.988055
0.977698
0.972873
0.973829
0.979297
0.986834
0.988834
0.988432
0.987384
0.986883
0.986834
0.98696
0.987306
0.987429
0.987275
0.986601
0.98477
0.978301
0.93988
0.861849
0.826801
0.822268
0.825217
0.827157
0.827284
0.830726
0.854399
0.891812
0.911002
0.925182
0.942507
0.961052
0.976674
0.987517
0.993978
0.997366
0.998949
0.999614
0.999868
0.999957
0.999986
0.999993
0.999993
0.999982
0.999926
0.999711
0.999484
0.999373
0.999335
0.99933
0.999337
0.99936
0.999382
0.999414
0.995071
0.993461
0.990878
0.984603
0.9585
0.909394
0.894392
0.877113
0.803789
0.776672
0.775871
0.778919
0.784849
0.796245
0.808529
0.830221
0.855746
0.879467
0.903239
0.919889
0.932989
0.943001
0.951244
0.958341
0.963797
0.967968
0.971207
0.973573
0.975149
0.976162
0.976753
0.977154
0.977272
0.977219
0.977051
0.976694
0.975998
0.974565
0.971285
0.963565
0.941971
0.923685
0.919023
0.919735
0.924743
0.938425
0.969912
0.986844
0.994465
0.997761
0.999128
0.999672
0.99988
0.999957
0.999985
0.999995
0.999998
0.999999
1
1
1
1
1
1
1
1
1
1
1
1
1
1
1
0.999999
0.999991
0.999942
0.999682
0.998591
0.994789
0.983566
0.956065
0.901603
0.856051
0.833254
0.829879
0.831131
0.841211
0.86912
0.893997
0.912584
0.922202
0.924192
0.923644
0.921277
0.921126
0.92188
0.923567
0.924635
0.925807
0.927092
0.929271
0.93326
0.940876
0.950715
0.955696
0.957721
0.95647
0.949335
0.925511
0.903985
0.899598
0.901586
0.915298
0.95727
0.985684
0.995743
0.998847
0.999369
0.998744
0.995141
0.986715
0.980687
0.98107
0.985572
0.993275
0.994688
0.993585
0.986264
0.977184
0.974301
0.975411
0.980669
0.985792
0.987655
0.987796
0.98771
0.987605
0.987412
0.98692
0.985215
0.977328
0.968469
0.963282
0.951469
0.906954
0.839373
0.810828
0.808332
0.813375
0.817922
0.819793
0.825917
0.856198
0.896365
0.918034
0.933063
0.949022
0.965348
0.979079
0.988702
0.994505
0.997582
0.999032
0.999644
0.999878
0.999961
0.999987
0.999994
0.999994
0.999986
0.999942
0.999782
0.999621
0.999542
0.999516
0.999513
0.999519
0.999537
0.999552
0.999576
0.999923
0.999828
0.999682
0.999357
0.998283
0.994982
0.985423
0.975408
0.956939
0.919979
0.882287
0.85215
0.821915
0.809732
0.809715
0.813029
0.820487
0.832629
0.845008
0.865508
0.885355
0.906278
0.92602
0.939511
0.949158
0.956355
0.961792
0.9658
0.968697
0.97088
0.972136
0.973139
0.9736
0.973508
0.973109
0.972121
0.969972
0.965144
0.95423
0.93001
0.916974
0.915829
0.917498
0.925361
0.946253
0.974521
0.988526
0.99503
0.997926
0.999165
0.999675
0.999877
0.999955
0.999984
0.999994
0.999998
0.999999
1
1
1
1
1
1
1
1
1
1
1
1
1
1
1
1
1
0.999999
0.999991
0.999945
0.999732
0.998911
0.996269
0.989125
0.972255
0.943034
0.906199
0.874727
0.861722
0.861338
0.868428
0.888094
0.909856
0.923783
0.933662
0.939669
0.941709
0.941974
0.941886
0.941202
0.941387
0.942279
0.944318
0.947865
0.952586
0.954928
0.957247
0.956926
0.953931
0.943672
0.91742
0.900846
0.897445
0.89902
0.910327
0.947289
0.981436
0.994062
0.998312
0.999507
0.999549
0.998553
0.993298
0.985406
0.983147
0.984242
0.991117
0.995346
0.995988
0.995242
0.992509
0.98577
0.977955
0.975274
0.975576
0.977676
0.982846
0.984156
0.984971
0.984529
0.979027
0.967356
0.962029
0.957647
0.955233
0.951431
0.941369
0.902292
0.833401
0.801156
0.797689
0.803614
0.809208
0.812165
0.821214
0.85825
0.901151
0.925404
0.941179
0.955788
0.969957
0.981783
0.990109
0.995163
0.997859
0.999138
0.999681
0.99989
0.999964
0.999988
0.999994
0.999994
0.999988
0.999956
0.999842
0.999729
0.999673
0.999653
0.99965
0.999653
0.999661
0.999672
0.999694
0.999999
0.999996
0.999988
0.999968
0.999897
0.999635
0.99875
0.996392
0.993265
0.987578
0.979365
0.972091
0.957593
0.940279
0.910206
0.880578
0.855112
0.844279
0.845085
0.847412
0.852321
0.859976
0.868589
0.88437
0.900135
0.916656
0.933357
0.944416
0.951951
0.957055
0.960048
0.962728
0.963529
0.963066
0.961578
0.957928
0.950012
0.931561
0.914219
0.909893
0.910826
0.915879
0.929098
0.960091
0.981089
0.991315
0.996147
0.998347
0.999315
0.999725
0.999893
0.999959
0.999985
0.999995
0.999998
0.999999
1
1
1
1
1
1
1
1
1
1
1
1
1
1
1
1
1
1
1
0.999999
0.999992
0.999958
0.999811
0.999292
0.997755
0.993862
0.984785
0.971152
0.947645
0.916486
0.892757
0.886914
0.890648
0.89981
0.915948
0.929871
0.938522
0.943711
0.947901
0.950305
0.952278
0.953644
0.954695
0.955316
0.956195
0.956472
0.955653
0.952818
0.945284
0.929376
0.907062
0.897428
0.895483
0.897339
0.90836
0.94238
0.978673
0.992784
0.997766
0.999386
0.999763
0.999632
0.998175
0.991178
0.984963
0.984399
0.986953
0.993684
0.996279
0.996487
0.995699
0.993881
0.991496
0.987137
0.980325
0.976
0.97441
0.975903
0.972915
0.966854
0.967655
0.969621
0.974588
0.981138
0.982202
0.979916
0.972169
0.954789
0.909304
0.836688
0.797399
0.790693
0.795242
0.801968
0.806473
0.818974
0.862614
0.907309
0.933105
0.949041
0.962273
0.97444
0.984475
0.991545
0.995849
0.998153
0.999252
0.999721
0.999903
0.999968
0.999989
0.999994
0.999994
0.99999
0.999968
0.999889
0.999806
0.999761
0.999743
0.999739
0.999739
0.999741
0.999748
0.999774
1
1
1
0.999999
0.999994
0.999976
0.999904
0.999675
0.999159
0.99825
0.996957
0.995721
0.993866
0.99125
0.986377
0.976275
0.964241
0.942592
0.920153
0.901732
0.88369
0.872536
0.869557
0.869961
0.871384
0.874945
0.879165
0.88796
0.899623
0.90854
0.917909
0.92483
0.925503
0.924257
0.920694
0.911365
0.901965
0.900734
0.901808
0.906545
0.918111
0.94607
0.973131
0.987176
0.994076
0.997352
0.998851
0.999516
0.999801
0.99992
0.999969
0.999988
0.999995
0.999998
0.999999
1
1
1
1
1
1
1
1
1
1
1
1
1
1
1
1
1
1
1
1
1
0.999999
0.999994
0.999973
0.999888
0.999613
0.998848
0.996999
0.993054
0.985892
0.974997
0.952188
0.924811
0.909636
0.909247
0.91205
0.917879
0.926063
0.934007
0.940759
0.945155
0.948307
0.950352
0.95073
0.950236
0.948551
0.944419
0.934975
0.92279
0.906958
0.897994
0.894378
0.894557
0.897828
0.910543
0.945626
0.978845
0.99242
0.997488
0.999242
0.99979
0.999867
0.999624
0.997505
0.98947
0.985189
0.985334
0.990059
0.99525
0.996716
0.996678
0.995758
0.994095
0.992423
0.99088
0.988957
0.985868
0.982964
0.981747
0.981505
0.984699
0.987338
0.988905
0.989662
0.989793
0.989728
0.989365
0.987049
0.978194
0.944241
0.853446
0.800037
0.78661
0.787951
0.793549
0.800361
0.81813
0.869314
0.914098
0.940571
0.956355
0.968263
0.978605
0.987009
0.992921
0.99652
0.998448
0.999369
0.999764
0.999917
0.999971
0.999989
0.999993
0.999994
0.999991
0.999976
0.999921
0.999855
0.999814
0.999795
0.999789
0.999788
0.99979
0.9998
0.999836
1
1
1
1
1
0.999999
0.999994
0.999977
0.999929
0.999817
0.999627
0.999439
0.999224
0.998904
0.998293
0.997037
0.994483
0.990998
0.984044
0.976947
0.968827
0.953571
0.937251
0.916638
0.898711
0.887325
0.881594
0.879725
0.879759
0.880117
0.881005
0.883454
0.884713
0.885583
0.886583
0.888317
0.891847
0.898593
0.912184
0.941876
0.96867
0.984132
0.992326
0.996438
0.998406
0.999308
0.999707
0.999878
0.99995
0.99998
0.999992
0.999997
0.999999
1
1
1
1
1
1
1
1
1
1
1
1
1
1
1
1
1
1
1
1
1
1
1
1
0.999999
0.999997
0.999985
0.999944
0.999819
0.99949
0.998719
0.997131
0.993859
0.988011
0.977746
0.955507
0.935026
0.925431
0.923277
0.922738
0.922671
0.922881
0.923137
0.923422
0.922973
0.921635
0.919056
0.913984
0.907306
0.900496
0.896355
0.893422
0.893522
0.895441
0.902519
0.91975
0.958221
0.98253
0.993277
0.997608
0.999213
0.999768
0.999925
0.99991
0.999527
0.996507
0.98816
0.985569
0.986671
0.992196
0.995986
0.996914
0.996745
0.995681
0.993987
0.992373
0.991159
0.990326
0.989817
0.989624
0.989838
0.989896
0.989964
0.989822
0.989533
0.989425
0.989416
0.989101
0.988897
0.988394
0.985282
0.968027
0.892298
0.809404
0.783264
0.781802
0.784582
0.792198
0.818164
0.876214
0.921132
0.94784
0.963117
0.973675
0.982363
0.989324
0.994203
0.997162
0.998739
0.999488
0.999807
0.999931
0.999974
0.999988
0.999991
0.999991
0.999989
0.999977
0.999933
0.999876
0.999839
0.999821
0.999815
0.999815
0.999819
0.999841
0.999888
1
1
1
1
1
1
1
0.999999
0.999996
0.999987
0.999967
0.999942
0.999918
0.999885
0.999821
0.999691
0.999392
0.998912
0.9979
0.996433
0.99434
0.991926
0.987037
0.981371
0.973491
0.959251
0.942027
0.925209
0.911574
0.90153
0.895696
0.894199
0.894682
0.896498
0.900973
0.909787
0.927524
0.952376
0.971806
0.98447
0.991964
0.996066
0.998166
0.999179
0.999644
0.999849
0.999937
0.999974
0.999989
0.999996
0.999998
0.999999
1
1
1
1
1
1
1
1
1
1
1
1
1
1
1
1
1
1
1
1
1
1
1
1
1
1
1
0.999998
0.999993
0.999976
0.999927
0.9998
0.999509
0.998875
0.9976
0.994826
0.990023
0.981537
0.963817
0.945645
0.934623
0.928269
0.92455
0.919227
0.913527
0.909203
0.905929
0.90301
0.899407
0.896679
0.894872
0.895349
0.898198
0.904824
0.918706
0.944593
0.972871
0.987789
0.99496
0.998076
0.999318
0.999778
0.999936
0.999968
0.999924
0.999371
0.995114
0.98743
0.985727
0.987532
0.993503
0.996403
0.997012
0.996757
0.995421
0.993259
0.991169
0.989849
0.98917
0.988757
0.988353
0.987836
0.987186
0.986422
0.985732
0.985186
0.985295
0.986153
0.987563
0.987939
0.987923
0.986731
0.977347
0.923411
0.823311
0.784005
0.776621
0.777649
0.785763
0.820826
0.883705
0.928714
0.954857
0.969195
0.978421
0.985674
0.991394
0.995371
0.997758
0.999015
0.999602
0.999848
0.999942
0.999975
0.999985
0.999986
0.999986
0.999983
0.999972
0.99993
0.999877
0.999845
0.999831
0.999828
0.99983
0.999843
0.999882
0.999923
1
1
1
1
1
1
1
1
1
0.999999
0.999998
0.999996
0.999993
0.99999
0.999985
0.999973
0.999948
0.999899
0.999799
0.99961
0.99927
0.998903
0.998275
0.996969
0.995299
0.993196
0.988032
0.982931
0.978573
0.97008
0.961052
0.958583
0.959077
0.961203
0.966751
0.975107
0.983118
0.989536
0.994013
0.996813
0.998407
0.999246
0.999659
0.999851
0.999937
0.999974
0.999989
0.999996
0.999998
0.999999
1
1
1
1
1
1
1
1
1
1
1
1
1
1
1
1
1
1
1
1
1
1
1
1
1
1
1
1
1
1
0.999999
0.999997
0.999991
0.999974
0.99993
0.999827
0.999604
0.999125
0.998176
0.996114
0.992735
0.986409
0.972792
0.957389
0.944703
0.932996
0.925219
0.918818
0.91497
0.910021
0.908852
0.909805
0.913281
0.921076
0.937066
0.955345
0.97436
0.986335
0.993265
0.99696
0.998741
0.999516
0.999828
0.999945
0.999983
0.999983
0.999909
0.999146
0.993841
0.986815
0.98603
0.989042
0.994385
0.996632
0.997061
0.996716
0.994872
0.991525
0.988203
0.986563
0.985972
0.985628
0.985233
0.98468
0.983881
0.982595
0.980857
0.979279
0.979603
0.981483
0.985658
0.9874
0.987578
0.986951
0.980996
0.941677
0.836576
0.785561
0.773617
0.773852
0.783619
0.827049
0.892423
0.936461
0.961377
0.974504
0.982488
0.98853
0.993204
0.996402
0.998287
0.999257
0.9997
0.999882
0.999949
0.999971
0.999976
0.999976
0.999975
0.99997
0.999955
0.999913
0.999868
0.999842
0.999833
0.999833
0.99984
0.999871
0.999913
0.999946
1
1
1
1
1
1
1
1
1
1
1
1
1
0.999999
0.999999
0.999998
0.999996
0.999993
0.999985
0.999969
0.999933
0.99989
0.999819
0.999666
0.999403
0.999114
0.998403
0.997316
0.996645
0.995269
0.9932
0.992641
0.992703
0.993111
0.994328
0.995923
0.997335
0.998402
0.999114
0.999541
0.999776
0.999896
0.999954
0.99998
0.999992
0.999996
0.999999
0.999999
1
1
1
1
1
1
1
1
1
1
1
1
1
1
1
1
1
1
1
1
1
1
1
1
1
1
1
1
1
1
1
1
1
1
0.999999
0.999997
0.999992
0.999978
0.999946
0.999876
0.999727
0.999413
0.998799
0.997187
0.994932
0.991734
0.985878
0.975894
0.968552
0.960409
0.954335
0.954258
0.955828
0.960174
0.969369
0.978038
0.985355
0.990815
0.994628
0.997082
0.99854
0.999335
0.999722
0.999892
0.999961
0.999988
0.999994
0.999988
0.999879
0.998854
0.992535
0.986343
0.986117
0.990001
0.994915
0.996779
0.997088
0.996618
0.994098
0.989229
0.986343
0.985494
0.98526
0.985121
0.984839
0.984326
0.983481
0.981811
0.979276
0.975753
0.973686
0.97479
0.981053
0.986439
0.987326
0.986916
0.98257
0.951915
0.849131
0.787915
0.772895
0.772888
0.784108
0.836339
0.902192
0.944428
0.967473
0.979125
0.985951
0.990969
0.994755
0.99728
0.998729
0.999455
0.999778
0.999905
0.999949
0.999959
0.99996
0.999956
0.99995
0.999941
0.999919
0.999878
0.999846
0.999831
0.999828
0.999832
0.999854
0.9999
0.999935
0.999961
1
1
1
1
1
1
1
1
1
1
1
1
1
1
1
1
1
1
0.999999
0.999998
0.999996
0.999992
0.999986
0.999973
0.999946
0.999917
0.999851
0.99972
0.999647
0.999497
0.999301
0.999228
0.999229
0.999269
0.999409
0.999586
0.999735
0.999844
0.999915
0.999956
0.999979
0.99999
0.999996
0.999998
0.999999
1
1
1
1
1
1
1
1
1
1
1
1
1
1
1
1
1
1
1
1
1
1
1
1
1
1
1
1
1
1
1
1
1
1
1
1
1
1
1
0.999999
0.999998
0.999994
0.999986
0.999967
0.999926
0.999842
0.999624
0.999285
0.9988
0.997632
0.995544
0.993997
0.991761
0.990729
0.990785
0.991274
0.992583
0.994374
0.996029
0.99735
0.998322
0.999004
0.999452
0.999723
0.999873
0.999947
0.999979
0.999993
0.999997
0.999997
0.999986
0.999836
0.99848
0.991184
0.985991
0.986308
0.990994
0.995268
0.996863
0.997104
0.996593
0.99384
0.988426
0.985916
0.985302
0.985186
0.985125
0.98491
0.984457
0.983531
0.98164
0.978465
0.974604
0.969336
0.96878
0.973762
0.984691
0.987203
0.986911
0.983431
0.959353
0.861484
0.791177
0.773101
0.773042
0.787211
0.847959
0.912987
0.95251
0.973057
0.983117
0.988888
0.993019
0.996037
0.997984
0.999071
0.999603
0.999832
0.999914
0.999936
0.999935
0.999924
0.99991
0.9999
0.999884
0.999851
0.999817
0.999799
0.999795
0.999799
0.999824
0.999877
0.999919
0.999949
0.999969
1
1
1
1
1
1
1
1
1
1
1
1
1
1
1
1
1
1
1
1
1
1
0.999999
0.999998
0.999997
0.999995
0.99999
0.999981
0.999976
0.999965
0.999955
0.999951
0.999951
0.999953
0.999963
0.999974
0.999984
0.99999
0.999995
0.999997
0.999999
0.999999
1
1
1
1
1
1
1
1
1
1
1
1
1
1
1
1
1
1
1
1
1
1
1
1
1
1
1
1
1
1
1
1
1
1
1
1
1
1
1
1
1
1
1
1
0.999999
0.999999
0.999997
0.999993
0.999984
0.999964
0.999928
0.999867
0.999663
0.999376
0.999171
0.998782
0.998574
0.998574
0.998646
0.998867
0.99917
0.999425
0.999615
0.999752
0.999849
0.999915
0.999957
0.99998
0.999991
0.999997
0.999999
0.999999
0.999998
0.999981
0.999779
0.998009
0.989906
0.985657
0.986527
0.991806
0.995538
0.996924
0.997116
0.996592
0.993801
0.988248
0.985836
0.985291
0.985301
0.985521
0.98553
0.985254
0.984065
0.981639
0.977745
0.97346
0.967464
0.963975
0.96654
0.981086
0.987142
0.987
0.983912
0.9649
0.878098
0.79686
0.774461
0.774482
0.792584
0.861274
0.924421
0.960285
0.978071
0.986535
0.991316
0.994667
0.997034
0.998516
0.999324
0.999708
0.99986
0.999904
0.999903
0.999877
0.999834
0.999804
0.999778
0.999742
0.999706
0.99969
0.99969
0.999708
0.999771
0.999836
0.999888
0.999927
0.999955
0.999974
1
1
1
1
1
1
1
1
1
1
1
1
1
1
1
1
1
1
1
1
1
1
1
1
1
1
0.999999
0.999999
0.999999
0.999998
0.999998
0.999998
0.999998
0.999998
0.999999
0.999999
0.999999
1
1
1
1
1
1
1
1
1
1
1
1
1
1
1
1
1
1
1
1
1
1
1
1
1
1
1
1
1
1
1
1
1
1
1
1
1
1
1
1
1
1
1
1
1
1
1
1
1
1
1
1
0.999999
0.999999
0.999997
0.999994
0.999988
0.999968
0.999939
0.999909
0.999866
0.999848
0.999849
0.999858
0.999886
0.999917
0.999942
0.99996
0.999973
0.999983
0.99999
0.999995
0.999997
0.999999
0.999999
1
1
0.999998
0.999973
0.999704
0.997389
0.988632
0.985229
0.986583
0.99223
0.995667
0.996954
0.997128
0.996608
0.993826
0.988235
0.985853
0.985418
0.985805
0.986551
0.986828
0.98676
0.985236
0.981942
0.977344
0.97142
0.965907
0.959949
0.960677
0.975085
0.987134
0.987181
0.98442
0.969183
0.897804
0.805334
0.778944
0.779584
0.803179
0.878838
0.936683
0.967878
0.982578
0.989361
0.993225
0.995924
0.997777
0.998908
0.999508
0.999773
0.99986
0.999865
0.999825
0.999705
0.999592
0.999505
0.999442
0.999414
0.999419
0.999473
0.999575
0.999673
0.999762
0.999834
0.99989
0.99993
0.999958
0.999976
1
1
1
1
1
1
1
1
1
1
1
1
1
1
1
1
1
1
1
1
1
1
1
1
1
1
1
1
1
1
1
1
1
1
1
1
1
1
1
1
1
1
1
1
1
1
1
1
1
1
1
1
1
1
1
1
1
1
1
1
1
1
1
1
1
1
1
1
1
1
1
1
1
1
1
1
1
1
1
1
1
1
1
1
1
1
1
1
1
1
1
1
1
0.999999
0.999998
0.999995
0.999992
0.999989
0.999988
0.999988
0.999989
0.999992
0.999994
0.999996
0.999997
0.999998
0.999998
0.999999
0.999999
1
1
1
1
0.999999
0.999996
0.999962
0.999608
0.996654
0.987478
0.984828
0.986772
0.992676
0.99578
0.996981
0.997153
0.99667
0.993992
0.988334
0.986028
0.985825
0.986741
0.987959
0.988328
0.988279
0.986498
0.982798
0.977074
0.969598
0.962823
0.957147
0.956237
0.96679
0.987547
0.98761
0.984742
0.972504
0.91651
0.823795
0.791987
0.794767
0.828229
0.901657
0.95014
0.975198
0.986349
0.991534
0.99467
0.996869
0.998336
0.999204
0.999634
0.999793
0.999819
0.999772
0.999548
0.999169
0.998877
0.998748
0.998746
0.998878
0.999121
0.99932
0.99949
0.99963
0.999741
0.999825
0.999886
0.999929
0.999959
0.999977
1
1
1
1
1
1
1
1
1
1
1
1
1
1
1
1
1
1
1
1
1
1
1
1
1
1
1
1
1
1
1
1
1
1
1
1
1
1
1
1
1
1
1
1
1
1
1
1
1
1
1
1
1
1
1
1
1
1
1
1
1
1
1
1
1
1
1
1
1
1
1
1
1
1
1
1
1
1
1
1
1
1
1
1
1
1
1
1
1
1
1
1
1
1
1
1
0.999999
0.999999
0.999999
0.999999
0.999999
0.999999
1
1
1
1
1
1
1
1
1
1
1
0.999999
0.999994
0.999947
0.999483
0.995731
0.986384
0.984396
0.986976
0.992957
0.995835
0.997004
0.997195
0.996779
0.994294
0.988639
0.986483
0.986529
0.987894
0.989169
0.989429
0.989038
0.987087
0.983061
0.976458
0.968
0.959136
0.954082
0.952806
0.958137
0.986642
0.988486
0.984998
0.975219
0.933034
0.855252
0.8304
0.837065
0.868969
0.926589
0.96325
0.981225
0.989147
0.993199
0.995825
0.99763
0.998786
0.999424
0.999694
0.999759
0.999709
0.999398
0.998535
0.99785
0.997608
0.997632
0.997982
0.998524
0.998905
0.999189
0.999409
0.99958
0.999712
0.99981
0.999881
0.999928
0.99996
0.999977
1
1
1
1
1
1
1
1
1
1
1
1
1
1
1
1
1
1
1
1
1
1
1
1
1
1
1
1
1
1
1
1
1
1
1
1
1
1
1
1
1
1
1
1
1
1
1
1
1
1
1
1
1
1
1
1
1
1
1
1
1
1
1
1
1
1
1
1
1
1
1
1
1
1
1
1
1
1
1
1
1
1
1
1
1
1
1
1
1
1
1
1
1
1
1
1
1
1
1
1
1
1
1
1
1
1
1
1
1
1
1
1
0.999999
0.999996
0.999988
0.999921
0.999308
0.994488
0.985309
0.983898
0.987237
0.993145
0.99586
0.997036
0.997273
0.996939
0.99471
0.989264
0.987324
0.987505
0.989051
0.989989
0.990103
0.989476
0.98738
0.982918
0.975411
0.965726
0.955724
0.949621
0.949553
0.953044
0.982112
0.989479
0.985531
0.977045
0.944541
0.89046
0.878423
0.885072
0.90889
0.948759
0.973616
0.985675
0.991432
0.994727
0.996876
0.998289
0.99914
0.99955
0.999677
0.999643
0.999302
0.998005
0.99672
0.996211
0.996191
0.996618
0.997599
0.998275
0.998737
0.999077
0.99934
0.999543
0.999696
0.999806
0.999883
0.999932
0.999963
0.999978
1
1
1
1
1
1
1
1
1
1
1
1
1
1
1
1
1
1
1
1
1
1
1
1
1
1
1
1
1
1
1
1
1
1
1
1
1
1
1
1
1
1
1
1
1
1
1
1
1
1
1
1
1
1
1
1
1
1
1
1
1
1
1
1
1
1
1
1
1
1
1
1
1
1
1
1
1
1
1
1
1
1
1
1
1
1
1
1
1
1
1
1
1
1
1
1
1
1
1
1
1
1
1
1
1
1
1
1
1
1
1
0.999998
0.999994
0.999988
0.999972
0.999876
0.999047
0.992964
0.984136
0.983294
0.987471
0.993284
0.995856
0.997088
0.997413
0.997183
0.995324
0.990414
0.988621
0.988801
0.990095
0.990679
0.990804
0.990259
0.987777
0.98248
0.974021
0.963097
0.951686
0.945522
0.94563
0.950702
0.973349
0.98906
0.986864
0.978174
0.953308
0.921888
0.918144
0.923625
0.939982
0.965772
0.981601
0.989542
0.993714
0.996196
0.99778
0.998788
0.999342
0.999558
0.99956
0.999272
0.997846
0.995806
0.994829
0.994669
0.995002
0.996295
0.997401
0.998117
0.998627
0.999013
0.999311
0.999537
0.999703
0.999819
0.999894
0.99994
0.999967
0.999978
1
1
1
1
1
1
1
1
1
1
1
1
1
1
1
1
1
1
1
1
1
1
1
1
1
1
1
1
1
1
1
1
1
1
1
1
1
1
1
1
1
1
1
1
1
1
1
1
1
1
1
1
1
1
1
1
1
1
1
1
1
1
1
1
1
1
1
1
1
1
1
1
1
1
1
1
1
1
1
1
1
1
1
1
1
1
1
1
1
1
1
1
1
1
1
1
1
1
1
1
1
1
1
1
1
1
1
1
1
1
0.999998
0.99999
0.99997
0.999957
0.99993
0.99979
0.998645
0.991063
0.982899
0.982681
0.987957
0.993423
0.995813
0.997123
0.997637
0.997546
0.996236
0.992255
0.990426
0.990434
0.991165
0.991837
0.992203
0.991516
0.988369
0.982281
0.97298
0.960615
0.9478
0.943042
0.942735
0.947556
0.967938
0.987581
0.987663
0.980839
0.963237
0.947986
0.947217
0.95133
0.962798
0.978686
0.988054
0.992931
0.995637
0.997276
0.998356
0.999035
0.999372
0.999438
0.99924
0.998093
0.995364
0.993696
0.993223
0.993389
0.994637
0.996283
0.997345
0.998071
0.998605
0.999016
0.999333
0.99957
0.999737
0.999847
0.999914
0.99995
0.999969
0.999973
1
1
1
1
1
1
1
1
1
1
1
1
1
1
1
1
1
1
1
1
1
1
1
1
1
1
1
1
1
1
1
1
1
1
1
1
1
1
1
1
1
1
1
1
1
1
1
1
1
1
1
1
1
1
1
1
1
1
1
1
1
1
1
1
1
1
1
1
1
1
1
1
1
1
1
1
1
1
1
1
1
1
1
1
1
1
1
1
1
1
1
1
1
1
1
1
1
1
1
1
1
1
1
1
1
1
1
1
1
0.999998
0.999987
0.999939
0.999872
0.99985
0.999816
0.999623
0.997983
0.988634
0.981564
0.982145
0.988599
0.993508
0.995768
0.997123
0.997757
0.997806
0.997251
0.994811
0.992832
0.992572
0.992946
0.993659
0.993314
0.991915
0.988882
0.982507
0.972495
0.958663
0.946006
0.941976
0.941565
0.944613
0.96056
0.984585
0.987799
0.984822
0.974941
0.968679
0.968228
0.971357
0.979275
0.987762
0.992566
0.995193
0.996741
0.997798
0.998572
0.999061
0.999228
0.999101
0.998317
0.995536
0.992966
0.99193
0.991892
0.992745
0.99489
0.996408
0.997405
0.998114
0.998659
0.999087
0.999411
0.999641
0.999791
0.999882
0.999932
0.999956
0.999964
0.999961
1
1
1
1
1
1
1
1
1
1
1
1
1
1
1
1
1
1
1
1
1
1
1
1
1
1
1
1
1
1
1
1
1
1
1
1
1
1
1
1
1
1
1
1
1
1
1
1
1
1
1
1
1
1
1
1
1
1
1
1
1
1
1
1
1
1
1
1
1
1
1
1
1
1
1
1
1
1
1
1
1
1
1
1
1
1
1
1
1
1
1
1
1
1
1
1
1
1
1
1
1
1
1
1
1
1
1
1
0.999997
0.99998
0.999901
0.999645
0.999493
0.9995
0.999506
0.999272
0.996766
0.985448
0.980188
0.981975
0.989446
0.993549
0.995699
0.997092
0.997771
0.997875
0.997639
0.996619
0.995418
0.994941
0.994707
0.994343
0.9935
0.991936
0.989042
0.983349
0.972754
0.957858
0.94534
0.94159
0.94109
0.942918
0.953045
0.977848
0.98722
0.98725
0.984363
0.982435
0.98245
0.984623
0.988934
0.992606
0.994745
0.996088
0.997041
0.997879
0.998535
0.998807
0.9987
0.998074
0.995732
0.992507
0.990796
0.99049
0.991043
0.993297
0.995352
0.996649
0.997558
0.998263
0.998821
0.999244
0.999541
0.999734
0.99985
0.999911
0.99994
0.999949
0.999949
0.999926
1
1
1
1
1
1
1
1
1
1
1
1
1
1
1
1
1
1
1
1
1
1
1
1
1
1
1
1
1
1
1
1
1
1
1
1
1
1
1
1
1
1
1
1
1
1
1
1
1
1
1
1
1
1
1
1
1
1
1
1
1
1
1
1
1
1
1
1
1
1
1
1
1
1
1
1
1
1
1
1
1
1
1
1
1
1
1
1
1
1
1
1
1
1
1
1
1
1
1
1
1
1
1
1
1
1
1
0.999998
0.999975
0.99983
0.999172
0.998202
0.998136
0.998396
0.998727
0.998431
0.994026
0.981392
0.97897
0.982958
0.990168
0.993458
0.995471
0.996869
0.997651
0.997853
0.997712
0.997134
0.996388
0.995752
0.995117
0.994412
0.9934
0.991761
0.989028
0.98419
0.974581
0.959435
0.945581
0.941572
0.941007
0.942055
0.948292
0.96598
0.983988
0.98733
0.987838
0.988072
0.988834
0.990312
0.992332
0.993908
0.995101
0.996055
0.996821
0.99749
0.997758
0.99752
0.99667
0.994824
0.991848
0.989719
0.989144
0.989543
0.991731
0.99426
0.995859
0.996989
0.997874
0.998574
0.999096
0.999456
0.999686
0.999821
0.999891
0.999922
0.999931
0.999928
0.999913
0.999808
1
1
1
1
1
1
1
1
1
1
1
1
1
1
1
1
1
1
1
1
1
1
1
1
1
1
1
1
1
1
1
1
1
1
1
1
1
1
1
1
1
1
1
1
1
1
1
1
1
1
1
1
1
1
1
1
1
1
1
1
1
1
1
1
1
1
1
1
1
1
1
1
1
1
1
1
1
1
1
1
1
1
1
1
1
1
1
1
1
1
1
1
1
1
1
1
1
1
1
1
1
1
1
1
1
1
0.999999
0.999983
0.999794
0.998712
0.995295
0.99362
0.993794
0.995548
0.997115
0.996461
0.987295
0.977663
0.978321
0.985353
0.990447
0.992952
0.994661
0.995989
0.997013
0.997506
0.997517
0.997156
0.996499
0.995788
0.994959
0.993938
0.992708
0.991131
0.988769
0.984658
0.977716
0.964743
0.948623
0.942603
0.941447
0.941699
0.945167
0.955596
0.973796
0.984961
0.987568
0.98865
0.989697
0.990997
0.992432
0.993572
0.994427
0.994878
0.995167
0.995111
0.994358
0.993306
0.992321
0.990753
0.98864
0.987869
0.988164
0.990202
0.993139
0.995065
0.996445
0.997527
0.998369
0.998981
0.999394
0.999652
0.999799
0.999872
0.999903
0.999909
0.999905
0.999868
0.999776
0.99944
1
1
1
1
1
1
1
1
1
1
1
1
1
1
1
1
1
1
1
1
1
1
1
1
1
1
1
1
1
1
1
1
1
1
1
1
1
1
1
1
1
1
1
1
1
1
1
1
1
1
1
1
1
1
1
1
1
1
1
1
1
1
1
1
1
1
1
1
1
1
1
1
1
1
1
1
1
1
1
1
1
1
1
1
1
1
1
1
1
1
1
1
1
1
1
1
1
1
1
1
1
1
1
1
1
0.999999
0.999994
0.99989
0.998721
0.992532
0.985594
0.985579
0.988657
0.993745
0.995281
0.991875
0.977896
0.975469
0.980265
0.986514
0.989508
0.991213
0.99245
0.993839
0.995394
0.996396
0.996672
0.996534
0.995927
0.994955
0.993613
0.992093
0.99075
0.989486
0.987858
0.984787
0.979574
0.97051
0.954368
0.944608
0.94229
0.942021
0.943453
0.949337
0.960601
0.974848
0.98339
0.986419
0.987974
0.989241
0.990163
0.990562
0.990508
0.989408
0.988582
0.987778
0.988771
0.989163
0.988793
0.987497
0.986669
0.986891
0.988712
0.991972
0.994256
0.995917
0.997208
0.998193
0.998892
0.999352
0.999631
0.999781
0.999855
0.999881
0.999883
0.999872
0.999821
0.999586
0.999315
0.998517
1
1
1
1
1
1
1
1
1
1
1
1
1
1
1
1
1
1
1
1
1
1
1
1
1
1
1
1
1
1
1
1
1
1
1
1
1
1
1
1
1
1
1
1
1
1
1
1
1
1
1
1
1
1
1
1
1
1
1
1
1
1
1
1
1
1
1
1
1
1
1
1
1
1
1
1
1
1
1
1
1
1
1
1
1
1
1
1
1
1
1
1
1
1
1
1
1
1
1
1
1
1
1
0.999999
0.999999
0.999997
0.999972
0.999463
0.993931
0.975905
0.974394
0.981215
0.990269
0.993543
0.992184
0.979577
0.973123
0.975356
0.981138
0.984022
0.985394
0.986324
0.987633
0.989753
0.992324
0.993985
0.994547
0.994469
0.9937
0.992143
0.989974
0.987891
0.986679
0.986034
0.985671
0.984047
0.980368
0.974887
0.963835
0.94877
0.943946
0.94298
0.943183
0.946034
0.952365
0.96049
0.968825
0.975037
0.978148
0.979504
0.979802
0.97955
0.979156
0.979203
0.980687
0.982986
0.986074
0.986391
0.986007
0.98549
0.985735
0.987368
0.990829
0.993474
0.995428
0.996937
0.998064
0.998843
0.999339
0.999621
0.999767
0.999831
0.999841
0.999832
0.999791
0.999662
0.999346
0.998496
0.997918
0.996079
1
1
1
1
1
1
1
1
1
1
1
1
1
1
1
1
1
1
1
1
1
1
1
1
1
1
1
1
1
1
1
1
1
1
1
1
1
1
1
1
1
1
1
1
1
1
1
1
1
1
1
1
1
1
1
1
1
1
1
1
1
1
1
1
1
1
1
1
1
1
1
1
1
1
1
1
1
1
1
1
1
1
1
1
1
1
1
1
1
1
1
1
1
1
1
1
1
1
1
1
0.999999
0.999998
0.999995
0.999993
0.999991
0.999985
0.99989
0.997953
0.977642
0.958647
0.966051
0.985036
0.99108
0.990275
0.979777
0.97017
0.969251
0.971491
0.972644
0.973293
0.973791
0.975343
0.978509
0.9827
0.986858
0.989315
0.990009
0.98977
0.988433
0.985925
0.982586
0.980174
0.979499
0.979663
0.98108
0.981388
0.980258
0.976585
0.97152
0.958619
0.947408
0.944615
0.944208
0.9452
0.94889
0.9535
0.957689
0.961572
0.964564
0.96677
0.968558
0.970306
0.972503
0.975315
0.978474
0.982244
0.984343
0.984404
0.984377
0.984782
0.986268
0.989774
0.992759
0.995001
0.996729
0.997995
0.998841
0.999348
0.999621
0.999739
0.999752
0.999734
0.999647
0.99941
0.999022
0.998112
0.996972
0.995204
0.993901
0.988871
1
1
1
1
1
1
1
1
1
1
1
1
1
1
1
1
1
1
1
1
1
1
1
1
1
1
1
1
1
1
1
1
1
1
1
1
1
1
1
1
1
1
1
1
1
1
1
1
1
1
1
1
1
1
1
1
1
1
1
1
1
1
1
1
1
1
1
1
1
1
1
1
1
1
1
1
1
1
1
1
1
1
1
1
1
1
1
1
1
1
1
1
1
1
1
1
1
0.999999
0.999998
0.999995
0.999988
0.999974
0.99996
0.999957
0.999953
0.999935
0.999643
0.993739
0.954276
0.940399
0.962169
0.981772
0.984573
0.978087
0.967597
0.961942
0.957365
0.949398
0.945405
0.945722
0.948954
0.955213
0.962988
0.971128
0.977377
0.980583
0.981309
0.980637
0.978306
0.974596
0.970149
0.967852
0.967354
0.968271
0.972546
0.975543
0.976579
0.976845
0.97423
0.969942
0.955363
0.94776
0.946152
0.946077
0.948119
0.951684
0.954403
0.956803
0.95959
0.962426
0.965154
0.968048
0.97143
0.975062
0.978612
0.982319
0.983225
0.983488
0.984062
0.985415
0.988828
0.992111
0.99466
0.996635
0.998024
0.998904
0.999386
0.999562
0.999559
0.999482
0.999139
0.998676
0.997389
0.996357
0.994103
0.991689
0.988819
0.985067
0.981778
0.968656
1
1
1
1
1
1
1
1
1
1
1
1
1
1
1
1
1
1
1
1
1
1
1
1
1
1
1
1
1
1
1
1
1
1
1
1
1
1
1
1
1
1
1
1
1
1
1
1
1
1
1
1
1
1
1
1
1
1
1
1
1
1
1
1
1
1
1
1
1
1
1
1
1
1
1
1
1
1
1
1
1
1
1
1
1
1
1
1
1
1
1
1
1
1
1
0.999999
0.999998
0.999993
0.999976
0.999939
0.999861
0.999761
0.999756
0.999775
0.999791
0.999769
0.999046
0.986049
0.929515
0.916318
0.940817
0.961986
0.964484
0.958545
0.950827
0.939993
0.925233
0.912573
0.901727
0.900662
0.908588
0.923332
0.938512
0.952083
0.960827
0.964738
0.965512
0.964356
0.960823
0.955857
0.950752
0.948736
0.948636
0.95064
0.956331
0.962636
0.967299
0.971558
0.973655
0.973729
0.968587
0.954351
0.949769
0.948742
0.948945
0.951592
0.954406
0.956493
0.959185
0.962245
0.96523
0.968452
0.972219
0.97621
0.98
0.982437
0.982944
0.983507
0.984782
0.988038
0.991731
0.994674
0.996837
0.998232
0.999002
0.999204
0.999122
0.998792
0.997576
0.996289
0.99295
0.990575
0.984979
0.981724
0.974545
0.970031
0.962759
0.955056
0.947253
0.916361
1
1
1
1
1
1
1
1
1
1
1
1
1
1
1
1
1
1
1
1
1
1
1
1
1
1
1
1
1
1
1
1
1
1
1
1
1
1
1
1
1
1
1
1
1
1
1
1
1
1
1
1
1
1
1
1
1
1
1
1
1
1
1
1
1
1
1
1
1
1
1
1
1
1
1
1
1
1
1
1
1
1
1
1
1
1
1
1
1
1
1
1
0.999999
0.999998
0.999997
0.999993
0.999976
0.999913
0.999744
0.999371
0.998899
0.998666
0.998761
0.999025
0.999282
0.999299
0.997936
0.978564
0.917888
0.895199
0.907473
0.931851
0.939366
0.936725
0.928626
0.919069
0.913828
0.908585
0.890621
0.863461
0.862446
0.877759
0.901807
0.920749
0.932145
0.937213
0.93839
0.936835
0.932447
0.926664
0.921633
0.920242
0.920901
0.924006
0.930499
0.937717
0.943556
0.95187
0.965165
0.972413
0.973893
0.968869
0.957946
0.954705
0.953624
0.953835
0.956093
0.958508
0.961079
0.964293
0.968095
0.971866
0.975648
0.979156
0.981098
0.982683
0.983299
0.984755
0.988342
0.99256
0.995496
0.997331
0.998252
0.998457
0.99819
0.997127
0.993293
0.989304
0.979871
0.973888
0.960612
0.953094
0.938323
0.931202
0.916053
0.908182
0.892468
0.87813
0.861727
0.798632
1
1
1
1
1
1
1
1
1
1
1
1
1
1
1
1
1
1
1
1
1
1
1
1
1
1
1
1
1
1
1
1
1
1
1
1
1
1
1
1
1
1
1
1
1
1
1
1
1
1
1
1
1
1
1
1
1
1
1
1
1
1
1
1
1
1
1
1
1
1
1
1
1
1
1
1
1
1
1
1
1
1
1
0.999999
0.999998
0.999998
0.999998
0.999997
0.999997
0.999996
0.999994
0.999991
0.999987
0.999983
0.999972
0.999929
0.999744
0.999179
0.997733
0.995939
0.995488
0.995714
0.996171
0.997268
0.998386
0.998495
0.994902
0.967367
0.91441
0.890224
0.888663
0.901721
0.910912
0.911622
0.909434
0.909958
0.91796
0.921544
0.911305
0.859464
0.826322
0.828091
0.849076
0.871773
0.885461
0.892286
0.894575
0.893376
0.889066
0.883499
0.879417
0.878459
0.88012
0.884411
0.891155
0.897758
0.900307
0.904595
0.924904
0.959357
0.973661
0.976224
0.970104
0.96414
0.962216
0.961544
0.962022
0.964668
0.967271
0.969666
0.973356
0.976683
0.978818
0.98146
0.982688
0.9842
0.986748
0.99086
0.994168
0.996006
0.996726
0.996785
0.996131
0.993324
0.9834
0.97258
0.948803
0.930646
0.901958
0.884262
0.857458
0.84333
0.819398
0.80769
0.783284
0.770326
0.743855
0.720633
0.693107
0.598235
1
1
1
1
1
1
1
1
1
1
1
1
1
1
1
1
1
1
1
1
1
1
1
1
1
1
1
1
1
1
1
1
1
1
1
1
1
1
1
1
1
1
1
1
1
1
1
1
1
1
1
1
1
1
1
1
1
1
1
1
1
1
1
1
1
1
1
1
1
1
1
1
1
1
1
1
1
1
1
1
0.999998
0.999995
0.999986
0.999976
0.99997
0.999966
0.999962
0.999959
0.999952
0.99994
0.999923
0.999878
0.99986
0.999837
0.999752
0.999267
0.997668
0.993536
0.992609
0.992589
0.993527
0.995897
0.997109
0.997745
0.99792
0.997051
0.992086
0.974771
0.93181
0.895204
0.883539
0.883975
0.888028
0.890949
0.894847
0.90683
0.930356
0.939254
0.934122
0.885372
0.814516
0.788793
0.788829
0.803182
0.818622
0.827857
0.832263
0.832818
0.830423
0.825947
0.822903
0.82143
0.82257
0.827078
0.833939
0.839079
0.837323
0.829487
0.83441
0.897605
0.958202
0.97774
0.980796
0.9794
0.976967
0.976327
0.976196
0.977349
0.97943
0.980675
0.98246
0.984454
0.985331
0.986883
0.987912
0.989975
0.991788
0.993012
0.993322
0.992681
0.989138
0.98142
0.962837
0.933091
0.884616
0.841813
0.79136
0.75568
0.715557
0.691941
0.66103
0.645158
0.618033
0.603915
0.57502
0.558673
0.525996
0.497862
0.464779
0.364546
1
1
1
1
1
1
1
1
1
1
1
1
1
1
1
1
1
1
1
1
1
1
1
1
1
1
1
1
1
1
1
1
1
1
1
1
1
1
1
1
1
1
1
1
1
1
1
1
1
1
1
1
1
1
1
1
1
1
1
1
1
1
1
1
1
1
1
1
1
1
1
1
1
1
1
1
1
1
0.999999
0.999988
0.999941
0.999843
0.999739
0.999677
0.999654
0.999638
0.999625
0.999597
0.999511
0.999286
0.998895
0.998646
0.998581
0.998497
0.99774
0.990759
0.988384
0.990239
0.992606
0.994198
0.99509
0.995745
0.996334
0.996577
0.996271
0.995214
0.992478
0.987548
0.973399
0.929282
0.899022
0.890956
0.891258
0.896895
0.914375
0.938119
0.952278
0.953858
0.945513
0.895707
0.818816
0.774609
0.756635
0.753238
0.754958
0.760228
0.764292
0.766853
0.767111
0.765844
0.763784
0.762595
0.761493
0.761638
0.763539
0.766933
0.766964
0.759027
0.748564
0.773399
0.887136
0.956214
0.975395
0.980898
0.981586
0.981524
0.981647
0.981949
0.982468
0.982818
0.983358
0.983833
0.983993
0.983835
0.983073
0.981476
0.977539
0.972133
0.959134
0.940926
0.905531
0.846312
0.766747
0.694986
0.629209
0.5836
0.543462
0.518633
0.49111
0.474864
0.45078
0.437189
0.412556
0.398702
0.371494
0.35455
0.324235
0.297613
0.267641
0.193585
1
1
1
1
1
1
1
1
1
1
1
1
1
1
1
1
1
1
1
1
1
1
1
1
1
1
1
1
1
1
1
1
1
1
1
1
1
1
1
1
1
1
1
1
1
1
1
1
1
1
1
1
1
1
1
1
1
1
1
1
1
1
1
1
1
1
1
1
1
1
1
1
1
1
1
1
1
0.999999
0.999976
0.999751
0.999113
0.998869
0.998824
0.998781
0.998696
0.998542
0.998207
0.997435
0.995105
0.991772
0.990076
0.989634
0.989125
0.987626
0.984451
0.983533
0.987213
0.991889
0.993763
0.994406
0.994606
0.994707
0.994794
0.994803
0.994615
0.994145
0.993118
0.990543
0.980975
0.957745
0.945898
0.945935
0.955738
0.959571
0.950885
0.925856
0.912752
0.895886
0.865965
0.826434
0.790458
0.763098
0.745692
0.737948
0.736128
0.736247
0.737443
0.739316
0.740022
0.739912
0.739064
0.737667
0.736334
0.734871
0.733501
0.732638
0.731203
0.729068
0.72631
0.728043
0.807867
0.915905
0.932746
0.938985
0.944213
0.946289
0.946796
0.946715
0.94444
0.940196
0.936114
0.930292
0.92082
0.909243
0.894026
0.872628
0.842737
0.808994
0.755671
0.694823
0.625915
0.57144
0.525389
0.4908
0.459044
0.436107
0.411861
0.394548
0.372944
0.358049
0.336801
0.322811
0.300724
0.286424
0.262766
0.246049
0.221076
0.196332
0.174578
0.119178
0.121824
0.165006
0.190223
0.199182
0.197504
0.193594
0.186778
0.174382
0.15154
0.126537
0.102714
0.0810152
0.0617277
0.0451411
0.0317898
0.0215063
0.0141109
0.00889952
0.00546689
0.00322174
0.00186757
0.00104151
0.000571771
0.000315907
0.000138447
0.628504
0.651738
0.659857
0.659263
0.657437
0.658079
0.659743
0.660441
0.658291
0.649384
0.622839
0.581261
0.526205
0.45432
0.369725
0.281363
0.201135
0.136049
0.0877116
0.053901
0.0319176
0.0182532
0.010036
0.0056751
0.00242381
0.840849
0.837381
0.834731
0.833372
0.833216
0.833936
0.835874
0.840764
0.851737
0.863038
0.870453
0.873966
0.874878
0.871966
0.859929
0.822142
0.704327
0.531347
0.37205
0.243815
0.151454
0.0903504
0.0511789
0.030067
0.0131259
0.897658
0.888229
0.879504
0.872524
0.868063
0.866199
0.86604
0.866871
0.870954
0.884791
0.905933
0.925439
0.939946
0.947398
0.949066
0.947689
0.936434
0.887527
0.721158
0.507094
0.335279
0.21219
0.126251
0.0785195
0.0358662
0.921954
0.910698
0.899188
0.88881
0.880656
0.87522
0.87243
0.87169
0.87198
0.874716
0.887538
0.916801
0.942034
0.959765
0.969306
0.971986
0.971283
0.963115
0.923076
0.771429
0.546908
0.371651
0.23521
0.157231
0.0761161
0.936053
0.924974
0.913099
0.901089
0.89019
0.881448
0.87558
0.872671
0.871985
0.872385
0.875811
0.891561
0.92439
0.951433
0.969524
0.978593
0.980893
0.980019
0.971448
0.930573
0.778218
0.571808
0.38586
0.278037
0.14278
0.941749
0.930647
0.920843
0.910301
0.899191
0.888808
0.88055
0.875402
0.873379
0.873273
0.874927
0.884433
0.914079
0.944113
0.965919
0.979383
0.985417
0.986538
0.985272
0.975829
0.933397
0.795095
0.572429
0.444191
0.241502
0.941533
0.930092
0.922195
0.914967
0.906278
0.89641
0.887124
0.880391
0.877151
0.876607
0.877668
0.885008
0.911704
0.942274
0.964587
0.979361
0.98755
0.990652
0.990925
0.989313
0.979627
0.941889
0.787397
0.650919
0.373138
0.937792
0.927201
0.921351
0.916792
0.910475
0.901936
0.892972
0.886026
0.882498
0.88183
0.8828
0.889829
0.915916
0.945525
0.966594
0.980604
0.989002
0.993102
0.994314
0.994214
0.992327
0.983086
0.93674
0.844787
0.55167
0.935218
0.926322
0.922474
0.919053
0.913113
0.90479
0.896289
0.890068
0.887222
0.886884
0.888328
0.897542
0.926433
0.953514
0.971971
0.983855
0.991032
0.994879
0.996454
0.996734
0.996425
0.994167
0.983588
0.947693
0.733806
0.936055
0.929743
0.926861
0.92255
0.915192
0.90625
0.898209
0.893033
0.891111
0.891136
0.893543
0.906564
0.936756
0.960495
0.976482
0.986587
0.992654
0.996027
0.997619
0.998107
0.998097
0.99751
0.994309
0.981223
0.851915
0.93972
0.934876
0.932599
0.928852
0.920136
0.909616
0.901009
0.895919
0.894232
0.894389
0.897435
0.912755
0.941858
0.963919
0.978753
0.988065
0.993592
0.996676
0.998222
0.998818
0.998911
0.99875
0.997591
0.99205
0.913579
0.945508
0.941867
0.940365
0.938
0.931319
0.918025
0.907016
0.900427
0.898028
0.898036
0.900897
0.915844
0.944073
0.96547
0.979882
0.98889
0.994167
0.997074
0.998554
0.999187
0.999346
0.999303
0.998823
0.996132
0.945932
0.953337
0.950734
0.95006
0.949098
0.945934
0.934365
0.919547
0.909879
0.905517
0.904917
0.906936
0.919311
0.946447
0.967264
0.981182
0.989793
0.994762
0.997448
0.998804
0.999407
0.999591
0.999588
0.999366
0.997897
0.963861
0.961924
0.960468
0.960467
0.960451
0.959581
0.95452
0.940356
0.928202
0.921287
0.919368
0.920332
0.928538
0.951881
0.971125
0.983655
0.991286
0.995625
0.997925
0.999064
0.999573
0.999742
0.999752
0.999635
0.998745
0.974342
0.970594
0.969973
0.970517
0.97136
0.971279
0.969815
0.962889
0.951507
0.943577
0.940492
0.940667
0.945045
0.961348
0.9772
0.987246
0.993283
0.996684
0.998462
0.999327
0.99971
0.999839
0.999851
0.999779
0.999185
0.98075
0.978535
0.978348
0.979066
0.98048
0.980761
0.980455
0.978317
0.970944
0.963562
0.960105
0.959856
0.962052
0.972119
0.98369
0.990953
0.995278
0.997702
0.998956
0.999555
0.999815
0.999903
0.99991
0.99986
0.999429
0.984813
0.985204
0.985239
0.986037
0.987372
0.987792
0.987754
0.9871
0.983814
0.97819
0.97517
0.974749
0.975873
0.981694
0.989297
0.994087
0.996935
0.998528
0.999344
0.999728
0.99989
0.999943
0.999945
0.999907
0.999572
0.987499
0.990246
0.9904
0.991244
0.99216
0.992471
0.992482
0.992259
0.990957
0.987544
0.985437
0.985082
0.985689
0.988979
0.993531
0.99642
0.998152
0.999123
0.999617
0.999845
0.999939
0.999967
0.999967
0.999935
0.999662
0.989341
0.993695
0.993959
0.994747
0.995241
0.995393
0.9954
0.995312
0.994789
0.993097
0.991904
0.991714
0.992069
0.993922
0.996408
0.997995
0.998964
0.999513
0.999792
0.999918
0.999968
0.999981
0.99998
0.999952
0.999721
0.990641
0.995896
0.996259
0.996829
0.997113
0.997193
0.997197
0.997165
0.996976
0.996274
0.99573
0.995669
0.995894
0.996941
0.998174
0.998964
0.999461
0.999748
0.999894
0.999959
0.999984
0.99999
0.999987
0.999962
0.999761
0.991576
0.997263
0.997627
0.998009
0.998215
0.998303
0.998328
0.998326
0.998281
0.998053
0.997855
0.997852
0.998008
0.998595
0.999148
0.999505
0.999739
0.999879
0.99995
0.999981
0.999992
0.999994
0.999992
0.999969
0.999789
0.992262
0.99811
0.998438
0.998701
0.998845
0.998958
0.999047
0.999077
0.99907
0.999005
0.998953
0.998967
0.999091
0.999407
0.999632
0.999781
0.999882
0.999945
0.999978
0.999992
0.999996
0.999997
0.999994
0.999974
0.99981
0.992776
0.998685
0.998919
0.999101
0.999232
0.999353
0.999462
0.999519
0.999526
0.999513
0.999504
0.999521
0.999618
0.999765
0.999853
0.999909
0.99995
0.999977
0.999991
0.999997
0.999998
0.999998
0.999995
0.999977
0.999825
0.993181
0.99906
0.99922
0.999363
0.999487
0.999602
0.999697
0.999752
0.999769
0.999769
0.99977
0.999787
0.999852
0.999912
0.999944
0.999965
0.99998
0.999991
0.999996
0.999999
0.999999
0.999999
0.999996
0.999979
0.999837
0.99354
0.999308
0.999429
0.999549
0.999659
0.999755
0.999829
0.999872
0.999887
0.99989
0.999895
0.999913
0.999947
0.999969
0.99998
0.999987
0.999993
0.999997
0.999999
0.999999
1
0.999999
0.999997
0.999981
0.999849
0.993926
0.999487
0.999584
0.999685
0.999776
0.99985
0.999904
0.999933
0.999945
0.999948
0.999954
0.999968
0.999982
0.999989
0.999993
0.999996
0.999998
0.999999
1
1
1
0.999999
0.999997
0.999983
0.999863
0.994413
0.999628
0.999708
0.99979
0.99986
0.999913
0.999948
0.999966
0.999974
0.999978
0.999983
0.999989
0.999994
0.999997
0.999998
0.999999
0.999999
1
1
1
1
1
0.999998
0.999985
0.999883
0.995126
0.999742
0.999808
0.99987
0.999918
0.999952
0.999973
0.999984
0.999988
0.999991
0.999994
0.999997
0.999998
0.999999
0.999999
1
1
1
1
1
1
1
0.999998
0.999989
0.999911
0.996122
0.999825
0.999877
0.999921
0.999953
0.999974
0.999986
0.999992
0.999995
0.999997
0.999998
0.999999
0.999999
1
1
1
1
1
1
1
1
1
0.999999
0.999993
0.999939
0.997162
0.999883
0.999922
0.999953
0.999973
0.999986
0.999993
0.999996
0.999998
0.999999
0.999999
1
1
1
1
1
1
1
1
1
1
1
0.999999
0.999996
0.999961
0.998006
0.999923
0.999951
0.999971
0.999984
0.999992
0.999996
0.999998
0.999999
0.999999
1
1
1
1
1
1
1
1
1
1
1
1
1
0.999997
0.999974
0.998567
0.999949
0.999969
0.999982
0.999991
0.999995
0.999998
0.999999
0.999999
1
1
1
1
1
1
1
1
1
1
1
1
1
1
0.999998
0.999981
0.998902
0.999966
0.99998
0.999989
0.999994
0.999997
0.999998
0.999999
1
1
1
1
1
1
1
1
1
1
1
1
1
1
1
0.999999
0.999985
0.999092
0.999976
0.999986
0.999992
0.999996
0.999998
0.999999
0.999999
1
1
1
1
1
1
1
1
1
1
1
1
1
1
1
0.999999
0.999987
0.999191
0.999982
0.99999
0.999994
0.999997
0.999998
0.999999
0.999999
1
1
1
1
1
1
1
1
1
1
1
1
1
1
1
0.999999
0.999988
0.999236
0.999985
0.999991
0.999995
0.999997
0.999998
0.999999
0.999999
0.999999
0.999999
0.999999
0.999999
0.999999
0.999999
1
1
1
1
1
1
1
1
1
0.999999
0.999989
0.999256
0.999986
0.999992
0.999995
0.999997
0.999997
0.999998
0.999998
0.999999
0.999999
0.999999
0.999999
0.999999
0.999999
0.999999
0.999999
0.999999
0.999999
0.999999
0.999999
0.999999
0.999999
0.999999
0.999999
0.999989
0.999277
0.999987
0.999992
0.999995
0.999996
0.999996
0.999996
0.999997
0.999997
0.999997
0.999997
0.999997
0.999998
0.999998
0.999998
0.999998
0.999998
0.999998
0.999998
0.999998
0.999998
0.999999
0.999999
0.999998
0.999989
0.999324
0.999987
0.999991
0.999993
0.999993
0.999993
0.999993
0.999993
0.999994
0.999994
0.999994
0.999995
0.999995
0.999996
0.999996
0.999996
0.999996
0.999996
0.999996
0.999996
0.999996
0.999997
0.999998
0.999998
0.99999
0.999412
0.999986
0.999989
0.99999
0.999989
0.999987
0.999986
0.999986
0.999987
0.999988
0.999988
0.99999
0.999991
0.999991
0.999991
0.999991
0.99999
0.99999
0.99999
0.99999
0.999991
0.999994
0.999996
0.999996
0.999991
0.999526
0.999983
0.999985
0.999985
0.999983
0.999977
0.999974
0.999973
0.999974
0.999974
0.999976
0.999979
0.999981
0.999982
0.999982
0.999981
0.999979
0.999977
0.999977
0.999977
0.999979
0.999985
0.999991
0.999993
0.99999
0.999638
0.999977
0.999977
0.999976
0.999968
0.999957
0.999952
0.99995
0.99995
0.99995
0.999951
0.999955
0.999961
0.999963
0.999963
0.999961
0.999954
0.99995
0.999949
0.999949
0.999953
0.999967
0.999982
0.999988
0.999987
0.999715
0.999962
0.99996
0.999953
0.999937
0.999924
0.999915
0.99991
0.999905
0.999902
0.999902
0.999905
0.999916
0.999924
0.999924
0.99992
0.999906
0.999898
0.999896
0.999897
0.999907
0.999938
0.999965
0.99998
0.999981
0.999749
0.999918
0.999903
0.999887
0.999871
0.999859
0.999849
0.999835
0.999817
0.999801
0.999797
0.9998
0.999819
0.99984
0.999842
0.999837
0.999818
0.999807
0.999806
0.99981
0.999836
0.999895
0.999939
0.999965
0.999969
0.999752
0.999775
0.999753
0.999738
0.999728
0.999719
0.999707
0.999678
0.999626
0.999583
0.999569
0.999574
0.999611
0.999662
0.999673
0.99967
0.999653
0.999647
0.999649
0.999667
0.999741
0.999836
0.999899
0.999935
0.999944
0.999728
0.99941
0.9994
0.999402
0.9994
0.999391
0.999365
0.999291
0.999178
0.999096
0.999073
0.999086
0.999172
0.999288
0.99933
0.999338
0.999341
0.999347
0.999371
0.999464
0.999617
0.99974
0.999817
0.999852
0.999857
0.999618
0.998533
0.998583
0.99864
0.998642
0.99862
0.998543
0.998354
0.998169
0.998064
0.998048
0.998093
0.998299
0.998508
0.998639
0.998736
0.9988
0.998854
0.998952
0.999127
0.999329
0.999481
0.99954
0.999524
0.999476
0.999013
0.996292
0.99661
0.996821
0.996839
0.996795
0.996603
0.99633
0.996177
0.996151
0.996205
0.99647
0.996868
0.99721
0.997508
0.997725
0.99784
0.997901
0.997978
0.998136
0.998356
0.998456
0.998452
0.998011
0.99757
0.996027
0.990437
0.991476
0.992185
0.99251
0.992508
0.992388
0.992338
0.992388
0.992611
0.993027
0.993524
0.994093
0.994664
0.995098
0.995277
0.995284
0.995044
0.994737
0.994607
0.994618
0.994489
0.993863
0.990786
0.988979
0.984201
0.974512
0.978038
0.980489
0.981963
0.982693
0.983239
0.983916
0.984607
0.985174
0.985778
0.986565
0.987325
0.987709
0.987796
0.987554
0.986427
0.984315
0.982859
0.981662
0.981022
0.978907
0.974439
0.963452
0.95906
0.946798
0.933686
0.944484
0.951919
0.956534
0.959443
0.961772
0.963585
0.964714
0.965474
0.966053
0.96636
0.966418
0.965638
0.964343
0.959825
0.955269
0.948527
0.945688
0.939485
0.935454
0.923439
0.911506
0.890097
0.880733
0.852992
0.840221
0.867518
0.885626
0.896777
0.903809
0.908387
0.911091
0.911721
0.911383
0.910622
0.908544
0.905904
0.898832
0.892293
0.877807
0.869139
0.854441
0.847279
0.830031
0.818519
0.78921
0.771909
0.74003
0.723882
0.67556
0.660312
0.709794
0.74507
0.766595
0.778906
0.785799
0.786556
0.785606
0.781815
0.77724
0.769624
0.758556
0.742735
0.726882
0.706598
0.692882
0.671149
0.658567
0.629509
0.611862
0.57601
0.557586
0.520552
0.500149
0.443321
0.427234
0.483949
0.523454
0.542561
0.555272
0.560619
0.560118
0.557788
0.5529
0.545546
0.534902
0.521346
0.506074
0.490646
0.474027
0.459092
0.439329
0.423319
0.396737
0.380114
0.349806
0.333668
0.301355
0.282993
0.236481
0.232679
0.282641
0.311233
0.325509
0.337158
0.341505
0.341142
0.339793
0.337033
0.33163
0.323044
0.312816
0.301839
0.289971
0.277379
0.264068
0.248994
0.234484
0.216575
0.202838
0.182448
0.170454
0.147278
0.13502
0.106521
0.134273
0.171728
0.193281
0.208711
0.220609
0.225293
0.225942
0.225483
0.224013
0.219591
0.211698
0.203075
0.193828
0.183705
0.173077
0.161783
0.150083
0.138346
0.125861
0.11474
0.101097
0.0915885
0.076016
0.0684438
0.0510211
)
;

boundaryField
{
    inlet
    {
        type            fixedValue;
        value           uniform 1;
    }
    outlet
    {
        type            inletOutlet;
        inletValue      uniform 0;
        value           nonuniform List<scalar> 
57
(
0.000138447
0.00242381
0.0131259
0.0358662
0.0761161
0.14278
0.241502
0.373138
0.55167
0.733806
0.851915
0.913579
0.945932
0.963861
0.974342
0.98075
0.984813
0.987499
0.989341
0.990641
0.991576
0.992262
0.992776
0.993181
0.99354
0.993926
0.994413
0.995126
0.996122
0.997162
0.998006
0.998567
0.998902
0.999092
0.999191
0.999236
0.999256
0.999277
0.999324
0.999412
0.999526
0.999638
0.999715
0.999749
0.999752
0.999728
0.999618
0.999013
0.996027
0.984201
0.946798
0.852992
0.67556
0.443321
0.236481
0.106521
0.0510211
)
;
    }
    upperWall
    {
        type            zeroGradient;
    }
    lowerWall
    {
        type            zeroGradient;
    }
    frontAndBack
    {
        type            empty;
    }
}


// ************************************************************************* //
