/*--------------------------------*- C++ -*----------------------------------*\
  =========                 |
  \\      /  F ield         | OpenFOAM: The Open Source CFD Toolbox
   \\    /   O peration     | Website:  https://openfoam.org
    \\  /    A nd           | Version:  9
     \\/     M anipulation  |
\*---------------------------------------------------------------------------*/
FoamFile
{
    format      ascii;
    class       volScalarField;
    location    "0.065";
    object      pPrime2Mean;
}
// * * * * * * * * * * * * * * * * * * * * * * * * * * * * * * * * * * * * * //

dimensions      [0 4 -4 0 0 0 0];

internalField   nonuniform List<scalar> 
12225
(
295964
293089
289806
286273
282594
278850
275094
271361
267670
264033
260449
256915
253417
249936
246438
242864
239097
234860
296002
293116
289828
286291
282608
278862
275105
271371
267680
264043
260461
256928
253434
249958
246469
242915
239200
235158
296083
293176
289876
286330
282641
278889
275129
271393
267702
264066
260486
256958
253471
250007
246538
243023
239400
235614
296184
293275
289957
286395
282694
278935
275169
271430
267739
264104
260528
257007
253531
250086
246649
243192
239687
236149
296352
293423
290076
286491
282773
279001
275228
271485
267792
264160
260589
257078
253619
250199
246805
243420
240044
236724
296615
293629
290240
286623
282882
279094
275309
271561
267866
264236
260673
257176
253737
250350
247007
243704
240455
237319
296977
293905
290458
286798
283026
279215
275417
271660
267964
264337
260783
257302
253889
250541
247255
244037
240909
237925
297437
294262
290740
287024
283210
279372
275554
271787
268088
264465
260922
257460
254077
250772
247548
244415
241397
238539
298037
294714
291094
287306
283441
279567
275726
271946
268242
264623
261093
257652
254302
251043
247882
244831
241912
239158
298747
295268
291529
287654
283725
279806
275936
272139
268429
264814
261298
257881
254565
251355
248256
245281
242449
239783
299600
295942
292060
288075
284067
280094
276188
272371
268654
265042
261539
258147
254868
251705
248666
245761
243005
240413
300484
296682
292640
288535
284439
280406
276461
272622
268895
265285
261795
258426
255179
252059
249071
246225
243529
240994
301628
297542
293303
289054
284860
280758
276769
272903
269165
265557
262079
258732
255517
252437
249496
246701
244058
241573
303181
298693
294177
289736
285408
281216
277169
273268
269514
265906
262440
259117
255936
252898
250007
247264
244673
242235
305276
300207
295313
290616
286114
281805
277682
273736
269960
266348
262895
259596
256450
253455
250612
247920
245378
242986
308000
302175
296756
291722
286996
282540
278323
274321
270518
266899
263455
260180
257068
254114
251316
248671
246175
243824
311399
304505
298451
293020
288038
283415
279091
275026
271189
267561
264125
260872
257790
254874
252117
249514
247057
244742
314938
306926
300217
294385
289148
284365
279941
275817
271951
268315
264888
261655
258602
255719
252998
250430
248007
245723
317384
308621
301518
295461
290090
285223
280752
276604
272732
269103
265694
262484
259460
256608
253918
251381
248987
246729
315768
308095
301462
295638
290398
285613
281198
277093
273257
269661
266281
263100
260103
257277
254612
252097
249723
247482
313899
306978
300876
295383
290351
285703
281378
277338
273550
269991
266641
263486
260512
257706
255057
252557
250197
247967
311838
305750
300158
294990
290170
285663
281435
277462
273724
270202
266882
263750
260795
258005
255370
252882
250531
248309
309980
304605
299457
294578
289951
285571
281432
277520
273826
270337
267041
263929
260989
258212
255588
253109
250765
248549
308529
303674
298874
294224
289750
285475
281406
277544
273885
270422
267147
264050
261122
258355
255739
253266
250927
248716
307516
302969
298421
293945
289587
285390
281375
277552
273920
270477
267216
264130
261212
258451
255841
253373
251038
248830
306661
302436
298090
293739
289465
285325
281349
277553
273940
270511
267261
264183
261271
258515
255909
253444
251112
248906
306038
302065
297860
293597
289381
285279
281330
277551
273952
270532
267289
264217
261308
258556
255953
253490
251160
248955
305564
301816
297714
293508
289328
285250
281317
277550
273958
270544
267306
264237
261331
258581
255979
253518
251188
248984
305305
301678
297633
293459
289299
285234
281309
277549
273962
270551
267314
264247
261343
258595
255994
253533
251204
249000
305171
301619
297599
293439
289286
285227
281306
277548
273963
270554
267318
264252
261348
258600
255999
253539
251210
249007
198849
198829
198793
198742
198678
198600
198509
198401
198273
198123
197949
197752
197534
197296
197039
196765
196473
196163
195834
195488
195125
194744
194347
193933
193503
193055
192590
192108
191607
191091
190557
190006
189438
188851
188249
187633
187006
186372
185727
185070
184402
183723
183030
182321
181591
180843
180075
179286
178482
177665
176831
175982
175125
174256
173377
172493
171614
170723
169809
168877
167940
167002
166066
165130
164191
163245
162287
161316
160328
159320
158289
157234
156154
155048
153916
152765
151606
150450
149304
148169
147044
145922
144801
143677
142554
141424
140300
139179
138054
136905
135737
134578
133442
132329
131232
130139
129042
127930
126796
125636
124445
123220
121961
120667
119341
117988
116613
115223
113825
112426
111032
109648
108276
106917
105571
104237
102914
101600
100293
98992.9
97697.5
96406
95117.4
93830.9
92546
91262.3
89979.7
88698.1
87417.7
86138.3
84860.2
83583.4
82307.7
81033
79759.3
78486.4
77214
75941.9
74670.2
73398.6
72127.2
70855.9
69584.9
68314.2
67043.8
65774.1
64505
63236.9
61969.8
60704
59439.6
58176.8
56915.7
55656.8
54401.1
53150.6
51907
50671.6
49444.8
48227.5
47017.5
45809.6
44603.3
43404.3
42209.1
41017
39830.7
38653.5
37487.1
36331.7
35187.5
34054.7
32933.8
31825.5
30730.2
29648.4
28581
27530
26499.2
25499.2
198903
198884
198849
198797
198732
198654
198561
198450
198318
198165
197989
197791
197574
197339
197084
196812
196521
196211
195883
195536
195171
194788
194388
193970
193536
193085
192617
192131
191628
191109
190574
190021
189452
188866
188266
187650
187021
186384
185736
185077
184406
183722
183027
182319
181592
180843
180070
179271
178458
177636
176799
175949
175092
174229
173358
172474
171583
170685
169771
168848
167919
166989
166060
165129
164193
163248
162291
161319
160331
159321
158290
157234
156153
155045
153911
152757
151596
150437
149288
148153
147029
145910
144794
143676
142556
141431
140297
139160
138020
136867
135708
134565
133442
132338
131246
130157
129060
127949
126816
125656
124465
123240
121980
120685
119358
118004
116628
115236
113837
112436
111041
109655
108281
106922
105576
104241
102918
101603
100297
98995.9
97700.3
96408.6
95119.8
93833.2
92548.2
91264.5
89981.8
88700.2
87419.7
86140.3
84862.2
83585.2
82309.5
81034.9
79761.1
78488.2
77215.8
75943.9
74672.1
73400.6
72129.2
70857.9
69586.9
68316.3
67046
65776.2
64507.3
63239.3
61972.4
60706.8
59442.7
58180.3
56919.8
55661.5
54406.7
53157
51914
50678.8
49451.5
48232.6
47020
45809.4
44603.4
43406.6
42211.8
41018.4
39831
38653.3
37486.8
36331.3
35187.1
34054.3
32933.5
31825.1
30729.7
29647.7
28579.9
27528.3
26495.7
25489.7
199053
199035
199000
198947
198877
198791
198688
198568
198427
198267
198088
197891
197676
197442
197191
196920
196630
196320
195990
195640
195271
194883
194478
194054
193614
193156
192682
192191
191683
191160
190620
190064
189493
188907
188307
187693
187066
186428
185780
185119
184446
183762
183067
182355
181624
180868
180090
179289
178468
177635
176791
175936
175078
174216
173343
172460
171566
170665
169756
168844
167928
167007
166083
165153
164214
163264
162302
161327
160336
159328
158298
157243
156160
155047
153907
152749
151582
150418
149266
148130
147010
145899
144790
143679
142559
141427
140281
139127
137972
136820
135677
134551
133442
132348
131262
130176
129083
127974
126843
125685
124496
123272
122012
120717
119389
118033
116654
115261
113858
112455
111057
109668
108293
106932
105585
104250
102926
101611
100303
99002.3
97706.2
96414.1
95125
93838.2
92552.9
91269
89986.2
88704.5
87423.9
86144.4
84866.2
83589.2
82313.4
81038.7
79765
78492
77219.7
75947.7
74676
73404.5
72133.1
70861.9
69591
68320.3
67050.1
65780.5
64511.6
63243.8
61977.1
60711.7
59447.9
58185.9
56925.8
55668.1
54414
53164.5
51921.1
50685
49456.3
48235.4
47021.4
45811.8
44607.1
43408.1
42212.3
41019
39831.2
38652.7
37485.7
36330.3
35186.4
34053.8
32933
31824.6
30729
29646.7
28578.2
27525.4
26490.1
25477.1
199273
199255
199219
199164
199090
198998
198888
198760
198614
198449
198268
198069
197853
197619
197366
197094
196801
196487
196152
195797
195422
195027
194614
194183
193735
193270
192789
192292
191780
191252
190710
190152
189580
188994
188394
187782
187158
186522
185873
185213
184542
183859
183166
182456
181722
180959
180168
179354
178522
177677
176823
175962
175098
174229
173352
172468
171577
170682
169784
168881
167974
167059
166135
165200
164254
163294
162321
161337
160339
159329
158301
157248
156163
155047
153903
152738
151565
150399
149248
148115
146998
145891
144784
143668
142543
141401
140246
139085
137930
136786
135656
134542
133444
132359
131280
130200
129111
128006
126878
125723
124536
123314
122056
120761
119432
118073
116692
115295
113889
112483
111081
109689
108311
106948
105599
104263
102938
101622
100314
99012.1
97715.4
96422.7
95133.1
93845.8
92560.2
91276
89993
88711.1
87430.4
86150.8
84872.5
83595.4
82319.5
81044.8
79771.1
78498.1
77225.8
75953.8
74682.1
73410.6
72139.2
70868.1
69597.2
68326.5
67056.3
65786.7
64518
63250.3
61983.8
60718.6
59455.1
58193.4
56933.6
55676.5
54422.7
53173.3
51929.4
50692.2
49461.9
48238.8
47022.7
45812.1
44606.2
43406.1
42210.6
41017.8
39830
38651.4
37484.5
36329.3
35185.6
34053.1
32932.4
31823.9
30728
29645.1
28575.8
27521.2
26482.7
25463.2
199562
199544
199506
199448
199371
199276
199162
199031
198881
198713
198528
198325
198103
197864
197605
197325
197024
196702
196359
195995
195611
195207
194786
194346
193890
193417
192928
192425
191908
191377
190834
190277
189708
189127
188533
187926
187306
186672
186024
185366
184700
184023
183332
182622
181884
181114
180312
179481
178630
177765
176893
176016
175139
174261
173380
172495
171609
170720
169827
168931
168028
167117
166195
165260
164310
163344
162364
161372
160369
159354
158321
157264
156175
155054
153906
152741
151568
150403
149251
148119
147002
145892
144778
143655
142520
141368
140208
139049
137900
136763
135641
134536
133447
132370
131298
130225
129141
128041
126917
125765
124582
123363
122107
120812
119482
118121
116737
115337
113928
112517
111112
109716
108334
106969
105618
104281
102955
101638
100329
99025.7
97728
96434.4
95144.1
93856.2
92570.1
91285.5
90002.2
88720.1
87439.2
86159.4
84881
83603.9
82328
81053.3
79779.6
78506.7
77234.5
75962.5
74690.8
73419.2
72147.9
70876.7
69605.9
68335.2
67065
65795.4
64526.6
63259
61992.6
60727.6
59464.3
58202.8
56943.4
55686.5
54432.8
53183.3
51939
50700.6
49468.7
48243.6
47025.3
45812.9
44605.2
43403.3
42206.7
41014.1
39827.1
38649.4
37483.1
36328.2
35184.7
34052.4
32931.6
31823
30726.7
29643.2
28572.7
27516.1
26474.2
25448.7
199930
199908
199866
199806
199726
199628
199512
199377
199224
199052
198861
198651
198422
198173
197904
197614
197301
196967
196612
196236
195839
195424
194991
194541
194074
193592
193096
192585
192062
191527
190982
190427
189861
189286
188699
188098
187481
186849
186204
185548
184884
184210
183520
182809
182068
181290
180474
179625
178752
177863
176966
176068
175174
174288
173406
172524
171642
170758
169871
168979
168082
167176
166261
165332
164387
163425
162447
161454
160447
159425
158383
157315
156218
155092
153941
152774
151603
150439
149290
148155
147032
145913
144788
143654
142507
141348
140185
139027
137880
136747
135630
134531
133448
132377
131312
130245
129168
128073
126954
125807
124628
123414
122161
120867
119537
118174
116786
115383
113971
112557
111148
109748
108363
106995
105642
104303
102976
101657
100347
99042.7
97743.8
96449.3
95158.1
93869.4
92582.6
91297.5
90013.8
88731.4
87450.2
86170.4
84891.9
83614.7
82338.9
81064.3
79790.8
78518.1
77245.8
75974
74702.4
73430.8
72159.4
70888.1
69617.2
68346.6
67076.4
65806.5
64537.6
63270
62003.6
60738.7
59475.5
58214.2
56954.9
55698
54444.4
53194.7
51949.7
50710.3
49476.9
48249.8
47029.4
45814.9
44605.5
43401.6
42203.6
41010.9
39824.7
38647.7
37481.7
36327.2
35183.8
34051.6
32930.8
31821.9
30725.1
29640.7
28568.9
27510.1
26464.9
25434.1
200367
200345
200301
200239
200159
200059
199940
199801
199642
199463
199265
199046
198806
198545
198262
197956
197628
197279
196909
196518
196107
195678
195231
194768
194290
193797
193291
192772
192242
191701
191151
190593
190028
189455
188871
188272
187657
187026
186382
185727
185064
184391
183701
182988
182242
181457
180630
179765
178873
177962
177041
176121
175211
174318
173436
172558
171683
170806
169926
169041
168150
167252
166346
165427
164492
163540
162571
161583
160576
159549
158497
157417
156310
155176
154022
152854
151683
150519
149367
148227
147096
145964
144826
143677
142516
141347
140178
139017
137869
136737
135622
134526
133447
132380
131320
130258
129186
128097
126984
125843
124670
123461
122212
120922
119591
118226
116836
115430
114015
112599
111187
109784
108396
107024
105669
104328
103000
101680
100368
99062.7
97762.7
96467
95174.8
93885.2
92597.8
91312.1
90027.9
88745.1
87463.7
86183.7
84905.2
83628.1
82352.4
81078
79804.7
78532.3
77260.4
75988.8
74717.2
73445.8
72174.3
70903
69632
68361.2
67090.8
65820.7
64551.5
63283.6
62017.1
60752.2
59488.9
58227.6
56968.3
55711.4
54457.6
53207.5
51961.8
50721.2
49486.3
48257.4
47034.8
45818.2
44607
43401.4
42202
41008.9
39823.1
38646.5
37480.7
36326.2
35182.9
34050.7
32929.7
31820.5
30723.1
29637.8
28564.5
27503.6
26455.2
25420
200887
200864
200821
200758
200674
200569
200443
200296
200129
199940
199730
199499
199244
198967
198668
198345
198001
197635
197248
196841
196414
195970
195508
195031
194540
194036
193519
192991
192452
191903
191346
190782
190212
189635
189047
188445
187829
187198
186556
185904
185243
184571
183880
183165
182415
181623
180786
179907
178997
178065
177121
176181
175257
174359
173478
172606
171738
170870
169999
169123
168241
167353
166457
165550
164629
163689
162730
161748
160742
159710
158651
157564
156449
155310
154153
152985
151814
150648
149491
148344
147199
146052
144896
143728
142550
141366
140188
139020
137867
136731
135615
134519
133441
132375
131317
130258
129191
128106
126999
125865
124700
123497
122254
120968
119640
118275
116883
115474
114058
112640
111227
109822
108431
107056
105699
104357
103026
101705
100392
99085.4
97784.1
96487.3
95194.1
93903.6
92615.3
91329
90044.4
88761.3
87479.8
86199.7
84921.1
83644.1
82368.7
81094.6
79821.8
78549.8
77278.4
76007.2
74735.9
73464.6
72193.2
70921.8
69650.7
68379.7
67108.8
65838.3
64568.5
63300
62033.4
60768.3
59504.8
58243.4
56984
55726.7
54472.5
53221.9
51975.3
50733.5
49496.9
48266.1
47041.4
45822.6
44609.6
43402.4
42201.6
41008
39822.2
38645.9
37480.2
36325.5
35182
34049.6
32928.4
31818.7
30720.7
29634.3
28559.6
27496.5
26445.2
25406.1
201497
201473
201427
201359
201268
201155
201020
200862
200682
200480
200255
200008
199737
199442
199125
198785
198423
198040
197635
197211
196768
196308
195831
195340
194836
194320
193793
193254
192705
192146
191579
191005
190426
189839
189242
188634
188015
187385
186746
186100
185445
184777
184089
183372
182618
181819
180970
180075
179144
178189
177223
176264
175330
174426
173546
172679
171817
170957
170096
169232
168362
167485
166600
165703
164793
163864
162912
161936
160932
159899
158835
157742
156623
155482
154324
153156
151986
150818
149657
148499
147340
146174
144996
143804
142604
141405
140214
139035
137873
136731
135610
134511
133431
132364
131305
130246
129179
128098
126997
125870
124712
123518
122282
121001
119676
118312
116920
115512
114095
112678
111264
109858
108465
107090
105731
104387
103055
101733
100418
99110.4
97807.9
96510
95215.7
93924.3
92635.2
91348.3
90063.2
88779.9
87498.2
86218.2
84939.8
83663.2
82388.1
81114.6
79842.3
78571
77300.3
76029.7
74759.1
73488
72216.7
70945.6
69674.5
68403.1
67131.8
65860.5
64590
63320.8
62053.4
60787.8
59523.9
58262.1
57002.3
55744.5
54489.6
53238.2
51990.6
50747.2
49508.8
48276
47048.9
45828
44613
43404.1
42202.2
41007.8
39821.8
38645.5
37479.6
36324.8
35181
34048.3
32926.7
31816.5
30717.6
29630.2
28554
27488.9
26435.1
25392.7
202192
202166
202116
202041
201942
201819
201672
201500
201306
201088
200847
200582
200294
199982
199647
199289
198910
198508
198086
197645
197185
196709
196217
195713
195196
194668
194129
193579
193018
192447
191868
191281
190688
190088
189480
188864
188241
187611
186977
186338
185691
185030
184345
183627
182867
182057
181192
180277
179325
178346
177357
176383
175440
174533
173651
172787
171931
171078
170226
169370
168510
167642
166766
165878
164975
164054
163109
162138
161137
160104
159038
157943
156820
155676
154517
153351
152183
151016
149852
148686
147512
146325
145121
143903
142680
141463
140257
139064
137890
136738
135610
134505
133420
132348
131285
130222
129155
128075
126977
125857
124708
123522
122293
121017
119696
118334
116945
115538
114124
112708
111296
109891
108499
107123
105764
104419
103086
101762
100447
99137.4
97833.9
96534.9
95239.5
93947.2
92657.3
91369.7
90084.2
88800.7
87519.1
86239.3
84961.3
83685.2
82410.9
81138.2
79867.1
78596.9
77327.3
76057.8
74788
73517.5
72246.7
70975.8
69704.5
68433.1
67160.9
65888.6
64616.8
63346.7
62078.2
60811.5
59546.9
58284.6
57024.1
55765.6
54509.6
53257.1
52008
50762.8
49522.2
48287
47057.5
45834.2
44617
43406.5
42203.2
41008
39821.7
38645.1
37479.1
36323.9
35179.7
34046.7
32924.6
31813.7
30714
29625.4
28547.8
27480.9
26424.8
25379.6
202975
202946
202890
202809
202701
202567
202408
202224
202015
201782
201525
201243
200938
200608
200256
199881
199483
199064
198625
198166
197690
197198
196692
196173
195644
195103
194552
193990
193417
192832
192238
191636
191026
190410
189788
189160
188530
187897
187264
186629
185986
185329
184645
183923
183153
182328
181443
180508
179533
178532
177525
176537
175587
174677
173796
172932
172080
171233
170385
169535
168680
167818
166946
166063
165165
164248
163309
162342
161343
160311
159245
158148
157023
155876
154717
153551
152386
151223
150059
148888
147703
146496
145268
144024
142776
141540
140318
139110
137921
136758
135621
134507
133413
132333
131262
130193
129120
128039
126944
125830
124688
123509
122285
121012
119694
118337
116953
115551
114142
112730
111321
109919
108529
107155
105796
104451
103117
101793
100476
99166.1
97861.7
96561.7
95265.4
93972.1
92681.5
91393.4
90107.6
88824.1
87542.6
86263.2
84986
83710.9
82437.8
81166.7
79897.2
78628.8
77361.1
76093.2
74824.6
73554.8
72284.4
71013.9
69742.9
68471
67197.9
65924.1
64650.7
63379.1
62109.2
60841
59575.1
58311.8
57050.5
55790.8
54533.5
53279.4
52028.5
50780.9
49537.7
48299.6
47067.3
45841.2
44621.7
43409.2
42204.6
41008.4
39821.6
38644.7
37478.3
36322.8
35178.2
34044.6
32921.9
31810.3
30709.7
29620
28541
27472.5
26414.4
25367
203854
203822
203761
203673
203558
203415
203247
203052
202833
202588
202317
202022
201701
201357
200988
200595
200179
199741
199283
198807
198313
197804
197283
196750
196207
195653
195088
194512
193923
193323
192711
192089
191459
190822
190180
189535
188890
188246
187604
186962
186314
185652
184962
184231
183450
182612
181716
180771
179787
178772
177751
176751
175791
174873
173988
173122
172268
171420
170573
169722
168866
168004
167132
166249
165351
164436
163499
162534
161535
160502
159434
158336
157210
156063
154902
153738
152576
151418
150260
149090
147898
146679
145430
144162
142892
141636
140397
139173
137971
136796
135647
134522
133417
132325
131241
130163
129083
127998
126901
125788
124649
123473
122251
120982
119669
118318
116942
115549
114147
112741
111338
109941
108555
107184
105827
104482
103149
101824
100507
99196.1
97890.9
96590.2
95293
93999
92707.8
91419.3
90133.5
88850.1
87569.1
86290.6
85014.7
83741.3
82470.3
81201.6
79934.7
78669.2
77404
76138.1
74871.2
73602.5
72332.7
71062.6
69791.7
68519.4
67245
65969
64693.4
63419.7
62147.8
60877.6
59609.9
58345.1
57082.4
55821.1
54562.1
53306.1
52053
50802.6
49555.9
48314.3
47078.6
45849.3
44627.1
43412.5
42206.2
41009
39821.4
38644
37477.3
36321.3
35176.2
34042
32918.7
31806.4
30704.9
29614.1
28533.8
27463.9
26404.1
25354.7
204849
204815
204751
204659
204539
204392
204220
204021
203796
203544
203264
202957
202622
202260
201873
201460
201023
200565
200086
199588
199075
198548
198009
197459
196897
196325
195741
195145
194537
193917
193284
192640
191985
191322
190653
189982
189312
188644
187980
187317
186650
185969
185263
184518
183725
182880
181987
181050
180072
179063
178042
177036
176065
175134
174237
173362
172497
171638
170784
169927
169063
168193
167314
166425
165524
164606
163666
162698
161697
160660
159589
158489
157364
156217
155058
153896
152739
151588
150437
149274
148085
146859
145597
144309
143020
141747
140493
139256
138040
136852
135691
134552
133431
132324
131227
130137
129048
127955
126853
125735
124592
123414
122193
120927
119621
118280
116914
115532
114139
112742
111346
109956
108577
107210
105856
104512
103179
101855
100538
99226.8
97921.2
96619.8
95322.1
94027.6
92736.2
91447.7
90162.1
88879.3
87599.3
86322.4
85048.7
83778.3
82510.6
81245.5
79982.3
78720.3
77458.2
76195.1
74930.2
73662.6
72393.5
71123.8
69853.2
68580.2
67304.1
66025.7
64747.4
63470.8
62196
60923.2
59652.9
58385.6
57120.7
55857.4
54596.2
53338.1
52082.3
50828.4
49577.7
48331.9
47092.1
45859
44633.6
43416.4
42208.2
41009.6
39821.2
38643.2
37476
36319.5
35173.9
34039.1
32915.1
31802
30699.6
29607.8
28526.4
27455.1
26393.9
25343
205992
205956
205892
205800
205683
205539
205368
205169
204939
204677
204383
204057
203700
203316
202905
202470
202012
201530
201028
200506
199969
199417
198853
198278
197693
197097
196489
195869
195236
194591
193931
193259
192573
191877
191174
190468
189763
189061
188362
187666
186966
186256
185525
184765
183962
183116
182233
181316
180360
179373
178366
177364
176387
175441
174525
173631
172746
171869
170999
170129
169254
168372
167482
166582
165672
164746
163799
162824
161816
160773
159699
158597
157473
156330
155174
154016
152865
151722
150581
149427
148245
147021
145754
144456
143153
141865
140599
139351
138125
136925
135749
134594
133456
132333
131222
130119
129019
127915
126802
125674
124522
123338
122116
120855
119556
118226
116873
115502
114120
112732
111345
109964
108593
107231
105881
104540
103209
101885
100568
99257.6
97951.8
96650.2
95352.4
94057.9
92766.6
91478.6
90193.8
88912.3
87634.1
86359.8
85089.8
83823.9
82561.3
81301
80042.4
78784.2
77525.7
76266.1
75003
73736.4
72468
71198.5
69927.8
68654
67376.3
66094.9
64813.2
63533.6
62255.8
60979.7
59705.9
58435.2
57167.3
55901
54637
53376
52117
50859.1
49603.7
48352.9
47108.2
45870.6
44641.4
43421.2
42210.8
41010.7
39821.1
38642.3
37474.5
36317.4
35171.2
34035.8
32911.2
31797.3
30694.1
29601.3
28518.9
27446.4
26384
25331.7
207312
207276
207214
207125
207011
206870
206697
206489
206244
205961
205642
205290
204908
204498
204060
203598
203113
202604
202073
201521
200952
200369
199774
199168
198552
197925
197286
196635
195970
195292
194599
193893
193173
192442
191701
190957
190211
189468
188727
187990
187252
186507
185749
184969
184160
183315
182443
181546
180619
179661
178678
177690
176714
175758
174824
173906
172997
172094
171199
170310
169421
168525
167621
166709
165786
164849
163891
162907
161891
160842
159765
158663
157540
156401
155251
154099
152953
151816
150682
149538
148365
147149
145886
144588
143280
141983
140707
139452
138216
137003
135812
134641
133487
132350
131225
130109
128995
127877
126750
125608
124445
123254
122030
120771
119481
118161
116819
115460
114089
112713
111338
109967
108604
107249
105903
104565
103236
101914
100598
99288.1
97982.6
96681.3
95383.7
94089.8
92799.5
91512.7
90229.5
88950.1
87675
86404.8
85140.1
83880.4
82624.2
81369.9
80116.3
78862.4
77607.5
76350.1
75088.6
73823
72554.2
71284.4
70014.1
68739.5
67459.7
66175.7
64890.9
63608.4
62327.4
61047.5
59770
58495.2
57223.4
55953.3
54685.8
53421.2
52158
50895.3
49634.4
48377.9
47127.4
45884.5
44650.8
43427.1
42214.1
41012.1
39821.2
38641.5
37472.8
36315.2
35168.4
34032.3
32907.1
31792.5
30688.5
29594.8
28511.4
27437.9
26374.4
25321.1
208860
208822
208759
208670
208553
208404
208219
207993
207724
207414
207066
206682
206267
205820
205344
204841
204313
203765
203195
202605
201998
201377
200743
200097
199441
198774
198096
197406
196704
195989
195261
194519
193764
192997
192219
191435
190650
189866
189085
188306
187529
186749
185961
185160
184341
183496
182630
181747
180845
179914
178957
177983
177010
176051
175105
174168
173237
172310
171389
170476
169565
168651
167731
166803
165866
164915
163945
162950
161927
160875
159796
158694
157573
156437
155293
154147
153005
151872
150743
149603
148438
147232
145981
144694
143391
142094
140813
139550
138304
137080
135876
134691
133524
132372
131233
130102
128973
127839
126696
125540
124365
123166
121939
120683
119398
118088
116756
115407
114049
112686
111323
109964
108610
107262
105921
104588
103261
101942
100628
99318.4
98013.9
96713.4
95416.8
94124.2
92835.6
91551.1
90270.9
88995.3
87724.9
86460.5
85202.5
83949.9
82700.9
81452.9
80204.3
78954.1
77701.2
76444.3
75182.8
73917.2
72648
71378.4
70107.1
68831.7
67550.4
66265.2
64979.3
63694.2
62410.6
61127.6
59846.3
58567.5
57291.1
56016.6
54744.5
53475.3
52206.9
50938.4
49670.9
48407.4
47150.1
45901
44662
43434.2
42218.1
41014
39821.6
38640.7
37471.3
36312.9
35165.5
34028.8
32902.9
31787.6
30682.9
29588.4
28504.1
27429.8
26365.4
25311.1
210538
210497
210427
210328
210199
210036
209833
209584
209285
208936
208541
208105
207634
207133
206605
206051
205476
204883
204272
203640
202989
202325
201648
200958
200259
199553
198837
198111
197373
196623
195861
195086
194298
193499
192690
191874
191057
190241
189427
188615
187804
186991
186175
185352
184518
183668
182802
181922
181029
180115
179177
178217
177248
176283
175326
174376
173430
172486
171545
170609
169678
168746
167809
166865
165913
164947
163964
162959
161930
160875
159796
158695
157576
156444
155304
154163
153023
151891
150761
149622
148461
147265
146029
144760
143474
142186
140906
139637
138384
137150
135935
134739
133560
132396
131243
130096
128950
127801
126643
125473
124287
123080
121849
120592
119312
118008
116685
115349
114004
112655
111305
109957
108611
107270
105935
104606
103284
101967
100655
99347.2
98044.1
96745.2
95450.5
94160.2
92874.5
91593.9
90318.5
89048.6
87784.7
86527.2
85276.4
84030.5
82787.5
81544.1
80298.8
79049.5
77796.1
76538.3
75276.3
74008.4
72737.4
71466.8
70195.8
68921
67640.3
66355.3
65069.7
63785.3
62501
61216.7
59932.5
58650.6
57369.9
56090.7
54813.6
53538.9
52264.3
50988.5
49713.3
48441.7
47176.3
45919.8
44674.6
43442.2
42222.7
41016.1
39822
38640
37469.6
36310.5
35162.4
34025.1
32898.5
31782.6
30677.2
29582
28496.9
27421.8
26356.7
25301.6
212178
212131
212047
211928
211777
211588
211357
211073
210729
210325
209868
209367
208836
208280
207701
207100
206481
205844
205191
204519
203828
203124
202409
201684
200950
200211
199465
198708
197941
197163
196374
195572
194760
193936
193102
192262
191420
190579
189739
188902
188065
187227
186386
185541
184691
183830
182957
182073
181176
180266
179336
178386
177420
176451
175485
174522
173564
172608
171654
170702
169754
168807
167857
166900
165934
164956
163963
162950
161915
160858
159779
158680
157563
156434
155299
154160
153019
151883
150749
149607
148447
147260
146040
144791
143524
142249
140974
139705
138449
137208
135985
134780
133590
132414
131247
130085
128925
127761
126590
125408
124212
122997
121762
120505
119228
117930
116617
115293
113961
112624
111285
109946
108609
107275
105945
104621
103302
101988
100679
99373.4
98072.2
96775.4
95483.3
94196.5
92915.3
91640.1
90371.3
89108.9
87852.5
86601.8
85356.8
84115.4
82875.4
81633.9
80387.8
79136.7
77880.3
76619.6
75353.8
74083.2
72810.7
71539.4
70269
68996.4
67718.1
66436.3
65154.1
63873
62591.5
61307.9
60024.1
58740.8
57457.3
56174.1
54892.1
53611.1
52329.1
51045.2
49761.3
48480.4
47205.7
45940.8
44688.7
43450.9
42227.7
41018.5
39822.7
38639.4
37468
36308.1
35159.4
34021.5
32894.3
31777.8
30671.7
29575.8
28490.1
27414.3
26348.5
25292.8
213797
213736
213626
213472
213276
213041
212760
212425
212026
211564
211046
210488
209901
209293
208665
208020
207359
206681
205988
205278
204553
203815
203068
202313
201551
200784
200012
199231
198440
197638
196826
196003
195171
194328
193475
192615
191752
190890
190028
189168
188309
187450
186588
185723
184855
183981
183097
182204
181300
180384
179455
178509
177547
176575
175600
174626
173656
172690
171727
170765
169805
168846
167884
166916
165940
164953
163951
162932
161894
160836
159757
158660
157547
156421
155287
154148
153006
151864
150723
149577
148417
147236
146029
144797
143545
142281
141013
139748
138492
137248
136019
134806
133608
132421
131242
130068
128895
127719
126536
125343
124139
122919
121681
120424
119150
117860
116556
115242
113921
112594
111264
109934
108604
107277
105953
104634
103319
102008
100701
99397.8
98098.8
96804.3
95515.6
94233.6
92958.6
91690.9
90430.4
89176
87926.5
86681
85438.4
84197.9
82956.8
81712.7
80463
79206.6
77944.9
76679
75409.2
74135.7
72861.9
71591
70323
69053.9
67780.7
66504.7
65228.3
63952.7
62676.3
61397.3
60117.3
58835.1
57551.1
56265.3
54979.4
53692.1
52401.9
51108.8
49815.1
48523.7
47238.5
45964
44703.9
43460.3
42233.1
41021.3
39823.6
38638.9
37466.5
36305.9
35156.4
34018
32890.3
31773.1
30666.5
29570
28483.7
27407.4
26341
25284.7
215421
215337
215189
214981
214721
214414
214061
213656
213193
212672
212100
211490
210857
210205
209537
208855
208156
207441
206710
205965
205206
204437
203660
202877
202090
201299
200503
199699
198888
198066
197234
196393
195543
194684
193815
192938
192058
191176
190295
189415
188536
187657
186777
185895
185010
184121
183225
182320
181407
180484
179550
178603
177641
176668
175688
174705
173725
172750
171779
170809
169840
168871
167900
166923
165939
164944
163936
162913
161872
160813
159735
158641
157530
156407
155275
154136
152991
151845
150697
149546
148384
147206
146007
144784
143543
142287
141025
139765
138511
137267
136036
134818
133613
132417
131228
130044
128861
127675
126483
125282
124071
122847
121608
120353
119083
117799
116503
115197
113884
112566
111244
109921
108598
107277
105959
104644
103333
102025
100721
99420.5
98124
96832.7
95548.1
94272
93005
91746.4
90495
89248.1
88003.5
86759.6
85515.8
84271.7
83025.2
81774.2
80517.6
79254.2
77985.6
76714.2
75440.7
74165.5
72892
71622.9
70358.5
69094.6
67828.2
66559.5
65290.8
64022.7
62753.7
61481.7
60207.5
58930.2
57648.4
56362.4
55074
53781.1
52482.5
51179.3
49874.6
48571.8
47274.8
45989.3
44720.3
43470.3
42238.7
41024.1
39824.5
38638.5
37465.1
36303.7
35153.6
34014.6
32886.4
31768.8
30661.6
29564.6
28477.8
27401
26334.2
25277.4
217064
216953
216753
216477
216137
215742
215299
214808
214271
213688
213066
212412
211740
211054
210355
209641
208909
208157
207389
206606
205813
205012
204205
203395
202583
201768
200950
200126
199296
198456
197607
196749
195884
195010
194126
193235
192339
191442
190544
189646
188749
187852
186955
186057
185157
184253
183344
182429
181506
180575
179634
178682
177717
176742
175759
174771
173783
172800
171821
170844
169868
168891
167912
166927
165936
164935
163922
162893
161850
160791
159715
158622
157514
156393
155262
154123
152979
151829
150676
149520
148354
147176
145979
144761
143524
142274
141017
139762
138511
137269
136038
134818
133608
132406
131210
130018
128826
127632
126433
125226
124011
122784
121545
120291
119024
117745
116455
115156
113850
112539
111224
109908
108592
107277
105964
104653
103346
102041
100739
99441.7
98148.3
96860.7
95581.4
94312.4
93054.3
91805.4
90562.6
89321.6
88078.8
86832.7
85582.9
84330.8
83075.3
81815.4
80549.5
79278
78003.2
76727.4
75451.5
74176.5
72904.7
71639
70379.2
69122
67863.3
66603
65342.5
64082.7
62822.2
61558.6
60292.4
59022
57745.7
56462.8
55173.7
53876.6
52570
51256.3
49939.8
48624.3
47314.4
46016.7
44737.8
43480.6
42244.5
41027
39825.5
38638.1
37463.7
36301.5
35150.9
34011.5
32882.7
31764.7
30657
29559.6
28472.4
27395.2
26328
25270.8
218723
218577
218313
217953
217517
217023
216482
215902
215288
214645
213975
213282
212573
211856
211128
210384
209619
208833
208029
207210
206382
205548
204712
203876
203039
202201
201361
200518
199670
198813
197948
197075
196195
195308
194412
193507
192599
191687
190775
189862
188949
188037
187125
186212
185297
184380
183459
182533
181600
180661
179712
178754
177785
176806
175820
174828
173836
172847
171860
170876
169893
168909
167922
166930
165933
164927
163908
162876
161830
160770
159696
158605
157498
156378
155248
154110
152965
151815
150658
149497
148327
147146
145948
144732
143498
142250
140997
139745
138499
137260
136029
134808
133596
132390
131188
129990
128792
127592
126387
125177
123958
122730
121490
120238
118974
117699
116413
115120
113819
112514
111207
109897
108587
107277
105968
104661
103357
102055
100756
99461.7
98171.9
96889
95615.8
94354.8
93106
91866
90629.8
89391.8
88147.4
86895
85635.8
84371.7
83105
81834.8
80559.8
79281.4
78001.8
76723.5
75447.8
74175.2
72907.1
71646.3
70392.9
69142.7
67891.8
66639.3
65386.5
64134.4
62881.8
61627.2
60369.9
59108.3
57839.6
56562.7
55276.3
53977
52663.4
51339.2
50010.1
48680.9
47356.9
46046
44756.3
43491.4
42250.4
41029.8
39826.3
38637.6
37462.3
36299.4
35148.3
34008.4
32879.3
31760.8
30652.8
29555.1
28467.5
27390
26322.5
25265
220397
220202
219853
219387
218842
218243
217605
216939
216252
215548
214830
214096
213350
212600
211844
211071
210276
209458
208622
207771
206911
206048
205184
204322
203460
202600
201740
200879
200014
199141
198261
197374
196480
195581
194673
193758
192838
191915
190990
190064
189138
188213
187287
186361
185433
184503
183571
182634
181693
180745
179789
178824
177850
176867
175877
174883
173887
172893
171900
170908
169918
168926
167933
166935
165932
164921
163898
162861
161813
160752
159678
158588
157482
156363
155233
154096
152951
151800
150641
149475
148301
147117
145917
144700
143467
142221
140971
139723
138480
137244
136015
134794
133579
132370
131166
129963
128761
127556
126347
125133
123912
122683
121443
120191
118929
117657
116376
115087
113792
112493
111191
109887
108582
107276
105971
104668
103367
102068
100772
99481.1
98195.3
96917.8
95651.8
94399.2
93158.9
91925.8
90693.1
89454.3
88204.4
86942.5
85671
84394.1
83115.3
81835
80552.8
79269.7
77988
76710
75436.1
74167.4
72905.2
71651.1
70405
69162.5
67918.7
66672.7
65426
64179.6
62933.6
61687.1
60438.5
59186.5
57927.9
56659.9
55379.5
54080.4
52761.1
51426.8
50084.8
48741
47401.9
46076.8
44775.5
43502.5
42256.2
41032.3
39826.9
38636.9
37460.7
36297.3
35145.8
34005.5
32876.1
31757.3
30649
29551
28463.1
27385.4
26317.6
25259.9
222092
221825
221355
220761
220097
219392
218661
217913
217155
216390
215619
214839
214055
213272
212487
211686
210864
210020
209158
208281
207396
206508
205620
204733
203849
202967
202089
201211
200330
199443
198549
197648
196743
195832
194914
193989
193059
192126
191191
190254
189316
188379
187441
186503
185564
184623
183680
182734
181784
180828
179864
178893
177913
176926
175932
174935
173936
172938
171939
170942
169944
168945
167944
166940
165932
164917
163890
162850
161798
160736
159661
158570
157465
156346
155218
154081
152936
151783
150622
149453
148276
147087
145885
144667
143434
142190
140943
139698
138459
137225
135998
134777
133561
132351
131143
129937
128732
127523
126312
125095
123872
122641
121401
120150
118890
117620
116342
115058
113768
112474
111177
109878
108578
107276
105975
104674
103376
102080
100788
99500.5
98219.5
96948.1
95689.6
94445.1
93211.5
91982.3
90749.3
89505.6
88246.8
86973.1
85688.5
84399.5
83109.7
81821.5
80534.4
79249.7
77968.5
76692.8
75423.4
74160.6
72905.8
71659.8
70421.4
69185.6
67947.5
66706.1
65463
64220.1
62978.4
61737.5
60497.1
59255.2
58008.4
56752.3
55480.7
54184.7
52861.5
51517.9
50162.9
48803.8
47448.6
46108.5
44795.2
43513.7
42261.9
41034.6
39827.1
38635.8
37459
36295.1
35143.2
34002.6
32873
31754.1
30645.6
29547.3
28459.3
27381.4
26313.5
25255.6
223846
223440
222805
222061
221270
220461
219642
218816
217988
217160
216334
215507
214685
213870
213056
212229
211385
210519
209636
208740
207835
206926
206017
205109
204205
203305
202409
201515
200620
199719
198813
197901
196984
196063
195136
194202
193263
192321
191377
190431
189483
188535
187587
186638
185689
184738
183786
182831
181872
180909
179939
178961
177976
176985
175988
174987
173985
172982
171978
170975
169971
168965
167958
166948
165934
164914
163884
162841
161787
160722
159645
158553
157447
156329
155202
154065
152920
151765
150602
149429
148248
147056
145851
144632
143400
142158
140914
139673
138437
137206
135980
134759
133543
132331
131122
129914
128705
127494
126280
125061
123836
122604
121363
120113
118854
117587
116313
115032
113746
112457
111165
109870
108574
107276
105978
104680
103385
102093
100804
99520.8
98245.2
96980.6
95729.4
94491.5
93262
92032.8
90795.3
89543.3
88273.4
86987.4
85690.9
84391.1
83093.4
81800.1
80511.2
79227.2
77948.9
76677.9
75414
74158.2
72911.7
71674.8
70444.1
69214.1
67979.9
66740.8
65498.8
64257.3
63017.4
61780.1
60545.6
59313.6
58079.3
56837.3
55577.8
54287.6
52962.5
51610.7
50242.9
48868.2
47496.2
46140.7
44815
43524.7
42267.2
41036.4
39826.8
38634.5
37457
36292.7
35140.5
33999.8
32870.1
31751
30642.4
29544.1
28456
27378
26310
25252
225680
225050
224186
223269
222351
221440
220537
219636
218741
217854
216975
216108
215249
214403
213559
212709
211844
210962
210064
209151
208231
207305
206377
205450
204529
203613
202703
201796
200887
199974
199056
198134
197207
196276
195341
194399
193452
192502
191550
190596
189640
188683
187725
186767
185809
184850
183889
182926
181959
180989
180012
179028
178038
177043
176043
175039
174032
173025
172016
171007
169997
168986
167973
166957
165938
164914
163880
162833
161776
160710
159631
158537
157430
156312
155185
154048
152902
151746
150579
149403
148218
147023
145816
144596
143365
142127
140886
139648
138415
137187
135962
134741
133525
132312
131102
129892
128681
127468
126251
125031
123804
122571
121330
120080
118823
117558
116286
115009
113728
112442
111154
109863
108570
107275
105981
104686
103394
102105
100821
99542.6
98273.3
97015.6
95771
94537.2
93308.1
92074.8
90829.3
89566.3
88284.7
86987.2
85681
84373.8
83071.4
81776.3
80488.4
79207.5
77933.7
76668.4
75411.6
74163.7
72926.3
71698.5
70474.8
69248.7
68016.3
66776.9
65533.5
64290.3
63050.1
61814.4
60584.8
59361.2
58139.6
56913.1
55668.3
54386.4
53061.6
51703.1
50323.3
48932.8
47543.7
46172.5
44834.3
43535.2
42272
41037.7
39826.1
38632.7
37454.7
36290.1
35137.8
33997
32867.3
31748.2
30639.6
29541.4
28453.2
27375.2
26307.2
25249.2
227730
226626
225470
224369
223321
222315
221334
220366
219413
218475
217554
216652
215762
214884
214012
213141
212258
211360
210447
209522
208587
207647
206702
205761
204825
203895
202972
202052
201132
200208
199281
198349
197413
196473
195530
194581
193627
192670
191711
190750
189786
188822
187856
186890
185923
184956
183987
183016
182043
181066
180083
179094
178099
177100
176096
175089
174079
173067
172053
171038
170023
169007
167988
166967
165944
164915
163877
162827
161767
160698
159617
158522
157414
156295
155167
154030
152883
151725
150555
149376
148187
146988
145780
144560
143331
142096
140859
139625
138395
137168
135945
134725
133508
132295
131083
129871
128659
127444
126226
125003
123776
122542
121300
120051
118795
117532
116263
114989
113711
112429
111143
109856
108566
107275
105983
104693
103404
102118
100839
99566.8
98304.3
97053.2
95813.3
94580.6
93347.9
92106.8
90850.2
89575.3
88282.5
86976
85663.5
84353.1
83049.7
81754.9
80470.4
79194.1
77925.9
76666.6
75416.9
74177.9
72950.2
71731.3
70513.1
69289.2
68056.3
66814.1
65566.7
64319.3
63076.5
61840.9
60613.9
59397.6
58188.3
56978.6
55750.3
54478.9
53156.2
51792.6
50401.7
48995.8
47589.9
46203
44852.5
43544.8
42275.9
41038.3
39824.9
38630.5
37452.1
36287.3
35134.9
33994.2
32864.6
31745.6
30637.1
29539
28451
27373
26305.1
25247.1
229905
228017
226584
225325
224176
223088
222036
221012
220008
219028
218076
217147
216230
215323
214424
213529
212633
211721
210793
209854
208908
207955
207000
206046
205097
204156
203222
202292
201361
200428
199491
198550
197606
196659
195708
194752
193792
192829
191864
190896
189926
188955
187982
187009
186035
185060
184084
183106
182126
181143
180154
179159
178160
177157
176149
175139
174125
173108
172090
171070
170050
169029
168005
166979
165950
164917
163874
162821
161758
160687
159604
158508
157398
156278
155149
154011
152862
151701
150529
149345
148153
146951
145741
144522
143295
142064
140832
139602
138374
137150
135927
134708
133491
132277
131065
129852
128637
127420
126201
124977
123748
122513
121272
120024
118769
117508
116242
114970
113695
112416
111133
109849
108562
107275
105987
104699
103414
102134
100861
99595.8
98340.8
97095.8
95858.3
94622.9
93382.3
92129.5
90859.7
89572.1
88269.8
86957.1
85642.1
84331.2
83029.8
81739.1
80459.6
79188.5
77926.4
76674.1
75432.6
74203.2
72986.3
71776.2
70562
69338
68102.1
66854.4
65600.1
64345.8
63098.4
61860.5
60635.1
59425.3
58228.6
57037.4
55828.6
54569.9
53251.3
51884.2
50482.9
49061.1
47637.3
46234.1
44870.6
43553.7
42279
41038.1
39822.8
38627.6
37448.7
36283.9
35131.6
33991
32861.6
31742.9
30634.6
29536.7
28448.9
27371.2
26303.5
25245.7
231315
229228
227612
226229
224981
223818
222706
221632
220591
219581
218599
217643
216703
215763
214830
213914
213002
212073
211129
210177
209220
208258
207292
206327
205367
204415
203472
202532
201592
200649
199703
198753
197801
196846
195887
194925
193958
192989
192018
191044
190068
189091
188112
187132
186150
185167
184184
183199
182213
181223
180229
179229
178225
177217
176206
175191
174174
173153
172129
171104
170078
169052
168024
166993
165959
164921
163873
162816
161751
160677
159592
158494
157382
156260
155130
153989
152838
151674
150498
149311
148115
146911
145700
144482
143259
142032
140805
139578
138354
137131
135909
134691
133474
132260
131046
129832
128616
127397
126176
124951
123721
122486
121245
119998
118745
117486
116221
114952
113679
112403
111124
109842
108559
107275
105991
104708
103428
102154
100888
99632.1
98384.6
97143.7
95904.8
94661.6
93408.2
92140.3
90856.1
89557.7
88248.8
86934
85620.9
84314.5
83018.7
81733.7
80459.4
79194.5
77939.2
76694.4
75461.8
74243.4
73038.1
71835.5
70622.6
69395.4
68153.2
66896.8
65632.6
64368.7
63113.9
61871.7
60646.2
59441.3
58257.1
57085.9
55898.3
54653.8
53341
51972.7
50562.5
49125.3
47683.5
46263.6
44887
43561.1
42280.9
41036.7
39819.8
38623.8
37444.7
36279.8
35127.8
33987.6
32858.5
31740.2
30632.4
29534.8
28447.4
27370.1
26302.7
25245.3
232385
230310
228607
227132
225804
224571
223402
222282
221201
220153
219137
218151
217178
216214
215265
214327
213385
212434
211473
210509
209541
208571
207596
206621
205650
204690
203737
202787
201836
200883
199927
198968
198006
197043
196076
195106
194132
193157
192180
191200
190219
189235
188250
187262
186273
185282
184290
183299
182306
181310
180309
179304
178295
177282
176266
175248
174226
173201
172172
171141
170110
169079
168045
167009
165970
164926
163874
162813
161744
160668
159580
158479
157366
156242
155108
153965
152810
151644
150464
149274
148075
146869
145658
144442
143222
142000
140777
139554
138332
137111
135891
134673
133457
132242
131028
129812
128594
127375
126152
124926
123696
122462
121221
119975
118723
117465
116203
114936
113666
112392
111115
109837
108557
107277
105997
104718
103445
102179
100922
99674.6
98433.1
97192.8
95947.7
94691.9
93422.6
92139.3
90843
89536.9
88226
86914.2
85607.3
84308.5
83020
81741.8
80473.3
79214.1
77965.1
76727.8
75504.7
74297.4
73102.7
71905
70689.8
69456.6
68204.9
66936.8
65660.2
64385
63121.4
61873.3
60646
59445.2
58272.8
57120.3
55952.3
54720.5
53414
52046.8
50630.5
49180.2
47722.2
46287.4
44899.2
43565.6
42280.7
41033.9
39815.7
38619.2
37440
36275.4
35123.8
33984
32855.5
31737.7
30630.4
29533.4
28446.5
27369.7
26302.9
25245.9
233288
231290
229560
228027
226636
225344
224125
222959
221837
220752
219699
218675
217672
216685
215711
214747
213785
212813
211834
210855
209877
208896
207912
206928
205949
204979
204016
203055
202094
201130
200163
199194
198223
197251
196276
195297
194316
193334
192351
191364
190377
189387
188396
187401
186403
185404
184404
183405
182405
181402
180395
179384
178369
177351
176331
175308
174282
173252
172218
171181
170145
169108
168069
167028
165983
164934
163876
162811
161739
160660
159569
158466
157349
156221
155084
153937
152779
151608
150426
149233
148032
146826
145615
144402
143186
141968
140749
139530
138311
137092
135873
134656
133440
132225
131009
129792
128574
127353
126130
124904
123674
122439
121199
119954
118703
117447
116186
114921
113653
112382
111108
109833
108557
107280
106004
104732
103467
102210
100963
99723.2
98484.5
97240.2
95983.9
94712.5
93426.8
92129.9
90825.2
89516.3
88208.6
86904.2
85605.9
84315.7
83035.6
81764
80500.8
79246.5
78003.1
76772.6
75559
74363.2
73177.9
71982.4
70762.1
69520
68256.8
66973.8
65682.2
64394.3
63120.6
61865.3
60635.5
59438.3
58277.3
57142.7
55991.5
54768.9
53467.4
52102.9
50683.5
49222.8
47751.2
46303.7
44906.2
43566.5
42278.1
41029.5
39810.6
38613.9
37434.8
36270.6
35119.5
33980.4
32852.5
31735.3
30628.7
29532.4
28446.2
27370.1
26303.9
25247.7
234101
232189
230466
228904
227469
226131
224866
223659
222498
221376
220289
219232
218197
217179
216176
215186
214198
213207
212213
211221
210230
209237
208241
207247
206259
205279
204306
203336
202365
201389
200410
199431
198452
197470
196485
195498
194508
193519
192529
191537
190543
189548
188550
187548
186542
185533
184524
183517
182509
181500
180487
179469
178448
177425
176400
175373
174342
173306
172267
171225
170183
169140
168096
167049
165999
164943
163881
162811
161736
160652
159559
158452
157332
156199
155057
153905
152743
151569
150384
149189
147988
146783
145574
144364
143151
141937
140722
139506
138289
137072
135855
134638
133422
132207
130991
129773
128554
127333
126110
124884
123654
122419
121179
119934
118684
117429
116171
114908
113642
112373
111103
109831
108558
107286
106016
104752
103496
102249
101012
99776.7
98536.4
97283
96012.1
94724.2
93424.1
92117.6
90809.1
89503.6
88202.7
86907.8
85619.2
84338
83064.8
81798.2
80538.2
79287
78047.7
76823.7
75619.4
74434.3
73257.5
72062.1
70835.1
69583.2
68306.2
67006.2
65697.8
64395.4
63110.2
61846.7
60613.5
59420
58269.7
57152.4
56016.2
54799.8
53501.1
52139.2
50718.7
49250.7
47768.5
46311.4
44907.3
43563.6
42272.9
41023.3
39804.2
38607.7
37429.1
36265.5
35115
33976.7
32849.6
31733.2
30627.3
29531.8
28446.5
27371.2
26305.9
25250.5
234862
233028
231329
229758
228296
226923
225622
224378
223182
222026
220905
219813
218746
217699
216667
215648
214637
213625
212615
211607
210601
209594
208585
207580
206581
205591
204608
203627
202643
201655
200665
199677
198690
197699
196704
195707
194709
193712
192715
191718
190719
189718
188713
187702
186686
185668
184650
183635
182621
181603
180583
179559
178533
177504
176475
175442
174406
173364
172319
171271
170223
169175
168125
167073
166017
164955
163886
162812
161732
160645
159548
158437
157313
156175
155027
153870
152704
151527
150340
149145
147945
146741
145536
144328
143119
141908
140696
139482
138268
137052
135836
134621
133406
132190
130974
129756
128536
127315
126092
124865
123635
122400
121161
119916
118668
117414
116157
114897
113633
112367
111099
109830
108562
107295
106033
104778
103533
102298
101067
99833
98586
97319.3
96032.4
94730.1
93419.8
92108.9
90802.3
89503.6
88211.8
86926.5
85646.9
84372.8
83103.6
81839.3
80579.9
79329.8
78093.5
76875.1
75679.9
74505.9
73336.1
72140.1
70906.1
69643.6
68351
67032.3
65705.5
64387.4
63089.6
61816.9
60579.8
59388.5
58247.9
57146
56022.5
54811.6
53515.1
52155.6
50734.7
49262.4
47772.9
46309.7
44901.9
43556.4
42264.9
41015.4
39796.8
38600.9
37423
36260.1
35110.5
33973
32846.7
31731.2
30626.3
29531.7
28447.3
27373.1
26308.8
25254.4
235591
233825
232158
230591
229114
227717
226386
225111
223883
222696
221543
220420
219322
218245
217185
216139
215102
214069
213040
212014
210992
209971
208950
207933
206922
205918
204920
203925
202927
201928
200929
199932
198936
197934
196930
195923
194916
193912
192909
191906
190901
189893
188881
187862
186837
185809
184783
183760
182737
181713
180685
179655
178623
177589
176554
175516
174473
173425
172374
171321
170267
169213
168158
167099
166037
164968
163893
162813
161729
160638
159535
158420
157290
156148
154994
153832
152662
151484
150296
149103
147905
146704
145501
144296
143090
141881
140671
139460
138248
137034
135819
134605
133390
132175
130959
129741
128521
127299
126076
124849
123619
122384
121144
119901
118653
117402
116146
114888
113626
112363
111098
109833
108570
107311
106058
104815
103581
102355
101128
99889.7
98631.3
97349.3
96048
94734.8
93419.8
92110.1
90810.2
89519.5
88236.5
86959.1
85685.4
84414.8
83147
81881.2
80619.9
79369.4
78135.3
76922.6
75736.7
74572.4
73407.9
72210.6
70970.9
69699
68390.2
67051.3
65705.4
64371.4
63060.6
61778.9
60537.5
59346.8
58213.1
57123.6
56009.6
54802.9
53508.5
52152.3
50731
49256.7
47763.7
46298.4
44890.1
43544.8
42254.2
41005.8
39788.3
38593.5
37416.6
36254.5
35105.9
33969.4
32844.1
31729.5
30625.6
29532
28448.8
27375.7
26312.6
25259.4
236301
234591
232957
231401
229920
228508
227155
225854
224599
223383
222200
221048
219921
218816
217728
216654
215592
214538
213488
212444
211405
210369
209335
208304
207279
206260
205246
204234
203223
202212
201203
200196
199187
198175
197160
196144
195129
194117
193108
192098
191088
190072
189052
188024
186990
185954
184920
183889
182860
181828
180794
179755
178717
177679
176638
175592
174543
173489
172432
171372
170313
169254
168193
167128
166058
164982
163900
162814
161723
160627
159519
158399
157264
156116
154958
153793
152620
151441
150255
149063
147868
146670
145470
144269
143064
141858
140650
139441
138230
137018
135805
134591
133377
132162
130946
129728
128508
127286
126062
124835
123604
122369
121130
119888
118641
117391
116138
114881
113622
112362
111101
109841
108585
107335
106095
104864
103641
102420
101192
99944.4
98671.8
97375.4
96062.7
94743.9
93429.3
92125.4
90833.2
89550.3
88273.7
87000.2
85728.6
84458.2
83188.1
81918.4
80653.2
79401.7
78169.8
76963
75786.1
74630.3
73469.4
72270.3
71025.5
69746.2
68423
67064.1
65699.3
64350.3
63027.1
61736
60488.9
59296
58165.9
57086.3
55979.3
54774.8
53481.1
52128.3
50707.6
49233.6
47740.9
46277.5
44871.7
43529.1
42241
40994.7
39778.9
38585.7
37409.9
36249
35101.4
33966
32841.6
31728.1
30625.2
29532.8
28450.8
27379
26317.3
25265.4
236998
235337
233734
232193
230714
229292
227924
226603
225324
224083
222874
221694
220540
219407
218293
217193
216107
215029
213960
212897
211840
210787
209738
208693
207653
206619
205589
204561
203536
202511
201489
200468
199446
198422
197396
196371
195348
194328
193311
192293
191274
190251
189222
188187
187146
186103
185062
184024
182988
181949
180906
179861
178815
177770
176722
175671
174614
173554
172490
171425
170361
169296
168228
167157
166079
164995
163905
162812
161715
160612
159498
158373
157233
156081
154920
153753
152579
151400
150216
149028
147836
146641
145444
144245
143043
141838
140632
139425
138216
137005
135793
134580
133367
132153
130936
129718
128498
127275
126051
124823
123592
122357
121119
119877
118632
117383
116132
114878
113623
112367
111112
109859
108611
107373
106146
104927
103712
102492
101256
99995.6
98708.5
97400
96080.2
94761.3
93450.9
92153.7
90867.6
89589.6
88315.5
87042.7
85769.8
84496.4
83221.6
81945.8
80675.8
79423.6
78194.7
76994.3
75826.4
74677.4
73518.6
72316.8
71067.6
69783.4
68449.5
67072.7
65690.8
64327.2
62991.5
61689.6
60433.9
59235.5
58103.3
57029.4
55930
54727.3
53433.5
52083.6
50664.6
49193.2
47705
46247.3
44847.3
43509.6
42225.5
40982.4
39769.1
38577.7
37403.1
36243.5
35097.1
33962.7
32839.4
31727
30625.2
29534.1
28453.4
27383.1
26322.9
25272.6
237686
236066
234492
232968
231494
230069
228690
227353
226055
224792
223560
222355
221175
220017
218877
217753
216643
215543
214453
213370
212294
211225
210160
209100
208044
206994
205948
204905
203865
202826
201788
200752
199716
198680
197645
196609
195576
194545
193516
192489
191461
190429
189392
188350
187303
186254
185207
184162
183118
182071
181020
179968
178915
177862
176808
175749
174686
173618
172548
171477
170406
169335
168261
167182
166097
165005
163909
162808
161704
160593
159473
158343
157200
156046
154883
153715
152541
151364
150183
148997
147809
146617
145422
144225
143025
141822
140618
139412
138204
136995
135784
134572
133360
132145
130929
129710
128490
127267
126042
124814
123583
122348
121111
119870
118625
117379
116131
114881
113631
112381
111134
109890
108654
107429
106214
105005
103792
102566
101318
100042
98742.1
97425
96103.2
94787.1
93482.2
92189.2
90906.3
89629
88353.7
87078.4
85802.2
84523.8
83242
81959.4
80685
79433.4
78208.9
77016.1
75856.3
74712.6
73554.4
72348.3
71094.8
69808.6
68469.3
67079.2
65682.2
64304.7
62955.3
61640.9
60373.9
59165.4
58025
56948.8
55856
54658.5
53366.5
52018
50602.7
49136.4
47656.7
46208.9
44817.6
43487
42208.3
40969.3
39759
38569.4
37396.4
36238.1
35093
33959.7
32837.5
31726.2
30625.6
29535.8
28456.6
27387.9
26329.5
25280.9
238369
236784
235236
233728
232262
230836
229451
228102
226788
225507
224254
223027
221824
220642
219479
218331
217198
216076
214965
213862
212767
211680
210598
209521
208450
207384
206322
205264
204208
203154
202101
201051
200001
198953
197906
196859
195813
194770
193729
192690
191650
190609
189564
188515
187462
186406
185352
184301
183248
182194
181136
180075
179015
177954
176891
175826
174755
173680
172603
171525
170449
169371
168290
167204
166111
165013
163910
162802
161690
160573
159448
158313
157167
156012
154849
153681
152509
151333
150154
148971
147785
146595
145403
144208
143010
141809
140607
139402
138195
136987
135777
134566
133354
132140
130923
129705
128484
127261
126036
124808
123577
122343
121105
119865
118623
117380
116136
114892
113650
112409
111172
109941
108719
107506
106301
105095
103877
102639
101374
100083
98771.7
97450.7
96129.7
94816.8
93514.9
92223.2
90938.8
89659.1
88380
87100.6
85819.4
84535.2
83246.3
81956.9
80680.4
79431.1
78212.6
77027.7
75875.9
74735.1
73575.4
72364.1
71106
69821
68481.9
67083.5
65674.9
64284.2
62920.6
61592
60310.9
59087.7
57932.6
56845.3
55754.4
54565
53279.3
51933.2
50523.4
49065.3
47598.2
46163.5
44784
43462.2
42190.2
40955.9
39748.6
38561
37389.8
36233.1
35089.2
33957
32835.8
31725.7
30626.4
29538
28460.4
27393.5
26336.9
25290.2
238991
237434
235907
234414
232956
231533
230144
228788
227463
226167
224898
223653
222431
221229
220046
218878
217724
216583
215453
214332
213220
212115
211017
209925
208839
207757
206681
205608
204537
203470
202404
201341
200279
199219
198160
197101
196045
194990
193937
192887
191836
190784
189730
188673
187613
186552
185491
184433
183373
182311
181245
180177
179109
178041
176970
175896
174818
173737
172653
171569
170486
169403
168315
167221
166123
165019
163910
162796
161678
160554
159425
158287
157140
155985
154822
153655
152483
151309
150131
148950
147766
146578
145388
144195
142998
141799
140598
139395
138189
136982
135773
134562
133350
132136
130920
129702
128481
127259
126033
124805
123575
122341
121105
119867
118627
117388
116150
114915
113683
112455
111232
110015
108806
107602
106399
105187
103956
102699
101417
100113
98794.5
97471.7
96153
94840.8
93538.2
92243.8
90955.2
89670.5
88387
87103.1
85816.8
84526.9
83232.5
81937.9
80662.3
79417.6
78206.1
77029.6
75883.2
74743.7
73580.3
72362.3
71100.8
69819.3
68485.5
67084.3
65668
64265.8
62888.6
61545.5
60248.2
59007.3
57831.7
56724.4
55628.8
54448.3
53172
51831.3
50429.8
48983.9
47532.5
46113.5
44748
43436.8
42171.9
40942.4
39738
38552.7
37383.4
36228.2
35085.5
33954.4
32834.4
31725.4
30627.4
29540.5
28464.6
27399.6
26345
25300.6
239605
238072
236565
235086
233636
232215
230825
229463
228129
226821
225538
224278
223038
221818
220616
219429
218257
217097
215948
214810
213680
212559
211444
210337
209235
208138
207046
205958
204874
203793
202714
201637
200563
199490
198419
197350
196282
195216
194152
193090
192028
190965
189902
188836
187768
186700
185633
184566
183499
182429
181356
180281
179204
178127
177048
175966
174881
173793
172703
171613
170524
169434
168339
167241
166136
165027
163912
162793
161669
160540
159406
158266
157118
155963
154801
153635
152464
151291
150114
148934
147751
146565
145376
144185
142990
141792
140593
139390
138186
136979
135771
134561
133350
132136
130920
129703
128482
127260
126035
124808
123578
122346
121112
119877
118642
117409
116180
114956
113738
112526
111319
110117
108917
107715
106505
105276
104022
102745
101445
100129
98806.8
97483.5
96164.1
94850.2
93543.7
92244.1
90950.5
89661
88373
87085.1
85794.8
84500.6
83201.6
81906.2
80632.8
79394.9
78189.8
77019.4
75877.5
74737.8
73571.3
72348.3
71083.2
69806
68479.3
67079.8
65659.7
64248.5
62859.2
61501.8
60187.9
58927.5
57727.8
56593.4
55484.8
54310.9
53046.7
51714.7
50325.2
48895.4
47462.9
46062.1
44711.7
43411.5
42154.2
40929.2
39727.8
38544.9
37377.6
36223.8
35082.4
33952.3
32833.4
31725.5
30628.9
29543.5
28469.4
27406.4
26354.1
25312.1
240302
238792
237303
235838
234396
232980
231588
230222
228879
227560
226262
224986
223729
222490
221268
220061
218868
217687
216518
215359
214210
213069
211936
210810
209690
208576
207467
206363
205262
204165
203071
201979
200891
199804
198719
197637
196556
195477
194400
193325
192250
191175
190099
189023
187947
186870
185794
184718
183642
182563
181481
180398
179312
178226
177138
176047
174954
173857
172761
171664
170568
169470
168369
167263
166154
165039
163919
162794
161665
160532
159394
158251
157101
155946
154785
153619
152450
151277
150102
148923
147741
146556
145368
144178
142985
141789
140590
139389
138185
136979
135772
134563
133353
132140
130925
129708
128489
127268
126045
124819
123592
122363
121132
119903
118675
117451
116235
115027
113828
112634
111444
110253
109054
107840
106606
105348
104067
102765
101449
100125
98798.7
97474.1
96152.1
94834.4
93522.9
92218.6
90920.5
89627.1
88336.2
87045.4
85752.9
84455.4
83154.1
81860.6
80594.2
79361.5
78160.7
76993.9
75854.2
74713.8
73546.1
72322.7
71056.6
69782.7
68460.1
67065.2
65645.2
64228.5
62829.5
61459.2
60129.6
58849.8
57624.9
56458
55327.5
54155.2
52904.2
51584.8
50211.1
48801.6
47391.2
46010.4
44675.6
43386.5
42136.7
40916.2
39718.1
38537.6
37372.1
36219.9
35079.5
33950.5
32832.6
31725.9
30630.6
29546.9
28474.6
27413.6
26363.9
25324.6
241085
239596
238125
236672
235239
233827
232435
231064
229714
228383
227072
225780
224505
223247
222004
220776
219561
218358
217167
215986
214815
213653
212499
211352
210212
209078
207950
206826
205707
204592
203480
202372
201267
200164
199064
197966
196870
195776
194684
193594
192504
191415
190327
189239
188151
187064
185978
184890
183802
182713
181622
180529
179434
178338
177242
176142
175040
173936
172831
171727
170622
169517
168408
167295
166179
165058
163932
162802
161668
160531
159389
158243
157092
155936
154775
153610
152441
151269
150094
148916
147735
146551
145364
144175
142983
141789
140592
139392
138189
136985
135779
134571
133362
132151
130938
129723
128507
127288
126069
124847
123625
122402
121178
119957
118740
117530
116331
115143
113965
112789
111609
110416
109200
107953
106679
105383
104069
102745
101416
100088
98759.2
97432.1
96106.8
94785.7
93471.2
92164.7
90864.7
89570.2
88277.7
86985.5
85691.7
84392.7
83092.1
81806.4
80546.2
79315.8
78116
76950.1
75809.3
74667.8
73499.6
72281.7
71022.8
69750.5
68425.6
67036.4
65619.2
64200.8
62795.8
61415.9
60073.6
58777.5
57529.9
56330.9
55170.5
53991.8
52750.8
51446.8
50092
48706.2
47319.4
45959.8
44640.7
43362.6
42119.9
40903.9
39709
38530.8
37367.1
36216.2
35077
33949
32832.1
31726.6
30632.7
29550.4
28479.9
27421.3
26374.2
25338.1
241951
240481
239025
237585
236160
234751
233359
231985
230627
229287
227963
226655
225363
224085
222822
221572
220334
219109
217895
216690
215496
214310
213133
211963
210801
209645
208495
207350
206210
205075
203944
202817
201693
200572
199454
198339
197226
196115
195007
193900
192795
191691
190588
189486
188385
187284
186184
185084
183984
182883
181780
180676
179573
178468
177361
176252
175141
174030
172917
171805
170692
169577
168460
167338
166214
165087
163956
162820
161681
160539
159393
158244
157091
155933
154772
153607
152439
151267
150093
148916
147735
146552
145367
144179
142988
141795
140600
139402
138201
136999
135795
134589
133383
132175
130965
129755
128544
127332
126120
124907
123693
122479
121266
120056
118854
117662
116483
115316
114153
112983
111793
110571
109311
108013
106692
105354
104012
102674
101340
100010
98681.3
97353.5
96028.2
94708.7
93395
92089.8
90791.1
89497.1
88205.4
86912.5
85618.2
84319.5
83025.4
81750.5
80495.1
79261.1
78059.1
76891.2
75746.2
74599.5
73429
72217.9
70970.6
69699.7
68373.2
66989.4
65578
64162
62755
61369.7
60019.5
58712.3
57447.7
56222.5
55031
53839
52603.2
51313.7
49978.3
48616.5
47253.4
45913.8
44609.5
43341.5
42105.1
40893.2
39701
38525
37362.9
36213.1
35074.9
33947.8
32831.9
31727.5
30634.8
29554
28485.3
27428.9
26384.6
25351.9
242895
241441
239998
238566
237148
235743
234351
232973
231609
230259
228923
227600
226291
224995
223712
222440
221180
219932
218693
217465
216246
215036
213834
212640
211453
210273
209099
207931
206769
205612
204459
203311
202166
201026
199888
198754
197623
196494
195368
194244
193121
192001
190882
189764
188648
187532
186417
185303
184189
183075
181960
180845
179730
178614
177497
176379
175259
174139
173019
171898
170775
169651
168525
167396
166265
165130
163993
162852
161708
160561
159412
158259
157103
155944
154781
153616
152447
151276
150102
148924
147744
146562
145377
144191
143002
141811
140618
139423
138226
137027
135827
134627
133426
132225
131024
129823
128623
127422
126221
125019
123817
122615
121414
120219
119033
117857
116691
115529
114359
113164
111931
110654
109333
107981
106615
105253
103899
102559
101227
99898.2
98572.5
97250.4
95931.6
94617.6
93309.6
92008.7
90712.7
89420.2
88128.7
86836.9
85543.5
84248.7
82967.1
81704.3
80449.2
79205.4
77996.4
76823.3
75670.2
74515.6
73339
72131.3
70892.2
69622.1
68298.5
66922.9
65520.6
64110.2
62705.2
61318.9
59965.3
58652.2
57377.1
56134.3
54917.5
53708.6
52473.3
51195.6
49878.4
48538.2
47196.8
45874.8
44583.4
43324
42092.7
40884.2
39694.4
38520.2
37359.4
36210.6
35073.2
33947
32832
31728.6
30636.9
29557.3
28490.2
27435.9
26394.4
25365.1
243896
242455
241022
239598
238184
236781
235389
234008
232637
231279
229931
228596
227271
225958
224655
223363
222082
220810
219548
218296
217052
215817
214590
213371
212159
210954
209756
208564
207377
206196
205020
203849
202683
201521
200362
199207
198056
196908
195762
194620
193480
192342
191205
190071
188938
187807
186677
185547
184419
183291
182164
181036
179909
178781
177654
176525
175396
174267
173137
172006
170875
169741
168607
167470
166331
165189
164046
162899
161750
160599
159445
158289
157130
155968
154804
153637
152468
151296
150122
148944
147765
146583
145400
144216
143030
141843
140654
139465
138275
137085
135895
134706
133518
132331
131146
129961
128776
127591
126405
125217
124027
122834
121643
120455
119271
118089
116905
115711
114492
113239
111943
110602
109228
107840
106458
105093
103747
102413
101089
99770
98454.9
97143.6
95835.2
94530.1
93229.2
91933.2
90639.9
89349.3
88058.9
86768.3
85477.1
84189
82924.9
81678.9
80416.2
79154.2
77933.8
76752.3
75587.2
74420
73234.9
72026.1
70790
69520
68201.3
66837
65445.5
64043.8
62644.4
61262
59910.3
58595.9
57316.4
56063.4
54829.4
53603.8
52364.6
51095
49793.9
48472.4
47149.5
45842.6
44561.8
43309.4
42082.5
40876.9
39689.1
38516.4
37356.6
36208.7
35072.1
33946.6
32832.4
31729.7
30638.9
29560.4
28494.7
27442.3
26403.5
25377.7
244919
243487
242061
240643
239233
237831
236438
235053
233677
232311
230954
229606
228267
226938
225618
224308
223006
221713
220429
219154
217887
216628
215376
214132
212896
211666
210443
209226
208015
206810
205611
204417
203227
202043
200862
199686
198514
197345
196180
195018
193859
192703
191549
190398
189248
188101
186955
185811
184668
183526
182385
181245
180105
178965
177826
176687
175548
174408
173268
172127
170986
169844
168700
167556
166409
165261
164111
162960
161806
160650
159492
158333
157171
156007
154842
153674
152503
151331
150156
148980
147802
146623
145443
144264
143084
141906
140729
139554
138382
137212
136045
134880
133716
132552
131387
130220
129051
127878
126702
125522
124332
123130
121917
120693
119458
118214
116960
115695
114411
113097
111753
110381
108998
107618
106256
104913
103586
102270
100962
99657.5
98355.6
97056.2
95758
94461.5
93167
91875
90584.2
89294.4
88005.2
86715.7
85427.1
84147.3
82904.8
81677.9
80403.6
79113.8
77876.2
76680.6
75499.3
74315.5
73120.9
71908.1
70672.1
69401.6
68087.8
66734.2
65354.3
63962.9
62573.5
61199.9
59855
58544.3
57264.7
56007.5
54763.4
53524.8
52279.2
51013.4
49724.2
48418.3
47110.6
45816
44544
43297.3
42074
40870.9
39684.8
38513.3
37354.5
36207.3
35071.4
33946.5
32833
31730.9
30640.8
29563.3
28498.8
27448.2
26411.9
25389.7
245683
244257
242836
241422
240014
238613
237219
235832
234453
233081
231718
230362
229014
227675
226344
225020
223705
222398
221099
219808
218524
217248
215979
214718
213463
212216
210974
209740
208511
207288
206071
204859
203653
202451
201254
200062
198874
197690
196509
195333
194159
192989
191822
190657
189495
188335
187177
186021
184867
183715
182563
181413
180264
179115
177967
176819
175671
174524
173376
172228
171080
169931
168781
167630
166478
165325
164171
163015
161858
160700
159540
158379
157217
156052
154887
153720
152551
151380
150208
149035
147861
146687
145515
144346
143179
142018
140862
139712
138571
137434
136299
135161
134013
132857
131691
130517
129332
128137
126929
125708
124471
123218
121948
120664
119373
118074
116769
115458
114141
112812
111471
110120
108772
107432
106105
104790
103484
102185
100889
99594.5
98300.7
97007.2
95714.6
94422.9
93132
91841.5
90552.1
89263.2
87974.2
86685.5
85398.2
84123.2
82892.7
81691.3
80420.2
79100
77833.6
76617
75417.5
74217.6
73013.6
71797.7
70559.9
69289.2
67979.4
66634
65263.9
63883
62504.6
61142.1
59806
58501.4
57224.3
55966
54717.8
53472.2
52221.2
50956
49673.2
48377.7
47080.8
45795.2
44529.7
43287.3
42066.8
40865.6
39680.8
38510.2
37352.1
36205.5
35070.1
33945.7
32832.6
31731
30641.5
29564.7
28501.2
27452.1
26418.1
25399.6
246175
244753
243336
241923
240517
239117
237722
236334
234953
233579
232212
230851
229498
228153
226815
225484
224161
222845
221537
220236
218942
217656
216376
215104
213838
212579
211326
210080
208840
207606
206377
205154
203937
202724
201516
200313
199115
197920
196730
195543
194361
193181
192005
190832
189661
188493
187327
186164
185003
183843
182685
181528
180372
179218
178064
176910
175757
174604
173451
172298
171145
169992
168838
167684
166529
165373
164217
163059
161901
160743
159583
158423
157262
156100
154937
153774
152609
151444
150277
149109
147941
146775
145612
144454
143304
142162
141030
139909
138797
137687
136571
135435
134274
133092
131891
130675
129442
128198
126942
125675
124394
123101
121795
120482
119167
117852
116539
115229
113919
112606
111286
109964
108645
107333
106029
104731
103437
102146
100855
99563.9
98272.7
96982.4
95692.8
94403.3
93114
91824.9
90535.9
89247.1
87958
86669.6
85383.1
84108.1
82877.9
81697.2
80453.1
79112.1
77809.4
76567.3
75350.7
74138.5
72926.9
71708.8
70469.7
69198.7
67891.7
66552.5
65190.3
63818.3
62449.4
61096.1
59767.9
58468.7
57194.1
55936.1
54686.1
53437.4
52183.4
50918
49638.8
48349.6
47059.9
45780.6
44519.6
43280.2
42061.8
40861.9
39678.1
38508.2
37350.6
36204.5
35069.4
33945.4
32832.6
31731.4
30642.3
29566
28503.4
27455.7
26423.8
25409
246523
245104
243689
242278
240873
239473
238079
236691
235308
233932
232562
231199
229843
228493
227150
225815
224486
223164
221850
220542
219241
217948
216661
215381
214107
212840
211580
210326
209077
207835
206599
205368
204142
202921
201706
200495
199289
198088
196890
195697
194507
193321
192138
190958
189782
188608
187437
186268
185101
183937
182774
181612
180452
179293
178135
176978
175821
174664
173507
172351
171194
170038
168881
167724
166568
165411
164255
163098
161942
160786
159630
158474
157317
156160
155004
153847
152689
151529
150367
149202
148036
146872
145715
144567
143429
142303
141191
140092
139000
137900
136773
135609
134407
133177
131926
130660
129387
128105
126818
125523
124223
122917
121606
120294
118982
117674
116371
115073
113778
112482
111181
109879
108578
107282
105991
104702
103415
102127
100838
99547.4
98257.6
96968.6
95680.4
94392.1
93103.8
91815.4
90526.6
89237.7
87948.8
86660.2
85373.8
84097.2
82859.6
81685
80479.4
79140
77801.6
76529.9
75294.4
74072.8
72854.7
71634
70394.1
69124.2
67819.8
66485.7
65130.4
63766
62405.2
61059.6
59737.9
58443.2
57170.9
55913.1
54662.2
53412
52156.6
50891.4
49614.5
48329.6
47044.7
45769.8
44512.1
43274.9
42058
40859.2
39676.1
38506.7
37349.5
36203.7
35068.9
33945.1
32832.5
31731.6
30642.9
29567.1
28505.1
27458.6
26428.6
25417.4
246767
245350
243937
242528
241123
239724
238330
236941
235558
234181
232809
231444
230085
228733
227387
226048
224716
223390
222071
220759
219454
218155
216863
215578
214299
213027
211761
210501
209247
207999
206757
205520
204289
203063
201842
200626
199414
198207
197005
195806
194612
193421
192234
191050
189869
188691
187516
186343
185173
184004
182838
181674
180511
179349
178188
177027
175867
174708
173548
172389
171230
170071
168913
167755
166599
165443
164289
163137
161986
160836
159687
158537
157386
156235
155084
153931
152775
151616
150452
149282
148113
146950
145798
144657
143527
142404
141294
140196
139097
137981
136831
135632
134390
133117
131828
130534
129241
127948
126653
125356
124057
122758
121457
120155
118855
117560
116270
114984
113700
112415
111126
109835
108544
107257
105973
104691
103407
102121
100830
99539
98248.8
96960.4
95673
94385.5
93097.7
91809.5
90521
89232.2
87943.1
86654.5
85368.1
84089.2
82843.2
81661.3
80482.5
79165.8
77808.6
76507.2
75251.4
74019.6
72795.3
71571.5
70332.2
69063.6
67762.6
66433.4
65083.9
63725.8
62371.4
61031.9
59715.3
58424
57153.5
55896.1
54644.5
53393.3
52137.3
50872.4
49597.3
48315.3
47033.9
45762
44506.7
43271.1
42055.3
40857.2
39674.6
38505.6
37348.7
36203.1
35068.5
33944.9
32832.5
31731.8
30643.3
29567.9
28506.4
27460.8
26432.5
25424.9
246937
245521
244109
242701
241298
239899
238505
237116
235732
234354
232982
231616
230255
228901
227553
226212
224877
223548
222227
220912
219603
218301
217006
215717
214434
213158
211888
210624
209367
208115
206868
205628
204393
203163
201938
200718
199502
198292
197086
195884
194686
193492
192301
191114
189930
188750
187571
186396
185223
184053
182884
181718
180553
179389
178226
177064
175901
174739
173578
172417
171255
170094
168935
167778
166625
165474
164325
163179
162036
160893
159750
158603
157452
156301
155151
153996
152840
151681
150515
149343
148170
147004
145850
144706
143564
142427
141302
140189
139072
137936
136764
135544
134277
132981
131675
130374
129080
127792
126506
125220
123934
122646
121358
120067
118779
117494
116213
114936
113660
112381
111099
109814
108529
107247
105967
104688
103407
102120
100828
99534.4
98243.6
96955.2
95668.3
94381.3
93093.8
91805.8
90517.5
89228.7
87939.6
86650.9
85364.1
84083.6
82829.4
81632.8
80459.9
79175.4
77822.4
76498.3
75219.4
73977
72746.9
71519.8
70281.8
69015.6
67718.7
66393.7
65049
63695.9
62346.4
61011.5
59698.7
58410.1
57140.8
55883.7
54631.7
53379.8
52123.3
50858.8
49585.1
48305.2
47026.2
45756.4
44502.8
43268.3
42053.3
40855.7
39673.5
38504.8
37348.1
36202.6
35068.2
33944.7
32832.4
31731.9
30643.6
29568.4
28507.4
27462.5
26435.5
25431.4
247053
245639
244227
242820
241417
240019
238625
237236
235852
234473
233100
231733
230372
229016
227667
226324
224987
223657
222334
221016
219706
218401
217104
215812
214527
213248
211976
210709
209449
208194
206945
205702
204464
203231
202004
200781
199563
198350
197141
195937
194737
193541
192348
191159
189973
188790
187610
186433
185258
184086
182917
181749
180584
179419
178254
177090
175926
174762
173599
172436
171274
170111
168950
167796
166649
165506
164365
163224
162083
160942
159797
158644
157488
156334
155181
154027
152875
151721
150555
149377
148194
147016
145852
144691
143532
142376
141236
140106
138970
137820
136638
135411
134137
132839
131533
130237
128953
127676
126401
125127
123853
122576
121296
120015
118734
117457
116182
114911
113640
112365
111085
109803
108521
107241
105963
104686
103405
102118
100826
99531.3
98240.1
96951.9
95665.1
94378.5
93091.3
91803.5
90515.2
89226.4
87937.3
86648.5
85361.4
84080
82818.7
81605.2
80421.5
79161.6
77829.7
76495.7
75197.6
73943.9
72706.2
71477.7
70241
68978.6
67685.6
66364.6
65023.9
63674.3
62328.5
60996.9
59686.8
58400
57131.7
55874.7
54622.4
53370.1
52113.4
50849.2
49576.5
48298.1
47020.7
45752.5
44500
43266.4
42051.9
40854.7
39672.8
38504.2
37347.6
36202.3
35067.9
33944.5
32832.4
31731.9
30643.8
29568.8
28508.1
27463.7
26437.9
25436.9
247130
245717
244306
242899
241497
240099
238705
237316
235932
234553
233179
231812
230450
229093
227743
226399
225062
223730
222405
221087
219775
218469
217169
215876
214590
213309
212035
210767
209505
208248
206997
205752
204512
203278
202048
200824
199604
198389
197179
195973
194771
193574
192380
191190
190002
188818
187637
186458
185283
184110
182940
181772
180606
179441
178275
177110
175945
174779
173615
172451
171287
170123
168961
167810
166671
165535
164397
163254
162109
160964
159814
158656
157495
156336
155179
154028
152882
151729
150559
149369
148170
146986
145812
144638
143466
142304
141151
140005
138858
137700
136514
135288
134021
132729
131432
130144
128870
127603
126338
125072
123805
122535
121260
119984
118708
117434
116164
114896
113628
112355
111076
109795
108514
107235
105959
104682
103402
102115
100823
99528.6
98237.6
96949.7
95663.2
94376.8
93089.7
91802
90513.7
89224.9
87935.8
86647
85359.8
84077.5
82810.6
81580.8
80379.4
79130.3
77822.5
76492.9
75183.5
73918.7
72672
71443
70208.4
68950.5
67661.6
66344
65006.1
63659.3
62315.9
60986.6
59678.4
58392.9
57125.3
55868.4
54615.9
53363.3
52106.4
50842.5
49570.5
48293.1
47016.9
45749.8
44498.1
43265
42050.9
40853.9
39672.2
38503.8
37347.3
36202.1
35067.8
33944.4
32832.3
31732
30643.9
29569
28508.5
27464.5
26439.7
25441.4
247180
245767
244357
242950
241548
240150
238756
237367
235983
234604
233231
231862
230500
229143
227793
226448
225110
223777
222452
221132
219819
218512
217212
215918
214630
213349
212073
210804
209541
208283
207031
205785
204544
203308
202077
200851
199630
198414
197203
195996
194793
193595
192401
191210
190022
188837
187654
186475
185299
184126
182956
181789
180623
179457
178292
177125
175959
174793
173627
172462
171295
170130
168971
167822
166685
165548
164408
163262
162110
160958
159806
158649
157485
156321
155159
154007
152860
151699
150526
149335
148131
146942
145764
144584
143407
142241
141083
139926
138770
137608
136420
135198
133940
132658
131368
130089
128822
127561
126302
125040
123777
122510
121238
119964
118691
117421
116153
114886
113619
112347
111069
109788
108508
107230
105954
104677
103397
102111
100819
99526.1
98235.8
96948.3
95662
94375.7
93088.7
91801.1
90512.8
89224
87934.9
86646.1
85358.8
84076
82805.4
81563.3
80345.4
79097.9
77804.7
76487.3
75175.2
73900.8
72644.5
71413.1
70182.9
68929.3
67644.5
66329.8
64994.1
63649
62307.4
60979.7
59672.7
58388
57120.8
55864
54611.4
53358.5
52101.6
50837.9
49566.4
48289.8
47014.4
45747.9
44496.8
43264.1
42050.2
40853.4
39671.9
38503.5
37347.1
36201.9
35067.6
33944.3
32832.3
31731.9
30644
29569.2
28508.9
27465.1
26441
25445
247210
245797
244388
242981
241579
240181
238788
237399
236014
234635
233262
231893
230530
229173
227822
226477
225139
223806
222480
221160
219846
218539
217238
215943
214655
213372
212096
210827
209563
208304
207052
205804
204563
203326
202095
200868
199647
198430
197218
196010
194807
193609
192415
191224
190036
188850
187667
186487
185311
184138
182968
181801
180636
179471
178305
177137
175969
174803
173637
172473
171305
170137
168975
167827
166688
165549
164405
163252
162096
160944
159792
158637
157471
156302
155135
153976
152828
151666
150486
149292
148094
146904
145723
144542
143368
142200
141036
139871
138711
137545
136357
135139
133889
132614
131329
130055
128794
127538
126281
125022
123761
122496
121225
119953
118682
117412
116144
114879
113612
112340
111063
109783
108503
107225
105949
104673
103393
102108
100817
99524.4
98234.6
96947.4
95661.3
94375
93088.2
91800.5
90512.3
89223.6
87934.4
86645.6
85358.2
84075.2
82802.6
81553.3
80323.9
79073.3
77787.1
76479.2
75169.9
73890.2
72623.5
71387.2
70163
68914
67632.8
66320.3
64986.2
63642.4
62301.8
60975.2
59668.9
58384.8
57117.9
55861.1
54608.3
53355.3
52098.4
50834.9
49563.8
48287.7
47012.8
45746.8
44495.9
43263.5
42049.8
40853.1
39671.6
38503.3
37346.9
36201.8
35067.5
33944.3
32832.2
31731.9
30644
29569.3
28509.1
27465.5
26441.9
25447.8
247226
245814
244404
242998
241596
240198
238804
237415
236031
234652
233278
231910
230547
229190
227839
226493
225154
223821
222495
221174
219861
218553
217252
215957
214668
213385
212109
210839
209575
208316
207063
205815
204573
203336
202104
200877
199655
198438
197225
196018
194815
193617
192424
191234
190046
188860
187677
186497
185320
184147
182978
181812
180648
179484
178317
177148
175978
174811
173645
172481
171314
170145
168980
167828
166686
165543
164394
163238
162080
160927
159775
158620
157456
156285
155118
153956
152800
151635
150456
149262
148065
146877
145697
144518
143343
142174
141007
139838
138673
137503
136317
135102
133858
132586
131306
130036
128777
127524
126270
125013
123753
122488
121218
119946
118676
117407
116139
114873
113607
112335
111058
109779
108500
107222
105946
104670
103390
102106
100815
99523.4
98233.9
96946.9
95660.9
94374.7
93087.8
91800.2
90512
89223.3
87934.2
86645.3
85357.9
84074.7
82801.2
81548.1
80311.8
79058.2
77774.6
76472.1
75166.2
73885.2
72609.6
71366.6
70147.4
68903.4
67625.1
66314.3
64981.3
63638.4
62298.6
60972.6
59666.8
58382.9
57116.2
55859.3
54606.4
53353.2
52096.5
50833.1
49562.2
48286.4
47011.8
45746.1
44495.5
43263.2
42049.5
40852.9
39671.5
38503.2
37346.8
36201.7
35067.5
33944.2
32832.2
31731.9
30644
29569.3
28509.2
27465.7
26442.4
25449.6
247232
245820
244411
243005
241603
240205
238811
237422
236038
234659
233285
231917
230554
229196
227845
226500
225161
223828
222501
221181
219867
218559
217258
215962
214673
213391
212114
210844
209579
208321
207068
205820
204577
203340
202108
200881
199659
198442
197229
196021
194818
193620
192426
191236
190048
188862
187679
186499
185322
184149
182979
181813
180649
179485
178319
177150
175981
174814
173649
172485
171318
170149
168983
167827
166682
165537
164386
163230
162071
160918
159766
158612
157446
156277
155108
153945
152786
151620
150439
149247
148051
146864
145685
144506
143331
142161
140993
139822
138654
137482
136297
135083
133843
132573
131295
130026
128769
127517
126264
125008
123749
122484
121215
119943
118673
117404
116137
114871
113604
112333
111056
109777
108498
107221
105944
104668
103389
102104
100814
99522.9
98233.6
96946.8
95660.7
94374.5
93087.7
91800.1
90511.9
89223.1
87934
86645.1
85357.7
84074.5
82800.7
81545.7
80306.1
79050.9
77768.4
76468.1
75165.1
73884.8
72603.9
71357
70138.1
68897.8
67621.2
66311.5
64979.1
63636.8
62297.3
60971.6
59666
58382.2
57115.5
55858.7
54605.6
53352.3
52095.5
50832.2
49561.5
48285.9
47011.4
45745.8
44495.3
43263
42049.4
40852.9
39671.4
38503.1
37346.8
36201.7
35067.4
33944.2
32832.2
31731.9
30644
29569.3
28509.2
27465.8
26442.6
25450.5
24570.5
23610.6
22609.9
21575.5
20511.1
19419.2
18301.9
17161.7
16001.1
14823.2
13631.3
12429.5
11222.5
10015.8
8816.06
7631.3
6471.03
5346.66
4271.67
3262.38
2338.16
1522.48
843.324
335.588
43.6444
24533.1
23569.9
22569.2
21535.3
20471.6
19380.5
18264.4
17125.4
15966.1
14789.5
13599.1
12398.8
11193.3
9988.29
8790.33
7607.47
6449.18
5326.89
4254.07
3247.13
2325.3
1512.28
835.781
331.028
42.1647
24504.7
23535
22532.1
21497.7
20434.1
19343.5
18228.1
17090
15931.7
14756.3
13567.1
12368.2
11164.2
9960.69
8764.4
7583.32
6426.93
5306.64
4235.97
3231.33
2311.97
1501.58
827.953
326.292
40.8063
24479.5
23503.5
22497.7
21462.4
20398.6
19308.3
18193.4
17056.2
15898.9
14724.6
13536.7
12339
11136.4
9934.45
8739.79
7560.43
6405.86
5287.52
4218.92
3216.48
2299.48
1491.62
820.715
322.014
39.6791
24456.8
23475.3
22466.5
21429.7
20365.5
19275.2
18160.8
17024.1
15867.8
14694.5
13507.6
12311.2
11109.8
9909.26
8716.11
7538.37
6385.53
5269.04
4202.43
3202.11
2287.39
1481.98
813.767
317.974
38.7071
24435.9
23449.6
22437.7
21399.2
20334.3
19243.9
18129.7
16993.6
15837.9
14665.6
13479.8
12284.5
11084.4
9885.21
8693.53
7517.37
6366.21
5251.51
4186.8
3188.52
2275.99
1472.95
807.294
314.299
37.8796
24416.6
23426.1
22411.3
21371
20305.2
19214.5
18100.4
16964.7
15809.8
14638.2
13453.4
12259.1
11060.3
9862.32
8672.01
7497.32
6347.74
5234.73
4171.84
3175.5
2265.07
1464.3
801.148
310.861
37.1609
24398.6
23404.5
22386.9
21344.8
20278
19186.9
18072.7
16937.4
15782.9
14612.1
13428.2
12235
11037.2
9840.48
8651.5
7478.23
6330.18
5218.8
4157.65
3163.19
2254.78
1456.18
795.412
307.723
36.5399
24381.7
23384.4
22364.4
21320.5
20252.5
19160.9
18046.7
16911.6
15757.6
14587.5
13404.4
12212.1
11015.4
9819.82
8632.08
7460.15
6313.53
5203.69
4144.19
3151.49
2245
1448.49
790.016
304.81
35.9938
24365.7
23365.8
22343.4
21297.9
20228.8
19136.6
18022.3
16887.3
15733.7
14564.2
13381.8
12190.4
10994.7
9800.19
8613.64
7442.99
6297.75
5189.38
4131.45
3140.45
2235.79
1441.27
784.983
302.149
35.5183
24350.7
23348.3
22324
21276.9
20206.7
19113.9
17999.4
16864.5
15711.3
14542.3
13360.6
12170
10975.2
9781.75
8596.3
7426.85
6282.89
5175.9
4119.45
3130.05
2227.12
1434.49
780.29
299.691
35.097
24336.4
23332
22305.9
21257.3
20186.2
19092.8
17978
16843.1
15690.2
14521.6
13340.6
12150.8
10956.8
9764.32
8579.93
7411.62
6268.89
5163.2
4108.17
3120.27
2218.99
1428.16
775.925
297.447
34.7265
24323
23316.9
22289.1
21239.2
20167.1
19073.1
17958
16823.2
15670.5
14502.4
13321.9
12132.8
10939.7
9748.07
8564.65
7397.39
6255.8
5151.34
4097.62
3111.14
2211.4
1422.25
771.888
295.391
34.398
24310.3
23302.7
22273.6
21222.5
20149.5
19054.9
17939.6
16804.7
15652.2
14484.5
13304.5
12116
10923.6
9732.84
8550.34
7384.08
6243.56
5140.26
4087.77
3102.63
2204.34
1416.78
768.157
293.518
34.1069
24298.4
23289.6
22259.2
21207.1
20133.3
19038.2
17922.5
16787.6
15635.3
14467.8
13288.3
12100.5
10908.8
9718.77
8537.11
7371.77
6232.24
5130
4078.66
3094.76
2197.81
1411.73
764.739
291.817
33.8487
24287.4
23277.5
22246.1
21193
20118.4
19022.8
17906.9
16771.9
15619.7
14452.5
13273.5
12086.1
10895
9705.73
8524.86
7360.37
6221.77
5120.52
4070.25
3087.5
2191.8
1407.09
761.609
290.277
33.6201
24277.2
23266.4
22234
21180.1
20104.9
19008.8
17892.6
16757.5
15605.4
14438.5
13259.8
12073
10882.5
9693.82
8513.67
7349.96
6212.2
5111.85
4062.56
3080.86
2186.32
1402.87
758.776
288.893
33.418
24267.8
23256.2
22223
21168.4
20092.6
18996.1
17879.6
16744.5
15592.5
14425.8
13247.4
12061
10871
9682.95
8503.46
7340.47
6203.48
5103.97
4055.57
3074.84
2181.34
1399.05
756.218
287.656
33.2402
24259.3
23247
22213.2
21157.9
20081.6
18984.7
17868
16732.8
15580.8
14414.4
13236.3
12050.2
10860.7
9673.21
8494.3
7331.95
6195.65
5096.89
4049.3
3069.43
2176.89
1395.63
753.944
286.56
33.0849
24251.6
23238.7
22204.3
21148.6
20071.8
18974.5
17857.7
16722.4
15570.5
14404.2
13226.4
12040.7
10851.6
9664.51
8486.12
7324.35
6188.68
5090.59
4043.72
3064.63
2172.93
1392.6
751.933
285.6
32.9501
24244.7
23231.4
22196.6
21140.4
20063.2
18965.7
17848.6
16713.3
15561.5
14395.3
13217.7
12032.3
10843.5
9656.91
8478.99
7317.73
6182.6
5085.09
4038.85
3060.45
2169.49
1389.97
750.195
284.772
32.8349
24238.6
23225
22189.8
21133.3
20055.8
18958
17840.9
16705.5
15553.7
14387.6
13210.2
12025.1
10836.6
9650.37
8472.85
7312.02
6177.37
5080.37
4034.67
3056.86
2166.54
1387.73
748.712
284.071
32.7378
24233.4
23219.6
22184.1
21127.2
20049.6
18951.6
17834.3
16698.9
15547.2
14381.2
13204
12019
10830.9
9644.92
8467.74
7307.28
6173.02
5076.45
4031.21
3053.88
2164.1
1385.87
747.492
283.495
32.6584
24229
23215
22179.3
21122.3
20044.5
18946.4
17829
16693.6
15541.9
14376
13198.9
12014.2
10826.2
9640.53
8463.63
7303.47
6169.53
5073.3
4028.43
3051.5
2162.16
1384.4
746.523
283.04
32.5956
24225.4
23211.4
22175.6
21118.5
20040.5
18942.4
17825
16689.6
15537.9
14372.1
13195.1
12010.5
10822.7
9637.23
8460.55
7300.61
6166.92
5070.94
4026.35
3049.73
2160.71
1383.3
745.811
282.705
32.5492
24222.7
23208.6
22172.8
21115.7
20037.7
18939.6
17822.2
16686.8
15535.1
14369.4
13192.5
12008
10820.4
9635
8458.47
7298.69
6165.16
5069.37
4024.97
3048.55
2159.75
1382.59
745.346
282.487
32.5186
24220.8
23206.8
22171.1
21114
20036.1
18938
17820.6
16685.2
15533.6
14367.9
13191.1
12006.7
10819.1
9633.86
8457.41
7297.72
6164.28
5068.58
4024.29
3047.98
2159.3
1382.25
745.134
282.387
32.5036
24219.6
23205.8
22170.2
21113.3
20035.5
18937.5
17820.2
16684.9
15533.3
14367.7
13190.9
12006.5
10819
9633.78
8457.35
7297.68
6164.26
5068.57
4024.29
3048
2159.33
1382.29
745.173
282.404
32.504
24219.5
23206
22170.8
21114.1
20036.5
18938.7
17821.5
16686.3
15534.8
14369.2
13192.5
12008.1
10820.5
9635.25
8458.76
7299.01
6165.49
5069.7
4025.31
3048.89
2160.09
1382.89
745.578
282.592
32.5268
24220.6
23207.6
22172.7
21116.4
20039.2
18941.6
17824.6
16689.6
15538.1
14372.6
13195.8
12011.3
10823.7
9638.27
8461.62
7301.69
6167.97
5071.96
4027.32
3050.64
2161.55
1384.02
746.34
282.948
32.5718
24222.9
23210.4
22176.1
21120.4
20043.5
18946.3
17829.5
16694.6
15543.3
14377.7
13200.9
12016.3
10828.5
9642.85
8465.96
7305.74
6171.7
5075.34
4030.34
3053.26
2163.73
1385.71
747.471
283.477
32.6397
24226.4
23214.6
22181
21125.8
20049.5
18952.7
17836.3
16701.5
15550.2
14384.7
13207.7
12023
10834.9
9648.99
8471.75
7311.15
6176.68
5079.86
4034.36
3056.73
2166.62
1387.94
748.965
284.18
32.7309
24231.2
23220.2
22187.4
21132.9
20057.3
18960.9
17844.8
16710.3
15559.1
14393.4
13216.3
12031.4
10843
9656.69
8479.01
7317.92
6182.92
5085.52
4039.39
3061.08
2170.23
1390.72
750.836
285.065
32.8466
24237.1
23227.1
22195.3
21141.7
20066.7
18970.9
17855.2
16720.9
15569.8
14404.1
13226.7
12041.5
10852.7
9665.95
8487.74
7326.06
6190.42
5092.31
4045.42
3066.3
2174.55
1394.06
753.084
286.134
32.9881
24244.4
23235.5
22204.7
21152.1
20078
18982.8
17867.5
16733.5
15582.3
14416.5
13239
12053.3
10864.1
9676.77
8497.95
7335.57
6199.17
5100.24
4052.47
3072.38
2179.61
1397.97
755.722
287.398
33.1571
24252.8
23245.2
22215.7
21164.2
20091
18996.6
17881.8
16747.9
15596.8
14430.9
13253
12066.9
10877.1
9689.17
8509.63
7346.46
6209.19
5109.32
4060.53
3079.35
2185.39
1402.43
758.752
288.863
33.3559
24262.6
23256.5
22228.4
21178.2
20106
19012.3
17898
16764.4
15613.3
14447.1
13268.8
12082.2
10891.8
9703.15
8522.79
7358.72
6220.48
5119.54
4069.61
3087.19
2191.91
1407.48
762.191
290.542
33.5874
24273.7
23269.2
22242.7
21194
20122.9
19030
17916.2
16782.8
15631.7
14465.2
13286.5
12099.3
10908.2
9718.7
8537.44
7372.37
6233.03
5130.9
4079.71
3095.91
2199.17
1413.1
766.042
292.445
33.8552
24286.1
23283.5
22258.9
21211.7
20141.9
19049.9
17936.5
16803.3
15652
14485.3
13306
12118.2
10926.3
9735.86
8553.59
7387.4
6246.87
5143.43
4090.85
3105.52
2207.17
1419.31
770.324
294.59
34.1642
24299.8
23299.5
22276.9
21231.5
20163
19071.8
17959
16825.9
15674.4
14507.3
13327.4
12138.8
10946
9754.6
8571.23
7403.82
6261.98
5157.1
4103.01
3116.03
2215.93
1426.11
775.04
296.985
34.5208
24314.8
23317.1
22296.9
21253.4
20186.3
19096
17983.6
16850.6
15698.9
14531.2
13350.7
12161.2
10967.5
9774.96
8590.39
7421.64
6278.38
5171.94
4116.22
3127.43
2225.45
1433.52
780.21
299.656
34.9329
24331.2
23336.6
22319
21277.6
20211.9
19122.5
18010.5
16877.4
15725.5
14557.2
13375.9
12185.5
10990.7
9796.92
8611.05
7440.85
6296.07
5187.95
4130.47
3139.74
2235.74
1441.53
785.839
302.616
35.4111
24348.3
23357.1
22342.4
21303.1
20238.8
19150.2
18038.4
16905.3
15752.9
14584
13401.9
12210.4
11014.5
9819.49
8632.28
7460.59
6314.24
5204.39
4145.11
3152.4
2246.33
1449.8
791.678
305.747
35.9453
24365.1
23377.4
22365.6
21328.3
20265.3
19177.3
18065.8
16932.4
15779.6
14610
13427
12234.6
11037.6
9841.33
8652.82
7479.67
6331.81
5220.29
4159.29
3164.65
2256.6
1457.83
797.374
308.86
36.5097
24381.4
23397.4
22388.4
21353
20291
19203.5
18092.1
16958.5
15805.2
14634.9
13451.1
12257.7
11059.6
9862.18
8672.42
7497.87
6348.58
5235.46
4172.82
3176.35
2266.41
1465.53
802.851
311.907
37.0981
24397.1
23416.9
22410.7
21376.9
20315.9
19228.7
18117.3
16983.4
15829.6
14658.6
13474
12279.6
11080.5
9881.94
8691
7515.12
6364.47
5249.85
4185.65
3187.47
2275.73
1472.85
808.076
314.865
37.7082
24412.1
23435.8
22432.2
21400
20339.6
19252.7
18141.2
17007
15852.7
14681
13495.6
12300.3
11100.3
9900.56
8708.5
7531.37
6379.43
5263.4
4197.74
3197.94
2284.51
1479.78
813.022
317.704
38.3354
24426.6
23454.1
22453
21422
20362.2
19275.4
18163.8
17029.2
15874.4
14702.1
13515.8
12319.7
11118.8
9918.04
8724.91
7546.61
6393.46
5276.13
4209.08
3207.8
2292.77
1486.3
817.684
320.418
38.9766
24440.4
23471.8
22473
21443
20383.5
19296.8
18185
17050.1
15894.7
14721.7
13534.8
12337.9
11136.1
9934.36
8740.22
7560.83
6406.55
5288.01
4219.66
3217.01
2300.47
1492.42
822.046
322.984
39.6265
24453.5
23489
22492
21462.8
20403.6
19316.9
18204.9
17069.5
15913.6
14740.1
13552.5
12354.8
11152.2
9949.56
8754.47
7574.08
6418.73
5299.08
4229.53
3225.61
2307.65
1498.14
826.125
325.409
40.2815
24466.2
23505.5
22510.1
21481.4
20422.5
19335.7
18223.4
17087.7
15931.3
14757.1
13568.9
12370.5
11167.1
9963.65
8767.66
7586.36
6430
5309.35
4238.65
3233.58
2314.3
1503.46
829.904
327.673
40.9362
24478.5
23521.5
22527.2
21498.9
20440.1
19353.2
18240.6
17104.5
15947.6
14773
13584.1
12385.1
11180.9
9976.72
8779.88
7597.74
6440.44
5318.88
4247.11
3241
2320.47
1508.42
833.424
329.789
41.5869
24490.7
23536.9
22543.4
21515.3
20456.5
19369.5
18256.5
17120
15962.7
14787.5
13598.1
12398.5
11193.6
9988.77
8791.11
7608.22
6450.04
5327.64
4254.89
3247.83
2326.13
1512.99
836.654
331.742
42.2287
24503.1
23551.8
22558.6
21530.7
20471.8
19384.6
18271.3
17134.4
15976.6
14801
13611.1
12410.9
11205.4
9999.92
8801.49
7617.93
6458.92
5335.78
4262.09
3254.18
2331.39
1517.25
839.659
333.56
42.8596
24515.8
23566.1
22573
21545
20486
19398.5
18284.9
17147.6
15989.4
14813.4
13623
12422.3
11216.1
10010.1
8810.95
7626.78
6467
5343.19
4268.64
3259.96
2336.16
1521.14
842.379
335.207
43.4708
24528.7
23579.7
22586.6
21558.5
20499.3
19411.5
18297.5
17159.9
16001.3
14824.9
13634
12432.9
11226.1
10019.6
8819.75
7635.03
6474.53
5350.12
4274.76
3265.38
2340.62
1524.78
844.933
336.752
44.0703
24541.4
23592.4
22598.9
21570.5
20510.9
19422.6
18308.1
17170.1
16011.1
14834.3
13642.9
12441.4
11234
10027.2
8826.72
7641.57
6480.47
5355.59
4279.57
3269.66
2344.11
1527.66
846.921
337.953
44.5823
)
;

boundaryField
{
    inlet
    {
        type            calculated;
        value           nonuniform List<scalar> 
30
(
6.54038e+06
6.54055e+06
6.5408e+06
6.54108e+06
6.54139e+06
6.54188e+06
6.54252e+06
6.54332e+06
6.54448e+06
6.54582e+06
6.54781e+06
6.54957e+06
6.55212e+06
6.55546e+06
6.55984e+06
6.56521e+06
6.57183e+06
6.57896e+06
6.58627e+06
6.59025e+06
6.59167e+06
6.5926e+06
6.59199e+06
6.59176e+06
6.59141e+06
6.59051e+06
6.58988e+06
6.58952e+06
6.58935e+06
6.58928e+06
)
;
    }
    outlet
    {
        type            calculated;
        value           uniform 0;
    }
    upperWall
    {
        type            calculated;
        value           nonuniform List<scalar> 
223
(
6.58928e+06
6.48672e+06
6.38214e+06
6.2823e+06
6.18756e+06
6.09773e+06
6.01261e+06
5.93197e+06
5.85562e+06
5.78334e+06
5.71492e+06
5.65017e+06
5.58888e+06
5.53088e+06
5.47598e+06
5.42402e+06
5.37484e+06
5.32826e+06
5.29073e+06
5.26085e+06
5.23102e+06
5.20125e+06
5.17155e+06
5.14192e+06
5.11236e+06
5.0829e+06
5.05352e+06
5.02423e+06
4.99505e+06
4.96596e+06
4.93699e+06
4.90812e+06
4.87937e+06
4.85074e+06
4.82223e+06
4.79384e+06
4.76557e+06
4.73743e+06
4.70941e+06
4.68153e+06
4.65377e+06
4.62613e+06
4.59863e+06
4.57125e+06
4.54399e+06
4.51686e+06
4.48986e+06
4.46297e+06
4.43619e+06
4.40954e+06
4.38299e+06
4.35656e+06
4.33023e+06
4.30401e+06
4.27788e+06
4.25186e+06
4.22592e+06
4.20008e+06
4.17433e+06
4.14865e+06
4.12305e+06
4.09752e+06
4.07205e+06
4.04664e+06
4.02128e+06
3.99597e+06
3.97072e+06
3.94552e+06
3.92036e+06
3.89524e+06
3.87015e+06
3.84508e+06
3.82004e+06
3.795e+06
3.77e+06
3.74501e+06
3.72004e+06
3.69507e+06
3.6701e+06
3.64512e+06
3.62015e+06
3.59518e+06
3.57021e+06
3.54523e+06
3.52023e+06
3.4952e+06
3.47013e+06
3.44504e+06
3.41992e+06
3.39476e+06
3.36957e+06
3.34433e+06
3.31906e+06
3.29376e+06
3.26843e+06
3.24305e+06
3.21761e+06
3.19212e+06
3.16657e+06
3.14099e+06
3.11537e+06
3.0897e+06
3.06398e+06
3.03822e+06
3.0124e+06
2.98653e+06
2.96061e+06
2.93464e+06
2.90859e+06
2.88245e+06
2.85623e+06
2.82992e+06
2.80355e+06
2.77713e+06
2.75068e+06
2.72417e+06
2.69761e+06
2.67099e+06
2.64432e+06
2.61759e+06
2.5908e+06
2.56396e+06
2.53707e+06
2.51013e+06
2.48314e+06
2.4561e+06
2.42901e+06
2.40188e+06
2.37469e+06
2.34746e+06
2.32018e+06
2.29286e+06
2.2655e+06
2.2381e+06
2.21067e+06
2.18319e+06
2.15567e+06
2.12812e+06
2.10055e+06
2.07295e+06
2.04532e+06
2.01767e+06
1.99e+06
1.96231e+06
1.93461e+06
1.90689e+06
1.87916e+06
1.85143e+06
1.82369e+06
1.79595e+06
1.76822e+06
1.74051e+06
1.71281e+06
1.68511e+06
1.65741e+06
1.62971e+06
1.60204e+06
1.57441e+06
1.5468e+06
1.51925e+06
1.49176e+06
1.46429e+06
1.43684e+06
1.40941e+06
1.38201e+06
1.35466e+06
1.32738e+06
1.30017e+06
1.27305e+06
1.24603e+06
1.2191e+06
1.19227e+06
1.16553e+06
1.13888e+06
1.11234e+06
1.08591e+06
1.05958e+06
1.03338e+06
1.0073e+06
981367
955577
929942
904469
879163
854031
829080
804318
779755
755399
731264
707362
683707
660319
637220
614443
592035
570080
548775
529385
508922
487479
465266
442381
418888
394844
370301
345316
319953
294282
268391
242378
216369
190498
164949
139913
115647
92431.3
70629.8
50645
33005.8
18289.1
7276.05
945.174
)
;
    }
    lowerWall
    {
        type            calculated;
        value           nonuniform List<scalar> 
250
(
6.54038e+06
6.43727e+06
6.33101e+06
6.22822e+06
6.12923e+06
6.03383e+06
5.94182e+06
5.85295e+06
5.76695e+06
5.68355e+06
5.60241e+06
5.52316e+06
5.44533e+06
5.36835e+06
5.2914e+06
5.21322e+06
5.13153e+06
5.04057e+06
4.2606e+06
4.26215e+06
4.26524e+06
4.2699e+06
4.27616e+06
4.28406e+06
4.29367e+06
4.30503e+06
4.31821e+06
4.33331e+06
4.35044e+06
4.36978e+06
4.39152e+06
4.41591e+06
4.44325e+06
4.4749e+06
4.50993e+06
4.54526e+06
4.58076e+06
4.61641e+06
4.65224e+06
4.68835e+06
4.72491e+06
4.76226e+06
4.80118e+06
4.84326e+06
4.88911e+06
4.2606e+06
4.26026e+06
4.25958e+06
4.25854e+06
4.25714e+06
4.25538e+06
4.25325e+06
4.25075e+06
4.24786e+06
4.24459e+06
4.24094e+06
4.23689e+06
4.23244e+06
4.22758e+06
4.22233e+06
4.21666e+06
4.21059e+06
4.20411e+06
4.19723e+06
4.18993e+06
4.18223e+06
4.17413e+06
4.16563e+06
4.15673e+06
4.14743e+06
4.13775e+06
4.12768e+06
4.11724e+06
4.10641e+06
4.0952e+06
4.08362e+06
4.07168e+06
4.05938e+06
4.04672e+06
4.0337e+06
4.02034e+06
4.00664e+06
3.9926e+06
3.97825e+06
3.96357e+06
3.94857e+06
3.93326e+06
3.91763e+06
3.90169e+06
3.88545e+06
3.86891e+06
3.85207e+06
3.83495e+06
3.81754e+06
3.79985e+06
3.7819e+06
3.76369e+06
3.74522e+06
3.72651e+06
3.70756e+06
3.68836e+06
3.66894e+06
3.64929e+06
3.62941e+06
3.6093e+06
3.58899e+06
3.56846e+06
3.54774e+06
3.5268e+06
3.50567e+06
3.48433e+06
3.46279e+06
3.44106e+06
3.41913e+06
3.397e+06
3.37469e+06
3.35219e+06
3.32952e+06
3.30666e+06
3.28363e+06
3.26044e+06
3.23709e+06
3.21358e+06
3.18993e+06
3.16613e+06
3.14219e+06
3.11812e+06
3.09392e+06
3.06958e+06
3.04512e+06
3.02054e+06
2.99583e+06
2.97101e+06
2.94608e+06
2.92105e+06
2.89592e+06
2.8707e+06
2.84539e+06
2.81999e+06
2.79449e+06
2.76888e+06
2.74315e+06
2.71731e+06
2.69135e+06
2.66526e+06
2.63905e+06
2.61273e+06
2.5863e+06
2.55976e+06
2.53313e+06
2.5064e+06
2.4796e+06
2.45273e+06
2.4258e+06
2.39881e+06
2.37177e+06
2.34469e+06
2.31756e+06
2.29039e+06
2.26317e+06
2.23592e+06
2.20862e+06
2.18128e+06
2.1539e+06
2.12648e+06
2.09903e+06
2.07153e+06
2.04401e+06
2.01645e+06
1.98886e+06
1.96124e+06
1.93361e+06
1.90595e+06
1.87828e+06
1.85059e+06
1.8229e+06
1.7952e+06
1.7675e+06
1.73981e+06
1.71211e+06
1.68443e+06
1.65676e+06
1.6291e+06
1.60147e+06
1.57386e+06
1.54627e+06
1.51872e+06
1.4912e+06
1.46372e+06
1.43629e+06
1.4089e+06
1.38157e+06
1.35429e+06
1.32708e+06
1.29993e+06
1.27285e+06
1.24585e+06
1.21893e+06
1.1921e+06
1.16537e+06
1.13873e+06
1.1122e+06
1.08578e+06
1.05947e+06
1.0333e+06
1.00725e+06
981329
955553
929927
904455
879145
854006
829047
804278
779707
755346
731205
707297
683637
660244
637140
614357
591941
569972
548621
528842
508334
486903
464711
441847
418377
394354
369832
344867
319523
293872
268002
242013
216024
190180
164651
139642
115398
92212.7
70436.3
50489.8
32876.6
18204.2
7224.34
924.071
)
;
    }
    frontAndBack
    {
        type            empty;
    }
}


// ************************************************************************* //
