/*--------------------------------*- C++ -*----------------------------------*\
  =========                 |
  \\      /  F ield         | OpenFOAM: The Open Source CFD Toolbox
   \\    /   O peration     | Website:  https://openfoam.org
    \\  /    A nd           | Version:  9
     \\/     M anipulation  |
\*---------------------------------------------------------------------------*/
FoamFile
{
    format      ascii;
    class       volScalarField;
    location    "0.043";
    object      nut;
}
// * * * * * * * * * * * * * * * * * * * * * * * * * * * * * * * * * * * * * //

dimensions      [0 2 -1 0 0 0 0];

internalField   nonuniform List<scalar> 
12225
(
4.02705e-10
0
0
0
0
0
0
0
0
0
0
0
0
0
0
3.4383e-09
1.49157e-08
2.27438e-07
4.31132e-10
0
0
0
0
0
0
0
0
0
0
0
0
6.42788e-11
0
1.63599e-09
2.5484e-09
2.55166e-08
5.44795e-10
0
0
0
0
2.85788e-10
2.43074e-10
0
0
0
0
3.70295e-11
0
5.74082e-10
0
2.51582e-09
6.81815e-10
1.5611e-08
4.8713e-08
0
0
0
3.86162e-09
3.55971e-09
8.37879e-10
0
0
3.88035e-10
1.60193e-09
3.69903e-09
2.15804e-09
4.61719e-09
0
1.0007e-08
0
5.44771e-08
2.18191e-07
0
0
0
0
0
0
0
0
0
0
0
0
0
0
0
0
0
0
0
0
0
0
0
0
0
0
0
0
0
0
0
0
0
0
0
0
4.25357e-09
1.72314e-07
0
0
0
0
0
0
0
0
0
0
0
0
0
0
0
0
4.67197e-07
6.10968e-07
1.65507e-07
0
0
0
0
0
0
0
0
0
0
0
0
0
0
0
0
8.09606e-07
8.73108e-08
0
0
0
0
0
0
0
0
0
0
0
0
0
0
0
8.86172e-07
1.39784e-06
0
0
0
0
0
0
0
0
0
0
0
0
0
0
0
0
3.18413e-07
0
0
0
0
0
0
0
0
0
0
0
0
0
0
0
4.61682e-09
0
0
0
0
0
0
0
0
0
0
0
0
0
0
0
0
0
1.83475e-09
0
0
0
0
0
0
0
0
0
0
0
0
0
0
0
0
2.30329e-08
1.47615e-08
0
0
0
0
0
0
0
0
0
0
0
0
0
4.95711e-08
1.16992e-07
1.39846e-07
1.31365e-07
9.35399e-08
0
0
2.91601e-07
0
0
0
4.43778e-07
6.34811e-07
1.01241e-07
0
0
1.56873e-08
1.39723e-07
2.5368e-07
2.9864e-07
2.70991e-07
1.98926e-07
1.09074e-07
0
3.75604e-07
1.49453e-06
1.25263e-06
6.68626e-07
1.78768e-06
2.16204e-06
1.45122e-06
5.89431e-07
1.29781e-07
4.00154e-08
1.07911e-07
2.0326e-07
2.4156e-07
1.90909e-07
9.27658e-08
1.4491e-08
0
0
5.03672e-07
1.31654e-06
1.1386e-06
1.48282e-06
1.52991e-06
9.42106e-07
2.53986e-07
0
7.87792e-08
2.28103e-07
2.89517e-07
2.70918e-07
1.80963e-07
4.29637e-08
0
0
0
0
0
0
9.79392e-07
2.05135e-06
2.53272e-06
1.6635e-06
2.25313e-07
0
6.0616e-07
7.11697e-07
4.1165e-07
1.73228e-07
5.36186e-09
0
0
0
0
2.96126e-08
0
0
0
1.30802e-06
1.55449e-06
9.69105e-07
7.71295e-07
7.77703e-07
9.68148e-07
7.95216e-07
3.88395e-07
9.67528e-08
0
0
0
0
0
5.67513e-07
1.41897e-07
0
0
0
5.90318e-07
5.91543e-07
5.09521e-07
5.48398e-07
6.3398e-07
5.17227e-07
2.44435e-07
1.34858e-08
0
0
0
0
6.61261e-08
6.82909e-07
3.97913e-07
0
4.55599e-08
4.39192e-07
4.46945e-07
1.54973e-07
2.29824e-08
1.42365e-08
1.24785e-07
3.59525e-07
4.79538e-07
2.39679e-07
7.09466e-08
1.16921e-07
2.87981e-07
4.62401e-07
5.50101e-07
9.55609e-07
1.73209e-07
3.83445e-07
4.4897e-07
3.58552e-07
6.02045e-07
3.13179e-07
5.59175e-08
0
0
6.51451e-08
2.46774e-07
4.51939e-07
7.11234e-07
1.69705e-06
1.91466e-06
1.83288e-06
1.69243e-06
2.94951e-07
0
4.19363e-07
3.93339e-07
1.46269e-07
2.21792e-07
5.10773e-07
1.93041e-07
2.23075e-08
4.9087e-08
2.72782e-07
5.62178e-07
5.35296e-07
3.83527e-07
9.2319e-07
1.67899e-06
1.98572e-06
1.99583e-06
3.04331e-07
0
2.06806e-08
4.97349e-07
3.68223e-07
1.44845e-07
7.21851e-07
4.49507e-07
1.55516e-07
2.22411e-07
5.68834e-07
5.56745e-07
0
0
0
0
0
0
8.25304e-07
0
0
1.57971e-06
1.9838e-06
4.05013e-07
4.88426e-07
6.07497e-07
3.16763e-07
3.50335e-07
2.52174e-07
0
0
0
0
0
0
0
5.39246e-07
0
0
1.47661e-06
1.87816e-06
8.21169e-07
5.24773e-07
4.48607e-07
2.69473e-07
4.68405e-08
0
0
0
0
0
1.02738e-08
2.15872e-07
3.50684e-07
0
0
0
0
0
0
0
5.07772e-09
1.82561e-09
0
0
0
0
0
0
0
0
0
0
0
0
0
0
0
0
0
0
0
0
0
0
0
0
0
0
0
0
0
0
0
0
0
0
0
0
0
0
0
0
0
0
0
0
0
0
0
0
0
0
0
0
0
0
0
0
0
0
0
0
0
0
0
0
7.93809e-06
2.05734e-05
0
0
0
0
5.29696e-07
3.42904e-06
3.15202e-06
1.41077e-06
0
0
0
0
0
0
0
0
0
0
0
3.9628e-09
1.83287e-07
2.73163e-07
1.81053e-07
1.66178e-07
2.1766e-07
0
0
0
4.78521e-06
2.06457e-05
4.28783e-05
7.1682e-05
8.36395e-05
4.72347e-05
0
0
0
2.70184e-06
0
0
0
4.28225e-06
1.31793e-05
4.1639e-06
1.38083e-05
3.06564e-05
2.32053e-05
6.65211e-06
1.35094e-06
1.87133e-07
8.97147e-08
2.33084e-07
3.43977e-07
3.78255e-07
3.58487e-07
3.01348e-07
2.44805e-07
1.85596e-07
1.37458e-07
9.53268e-08
6.5164e-08
4.17221e-08
2.34201e-08
8.97526e-09
0
0
0
0
0
0
0
9.8211e-10
1.11063e-08
1.8872e-08
2.71768e-08
3.61554e-08
3.68624e-08
2.57114e-08
4.70991e-10
0
0
0
0
0
0
0
0
0
0
0
0
0
0
0
0
0
0
0
0
0
0
0
0
0
0
0
0
0
0
0
0
0
0
0
0
0
0
0
0
0
0
0
0
0
0
0
0
0
0
0
0
0
0
0
0
0
0
0
0
0
0
0
0
0
0
1.83343e-09
5.47541e-09
5.8005e-09
3.29402e-09
8.10899e-10
0
0
0
0
0
0
0
0
0
0
0
0
0
0
0
0
0
0
0
0
0
0
0
0
0
0
0
0
0
0
0
0
0
0
2.20903e-06
4.53397e-06
4.45782e-06
2.84421e-06
8.23093e-07
0
0
0
0
0
0
0
0
0
0
4.79088e-08
2.24991e-07
3.42212e-07
1.54346e-07
7.57309e-08
4.14193e-07
0
0
0
1.68644e-07
1.9693e-06
4.92766e-06
1.09052e-05
2.08428e-05
3.49478e-05
6.67984e-06
0
0
7.6146e-06
5.99326e-06
3.68292e-07
1.52176e-06
3.55607e-06
0
0
0
0
3.03306e-06
3.01097e-06
1.23986e-06
3.03983e-07
1.40331e-07
2.25665e-07
2.8518e-07
2.96349e-07
2.74166e-07
2.40783e-07
2.06812e-07
1.72386e-07
1.39512e-07
1.08466e-07
7.96046e-08
5.32336e-08
2.97144e-08
9.85547e-09
0
0
0
0
0
0
0
1.28031e-09
1.53833e-08
2.80003e-08
4.19918e-08
5.8987e-08
6.96998e-08
5.68921e-08
5.94216e-09
0
0
0
0
0
0
0
0
0
0
0
0
0
0
0
0
0
0
0
0
0
0
0
0
0
0
0
0
0
0
0
0
0
0
0
0
0
0
0
0
0
0
0
0
0
0
0
0
0
0
0
0
0
0
0
0
0
0
0
0
0
0
0
0
0
0
0
2.58636e-09
5.85247e-09
5.17981e-09
2.579e-09
0
0
0
0
0
0
0
0
0
0
0
0
0
0
0
0
0
0
0
0
4.08112e-11
0
5.35465e-11
0
0
3.12987e-10
0
5.57208e-06
6.13825e-06
3.95548e-06
2.39255e-06
6.52256e-07
7.62182e-08
1.2368e-06
3.04457e-06
4.03175e-06
3.75096e-06
2.28737e-06
0
0
0
0
0
0
0
0
0
0
0
0
5.33108e-07
1.08951e-06
4.96205e-07
0
3.46181e-07
0
0
0
0
0
2.25124e-06
8.75004e-06
1.63488e-05
2.75284e-05
3.3536e-05
1.34211e-05
0
0
0
0
0
0
0
0
0
0
8.39618e-07
1.29587e-06
5.85693e-07
2.81995e-07
3.1589e-07
5.12112e-07
6.78152e-07
7.66282e-07
7.64057e-07
7.00477e-07
6.06308e-07
5.00723e-07
3.9497e-07
2.96596e-07
2.08777e-07
1.3221e-07
6.64485e-08
1.05149e-08
0
0
0
0
0
0
0
0
6.62612e-08
1.43153e-07
2.29557e-07
3.19664e-07
3.72004e-07
2.95826e-07
4.11161e-08
0
0
0
0
0
0
0
0
0
0
0
0
0
0
0
0
0
0
0
0
0
0
0
0
0
0
0
0
0
0
0
0
0
0
0
0
0
0
0
0
0
0
0
0
0
0
0
0
0
0
0
0
0
0
0
0
0
0
0
0
0
0
0
0
0
0
0
0
0
0
3.15495e-09
6.35231e-09
7.74382e-09
6.88091e-09
2.98181e-09
0
0
0
0
0
0
0
0
0
0
0
0
0
0
0
4.76699e-10
9.98233e-10
1.06422e-09
1.01776e-09
1.39146e-09
2.24214e-10
2.79769e-09
0
1.34489e-05
5.99491e-06
4.50278e-06
3.87408e-06
2.5414e-06
1.92736e-06
2.03747e-06
1.9643e-06
1.27963e-08
0
0
0
0
0
0
0
0
0
0
0
0
0
0
0
0
0
0
0
0
0
0
0
0
2.93996e-06
8.34922e-06
1.12514e-05
1.33837e-05
1.08453e-05
0
0
0
0
0
0
0
0
0
0
0
0
1.62944e-07
1.92961e-08
4.61726e-08
6.40733e-08
5.43215e-08
2.253e-08
0
1.13681e-08
7.87181e-08
2.32002e-07
4.92163e-07
9.26916e-07
1.64415e-06
2.90541e-06
4.85544e-06
6.33431e-07
0
0
0
0
0
0
0
0
0
0
0
0
0
0
0
0
0
0
0
0
0
0
0
0
0
0
0
0
0
0
0
0
0
0
0
0
0
0
0
0
0
0
0
0
0
0
0
0
0
0
0
0
0
0
0
0
0
0
0
0
0
0
0
0
0
0
0
0
0
0
0
0
0
0
0
0
0
0
0
0
0
0
0
0
0
0
0
0
0
1.95704e-08
4.46696e-08
2.98208e-08
4.90124e-09
0
0
0
0
0
0
0
0
0
0
0
1.08336e-10
1.86223e-09
3.09744e-09
3.10588e-09
3.93484e-09
2.01601e-09
4.41766e-09
0
6.00508e-09
0
1.10938e-05
6.6883e-06
3.09552e-06
1.85503e-06
1.65343e-06
1.06864e-06
0
0
0
0
0
0
0
0
0
0
0
0
0
0
0
0
0
0
0
0
0
0
0
0
0
0
5.43643e-06
8.39133e-06
7.78716e-06
5.7015e-06
4.63286e-06
1.01316e-06
0
0
0
0
0
0
0
0
0
0
0
0
0
0
0
0
0
0
0
0
0
0
0
0
9.21656e-08
3.38294e-07
9.53402e-08
0
0
1.41168e-07
3.44376e-07
3.94144e-07
3.65729e-07
2.89429e-07
1.85823e-07
7.71953e-08
0
0
0
0
0
0
0
0
0
0
0
0
0
0
0
0
0
0
0
0
0
0
0
0
0
0
0
0
0
0
0
0
0
0
0
0
0
0
0
0
0
0
0
0
0
0
0
0
0
0
0
0
0
0
0
0
0
0
0
0
0
0
0
0
0
6.41906e-07
1.64479e-06
3.23096e-06
2.94461e-06
2.29403e-06
2.03134e-06
1.67884e-06
1.00953e-06
3.99866e-07
2.35143e-07
2.13032e-07
1.68193e-07
9.07755e-08
1.8484e-08
0
0
0
0
0
0
0
0
1.52303e-08
5.51817e-08
8.1366e-08
6.28858e-08
2.29115e-08
0
0
0
0
0
0
0
0
5.85804e-09
0
1.13351e-08
0
9.75079e-09
0
2.77756e-06
3.15935e-06
2.40587e-06
2.24237e-06
2.00592e-06
7.93378e-07
0
0
0
0
0
0
0
0
0
0
0
0
0
0
0
0
0
0
0
0
4.91127e-06
1.5542e-05
1.55796e-05
0
0
0
4.47554e-06
6.40185e-06
4.3282e-06
1.14101e-06
0
0
0
0
0
0
0
0
0
0
0
0
0
0
0
0
0
0
0
0
0
0
0
0
0
1.86665e-07
4.10943e-07
0
0
0
0
0
0
1.52739e-07
4.28651e-07
5.74666e-07
5.91128e-07
5.2766e-07
3.87173e-07
2.1952e-07
6.82059e-08
0
0
0
0
0
0
0
0
0
0
0
0
0
0
0
0
0
0
0
0
0
0
0
0
0
0
0
0
0
0
0
0
0
0
0
0
0
0
0
0
0
0
0
0
0
0
0
0
0
0
0
0
0
0
0
0
0
0
0
0
0
1.31345e-06
2.31761e-06
3.6177e-06
4.81831e-06
3.51346e-06
2.09562e-06
1.52507e-06
1.18262e-06
8.2756e-07
6.06402e-07
7.69154e-07
1.18658e-06
2.1831e-06
2.01101e-06
1.40758e-06
1.10978e-06
9.92221e-07
9.10059e-07
7.72122e-07
6.153e-07
5.28068e-07
5.05024e-07
4.73065e-07
3.85818e-07
2.44838e-07
7.05939e-08
0
0
0
0
2.83527e-08
1.13992e-07
1.64809e-07
1.89348e-07
2.19537e-07
2.18242e-07
2.44616e-07
2.01984e-07
2.05491e-07
7.80073e-08
8.14776e-08
0
2.431e-07
5.23991e-07
1.09446e-06
2.54726e-06
2.28662e-06
0
0
2.93264e-06
9.64808e-06
0
0
0
0
4.83593e-07
1.12584e-06
1.06985e-06
5.24332e-07
0
0
0
0
0
0
0
0
0
9.32603e-06
4.85614e-05
3.93806e-05
1.59399e-05
4.57808e-06
1.59855e-06
1.05413e-06
1.27087e-06
6.06395e-07
0
0
0
0
0
0
0
0
0
0
0
0
0
0
0
0
0
0
0
0
0
0
0
0
7.18082e-07
2.44793e-06
4.38472e-06
0
0
0
0
0
0
0
0
0
0
2.44213e-07
5.85344e-07
7.04164e-07
6.74999e-07
5.54469e-07
3.90279e-07
1.88544e-07
0
0
0
0
0
0
0
0
0
0
0
0
0
0
0
0
0
2.39931e-08
8.12998e-08
1.55634e-08
0
0
0
0
0
0
0
0
0
0
0
0
0
0
0
0
0
0
0
0
0
0
0
0
0
0
0
0
0
0
0
0
0
0
0
0
0
0
0
3.2704e-07
1.75877e-06
4.49547e-06
5.13038e-06
2.51674e-06
1.39485e-06
1.18591e-06
1.06738e-06
8.57825e-07
6.36585e-07
7.06726e-07
8.99762e-07
1.03181e-06
1.54993e-06
2.7149e-06
3.03096e-06
3.02104e-06
3.08366e-06
3.08076e-06
2.86973e-06
2.50954e-06
2.12425e-06
1.74723e-06
1.37805e-06
1.02078e-06
6.31814e-07
2.02067e-07
5.05167e-09
1.48367e-07
3.59289e-07
4.34971e-07
3.73373e-07
4.11945e-07
4.39244e-07
3.99572e-07
3.36491e-07
3.09758e-07
2.59889e-07
2.47396e-07
1.56911e-07
1.00721e-07
0
0
0
1.36038e-07
1.91581e-06
0
7.80216e-06
2.57825e-05
2.46142e-05
2.28913e-06
0
0
0
5.32918e-07
4.99241e-07
1.73015e-08
0
0
0
0
0
0
0
0
0
0
0
0
7.20277e-05
3.07439e-05
1.28714e-05
5.82248e-06
2.46313e-06
7.2022e-07
0
0
0
0
0
0
0
0
0
0
0
0
0
0
3.05867e-07
2.38542e-07
0
0
0
0
0
0
0
0
3.60301e-07
2.62904e-06
7.1029e-06
1.29433e-05
0
0
0
0
0
0
0
0
0
0
0
0
0
2.15863e-07
6.48674e-07
9.43796e-07
1.06534e-06
1.08949e-06
9.68086e-07
6.46791e-07
1.04207e-07
0
0
0
0
0
0
0
0
0
0
0
0
0
0
2.10613e-08
1.23121e-07
2.00344e-07
1.48629e-07
0
0
0
0
0
0
0
0
0
0
0
0
0
0
0
0
0
0
0
0
0
0
0
0
0
0
0
0
0
0
0
0
0
0
0
0
0
0
5.32802e-07
7.96155e-07
3.72325e-07
2.28166e-06
1.62309e-06
1.26673e-06
1.35763e-06
1.40881e-06
1.31321e-06
9.84883e-07
8.40241e-07
9.92567e-07
1.06099e-06
8.95279e-07
9.06997e-07
1.35047e-06
1.66617e-06
1.78808e-06
1.7774e-06
1.74038e-06
1.85814e-06
2.09861e-06
2.0871e-06
1.7676e-06
1.38044e-06
1.07175e-06
8.30697e-07
4.21987e-07
4.58728e-07
6.17277e-07
6.19901e-07
5.02978e-07
3.91881e-07
4.31671e-07
4.36045e-07
3.50944e-07
2.97379e-07
2.40097e-07
2.15427e-07
1.55689e-07
1.03584e-07
0
0
0
0
8.71792e-07
8.80479e-06
1.36095e-05
1.48952e-05
8.26484e-06
0
0
0
0
0
0
0
0
0
0
0
0
0
0
0
0
0
0
0
0
2.35416e-05
1.19304e-05
6.0458e-06
3.4364e-06
1.44501e-06
0
0
0
0
0
0
0
0
0
0
0
0
0
8.20873e-07
7.01042e-07
1.63179e-07
0
0
0
0
0
0
0
1.12258e-06
5.12467e-06
1.31375e-05
2.38114e-05
0
0
0
0
0
0
0
0
0
0
0
0
0
0
0
7.96511e-08
4.82227e-07
8.24769e-07
1.09943e-06
1.28034e-06
1.29501e-06
1.15129e-06
9.65151e-07
8.07447e-07
6.04624e-07
2.76487e-07
8.50012e-09
0
0
0
0
7.70519e-09
2.03099e-08
2.28766e-08
1.86057e-08
7.59759e-09
0
7.67966e-09
7.38137e-08
1.66767e-07
2.1246e-07
1.70881e-07
7.06767e-08
0
0
0
0
0
0
0
0
0
0
0
0
0
0
0
0
0
0
0
0
0
0
0
0
0
0
0
0
0
0
0
5.06296e-08
1.15116e-08
0
8.69747e-08
6.81328e-07
1.03469e-06
8.75397e-07
1.98896e-07
2.67922e-07
1.33611e-06
1.89604e-06
2.15261e-06
2.38976e-06
2.24694e-06
1.36162e-06
1.2128e-06
1.32201e-06
1.1505e-06
7.00418e-07
7.46894e-07
1.09821e-06
1.30884e-06
1.35089e-06
1.25204e-06
1.09829e-06
1.0286e-06
1.01756e-06
9.33091e-07
7.53881e-07
5.66003e-07
4.49746e-07
4.41157e-07
5.67853e-07
5.69653e-07
5.73422e-07
5.21966e-07
3.97026e-07
3.23051e-07
3.83119e-07
3.20879e-07
2.56633e-07
2.03576e-07
1.74821e-07
1.27011e-07
8.64727e-08
0
0
0
0
0
2.50414e-06
4.23052e-06
3.71444e-06
9.07496e-07
0
0
7.35311e-08
0
0
0
0
0
0
0
0
0
0
0
0
0
0
0
0
0
0
7.01925e-06
6.36783e-06
4.40738e-06
0
0
0
0
0
0
0
0
0
0
0
0
0
1.68721e-06
1.87208e-06
7.96596e-07
0
0
0
0
0
0
0
1.77e-06
7.28875e-06
1.79791e-05
3.44445e-05
2.30475e-05
0
0
0
0
0
0
0
0
3.33314e-08
4.92686e-08
0
0
0
0
0
5.69541e-08
2.66254e-07
4.3942e-07
5.73737e-07
6.38295e-07
5.94907e-07
4.97597e-07
4.66898e-07
4.3549e-07
3.08326e-07
1.33881e-07
2.66769e-08
2.67682e-08
9.92426e-08
1.74947e-07
2.22989e-07
2.38672e-07
2.30506e-07
2.08935e-07
1.83236e-07
1.42824e-07
8.14661e-08
1.65808e-08
0
0
0
0
0
0
0
0
0
0
0
0
0
0
0
0
0
0
0
0
0
0
0
0
0
0
0
0
0
0
0
0
0
0
0
9.61661e-08
2.36187e-07
3.20971e-07
3.9691e-07
5.19175e-07
7.6256e-07
9.9222e-07
1.08395e-06
9.58589e-07
6.58739e-07
1.20157e-06
2.24442e-06
2.24596e-06
2.27052e-06
2.8335e-06
2.84066e-06
1.64323e-06
1.70665e-06
1.68952e-06
1.17039e-06
7.73556e-07
1.05421e-06
1.49312e-06
1.86515e-06
2.06194e-06
1.93905e-06
1.48979e-06
1.02843e-06
6.80515e-07
3.90232e-07
1.76414e-07
4.95184e-08
0
0
0
1.23661e-07
2.33235e-07
2.28438e-07
1.65236e-07
2.21755e-07
2.3759e-07
1.93542e-07
1.60486e-07
1.40506e-07
1.00464e-07
6.51091e-08
4.12532e-09
0
0
0
0
0
0
0
0
0
0
0
0
0
0
0
0
0
0
0
0
0
0
0
0
0
0
0
0
0
0
4.51762e-06
3.10313e-06
0
0
0
0
0
0
0
0
0
0
0
0
0
3.72579e-06
2.05541e-06
4.75894e-07
0
0
0
0
0
0
1.76873e-06
7.26253e-06
1.86241e-05
3.86456e-05
4.32896e-05
0
0
0
0
0
0
0
0
0
7.64003e-08
0
0
0
0
0
3.76938e-08
2.83216e-07
3.94955e-07
4.16793e-07
3.9771e-07
3.40498e-07
2.47815e-07
1.54397e-07
6.95292e-08
0
0
0
0
0
0
3.89483e-08
1.45042e-07
2.06283e-07
2.20707e-07
2.05324e-07
1.79554e-07
1.47098e-07
9.64218e-08
4.52184e-08
7.17956e-09
0
0
0
0
0
0
0
0
0
0
0
0
0
0
0
0
0
0
0
0
0
0
0
0
0
0
0
0
0
0
0
0
0
0
5.73543e-08
3.41922e-07
4.74297e-07
5.96652e-07
7.29946e-07
8.20925e-07
9.15665e-07
9.77505e-07
1.03683e-06
1.06357e-06
9.71522e-07
4.60983e-07
1.45504e-08
0
0
0
7.05958e-08
9.6043e-07
1.94057e-06
1.76677e-06
1.23018e-06
1.31348e-06
1.9681e-06
2.42233e-06
2.49781e-06
2.5115e-06
2.43382e-06
1.88513e-06
1.01796e-06
3.2095e-07
0
0
0
0
0
0
0
2.14971e-08
4.64289e-08
1.24903e-07
1.39968e-07
3.43516e-08
8.78102e-08
1.01716e-07
7.22201e-08
4.13647e-08
0
0
0
0
0
0
0
0
0
0
0
0
1.30342e-07
1.8037e-07
6.66901e-08
0
0
0
0
0
0
0
0
0
0
0
0
0
0
0
0
0
0
0
0
3.71245e-07
1.08689e-06
1.08311e-06
7.26853e-07
3.57698e-07
1.52833e-07
2.63957e-07
0
0
0
0
0
7.13992e-07
6.19051e-08
0
0
0
0
0
1.04032e-06
4.65922e-06
1.27906e-05
2.83292e-05
2.91583e-05
0
0
0
0
0
0
0
0
0
2.676e-07
2.29774e-07
0
0
0
0
0
9.83819e-08
3.92129e-07
4.57963e-07
4.17884e-07
3.4505e-07
2.52632e-07
1.47108e-07
4.03052e-08
0
0
0
0
0
0
0
5.50422e-09
7.00452e-08
1.13054e-07
1.27802e-07
1.21164e-07
1.05225e-07
8.40896e-08
5.28002e-08
1.50522e-08
0
0
0
0
0
0
0
0
0
0
0
0
0
0
0
0
0
0
0
0
0
0
0
0
0
0
0
0
0
0
0
0
0
0
0
0
3.51123e-07
5.82833e-07
7.15477e-07
8.59683e-07
9.09441e-07
8.8204e-07
8.83357e-07
8.86045e-07
9.66632e-07
1.01859e-06
0
0
0
0
0
1.67559e-08
0
0
7.16514e-07
6.02785e-07
3.67643e-07
1.53703e-06
1.79114e-06
1.1341e-06
1.36007e-06
1.43882e-06
1.23232e-06
7.23154e-07
1.62951e-07
0
0
0
0
0
0
0
2.84845e-08
7.14868e-08
1.3077e-07
1.49614e-07
0
0
4.0675e-09
3.10618e-08
1.60546e-08
0
0
0
0
0
0
0
0
0
0
0
2.126e-07
8.27902e-07
1.23197e-06
1.38312e-06
1.18498e-06
5.86356e-07
0
0
0
0
0
0
0
0
0
0
0
0
0
0
0
0
2.88692e-06
3.12444e-06
2.6877e-06
2.39158e-06
2.02701e-06
1.54958e-06
1.34141e-06
2.75882e-06
3.45927e-06
0
0
0
0
0
0
0
0
0
0
0
3.807e-07
1.79106e-06
4.54649e-06
7.47459e-06
0
0
0
0
0
0
0
0
0
0
0
2.99001e-07
2.62935e-07
0
0
0
0
0
1.2263e-07
5.97483e-07
7.07807e-07
6.61103e-07
5.37781e-07
3.70391e-07
2.13328e-07
6.82196e-08
0
0
0
0
0
0
0
0
1.5884e-08
5.88327e-08
8.11747e-08
8.58123e-08
7.83929e-08
6.25066e-08
3.89287e-08
8.97311e-09
0
0
0
0
0
0
0
3.94739e-09
3.33257e-08
5.25768e-08
8.23651e-08
1.16807e-07
1.18965e-07
6.44954e-08
0
0
0
0
0
0
0
0
2.35271e-08
4.01808e-08
2.41721e-08
0
0
0
0
0
0
0
0
0
0
0
1.65792e-07
6.18916e-07
8.0452e-07
9.27563e-07
1.0033e-06
9.06817e-07
8.13209e-07
7.55532e-07
7.03596e-07
6.99348e-07
1.26997e-07
0
0
0
0
2.83103e-07
4.43541e-07
1.3899e-07
0
0
0
0
9.12225e-07
1.0011e-06
1.23019e-06
1.19256e-06
8.13316e-07
2.3305e-07
0
0
0
0
0
0
0
7.59025e-08
9.42348e-08
9.02266e-08
8.54317e-08
5.6332e-08
0
0
0
0
0
0
0
0
0
0
0
0
0
0
0
7.71082e-08
1.26002e-06
2.34242e-06
3.22207e-06
3.75088e-06
3.68174e-06
3.01836e-06
2.15494e-06
1.31404e-06
4.39751e-07
0
0
0
0
0
0
0
0
0
0
0
0
0
2.99393e-06
3.10281e-06
2.74663e-06
2.395e-06
2.06966e-06
2.15238e-06
4.36753e-06
4.25251e-06
7.16585e-07
0
0
0
0
0
0
0
0
0
0
1.50824e-07
4.90779e-07
4.8371e-07
0
0
0
0
0
0
0
0
0
0
0
0
0
3.89692e-07
4.54447e-07
1.64007e-07
0
0
0
0
0
4.72594e-07
9.60846e-07
1.06081e-06
9.01165e-07
6.42345e-07
4.23216e-07
2.58118e-07
1.10648e-07
0
0
0
0
0
0
0
0
0
2.7694e-08
4.85911e-08
5.54719e-08
5.12728e-08
3.92986e-08
2.16261e-08
1.4868e-09
0
0
0
0
0
0
0
1.09855e-08
7.586e-09
0
1.06945e-08
4.78191e-08
8.17491e-08
8.78309e-08
6.28716e-08
2.85257e-08
4.56686e-09
0
0
0
1.89397e-08
1.19073e-07
1.55594e-07
1.20985e-07
2.80595e-08
0
0
6.64837e-09
2.97913e-09
0
2.22326e-09
7.72047e-08
8.56028e-08
2.35985e-08
0
0
4.96932e-07
8.34041e-07
9.72216e-07
1.04126e-06
9.82518e-07
7.92951e-07
6.46167e-07
5.11563e-07
3.44064e-07
4.47515e-08
0
0
0
6.29758e-08
4.42112e-07
6.22854e-07
6.25296e-07
3.74394e-07
0
0
0
0
1.84835e-06
1.67485e-06
1.47719e-06
9.87093e-07
4.05981e-07
1.34926e-07
1.25497e-07
8.84245e-08
0
0
0
0
1.11253e-07
1.50613e-07
1.05471e-07
2.24309e-08
0
0
0
0
0
0
0
0
0
0
0
0
0
0
0
3.03985e-07
7.60011e-07
1.37959e-06
2.4155e-06
3.72025e-06
5.12194e-06
5.4853e-06
4.58173e-06
3.3138e-06
2.44103e-06
2.01803e-06
1.79667e-06
1.57609e-06
1.31637e-06
9.83232e-07
6.90536e-07
4.8194e-07
3.02561e-07
1.19616e-07
9.61957e-09
0
0
0
4.66238e-07
1.9998e-06
2.18441e-06
1.98576e-06
1.73354e-06
2.05418e-06
3.69288e-06
3.78398e-06
1.27695e-06
1.57813e-07
0
0
0
0
0
8.05917e-08
1.01052e-07
7.25775e-08
9.57108e-08
2.08378e-07
3.44044e-07
5.47023e-08
0
0
0
0
0
0
0
0
0
0
0
0
0
0
4.3909e-07
7.26686e-07
4.35692e-07
0
0
0
0
0
0
5.24848e-07
1.05749e-06
9.79055e-07
7.03629e-07
4.62124e-07
3.00025e-07
1.78016e-07
6.59784e-08
0
0
0
0
0
0
0
0
0
0
0
0
0
0
0
0
0
0
0
0
0
4.95441e-09
4.24385e-08
6.24645e-08
5.27583e-08
2.46894e-08
3.34966e-09
9.10303e-09
3.95522e-08
7.12049e-08
8.92202e-08
1.07404e-07
1.30079e-07
1.18521e-07
7.24683e-08
8.18721e-08
1.57873e-07
1.96709e-07
1.64045e-07
8.56722e-08
0
0
0
8.80923e-08
1.06059e-07
7.99771e-08
9.814e-08
1.3701e-07
1.445e-07
1.25927e-07
1.01267e-07
3.10871e-07
7.61998e-07
9.79419e-07
1.05381e-06
1.04205e-06
8.52418e-07
6.06529e-07
3.94587e-07
1.81635e-07
0
0
0
0
4.26328e-07
6.61202e-07
7.6059e-07
7.55718e-07
6.37631e-07
3.955e-07
0
0
0
1.10254e-06
1.67663e-06
1.50218e-06
1.08028e-06
5.66771e-07
2.99104e-07
2.17327e-07
1.36477e-07
0
0
0
0
8.25508e-08
1.54736e-07
1.00413e-07
0
0
0
0
0
0
0
0
0
0
0
0
0
7.33286e-07
2.69263e-06
3.10557e-06
2.14026e-06
8.39027e-07
0
0
0
1.92034e-06
4.26107e-06
4.07235e-06
2.73459e-06
1.60823e-06
1.27577e-06
1.50757e-06
1.73567e-06
1.78349e-06
1.72833e-06
1.4757e-06
1.16864e-06
8.81439e-07
6.93371e-07
6.06731e-07
5.46754e-07
2.52886e-07
0
5.8944e-07
1.31414e-06
1.4435e-06
1.24995e-06
1.3767e-06
2.32814e-06
2.9085e-06
1.612e-06
5.43469e-07
1.55222e-08
0
0
0
0
0
1.52951e-07
2.37083e-07
2.88214e-07
3.66255e-07
4.73362e-07
4.58902e-07
0
0
0
0
0
0
0
0
0
0
0
0
0
0
0
1.79759e-07
8.28958e-07
6.68467e-07
0
0
0
0
0
0
0
4.46272e-07
6.0877e-07
4.32336e-07
2.58673e-07
1.59421e-07
1.03752e-07
5.61363e-08
0
0
0
0
0
0
0
0
0
0
0
0
0
0
0
0
0
0
0
0
0
1.3762e-08
5.26133e-08
1.00169e-07
1.54596e-07
2.02356e-07
2.37643e-07
2.82856e-07
3.59488e-07
4.40996e-07
4.77737e-07
4.64897e-07
4.25039e-07
3.32823e-07
1.80047e-07
6.52645e-08
5.54983e-08
8.42046e-08
8.21237e-08
5.32414e-08
4.54885e-10
0
0
6.20592e-08
1.86158e-07
1.97476e-07
1.65271e-07
1.65023e-07
1.8754e-07
2.0505e-07
2.16694e-07
2.84455e-07
6.11025e-07
9.52494e-07
1.07643e-06
1.09599e-06
9.8653e-07
6.90288e-07
4.04425e-07
1.76063e-07
4.00564e-08
6.3895e-08
2.63638e-07
5.62205e-07
9.2187e-07
1.07254e-06
1.02594e-06
9.17009e-07
7.4569e-07
5.48525e-07
4.96401e-07
7.82631e-07
3.50211e-07
2.54626e-07
5.17513e-07
8.39034e-07
7.56707e-07
4.71612e-07
2.68323e-07
1.75276e-07
8.99744e-08
0
0
0
0
1.49547e-08
8.65823e-08
8.03642e-09
0
0
0
0
0
0
0
0
0
0
0
0
3.54828e-06
8.29505e-06
8.83457e-06
6.93221e-06
2.551e-06
1.76517e-06
1.34207e-05
0
0
0
2.67925e-06
3.04118e-06
2.02091e-06
8.16415e-07
3.12866e-08
9.04542e-08
7.58644e-07
1.18333e-06
1.33118e-06
1.35998e-06
1.16444e-06
9.15805e-07
7.86288e-07
7.72017e-07
7.21845e-07
4.33585e-07
0
3.35581e-07
9.47938e-07
1.09594e-06
1.00068e-06
1.27584e-06
1.8229e-06
1.55792e-06
7.47509e-07
2.5461e-07
2.89315e-08
0
0
0
0
7.22619e-08
1.61583e-07
2.44216e-07
3.40849e-07
4.74673e-07
6.24869e-07
6.25932e-07
0
0
0
0
0
0
0
0
0
0
0
0
0
0
0
0
6.05057e-07
7.52721e-07
1.81436e-07
0
0
0
0
0
0
6.60548e-08
3.37578e-07
2.01323e-07
7.14195e-08
8.55871e-09
0
0
0
0
0
0
0
0
0
0
0
0
0
0
0
0
0
0
0
0
0
0
3.70634e-08
8.96288e-08
1.34382e-07
1.89897e-07
2.9225e-07
4.68144e-07
7.41815e-07
1.11798e-06
1.45874e-06
1.55673e-06
1.38121e-06
1.04233e-06
6.76352e-07
3.85006e-07
1.89365e-07
7.59002e-08
2.51888e-08
2.31196e-08
2.21546e-08
8.77046e-09
0
0
0
4.40494e-08
1.94795e-07
2.94067e-07
2.71712e-07
2.31847e-07
2.29071e-07
2.51011e-07
2.76664e-07
3.07731e-07
4.72561e-07
8.53419e-07
1.05782e-06
1.11316e-06
1.08362e-06
8.69846e-07
5.75505e-07
3.7985e-07
3.8103e-07
5.38781e-07
6.64214e-07
7.06261e-07
7.20504e-07
8.73853e-07
1.11632e-06
1.09391e-06
8.68669e-07
6.46147e-07
5.89695e-07
7.59895e-07
5.16978e-07
5.73713e-08
2.68968e-08
3.14581e-07
4.16143e-07
2.92712e-07
1.6516e-07
8.51813e-08
2.64336e-08
1.15585e-07
2.53021e-08
0
0
0
0
0
0
0
0
0
0
0
0
0
0
0
0
2.15877e-07
8.67705e-06
1.37555e-05
1.06585e-05
6.75593e-06
1.32069e-06
1.37859e-05
1.79798e-05
1.08667e-05
0
0
1.95353e-06
1.8648e-06
1.17347e-06
4.14231e-07
0
0
0
9.90402e-08
5.3967e-07
7.4626e-07
8.55553e-07
7.774e-07
6.89699e-07
7.02939e-07
6.82386e-07
4.51117e-07
0
1.36463e-07
7.57579e-07
9.97131e-07
9.88969e-07
1.1301e-06
1.24273e-06
8.80814e-07
3.59648e-07
1.16447e-07
4.4043e-08
5.73318e-08
8.4666e-08
9.7921e-08
1.23903e-07
1.58013e-07
1.93226e-07
2.34798e-07
3.12034e-07
4.47813e-07
6.2315e-07
7.03417e-07
3.90576e-07
0
0
0
0
0
0
0
0
0
0
0
1.07778e-06
0
0
0
3.80361e-07
7.1848e-07
4.7682e-07
0
0
0
0
0
0
3.78021e-07
4.33953e-07
2.40076e-07
1.0133e-07
3.87037e-08
7.41991e-09
0
0
0
0
0
0
0
0
0
0
0
0
0
0
0
0
0
0
0
0
6.2195e-08
1.90963e-07
3.50506e-07
5.45399e-07
8.14373e-07
1.25588e-06
1.98298e-06
2.86085e-06
3.03067e-06
2.33807e-06
1.53134e-06
1.0591e-06
8.15118e-07
4.97242e-07
2.08434e-07
1.4539e-07
1.17376e-07
5.46282e-08
0
0
0
0
2.01788e-09
2.28019e-08
7.41893e-08
1.99915e-07
3.49451e-07
4.05775e-07
3.55898e-07
3.16119e-07
3.16312e-07
3.36776e-07
3.53558e-07
4.19926e-07
7.1594e-07
9.94892e-07
1.09318e-06
1.08566e-06
9.67731e-07
7.96742e-07
7.44849e-07
8.00414e-07
8.37092e-07
8.02872e-07
7.43862e-07
6.38409e-07
5.16105e-07
5.29968e-07
7.63746e-07
8.19371e-07
6.46268e-07
5.56519e-07
5.74597e-07
4.5958e-07
1.80303e-08
0
7.65149e-08
1.89341e-07
1.36846e-07
7.15468e-08
6.71093e-09
0
2.73146e-07
2.78375e-07
1.54114e-07
2.36159e-08
0
0
0
0
0
0
0
0
0
0
0
0
0
0
0
0
0
0
0
6.06349e-06
1.62053e-05
1.59143e-05
7.97519e-06
0
0
5.7572e-08
1.18484e-07
0
0
0
0
0
0
0
2.94793e-09
3.09703e-07
5.15219e-07
5.3879e-07
5.49066e-07
5.54352e-07
3.82025e-07
0
0
6.0163e-07
9.47752e-07
9.10355e-07
8.57556e-07
7.89688e-07
5.0615e-07
1.49222e-07
5.02294e-08
4.20255e-08
7.19023e-08
8.95255e-08
8.78662e-08
1.22439e-07
1.69309e-07
2.07869e-07
2.33468e-07
2.77496e-07
3.67483e-07
5.04803e-07
6.11699e-07
5.65362e-07
2.42957e-07
0
0
0
0
0
0
0
0
0
6.1874e-06
2.94251e-06
0
0
0
2.79909e-07
4.99907e-07
5.08353e-07
2.83511e-07
1.29617e-07
8.84799e-07
2.17223e-06
3.41812e-06
2.30556e-06
9.76419e-07
5.92495e-07
3.16474e-07
1.56837e-07
8.40755e-08
4.6811e-08
2.10169e-08
4.22267e-10
0
0
0
0
0
0
0
0
0
0
0
0
0
0
0
0
0
9.58479e-08
5.63379e-07
1.17381e-06
1.96707e-06
2.84344e-06
3.43889e-06
3.17722e-06
2.34682e-06
1.5083e-06
1.00891e-06
7.05797e-07
4.78845e-07
3.04906e-07
2.64642e-07
2.40268e-07
1.26693e-07
8.44721e-08
4.56953e-08
0
0
0
0
0
2.8514e-08
7.47766e-08
1.28289e-07
2.3757e-07
4.0103e-07
5.14894e-07
5.32409e-07
4.67349e-07
4.30808e-07
4.22251e-07
4.2469e-07
4.3003e-07
5.87165e-07
8.69426e-07
1.00453e-06
1.00319e-06
9.06052e-07
7.50556e-07
7.02954e-07
7.81615e-07
8.33554e-07
7.98776e-07
7.32292e-07
6.22246e-07
4.77464e-07
3.23169e-07
3.08521e-07
4.77091e-07
5.27054e-07
4.89577e-07
4.77095e-07
4.00568e-07
6.0912e-08
0
0
5.30814e-08
3.48286e-08
1.40567e-08
0
0
3.31017e-07
3.7672e-07
3.46937e-07
2.73082e-07
4.87964e-09
0
0
0
0
0
0
0
0
0
0
2.58186e-07
6.45933e-07
2.53352e-06
1.56026e-06
0
0
0
0
2.42093e-06
1.33409e-05
1.28774e-05
1.00927e-06
0
0
0
0
0
0
0
0
0
0
0
0
0
1.09223e-07
3.26112e-07
4.12847e-07
4.41789e-07
2.99221e-07
0
0
4.34772e-07
9.60761e-07
8.44002e-07
5.43129e-07
3.95701e-07
2.50227e-07
2.97918e-08
3.9738e-08
6.42152e-08
7.57792e-08
6.06145e-08
1.91262e-08
3.52292e-08
8.5949e-08
1.45872e-07
1.9132e-07
2.29321e-07
2.86004e-07
3.78778e-07
4.89503e-07
6.01945e-07
7.06395e-07
7.88397e-07
9.20293e-07
1.0993e-06
1.29701e-06
1.26255e-06
8.72479e-07
5.61035e-07
1.0186e-06
1.98223e-06
2.86449e-06
2.69332e-06
0
5.85542e-07
7.15996e-07
2.83008e-07
1.69749e-07
3.27254e-07
4.7327e-07
9.17847e-07
1.76892e-06
2.48649e-06
4.05563e-06
4.5509e-06
1.31892e-06
6.27921e-07
3.13554e-07
1.5686e-07
8.27377e-08
4.1532e-08
1.55602e-08
0
0
0
0
0
0
0
0
0
0
0
0
0
0
0
0
0
0
9.99046e-07
1.86825e-06
1.79381e-06
1.48525e-06
1.21612e-06
9.60604e-07
7.13612e-07
5.25773e-07
4.02237e-07
3.40167e-07
3.15727e-07
2.98229e-07
2.46108e-07
1.18757e-07
4.58825e-08
1.17093e-08
0
0
0
0
0
0
0
4.8763e-08
1.33835e-07
2.11706e-07
3.19432e-07
4.90358e-07
6.45664e-07
7.03764e-07
6.70504e-07
6.04089e-07
5.56521e-07
5.29089e-07
5.01878e-07
5.35876e-07
7.39612e-07
8.83157e-07
9.06795e-07
8.4282e-07
7.059e-07
5.69468e-07
5.45248e-07
6.39455e-07
6.99348e-07
6.70282e-07
5.74909e-07
4.67638e-07
3.24365e-07
1.86087e-07
2.26479e-07
3.50047e-07
4.00123e-07
4.12421e-07
3.66153e-07
1.34432e-07
0
0
0
0
0
0
0
2.83832e-07
3.7646e-07
4.06844e-07
3.76899e-07
0
0
0
0
0
0
0
0
0
0
0
6.53748e-07
1.35319e-06
3.70465e-06
3.30899e-06
2.81598e-06
1.51017e-06
1.98209e-07
0
0
5.43049e-06
4.08788e-06
0
0
0
2.40177e-07
1.60911e-07
0
0
0
0
0
0
0
0
0
0
4.2607e-08
2.71321e-07
3.5895e-07
2.51966e-07
0
0
1.95825e-07
9.45652e-07
7.77034e-07
2.6492e-07
3.47139e-08
5.65751e-08
0
6.24564e-08
1.12957e-07
9.80078e-08
6.1589e-08
0
0
0
2.11715e-08
7.6754e-08
1.24525e-07
1.74645e-07
2.49429e-07
3.70702e-07
5.77663e-07
8.88173e-07
1.27036e-06
1.65852e-06
1.95159e-06
2.04692e-06
1.72675e-06
1.22654e-06
1.1478e-06
1.38653e-06
1.21081e-06
1.18027e-06
1.43849e-06
1.9681e-06
2.77393e-06
2.10569e-06
5.73601e-07
2.29509e-07
2.86157e-07
3.63653e-07
6.7399e-07
1.10298e-06
1.61207e-06
2.93295e-06
4.02938e-06
1.33551e-06
6.37238e-07
3.30153e-07
1.77415e-07
9.69613e-08
5.07145e-08
2.15584e-08
0
0
0
0
0
0
0
0
0
0
0
0
0
0
0
0
0
2.18154e-07
5.79679e-07
5.63651e-07
4.82866e-07
4.16732e-07
3.73411e-07
3.35757e-07
3.01445e-07
2.77143e-07
2.59147e-07
2.55253e-07
2.79621e-07
3.56688e-07
3.60525e-07
0
0
0
0
0
0
0
0
0
0
5.75694e-08
1.97265e-07
3.38819e-07
4.72965e-07
6.48953e-07
8.43321e-07
9.32942e-07
9.12064e-07
8.2991e-07
7.4677e-07
6.71566e-07
6.20563e-07
5.82065e-07
6.67234e-07
7.80299e-07
8.26045e-07
8.03268e-07
7.09203e-07
5.53279e-07
4.41041e-07
4.64035e-07
5.53192e-07
5.65729e-07
5.04716e-07
4.27832e-07
3.3173e-07
1.74802e-07
1.21084e-07
2.07992e-07
2.96755e-07
3.42175e-07
3.28215e-07
1.81709e-07
0
0
0
0
0
0
0
9.91692e-08
2.96763e-07
3.82867e-07
3.23454e-07
0
2.67323e-08
2.95435e-07
5.49241e-08
0
0
0
0
0
0
0
1.12806e-06
2.11258e-06
3.3208e-06
2.5561e-06
2.54664e-06
1.90853e-06
1.05262e-06
4.76752e-07
0
1.66227e-07
0
0
0
2.7787e-07
8.43103e-07
5.05732e-07
1.85147e-07
1.0037e-07
1.08162e-07
1.60874e-07
1.4863e-07
9.37324e-09
0
0
0
0
0
5.87023e-08
2.38557e-07
2.04388e-07
0
0
0
8.05217e-07
6.62454e-07
4.16011e-08
0
0
0
7.89574e-08
1.60261e-07
1.22704e-07
7.7128e-08
0
0
0
0
0
0
4.98441e-08
1.29763e-07
2.77833e-07
5.52601e-07
9.65062e-07
1.43999e-06
1.89613e-06
2.20594e-06
2.13976e-06
1.65257e-06
1.23397e-06
1.19484e-06
8.42617e-07
4.43478e-07
5.27583e-07
5.71618e-07
7.95271e-07
2.21493e-06
3.62147e-06
1.5978e-06
7.4032e-07
3.55219e-07
2.03188e-07
3.07683e-07
5.63512e-07
1.02764e-06
2.08084e-06
2.71567e-06
1.01442e-06
5.57483e-07
3.30657e-07
1.9453e-07
1.09814e-07
6.3125e-08
4.05107e-08
2.60313e-08
9.64459e-09
0
0
0
0
0
0
0
0
0
0
0
0
0
0
0
4.62606e-07
7.81764e-07
6.56575e-07
5.11719e-07
4.14072e-07
3.5484e-07
3.1887e-07
3.02688e-07
3.02762e-07
3.06637e-07
3.10345e-07
3.25998e-07
3.80946e-07
2.76882e-08
0
0
0
0
0
0
0
0
0
0
4.91589e-08
2.541e-07
5.20499e-07
7.33303e-07
9.34603e-07
1.17401e-06
1.29316e-06
1.23892e-06
1.11565e-06
9.94863e-07
8.61217e-07
7.68901e-07
6.94061e-07
6.75778e-07
7.29172e-07
7.72635e-07
7.81317e-07
7.30603e-07
5.93478e-07
4.44279e-07
3.76338e-07
4.1612e-07
4.45837e-07
4.1145e-07
3.56226e-07
2.95018e-07
1.72678e-07
8.08939e-08
1.24962e-07
2.07835e-07
2.66181e-07
2.74139e-07
1.85876e-07
0
0
0
0
0
0
0
0
1.07043e-07
2.87636e-07
1.61839e-07
0
5.01901e-07
8.04853e-07
3.27193e-07
0
0
0
0
0
0
2.44972e-08
1.47891e-06
2.63713e-06
1.78321e-06
8.28874e-07
8.50582e-07
7.24408e-07
5.90626e-07
5.25767e-07
1.03681e-07
0
0
0
0
1.39203e-06
9.21349e-07
4.69515e-07
2.73535e-07
3.12836e-07
4.17798e-07
4.85386e-07
3.9933e-07
1.89794e-07
9.36922e-08
0
0
0
0
0
4.59981e-08
1.03375e-07
0
0
0
4.77909e-07
4.91234e-07
0
0
0
0
4.68838e-08
1.69451e-07
1.31068e-07
8.50706e-08
1.20135e-08
0
0
0
0
0
1.85269e-08
1.2587e-07
3.2583e-07
6.70218e-07
1.14326e-06
1.69384e-06
2.23791e-06
2.52235e-06
2.23959e-06
1.59689e-06
1.19024e-06
7.55111e-07
1.90419e-07
1.34104e-07
2.1328e-07
7.81322e-08
4.91463e-07
2.2965e-06
2.93023e-06
1.3403e-06
7.3053e-07
3.51612e-07
1.47846e-07
1.78035e-07
3.77933e-07
7.95139e-07
1.59698e-06
1.55023e-06
7.35391e-07
4.37073e-07
2.74173e-07
1.7221e-07
1.02065e-07
6.12987e-08
4.54295e-08
4.10363e-08
3.65882e-08
2.37761e-08
2.65832e-09
0
0
0
0
0
0
0
0
0
0
0
0
4.09468e-08
1.90945e-07
3.59033e-07
4.64028e-07
4.81571e-07
4.49601e-07
4.06093e-07
3.67023e-07
3.42915e-07
3.3769e-07
3.41757e-07
3.28764e-07
2.667e-07
1.09872e-07
0
0
0
0
0
0
0
0
0
0
0
1.03087e-08
3.03954e-07
7.42377e-07
1.10505e-06
1.38961e-06
1.70659e-06
1.87124e-06
1.73343e-06
1.50325e-06
1.30526e-06
1.08503e-06
9.213e-07
8.25961e-07
7.47619e-07
7.3632e-07
7.54573e-07
7.78213e-07
7.59145e-07
6.53328e-07
4.99294e-07
3.66318e-07
3.26638e-07
3.27447e-07
3.03847e-07
2.69731e-07
2.34852e-07
1.55322e-07
6.62864e-08
8.07031e-08
1.45409e-07
2.00538e-07
2.16222e-07
1.61221e-07
3.38945e-08
0
0
0
0
0
0
0
0
7.3107e-08
0
0
1.52363e-06
1.55827e-06
8.1023e-07
1.03027e-07
0
0
0
0
0
0
4.09811e-06
3.71684e-06
4.50622e-07
0
0
0
0
0
0
0
0
0
1.3019e-06
1.23008e-06
6.84594e-07
3.05247e-07
2.01614e-07
2.92169e-07
3.88271e-07
4.27362e-07
3.37344e-07
1.52385e-07
6.62118e-08
7.11934e-08
0
0
0
0
0
0
0
0
0
0
2.58183e-07
0
0
0
0
0
1.29878e-07
1.21592e-07
8.36351e-08
3.02823e-08
0
0
0
0
5.46818e-08
1.52514e-07
3.07751e-07
5.67127e-07
9.84379e-07
1.54101e-06
2.23891e-06
2.91011e-06
3.06865e-06
2.41519e-06
1.54438e-06
8.71035e-07
1.50338e-07
0
4.81116e-08
0
2.83545e-09
9.42858e-07
2.46705e-06
1.51084e-06
9.15448e-07
5.90019e-07
3.03473e-07
1.63206e-07
2.01291e-07
3.84096e-07
6.67778e-07
1.45021e-06
8.46717e-07
5.22521e-07
3.48818e-07
2.40198e-07
1.63717e-07
1.07526e-07
7.11576e-08
5.25964e-08
4.71252e-08
4.77086e-08
4.34814e-08
2.44448e-08
0
0
0
0
0
0
0
0
0
0
0
0
9.8095e-08
2.06565e-07
2.62149e-07
2.83319e-07
2.81912e-07
2.71073e-07
2.75043e-07
2.99484e-07
3.23289e-07
3.37096e-07
3.37096e-07
2.94036e-07
1.83284e-07
8.75924e-08
3.25497e-08
0
0
0
0
0
0
0
0
0
0
0
3.2949e-07
9.87783e-07
1.57012e-06
2.01652e-06
2.46436e-06
2.71268e-06
2.49843e-06
2.077e-06
1.73322e-06
1.41746e-06
1.15507e-06
9.86541e-07
8.68063e-07
7.80519e-07
7.61218e-07
7.83647e-07
7.8855e-07
7.19739e-07
5.75402e-07
4.05526e-07
2.85847e-07
2.3256e-07
2.052e-07
1.90386e-07
1.80029e-07
1.35139e-07
6.24449e-08
5.61113e-08
1.02435e-07
1.51056e-07
1.68847e-07
1.32004e-07
4.54891e-08
0
0
8.6457e-11
0
0
0
0
0
0
0
3.46643e-07
1.65964e-06
2.26624e-06
1.63543e-06
3.85096e-07
0
0
0
0
0
0
5.7419e-06
2.29769e-06
0
0
0
0
0
0
0
0
0
8.63474e-07
1.57595e-06
9.80378e-07
4.85279e-07
2.26436e-07
2.11705e-07
2.90053e-07
3.33532e-07
3.03441e-07
1.46724e-07
0
0
5.28431e-08
0
0
0
0
0
0
0
0
0
0
0
0
0
0
0
0
4.45604e-08
1.00451e-07
8.48867e-08
5.30081e-08
3.33345e-08
4.63857e-08
8.47369e-08
1.53679e-07
2.59985e-07
4.06961e-07
6.19313e-07
9.48784e-07
1.45338e-06
2.16244e-06
3.11934e-06
3.92738e-06
3.7715e-06
2.53678e-06
1.29066e-06
2.95662e-07
0
0
0
0
4.15173e-07
1.54493e-06
1.49158e-06
9.41575e-07
6.48064e-07
4.27625e-07
2.64799e-07
2.08041e-07
2.74233e-07
3.80561e-07
6.48903e-07
8.79438e-07
5.70126e-07
4.04667e-07
2.93519e-07
2.14565e-07
1.58402e-07
1.19239e-07
8.87207e-08
6.63038e-08
5.49739e-08
5.3721e-08
5.45527e-08
4.16764e-08
7.6316e-09
0
0
0
0
0
0
0
0
0
0
0
1.14722e-07
2.03642e-07
2.41345e-07
2.5508e-07
2.47528e-07
2.44751e-07
2.70608e-07
3.07151e-07
3.29201e-07
3.36394e-07
3.20163e-07
2.45005e-07
1.48472e-07
1.45294e-07
2.11453e-07
0
0
0
0
0
0
0
0
0
0
0
3.05349e-07
1.24283e-06
2.11369e-06
2.80476e-06
3.42319e-06
3.76192e-06
3.52856e-06
2.9098e-06
2.27216e-06
1.76481e-06
1.37436e-06
1.12385e-06
9.69935e-07
8.49558e-07
7.84347e-07
7.93563e-07
8.12434e-07
7.72105e-07
6.45825e-07
4.62948e-07
2.74976e-07
1.63623e-07
1.27983e-07
1.30397e-07
1.4353e-07
1.24856e-07
6.49402e-08
4.20302e-08
7.01406e-08
1.12916e-07
1.3412e-07
1.10669e-07
4.88688e-08
3.45032e-09
0
0
0
0
0
0
0
0
3.84877e-08
3.33322e-07
8.62531e-07
1.88492e-06
2.62271e-06
4.07244e-07
0
4.48123e-09
0
0
0
0
3.03322e-07
2.38165e-07
0
0
0
0
0
0
0
0
7.35184e-07
1.62205e-06
1.06549e-06
5.35649e-07
2.77862e-07
2.41131e-07
2.73893e-07
3.21188e-07
3.48704e-07
3.08071e-07
1.71748e-07
2.59765e-08
0
2.35889e-08
1.12257e-07
0
0
0
0
0
0
0
0
0
0
0
0
0
0
0
0
6.10904e-08
8.52232e-08
7.63736e-08
8.70919e-08
1.42744e-07
2.32275e-07
3.54301e-07
5.09327e-07
7.02057e-07
9.70333e-07
1.37943e-06
2.00091e-06
2.97478e-06
4.30738e-06
5.23897e-06
4.52498e-06
2.41165e-06
6.94773e-07
0
0
0
0
2.04744e-07
8.71978e-07
1.24772e-06
9.65361e-07
6.59326e-07
4.53902e-07
3.20562e-07
2.40718e-07
2.39603e-07
2.80281e-07
3.95905e-07
7.49087e-07
5.75215e-07
4.39873e-07
3.33216e-07
2.48616e-07
1.89377e-07
1.56218e-07
1.35831e-07
1.10955e-07
8.1831e-08
6.11385e-08
5.36144e-08
5.47238e-08
5.11259e-08
2.42958e-08
0
0
0
0
0
0
0
0
0
5.88399e-09
1.54858e-08
3.70753e-08
8.27801e-08
1.47432e-07
2.06687e-07
2.33341e-07
2.53102e-07
2.88366e-07
3.18391e-07
3.29617e-07
3.26424e-07
2.91722e-07
2.06948e-07
1.51486e-07
1.58114e-07
1.44088e-07
0
0
0
0
0
0
0
0
0
0
0
1.79215e-07
1.43318e-06
2.665e-06
3.68057e-06
4.50123e-06
4.92193e-06
4.64673e-06
3.90034e-06
3.01326e-06
2.27521e-06
1.7094e-06
1.31667e-06
1.07078e-06
9.09217e-07
8.12456e-07
7.99368e-07
8.1574e-07
7.86464e-07
6.84741e-07
5.02974e-07
2.68171e-07
1.13135e-07
7.35034e-08
9.26618e-08
1.28184e-07
1.27744e-07
7.31016e-08
3.48576e-08
4.41312e-08
7.98412e-08
1.06177e-07
9.65227e-08
5.30056e-08
7.4558e-09
0
0
0
0
0
0
0
2.8663e-07
0
0
2.71001e-07
8.88641e-07
1.66436e-06
0
0
8.81695e-08
0
0
0
0
0
0
0
0
0
0
0
0
1.73478e-09
7.34575e-07
1.29305e-06
8.86862e-07
4.61758e-07
2.77064e-07
2.55018e-07
2.96581e-07
2.56197e-07
2.03785e-07
2.09795e-07
2.57693e-07
2.20131e-07
1.20312e-07
6.37475e-08
5.23842e-08
2.18777e-07
0
0
0
0
0
0
0
0
0
0
0
0
0
0
0
0
0
7.00153e-08
9.56946e-08
1.36382e-07
2.28432e-07
3.69254e-07
5.46033e-07
7.41811e-07
9.71558e-07
1.29061e-06
1.77644e-06
2.55323e-06
3.89767e-06
5.66074e-06
6.81365e-06
5.10243e-06
1.78955e-06
0
0
0
0
8.85731e-08
5.21365e-07
7.53413e-07
8.66473e-07
6.94061e-07
4.86097e-07
3.41916e-07
2.49255e-07
2.04232e-07
2.16957e-07
2.97362e-07
4.73613e-07
5.53849e-07
4.5832e-07
3.60285e-07
2.78111e-07
2.12731e-07
1.7483e-07
1.60111e-07
1.51897e-07
1.32784e-07
9.99008e-08
6.92759e-08
5.21963e-08
4.73803e-08
4.52356e-08
2.95379e-08
0
0
0
0
0
0
0
1.22314e-08
3.69201e-08
5.1539e-08
5.56234e-08
5.41149e-08
5.8248e-08
8.92783e-08
1.55968e-07
2.16344e-07
2.59357e-07
2.95808e-07
3.19122e-07
3.22947e-07
3.09898e-07
2.59367e-07
1.87999e-07
1.61299e-07
1.61335e-07
8.58069e-08
0
0
0
0
0
0
0
0
0
0
0
0
1.4522e-06
3.01564e-06
4.34713e-06
5.35774e-06
5.86795e-06
5.59227e-06
4.78672e-06
3.69756e-06
2.69658e-06
1.96332e-06
1.47194e-06
1.16222e-06
9.56169e-07
8.2405e-07
7.78006e-07
7.77581e-07
7.5373e-07
6.64947e-07
4.82345e-07
2.33002e-07
7.24079e-08
3.91887e-08
7.46979e-08
1.29151e-07
1.38748e-07
8.55231e-08
3.33923e-08
2.37997e-08
4.85749e-08
7.79797e-08
8.35358e-08
5.89009e-08
9.59091e-09
0
0
0
0
0
0
0
6.60042e-08
0
0
0
2.3375e-07
2.77298e-07
0
1.66331e-07
1.01142e-07
0
0
0
0
0
0
0
0
0
0
0
9.86632e-08
6.52652e-07
8.30455e-07
5.41567e-07
3.10837e-07
2.39014e-07
2.48149e-07
3.0673e-07
2.6728e-07
1.84994e-07
1.42776e-07
1.41039e-07
1.54896e-07
1.94199e-07
1.67855e-07
1.15077e-07
7.67771e-08
1.55881e-07
1.19942e-07
0
0
0
0
0
0
0
0
0
0
0
0
0
0
0
0
3.65806e-08
1.07723e-07
1.77809e-07
3.03882e-07
4.89809e-07
7.05601e-07
9.32054e-07
1.19999e-06
1.56568e-06
2.12716e-06
3.11282e-06
4.84179e-06
7.15704e-06
8.902e-06
5.2305e-06
8.6834e-07
0
0
0
0
3.83156e-07
3.32193e-07
5.54658e-07
6.76639e-07
5.49159e-07
3.92641e-07
2.64512e-07
1.76002e-07
1.62691e-07
2.20149e-07
3.3989e-07
5.49836e-07
4.89029e-07
3.88079e-07
3.02915e-07
2.33515e-07
1.91021e-07
1.73413e-07
1.68372e-07
1.65135e-07
1.51347e-07
1.17836e-07
8.0404e-08
5.41977e-08
4.14606e-08
3.43127e-08
2.21288e-08
0
0
0
0
0
0
0
1.66074e-08
4.31592e-08
6.02829e-08
6.79171e-08
6.83182e-08
6.62405e-08
7.86652e-08
1.31751e-07
2.11378e-07
2.70314e-07
3.05138e-07
3.22691e-07
3.24478e-07
3.02924e-07
2.47782e-07
1.96531e-07
1.85215e-07
1.63753e-07
2.8994e-08
0
0
0
0
0
0
0
0
0
0
0
0
1.5064e-06
3.48576e-06
5.20621e-06
6.46167e-06
7.16728e-06
6.96876e-06
5.97075e-06
4.69379e-06
3.40087e-06
2.38475e-06
1.6955e-06
1.27212e-06
1.01442e-06
8.51617e-07
7.76494e-07
7.57447e-07
7.25454e-07
6.21694e-07
4.17812e-07
1.79191e-07
4.77484e-08
2.94388e-08
8.27567e-08
1.52707e-07
1.6472e-07
1.09047e-07
4.02515e-08
9.55801e-09
2.0499e-08
4.9766e-08
7.2864e-08
6.9149e-08
1.07879e-08
0
0
0
0
0
0
1.30652e-07
0
0
0
0
0
0
2.08103e-07
3.77132e-07
3.11208e-07
0
0
0
0
0
0
0
0
0
0
1.55425e-07
4.48926e-07
3.72774e-07
2.62745e-07
2.16723e-07
2.19395e-07
2.45164e-07
3.07037e-07
2.58797e-07
1.8012e-07
1.35374e-07
1.16039e-07
1.13073e-07
1.14291e-07
1.25847e-07
1.62625e-07
1.36342e-07
8.60716e-08
7.02614e-08
1.05264e-07
0
0
0
0
0
0
0
0
0
0
0
0
0
0
0
0
0
9.66752e-08
2.02385e-07
3.66686e-07
5.82656e-07
8.20491e-07
1.07598e-06
1.3734e-06
1.7614e-06
2.38847e-06
3.55352e-06
5.44268e-06
8.54591e-06
1.15395e-05
5.10361e-06
0
0
0
0
3.77936e-07
1.38223e-07
1.08259e-07
5.23086e-07
5.80102e-07
4.63187e-07
3.06685e-07
1.63949e-07
1.10656e-07
1.33751e-07
2.23233e-07
5.24786e-07
5.49764e-07
4.17795e-07
3.1384e-07
2.37225e-07
1.96093e-07
1.80564e-07
1.73908e-07
1.69973e-07
1.6656e-07
1.56386e-07
1.27146e-07
8.75692e-08
5.34324e-08
3.20239e-08
1.9892e-08
9.93226e-09
0
0
0
0
0
0
0
1.77507e-08
4.26605e-08
6.08308e-08
7.15866e-08
7.55198e-08
7.42151e-08
7.81185e-08
1.13082e-07
1.85125e-07
2.51915e-07
2.88244e-07
3.05373e-07
3.07955e-07
2.83378e-07
2.3889e-07
2.12957e-07
2.00123e-07
1.52476e-07
0
0
0
0
0
0
0
0
0
0
0
0
0
1.53745e-06
3.87123e-06
5.95765e-06
7.38902e-06
8.18676e-06
8.34752e-06
7.25605e-06
5.67663e-06
4.11399e-06
2.83205e-06
1.95388e-06
1.40265e-06
1.06509e-06
8.55878e-07
7.39829e-07
6.8365e-07
6.23754e-07
4.94818e-07
2.90544e-07
1.12543e-07
3.6718e-08
4.12319e-08
1.09683e-07
1.79016e-07
1.80974e-07
1.23461e-07
4.53924e-08
0
0
1.74936e-08
5.45962e-08
7.4321e-08
1.40431e-08
0
0
0
0
0
0
5.44365e-07
0
0
0
0
0
0
3.56915e-07
4.00168e-07
3.84729e-07
0
0
0
0
0
0
0
0
1.14894e-08
9.98677e-08
1.29784e-07
1.4383e-07
1.61943e-07
1.84168e-07
2.19746e-07
2.55657e-07
2.55058e-07
1.99428e-07
1.45146e-07
1.10343e-07
9.9027e-08
9.61657e-08
9.24375e-08
8.26251e-08
7.8777e-08
1.12325e-07
1.27937e-07
8.2103e-08
2.20319e-08
4.60306e-08
0
0
0
0
0
0
0
0
0
0
0
0
0
0
0
0
0
5.82128e-08
2.07083e-07
3.99811e-07
6.31706e-07
8.97003e-07
1.17625e-06
1.46694e-06
1.84341e-06
2.50172e-06
3.60016e-06
5.37392e-06
8.95031e-06
1.46532e-05
6.21256e-06
0
0
0
3.30655e-07
2.10287e-07
0
2.38966e-07
5.63352e-07
5.50712e-07
4.03296e-07
2.0733e-07
8.89465e-08
5.37059e-08
9.23345e-08
2.36816e-07
6.73103e-07
4.59585e-07
3.2224e-07
2.35753e-07
1.95637e-07
1.84231e-07
1.80143e-07
1.73788e-07
1.66368e-07
1.60281e-07
1.51008e-07
1.28315e-07
9.39883e-08
5.66692e-08
2.59614e-08
6.13837e-09
0
0
0
0
0
0
0
0
1.08611e-08
3.57119e-08
5.62927e-08
7.19395e-08
8.41987e-08
9.38514e-08
9.91303e-08
1.07598e-07
1.48622e-07
2.04943e-07
2.47441e-07
2.77246e-07
2.85307e-07
2.66602e-07
2.43461e-07
2.29737e-07
2.08664e-07
1.32924e-07
0
0
0
0
0
0
0
0
0
0
0
0
0
1.70637e-06
4.39615e-06
6.79724e-06
8.36492e-06
9.15174e-06
9.40838e-06
8.81481e-06
6.88572e-06
4.964e-06
3.35673e-06
2.23794e-06
1.53921e-06
1.11973e-06
8.65346e-07
7.10702e-07
6.13748e-07
5.16287e-07
3.64927e-07
1.89668e-07
7.97004e-08
4.64196e-08
7.2707e-08
1.49258e-07
2.02203e-07
1.86651e-07
1.26683e-07
4.87706e-08
0
0
0
3.59212e-08
6.76435e-08
9.368e-09
0
0
0
0
4.36016e-07
3.2375e-07
6.77843e-07
3.83405e-08
0
0
0
0
0
2.84128e-07
3.42145e-07
2.56882e-07
0
0
0
0
0
0
3.48018e-08
6.05696e-08
5.23663e-08
4.09389e-08
4.67401e-08
7.36416e-08
1.18615e-07
1.55852e-07
1.83926e-07
1.55868e-07
1.19449e-07
9.46944e-08
8.16551e-08
7.87905e-08
8.02502e-08
7.72593e-08
7.25981e-08
6.07233e-08
4.41985e-08
5.42726e-08
8.14155e-08
5.56218e-08
7.06966e-09
3.37998e-08
5.03489e-08
0
0
0
0
0
0
0
0
0
0
0
0
0
0
0
0
8.4038e-09
1.69516e-07
3.65652e-07
6.24e-07
9.30263e-07
1.20829e-06
1.46051e-06
1.80141e-06
2.34443e-06
3.11427e-06
4.36771e-06
7.07458e-06
1.27157e-05
1.08535e-05
0
0
6.68798e-08
3.65529e-07
0
0
4.8171e-07
6.62356e-07
5.76297e-07
3.46334e-07
1.44285e-07
2.2843e-08
0
1.48223e-08
3.9318e-07
4.08927e-07
3.03414e-07
2.30762e-07
1.95722e-07
1.84693e-07
1.81175e-07
1.75086e-07
1.65505e-07
1.53938e-07
1.45043e-07
1.3538e-07
1.20925e-07
9.58784e-08
6.04654e-08
2.37807e-08
0
0
0
0
0
0
0
0
0
0
2.18258e-08
4.64246e-08
6.77487e-08
8.70618e-08
1.07565e-07
1.27184e-07
1.3588e-07
1.46357e-07
1.70071e-07
2.05497e-07
2.4296e-07
2.58358e-07
2.56523e-07
2.4819e-07
2.37665e-07
2.06756e-07
1.08651e-07
0
0
0
0
0
0
0
0
0
0
0
0
0
2.0075e-06
5.14022e-06
7.81825e-06
9.46839e-06
1.0139e-05
1.02689e-05
9.90696e-06
8.24199e-06
5.93982e-06
3.99218e-06
2.56775e-06
1.67607e-06
1.16234e-06
8.62818e-07
6.72406e-07
5.35216e-07
4.03755e-07
2.52407e-07
1.28551e-07
7.08134e-08
6.58641e-08
1.08535e-07
1.80087e-07
2.07286e-07
1.72552e-07
1.09916e-07
4.19881e-08
0
0
2.33296e-09
3.05006e-08
4.57101e-08
0
0
0
0
7.96259e-08
5.93472e-07
2.59371e-07
5.17331e-07
2.23309e-07
0
0
0
0
0
0
1.88404e-07
0
0
0
0
0
0
0
9.65894e-09
3.16922e-08
4.03911e-08
4.19822e-08
4.528e-08
5.16436e-08
6.1092e-08
6.78833e-08
6.90803e-08
6.57605e-08
6.44073e-08
6.76396e-08
7.20603e-08
7.07729e-08
6.56434e-08
5.74646e-08
5.08219e-08
4.47626e-08
2.8517e-08
1.99212e-08
2.94195e-08
1.53476e-08
0
0
5.51918e-08
0
0
0
0
0
0
0
0
0
0
0
0
0
0
0
0
0
9.98647e-08
3.01293e-07
5.9141e-07
8.92431e-07
1.11056e-06
1.29966e-06
1.56117e-06
1.88149e-06
2.24972e-06
2.95476e-06
4.31788e-06
6.34139e-06
5.9189e-06
0
0
5.00994e-07
0
0
1.88568e-07
7.51256e-07
8.13888e-07
6.11192e-07
3.20553e-07
9.59296e-08
0
0
1.98167e-08
2.29871e-07
2.3304e-07
2.12276e-07
1.93215e-07
1.82275e-07
1.76397e-07
1.69801e-07
1.60837e-07
1.49421e-07
1.35199e-07
1.23184e-07
1.15586e-07
1.06543e-07
8.88487e-08
5.84238e-08
2.22252e-08
0
0
0
0
0
0
0
0
0
0
4.35463e-09
3.25199e-08
5.94661e-08
8.37358e-08
1.08852e-07
1.38373e-07
1.71505e-07
1.8438e-07
1.81937e-07
1.94572e-07
2.22127e-07
2.43678e-07
2.48189e-07
2.48705e-07
2.39095e-07
1.98174e-07
8.74678e-08
0
0
0
0
0
0
0
0
0
0
0
0
0
2.12996e-06
5.86692e-06
8.90636e-06
1.05774e-05
1.11288e-05
1.10255e-05
1.05459e-05
9.29838e-06
6.78793e-06
4.54921e-06
2.88777e-06
1.84487e-06
1.23504e-06
8.67246e-07
6.25756e-07
4.49218e-07
2.98457e-07
1.71897e-07
9.6154e-08
7.03103e-08
8.19172e-08
1.30337e-07
1.87499e-07
1.89868e-07
1.3886e-07
7.54015e-08
2.08756e-08
0
0
1.94724e-08
4.39267e-08
1.29098e-08
0
2.97651e-08
4.47375e-08
6.8241e-08
3.25679e-07
4.17555e-07
1.49509e-07
3.21944e-07
2.14635e-07
7.61226e-08
0
0
0
0
0
0
0
1.39559e-07
2.00248e-07
0
0
0
0
7.363e-09
2.34091e-08
3.10493e-08
3.0708e-08
2.88381e-08
2.879e-08
3.02512e-08
3.36302e-08
4.03291e-08
4.8472e-08
5.57609e-08
5.82869e-08
5.49354e-08
4.79596e-08
4.09526e-08
3.50173e-08
3.08363e-08
3.1132e-08
2.78716e-08
1.70841e-08
1.28721e-08
7.62999e-09
0
0
0
0
0
0
0
0
0
0
0
0
0
0
0
0
0
0
0
0
2.68137e-08
2.28614e-07
4.79518e-07
6.90343e-07
8.46979e-07
1.01841e-06
1.17961e-06
1.27449e-06
1.47002e-06
1.95411e-06
2.55171e-06
3.36904e-06
3.32551e-06
8.1563e-07
7.24326e-07
2.0302e-08
0
0
6.36376e-07
1.02601e-06
9.77778e-07
6.47921e-07
3.22509e-07
6.85285e-08
0
0
7.31531e-08
1.45078e-07
1.66747e-07
1.71222e-07
1.69276e-07
1.65571e-07
1.59887e-07
1.52251e-07
1.42687e-07
1.29668e-07
1.13577e-07
1.01761e-07
9.48235e-08
8.82777e-08
7.60348e-08
5.1806e-08
2.10404e-08
0
0
0
0
0
0
0
0
0
0
0
1.6875e-08
4.75908e-08
7.60435e-08
1.05008e-07
1.43667e-07
1.83588e-07
2.11167e-07
2.18453e-07
2.14844e-07
2.23886e-07
2.37648e-07
2.45651e-07
2.51351e-07
2.39562e-07
1.88504e-07
7.496e-08
0
0
0
0
0
0
0
0
0
0
0
0
0
9.58108e-07
4.92275e-06
9.13251e-06
1.14364e-05
1.20503e-05
1.17724e-05
1.10226e-05
9.83341e-06
7.41047e-06
5.03543e-06
3.19859e-06
1.98645e-06
1.26215e-06
8.31117e-07
5.55165e-07
3.5872e-07
2.13913e-07
1.22121e-07
7.91868e-08
6.94799e-08
8.58158e-08
1.2888e-07
1.69375e-07
1.52969e-07
9.2467e-08
3.35749e-08
0
0
0
3.09139e-08
2.86978e-08
0
0
6.01294e-08
1.18061e-07
2.0952e-07
6.30718e-07
1.97729e-07
8.66271e-08
1.80468e-07
9.25917e-08
4.10992e-08
4.8354e-09
0
0
0
0
0
0
1.32542e-07
2.6296e-07
1.8336e-07
5.80687e-08
0
0
4.31836e-09
1.4589e-08
1.98067e-08
2.01189e-08
1.93922e-08
2.08152e-08
2.47953e-08
2.96812e-08
3.35085e-08
3.47596e-08
3.34111e-08
3.03597e-08
2.79432e-08
2.58954e-08
2.35646e-08
2.01415e-08
1.53707e-08
1.41235e-08
1.64547e-08
1.54235e-08
1.41773e-08
1.20429e-08
1.92811e-09
0
0
0
0
0
0
0
0
0
0
0
0
0
0
0
0
0
0
0
1.23936e-08
1.89175e-07
3.67203e-07
5.25433e-07
6.76863e-07
7.83767e-07
7.92368e-07
8.24971e-07
1.05379e-06
1.32622e-06
1.70912e-06
2.63262e-06
2.8511e-06
1.5211e-06
6.6877e-07
0
0
0
9.8189e-07
1.25795e-06
1.10472e-06
7.29952e-07
3.76265e-07
1.08906e-07
0
1.27316e-08
7.60402e-08
1.14834e-07
1.33643e-07
1.41286e-07
1.44921e-07
1.45125e-07
1.4094e-07
1.33701e-07
1.2371e-07
1.0867e-07
9.40621e-08
8.28756e-08
7.65591e-08
7.21167e-08
6.42263e-08
4.62524e-08
2.16789e-08
3.78269e-09
0
0
2.66759e-09
0
0
0
0
0
0
0
2.29164e-09
3.51805e-08
6.94572e-08
1.06255e-07
1.53252e-07
1.94858e-07
2.25642e-07
2.45139e-07
2.48184e-07
2.41507e-07
2.4266e-07
2.53612e-07
2.60964e-07
2.43526e-07
1.82475e-07
7.2616e-08
0
0
0
0
0
0
0
0
0
0
3.02815e-07
2.57891e-06
0
0
0
6.45434e-06
1.09954e-05
1.24145e-05
1.22026e-05
1.12534e-05
9.96362e-06
7.73391e-06
5.24994e-06
3.30111e-06
2.00343e-06
1.22847e-06
7.65767e-07
4.7304e-07
2.78139e-07
1.55148e-07
9.24387e-08
6.75366e-08
6.2816e-08
7.49319e-08
1.06559e-07
1.32285e-07
1.03954e-07
4.34497e-08
0
0
0
0
1.71548e-08
0
0
0
8.71339e-09
1.10651e-07
2.61301e-07
5.90771e-07
6.05713e-09
6.3284e-08
8.32931e-08
0
0
0
0
0
0
0
0
0
2.8963e-08
1.50413e-07
1.94037e-07
2.95023e-07
0
2.66075e-09
1.44506e-08
2.26261e-08
2.66878e-08
2.66938e-08
2.41394e-08
2.15118e-08
2.00838e-08
1.89304e-08
1.69521e-08
1.46674e-08
1.34556e-08
1.39967e-08
1.53229e-08
1.60315e-08
1.52251e-08
1.34957e-08
9.31792e-09
4.29813e-09
2.44336e-10
0
0
0
0
0
0
0
0
0
0
0
0
0
0
0
0
0
0
0
0
0
0
0
0
1.41437e-07
3.19556e-07
5.11233e-07
6.43306e-07
6.446e-07
6.22453e-07
7.42874e-07
8.81002e-07
9.77249e-07
1.5925e-06
2.54065e-06
2.49634e-06
1.31981e-06
1.85078e-07
0
0
4.04319e-07
1.17888e-06
1.42759e-06
1.24332e-06
8.79109e-07
5.12683e-07
2.18555e-07
7.47548e-08
5.28916e-08
7.54706e-08
9.78445e-08
1.09158e-07
1.16539e-07
1.22647e-07
1.24223e-07
1.20493e-07
1.13258e-07
1.02138e-07
8.96149e-08
7.75114e-08
6.83392e-08
6.32471e-08
6.11913e-08
5.74722e-08
4.59352e-08
2.5609e-08
9.30269e-09
3.23481e-09
2.44145e-09
1.3881e-09
0
0
0
0
0
0
0
0
2.59575e-08
7.31806e-08
1.25075e-07
1.81754e-07
2.29146e-07
2.635e-07
2.86524e-07
2.90686e-07
2.7296e-07
2.59015e-07
2.72768e-07
2.76909e-07
2.501e-07
1.80603e-07
8.00464e-08
0
0
0
0
0
0
0
0
0
2.18883e-06
1.21618e-05
1.47842e-05
0
0
0
0
8.04642e-06
1.17042e-05
1.20801e-05
1.11158e-05
9.70655e-06
7.57804e-06
5.15889e-06
3.26557e-06
1.97618e-06
1.17359e-06
6.84477e-07
3.88858e-07
2.12039e-07
1.14164e-07
6.9099e-08
5.07871e-08
4.46973e-08
5.01681e-08
7.14817e-08
8.63339e-08
5.31327e-08
1.80809e-09
0
0
0
0
0
0
0
0
0
1.62136e-08
1.29951e-07
9.01494e-08
0
7.19305e-08
1.19475e-08
0
0
0
0
0
0
0
0
0
0
1.79576e-08
0
0
8.89348e-11
9.67046e-09
1.58328e-08
1.83774e-08
1.82095e-08
1.59495e-08
1.24735e-08
8.70159e-09
5.36975e-09
2.61005e-09
7.05178e-10
8.02425e-10
3.21884e-09
6.3745e-09
8.16138e-09
8.34661e-09
7.10936e-09
6.36715e-09
6.15947e-09
4.61384e-09
1.26634e-09
0
0
0
0
0
0
0
0
0
0
0
0
0
0
0
0
0
0
0
0
0
0
0
0
0
1.96023e-07
3.67758e-07
4.28549e-07
4.56009e-07
5.94011e-07
7.11613e-07
6.63446e-07
9.20383e-07
1.78479e-06
2.46411e-06
1.97221e-06
8.76743e-07
0
0
0
5.97564e-07
1.23381e-06
1.52552e-06
1.41789e-06
1.13833e-06
7.34839e-07
3.36112e-07
1.15298e-07
6.08108e-08
6.7557e-08
7.85633e-08
8.54741e-08
9.21895e-08
9.81798e-08
9.96553e-08
9.6665e-08
8.99173e-08
8.22219e-08
7.3847e-08
6.52148e-08
5.82873e-08
5.4862e-08
5.49756e-08
5.63553e-08
5.24082e-08
3.42242e-08
1.41088e-08
3.91747e-09
0
0
0
0
0
0
0
0
0
0
1.5616e-08
9.12508e-08
1.74278e-07
2.47091e-07
3.03361e-07
3.41036e-07
3.63708e-07
3.52716e-07
3.19995e-07
2.96282e-07
2.97517e-07
2.94147e-07
2.57265e-07
1.83213e-07
9.90025e-08
4.25035e-08
0
0
0
0
0
0
0
0
1.17978e-05
3.05773e-05
4.15151e-05
0
0
0
0
2.44937e-06
9.54958e-06
1.11563e-05
1.04434e-05
9.02586e-06
7.01927e-06
4.78241e-06
3.03979e-06
1.82253e-06
1.03952e-06
5.68112e-07
3.03529e-07
1.59096e-07
8.06432e-08
4.06311e-08
2.12265e-08
1.25884e-08
1.41515e-08
2.92378e-08
3.77801e-08
8.36736e-09
0
0
0
0
0
0
0
0
0
0
0
0
0
0
1.17713e-07
0
0
0
0
0
0
0
0
0
0
0
0
0
7.87262e-08
0
6.76651e-10
4.00742e-09
3.42337e-09
1.32741e-09
0
0
0
0
0
0
0
0
0
0
0
0
0
0
0
0
0
0
0
0
0
0
0
0
0
0
0
0
0
0
0
0
0
0
0
0
0
0
0
0
0
1.80058e-07
2.41054e-07
2.56709e-07
4.30912e-07
6.06544e-07
5.30956e-07
5.25077e-07
1.14916e-06
1.9196e-06
2.21164e-06
1.36836e-06
5.01824e-07
0
0
0
5.78777e-07
1.16073e-06
1.56512e-06
1.70262e-06
1.56996e-06
9.72229e-07
3.45573e-07
1.01659e-07
5.39434e-08
5.40303e-08
5.8583e-08
6.28678e-08
6.82887e-08
7.35789e-08
7.62854e-08
7.51253e-08
7.26857e-08
6.9126e-08
6.3824e-08
5.74709e-08
5.24927e-08
5.0671e-08
5.28203e-08
5.85191e-08
6.27023e-08
4.7416e-08
1.822e-08
5.46494e-10
0
0
0
0
0
0
0
0
0
0
0
1.18348e-07
2.59e-07
3.65075e-07
4.33625e-07
4.76392e-07
4.80589e-07
4.3832e-07
3.80581e-07
3.46952e-07
3.34906e-07
3.14359e-07
2.67769e-07
1.93949e-07
1.34814e-07
1.20879e-07
4.80661e-08
0
0
0
0
0
0
4.3321e-06
1.77085e-05
4.20363e-05
7.0444e-05
0
0
0
0
0
6.47356e-06
9.48892e-06
9.18801e-06
7.87344e-06
6.04718e-06
4.10569e-06
2.60928e-06
1.54075e-06
8.38893e-07
4.32984e-07
2.23561e-07
1.11957e-07
4.16336e-08
0
0
0
0
0
0
0
0
0
0
0
0
0
0
0
0
0
0
0
0
1.0838e-08
1.82034e-07
0
0
0
0
0
0
0
0
0
0
0
0
0
3.0827e-07
5.4675e-09
7.69168e-09
8.42925e-09
6.24785e-09
2.69109e-09
0
0
0
0
0
0
0
0
0
0
0
0
0
0
0
0
0
0
0
0
0
0
0
0
0
0
0
0
0
0
0
0
0
0
0
0
0
0
0
0
0
0
0
2.04027e-07
4.54653e-07
4.16069e-07
2.52796e-07
5.55636e-07
1.24125e-06
1.80465e-06
1.70593e-06
7.96243e-07
2.71181e-07
0
0
0
4.3019e-07
1.01052e-06
1.64432e-06
2.26125e-06
2.25592e-06
9.03301e-07
2.37027e-07
7.76179e-08
4.9807e-08
4.74078e-08
4.81228e-08
4.9992e-08
5.40649e-08
5.97991e-08
6.4073e-08
6.62454e-08
6.64302e-08
6.42785e-08
5.97492e-08
5.43503e-08
5.07899e-08
5.0241e-08
5.33855e-08
6.08706e-08
7.02023e-08
6.0649e-08
2.17257e-08
0
0
0
0
0
0
0
0
0
0
0
0
1.51384e-07
3.90886e-07
5.52473e-07
6.43645e-07
6.7471e-07
6.40541e-07
5.5449e-07
4.63433e-07
4.08909e-07
3.76849e-07
3.41483e-07
2.85779e-07
2.18416e-07
1.96334e-07
2.55117e-07
2.73416e-07
0
0
0
0
0
6.36824e-07
5.265e-06
1.42487e-05
2.71443e-05
1.83239e-05
0
0
0
0
0
3.53813e-06
7.36018e-06
7.41954e-06
6.29638e-06
4.70814e-06
3.15579e-06
2.00239e-06
1.15674e-06
5.96674e-07
2.93403e-07
1.47924e-07
6.11061e-08
0
0
0
0
0
0
0
0
0
0
0
0
0
0
0
0
0
0
0
0
0
1.35651e-07
1.76816e-07
0
0
0
0
0
0
1.94624e-07
1.48931e-08
0
0
0
0
0
2.98973e-07
0
0
0
0
0
0
0
0
0
0
0
0
0
0
0
0
0
0
0
0
0
0
0
0
0
0
0
0
0
0
0
0
0
0
0
0
0
0
0
0
0
0
0
0
0
0
0
3.46539e-07
7.42892e-07
6.11836e-07
1.87375e-07
1.02101e-07
5.4397e-07
1.05704e-06
1.4103e-06
1.04104e-06
3.63678e-07
3.18659e-07
1.5366e-06
2.74026e-07
0
2.56522e-08
5.64147e-07
1.44214e-06
2.92484e-06
1.85384e-06
3.54565e-07
8.10545e-08
3.18225e-08
2.81305e-08
3.0056e-08
3.20505e-08
3.49783e-08
3.99661e-08
4.63994e-08
5.17908e-08
5.49911e-08
5.59307e-08
5.44931e-08
5.06575e-08
4.63714e-08
4.41449e-08
4.40493e-08
4.66165e-08
5.28243e-08
6.1802e-08
5.98483e-08
2.27566e-08
0
0
0
0
0
0
0
0
0
0
0
0
9.51218e-08
4.85907e-07
7.30952e-07
8.43206e-07
8.51289e-07
7.71316e-07
6.40434e-07
5.19352e-07
4.40882e-07
3.87551e-07
3.43376e-07
2.90167e-07
2.43604e-07
2.74814e-07
4.36119e-07
6.01157e-07
2.60686e-07
8.28447e-08
2.34294e-07
5.45716e-07
8.88972e-07
1.20694e-06
1.98438e-06
2.97033e-06
0
0
0
0
0
0
0
1.90613e-06
5.16716e-06
5.22323e-06
4.28221e-06
3.06498e-06
2.04078e-06
1.29039e-06
7.11685e-07
3.38027e-07
1.57686e-07
7.24416e-08
0
0
0
0
0
0
0
0
0
0
0
0
0
0
0
0
0
2.7286e-08
0
0
0
2.73554e-08
2.54209e-07
1.50493e-07
2.33593e-09
0
0
0
0
6.36059e-08
1.05781e-07
1.78645e-07
1.18814e-07
3.90772e-08
0
0
5.75561e-08
3.2141e-07
0
0
0
0
0
0
0
0
0
0
0
0
0
0
0
0
0
0
0
0
0
0
0
0
0
0
0
0
0
0
0
0
0
0
0
0
0
0
0
0
0
0
0
0
0
0
0
3.00407e-07
9.20697e-07
1.44844e-07
0
0
4.07138e-07
9.25449e-07
1.29056e-06
7.52778e-07
2.5642e-07
7.97436e-07
1.87857e-06
0
0
0
0
2.5398e-07
1.50148e-06
2.64825e-07
0
0
0
0
0
0
5.80347e-09
1.31e-08
2.05615e-08
2.62834e-08
3.02362e-08
3.26838e-08
3.3326e-08
3.16559e-08
2.96697e-08
2.9062e-08
2.88101e-08
2.99478e-08
3.35591e-08
3.99061e-08
4.418e-08
2.28327e-08
0
0
0
0
0
0
0
0
0
0
0
0
0
3.91156e-07
8.24247e-07
9.83548e-07
9.74708e-07
8.54765e-07
6.89542e-07
5.47595e-07
4.48342e-07
3.79575e-07
3.34368e-07
2.9138e-07
2.75574e-07
3.76765e-07
6.69031e-07
9.41155e-07
7.73135e-07
9.16103e-07
1.53635e-06
2.24515e-06
2.08552e-06
5.0781e-07
0
0
0
0
0
0
0
0
0
1.56429e-06
3.36219e-06
3.08372e-06
2.26723e-06
1.48156e-06
9.74781e-07
6.05716e-07
2.97627e-07
1.15381e-07
4.30633e-08
0
0
0
0
0
0
0
0
0
0
0
0
4.77863e-09
0
0
0
0
0
3.4003e-08
5.56132e-08
2.74068e-08
4.46941e-08
1.68492e-07
9.87465e-08
5.47145e-08
3.60301e-08
1.50468e-08
7.78182e-09
6.5245e-08
2.10317e-08
0
6.19247e-08
2.34246e-07
2.62537e-07
2.03072e-07
1.50951e-07
2.30013e-07
3.5299e-07
3.30886e-07
3.99797e-08
9.54928e-09
0
0
0
0
0
0
0
0
0
0
0
0
0
0
0
0
0
0
0
0
0
0
0
0
0
0
0
0
0
0
0
0
0
0
0
0
0
0
0
0
0
0
0
0
0
5.91899e-07
6.31597e-07
0
0
0
0
1.20105e-07
7.09126e-07
2.35849e-07
2.2671e-07
1.37976e-06
4.89979e-07
0
0
0
0
0
0
0
0
0
0
0
0
0
0
0
0
0
0
0
0
0
0
1.80765e-09
1.6722e-09
1.80417e-09
3.46286e-09
9.00486e-09
1.8425e-08
1.61946e-08
0
0
0
0
0
0
0
0
0
0
0
0
0
0
6.21925e-07
9.06894e-07
9.23673e-07
8.0351e-07
6.47201e-07
5.13455e-07
4.07354e-07
3.35178e-07
2.997e-07
2.76313e-07
2.9974e-07
4.79831e-07
9.29175e-07
1.21126e-06
1.25515e-06
1.68978e-06
2.78838e-06
3.60598e-06
2.8472e-06
0
0
0
0
0
0
0
0
0
0
1.51777e-06
1.642e-06
9.14595e-07
2.54209e-07
0
0
0
0
0
0
0
0
0
0
0
0
0
0
0
0
0
7.99923e-09
6.67332e-08
5.17805e-08
0
0
0
0
0
9.85058e-08
1.40617e-07
2.09501e-07
0
0
0
2.78769e-08
6.01903e-08
1.10957e-07
1.64031e-07
0
0
3.50374e-08
2.71966e-07
3.75434e-07
3.48919e-07
3.0742e-07
4.7542e-07
4.44433e-07
2.07357e-07
3.19216e-08
0
0
0
0
0
0
0
0
0
0
0
0
0
0
0
0
0
0
0
0
0
0
0
0
0
0
0
0
0
0
1.34933e-08
2.89644e-08
0
0
0
0
0
0
0
0
0
0
0
0
0
7.24393e-07
2.68791e-06
2.39702e-06
6.97849e-07
0
0
0
0
7.77839e-08
7.98291e-07
1.629e-06
1.50988e-06
0
0
0
0
0
0
0
0
0
0
0
0
0
0
0
0
0
0
0
0
0
0
0
0
0
0
0
0
0
2.87893e-09
7.23708e-08
6.12846e-09
5.48606e-08
7.08236e-08
0
0
1.72584e-07
1.11202e-07
0
0
0
0
0
0
1.70271e-07
5.44046e-07
6.50955e-07
5.95665e-07
5.08464e-07
4.23858e-07
3.34484e-07
2.7397e-07
2.56953e-07
2.57281e-07
3.18424e-07
5.70393e-07
1.10706e-06
1.34862e-06
1.60467e-06
2.2441e-06
3.69023e-06
4.51553e-06
3.49347e-06
1.56133e-07
0
0
0
0
0
0
0
2.00569e-06
1.68598e-06
8.77729e-07
0
0
0
0
0
0
0
0
0
0
0
0
0
0
0
0
0
0
0
0
6.15256e-09
1.3493e-07
1.85595e-07
0
0
0
0
0
7.0874e-09
2.15505e-07
2.20722e-07
0
0
0
7.29128e-08
1.54935e-07
2.15758e-07
1.42993e-07
0
0
0
3.09135e-07
4.76824e-07
3.71822e-07
1.16503e-07
0
0
0
0
0
0
0
0
0
0
0
0
0
0
0
0
0
0
0
0
0
0
0
0
0
0
0
0
0
0
0
1.2785e-08
2.17124e-08
3.22433e-08
5.03505e-08
8.07869e-08
1.27384e-07
1.73554e-07
1.35221e-07
0
0
0
0
0
0
0
0
0
0
3.75783e-07
1.60068e-06
1.44508e-06
5.60326e-07
0
0
0
0
4.22317e-07
1.48805e-06
1.58858e-06
8.65203e-07
0
0
0
0
0
0
0
0
0
0
0
0
0
0
0
0
0
0
0
0
0
0
0
0
0
0
0
0
0
0
0
0
2.06007e-08
1.10731e-07
6.92435e-07
2.32003e-06
4.14831e-06
5.06638e-06
3.42928e-06
3.43272e-07
0
2.95514e-07
1.23351e-06
1.32041e-06
6.48456e-07
2.19671e-07
1.61107e-07
2.11474e-07
2.53799e-07
2.53677e-07
2.16364e-07
1.91433e-07
2.01142e-07
2.23794e-07
3.00548e-07
5.76656e-07
1.04712e-06
1.30019e-06
1.68725e-06
2.404e-06
3.96859e-06
4.82002e-06
4.05954e-06
1.63471e-06
0
0
0
0
0
0
9.80948e-06
5.68457e-06
1.71031e-06
0
0
0
0
0
0
0
0
0
0
0
0
0
0
0
0
0
0
0
0
0
0
8.69944e-08
3.13125e-07
0
0
0
0
0
0
0
5.23975e-08
0
0
0
2.413e-07
4.45565e-07
4.77149e-07
1.90392e-07
0
0
0
1.62735e-07
1.16881e-07
0
5.12555e-08
0
0
0
0
0
0
0
0
0
0
0
0
0
0
0
0
0
0
0
0
0
0
0
0
0
0
0
0
0
0
2.98988e-08
6.43593e-08
9.63973e-08
1.22358e-07
1.43267e-07
1.68547e-07
2.06316e-07
2.64781e-07
3.51888e-07
4.62696e-07
5.49189e-07
5.42164e-07
2.28541e-07
0
0
0
0
0
1.06421e-06
1.80957e-06
1.6809e-06
6.53458e-07
0
0
0
0
0
0
1.47415e-07
4.56158e-07
1.59039e-07
0
0
0
0
0
0
0
0
0
0
0
0
0
0
0
0
0
0
0
0
0
0
0
0
0
0
0
0
0
0
0
0
0
0
2.6036e-06
7.10049e-06
1.25592e-05
1.42289e-05
1.13685e-05
9.41911e-06
1.21847e-05
1.37317e-05
1.27362e-05
1.0187e-05
5.71606e-06
1.51717e-06
0
0
0
2.45642e-08
1.00375e-07
1.30448e-07
1.57708e-07
1.7252e-07
1.72961e-07
2.95591e-07
6.561e-07
1.01962e-06
1.42291e-06
2.11631e-06
3.60027e-06
4.44581e-06
4.40124e-06
3.52066e-06
1.21131e-06
0
0
0
0
1.81342e-05
1.15997e-05
4.74286e-06
6.05568e-07
0
0
0
0
0
0
0
0
0
0
0
0
0
0
0
0
0
0
0
0
0
0
0
8.11555e-09
0
0
0
0
0
0
0
0
0
0
0
2.32755e-07
5.09241e-07
6.44914e-07
3.63302e-07
0
0
0
0
1.64312e-08
1.3576e-07
1.73194e-07
0
0
0
0
0
0
0
0
0
0
0
0
0
0
0
0
0
0
0
0
0
0
0
0
0
0
0
0
0
1.32852e-08
5.50868e-08
1.0025e-07
1.53378e-07
2.06777e-07
2.54051e-07
3.04066e-07
3.49553e-07
3.94067e-07
4.64939e-07
5.47929e-07
6.52356e-07
8.36873e-07
1.03239e-06
1.12418e-06
1.27248e-06
1.21165e-06
1.16513e-06
1.49307e-06
1.93942e-06
2.35022e-06
2.48756e-06
2.08201e-06
1.24503e-06
2.17304e-07
0
0
0
0
0
0
0
0
0
0
0
0
0
0
0
0
0
0
0
0
0
0
0
0
0
0
0
0
0
0
0
0
0
0
0
0
0
0
0
0
0
4.56377e-06
1.08181e-05
9.34203e-06
1.02987e-06
0
1.19185e-05
4.3172e-05
4.20164e-05
3.39164e-05
2.51558e-05
1.60894e-05
6.96365e-06
1.34943e-06
0
0
0
0
0
2.25561e-08
0
0
0
0
4.499e-07
8.19436e-07
1.38307e-06
2.52087e-06
3.54612e-06
4.34669e-06
4.83927e-06
4.53042e-06
2.59128e-06
0
0
3.21282e-06
8.31812e-06
5.37323e-06
2.27275e-06
1.80466e-07
0
0
0
0
0
0
0
0
0
0
0
0
0
0
0
0
0
0
0
0
0
0
0
0
0
0
0
0
0
0
0
0
0
0
0
1.0428e-07
3.02576e-07
4.12065e-07
4.74233e-07
6.19072e-08
0
0
0
1.52384e-07
2.24311e-07
2.35322e-07
0
0
0
0
1.69136e-08
1.40742e-07
2.49111e-07
3.05947e-07
2.92753e-07
2.26095e-07
1.30053e-07
2.89768e-08
0
0
0
0
0
0
0
0
0
0
0
0
0
0
0
3.13222e-08
6.63257e-08
1.00993e-07
1.3607e-07
1.80726e-07
2.43348e-07
3.08813e-07
3.69819e-07
4.42049e-07
5.31325e-07
6.03226e-07
6.54739e-07
7.12852e-07
8.09438e-07
9.20582e-07
1.01938e-06
1.14096e-06
1.42173e-06
1.64441e-06
1.74985e-06
2.00318e-06
2.38183e-06
2.78623e-06
3.06631e-06
3.13126e-06
3.03228e-06
2.81164e-06
2.48483e-06
2.06069e-06
1.63472e-06
1.28356e-06
1.00062e-06
6.98822e-07
2.66098e-07
0
0
0
0
0
0
0
0
0
0
0
0
0
0
0
0
0
0
0
0
0
0
0
0
0
0
0
0
0
0
0
0
0
0
0
0
0
0
0
0
1.53492e-05
2.24675e-05
2.02969e-05
1.46219e-05
8.69378e-06
3.21404e-06
0
0
0
0
0
0
0
0
0
0
0
1.01077e-07
3.93569e-07
7.54609e-07
1.63221e-06
2.75644e-06
3.92112e-06
4.89222e-06
5.22433e-06
4.4138e-06
2.81099e-06
1.41849e-06
1.27518e-06
2.30984e-06
2.18826e-06
1.24864e-06
8.47276e-08
0
0
0
0
0
0
0
0
0
0
0
0
0
0
0
0
0
0
0
0
0
0
0
0
0
0
0
0
0
0
0
0
0
0
0
0
5.72901e-08
6.0111e-07
1.59247e-06
1.82904e-06
2.59388e-07
0
0
5.88992e-08
1.70259e-07
2.26638e-07
0
0
0
1.73319e-07
3.1702e-07
4.59563e-07
5.76167e-07
6.35407e-07
6.23053e-07
5.52059e-07
4.44882e-07
3.24504e-07
2.05976e-07
9.88001e-08
9.90407e-09
0
0
0
0
0
0
0
0
0
0
0
2.20299e-08
4.15937e-08
5.76335e-08
7.1299e-08
8.43593e-08
1.00618e-07
1.2866e-07
1.6689e-07
2.09275e-07
2.71516e-07
3.46533e-07
4.03286e-07
4.60171e-07
5.3578e-07
5.94099e-07
6.26328e-07
6.5601e-07
7.14608e-07
8.16302e-07
8.83371e-07
9.36077e-07
1.0417e-06
1.22352e-06
1.38561e-06
1.48292e-06
1.53415e-06
1.57914e-06
1.60052e-06
1.55185e-06
1.43199e-06
1.28657e-06
1.13348e-06
9.62452e-07
7.28435e-07
4.1166e-07
1.04825e-07
0
0
0
0
0
0
0
0
0
0
0
0
0
0
0
0
0
0
0
0
0
0
0
0
0
0
0
0
0
0
0
0
0
0
0
0
0
0
0
0
0
0
0
0
0
0
0
0
0
0
7.70895e-10
0
0
0
0
2.43823e-07
7.50034e-07
7.98222e-07
8.86589e-07
1.33412e-06
2.40143e-06
3.53254e-06
4.30789e-06
4.43731e-06
3.62386e-06
2.03593e-06
1.2813e-07
0
0
0
0
0
0
0
0
0
0
0
0
0
0
0
0
0
0
0
0
0
0
0
0
0
0
0
0
0
0
0
0
0
0
0
0
0
0
0
0
0
0
1.1708e-06
1.70538e-06
1.32654e-06
3.83041e-07
0
0
0
0
1.13917e-07
0
0
0
4.30841e-07
3.83547e-07
3.25228e-07
2.58676e-07
1.87945e-07
1.133e-07
4.33133e-08
0
0
0
0
0
0
0
0
0
0
4.34756e-08
7.05868e-08
8.08031e-08
8.21973e-08
8.50644e-08
9.6379e-08
1.16649e-07
1.40393e-07
1.6007e-07
1.70497e-07
1.71154e-07
1.66286e-07
1.62421e-07
1.66117e-07
1.85343e-07
2.21516e-07
2.61264e-07
2.9504e-07
3.24799e-07
3.53523e-07
3.75864e-07
3.91434e-07
4.1026e-07
4.40232e-07
4.73774e-07
5.03832e-07
5.41981e-07
5.98895e-07
6.59112e-07
7.02054e-07
7.2938e-07
7.57261e-07
7.8371e-07
7.85709e-07
7.53314e-07
7.01997e-07
6.41231e-07
5.71871e-07
4.82572e-07
3.61047e-07
2.19204e-07
8.75314e-08
0
0
0
0
0
0
0
0
0
0
0
0
0
0
0
0
0
0
0
0
0
0
1.473e-09
0
0
0
0
0
0
0
0
0
0
0
0
0
0
0
0
0
0
0
0
0
0
0
0
0
0
0
0
0
0
0
0
1.55322e-06
2.08073e-06
1.93461e-06
1.76326e-06
1.89631e-06
2.48793e-06
3.42637e-06
4.14344e-06
4.20208e-06
3.38414e-06
1.90358e-06
7.3776e-08
0
0
0
0
0
0
0
0
0
0
0
0
0
0
0
0
0
0
0
0
0
0
0
0
0
0
0
0
0
0
0
0
0
0
0
0
0
0
0
0
0
0
1.5877e-07
3.43805e-07
3.3915e-07
1.1279e-07
1.50884e-08
0
0
0
4.94526e-08
0
0
0
1.28691e-06
1.19746e-06
1.14403e-06
1.11048e-06
1.02609e-06
8.24089e-07
5.28115e-07
2.03169e-07
0
0
0
0
0
0
0
0
7.76092e-09
4.18321e-08
6.8682e-08
8.79404e-08
9.5004e-08
9.10489e-08
8.65343e-08
9.43545e-08
1.18524e-07
1.49807e-07
1.73508e-07
1.80758e-07
1.73305e-07
1.60593e-07
1.52738e-07
1.5603e-07
1.76843e-07
2.09598e-07
2.3521e-07
2.50739e-07
2.57533e-07
2.58148e-07
2.56826e-07
2.57302e-07
2.60168e-07
2.64759e-07
2.72875e-07
2.88978e-07
3.08438e-07
3.23687e-07
3.34325e-07
3.45599e-07
3.57772e-07
3.62034e-07
3.51928e-07
3.31723e-07
3.07153e-07
2.78944e-07
2.45228e-07
2.00779e-07
1.47415e-07
8.96914e-08
3.6532e-08
0
0
0
0
0
0
0
0
0
0
0
0
0
0
0
0
0
0
0
0
0
1.62267e-07
9.10802e-07
1.53446e-06
0
0
0
1.20262e-07
1.05483e-06
0
0
3.25831e-06
0
0
1.23199e-06
1.37227e-06
0
0
0
0
0
3.49729e-07
7.59327e-07
0
0
0
0
0
0
0
0
0
0
0
2.45921e-07
2.24203e-06
3.17312e-06
2.95915e-06
2.61482e-06
2.58561e-06
2.84668e-06
3.25804e-06
3.57488e-06
3.62292e-06
3.18191e-06
2.07741e-06
5.61826e-07
0
0
0
0
0
0
0
0
0
0
0
0
0
0
0
0
0
0
0
0
0
0
0
0
0
0
0
0
0
0
0
0
0
0
0
5.78355e-08
1.20966e-08
0
0
0
0
0
2.75897e-09
7.06776e-08
8.80108e-08
3.53797e-08
0
0
0
0
3.499e-08
0
0
0
1.70953e-06
1.66188e-06
1.58586e-06
1.4771e-06
1.32563e-06
1.1335e-06
8.98475e-07
6.14421e-07
3.00461e-07
6.66791e-09
0
0
0
0
0
0
0
0
0
0
3.01828e-08
6.04938e-08
7.32161e-08
8.46219e-08
9.62164e-08
1.01947e-07
9.83688e-08
8.6435e-08
6.95064e-08
5.19411e-08
3.85764e-08
3.16184e-08
3.17925e-08
3.9345e-08
5.18983e-08
6.51379e-08
7.66042e-08
8.69034e-08
9.79374e-08
1.10386e-07
1.23597e-07
1.36812e-07
1.49492e-07
1.60432e-07
1.67778e-07
1.70649e-07
1.69656e-07
1.65694e-07
1.59156e-07
1.50917e-07
1.42083e-07
1.32277e-07
1.20835e-07
1.08323e-07
9.33567e-08
7.36281e-08
5.05268e-08
2.65776e-08
3.53351e-09
0
0
0
0
0
0
0
0
0
0
7.46778e-09
8.22233e-08
8.67817e-08
3.48907e-08
5.00065e-08
2.36311e-07
4.0444e-07
3.94741e-07
1.13318e-07
0
4.48347e-08
6.95505e-07
1.27371e-06
9.242e-07
0
0
0
1.68373e-06
3.13564e-06
0
0
1.00944e-05
5.03838e-06
5.03924e-07
4.47852e-06
4.39326e-06
1.76321e-06
0
0
0
2.89318e-06
5.1132e-06
2.65687e-07
0
0
0
0
0
0
0
0
0
4.05361e-07
8.09146e-07
6.39475e-07
1.86417e-06
3.82879e-06
3.75376e-06
3.28955e-06
3.17787e-06
3.27089e-06
3.40113e-06
3.44565e-06
3.34763e-06
2.99056e-06
2.22278e-06
9.92309e-07
0
0
0
0
0
0
0
0
0
0
0
0
0
0
0
0
0
0
0
0
0
0
0
0
0
0
0
0
0
0
0
0
0
0
1.96457e-08
2.22177e-08
0
0
0
0
0
0
2.68513e-08
5.24096e-08
4.04752e-08
9.83985e-09
0
0
0
0
3.05486e-08
0
1.5056e-08
0
4.41754e-08
8.908e-07
1.24057e-06
1.36864e-06
1.3797e-06
1.30598e-06
1.19057e-06
1.06487e-06
9.51074e-07
8.54926e-07
7.57908e-07
6.41168e-07
5.26362e-07
3.96148e-07
2.46107e-07
1.11355e-07
2.00178e-08
0
0
0
0
1.82308e-08
4.11217e-08
6.20064e-08
7.45278e-08
7.41362e-08
6.06689e-08
3.71021e-08
9.50423e-09
0
0
0
0
0
0
0
0
0
8.3154e-09
2.58508e-08
4.13087e-08
5.62561e-08
6.93425e-08
7.92099e-08
8.50214e-08
8.66449e-08
8.46235e-08
7.98533e-08
7.30539e-08
6.45177e-08
5.50947e-08
4.78301e-08
4.30466e-08
3.89027e-08
3.33594e-08
2.64225e-08
1.80715e-08
6.58827e-09
0
0
0
0
0
1.13303e-08
3.60489e-08
7.85707e-08
3.63045e-08
0
0
2.01844e-07
4.47791e-07
3.97019e-07
1.41415e-07
0
3.27568e-07
8.53502e-07
7.81949e-07
0
0
4.28901e-09
1.18426e-06
1.83547e-06
2.55208e-07
0
0
0
5.02192e-07
3.95488e-06
4.85559e-07
4.58411e-07
1.59877e-05
9.32453e-06
2.25513e-06
5.92962e-06
6.04508e-06
4.19631e-06
0
0
0
8.88935e-06
1.39214e-06
0
0
0
0
0
0
0
0
0
2.01031e-07
1.05132e-06
1.40631e-06
1.16488e-06
1.42508e-06
3.54698e-06
4.31445e-06
3.90526e-06
3.77503e-06
3.76947e-06
3.70088e-06
3.52327e-06
3.23427e-06
2.82656e-06
2.2118e-06
1.2134e-06
0
0
0
0
0
0
0
0
0
0
0
0
0
0
0
0
0
0
0
0
0
0
0
0
0
0
0
0
0
0
0
0
0
0
3.01688e-09
0
0
0
0
0
3.29396e-10
2.82135e-08
3.72334e-08
2.88576e-08
1.3478e-08
4.11137e-09
9.21413e-10
1.90909e-09
9.11555e-09
6.94752e-10
1.14472e-08
0
1.26993e-08
0
0
4.28081e-07
1.0188e-06
1.35438e-06
1.47744e-06
1.48293e-06
1.43641e-06
1.37658e-06
1.32355e-06
1.2719e-06
1.19428e-06
1.12826e-06
1.07023e-06
9.44222e-07
7.01436e-07
4.51952e-07
2.50187e-07
8.9782e-08
0
0
0
0
0
0
2.09844e-09
8.53129e-08
1.20725e-07
9.92886e-08
4.46014e-08
0
0
0
0
0
0
0
0
0
0
0
0
0
0
0
1.16262e-09
7.68253e-09
1.16033e-08
1.38695e-08
1.49417e-08
1.42707e-08
1.13507e-08
7.97562e-09
5.4226e-09
3.3066e-09
1.57665e-09
0
0
0
0
0
0
0
0
0
3.15821e-09
1.26279e-07
3.86252e-08
0
0
0
2.73527e-07
1.25913e-07
0
0
2.84369e-07
8.85476e-07
7.55548e-07
0
0
5.17802e-07
2.07333e-06
3.23365e-06
1.97536e-08
0
0
0
0
1.68267e-06
1.14202e-07
2.23528e-06
1.85104e-05
1.04855e-05
3.33332e-06
6.32432e-06
6.91252e-06
5.40527e-06
2.35648e-06
0
0
2.08807e-06
0
0
0
0
0
0
0
0
0
0
4.77547e-07
2.3121e-06
2.66367e-06
1.96906e-06
1.93503e-06
2.6794e-06
3.97841e-06
4.3246e-06
4.37529e-06
4.35782e-06
4.19366e-06
3.90884e-06
3.50819e-06
3.00546e-06
2.36693e-06
1.4389e-06
0
0
0
0
0
0
0
0
0
0
0
0
0
0
0
0
0
0
0
0
0
0
0
0
0
0
0
0
0
0
0
0
1.07638e-08
1.27016e-08
2.86474e-09
0
0
0
4.90181e-09
1.5889e-08
2.18349e-08
2.17273e-08
1.52908e-08
9.50394e-09
4.65644e-09
4.82241e-09
4.36206e-09
5.88775e-09
4.72065e-09
1.20074e-09
2.44108e-09
0
8.24342e-09
0
5.55558e-07
7.46564e-07
9.97078e-07
1.25559e-06
1.47639e-06
1.62348e-06
1.67446e-06
1.62827e-06
1.50746e-06
1.34266e-06
1.12325e-06
8.26766e-07
5.41281e-07
2.70184e-07
6.04665e-08
0
0
0
0
0
0
0
0
0
0
0
0
0
0
0
0
0
0
0
0
0
0
0
0
0
0
0
0
0
0
0
0
0
0
0
0
0
0
0
0
0
0
0
3.30815e-09
1.57726e-08
2.05622e-08
2.03334e-08
1.4514e-08
7.3384e-09
1.47813e-07
3.91409e-07
6.79891e-08
0
0
0
0
0
0
0
1.06568e-06
1.15169e-06
2.60805e-07
0
0
5.62986e-07
3.51636e-06
5.60789e-06
7.46666e-07
0
0
0
0
0
0
1.07381e-06
1.69058e-05
1.10641e-05
7.28244e-06
6.62435e-06
7.33506e-06
6.2471e-06
4.09353e-06
1.15949e-06
0
0
0
0
0
0
0
0
0
0
0
0
1.53996e-06
7.81364e-06
8.53556e-06
5.06827e-06
3.04442e-06
2.46482e-06
2.60018e-06
3.52639e-06
4.31872e-06
4.71755e-06
4.74905e-06
4.57259e-06
4.23241e-06
3.77705e-06
3.21681e-06
2.31946e-06
1.42637e-07
0
0
0
0
0
0
0
0
0
0
0
0
0
0
0
0
0
0
0
0
0
0
0
0
0
0
0
0
0
1.10704e-08
1.84646e-08
1.88385e-08
1.52783e-08
1.09355e-08
9.00871e-09
9.73457e-09
1.16149e-08
1.20983e-08
1.09259e-08
8.18092e-09
5.7569e-09
3.27552e-09
2.58196e-09
1.68898e-09
2.53559e-09
1.67171e-09
2.25314e-09
5.59012e-10
5.44472e-10
1.31852e-10
0
4.14196e-09
0
0
0
0
0
0
0
0
0
0
0
0
0
0
0
0
0
0
0
0
0
0
0
0
0
0
0
0
0
0
0
0
0
0
0
0
0
0
0
0
0
0
0
0
0
0
0
0
0
0
0
0
0
0
0
0
0
1.15449e-09
0
0
0
0
3.63104e-08
7.56585e-08
1.74141e-07
6.85279e-07
1.24701e-06
3.89672e-07
0
0
0
0
0
0
0
2.05941e-06
1.36312e-06
0
0
0
0
2.93634e-06
4.94578e-06
4.60451e-07
0
0
0
0
0
0
0
1.631e-05
1.90329e-05
1.44084e-05
1.04747e-05
8.01251e-06
6.71923e-06
5.34733e-06
3.44954e-06
0
0
0
0
0
0
0
0
0
0
0
0
0
1.21758e-05
1.07116e-05
1.16403e-05
7.93504e-06
3.43565e-06
2.40542e-06
3.16865e-06
4.42004e-06
5.39699e-06
5.85122e-06
6.01623e-06
6.13433e-06
6.43206e-06
7.28789e-06
9.55844e-06
5.49533e-06
0
0
0
0
0
0
0
0
0
0
0
0
0
0
0
0
0
0
0
0
0
0
0
0
0
4.11384e-09
8.58184e-09
1.21574e-08
1.40271e-08
1.41461e-08
1.2746e-08
1.04827e-08
8.45022e-09
7.04701e-09
6.1211e-09
5.30145e-09
4.44176e-09
3.21667e-09
2.03304e-09
9.61823e-10
5.47117e-10
1.56525e-10
3.11511e-10
3.99067e-11
3.7345e-10
0
2.7238e-10
0
1.33629e-10
0
0
1.6902e-09
0
0
0
0
0
0
0
0
0
0
3.20102e-10
4.85686e-10
4.7987e-10
3.45919e-10
1.22341e-10
0
0
0
0
0
0
0
1.66933e-10
5.74639e-10
9.37024e-10
1.2263e-09
1.41926e-09
1.49778e-09
1.45927e-09
1.32608e-09
1.14911e-09
9.69033e-10
8.1265e-10
6.91317e-10
6.07006e-10
5.56965e-10
5.33584e-10
5.24949e-10
5.24813e-10
5.30731e-10
5.36079e-10
5.28619e-10
5.10157e-10
4.959e-10
4.82266e-10
4.61492e-10
4.16456e-10
2.92938e-10
1.33235e-10
1.42625e-11
0
0
0
0
9.50552e-10
6.54306e-09
1.79782e-08
5.11579e-08
8.50153e-08
0
0
0
0
0
1.69486e-07
1.57608e-06
3.23476e-06
1.64224e-06
0
1.55095e-07
1.4604e-06
1.77322e-06
1.86803e-07
0
0
1.57436e-06
7.08472e-07
0
0
0
0
0
5.35813e-06
3.73274e-06
1.32423e-06
0
0
0
0
0
0
1.56881e-05
4.18652e-05
2.92959e-05
1.4383e-05
7.62556e-06
2.90115e-06
9.70166e-07
2.62697e-07
0
0
0
0
0
0
0
0
0
0
0
0
0
2.88954e-06
6.21924e-06
1.08176e-05
1.37573e-05
1.11066e-05
6.44586e-06
7.65057e-06
1.0589e-05
1.15599e-05
8.6294e-06
4.30587e-06
1.74618e-06
7.25293e-07
3.2612e-07
1.4005e-07
1.36389e-08
0
0
0
0
0
0
0
0
0
0
0
0
0
0
0
0
0
0
0
3.11008e-09
5.40165e-09
6.73856e-09
7.68978e-09
8.44577e-09
8.89821e-09
8.96806e-09
8.56585e-09
7.63281e-09
6.3615e-09
5.14539e-09
4.07617e-09
3.13302e-09
2.38482e-09
1.82567e-09
1.34721e-09
8.86833e-10
5.14646e-10
1.74375e-10
0
0
0
0
0
0
0
0
0
0
0
0
0
3.0169e-10
0
0
0
0
0
0
0
0
0
0
1.48598e-10
2.3607e-10
2.2816e-10
1.46943e-10
1.46667e-11
0
0
0
0
0
0
0
7.08683e-11
3.07848e-10
5.34907e-10
7.36535e-10
8.90483e-10
9.77749e-10
9.91286e-10
9.32239e-10
8.33197e-10
7.23239e-10
6.1771e-10
5.24156e-10
4.45866e-10
3.84274e-10
3.38357e-10
3.04722e-10
2.8125e-10
2.67409e-10
2.56259e-10
2.36999e-10
2.05492e-10
1.6918e-10
1.27131e-10
6.39505e-11
0
0
0
0
0
0
0
0
7.69996e-10
1.15694e-08
7.50926e-08
3.31756e-07
8.52415e-07
7.03613e-07
5.30213e-08
0
0
0
0
7.56015e-07
6.65568e-06
4.27542e-06
0
6.05053e-07
4.69215e-06
6.94334e-06
6.0645e-06
2.88918e-06
4.16042e-07
4.75558e-07
2.13884e-07
0
0
0
0
0
2.06503e-05
1.2824e-05
4.65858e-06
9.27545e-07
0
0
0
0
0
3.43562e-06
2.80992e-05
5.2927e-05
1.79476e-05
2.81917e-06
5.6143e-07
1.54323e-07
8.95913e-09
0
0
0
0
0
0
0
0
0
0
0
0
2.18361e-08
6.95742e-07
1.19397e-06
2.32443e-06
3.88908e-06
3.93946e-06
4.22525e-06
9.17638e-06
2.07246e-05
1.31558e-05
3.21422e-06
8.10439e-07
2.68227e-07
1.09394e-07
4.64874e-08
1.16691e-08
0
0
0
0
0
0
0
0
0
0
0
0
0
0
0
0
0
0
3.57743e-09
5.64356e-09
6.27764e-09
6.22459e-09
5.83463e-09
5.29034e-09
4.69196e-09
4.06469e-09
3.43458e-09
2.80393e-09
2.18687e-09
1.64787e-09
1.23532e-09
9.13319e-10
6.49765e-10
4.50834e-10
2.82999e-10
1.59624e-10
4.77176e-11
0
0
0
0
0
0
0
0
0
0
0
0
0
0
0
0
0
0
0
0
0
0
0
0
0
0
8.88694e-11
1.52342e-10
1.32334e-10
4.97598e-11
0
0
0
0
0
0
0
0
0
1.11815e-10
2.74141e-10
5.60195e-10
8.68375e-10
1.09983e-09
1.2424e-09
1.31062e-09
1.33075e-09
1.283e-09
1.18158e-09
1.04574e-09
8.85865e-10
7.28007e-10
5.90064e-10
4.78503e-10
3.94648e-10
3.35493e-10
2.87267e-10
2.23651e-10
1.3195e-10
4.21663e-11
0
0
0
0
0
0
0
0
0
0
0
2.06528e-08
2.16375e-07
1.33325e-06
6.15726e-06
8.65351e-06
5.13052e-06
6.71889e-07
0
0
0
0
4.06404e-06
3.67383e-06
0
3.30359e-06
1.67263e-05
2.65878e-05
1.21334e-05
3.73459e-06
8.94249e-07
1.4347e-06
8.44229e-07
0
0
0
0
0
1.39618e-05
4.86931e-06
1.63383e-06
2.65524e-07
0
0
0
0
0
1.82553e-06
1.2083e-05
4.12441e-05
1.39721e-05
1.0348e-06
9.50028e-08
0
0
0
0
0
0
0
0
0
0
0
0
0
0
1.14028e-07
3.31512e-07
5.39028e-07
1.00623e-06
1.51502e-06
1.47827e-06
1.51441e-06
3.28977e-06
1.23537e-05
4.64881e-06
5.67348e-07
7.88764e-08
3.13215e-09
0
0
0
0
0
0
0
0
0
0
0
0
0
0
0
0
0
0
0
0
9.0607e-10
2.42446e-09
2.76464e-09
2.65271e-09
2.37356e-09
2.03974e-09
1.7025e-09
1.39131e-09
1.11473e-09
8.6819e-10
6.46825e-10
4.60707e-10
3.23105e-10
2.29677e-10
1.61075e-10
1.0639e-10
6.86988e-11
2.62149e-11
3.17816e-12
0
0
0
0
0
0
0
0
0
0
0
0
0
0
0
0
0
0
4.59839e-08
3.01723e-08
3.4382e-08
4.25441e-08
3.94269e-08
3.25993e-08
2.70225e-08
2.24895e-08
1.88001e-08
1.54571e-08
1.27205e-08
1.00902e-08
8.14458e-09
6.09655e-09
4.90162e-09
3.14561e-09
2.67519e-09
1.0432e-09
1.44565e-09
0
1.138e-09
0
1.4272e-09
0
0
1.35934e-08
6.05664e-09
6.59095e-09
7.68545e-09
7.48656e-09
6.10083e-09
5.3492e-09
4.5259e-09
4.04972e-09
3.42398e-09
3.03066e-09
2.48056e-09
2.16072e-09
1.6842e-09
1.45889e-09
9.76742e-10
9.20953e-10
3.81812e-10
6.23718e-10
0
6.29734e-10
0
9.114e-10
0
0
1.39725e-08
3.09496e-09
2.49344e-09
3.48206e-09
2.94634e-09
2.05578e-09
1.46779e-09
1.13495e-09
9.4453e-10
7.65728e-10
6.85079e-10
5.70296e-10
5.17816e-10
4.31674e-10
3.96469e-10
2.95037e-10
3.09715e-10
1.75897e-10
2.89363e-10
8.15833e-11
3.77886e-10
1.21259e-13
5.80152e-10
0
0
1.20009e-08
0
0
0
4.61114e-11
2.46731e-12
7.91008e-12
2.01428e-10
3.61566e-10
4.05616e-10
4.14772e-10
3.84495e-10
3.79516e-10
3.66784e-10
3.9575e-10
3.80973e-10
4.9559e-10
4.51786e-10
6.46902e-10
5.27126e-10
8.91386e-10
5.34443e-10
1.22814e-09
2.96421e-10
7.94935e-10
1.35344e-09
0
0
0
0
0
0
0
0
0
0
0
0
0
0
0
0
0
0
0
0
0
0
0
0
0
0
0
0
0
0
0
0
0
0
0
0
0
0
0
0
0
0
0
0
0
0
0
0
0
0
0
0
0
0
0
0
0
0
0
0
0
0
0
0
0
0
0
0
0
0
0
0
0
0
0
0
0
0
0
0
0
0
0
0
0
0
0
0
0
0
0
0
0
0
0
0
0
0
0
0
0
0
0
0
0
0
0
0
0
0
0
0
0
0
0
0
0
0
0
0
0
0
0
0
0
0
0
0
0
0
0
0
0
0
0
0
0
0
0
0
0
0
0
0
0
0
0
0
0
0
0
0
0
0
0
0
0
0
0
0
0
0
0
0
0
0
0
0
0
0
0
0
0
0
0
0
0
0
0
0
0
0
0
0
0
0
0
0
0
0
0
0
0
0
0
0
0
0
0
0
0
0
0
0
0
0
0
0
0
0
0
0
0
0
0
0
0
0
0
0
0
0
0
0
0
0
0
0
0
0
0
0
0
0
0
0
0
0
0
0
0
0
0
0
0
0
0
0
0
0
0
0
0
0
0
0
0
0
0
0
0
0
0
0
0
0
0
0
0
0
0
0
0
0
0
0
0
0
0
0
0
0
0
0
0
0
0
0
0
0
0
0
0
0
0
0
0
0
0
0
0
0
0
0
0
0
0
0
0
0
0
0
0
0
0
0
0
0
0
0
0
0
0
0
0
0
0
0
0
0
0
0
0
0
0
0
0
0
0
0
0
0
0
0
0
0
0
0
0
0
0
0
0
0
0
0
0
0
0
0
0
0
0
0
0
0
0
0
0
0
0
0
0
0
0
0
0
0
0
0
0
0
0
0
0
0
0
0
0
0
0
0
0
0
0
0
0
0
0
0
0
0
0
0
0
0
0
0
0
0
0
0
0
0
0
0
0
0
0
0
0
0
0
0
5.70168e-08
0
0
0
0
0
0
0
0
0
0
0
0
0
0
0
0
0
0
0
0
0
0
0
0
5.99775e-08
2.07459e-08
0
0
0
0
0
0
0
0
0
0
0
0
0
0
0
0
0
0
0
0
0
0
0
0
7.17275e-09
0
0
0
0
0
0
0
0
0
0
0
0
0
0
0
0
0
0
0
0
0
0
0
0
0
0
0
0
0
0
0
0
0
0
0
0
0
0
0
0
0
0
0
0
0
0
0
0
0
0
0
0
0
0
0
0
0
0
0
0
0
0
0
0
0
0
0
0
0
0
0
0
0
0
0
0
0
0
0
0
0
0
0
0
0
0
0
0
0
0
0
0
0
0
0
0
0
0
0
0
0
1.32235e-08
0
0
0
0
0
0
0
0
0
0
0
0
0
0
0
0
0
0
0
0
0
0
0
5.64333e-08
7.37351e-08
0
0
0
0
0
0
0
0
0
0
0
0
0
0
0
0
0
0
0
0
0
0
1.90313e-09
1.33602e-07
6.11301e-08
0
0
0
0
0
0
0
0
0
0
0
0
0
0
0
0
0
0
0
0
0
0
9.6563e-08
1.61315e-07
0
0
0
0
0
0
0
0
0
0
0
0
0
0
0
0
0
0
0
0
0
0
4.07691e-08
1.76851e-07
1.28846e-07
0
0
0
0
0
0
0
0
0
0
0
0
0
0
0
0
0
0
0
0
0
0
1.86925e-07
2.12877e-07
4.0676e-08
0
0
0
0
0
0
0
0
0
0
0
0
0
0
0
0
0
0
0
0
0
0
3.21542e-07
1.62752e-07
0
0
0
0
0
0
0
0
0
0
0
0
0
0
0
0
0
0
0
0
0
0
0
2.96934e-07
0
0
0
0
0
0
0
0
0
0
0
0
0
0
0
0
0
0
0
0
0
0
0
0
6.12078e-08
0
0
0
0
0
0
0
0
0
0
0
0
0
0
0
0
0
0
0
0
0
0
0
0
3.77122e-08
0
0
0
0
0
0
0
0
0
0
0
0
0
0
0
0
0
0
0
0
0
0
0
0
6.56539e-08
0
0
0
0
0
0
0
0
0
0
0
0
0
0
0
0
0
0
0
0
0
0
0
0
1.25561e-07
0
0
0
0
0
0
0
0
0
0
0
0
0
0
0
0
0
0
0
0
0
0
0
0
1.00533e-07
0
0
0
0
0
0
0
0
0
0
0
0
0
0
0
0
0
0
0
0
0
0
0
0
3.37831e-08
0
0
0
0
0
0
0
0
0
0
0
0
0
0
0
0
0
0
0
0
0
0
0
0
0
0
0
0
0
0
0
0
0
0
0
0
0
0
0
0
0
0
0
0
0
0
0
0
0
0
0
0
0
0
0
0
0
0
0
0
0
0
0
0
0
0
0
0
0
0
0
0
0
0
0
0
0
0
0
0
0
0
0
0
0
0
0
0
0
0
0
0
0
0
0
0
0
0
0
0
0
0
0
0
0
0
0
0
0
0
0
0
0
0
0
0
0
0
0
0
0
0
0
0
0
0
0
0
0
0
0
0
0
0
0
0
0
0
0
0
0
0
0
0
0
0
0
0
0
0
0
0
0
0
0
0
0
0
0
0
0
0
0
0
0
0
0
0
0
0
0
0
0
0
0
0
0
0
0
0
0
0
0
0
0
0
0
0
0
0
0
0
0
0
0
0
0
0
0
0
0
0
0
0
0
0
0
0
0
0
0
0
0
0
0
0
0
0
0
0
0
0
0
0
0
0
0
0
0
0
0
0
0
0
0
0
0
0
0
0
0
0
0
0
0
0
0
0
0
4.79661e-09
0
0
0
0
0
0
0
0
1.22615e-10
7.3907e-10
9.54424e-10
1.11406e-09
8.9058e-10
8.3152e-10
4.3258e-10
4.49262e-10
1.00094e-10
2.81516e-10
0
3.09236e-10
0
4.95164e-10
0
7.04408e-11
6.92756e-09
0
0
0
0
0
0
5.23666e-10
8.98147e-10
1.10697e-09
1.21068e-09
1.12878e-09
1.05745e-09
8.48665e-10
7.59509e-10
5.58733e-10
5.70475e-10
4.16957e-10
5.66461e-10
3.10322e-10
7.04109e-10
1.17586e-10
1.03066e-09
0
6.82296e-10
4.81322e-09
0
0
0
0
0
6.34735e-10
9.32127e-10
1.00831e-09
9.43472e-10
8.85992e-10
7.85241e-10
7.25049e-10
6.22267e-10
6.13846e-10
5.30277e-10
5.7941e-10
4.64226e-10
6.20538e-10
3.94938e-10
7.45868e-10
2.43421e-10
1.02132e-09
0
5.24172e-10
2.64805e-09
0
0
8.22868e-10
1.21689e-09
1.44622e-09
1.45899e-09
1.24029e-09
1.01732e-09
8.34175e-10
7.40111e-10
6.68684e-10
6.49635e-10
5.90308e-10
5.94765e-10
5.22033e-10
5.66867e-10
4.51325e-10
5.70552e-10
3.68507e-10
6.29811e-10
2.42338e-10
8.13134e-10
0
1.42497e-10
1.53342e-09
0
2.08508e-09
2.21115e-09
1.73318e-09
1.28371e-09
8.70063e-10
4.68464e-10
2.36217e-10
1.46232e-10
1.21037e-10
1.05149e-10
1.28345e-10
1.1205e-10
1.31237e-10
9.38189e-11
1.36436e-10
6.71815e-11
1.561e-10
3.52448e-11
2.0806e-10
0
2.89656e-10
0
0
1.70397e-09
2.25891e-09
3.96863e-09
2.41854e-09
8.49738e-10
0
0
0
0
0
0
0
0
0
0
0
0
0
0
0
0
0
0
0
0
2.53634e-09
5.33264e-09
5.58155e-09
1.59731e-09
0
0
0
0
0
0
0
0
0
0
0
0
0
0
0
0
0
0
0
0
0
)
;

boundaryField
{
    inlet
    {
        type            zeroGradient;
    }
    outlet
    {
        type            zeroGradient;
    }
    upperWall
    {
        type            zeroGradient;
    }
    lowerWall
    {
        type            zeroGradient;
    }
    frontAndBack
    {
        type            empty;
    }
}


// ************************************************************************* //
