/*--------------------------------*- C++ -*----------------------------------*\
  =========                 |
  \\      /  F ield         | OpenFOAM: The Open Source CFD Toolbox
   \\    /   O peration     | Website:  https://openfoam.org
    \\  /    A nd           | Version:  9
     \\/     M anipulation  |
\*---------------------------------------------------------------------------*/
FoamFile
{
    format      ascii;
    class       volScalarField;
    location    "0.024";
    object      pPrime2Mean;
}
// * * * * * * * * * * * * * * * * * * * * * * * * * * * * * * * * * * * * * //

dimensions      [0 4 -4 0 0 0 0];

internalField   nonuniform List<scalar> 
12225
(
301143
298400
295115
291535
287793
283979
280152
276347
272585
268877
265224
261622
258058
254510
250944
247301
243463
239153
301183
298431
295139
291553
287808
283992
280163
276357
272595
268888
265236
261636
258075
254532
250976
247353
243568
239449
301308
298502
295191
291595
287841
284020
280188
276380
272618
268911
265262
261666
258112
254582
251047
247465
243773
239915
301503
298618
295278
291663
287897
284067
280229
276418
272655
268950
265305
261716
258174
254663
251160
247638
244066
240461
301722
298788
295407
291764
287979
284135
280289
276474
272709
269006
265367
261789
258264
254779
251320
247871
244431
241048
302022
299017
295583
291903
288091
284230
280372
276551
272785
269085
265453
261888
258385
254933
251526
248161
244851
241655
302432
299321
295815
292086
288240
284355
280482
276652
272884
269187
265565
262017
258539
255128
251780
248501
245314
242274
302905
299701
296114
292322
288430
284515
280622
276781
273010
269317
265706
262178
258731
255363
252078
248886
245812
242900
303553
300182
296485
292614
288668
284715
280797
276943
273167
269478
265880
262374
258960
255640
252419
249310
246337
243532
304303
300771
296943
292975
288959
284959
281011
277139
273357
269672
266088
262606
259228
255957
252800
249769
246884
244168
305220
301479
297491
293407
289310
285253
281268
277374
273585
269903
266333
262877
259535
256313
253217
250258
247450
244809
306210
302265
298093
293879
289690
285570
281544
277628
273829
270150
266593
263160
259852
256673
253630
250729
247983
245401
307476
303161
298771
294409
290117
285928
281856
277914
274103
270426
266881
263471
260195
257057
254062
251214
248522
245990
309100
304346
299665
295102
290672
286391
282261
278284
274457
270779
267248
263862
260621
257526
254581
251787
249147
246664
311051
305839
300801
295984
291383
286984
282779
278757
274909
271228
267709
264348
261143
258092
255196
252453
249864
247427
313858
307788
302235
297091
292269
287724
283425
279347
275471
271785
268277
264940
261770
258761
255911
253217
250674
248279
316888
310029
303902
298378
293306
288600
284197
280056
276149
272454
268955
265641
262503
259532
256724
254072
251570
249212
320388
312431
305662
299743
294420
289554
285051
280853
276918
273216
269727
266434
263325
260389
257618
255002
252535
250208
323140
314177
306951
300810
295356
290409
285864
281645
277705
274012
270542
267274
264195
261291
258552
255968
253530
251229
321255
313588
306886
300978
295658
290801
286313
282137
278235
274576
271136
267898
264847
261970
259256
256695
254277
251994
319354
312431
306273
300710
295609
290888
286493
282385
278531
274910
271501
268289
265261
262404
259708
257162
254758
252487
317311
311191
305549
300319
295430
290850
286553
282512
278709
275125
271746
268558
265549
262708
260026
257492
255098
252835
315388
310043
304854
299913
295215
290763
286552
282573
278814
275262
271908
268739
265746
262919
260247
257722
255336
253079
314017
309148
304289
299569
295021
290670
286529
282599
278875
275350
272015
268862
265882
263064
260400
257882
255501
253249
312947
308473
303859
299303
294864
290590
286502
282609
278911
275406
272086
268944
265973
263162
260504
257991
255614
253365
312245
307993
303551
299108
294749
290529
286479
282612
278933
275442
272132
268999
266033
263228
260574
258063
255689
253442
311824
307677
303343
298977
294670
290486
286460
282611
278946
275463
272161
269033
266072
263269
260618
258110
255737
253492
311462
307467
303213
298895
294620
290459
286449
282611
278953
275476
272178
269053
266095
263295
260645
258138
255766
253522
311209
307347
303141
298850
294593
290443
286442
282610
278957
275483
272188
269064
266107
263308
260659
258153
255782
253538
311102
307298
303111
298831
294582
290437
286439
282610
278958
275486
272191
269069
266112
263314
260665
258160
255788
253544
202392
202376
202343
202292
202223
202136
202030
201906
201763
201600
201420
201220
201003
200767
200514
200244
199957
199653
199331
198991
198632
198254
197855
197438
197000
196545
196069
195575
195066
194541
194000
193434
192836
192204
191540
190848
190131
189395
188644
187883
187115
186344
185572
184803
184037
183275
182515
181757
180998
180234
179463
178682
177887
177076
176247
175399
174531
173642
172733
171805
170857
169892
168909
167910
166895
165865
164821
163765
162695
161614
160521
159418
158305
157184
156055
154918
153776
152629
151477
150321
149161
147998
146831
145660
144485
143307
142125
140939
139749
138555
137357
136155
134948
133738
132524
131305
130083
128856
127625
126389
125150
123906
122658
121406
120151
118891
117627
116360
115089
113815
112537
111257
109973
108686
107396
106104
104809
103512
102212
100910
99606.4
98300.8
96993.5
95684.7
94374.4
93062.8
91750
90436.3
89121.8
87806.6
86491
85175
83858.8
82542.7
81226.7
79911.1
78596.1
77281.7
75968.3
74656
73345
72035.6
70727.8
69421.9
68118.1
66816.7
65517.8
64221.6
62928.4
61638.4
60351.9
59069
57790.1
56515.3
55245
53979.3
52718.6
51463.2
50213.3
48969.2
47731.2
46499.6
45274.8
44057
42846.6
41644
40449.5
39263.5
38086.4
36918.6
35760.6
34613
33476.3
32351.2
31238.5
30139.1
29054.5
27986.5
26938.7
25919.1
202464
202447
202414
202362
202293
202205
202098
201973
201828
201665
201482
201281
201061
200824
200569
200297
200008
199703
199380
199040
198681
198303
197905
197487
197050
196592
196117
195617
195092
194550
193996
193420
192814
192176
191508
190813
190095
189360
188610
187849
187083
186314
185544
184777
184014
183255
182499
181744
180988
180228
179460
178681
177889
177079
176252
175404
174537
173649
172740
171812
170864
169899
168916
167916
166902
165872
164829
163772
162703
161622
160530
159427
158314
157193
156063
154926
153784
152636
151483
150327
149167
148003
146836
145665
144490
143311
142128
140942
139752
138557
137359
136157
134951
133740
132526
131307
130084
128857
127626
126390
125151
123907
122659
121407
120151
118892
117628
116361
115090
113816
112538
111257
109973
108686
107396
106104
104809
103512
102212
100910
99606.6
98301
96993.7
95684.8
94374.5
93062.9
91750.1
90436.4
89121.9
87806.7
86491
85175
83858.9
82542.7
81226.7
79911.1
78596.1
77281.8
75968.3
74656
73345.1
72035.6
70727.8
69421.9
68118.1
66816.7
65517.8
64221.6
62928.4
61638.4
60351.9
59069
57790.1
56515.3
55245
53979.3
52718.6
51463.2
50213.3
48969.2
47731.2
46499.6
45274.8
44057
42846.6
41644
40449.4
39263.4
38086.3
36918.5
35760.5
34612.8
33476.1
32350.9
31238.1
30138.5
29053.6
27985.3
26936.3
25913.4
202610
202592
202558
202505
202435
202346
202237
202110
201963
201797
201612
201407
201185
200944
200686
200410
200119
199810
199485
199142
198782
198403
198005
197586
197147
196681
196192
195683
195151
194595
194017
193418
192794
192145
191472
190775
190057
189322
188572
187811
187045
186275
185506
184740
183978
183221
182469
181719
180968
180214
179452
178679
177890
177085
176260
175415
174548
173661
172753
171825
170877
169912
168929
167930
166915
165886
164844
163788
162719
161639
160547
159445
158332
157210
156080
154942
153799
152650
151497
150340
149179
148014
146846
145674
144498
143319
142136
140949
139758
138563
137364
136162
134955
133744
132529
131310
130087
128860
127629
126393
125153
123909
122661
121409
120153
118893
117629
116362
115091
113817
112539
111258
109974
108687
107397
106105
104810
103512
102213
100911
99606.9
98301.3
96994
95685
94374.7
93063.1
91750.3
90436.6
89122
87806.8
86491.1
85175.1
83858.9
82542.8
81226.8
79911.2
78596.1
77281.8
75968.4
74656.1
73345.1
72035.6
70727.8
69421.9
68118.1
66816.7
65517.8
64221.6
62928.4
61638.4
60351.9
59069
57790.1
56515.3
55245
53979.3
52718.6
51463.2
50213.3
48969.2
47731.2
46499.6
45274.7
44056.9
42846.5
41643.9
40449.3
39263.2
38086.1
36918.2
35760.2
34612.4
33475.5
32350.2
31237.1
30137.3
29051.9
27982.7
26931.9
25903.8
202830
202812
202777
202723
202651
202560
202450
202320
202170
202000
201811
201602
201375
201129
200866
200586
200290
199977
199646
199298
198933
198549
198145
197718
197266
196791
196292
195768
195222
194651
194058
193442
192802
192141
191457
190751
190027
189285
188530
187765
186994
186220
185449
184682
183922
183168
182421
181678
180936
180191
179438
178673
177892
177092
176271
175429
174565
173678
172771
171843
170896
169931
168948
167949
166935
165907
164865
163810
162742
161663
160572
159470
158357
157235
156104
154966
153821
152671
151516
150358
149196
148030
146861
145688
144511
143331
142147
140959
139767
138572
137372
136169
134961
133750
132535
131315
130092
128864
127632
126396
125156
123912
122664
121412
120155
118895
117631
116364
115093
113818
112540
111259
109975
108688
107398
106105
104810
103513
102213
100911
99607.4
98301.8
96994.4
95685.4
94375
93063.4
91750.6
90436.8
89122.2
87807
86491.3
85175.2
83859
82542.8
81226.9
79911.2
78596.2
77281.8
75968.4
74656.1
73345.1
72035.6
70727.8
69421.9
68118.2
66816.7
65517.8
64221.6
62928.4
61638.4
60351.9
59069
57790.1
56515.3
55245
53979.3
52718.6
51463.2
50213.3
48969.1
47731.1
46499.5
45274.7
44056.9
42846.4
41643.7
40449.1
39263
38085.8
36917.8
35759.7
34611.8
33474.7
32349.1
31235.7
30135.4
29049.1
27978.6
26925.3
25891.6
203128
203109
203073
203018
202944
202851
202738
202605
202452
202279
202085
201871
201638
201386
201117
200830
200527
200206
199867
199511
199135
198741
198325
197886
197422
196932
196418
195879
195317
194732
194124
193493
192839
192162
191464
190746
190008
189254
188487
187710
186928
186146
185368
184597
183837
183088
182349
181617
180887
180155
179415
178662
177891
177100
176285
175447
174585
173701
172794
171866
170919
169954
168971
167973
166959
165931
164890
163836
162770
161692
160603
159501
158389
157267
156135
154996
153849
152698
151541
150381
149218
148051
146880
145706
144528
143346
142161
140972
139779
138583
137383
136178
134970
133758
132542
131322
130098
128870
127638
126401
125161
123916
122668
121415
120158
118898
117634
116366
115095
113820
112542
111261
109976
108689
107399
106107
104811
103514
102214
100912
99608.1
98302.4
96994.9
95685.9
94375.4
93063.7
91750.9
90437.1
89122.5
87807.2
86491.4
85175.4
83859.2
82543
81227
79911.3
78596.2
77281.9
75968.5
74656.1
73345.1
72035.7
70727.9
69422
68118.2
66816.8
65517.8
64221.7
62928.5
61638.5
60351.9
59069
57790.1
56515.3
55245
53979.3
52718.6
51463.2
50213.2
48969.1
47731.1
46499.5
45274.6
44056.7
42846.3
41643.5
40448.9
39262.7
38085.4
36917.3
35759
34610.9
33473.6
32347.7
31233.8
30132.8
29045.6
27973.4
26917.3
25878.3
203505
203486
203448
203392
203316
203221
203105
202970
202813
202636
202437
202218
201978
201719
201441
201145
200831
200499
200149
199781
199393
198984
198553
198098
197618
197112
196582
196028
195449
194847
194222
193574
192903
192209
191493
190755
189998
189223
188434
187636
186835
186036
185246
184469
183709
182966
182238
181522
180812
180100
179379
178644
177888
177108
176302
175470
174611
173728
172822
171895
170948
169982
169000
168001
166987
165960
164919
163866
162802
161725
160637
159537
158426
157304
156172
155031
153883
152730
151572
150410
149245
148076
146903
145727
144548
143365
142178
140988
139794
138596
137395
136190
134981
133768
132551
131330
130106
128877
127644
126407
125166
123921
122672
121419
120162
118901
117637
116369
115097
113822
112544
111263
109978
108691
107401
106108
104813
103515
102215
100913
99608.9
98303.1
96995.6
95686.5
94376
93064.2
91751.3
90437.4
89122.8
87807.5
86491.7
85175.6
83859.3
82543.1
81227.1
79911.4
78596.3
77282
75968.5
74656.2
73345.2
72035.7
70727.9
69422
68118.3
66816.8
65517.9
64221.7
62928.5
61638.5
60351.9
59069.1
57790.1
56515.3
55245
53979.3
52718.6
51463.1
50213.2
48969.1
47731
46499.4
45274.5
44056.6
42846.1
41643.3
40448.6
39262.3
38084.9
36916.7
35758.2
34609.9
33472.3
32345.9
31231.5
30129.7
29041.3
27967.3
26908.4
25864.6
203965
203945
203906
203848
203770
203672
203555
203416
203256
203074
202870
202643
202395
202126
201838
201530
201204
200859
200495
200111
199707
199281
198833
198360
197862
197339
196791
196219
195623
195002
194358
193690
192998
192282
191541
190776
189989
189182
188360
187530
186698
185873
185064
184277
183516
182783
182072
181380
180697
180014
179322
178612
177878
177115
176321
175497
174643
173762
172857
171930
170983
170017
169034
168034
167020
165992
164952
163899
162835
161760
160674
159575
158465
157344
156212
155070
153921
152766
151606
150442
149275
148105
146931
145753
144571
143387
142198
141006
139811
138612
137410
136203
134993
133780
132562
131340
130115
128885
127652
126414
125173
123927
122678
121424
120167
118906
117641
116372
115100
113825
112547
111265
109980
108693
107402
106109
104814
103516
102216
100914
99609.9
98304
96996.4
95687.2
94376.6
93064.7
91751.8
90437.9
89123.1
87807.8
86492
85175.8
83859.5
82543.3
81227.2
79911.6
78596.4
77282.1
75968.6
74656.3
73345.3
72035.8
70728
69422.1
68118.3
66816.9
65517.9
64221.7
62928.5
61638.5
60352
59069.1
57790.1
56515.3
55245
53979.3
52718.6
51463.1
50213.2
48969
47730.9
46499.3
45274.3
44056.4
42845.9
41643
40448.2
39261.8
38084.3
36915.9
35757.3
34608.7
33470.7
32343.9
31228.8
30126.1
29036.5
27960.6
26898.8
25850.8
204509
204488
204447
204387
204306
204205
204084
203940
203775
203587
203375
203141
202883
202604
202303
201983
201643
201283
200904
200503
200082
199638
199170
198678
198161
197619
197052
196460
195844
195204
194538
193847
193130
192384
191610
190807
189977
189123
188252
187373
186495
185630
184791
183986
183222
182500
181816
181160
180519
179880
179231
178559
177856
177117
176341
175528
174680
173803
172899
171972
171024
170057
169074
168074
167059
166030
164989
163936
162872
161797
160711
159614
158506
157385
156254
155112
153961
152805
151643
150478
149309
148137
146961
145781
144598
143411
142221
141027
139830
138630
137426
136218
135007
133793
132574
131352
130125
128895
127661
126423
125180
123934
122684
121430
120172
118910
117645
116376
115104
113829
112550
111268
109983
108695
107404
106111
104816
103518
102218
100915
99611
98305
96997.3
95688
94377.3
93065.4
91752.3
90438.3
89123.6
87808.2
86492.3
85176.1
83859.8
82543.5
81227.4
79911.7
78596.6
77282.2
75968.7
74656.4
73345.4
72035.9
70728.1
69422.2
68118.4
66816.9
65518
64221.8
62928.6
61638.6
60352
59069.1
57790.1
56515.3
55245
53979.3
52718.6
51463.1
50213.1
48968.9
47730.9
46499.2
45274.2
44056.2
42845.6
41642.7
40447.8
39261.3
38083.6
36915.1
35756.2
34607.3
33469
32341.6
31225.9
30122.2
29031.2
27953.4
26888.9
25837.2
205140
205118
205075
205011
204926
204820
204693
204543
204369
204173
203952
203708
203440
203150
202837
202504
202149
201774
201378
200961
200521
200058
199571
199059
198522
197959
197372
196760
196124
195462
194773
194055
193305
192522
191703
190847
189958
189038
188097
187145
186199
185274
184388
183557
182789
182086
181439
180836
180257
179683
179095
178477
177818
177112
176359
175561
174723
173851
172949
172022
171073
170105
169120
168120
167104
166075
165033
163978
162913
161837
160751
159654
158547
157427
156296
155154
154003
152846
151683
150516
149346
148171
146993
145812
144626
143438
142245
141050
139851
138649
137444
136235
135023
133807
132588
131365
130137
128906
127671
126432
125189
123942
122691
121437
120178
118916
117650
116381
115108
113832
112553
111271
109986
108698
107407
106113
104818
103519
102219
100917
99612.3
98306.1
96998.3
95688.9
94378.1
93066.1
91752.9
90438.9
89124.1
87808.6
86492.7
85176.4
83860.1
82543.7
81227.6
79911.9
78596.8
77282.3
75968.9
74656.5
73345.5
72036
70728.2
69422.3
68118.5
66817
65518.1
64221.9
62928.7
61638.6
60352.1
59069.1
57790.2
56515.4
55245
53979.3
52718.6
51463.1
50213.1
48968.9
47730.8
46499
45274
44056
42845.3
41642.3
40447.4
39260.8
38082.9
36914.2
35755
34605.8
33467.1
32339.2
31222.6
30118
29025.7
27946
26879
25824.1
205862
205838
205792
205724
205634
205522
205386
205227
205044
204837
204606
204351
204072
203769
203444
203097
202728
202337
201923
201488
201029
200547
200040
199507
198950
198368
197762
197130
196473
195788
195073
194325
193538
192708
191833
190911
189943
188936
187900
186852
185813
184809
183863
182998
182226
181547
180951
180416
179918
179427
178918
178369
177765
177102
176378
175599
174772
173905
173006
172079
171130
170160
169173
168171
167155
166124
165081
164026
162959
161882
160794
159696
158588
157468
156338
155196
154046
152888
151725
150557
149385
148208
147028
145844
144657
143466
142272
141075
139874
138671
137464
136254
135041
133824
132603
131379
130150
128918
127682
126442
125198
123951
122699
121444
120185
118922
117656
116386
115113
113836
112557
111274
109989
108700
107409
106116
104820
103521
102221
100918
99613.7
98307.4
96999.4
95689.9
94379
93066.8
91753.6
90439.5
89124.6
87809.1
86493.1
85176.8
83860.4
82544
81227.9
79912.1
78596.9
77282.5
75969
74656.7
73345.7
72036.1
70728.3
69422.4
68118.6
66817.1
65518.2
64222
62928.7
61638.7
60352.1
59069.2
57790.2
56515.4
55245
53979.3
52718.5
51463
50213
48968.8
47730.7
46498.9
45273.9
44055.8
42845.1
41642
40446.9
39260.2
38082.1
36913.2
35753.8
34604.2
33465
32336.5
31219.3
30113.6
29019.9
27938.4
26869.1
25811.4
206683
206656
206607
206534
206437
206316
206172
206002
205808
205589
205346
205077
204785
204468
204129
203766
203380
202972
202542
202088
201611
201110
200585
200034
199459
198859
198234
197584
196907
196199
195458
194678
193852
192973
192036
191037
189978
188867
187719
186557
185410
184313
183299
182396
181619
180967
180425
179967
179557
179158
178734
178259
177715
177096
176403
175643
174827
173966
173069
172143
171194
170223
169234
168229
167209
166177
165133
164077
163010
161931
160842
159742
158632
157511
156380
155239
154089
152932
151768
150599
149425
148247
147064
145878
144688
143495
142300
141101
139899
138694
137486
136274
135059
133841
132619
131394
130165
128931
127694
126453
125209
123960
122708
121452
120192
118928
117662
116391
115118
113841
112561
111278
109992
108703
107412
106118
104822
103523
102223
100920
99615.2
98308.7
97000.6
95690.9
94379.9
93067.7
91754.4
90440.2
89125.2
87809.6
86493.5
85177.2
83860.7
82544.3
81228.1
79912.4
78597.2
77282.7
75969.2
74656.9
73345.8
72036.3
70728.5
69422.5
68118.7
66817.2
65518.3
64222
62928.8
61638.8
60352.2
59069.2
57790.2
56515.4
55245
53979.3
52718.5
51463
50213
48968.7
47730.6
46498.8
45273.7
44055.6
42844.7
41641.6
40446.4
39259.5
38081.3
36912.2
35752.5
34602.6
33462.9
32333.8
31215.8
30109.1
29014.1
27930.9
26859.4
25799.2
207608
207579
207525
207446
207341
207211
207055
206874
206666
206433
206175
205891
205583
205250
204894
204515
204112
203687
203240
202770
202277
201760
201219
200652
200061
199445
198805
198138
197444
196718
195955
195148
194287
193361
192362
191284
190131
188913
187651
186376
185126
183942
182865
181926
181142
180512
180016
179620
179285
178962
178609
178194
177698
177114
176445
175700
174892
174035
173140
172213
171263
170292
169301
168294
167271
166236
165190
164133
163064
161984
160893
159792
158680
157558
156425
155284
154134
152976
151812
150641
149466
148285
147101
145912
144721
143526
142329
141128
139925
138719
137509
136296
135079
133860
132637
131410
130180
128945
127707
126465
125220
123970
122717
121460
120200
118935
117668
116397
115123
113846
112565
111282
109996
108707
107415
106121
104824
103526
102225
100922
99616.8
98310.1
97001.9
95692.1
94381
93068.6
91755.2
90440.9
89125.8
87810.1
86494
85177.6
83861.1
82544.7
81228.4
79912.6
78597.4
77282.9
75969.4
74657.1
73346
72036.5
70728.6
69422.7
68118.8
66817.3
65518.4
64222.1
62928.9
61638.8
60352.2
59069.3
57790.3
56515.4
55245
53979.3
52718.5
51463
50212.9
48968.7
47730.5
46498.6
45273.5
44055.3
42844.4
41641.2
40445.9
39258.9
38080.5
36911.1
35751.1
34600.8
33460.7
32331
31212.2
30104.5
29008.3
27923.5
26850.1
25787.6
208648
208616
208556
208470
208356
208214
208045
207849
207625
207375
207099
206798
206472
206121
205748
205352
204934
204494
204032
203549
203042
202512
201958
201378
200774
200146
199493
198814
198109
197369
196589
195757
194861
193888
192829
191681
190446
189141
187792
186433
185107
183863
182742
181777
180985
180361
179886
179521
179220
178933
178612
178223
177748
177178
176517
175776
174971
174115
173218
172291
171339
170367
169375
168365
167340
166302
165253
164193
163122
162040
160948
159845
158732
157609
156475
155331
154180
153021
151856
150684
149506
148324
147137
145947
144753
143557
142359
141157
139952
138744
137533
136318
135101
133880
132655
131427
130196
128960
127721
126478
125231
123981
122727
121469
120208
118943
117675
116403
115129
113851
112570
111286
109999
108710
107418
106124
104827
103528
102227
100924
99618.5
98311.7
97003.2
95693.3
94382.1
93069.6
91756.1
90441.6
89126.5
87810.7
86494.5
85178.1
83861.5
82545
81228.8
79912.9
78597.7
77283.2
75969.7
74657.3
73346.2
72036.6
70728.8
69422.8
68119
66817.5
65518.5
64222.2
62929
61638.9
60352.3
59069.3
57790.3
56515.5
55245.1
53979.3
52718.5
51463
50212.9
48968.6
47730.4
46498.5
45273.3
44055.1
42844.1
41640.8
40445.3
39258.2
38079.6
36910
35749.7
34599.1
33458.5
32328.2
31208.6
30100
29002.5
27916.3
26841.1
25776.7
209812
209776
209710
209614
209488
209333
209148
208934
208692
208423
208127
207806
207461
207093
206704
206294
205863
205412
204940
204446
203929
203388
202822
202232
201617
200978
200313
199620
198896
198134
197324
196455
195516
194497
193390
192193
190912
189563
188175
186784
185434
184170
183035
182058
181253
180615
180123
179741
179422
179116
178776
178370
177879
177296
176625
175877
175066
174206
173308
172378
171423
170448
169453
168441
167413
166373
165321
164258
163184
162099
161004
159899
158785
157660
156524
155379
154225
153065
151898
150726
149548
148364
147176
145983
144788
143590
142390
141187
139981
138771
137558
136342
135123
133900
132675
131445
130212
128975
127735
126491
125243
123992
122737
121478
120216
118951
117682
116410
115135
113856
112575
111291
110004
108714
107422
106127
104830
103530
102229
100926
99620.3
98313.3
97004.7
95694.6
94383.2
93070.6
91757
90442.5
89127.2
87811.4
86495.1
85178.6
83861.9
82545.4
81229.1
79913.2
78598
77283.5
75969.9
74657.5
73346.4
72036.8
70729
69423
68119.1
66817.6
65518.6
64222.3
62929.1
61639
60352.4
59069.4
57790.4
56515.5
55245.1
53979.3
52718.5
51462.9
50212.8
48968.5
47730.3
46498.4
45273.1
44054.8
42843.8
41640.3
40444.8
39257.5
38078.8
36908.9
35748.4
34597.3
33456.3
32325.4
31205.1
30095.6
28997
27909.4
26832.6
25766.4
211113
211073
210999
210892
210752
210579
210376
210141
209878
209588
209272
208931
208569
208187
207785
207365
206925
206466
205985
205481
204952
204399
203818
203210
202574
201907
201208
200476
199706
198895
198035
197120
196141
195089
193959
192752
191474
190139
188775
187415
186098
184860
183739
182761
181937
181262
180716
180270
179881
179503
179096
178631
178091
177471
176772
176004
175180
174311
173407
172474
171516
170537
169537
168520
167490
166447
165394
164329
163252
162162
161063
159954
158838
157711
156573
155426
154270
153108
151940
150767
149589
148405
147216
146022
144824
143624
142422
141218
140010
138798
137584
136366
135145
133922
132694
131464
130229
128991
127750
126504
125256
124003
122747
121488
120225
118959
117689
116417
115141
113862
112580
111295
110008
108718
107425
106130
104833
103533
102231
100928
99622.2
98315
97006.2
95696
94384.4
93071.7
91757.9
90443.3
89127.9
87812
86495.7
85179.1
83862.4
82545.8
81229.5
79913.6
78598.3
77283.7
75970.2
74657.7
73346.6
72037
70729.1
69423.2
68119.3
66817.7
65518.7
64222.4
62929.2
61639.1
60352.4
59069.5
57790.4
56515.6
55245.1
53979.3
52718.5
51462.9
50212.8
48968.5
47730.2
46498.2
45272.9
44054.6
42843.5
41639.9
40444.3
39256.8
38077.9
36907.9
35747
34595.6
33454.1
32322.7
31201.6
30091.2
28991.6
27902.7
26824.6
25756.8
212617
212570
212485
212363
212205
212011
211785
211528
211243
210933
210598
210243
209867
209472
209058
208626
208173
207698
207198
206671
206113
205522
204896
204235
203539
202807
202043
201245
200414
199546
198636
197680
196673
195609
194487
193309
192081
190813
189527
188249
187008
185831
184748
183777
182929
182200
181576
181031
180532
180044
179536
178982
178369
177693
176954
176158
175314
174433
173521
172583
171622
170637
169631
168608
167572
166527
165472
164406
163326
162232
161127
160014
158894
157764
156624
155474
154316
153152
151982
150809
149631
148447
147256
146061
144861
143659
142455
141248
140039
138826
137610
136391
135169
133944
132715
131483
130247
129008
127765
126519
125269
124015
122758
121498
120234
118967
117697
116424
115147
113868
112585
111300
110012
108722
107429
106133
104836
103536
102234
100930
99624.2
98316.8
97007.9
95697.4
94385.7
93072.9
91759
90444.2
89128.8
87812.8
86496.4
85179.7
83863
82546.3
81229.9
79914
78598.7
77284.1
75970.5
74658.1
73346.9
72037.3
70729.4
69423.4
68119.5
66817.9
65518.9
64222.6
62929.3
61639.2
60352.6
59069.6
57790.5
56515.7
55245.2
53979.4
52718.6
51463
50212.8
48968.5
47730.1
46498.2
45272.8
44054.4
42843.2
41639.6
40443.8
39256.3
38077.2
36906.9
35745.7
34594
33452
32320.1
31198.4
30087.2
28986.5
27896.6
26817.1
25748
214282
214227
214128
213987
213805
213588
213339
213062
212760
212434
212086
211714
211318
210898
210453
209982
209484
208956
208394
207797
207164
206494
205790
205054
204287
203491
202666
201814
200934
200024
199082
198105
197092
196042
194953
193829
192674
191495
190305
189123
187969
186861
185820
184860
183987
183201
182491
181840
181225
180622
180007
179361
178672
177937
177155
176329
175463
174566
173644
172699
171732
170742
169730
168701
167659
166609
165551
164483
163400
162303
161194
160078
158953
157821
156677
155524
154363
153196
152024
150849
149671
148486
147295
146097
144896
143692
142486
141277
140067
138853
137636
136416
135193
133966
132736
131502
130265
129024
127780
126533
125282
124027
122769
121508
120244
118976
117705
116431
115154
113874
112591
111305
110017
108726
107432
106137
104839
103538
102236
100932
99626.2
98318.6
97009.4
95698.8
94386.9
93073.9
91759.9
90445.1
89129.5
87813.4
86496.9
85180.2
83863.4
82546.7
81230.3
79914.3
78599
77284.4
75970.7
74658.3
73347.1
72037.5
70729.5
69423.5
68119.6
66818
65519
64222.7
62929.3
61639.2
60352.6
59069.6
57790.5
56515.6
55245.1
53979.3
52718.5
51462.8
50212.7
48968.3
47729.9
46497.9
45272.5
44054.1
42842.8
41639.1
40443.2
39255.5
38076.2
36905.7
35744.3
34592.3
33449.9
32317.4
31195.1
30083.1
28981.6
27890.6
26810
25739.7
215961
215896
215782
215620
215417
215179
214912
214619
214303
213959
213584
213174
212726
212241
211720
211165
210578
209960
209310
208629
207918
207178
206412
205621
204808
203973
203114
202234
201332
200406
199454
198477
197475
196446
195392
194315
193219
192108
190991
189881
188790
187733
186721
185766
184872
184039
183261
182527
181822
181127
180427
179705
178954
178170
177352
176498
175612
174700
173767
172813
171838
170841
169824
168788
167742
166687
165626
164554
163468
162369
161259
160140
159012
157875
156729
155573
154409
153238
152064
150887
149707
148521
147328
146129
144927
143722
142514
141305
140093
138878
137660
136439
135214
133986
132755
131520
130282
129040
127795
126546
125294
124039
122780
121518
120253
118984
117712
116438
115160
113880
112596
111310
110021
108730
107436
106140
104842
103541
102239
100934
99628.1
98320.2
97010.9
95700.1
94388.1
93075
91760.9
90445.9
89130.2
87814
86497.5
85180.7
83863.8
82547.1
81230.6
79914.6
78599.2
77284.6
75971
74658.5
73347.3
72037.6
70729.6
69423.6
68119.7
66818.1
65519
64222.7
62929.4
61639.2
60352.6
59069.6
57790.5
56515.6
55245.1
53979.3
52718.4
51462.7
50212.6
48968.1
47729.8
46497.7
45272.3
44053.8
42842.5
41638.7
40442.7
39254.8
38075.4
36904.7
35743
34590.7
33447.9
32314.9
31192.1
30079.4
28977.1
27885.1
26803.5
25732.1
217649
217573
217441
217259
217036
216778
216491
216173
215819
215422
214975
214478
213934
213349
212731
212084
211409
210711
209991
209249
208486
207703
206899
206078
205240
204384
203511
202619
201710
200780
199830
198858
197867
196855
195826
194780
193721
192653
191582
190515
189464
188436
187441
186487
185576
184709
183882
183088
182316
181554
180789
180010
179211
178388
177539
176662
175757
174832
173888
172925
171941
170935
169911
168870
167820
166761
165696
164620
163531
162431
161320
160199
159068
157926
156776
155617
154451
153279
152102
150923
149740
148552
147357
146157
144955
143749
142541
141331
140118
138902
137683
136460
135234
134005
132773
131537
130297
129055
127808
126559
125306
124050
122790
121527
120261
118992
117720
116444
115166
113885
112601
111314
110025
108734
107439
106143
104844
103544
102241
100936
99629.9
98321.9
97012.3
95701.4
94389.3
93076
91761.8
90446.7
89131
87814.7
86498
85181.2
83864.3
82547.5
81231
79915
78599.5
77284.9
75971.2
74658.7
73347.5
72037.8
70729.8
69423.7
68119.8
66818.1
65519.1
64222.7
62929.4
61639.2
60352.6
59069.5
57790.4
56515.5
55245
53979.2
52718.3
51462.7
50212.5
48968
47729.6
46497.5
45272.1
44053.5
42842.1
41638.3
40442.2
39254.2
38074.6
36903.7
35741.8
34589.2
33446.1
32312.7
31189.3
30076
28972.9
27880.1
26797.6
25725.3
219340
219253
219101
218897
218649
218359
218024
217638
217195
216693
216138
215537
214898
214227
213532
212817
212084
211335
210569
209788
208992
208180
207353
206512
205658
204790
203908
203010
202097
201166
200217
199249
198265
197264
196249
195221
194183
193139
192092
191051
190020
189008
188021
187064
186139
185247
184385
183548
182728
181915
181102
180281
179444
178590
177715
176816
175896
174958
174005
173033
172040
171026
169995
168949
167894
166832
165762
164682
163590
162488
161376
160252
159118
157973
156818
155657
154489
153315
152137
150956
149771
148581
147385
146185
144981
143775
142567
141355
140141
138924
137704
136480
135253
134023
132790
131553
130312
129068
127821
126571
125317
124060
122799
121536
120269
118999
117726
116451
115172
113890
112606
111319
110029
108737
107443
106146
104847
103546
102243
100938
99631.7
98323.5
97013.8
95702.7
94390.4
93077
91762.7
90447.5
89131.7
87815.3
86498.6
85181.7
83864.8
82547.9
81231.4
79915.3
78599.9
77285.2
75971.5
74658.9
73347.6
72037.9
70729.9
69423.8
68119.9
66818.2
65519.1
64222.8
62929.4
61639.3
60352.6
59069.5
57790.4
56515.5
55245
53979.2
52718.3
51462.6
50212.4
48967.9
47729.5
46497.4
45271.9
44053.3
42841.8
41637.9
40441.7
39253.7
38073.9
36902.9
35740.8
34587.9
33444.4
32310.6
31186.7
30072.9
28969.2
27875.6
26792.3
25719.2
221037
220938
220762
220523
220225
219859
219423
218918
218357
217746
217095
216412
215704
214976
214232
213473
212702
211917
211120
210311
209488
208654
207808
206951
206083
205203
204311
203406
202487
201552
200601
199635
198653
197657
196649
195631
194604
193572
192540
191511
190492
189488
188502
187540
186603
185691
184803
183933
183076
182226
181377
180522
179656
178775
177877
176961
176027
175079
174116
173134
172133
171113
170076
169026
167967
166900
165825
164740
163644
162540
161427
160301
159164
158015
156857
155692
154523
153348
152169
150986
149799
148608
147411
146210
145007
143800
142591
141378
140163
138945
137724
136499
135271
134040
132805
131567
130326
129081
127833
126582
125327
124069
122808
121544
120277
119006
117733
116457
115177
113895
112611
111323
110033
108741
107446
106149
104850
103548
102245
100940
99633.4
98325
97015.2
95704
94391.6
93078
91763.6
90448.3
89132.4
87816
86499.2
85182.2
83865.2
82548.4
81231.8
79915.7
78600.2
77285.5
75971.7
74659.1
73347.8
72038.1
70730.1
69424
68120
66818.3
65519.2
64222.8
62929.5
61639.3
60352.6
59069.5
57790.4
56515.5
55245
53979.1
52718.2
51462.5
50212.3
48967.8
47729.4
46497.2
45271.7
44053.1
42841.6
41637.6
40441.4
39253.2
38073.3
36902.1
35739.8
34586.7
33442.9
32308.8
31184.5
30070.1
28965.8
27871.7
26787.7
25713.8
222745
222630
222414
222104
221704
221211
220643
220020
219356
218660
217940
217200
216444
215674
214894
214103
213301
212489
211665
210830
209984
209129
208264
207389
206506
205612
204709
203794
202867
201927
200971
200002
199019
198025
197019
196005
194983
193958
192933
191911
190897
189895
188908
187940
186992
186063
185153
184258
183374
182496
181620
180738
179846
178942
178026
177095
176150
175192
174220
173229
172219
171193
170151
169098
168035
166965
165885
164794
163694
162587
161472
160345
159205
158054
156892
155725
154553
153377
152197
151013
149825
148633
147436
146235
145030
143823
142613
141400
140184
138965
137742
136517
135288
134055
132820
131581
130339
129093
127845
126593
125337
124079
122817
121552
120284
119013
117739
116462
115183
113900
112615
111327
110037
108744
107449
106152
104852
103551
102247
100942
99635.1
98326.6
97016.6
95705.2
94392.7
93079.1
91764.5
90449.1
89133.1
87816.6
86499.8
85182.8
83865.7
82548.8
81232.2
79916.1
78600.5
77285.8
75972
74659.4
73348.1
72038.3
70730.2
69424.1
68120.1
66818.4
65519.3
64222.9
62929.5
61639.3
60352.6
59069.6
57790.4
56515.5
55244.9
53979.1
52718.2
51462.5
50212.2
48967.7
47729.3
46497.1
45271.6
44052.9
42841.4
41637.3
40441
39252.8
38072.8
36901.5
35739
34585.7
33441.7
32307.2
31182.6
30067.8
28963
27868.3
26783.7
25709.2
224464
224318
224021
223583
223037
222411
221727
221008
220266
219505
218731
217945
217150
216346
215534
214715
213887
213048
212198
211337
210468
209591
208706
207813
206913
206005
205089
204164
203228
202280
201319
200345
199359
198363
197356
196342
195322
194299
193276
192257
191245
190243
189254
188280
187321
186379
185451
184535
183631
182733
181835
180930
180016
179093
178162
177220
176266
175300
174318
173319
172301
171268
170222
169164
168098
167024
165940
164844
163740
162630
161513
160384
159242
158088
156925
155755
154581
153404
152223
151038
149849
148656
147459
146257
145053
143845
142634
141420
140203
138983
137760
136533
135303
134070
132834
131594
130351
129105
127855
126603
125347
124087
122825
121560
120291
119020
117745
116468
115188
113905
112619
111331
110041
108747
107452
106155
104855
103553
102249
100944
99636.8
98328.1
97017.9
95706.5
94393.8
93080.1
91765.4
90450
89133.9
87817.3
86500.4
85183.4
83866.3
82549.3
81232.7
79916.4
78600.9
77286.1
75972.3
74659.6
73348.3
72038.5
70730.4
69424.2
68120.2
66818.5
65519.3
64223
62929.6
61639.4
60352.6
59069.6
57790.4
56515.5
55244.9
53979.1
52718.2
51462.4
50212.2
48967.7
47729.2
46497
45271.5
44052.8
42841.2
41637.1
40440.8
39252.4
38072.4
36901
35738.4
34584.8
33440.6
32306
31181
30065.8
28960.6
27865.4
26780.4
25705.4
226194
225969
225531
224939
224251
223507
222728
221930
221121
220306
219485
218659
217827
216989
216146
215300
214446
213582
212706
211821
210928
210030
209125
208213
207295
206372
205443
204508
203563
202608
201640
200661
199670
198670
197661
196644
195623
194600
193577
192558
191546
190543
189550
188570
187602
186647
185706
184776
183855
182941
182025
181101
180168
179230
178288
177338
176377
175402
174412
173404
172379
171340
170288
169226
168157
167080
165992
164892
163784
162670
161550
160419
159274
158119
156954
155782
154607
153429
152247
151061
149871
148678
147480
146279
145074
143866
142654
141439
140221
139000
137776
136549
135318
134084
132847
131606
130363
129116
127865
126612
125355
124096
122833
121567
120298
119026
117751
116473
115193
113909
112623
111335
110044
108751
107455
106157
104857
103555
102251
100946
99638.4
98329.6
97019.3
95707.7
94394.9
93081.1
91766.3
90450.8
89134.7
87818
86501.1
85183.9
83866.8
82549.8
81233.1
79916.9
78601.2
77286.4
75972.5
74659.8
73348.5
72038.7
70730.6
69424.4
68120.3
66818.6
65519.4
64223
62929.6
61639.4
60352.7
59069.6
57790.5
56515.5
55244.9
53979.1
52718.1
51462.4
50212.2
48967.7
47729.2
46497
45271.4
44052.7
42841.1
41637
40440.6
39252.2
38072.1
36900.6
35737.9
34584.2
33439.8
32304.9
31179.7
30064.2
28958.7
27863.2
26777.7
25702.3
227964
227580
226959
226203
225381
224531
223666
222797
221928
221060
220195
219331
218463
217593
216720
215848
214972
214085
213184
212273
211358
210438
209513
208582
207647
206709
205768
204823
203871
202908
201935
200949
199954
198948
197935
196915
195891
194866
193842
192823
191809
190803
189806
188820
187844
186881
185929
184987
184054
183125
182194
181254
180307
179357
178406
177450
176482
175499
174500
173484
172453
171408
170352
169286
168212
167132
166040
164937
163825
162708
161584
160449
159303
158146
156980
155807
154631
153452
152269
151083
149892
148698
147501
146299
145094
143885
142672
141457
140238
139017
137792
136563
135332
134097
132859
131618
130374
129126
127875
126621
125364
124103
122840
121574
120304
119032
117756
116478
115197
113914
112627
111339
110047
108754
107458
106160
104860
103557
102253
100948
99640.1
98331.1
97020.7
95708.9
94396.1
93082.1
91767.3
90451.7
89135.4
87818.7
86501.7
85184.6
83867.4
82550.3
81233.6
79917.3
78601.6
77286.7
75972.8
74660.1
73348.7
72038.9
70730.7
69424.5
68120.5
66818.7
65519.5
64223.1
62929.7
61639.5
60352.7
59069.6
57790.5
56515.5
55245
53979.1
52718.1
51462.4
50212.2
48967.6
47729.1
46497
45271.3
44052.6
42841
41636.9
40440.4
39252
38071.9
36900.3
35737.5
34583.7
33439.2
32304.2
31178.8
30063.1
28957.3
27861.5
26775.7
25700.1
229836
229191
228321
227388
226436
225485
224539
223602
222674
221756
220849
219951
219052
218149
217245
216352
215459
214552
213627
212691
211752
210812
209869
208921
207968
207014
206063
205110
204151
203183
202202
201211
200210
199199
198181
197157
196130
195102
194077
193055
192039
191030
190029
189038
188056
187085
186126
185174
184230
183289
182344
181392
180435
179476
178517
177554
176581
175591
174583
173558
172521
171473
170412
169342
168265
167179
166084
164978
163863
162743
161615
160477
159328
158170
157004
155831
154654
153474
152291
151103
149913
148718
147520
146318
145112
143903
142690
141474
140254
139032
137806
136577
135345
134110
132871
131629
130384
129136
127884
126630
125372
124111
122847
121580
120310
119037
117762
116483
115202
113918
112631
111342
110051
108757
107461
106162
104862
103560
102255
100949
99641.7
98332.6
97022
95710.2
94397.2
93083.2
91768.2
90452.6
89136.3
87819.5
86502.4
85185.2
83867.9
82550.8
81234
79917.7
78602
77287.1
75973.1
74660.4
73349
72039.1
70730.9
69424.7
68120.6
66818.8
65519.6
64223.2
62929.8
61639.5
60352.8
59069.7
57790.5
56515.5
55245
53979.1
52718.2
51462.4
50212.2
48967.6
47729.1
46496.9
45271.3
44052.6
42841
41636.8
40440.4
39251.9
38071.8
36900.1
35737.3
34583.5
33438.9
32303.7
31178.2
30062.4
28956.4
27860.4
26774.4
25698.6
231925
230771
229600
228480
227404
226362
225340
224340
223350
222388
221443
220514
219585
218654
217726
216813
215907
214984
214033
213070
212110
211155
210194
209228
208256
207288
206326
205369
204405
203432
202446
201449
200442
199426
198404
197376
196344
195313
194286
193262
192243
191230
190227
189231
188245
187269
186301
185340
184387
183436
182480
181519
180553
179588
178622
177652
176672
175676
174661
173628
172584
171532
170469
169395
168313
167224
166125
165016
163899
162776
161644
160502
159351
158192
157025
155852
154675
153495
152311
151124
149932
148737
147539
146336
145129
143919
142706
141489
140269
139046
137820
136590
135357
134121
132882
131639
130394
129145
127893
126638
125380
124118
122854
121586
120316
119043
117767
116488
115206
113922
112635
111346
110054
108760
107463
106165
104864
103562
102257
100951
99643.4
98334.1
97023.4
95711.5
94398.4
93084.2
91769.2
90453.5
89137.1
87820.2
86503.1
85185.8
83868.5
82551.4
81234.5
79918.1
78602.4
77287.4
75973.4
74660.6
73349.2
72039.3
70731.1
69424.8
68120.7
66819
65519.7
64223.3
62929.8
61639.6
60352.8
59069.7
57790.6
56515.6
55245
53979.1
52718.2
51462.4
50212.2
48967.7
47729.2
46497
45271.3
44052.6
42841
41636.8
40440.4
39251.9
38071.7
36900.1
35737.2
34583.4
33438.8
32303.6
31178
30062.1
28956
27859.9
26773.9
25697.9
234109
232183
230728
229448
228266
227141
226056
224999
223966
222962
221987
221025
220066
219112
218161
217229
216317
215381
214407
213420
212442
211466
210489
209508
208519
207536
206566
205605
204639
203663
202671
201666
200654
199634
198608
197575
196540
195507
194477
193451
192427
191413
190407
189412
188423
187439
186462
185493
184533
183574
182609
181639
180666
179695
178723
177747
176761
175759
174736
173695
172645
171589
170523
169446
168360
167266
166164
165052
163933
162807
161673
160528
159374
158214
157047
155874
154697
153516
152332
151144
149952
148756
147557
146354
145147
143936
142722
141505
140284
139060
137833
136603
135369
134133
132893
131650
130404
129154
127902
126646
125387
124125
122860
121593
120322
119048
117772
116493
115211
113926
112639
111349
110057
108763
107466
106167
104867
103564
102259
100953
99645
98335.6
97024.8
95712.7
94399.5
93085.3
91770.2
90454.4
89137.9
87821
86503.8
85186.4
83869.1
82551.8
81234.9
79918.5
78602.7
77287.7
75973.7
74660.9
73349.4
72039.4
70731.2
69425
68120.8
66819
65519.8
64223.3
62929.8
61639.6
60352.8
59069.7
57790.5
56515.5
55245
53979.1
52718.1
51462.4
50212.1
48967.6
47729.1
46496.9
45271.3
44052.6
42841
41636.8
40440.4
39251.9
38071.8
36900.1
35737.3
34583.4
33438.8
32303.6
31178
30062.2
28956.1
27860
26773.9
25697.9
235538
233415
231770
230360
229082
227884
226742
225640
224569
223524
222514
221523
220539
219553
218584
217655
216734
215768
214769
213764
212773
211780
210790
209789
208778
207783
206808
205842
204873
203891
202893
201883
200866
199841
198811
197774
196736
195700
194667
193637
192611
191596
190590
189593
188599
187606
186621
185647
184678
183711
182738
181761
180782
179804
178826
177844
176852
175843
174813
173765
172708
171647
170578
169497
168407
167309
166203
165089
163968
162840
161702
160554
159398
158237
157070
155897
154720
153538
152354
151165
149972
148776
147576
146372
145165
143953
142739
141521
140299
139075
137847
136616
135382
134145
132904
131661
130414
129164
127911
126655
125395
124133
122868
121599
120328
119054
117777
116498
115216
113931
112643
111353
110061
108766
107469
106170
104869
103566
102262
100955
99647
98337.5
97026.6
95714.4
94401.1
93086.7
91771.5
90455.6
89139
87822
86504.8
85187.3
83869.9
82552.6
81235.6
79919.1
78603.3
77288.2
75974.2
74661.3
73349.8
72039.8
70731.5
69425.2
68121.1
66819.3
65520
64223.5
62930
61639.8
60353
59069.9
57790.7
56515.7
55245.1
53979.2
52718.3
51462.5
50212.3
48967.7
47729.3
46497.1
45271.5
44052.7
42841.2
41637
40440.6
39252.2
38072.1
36900.5
35737.7
34583.9
33439.4
32304.3
31178.7
30063
28957.1
27861.1
26775.1
25699.3
236626
234513
232779
231276
229917
228653
227454
226306
225197
224121
223072
222047
221033
220030
219050
218098
217143
216154
215137
214119
213112
212111
211103
210078
209053
208047
207064
206093
205118
204131
203124
202110
201087
200058
199023
197982
196939
195901
194864
193829
192803
191788
190781
189781
188779
187777
186783
185802
184828
183852
182873
181889
180902
179917
178933
177945
176946
175930
174892
173837
172773
171706
170633
169549
168455
167353
166244
165127
164003
162872
161732
160582
159424
158262
157094
155921
154743
153562
152376
151187
149994
148797
147596
146391
145183
143971
142756
141537
140315
139090
137862
136630
135395
134157
132916
131672
130424
129174
127920
126664
125404
124141
122875
121606
120335
119060
117783
116503
115220
113935
112647
111357
110065
108770
107472
106173
104872
103569
102264
100957
99649.2
98339.5
97028.4
95716.1
94402.7
93088.2
91772.9
90456.8
89140.2
87823.1
86505.8
85188.2
83870.7
82553.4
81236.3
79919.8
78603.9
77288.8
75974.7
74661.7
73350.2
72040.2
70731.9
69425.6
68121.4
66819.5
65520.2
64223.7
62930.2
61640
60353.2
59070
57790.8
56515.8
55245.2
53979.4
52718.4
51462.7
50212.4
48967.9
47729.4
46497.2
45271.6
44052.9
42841.4
41637.3
40440.9
39252.6
38072.5
36901
35738.3
34584.6
33440.2
32305.3
31180
30064.4
28958.7
27863
26777.3
25701.7
237547
235512
233750
232187
230766
229444
228196
227004
225855
224741
223658
222599
221555
220530
219529
218547
217560
216544
215516
214489
213472
212457
211429
210386
209348
208332
207340
206365
205383
204385
203371
202350
201322
200289
199251
198206
197158
196113
195069
194029
193002
191987
190982
189976
188966
187952
186949
185962
184982
184000
183013
182022
181028
180035
179044
178048
177040
176016
174972
173910
172839
171766
170688
169601
168505
167399
166285
165166
164039
162906
161763
160611
159452
158288
157120
155946
154768
153586
152400
151209
150015
148817
147616
146410
145201
143989
142773
141554
140331
139105
137876
136644
135408
134170
132928
131683
130435
129184
127930
126673
125412
124149
122883
121613
120341
119067
117789
116509
115226
113940
112652
111361
110068
108773
107476
106176
104875
103572
102267
100960
99651.4
98341.5
97030.3
95717.9
94404.3
93089.8
91774.3
90458.2
89141.4
87824.3
86506.8
85189.2
83871.6
82554.2
81237.1
79920.4
78604.5
77289.3
75975.2
74662.2
73350.6
72040.5
70732.2
69425.9
68121.7
66819.8
65520.5
64224
62930.5
61640.2
60353.3
59070.2
57791
56516
55245.4
53979.5
52718.5
51462.8
50212.6
48968
47729.6
46497.4
45271.9
44053.2
42841.7
41637.6
40441.3
39253
38073
36901.6
35739.1
34585.6
33441.4
32306.7
31181.7
30066.4
28961.1
27865.8
26780.5
25705.4
238376
236429
234673
233081
231617
230250
228958
227724
226536
225386
224268
223178
222107
221056
220024
219005
217985
216955
215918
214884
213855
212825
211779
210721
209670
208645
207649
206664
205672
204655
203629
202599
201573
200539
199496
198447
197393
196340
195288
194244
193214
192200
191193
190182
189162
188135
187123
186129
185142
184153
183159
182161
181160
180158
179159
178153
177135
176103
175052
173984
172907
171828
170745
169655
168555
167445
166328
165205
164076
162940
161795
160642
159482
158317
157148
155973
154794
153611
152424
151233
150038
148839
147636
146430
145220
144007
142790
141571
140347
139121
137891
136658
135422
134183
132940
131695
130446
129194
127939
126682
125421
124157
122890
121621
120348
119073
117795
116514
115231
113945
112656
111366
110072
108777
107479
106180
104878
103574
102269
100962
99653.7
98343.7
97032.3
95719.8
94406.1
93091.4
91775.8
90459.6
89142.7
87825.5
86507.9
85190.2
83872.5
82555
81237.8
79921.1
78605.1
77289.9
75975.7
74662.7
73351
72040.9
70732.6
69426.2
68122
66820.1
65520.7
64224.2
62930.7
61640.4
60353.5
59070.4
57791.2
56516.1
55245.6
53979.7
52718.7
51463
50212.7
48968.2
47729.8
46497.6
45272.1
44053.5
42842
41638
40441.8
39253.6
38073.7
36902.5
35740.1
34586.8
33442.9
32308.5
31183.8
30069
28964.2
27869.4
26784.7
25710.1
239152
237284
235554
233953
232462
231061
229732
228462
227239
226055
224905
223782
222682
221601
220538
219488
218443
217396
216346
215298
214253
213207
212150
211081
210021
208991
207986
206985
205967
204936
203900
202867
201838
200802
199760
198707
197646
196581
195522
194475
193443
192427
191416
190395
189360
188326
187308
186307
185313
184314
183313
182307
181297
180287
179276
178259
177231
176189
175132
174059
172976
171892
170804
169709
168606
167493
166373
165247
164114
162975
161828
160674
159513
158347
157177
156001
154821
153637
152449
151257
150061
148861
147658
146450
145240
144026
142808
141588
140364
139136
137906
136672
135435
134196
132952
131706
130457
129205
127949
126691
125430
124165
122898
121628
120355
119079
117801
116520
115236
113950
112661
111370
110076
108781
107483
106183
104881
103577
102272
100965
99656.1
98345.9
97034.4
95721.7
94407.9
93093.1
91777.4
90461
89144.1
87826.7
86509
85191.2
83873.5
82555.9
81238.6
79921.9
78605.8
77290.5
75976.2
74663.2
73351.5
72041.3
70733
69426.5
68122.3
66820.4
65521
64224.4
62930.9
61640.6
60353.7
59070.6
57791.3
56516.3
55245.7
53979.8
52718.9
51463.1
50212.9
48968.4
47730
46497.9
45272.4
44053.8
42842.4
41638.4
40442.3
39254.2
38074.5
36903.4
35741.3
34588.2
33444.6
32310.6
31186.5
30072.2
28968
27873.8
26789.8
25716
239896
238097
236399
234802
233297
231872
230514
229213
227958
226743
225562
224409
223280
222171
221079
220002
218931
217863
216796
215731
214671
213611
212545
211473
210410
209365
208337
207312
206279
205235
204191
203153
202119
201082
200038
198978
197906
196835
195770
194721
193688
192664
191642
190611
189566
188524
187501
186495
185490
184482
183471
182457
181439
180418
179395
178364
177325
176276
175212
174134
173048
171958
170865
169766
168658
167542
166419
165290
164154
163012
161863
160708
159546
158379
157207
156030
154849
153664
152474
151281
150084
148883
147679
146471
145260
144045
142827
141605
140380
139152
137921
136687
135449
134209
132965
131718
130468
129215
127959
126700
125438
124174
122906
121635
120362
119086
117807
116525
115241
113955
112666
111374
110081
108785
107487
106186
104884
103580
102275
100967
99658.5
98348.2
97036.6
95723.7
94409.7
93094.8
91779
90462.5
89145.4
87827.9
86510.2
85192.3
83874.4
82556.8
81239.4
79922.6
78606.4
77291.1
75976.8
74663.7
73351.9
72041.8
70733.4
69426.9
68122.6
66820.7
65521.3
64224.7
62931.1
61640.8
60353.9
59070.8
57791.5
56516.5
55245.9
53980
52719
51463.3
50213.1
48968.6
47730.2
46498.1
45272.7
44054.1
42842.8
41638.9
40442.9
39254.9
38075.4
36904.5
35742.6
34589.9
33446.7
32313.1
31189.5
30075.9
28972.4
27879.1
26795.9
25722.9
240620
238879
237214
235629
234119
232679
231299
229972
228690
227446
226236
225055
223898
222762
221642
220538
219442
218353
217268
216186
215109
214035
212959
211882
210810
209750
208701
207655
206604
205552
204502
203457
202417
201375
200322
199254
198174
197099
196032
194981
193943
192911
191879
190834
189781
188735
187705
186690
185676
184656
183634
182610
181582
180551
179516
178472
177420
176361
175292
174211
173121
172027
170929
169824
168712
167593
166467
165335
164196
163051
161900
160743
159580
158412
157238
156060
154878
153691
152501
151306
150108
148906
147701
146492
145280
144064
142845
141623
140397
139168
137936
136701
135463
134222
132977
131730
130479
129226
127969
126710
125447
124182
122914
121643
120369
119092
117813
116531
115247
113960
112671
111379
110085
108789
107490
106190
104888
103583
102278
100970
99661.1
98350.6
97038.8
95725.8
94411.6
93096.6
91780.6
90464
89146.8
87829.2
86511.4
85193.4
83875.4
82557.7
81240.3
79923.4
78607.1
77291.7
75977.4
74664.2
73352.4
72042.2
70733.8
69427.3
68122.9
66821
65521.6
64225
62931.4
61641
60354.1
59071
57791.7
56516.7
55246.1
53980.2
52719.2
51463.5
50213.3
48968.8
47730.4
46498.4
45273
44054.5
42843.2
41639.5
40443.5
39255.7
38076.4
36905.7
35744.1
34591.7
33448.9
32315.9
31192.9
30080
28977.4
27885
26802.9
25731
241331
239639
238006
236436
234928
233479
232083
230736
229430
228162
226925
225717
224534
223370
222225
221095
219975
218864
217760
216661
215568
214478
213390
212303
211221
210147
209081
208017
206953
205890
204830
203776
202725
201671
200607
199529
198450
197372
196309
195251
194203
193162
192118
191065
190008
188958
187920
186892
185864
184833
183799
182766
181727
180682
179634
178580
177517
176450
175375
174289
173196
172097
170994
169885
168769
167646
166517
165381
164240
163093
161939
160780
159615
158445
157270
156091
154907
153719
152528
151332
150133
148930
147724
146514
145300
144084
142864
141641
140414
139185
137952
136716
135477
134235
132990
131742
130491
129237
127979
126719
125456
124190
122922
121650
120376
119099
117819
116537
115252
113965
112675
111383
110089
108793
107494
106193
104891
103587
102281
100973
99663.7
98353
97041
95727.9
94413.6
93098.4
91782.3
90465.5
89148.2
87830.5
86512.6
85194.5
83876.5
82558.6
81241.1
79924.1
78607.8
77292.4
75978
74664.8
73352.9
72042.7
70734.2
69427.6
68123.3
66821.3
65521.9
64225.2
62931.6
61641.3
60354.4
59071.2
57791.9
56516.9
55246.3
53980.4
52719.4
51463.7
50213.5
48969.1
47730.7
46498.7
45273.3
44054.9
42843.7
41640
40444.2
39256.6
38077.4
36907
35745.7
34593.7
33451.4
32318.9
31196.6
30084.6
28982.9
27891.7
26810.8
25740.1
242032
240382
238778
237225
235723
234270
232864
231500
230175
228885
227625
226393
225184
223996
222826
221671
220529
219396
218272
217154
216043
214937
213835
212737
211642
210554
209472
208393
207317
206241
205170
204103
203039
201972
200899
199819
198737
197660
196591
195527
194469
193414
192360
191300
190240
189184
188139
187098
186055
185010
183966
182921
181870
180816
179756
178690
177617
176542
175460
174370
173273
172170
171062
169948
168827
167701
166568
165430
164286
163136
161980
160818
159652
158480
157304
156123
154937
153748
152555
151358
150158
148954
147746
146535
145321
144104
142883
141659
140432
139201
137968
136731
135491
134249
133003
131754
130502
129247
127990
126729
125465
124199
122930
121658
120383
119106
117826
116543
115258
113970
112680
111388
110093
108797
107498
106197
104894
103590
102284
100976
99666.3
98355.5
97043.3
95730
94415.6
93100.2
91784
90467.1
89149.7
87831.9
86513.8
85195.6
83877.5
82559.6
81242
79924.9
78608.6
77293.1
75978.6
74665.3
73353.4
72043.1
70734.6
69428
68123.6
66821.6
65522.2
64225.5
62931.9
61641.5
60354.6
59071.4
57792.1
56517.1
55246.5
53980.5
52719.6
51463.9
50213.7
48969.3
47731
46499
45273.7
44055.3
42844.2
41640.6
40444.9
39257.5
38078.5
36908.3
35747.3
34595.8
33454
32322.2
31200.6
30089.5
28988.9
27899
26819.5
25750.2
242727
241113
239536
237999
236505
235052
233639
232263
230922
229613
228333
227078
225847
224636
223442
222264
221099
219946
218801
217665
216536
215413
214295
213182
212074
210972
209875
208782
207692
206604
205519
204438
203361
202284
201203
200119
199034
197953
196875
195803
194735
193671
192607
191543
190476
189412
188354
187299
186243
185189
184133
183074
182012
180947
179878
178803
177722
176638
175549
174454
173352
172244
171131
170013
168888
167758
166622
165480
164333
163180
162022
160858
159689
158516
157338
156155
154968
153778
152583
151385
150183
148978
147770
146558
145342
144124
142902
141677
140449
139218
137984
136746
135506
134262
133016
131766
130514
129258
128000
126739
125475
124208
122938
121666
120390
119113
117832
116549
115264
113976
112685
111393
110098
108801
107502
106201
104898
103593
102287
100979
99669
98358
97045.7
95732.1
94417.6
93102
91785.7
90468.7
89151.2
87833.2
86515
85196.8
83878.5
82560.5
81242.9
79925.8
78609.3
77293.8
75979.2
74665.9
73354
72043.6
70735.1
69428.5
68124
66822
65522.5
64225.8
62932.2
61641.8
60354.8
59071.6
57792.3
56517.3
55246.7
53980.8
52719.8
51464.1
50213.9
48969.5
47731.2
46499.3
45274
44055.7
42844.7
41641.2
40445.7
39258.4
38079.6
36909.7
35749.1
34598
33456.7
32325.6
31204.8
30094.7
28995.4
27906.8
26828.9
25761.4
243360
241774
240219
238697
237211
235760
234344
232961
231609
230285
228989
227716
226466
225235
224022
222824
221640
220467
219305
218151
217005
215867
214734
213607
212486
211370
210259
209153
208050
206950
205853
204761
203671
202584
201495
200404
199314
198225
197140
196060
194982
193909
192839
191766
190692
189622
188553
187486
186421
185354
184287
183218
182147
181072
179994
178911
177824
176733
175637
174536
173428
172316
171199
170076
168947
167813
166674
165529
164379
163223
162062
160896
159726
158550
157370
156186
154998
153806
152610
151411
150208
149002
147792
146579
145363
144143
142921
141695
140466
139234
137999
136761
135519
134275
133028
131778
130525
129269
128010
126748
125483
124216
122946
121673
120397
119119
117838
116555
115269
113981
112690
111397
110102
108805
107506
106204
104901
103596
102290
100981
99671.5
98360.3
97047.8
95734.1
94419.4
93103.7
91787.3
90470.2
89152.5
87834.5
86516.2
85197.8
83879.5
82561.4
81243.7
79926.5
78610
77294.3
75979.7
74666.4
73354.4
72044
70735.4
69428.8
68124.3
66822.2
65522.7
64226
62932.4
61641.9
60355
59071.7
57792.5
56517.4
55246.8
53980.9
52719.9
51464.2
50214.1
48969.7
47731.4
46499.5
45274.3
44056
42845.1
41641.7
40446.3
39259.2
38080.7
36911.1
35750.8
34600.1
33459.4
32328.9
31209.1
30100.1
29002.1
27915.1
26839
25773.4
243985
242424
240888
239380
237903
236455
235037
233648
232286
230951
229640
228352
227085
225836
224605
223388
222185
220994
219814
218644
217481
216327
215179
214038
212903
211773
210649
209529
208413
207301
206193
205088
203987
202888
201789
200691
199593
198497
197405
196315
195230
194146
193065
191985
190905
189826
188747
187670
186594
185518
184440
183362
182281
181198
180111
179021
177927
176829
175726
174619
173507
172389
171267
170140
169007
167870
166727
165579
164425
163267
162104
160936
159763
158585
157404
156218
155028
153835
152637
151437
150233
149025
147814
146601
145383
144163
142939
141713
140483
139250
138014
136775
135533
134288
133040
131789
130536
129279
128020
126757
125492
124224
122954
121680
120404
119126
117844
116561
115275
113986
112695
111402
110106
108809
107509
106208
104905
103599
102293
100984
99674.2
98362.9
97050.2
95736.3
94421.5
93105.7
91789.1
90471.8
89154
87835.9
86517.5
85199.1
83880.6
82562.5
81244.7
79927.4
78610.8
77295.1
75980.5
74667.1
73355
72044.6
70736
69429.3
68124.8
66822.7
65523.1
64226.4
62932.7
61642.3
60355.3
59072.1
57792.8
56517.7
55247.1
53981.2
52720.2
51464.5
50214.4
48970
47731.8
46499.9
45274.7
44056.5
42845.6
41642.4
40447.1
39260.2
38081.9
36912.5
35752.6
34602.3
33462.2
32332.5
31213.6
30105.7
29009.1
27923.9
26849.9
25786.5
244694
243156
241639
240145
238676
237232
235813
234419
233049
231703
230378
229073
227788
226521
225270
224033
222811
221600
220400
219210
218030
216857
215692
214534
213382
212236
211096
209961
208830
207704
206581
205462
204348
203235
202125
201016
199908
198803
197700
196601
195505
194411
193318
192227
191137
190047
188960
187872
186785
185698
184610
183521
182431
181338
180242
179144
178042
176936
175826
174712
173594
172471
171344
170212
169075
167933
166786
165635
164478
163316
162150
160979
159804
158624
157441
156253
155061
153866
152667
151465
150260
149051
147839
146624
145406
144184
142960
141732
140501
139268
138031
136791
135548
134302
133054
131802
130548
129290
128030
126767
125502
124233
122962
121688
120412
119133
117851
116567
115280
113991
112700
111407
110111
108813
107514
106212
104908
103603
102296
100987
99677.1
98365.5
97052.7
95738.7
94423.6
93107.7
91791
90473.6
89155.7
87837.4
86518.9
85200.4
83881.9
82563.6
81245.7
79928.4
78611.7
77296
75981.3
74667.8
73355.7
72045.2
70736.6
69429.8
68125.3
66823.2
65523.6
64226.9
62933.2
61642.7
60355.7
59072.4
57793.1
56518
55247.4
53981.5
52720.5
51464.9
50214.7
48970.4
47732.1
46500.3
45275.2
44057
42846.2
41643.1
40448
39261.2
38083.1
36914
35754.4
34604.6
33465
32336
31218.1
30111.4
29016.4
27933
26861.3
25800.5
245490
243973
242474
240993
239533
238093
236674
235276
233898
232540
231202
229881
228579
227292
226021
224764
223520
222288
221067
219856
218655
217462
216277
215100
213929
212765
211606
210453
209305
208162
207024
205889
204759
203631
202507
201384
200265
199147
198033
196921
195812
194705
193600
192497
191395
190294
189194
188095
186996
185898
184798
183698
182597
181494
180388
179281
178170
177056
175939
174818
173693
172564
171430
170293
169151
168004
166853
165697
164537
163372
162202
161028
159850
158668
157482
156292
155098
153901
152700
151496
150289
149079
147866
146650
145430
144207
142982
141753
140521
139286
138049
136808
135564
134317
133068
131816
130560
129302
128041
126778
125512
124243
122971
121697
120420
119140
117858
116574
115287
113997
112706
111412
110116
108818
107518
106216
104912
103607
102299
100990
99680.1
98368.3
97055.3
95741.1
94425.9
93109.8
91792.9
90475.4
89157.4
87839
86520.4
85201.8
83883.2
82564.8
81246.8
79929.4
78612.7
77296.9
75982.1
74668.6
73356.5
72045.9
70737.2
69430.4
68125.9
66823.7
65524.1
64227.3
62933.6
61643.1
60356.1
59072.8
57793.5
56518.4
55247.8
53981.8
52720.9
51465.2
50215.1
48970.8
47732.5
46500.7
45275.6
44057.6
42846.9
41643.8
40448.8
39262.1
38084.2
36915.5
35756.2
34606.8
33467.8
32339.5
31222.5
30117.1
29023.6
27942.3
26873.1
25815.3
246371
244873
243389
241921
240468
239032
237613
236212
234827
233459
232107
230772
229452
228147
226856
225577
224312
223057
221814
220581
219357
218142
216936
215737
214545
213360
212181
211008
209841
208679
207522
206369
205221
204076
202935
201797
200662
199530
198401
197275
196151
195030
193911
192794
191679
190565
189452
188340
187228
186117
185005
183893
182780
181666
180550
179432
178311
177188
176063
174934
173802
172666
171526
170383
169235
168083
166927
165767
164602
163433
162260
161082
159901
158715
157526
156334
155138
153938
152736
151530
150322
149110
147895
146677
145456
144232
143005
141775
140542
139306
138068
136826
135581
134333
133083
131830
130574
129315
128053
126789
125522
124252
122980
121705
120428
119148
117865
116580
115293
114003
112712
111417
110121
108823
107523
106220
104916
103610
102303
100994
99683.2
98371.2
97058
95743.6
94428.3
93112
91795
90477.4
89159.2
87840.7
86522
85203.2
83884.6
82566.1
81248.1
79930.6
78613.8
77297.9
75983.1
74669.5
73357.3
72046.7
70737.9
69431.1
68126.5
66824.3
65524.7
64227.9
62934.2
61643.6
60356.6
59073.3
57794
56518.9
55248.2
53982.3
52721.4
51465.7
50215.6
48971.2
47733
46501.3
45276.2
44058.2
42847.5
41644.6
40449.7
39263.2
38085.5
36916.9
35757.9
34609
33470.4
32342.9
31226.7
30122.4
29030.5
27951.3
26884.8
25830.2
247330
245848
244377
242919
241473
240040
238621
237216
235825
234448
233084
231735
230398
229075
227764
226465
225177
223900
222634
221378
220131
218892
217662
216440
215226
214018
212817
211623
210434
209251
208073
206900
205732
204568
203408
202252
201100
199951
198805
197662
196522
195385
194250
193118
191987
190858
189731
188605
187479
186354
185229
184104
182979
181852
180725
179596
178465
177333
176198
175061
173921
172778
171631
170481
169328
168170
167009
165844
164674
163500
162322
161141
159955
158767
157574
156379
155180
153978
152774
151566
150355
149142
147925
146706
145484
144258
143030
141799
140565
139327
138087
136844
135599
134350
133099
131844
130588
129328
128066
126801
125533
124263
122990
121714
120436
119156
117873
116587
115300
114010
112717
111423
110126
108828
107527
106225
104920
103614
102306
100997
99686.2
98374
97060.6
95746.1
94430.6
93114.2
91797
90479.3
89161
87842.4
86523.6
85204.7
83885.9
82567.4
81249.3
79931.7
78614.9
77298.9
75984
74670.4
73358.1
72047.5
70738.7
69431.9
68127.2
66825
65525.3
64228.5
62934.7
61644.2
60357.2
59073.8
57794.5
56519.4
55248.7
53982.8
52721.9
51466.2
50216.1
48971.8
47733.6
46501.8
45276.8
44058.8
42848.2
41645.4
40450.6
39264.2
38086.6
36918.3
35759.5
34610.9
33472.8
32345.8
31230.4
30127.2
29036.8
27959.5
26895.6
25844.4
248347
246878
245418
243967
242526
241096
239677
238269
236872
235486
234112
232749
231397
230057
228727
227408
226100
224801
223512
222232
220962
219700
218446
217200
215962
214730
213506
212288
211077
209871
208671
207476
206286
205101
203921
202745
201573
200405
199240
198079
196921
195766
194614
193465
192318
191173
190030
188888
187747
186608
185469
184330
183191
182052
180913
179773
178631
177489
176344
175198
174050
172899
171745
170589
169429
168266
167099
165928
164753
163573
162391
161204
160014
158821
157625
156426
155225
154020
152813
151604
150391
149176
147958
146737
145513
144286
143056
141823
140588
139349
138108
136864
135617
134367
133115
131859
130602
129341
128078
126812
125544
124273
122999
121723
120445
119164
117880
116594
115306
114016
112723
111428
110131
108832
107532
106229
104924
103618
102310
101000
99689.1
98376.8
97063.2
95748.5
94432.8
93116.3
91799
90481.1
89162.7
87844
86525.1
85206.1
83887.3
82568.7
81250.5
79932.8
78615.9
77299.9
75984.9
74671.2
73359
72048.3
70739.4
69432.6
68127.9
66825.6
65526
64229.1
62935.3
61644.8
60357.7
59074.4
57795
56519.9
55249.2
53983.3
52722.4
51466.7
50216.6
48972.3
47734.2
46502.4
45277.4
44059.5
42849
41646.2
40451.4
39265.2
38087.7
36919.5
35761
34612.7
33475
32348.5
31233.8
30131.5
29042.3
27966.9
26905.5
25857.8
249386
247927
246474
245029
243593
242164
240744
239333
237930
236537
235153
233779
232414
231058
229712
228375
227047
225728
224417
223116
221822
220537
219260
217990
216728
215473
214225
212984
211749
210520
209297
208080
206868
205661
204459
203262
202069
200880
199695
198515
197338
196164
194994
193827
192662
191500
190341
189183
188027
186872
185719
184566
183414
182262
181110
179958
178805
177652
176498
175342
174186
173027
171867
170704
169538
168368
167196
166019
164837
163652
162463
161271
160076
158878
157678
156475
155270
154063
152854
151642
150427
149210
147991
146768
145543
144314
143083
141849
140612
139372
138129
136883
135635
134384
133131
131875
130616
129355
128091
126824
125555
124283
123009
121732
120453
119171
117887
116601
115313
114022
112729
111434
110136
108837
107536
106233
104928
103621
102313
101003
99691.9
98379.3
97065.6
95750.7
94434.9
93118.2
91800.8
90482.8
89164.4
87845.5
86526.5
85207.5
83888.5
82569.9
81251.6
79933.9
78616.9
77300.8
75985.8
74672.1
73359.7
72049
70740.1
69433.2
68128.5
66826.2
65526.5
64229.7
62935.9
61645.3
60358.2
59074.9
57795.5
56520.4
55249.7
53983.8
52722.9
51467.2
50217.1
48972.9
47734.7
46503
45278.1
44060.2
42849.7
41646.9
40452.3
39266.1
38088.8
36920.8
35762.5
34614.4
33477
32350.9
31236.7
30135.3
29047.2
27973.5
26914.6
25870.4
250162
248710
247262
245821
244387
242959
241539
240126
238720
237322
235932
234551
233177
231811
230454
229105
227764
226431
225106
223789
222480
221179
219885
218599
217319
216047
214782
213523
212271
211024
209784
208550
207321
206097
204878
203665
202456
201251
200051
198855
197663
196475
195290
194109
192931
191756
190584
189414
188246
187079
185915
184751
183588
182426
181265
180103
178942
177781
176619
175457
174295
173131
171966
170799
169629
168456
167279
166097
164910
163718
162523
161325
160124
158922
157718
156512
155305
154096
152884
151671
150455
149237
148016
146793
145567
144337
143105
141869
140631
139390
138146
136899
135650
134398
133143
131886
130627
129365
128100
126833
125563
124291
123016
121739
120459
119177
117893
116606
115317
114026
112733
111437
110140
108840
107539
106236
104930
103624
102315
101005
99693.7
98381
97067.1
95752.1
94436.2
93119.4
91801.9
90483.8
89165.3
87846.4
86527.3
85208.2
83889.2
82570.4
81252.1
79934.3
78617.3
77301.1
75986.1
74672.3
73359.9
72049.2
70740.3
69433.3
68128.6
66826.3
65526.5
64229.7
62935.8
61645.2
60358.1
59074.8
57795.4
56520.3
55249.6
53983.7
52722.7
51467.1
50216.9
48972.7
47734.5
46502.9
45277.9
44060
42849.6
41646.8
40452.2
39266.1
38088.9
36921
35762.8
34614.9
33477.7
32352
31238.2
30137.4
29050.3
27978
26921.4
25880.8
250662
249214
247770
246331
244899
243472
242051
240637
239230
237830
236436
235050
233671
232300
230936
229580
228231
226890
225556
224230
222912
221600
220296
218999
217710
216426
215150
213880
212617
211359
210108
208862
207622
206388
205158
203933
202714
201499
200288
199082
197880
196682
195488
194298
193111
191927
190747
189568
188392
187218
186046
184875
183705
182537
181369
180201
179034
177868
176701
175535
174369
173203
172036
170868
169698
168524
167344
166158
164965
163767
162566
161361
160156
158950
157743
156535
155326
154116
152904
151690
150474
149255
148034
146810
145583
144353
143120
141884
140645
139402
138157
136910
135660
134407
133152
131894
130634
129372
128106
126839
125569
124296
123021
121744
120464
119181
117897
116610
115321
114029
112736
111440
110142
108843
107541
106237
104932
103625
102317
101006
99694.9
98382.1
97068.2
95753.1
94437.1
93120.3
91802.7
90484.5
89165.9
87847
86527.9
85208.7
83889.7
82570.9
81252.5
79934.7
78617.6
77301.5
75986.4
74672.5
73360.2
72049.4
70740.4
69433.5
68128.7
66826.4
65526.6
64229.7
62935.9
61645.3
60358.2
59074.8
57795.5
56520.3
55249.6
53983.7
52722.7
51467.1
50217
48972.7
47734.6
46502.9
45278
44060.1
42849.7
41647
40452.4
39266.3
38089.2
36921.3
35763.3
34615.5
33478.5
32353
31239.7
30139.4
29053
27982.1
26927.5
25890.6
251016
249571
248129
246693
245261
243835
242415
241000
239592
238190
236794
235405
234023
232648
231280
229919
228565
227218
225879
224546
223221
221903
220592
219288
217990
216700
215416
214138
212867
211602
210343
209089
207841
206599
205361
204129
202901
201678
200460
199246
198036
196831
195630
194434
193241
192051
190865
189681
188499
187320
186142
184966
183791
182617
181444
180272
179101
177930
176761
175591
174423
173256
172089
170923
169756
168584
167405
166215
165015
163808
162599
161388
160178
158968
157759
156550
155340
154129
152917
151703
150487
149268
148047
146824
145597
144366
143133
141895
140655
139412
138166
136917
135667
134413
133158
131900
130640
129377
128111
126843
125573
124300
123025
121747
120467
119184
117899
116612
115323
114031
112738
111442
110144
108844
107542
106239
104933
103626
102318
101007
99695.8
98382.9
97068.9
95753.8
94437.7
93120.8
91803.2
90485
89166.4
87847.4
86528.3
85209.1
83890
82571.2
81252.8
79934.9
78617.9
77301.7
75986.6
74672.7
73360.3
72049.5
70740.6
69433.6
68128.8
66826.5
65526.7
64229.8
62935.9
61645.3
60358.2
59074.9
57795.5
56520.3
55249.6
53983.7
52722.7
51467.1
50217
48972.7
47734.6
46502.9
45278
44060.1
42849.7
41647
40452.5
39266.5
38089.4
36921.6
35763.6
34615.9
33479.1
32353.8
31240.7
30140.9
29055.2
27985.3
26932.7
25899.4
251264
249821
248382
246946
245516
244091
242671
241256
239847
238444
237047
235656
234272
232894
231523
230159
228801
227451
226107
224770
223441
222118
220802
219493
218191
216895
215606
214323
213046
211776
210511
209252
207998
206750
205507
204269
203035
201807
200582
199363
198148
196937
195732
194531
193333
192140
190949
189762
188576
187393
186211
185031
183852
182675
181498
180323
179148
177975
176802
175631
174461
173294
172130
170970
169810
168645
167467
166272
165062
163844
162624
161406
160191
158979
157768
156557
155347
154136
152924
151711
150495
149278
148057
146834
145607
144377
143143
141905
140663
139419
138172
136923
135672
134418
133162
131904
130643
129380
128115
126846
125576
124303
123027
121749
120469
119186
117901
116614
115325
114033
112739
111443
110145
108845
107543
106240
104934
103627
102318
101008
99696.4
98383.5
97069.4
95754.3
94438.2
93121.2
91803.6
90485.4
89166.7
87847.7
86528.6
85209.4
83890.3
82571.4
81253
79935.1
78618
77301.8
75986.7
74672.8
73360.4
72049.6
70740.6
69433.6
68128.9
66826.5
65526.7
64229.8
62935.9
61645.3
60358.2
59074.9
57795.5
56520.3
55249.6
53983.7
52722.7
51467.1
50217
48972.7
47734.6
46502.9
45278
44060.2
42849.7
41647.1
40452.6
39266.6
38089.5
36921.8
35763.8
34616.2
33479.5
32354.4
31241.5
30142
29056.8
27987.9
26936.8
25907.1
251437
249995
248557
247123
245694
244269
242849
241434
240025
238621
237223
235831
234445
233066
231693
230327
228967
227614
226267
224928
223595
222269
220950
219638
218332
217032
215740
214453
213173
211899
210630
209367
208110
206858
205611
204368
203131
201898
200669
199445
198226
197011
195802
194598
193398
192202
191009
189819
188631
187444
186260
185077
183896
182716
181537
180359
179181
178005
176830
175656
174485
173319
172160
171013
169871
168719
167543
166339
165113
163876
162643
161416
160197
158982
157771
156560
155350
154140
152929
151716
150501
149284
148065
146842
145616
144385
143151
141912
140670
139425
138177
136927
135675
134421
133165
131907
130646
129383
128117
126849
125578
124305
123029
121751
120470
119188
117903
116615
115326
114034
112740
111444
110146
108846
107544
106240
104935
103628
102319
101008
99696.8
98383.9
97069.7
95754.6
94438.4
93121.5
91803.8
90485.6
89166.9
87847.9
86528.7
85209.5
83890.4
82571.6
81253.1
79935.2
78618.1
77301.9
75986.8
74672.9
73360.5
72049.7
70740.7
69433.7
68128.9
66826.5
65526.8
64229.8
62935.9
61645.3
60358.2
59074.9
57795.5
56520.3
55249.6
53983.7
52722.7
51467.1
50216.9
48972.7
47734.6
46502.9
45278
44060.2
42849.8
41647.1
40452.6
39266.6
38089.6
36921.9
35764
34616.5
33479.8
32354.8
31242.1
30142.8
29058
27989.7
26940.1
25913.8
251555
250114
248677
247244
245815
244391
242971
241556
240147
238742
237344
235951
234565
233184
231810
230442
229081
227726
226378
225036
223702
222374
221052
219738
218429
217128
215833
214544
213261
211984
210713
209448
208188
206933
205683
204438
203198
201961
200729
199501
198278
197061
195849
194643
193442
192245
191051
189859
188669
187481
186294
185109
183926
182744
181563
180383
179204
178025
176848
175671
174498
173331
172177
171050
169940
168810
167638
166419
165167
163906
162656
161421
160197
158981
157769
156559
155350
154141
152930
151719
150505
149289
148071
146849
145623
144393
143158
141919
140675
139429
138180
136930
135677
134423
133167
131908
130648
129384
128119
126850
125579
124306
123030
121752
120471
119189
117903
116616
115326
114035
112741
111444
110146
108846
107544
106241
104935
103628
102319
101009
99697.1
98384.1
97069.9
95754.8
94438.6
93121.6
91804
90485.7
89167
87848
86528.9
85209.6
83890.5
82571.6
81253.2
79935.3
78618.2
77301.9
75986.8
74672.9
73360.5
72049.7
70740.7
69433.7
68128.9
66826.5
65526.7
64229.8
62935.9
61645.3
60358.2
59074.8
57795.4
56520.3
55249.6
53983.6
52722.7
51467
50216.9
48972.7
47734.5
46502.9
45278
44060.1
42849.7
41647.1
40452.6
39266.6
38089.6
36921.9
35764.1
34616.6
33480
32355.1
31242.5
30143.3
29058.8
27991.1
26942.6
25919.4
251633
250194
248758
247325
245896
244472
243053
241638
240228
238824
237425
236032
234645
233263
231888
230519
229157
227801
226452
225109
223773
222444
221121
219805
218495
217192
215896
214605
213321
212043
210770
209503
208242
206985
205734
204487
203244
202005
200770
199539
198312
197092
195878
194672
193471
192274
191080
189887
188695
187505
186318
185132
183947
182763
181581
180400
179219
178039
176859
175679
174504
173334
172185
171079
169996
168883
167712
166480
165206
163926
162663
161421
160194
158977
157766
156557
155348
154140
152930
151720
150507
149293
148075
146855
145630
144400
143165
141924
140679
139432
138182
136931
135678
134424
133168
131909
130649
129385
128120
126851
125580
124307
123031
121753
120472
119189
117904
116617
115327
114035
112741
111445
110147
108847
107545
106241
104935
103628
102319
101009
99697.2
98384.2
97070.1
95754.9
94438.7
93121.7
91804
90485.8
89167.1
87848.1
86528.9
85209.7
83890.6
82571.7
81253.2
79935.3
78618.2
77302
75986.8
74672.9
73360.5
72049.7
70740.7
69433.7
68128.9
66826.5
65526.7
64229.8
62935.9
61645.3
60358.2
59074.8
57795.4
56520.2
55249.6
53983.6
52722.7
51467
50216.9
48972.6
47734.5
46502.8
45277.9
44060.1
42849.7
41647.1
40452.6
39266.6
38089.6
36921.9
35764.1
34616.7
33480.1
32355.2
31242.7
30143.6
29059.4
27992
26944.5
25923.9
251684
250245
248809
247377
245949
244525
243105
241691
240281
238876
237477
236084
234696
233314
231939
230570
229207
227850
226500
225156
223820
222489
221166
219849
218538
217234
215937
214646
213360
212081
210808
209540
208277
207020
205767
204519
203275
202034
200797
199562
198332
197109
195894
194688
193488
192292
191098
189905
188713
187522
186334
185146
183960
182776
181593
180410
179229
178049
176867
175684
174504
173334
172190
171093
170015
168905
167736
166499
165218
163931
162664
161418
160190
158973
157762
156554
155346
154139
152930
151720
150509
149295
148078
146859
145634
144405
143169
141927
140682
139433
138183
136932
135679
134425
133168
131910
130649
129386
128120
126852
125581
124307
123031
121753
120473
119190
117904
116617
115327
114035
112741
111445
110147
108847
107545
106241
104935
103628
102319
101009
99697.3
98384.3
97070.1
95754.9
94438.7
93121.8
91804.1
90485.8
89167.1
87848.1
86528.9
85209.7
83890.6
82571.7
81253.2
79935.3
78618.2
77302
75986.8
74672.9
73360.5
72049.7
70740.7
69433.7
68128.9
66826.5
65526.7
64229.8
62935.9
61645.3
60358.2
59074.8
57795.4
56520.2
55249.5
53983.6
52722.6
51466.9
50216.8
48972.6
47734.5
46502.8
45277.9
44060.1
42849.7
41647.1
40452.6
39266.6
38089.6
36921.9
35764.1
34616.7
33480.2
32355.3
31242.9
30143.8
29059.7
27992.5
26945.8
25927.6
251714
250276
248840
247408
245980
244557
243137
241723
240313
238908
237509
236116
234728
233346
231970
230600
229237
227880
226529
225185
223848
222517
221193
219876
218565
217261
215963
214671
213385
212105
210831
209563
208300
207042
205789
204541
203297
202055
200816
199577
198342
197115
195900
194695
193498
192303
191110
189917
188724
187533
186344
185155
183968
182783
181600
180417
179234
178055
176874
175692
174513
173339
172190
171088
170006
168895
167725
166490
165212
163927
162660
161415
160188
158972
157761
156553
155346
154139
152931
151721
150509
149295
148079
146860
145636
144406
143171
141929
140683
139434
138184
136933
135680
134425
133169
131910
130650
129386
128121
126852
125581
124308
123032
121753
120473
119190
117905
116617
115327
114035
112741
111445
110147
108847
107545
106241
104935
103628
102319
101009
99697.3
98384.3
97070.1
95754.9
94438.8
93121.8
91804.1
90485.8
89167.1
87848.1
86528.9
85209.7
83890.6
82571.7
81253.2
79935.3
78618.2
77302
75986.8
74672.9
73360.5
72049.7
70740.6
69433.6
68128.8
66826.5
65526.7
64229.7
62935.8
61645.2
60358.1
59074.7
57795.3
56520.2
55249.5
53983.5
52722.6
51466.9
50216.8
48972.5
47734.4
46502.8
45277.8
44060
42849.6
41647
40452.5
39266.6
38089.6
36921.9
35764.1
34616.7
33480.2
32355.3
31242.9
30143.9
29059.9
27992.8
26946.7
25930.3
251731
250293
248857
247425
245997
244574
243155
241740
240330
238926
237526
236133
234745
233362
231986
230616
229253
227896
226545
225201
223863
222532
221208
219891
218579
217275
215977
214685
213399
212119
210845
209576
208313
207056
205803
204555
203311
202070
200830
199588
198346
197114
195899
194697
193503
192310
191117
189923
188730
187540
186351
185161
183973
182788
181604
180421
179238
178058
176877
175695
174516
173344
172187
171073
169985
168874
167706
166474
165201
163922
162658
161415
160188
158972
157761
156553
155346
154139
152931
151722
150510
149296
148080
146860
145636
144406
143171
141929
140683
139435
138185
136933
135680
134425
133169
131911
130650
129387
128121
126852
125581
124308
123032
121753
120473
119190
117905
116617
115327
114035
112741
111445
110147
108847
107545
106241
104935
103628
102319
101009
99697.3
98384.3
97070.1
95754.9
94438.8
93121.8
91804.1
90485.8
89167.1
87848.1
86528.9
85209.7
83890.6
82571.7
81253.2
79935.3
78618.2
77301.9
75986.8
74672.9
73360.4
72049.6
70740.6
69433.6
68128.8
66826.4
65526.6
64229.7
62935.8
61645.2
60358.1
59074.7
57795.3
56520.1
55249.4
53983.5
52722.5
51466.9
50216.8
48972.5
47734.4
46502.7
45277.8
44060
42849.6
41647
40452.5
39266.6
38089.5
36921.9
35764.1
34616.7
33480.2
32355.3
31243
30144
29060.1
27993
26947.3
25932.2
251737
250299
248864
247432
246004
244581
243162
241747
240337
238933
237533
236140
234752
233369
231993
230623
229260
227902
226552
225207
223870
222539
221214
219897
218586
217281
215983
214691
213405
212125
210850
209582
208319
207061
205809
204561
203317
202076
200836
199595
198354
197121
195903
194700
193505
192312
191119
189925
188732
187541
186351
185162
183974
182789
181606
180422
179239
178059
176878
175697
174519
173346
172185
171060
169966
168856
167691
166464
165195
163919
162657
161415
160189
158973
157762
156554
155347
154140
152932
151722
150510
149296
148080
146860
145636
144406
143170
141929
140684
139435
138185
136933
135680
134426
133169
131911
130650
129387
128121
126852
125581
124308
123032
121753
120473
119190
117905
116617
115327
114035
112741
111445
110147
108847
107545
106241
104935
103628
102319
101009
99697.3
98384.3
97070.1
95754.9
94438.7
93121.7
91804.1
90485.8
89167.1
87848.1
86528.9
85209.7
83890.5
82571.6
81253.2
79935.3
78618.1
77301.9
75986.8
74672.9
73360.4
72049.6
70740.6
69433.6
68128.8
66826.4
65526.6
64229.7
62935.8
61645.2
60358
59074.7
57795.3
56520.1
55249.4
53983.4
52722.5
51466.8
50216.7
48972.5
47734.3
46502.7
45277.8
44059.9
42849.5
41646.9
40452.5
39266.5
38089.5
36921.8
35764.1
34616.6
33480.2
32355.3
31243
30144
29060.1
27993.1
26947.5
25933.1
24974.5
24016
23007.7
21959.2
20878.3
19768.3
18632
17471.9
16290.8
15091.8
13878.5
12655
11426.1
10197.5
8975.98
7769.68
6588.35
5443.86
4349.39
3321.95
2380.78
1550.33
858.569
341.714
44.2931
24943.9
23976.3
22967.2
21919.6
20839.1
19729.9
18594.7
17436
16256.3
15058.8
13847
12625.1
11397.8
10170.9
8951.08
7746.6
6567.14
5424.28
4331.87
3306.47
2367.8
1539.83
850.985
336.956
42.9007
24918.5
23941
22928.8
21880.8
20800.5
19691.8
18557.3
17399.6
16221
15024.7
13814.2
12593.7
11367.9
10142.5
8924.48
7721.88
6544.41
5403.63
4313.41
3290.37
2354.2
1528.94
842.986
332.139
41.5212
24895.5
23909.7
22893.6
21844.6
20764.3
19655.9
18522.1
17365.2
16187.6
14992.5
13783.3
12564.1
11339.8
10116
8899.54
7698.67
6523.01
5384.16
4296.04
3275.23
2341.47
1518.78
835.637
327.778
40.379
24874.2
23881.8
22861.6
21810.9
20730.3
19622
18488.5
17332.2
16155.6
14961.5
13753.5
12535.5
11312.5
10090.1
8875.25
7676.06
6502.21
5365.32
4279.22
3260.59
2329.14
1508.97
828.519
323.676
39.3875
24854.2
23856.2
22832.1
21779.5
20698.2
19589.9
18456.7
17301
16125.2
14932.1
13725.1
12508.4
11286.7
10065.8
8852.4
7654.77
6482.59
5347.48
4263.3
3246.74
2317.52
1499.76
821.973
319.931
38.5471
24835.4
23832.8
22805.1
21750.5
20668.3
19559.7
18426.7
17271.5
16096.3
14904
13698.1
12482.4
11261.9
10042.2
8830.28
7634.2
6463.68
5330.35
4248.04
3233.47
2306.39
1490.95
815.656
316.441
37.8141
24817.6
23811.1
22780.2
21723.4
20640.2
19531.3
18398.3
17243.4
16068.8
14877.4
13672.4
12457.8
11238.5
10020.1
8809.53
7614.87
6445.86
5314.16
4233.6
3220.93
2295.9
1482.68
809.861
313.247
37.1825
24800.8
23790.9
22757.2
21698.4
20614.1
19504.7
18371.7
17217.1
16043
14852.2
13648
12434.4
11216.1
9998.89
8789.57
7596.3
6428.8
5298.71
4219.86
3209
2285.92
1474.83
804.326
310.287
36.6279
24785
23772.1
22735.8
21675.2
20589.7
19479.8
18346.7
17192.2
16018.5
14828.4
13625
12412.3
11195
9978.98
8770.9
7578.94
6412.8
5284.17
4206.9
3197.76
2276.55
1467.49
799.241
307.581
36.1437
24770.2
23754.7
22716.1
21653.7
20567
19456.5
18323.2
17168.9
15995.6
14806
13603.3
12391.4
11175.1
9960.07
8753.09
7562.36
6397.55
5270.37
4194.65
3187.15
2267.7
1460.57
794.429
305.081
35.7159
24756.3
23738.5
22697.8
21633.8
20546
19434.9
18301.3
17147
15974
14784.9
13582.9
12371.8
11156.4
9942.36
8736.5
7546.94
6383.36
5257.49
4183.17
3177.2
2259.43
1454.13
790.024
302.806
35.3392
24743.3
23723.5
22681
21615.4
20526.6
19414.8
18281
17126.7
15954
14765.3
13563.9
12353.5
11138.9
9925.73
8720.83
7532.34
6369.94
5245.34
4172.39
3167.88
2251.68
1448.11
785.881
300.708
35.0049
24731.2
23709.6
22665.5
21598.5
20508.7
19396.2
18262.2
17107.9
15935.3
14747
13546.1
12336.3
11122.5
9910.22
8706.3
7518.84
6357.53
5234.09
4162.37
3159.21
2244.5
1442.54
782.109
298.813
34.7094
24720.1
23696.8
22651.2
21583
20492.2
19379.2
18244.8
17090.4
15918
14730.1
13529.6
12320.5
11107.4
9895.86
8692.76
7506.22
6345.93
5223.58
4153.06
3151.18
2237.83
1437.39
778.606
297.074
34.4468
24709.8
23685.1
22638.2
21568.9
20477.2
19363.6
18228.9
17074.5
15902.2
14714.5
13514.4
12305.8
11093.3
9882.55
8680.29
7494.65
6335.3
5213.95
4144.5
3143.78
2231.72
1432.67
775.431
295.519
34.2148
24700.4
23674.5
22626.4
21556.1
20463.6
19349.4
18214.4
17059.9
15887.7
14700.2
13500.6
12292.5
11080.5
9870.42
8668.86
7483.99
6325.5
5205.08
4136.64
3137.01
2226.12
1428.36
772.535
294.1
34.0094
24691.8
23664.9
22615.8
21544.6
20451.4
19336.6
18201.3
17046.7
15874.5
14687.3
13487.9
12280.3
11068.8
9859.33
8658.46
7474.33
6316.64
5197.07
4129.53
3130.87
2221.06
1424.47
769.935
292.852
33.8292
24684.2
23656.3
22606.3
21534.3
20440.4
19325.2
18189.6
17034.8
15862.7
14675.7
13476.6
12269.3
11058.4
9849.41
8649.12
7465.64
6308.63
5189.82
4123.11
3125.35
2216.5
1420.99
767.612
291.726
33.6712
24677.4
23648.7
22598
21525.2
20430.8
19315.1
18179.2
17024.3
15852.3
14665.3
13466.5
12259.6
11049
9840.54
8640.79
7457.9
6301.54
5183.42
4117.43
3120.46
2212.48
1417.91
765.566
290.759
33.5347
24671.4
23642.1
22590.7
21517.3
20422.4
19306.4
18170.2
17015.2
15843.1
14656.3
13457.7
12251.1
11040.9
9832.81
8633.53
7451.14
6295.33
5177.79
4112.45
3116.18
2208.96
1415.22
763.792
289.907
33.4176
24666.4
23636.5
22584.5
21510.6
20415.2
19298.9
18162.5
17007.4
15835.3
14648.6
13450.2
12243.7
11033.9
9826.16
8627.27
7445.33
6290
5172.99
4108.2
3112.53
2205.96
1412.94
762.283
289.201
33.3194
24662.2
23631.9
22579.4
21505.1
20409.3
19292.7
18156.1
17000.9
15828.8
14642.1
13443.9
12237.7
11028
9820.63
8622.09
7440.51
6285.57
5168.98
4104.66
3109.48
2203.46
1411.04
761.039
288.608
33.2387
24658.9
23628.2
22575.3
21500.7
20404.6
19287.7
18151
16995.7
15823.6
14637
13438.8
12232.8
11023.4
9816.18
8617.9
7436.62
6282.01
5165.78
4101.83
3107.06
2201.48
1409.54
760.053
288.15
33.1753
24656.4
23625.5
22572.3
21497.4
20401.1
19284
18147.1
16991.8
15819.7
14633.1
13435
12229.1
11019.8
9812.85
8614.78
7433.72
6279.35
5163.37
4099.71
3105.25
2200
1408.42
759.324
287.804
33.1283
24654.8
23623.7
22570.4
21495.2
20398.7
19281.5
18144.6
16989.1
15817
14630.5
13432.4
12226.6
11017.5
9810.61
8612.68
7431.77
6277.56
5161.77
4098.3
3104.05
2199.03
1407.7
758.853
287.585
33.0975
24654.1
23622.9
22569.4
21494.2
20397.6
19280.3
18143.3
16987.8
15815.7
14629.1
13431.1
12225.3
11016.3
9809.47
8611.62
7430.8
6276.68
5160.97
4097.6
3103.46
2198.56
1407.35
758.635
287.481
33.0824
24654.2
23623
22569.5
21494.2
20397.6
19280.3
18143.2
16987.7
15815.6
14629.1
13431.1
12225.3
11016.2
9809.43
8611.59
7430.77
6276.66
5160.97
4097.61
3103.49
2198.6
1407.4
758.676
287.499
33.0833
24655.6
23624.5
22571.1
21495.9
20399.3
19282
18145
16989.5
15817.4
14630.8
13432.8
12226.9
11017.8
9810.97
8613.05
7432.14
6277.93
5162.13
4098.65
3104.4
2199.37
1408
759.087
287.69
33.1067
24658.3
23627.4
22574.2
21499.2
20402.7
19285.6
18148.6
16993.2
15821
14634.4
13436.3
12230.3
11021.1
9814.09
8615.99
7434.89
6280.47
5164.43
4100.7
3106.18
2200.86
1409.16
759.864
288.052
33.1527
24662.3
23631.6
22578.8
21504
20407.9
19290.9
18154.1
16998.7
15826.5
14639.8
13441.6
12235.5
11026.1
9818.81
8620.44
7439.04
6284.29
5167.9
4103.79
3108.85
2203.08
1410.87
761.015
288.59
33.2218
24667.4
23637.3
22584.8
21510.5
20414.7
19298
18161.3
17006
15833.9
14647.1
13448.7
12242.4
11032.7
9825.11
8626.37
7444.57
6289.38
5172.51
4107.89
3112.4
2206.03
1413.15
762.537
289.307
33.3147
24673.9
23644.3
22592.4
21518.6
20423.3
19306.9
18170.5
17015.3
15843.1
14656.2
13457.6
12251
11041
9833
8633.81
7451.5
6295.75
5178.29
4113.02
3116.83
2209.71
1415.98
764.443
290.205
33.4323
24681.6
23652.6
22601.5
21528.4
20433.6
19317.7
18181.6
17026.5
15854.3
14667.3
13468.4
12261.4
11051
9842.49
8642.74
7459.82
6303.41
5185.22
4119.18
3122.15
2214.12
1419.39
766.73
291.297
33.576
24690.5
23662.4
22612.2
21539.9
20445.8
19330.4
18194.6
17039.6
15867.4
14680.2
13481
12273.6
11062.6
9853.58
8653.18
7469.54
6312.35
5193.32
4126.37
3128.36
2219.27
1423.36
769.416
292.576
33.7476
24700.6
23673.6
22624.5
21553.1
20459.8
19345
18209.5
17054.7
15882.4
14695
13495.4
12287.6
11076
9866.27
8665.12
7480.66
6322.58
5202.57
4134.59
3135.46
2225.16
1427.91
772.5
294.071
33.9493
24712
23686.3
22638.4
21568.2
20475.8
19361.6
18226.5
17071.9
15899.4
14711.7
13511.7
12303.3
11091.1
9880.58
8678.58
7493.19
6334.1
5213
4143.86
3143.46
2231.81
1433.05
776.002
295.772
34.1842
24724.7
23700.4
22654
21585
20493.7
19380.2
18245.5
17091
15918.5
14730.4
13529.9
12320.8
11107.8
9896.48
8693.55
7507.12
6346.91
5224.59
4154.16
3152.35
2239.2
1438.77
779.92
297.708
34.4559
24738.5
23716.1
22671.3
21603.8
20513.6
19400.9
18266.7
17112.2
15939.5
14751
13550
12340.2
11126.3
9914.03
8710.05
7522.47
6361.03
5237.37
4165.51
3162.15
2247.37
1445.1
784.282
299.884
34.7697
24753.6
23733.3
22690.5
21624.7
20535.7
19423.8
18290
17135.6
15962.6
14773.7
13571.9
12361.3
11146.5
9933.18
8728.06
7539.22
6376.44
5251.31
4177.91
3172.86
2256.29
1452.03
789.08
302.32
35.1314
24770
23752.1
22711.6
21647.7
20560
19449
18315.5
17161.1
15987.8
14798.3
13595.8
12384.3
11168.5
9953.99
8747.62
7557.41
6393.17
5266.45
4191.38
3184.49
2266
1459.58
794.342
305.032
35.5498
24787.6
23772.7
22734.8
21672.9
20586.7
19476.5
18343.3
17188.8
16015.1
14824.9
13621.6
12409.1
11192.2
9976.41
8768.7
7577
6411.2
5282.76
4205.9
3197.03
2276.48
1467.74
800.067
308.04
36.0352
24805.8
23794.2
22759.1
21699.4
20614.6
19505.1
18372.1
17217.5
16043.3
14852.5
13648.2
12434.7
11216.6
9999.47
8790.38
7597.15
6429.74
5299.54
4220.84
3209.94
2287.28
1476.18
806.012
311.224
36.5779
24823.4
23815.4
22783.2
21725.5
20642
19533.1
18400.3
17245.4
16070.7
14879.1
13674
12459.3
11240.1
10021.8
8811.32
7616.59
6447.65
5315.74
4235.28
3222.43
2297.74
1484.35
811.799
314.389
37.1508
24840.4
23836.1
22806.8
21751.1
20668.6
19560.2
18427.4
17272.2
16097
14904.7
13698.6
12483
11262.6
10043
8831.33
7635.17
6464.75
5331.22
4249.08
3234.37
2307.75
1492.2
817.383
317.491
37.7487
24856.7
23856.1
22829.7
21775.8
20694.2
19586.2
18453.3
17297.7
16121.9
14928.9
13722
12505.4
11284
10063.2
8850.26
7652.75
6480.94
5345.87
4262.15
3245.69
2317.25
1499.67
822.707
320.499
38.3683
24872.2
23875.5
22851.8
21799.5
20718.7
19610.9
18477.9
17321.9
16145.6
14951.8
13744.1
12526.5
11304.1
10082.2
8868.12
7669.33
6496.2
5359.7
4274.49
3256.39
2326.21
1506.74
827.756
323.394
39.0056
24887
23894.2
22873.1
21822.2
20742
19634.2
18501.1
17344.7
16167.8
14973.3
13764.8
12546.3
11323
10100
8884.84
7684.85
6510.49
5372.66
4286.04
3266.42
2334.62
1513.39
832.51
326.158
39.657
24901.1
23912.2
22893.6
21843.8
20764
19656.3
18522.9
17366.1
16188.6
14993.4
13784.1
12564.8
11340.6
10116.7
8900.46
7699.36
6523.84
5384.78
4296.84
3275.82
2342.48
1519.63
836.968
328.778
40.3172
24914.5
23929.5
22913.1
21864.2
20784.7
19676.9
18543.2
17386
16208
15012.2
13802.2
12582.1
11357
10132.1
8914.97
7712.85
6536.24
5396.05
4306.88
3284.57
2349.8
1525.46
841.129
331.25
40.9826
24927.2
23946.1
22931.6
21883.3
20804
19696.2
18562.3
17404.6
16226
15029.6
13818.9
12598.1
11372.2
10146.5
8928.43
7725.37
6547.75
5406.52
4316.19
3292.72
2356.59
1530.9
844.996
333.562
41.647
24939.3
23962.1
22949
21901.3
20822.1
19714.1
18579.9
17421.8
16242.7
15045.7
13834.5
12613
11386.3
10159.8
8940.87
7736.96
6558.38
5416.22
4324.81
3300.26
2362.88
1535.95
848.59
335.724
42.3078
24951.1
23977.5
22965.4
21918.1
20839
19730.8
18596.2
17437.7
16258.1
15060.6
13848.8
12626.7
11399.3
10172.1
8952.34
7747.66
6568.17
5425.17
4332.75
3307.24
2368.67
1540.62
851.901
337.722
42.9583
24962.8
23992.3
22980.8
21933.7
20854.6
19746.3
18611.4
17452.4
16272.4
15074.4
13862
12639.3
11411.3
10183.5
8962.91
7757.53
6577.21
5433.44
4340.08
3313.7
2374.03
1544.96
854.974
339.583
43.5981
24975
24006.5
22995.3
21948.3
20869.1
19760.5
18625.2
17465.9
16285.5
15087
13874.1
12650.9
11422.2
10193.9
8972.57
7766.57
6585.47
5441.01
4346.77
3319.6
2378.91
1548.93
857.767
341.275
44.216
24987.9
24020.2
23009
21962
20882.7
19773.8
18638.1
17478.5
16297.6
15098.7
13885.3
12661.7
11432.4
10203.5
8981.52
7774.96
6593.13
5448.04
4352.99
3325.11
2383.45
1552.64
860.382
342.862
44.8232
25000.8
24033
23021.3
21973.9
20894.2
19785.3
18649.2
17489.2
16307.9
15108.6
13894.7
12670.6
11440.7
10211.4
8988.76
7781.74
6599.26
5453.69
4357.93
3329.51
2387.03
1555.59
862.404
344.092
45.3278
)
;

boundaryField
{
    inlet
    {
        type            calculated;
        value           nonuniform List<scalar> 
30
(
1.72097e+07
1.72102e+07
1.72107e+07
1.72113e+07
1.72119e+07
1.72128e+07
1.72139e+07
1.72153e+07
1.72174e+07
1.72198e+07
1.72238e+07
1.7227e+07
1.7232e+07
1.72384e+07
1.72466e+07
1.72566e+07
1.72687e+07
1.72819e+07
1.72974e+07
1.73107e+07
1.73177e+07
1.73238e+07
1.73253e+07
1.73271e+07
1.73279e+07
1.73269e+07
1.73264e+07
1.73262e+07
1.73262e+07
1.73263e+07
)
;
    }
    outlet
    {
        type            calculated;
        value           uniform 0;
    }
    upperWall
    {
        type            calculated;
        value           nonuniform List<scalar> 
223
(
1.73263e+07
1.70545e+07
1.67781e+07
1.65148e+07
1.62653e+07
1.6029e+07
1.58051e+07
1.55931e+07
1.53924e+07
1.52025e+07
1.50227e+07
1.48525e+07
1.46915e+07
1.45391e+07
1.43948e+07
1.42583e+07
1.4129e+07
1.40067e+07
1.3908e+07
1.38295e+07
1.37511e+07
1.36729e+07
1.35948e+07
1.35169e+07
1.34393e+07
1.33618e+07
1.32846e+07
1.32076e+07
1.31309e+07
1.30545e+07
1.29783e+07
1.29024e+07
1.28269e+07
1.27516e+07
1.26766e+07
1.2602e+07
1.25277e+07
1.24537e+07
1.23801e+07
1.23067e+07
1.22338e+07
1.21611e+07
1.20888e+07
1.20168e+07
1.19452e+07
1.18738e+07
1.18028e+07
1.17321e+07
1.16617e+07
1.15916e+07
1.15218e+07
1.14523e+07
1.13831e+07
1.13142e+07
1.12455e+07
1.11771e+07
1.1109e+07
1.10411e+07
1.09734e+07
1.09059e+07
1.08386e+07
1.07714e+07
1.07044e+07
1.06375e+07
1.05708e+07
1.05042e+07
1.04378e+07
1.03715e+07
1.03053e+07
1.02393e+07
1.01733e+07
1.01074e+07
1.00415e+07
9.97573e+06
9.90999e+06
9.84429e+06
9.77862e+06
9.71295e+06
9.64731e+06
9.58167e+06
9.51606e+06
9.45051e+06
9.38495e+06
9.31926e+06
9.2534e+06
9.18739e+06
9.12127e+06
9.05509e+06
8.98888e+06
8.92263e+06
8.85634e+06
8.78998e+06
8.72354e+06
8.657e+06
8.59037e+06
8.52362e+06
8.45676e+06
8.38978e+06
8.32267e+06
8.25543e+06
8.18806e+06
8.12055e+06
8.0529e+06
7.98511e+06
7.91717e+06
7.84908e+06
7.78084e+06
7.71245e+06
7.64391e+06
7.57523e+06
7.50639e+06
7.4374e+06
7.36826e+06
7.29897e+06
7.22952e+06
7.15993e+06
7.09017e+06
7.02027e+06
6.95022e+06
6.88002e+06
6.80967e+06
6.73918e+06
6.66855e+06
6.59777e+06
6.52685e+06
6.4558e+06
6.38462e+06
6.3133e+06
6.24186e+06
6.1703e+06
6.09862e+06
6.02682e+06
5.95491e+06
5.88289e+06
5.81077e+06
5.73855e+06
5.66624e+06
5.59384e+06
5.52137e+06
5.44881e+06
5.37619e+06
5.3035e+06
5.23076e+06
5.15797e+06
5.08513e+06
5.01226e+06
4.93936e+06
4.86644e+06
4.79351e+06
4.72057e+06
4.64764e+06
4.57472e+06
4.50181e+06
4.42894e+06
4.35611e+06
4.28332e+06
4.21059e+06
4.13793e+06
4.06535e+06
3.99285e+06
3.92045e+06
3.84816e+06
3.776e+06
3.70396e+06
3.63207e+06
3.56033e+06
3.48876e+06
3.41738e+06
3.34618e+06
3.27519e+06
3.20442e+06
3.13389e+06
3.0636e+06
2.99357e+06
2.92382e+06
2.85436e+06
2.78521e+06
2.71639e+06
2.6479e+06
2.57977e+06
2.51202e+06
2.44465e+06
2.3777e+06
2.31118e+06
2.24512e+06
2.17952e+06
2.11442e+06
2.04985e+06
1.98582e+06
1.92237e+06
1.85953e+06
1.79735e+06
1.73586e+06
1.67514e+06
1.61526e+06
1.55635e+06
1.49863e+06
1.44262e+06
1.39165e+06
1.33786e+06
1.28149e+06
1.2231e+06
1.16294e+06
1.10118e+06
1.03797e+06
973451
907769
841092
773608
705545
637160
568787
500778
433612
367799
304008
242978
185666
133130
86761
48073.9
19123.6
2482.64
)
;
    }
    lowerWall
    {
        type            calculated;
        value           nonuniform List<scalar> 
250
(
1.72097e+07
1.69354e+07
1.66532e+07
1.63808e+07
1.6119e+07
1.5867e+07
1.56242e+07
1.53898e+07
1.51632e+07
1.49435e+07
1.47299e+07
1.45212e+07
1.43164e+07
1.41139e+07
1.39114e+07
1.37058e+07
1.3491e+07
1.32519e+07
1.12004e+07
1.12044e+07
1.12126e+07
1.12248e+07
1.12413e+07
1.1262e+07
1.12872e+07
1.1317e+07
1.13516e+07
1.13913e+07
1.14364e+07
1.14873e+07
1.15444e+07
1.16086e+07
1.16804e+07
1.17635e+07
1.18557e+07
1.19487e+07
1.20423e+07
1.21362e+07
1.22305e+07
1.23255e+07
1.24217e+07
1.252e+07
1.26224e+07
1.27332e+07
1.28539e+07
1.12004e+07
1.11995e+07
1.11977e+07
1.1195e+07
1.11913e+07
1.11867e+07
1.11811e+07
1.11745e+07
1.11669e+07
1.11583e+07
1.11487e+07
1.1138e+07
1.11263e+07
1.11135e+07
1.10997e+07
1.10848e+07
1.10688e+07
1.10518e+07
1.10337e+07
1.10145e+07
1.09943e+07
1.0973e+07
1.09507e+07
1.09273e+07
1.09029e+07
1.08774e+07
1.08509e+07
1.08235e+07
1.0795e+07
1.07655e+07
1.07351e+07
1.07037e+07
1.06713e+07
1.06381e+07
1.06039e+07
1.05688e+07
1.05328e+07
1.0496e+07
1.04582e+07
1.04196e+07
1.03802e+07
1.03399e+07
1.02987e+07
1.02568e+07
1.0214e+07
1.01704e+07
1.01261e+07
1.0081e+07
1.00351e+07
9.98849e+06
9.94116e+06
9.89312e+06
9.8444e+06
9.79501e+06
9.74497e+06
9.6943e+06
9.643e+06
9.5911e+06
9.53861e+06
9.48554e+06
9.4319e+06
9.37772e+06
9.32299e+06
9.26773e+06
9.21195e+06
9.15567e+06
9.09888e+06
9.04161e+06
8.98385e+06
8.92563e+06
8.86695e+06
8.80782e+06
8.74825e+06
8.68825e+06
8.62782e+06
8.56699e+06
8.50575e+06
8.44411e+06
8.38208e+06
8.31968e+06
8.2569e+06
8.19375e+06
8.13025e+06
8.0664e+06
8.0022e+06
7.93767e+06
7.87281e+06
7.80762e+06
7.74212e+06
7.67631e+06
7.6102e+06
7.54379e+06
7.47709e+06
7.41011e+06
7.34285e+06
7.27532e+06
7.20753e+06
7.13948e+06
7.07119e+06
7.00264e+06
6.93386e+06
6.86485e+06
6.79561e+06
6.72615e+06
6.65648e+06
6.5866e+06
6.51652e+06
6.44625e+06
6.37579e+06
6.30515e+06
6.23433e+06
6.16335e+06
6.0922e+06
6.0209e+06
5.94946e+06
5.87787e+06
5.80615e+06
5.7343e+06
5.66233e+06
5.59026e+06
5.51807e+06
5.44579e+06
5.37342e+06
5.30097e+06
5.22844e+06
5.15584e+06
5.08319e+06
5.01049e+06
4.93774e+06
4.86496e+06
4.79216e+06
4.71934e+06
4.64651e+06
4.57369e+06
4.50088e+06
4.42809e+06
4.35533e+06
4.28261e+06
4.20994e+06
4.13734e+06
4.06481e+06
3.99236e+06
3.92e+06
3.84775e+06
3.77562e+06
3.70362e+06
3.63175e+06
3.56004e+06
3.4885e+06
3.41713e+06
3.34595e+06
3.27498e+06
3.20423e+06
3.1337e+06
3.06342e+06
2.99341e+06
2.92366e+06
2.85421e+06
2.78507e+06
2.71624e+06
2.64776e+06
2.57963e+06
2.51187e+06
2.44451e+06
2.37755e+06
2.31103e+06
2.24495e+06
2.17935e+06
2.11425e+06
2.04966e+06
1.98563e+06
1.92217e+06
1.85932e+06
1.79712e+06
1.73563e+06
1.67489e+06
1.615e+06
1.55608e+06
1.49832e+06
1.44219e+06
1.39019e+06
1.33629e+06
1.27996e+06
1.22162e+06
1.16152e+06
1.09982e+06
1.03667e+06
972204
906576
839951
772521
704513
636192
567873
499933
432823
367080
303348
242399
185154
132720
86419.7
47849.9
18987.5
2427.07
)
;
    }
    frontAndBack
    {
        type            empty;
    }
}


// ************************************************************************* //
