/*--------------------------------*- C++ -*----------------------------------*\
  =========                 |
  \\      /  F ield         | OpenFOAM: The Open Source CFD Toolbox
   \\    /   O peration     | Website:  https://openfoam.org
    \\  /    A nd           | Version:  9
     \\/     M anipulation  |
\*---------------------------------------------------------------------------*/
FoamFile
{
    format      ascii;
    class       volScalarField;
    location    "0.02";
    object      pPrime2Mean;
}
// * * * * * * * * * * * * * * * * * * * * * * * * * * * * * * * * * * * * * //

dimensions      [0 4 -4 0 0 0 0];

internalField   nonuniform List<scalar> 
12225
(
291165
288533
285336
281844
278196
274482
270758
267060
263407
259809
256267
252776
249323
245888
242436
238913
235203
231046
291205
288565
285360
281862
278210
274494
270769
267070
263417
259819
256278
252789
249339
245909
242467
238963
235304
231323
291326
288637
285412
281902
278242
274521
270792
267091
263438
259841
256303
252818
249375
245957
242536
239070
235500
231771
291539
288755
285498
281969
278296
274565
270831
267127
263473
259878
256344
252866
249435
246035
242645
239237
235783
232297
291762
288927
285625
282067
278374
274631
270888
267180
263525
259932
256403
252936
249521
246147
242799
239462
236134
232862
292074
289158
285799
282201
278482
274721
270967
267253
263596
260006
256485
253031
249637
246295
242997
239741
236539
233448
292488
289465
286026
282379
278625
274840
271071
267349
263691
260104
256592
253154
249785
246482
243241
240068
236986
234045
293029
289849
286319
282607
278807
274992
271204
267472
263810
260228
256727
253308
249969
246708
243528
240439
237465
234648
293719
290328
286681
282888
279034
275182
271370
267625
263959
260380
256892
253495
250188
246974
243856
240848
237971
235258
294468
290905
287124
283234
279312
275413
271572
267810
264139
260565
257091
253717
250445
247278
244223
241290
238499
235872
295319
291588
287650
283647
279645
275692
271815
268033
264355
260784
257324
253975
250740
247620
244624
241760
239044
236490
296248
292330
288224
284096
280005
275991
272076
268272
264586
261018
257572
254246
251043
247966
245020
242214
239557
237060
297397
293177
288868
284598
280408
276328
272370
268542
264845
261279
257845
254542
251371
248334
245435
242680
240076
237627
298929
294312
289718
285253
280931
276764
272750
268889
265178
261614
258193
254915
251778
248783
245933
243231
240678
238276
300903
295743
290791
286083
281598
277320
273235
269333
265603
262037
258630
255377
252275
249324
246523
243870
241367
239011
303565
297587
292140
287116
282420
278006
273836
269884
266130
262562
259167
255940
252873
249964
247208
244603
242144
239829
306448
299682
293684
288303
283379
278816
274552
270545
266765
263191
259808
256604
253570
250699
247985
245422
243005
240726
309575
301823
295254
289524
284381
279681
275333
271279
267479
263904
260534
257353
254350
251515
248838
246312
243928
241681
311711
303206
296318
290436
285199
280443
276067
272003
268205
264644
261297
258145
255173
252371
249727
247233
244880
242659
309761
302492
296135
290508
285424
280769
276461
272446
268691
265166
261852
258731
255789
253014
250396
247926
245593
243391
307667
301295
295500
290221
285352
280832
276614
272667
268961
265475
262192
259098
256180
253426
250826
248371
246052
243862
305739
300122
294816
289845
285175
280788
276664
272782
269124
265674
262421
259350
256451
253713
251127
248685
246376
244194
304075
299111
294191
289472
284973
280703
276660
272836
269219
265801
262572
259521
256637
253913
251338
248904
246603
244427
303151
298386
293701
289165
284798
280618
276639
272859
269276
265883
262673
259636
256765
254050
251483
249056
246760
244589
302359
297815
293322
288927
284655
280544
276613
272868
269310
265936
262739
259714
256851
254143
251582
249159
246868
244700
301607
297380
293048
288753
284552
280489
276591
272870
269330
265969
262782
259764
256908
254205
251647
249228
246939
244774
301089
297073
292859
288635
284481
280450
276575
272870
269341
265989
262809
259797
256944
254244
251690
249273
246985
244821
300755
296877
292741
288561
284435
280425
276564
272869
269348
266001
262826
259816
256966
254268
251715
249299
247013
244850
300538
296764
292675
288520
284411
280411
276558
272869
269352
266008
262834
259826
256978
254281
251729
249314
247028
244865
300410
296717
292648
288504
284401
280406
276555
272868
269353
266010
262838
259831
256982
254286
251734
249320
247034
244871
195524
195508
195476
195427
195361
195278
195177
195059
194922
194767
194594
194403
194193
193966
193721
193458
193178
192881
192568
192237
191889
191523
191139
190736
190315
189877
189420
188945
188456
187947
187411
186848
186259
185645
185012
184360
183694
183016
182330
181637
180939
180239
179537
178833
178127
177417
176701
175977
175241
174492
173727
172943
172139
171315
170470
169604
168719
167814
166890
165950
164995
164025
163041
162045
161037
160018
158989
157951
156904
155850
154789
153722
152649
151572
150491
149407
148318
147227
146131
145032
143930
142823
141712
140596
139476
138351
137221
136085
134945
133800
132650
131494
130334
129168
127998
126823
125643
124459
123270
122076
120879
119677
118471
117261
116047
114829
113608
112383
111155
109923
108688
107451
106210
104966
103720
102471
101220
99966.9
98711.3
97453.6
96194.1
94932.9
93670
92405.6
91139.8
89872.8
88604.7
87335.8
86066
84795.6
83524.7
82253.6
80982.3
79711
78439.9
77169.2
75899
74629.5
73360.9
72093.4
70827.2
69562.4
68299.3
67038
65778.8
64521.8
63267.3
62015.4
60766.4
59520.5
58278
57039
55803.8
54572.6
53345.7
52123.3
50905.8
49693.3
48486.1
47284.6
46088.9
44899.5
43716.6
42540.4
41371.5
40210
39056.3
37910.9
36774.1
35646.2
34527.9
33419.6
32321.8
31235.1
30160.4
29098.6
28050.9
27019.1
26006.7
25020.8
195594
195578
195545
195496
195430
195346
195244
195125
194987
194831
194657
194464
194253
194024
193777
193512
193230
192931
192616
192284
191935
191569
191185
190782
190362
189923
189462
188976
188475
187957
187414
186846
186253
185637
185002
184349
183683
183006
182319
181627
180930
180231
179531
178828
178124
177416
176703
175980
175247
174500
173736
172953
172150
171327
170482
169616
168730
167825
166902
165961
165006
164035
163052
162055
161048
160029
159000
157962
156915
155860
154799
153731
152658
151580
150499
149413
148325
147232
146136
145037
143934
142827
141715
140599
139479
138353
137223
136088
134947
133802
132651
131496
130335
129170
127999
126824
125644
124460
123271
122077
120880
119678
118472
117261
116048
114830
113608
112384
111155
109924
108689
107451
106210
104967
103720
102472
101221
99967.1
98711.4
97453.8
96194.3
94933
93670.1
92405.7
91139.9
89872.9
88604.8
87335.8
86066
84795.6
83524.8
82253.6
80982.3
79711
78439.9
77169.2
75899
74629.5
73360.9
72093.4
70827.2
69562.4
68299.3
67038
65778.8
64521.8
63267.3
62015.4
60766.4
59520.6
58278
57039
55803.8
54572.6
53345.7
52123.3
50905.8
49693.3
48486.1
47284.6
46088.9
44899.5
43716.5
42540.4
41371.4
40209.9
39056.3
37910.8
36774
35646.1
34527.8
33419.4
32321.5
31234.8
30160
29098
28050.1
27018
26004.6
25016.2
195735
195718
195685
195636
195568
195484
195381
195260
195120
194962
194786
194591
194377
194145
193895
193627
193341
193039
192720
192383
192031
191661
191274
190870
190442
189993
189524
189032
188520
187987
187432
186856
186258
185639
185002
184349
183681
183002
182314
181620
180922
180223
179522
178821
178119
177414
176704
175986
175256
174513
173752
172972
172171
171349
170504
169639
168753
167847
166923
165983
165027
164056
163073
162077
161069
160051
159022
157984
156936
155881
154819
153750
152676
151597
150514
149427
148337
147244
146147
145047
143943
142835
141723
140606
139485
138359
137229
136093
134952
133806
132655
131500
130339
129173
128002
126827
125647
124462
123273
122079
120881
119679
118473
117263
116049
114831
113609
112385
111156
109924
108690
107452
106211
104967
103721
102472
101221
99967.4
98711.8
97454.1
96194.5
94933.2
93670.3
92405.9
91140.1
89873
88604.9
87335.9
86066.1
84795.7
83524.8
82253.7
80982.3
79711
78439.9
77169.2
75899
74629.5
73360.9
72093.4
70827.2
69562.4
68299.3
67038.1
65778.8
64521.9
63267.3
62015.5
60766.5
59520.6
58278
57039
55803.8
54572.6
53345.7
52123.3
50905.8
49693.3
48486.1
47284.5
46088.9
44899.4
43716.5
42540.4
41371.4
40209.8
39056.2
37910.7
36773.8
35645.9
34527.4
33419
32321
31234.1
30159.1
29096.8
28048.4
27015.6
26000.5
25007.3
195949
195932
195899
195848
195779
195693
195588
195465
195323
195162
194983
194784
194566
194331
194077
193804
193514
193206
192880
192538
192178
191802
191406
190991
190554
190096
189617
189115
188593
188048
187482
186896
186289
185662
185018
184358
183684
182999
182306
181607
180906
180205
179504
178804
178105
177404
176700
175988
175266
174528
173773
172997
172200
171379
170536
169671
168785
167879
166955
166014
165057
164087
163103
162107
161100
160082
159054
158016
156969
155913
154849
153778
152702
151621
150536
149448
148356
147261
146163
145061
143956
142847
141734
140616
139495
138368
137237
136100
134959
133813
132661
131505
130344
129178
128007
126831
125650
124465
123276
122082
120884
119682
118475
117265
116051
114833
113611
112386
111157
109926
108691
107453
106212
104968
103722
102473
101222
99968
98712.3
97454.6
96195
94933.6
93670.6
92406.2
91140.3
89873.3
88605.1
87336.1
86066.3
84795.8
83524.9
82253.8
80982.4
79711.1
78440
77169.3
75899.1
74629.6
73361
72093.5
70827.2
69562.5
68299.4
67038.1
65778.9
64521.9
63267.3
62015.5
60766.5
59520.6
58278
57039
55803.8
54572.6
53345.7
52123.3
50905.8
49693.2
48486.1
47284.5
46088.9
44899.4
43716.4
42540.3
41371.3
40209.7
39056
37910.4
36773.5
35645.5
34527
33418.3
32320.2
31233.1
30157.7
29094.9
28045.8
27011.7
25994.3
24995.8
196238
196221
196186
196134
196064
195975
195868
195742
195597
195433
195249
195046
194825
194584
194325
194047
193750
193435
193102
192751
192381
191994
191587
191160
190711
190242
189750
189236
188700
188143
187564
186963
186343
185704
185048
184376
183691
182995
182292
181585
180877
180171
179468
178769
178073
177379
176684
175982
175269
174541
173795
173026
172233
171416
170575
169711
168825
167919
166994
166053
165096
164125
163141
162145
161139
160122
159095
158058
157010
155954
154889
153816
152738
151655
150567
149476
148382
147284
146184
145080
143973
142863
141749
140630
139507
138380
137247
136110
134968
133821
132669
131512
130350
129184
128012
126836
125655
124470
123280
122086
120887
119685
118478
117268
116053
114835
113613
112388
111159
109927
108692
107454
106213
104969
103723
102474
101222
99968.7
98713
97455.2
96195.5
94934.1
93671.1
92406.5
91140.7
89873.6
88605.4
87336.3
86066.5
84796
83525.1
82253.9
80982.5
79711.2
78440.1
77169.3
75899.1
74629.6
73361
72093.5
70827.3
69562.5
68299.4
67038.1
65778.9
64521.9
63267.4
62015.5
60766.5
59520.6
58278
57039
55803.8
54572.6
53345.7
52123.3
50905.7
49693.2
48486
47284.5
46088.8
44899.3
43716.3
42540.2
41371.1
40209.5
39055.7
37910.1
36773.1
35645
34526.3
33417.5
32319.1
31231.7
30155.9
29092.5
28042.4
27006.8
25986.7
24983.2
196603
196585
196549
196495
196423
196332
196222
196093
195944
195776
195587
195380
195152
194905
194639
194354
194050
193727
193385
193024
192643
192243
191823
191382
190919
190434
189927
189397
188845
188271
187675
187058
186421
185765
185092
184403
183701
182988
182269
181547
180825
180109
179401
178703
178013
177330
176647
175960
175263
174549
173814
173055
172270
171458
170620
169757
168872
167966
167041
166099
165142
164170
163185
162189
161183
160167
159140
158104
157058
156002
154936
153862
152782
151696
150605
149511
148414
147314
146210
145104
143995
142883
141767
140647
139523
138394
137260
136122
134979
133831
132679
131521
130358
129191
128019
126843
125661
124475
123285
122091
120892
119689
118482
117271
116056
114838
113616
112390
111161
109929
108694
107456
106214
104970
103724
102475
101223
99969.6
98713.8
97455.9
96196.2
94934.7
93671.6
92407
91141.1
89873.9
88605.7
87336.6
86066.7
84796.2
83525.3
82254
80982.7
79711.3
78440.2
77169.4
75899.2
74629.7
73361.1
72093.6
70827.3
69562.6
68299.5
67038.2
65778.9
64522
63267.4
62015.5
60766.5
59520.6
58278.1
57039
55803.8
54572.6
53345.7
52123.3
50905.7
49693.2
48486
47284.4
46088.7
44899.2
43716.2
42540
41370.9
40209.3
39055.4
37909.8
36772.6
35644.4
34525.6
33416.5
32317.8
31230
30153.7
29089.5
28038.3
27001
25978.2
24970.1
197047
197028
196990
196935
196860
196766
196652
196519
196366
196192
195998
195784
195550
195297
195023
194729
194416
194083
193731
193358
192965
192551
192115
191658
191178
190675
190149
189600
189028
188434
187818
187181
186524
185848
185152
184439
183710
182971
182224
181476
180733
180001
179286
178589
177908
177241
176578
175914
175239
174546
173830
173085
172310
171505
170671
169810
168926
168020
167095
166152
165194
164222
163236
162239
161232
160215
159189
158154
157108
156053
154987
153913
152830
151741
150648
149551
148451
147348
146242
145133
144022
142907
141789
140667
139541
138411
137276
136137
134993
133844
132690
131532
130368
129200
128028
126850
125668
124482
123291
122096
120897
119694
118486
117275
116060
114841
113619
112393
111164
109931
108696
107457
106216
104972
103725
102476
101225
99970.7
98714.8
97456.8
96197
94935.4
93672.2
92407.6
91141.6
89874.4
88606.1
87336.9
86067
84796.5
83525.5
82254.2
80982.8
79711.5
78440.3
77169.5
75899.3
74629.8
73361.2
72093.7
70827.4
69562.6
68299.5
67038.2
65779
64522
63267.5
62015.6
60766.6
59520.7
58278.1
57039.1
55803.8
54572.6
53345.7
52123.3
50905.7
49693.2
48486
47284.4
46088.7
44899.1
43716.1
42539.9
41370.7
40209
39055.1
37909.3
36772.1
35643.7
34524.7
33415.4
32316.3
31228.1
30151.1
29086.1
28033.7
26994.6
25969.1
24957
197571
197551
197512
197454
197376
197278
197160
197022
196863
196684
196483
196262
196021
195758
195475
195172
194848
194503
194138
193752
193344
192914
192461
191985
191486
190964
190417
189847
189254
188638
188001
187341
186660
185955
185227
184478
183710
182927
182138
181350
180574
179819
179092
178395
177728
177084
176453
175824
175185
174524
173835
173111
172351
171556
170728
169870
168986
168080
167154
166211
165253
164281
163295
162297
161289
160270
159243
158207
157161
156105
155040
153964
152881
151790
150694
149594
148491
147385
146277
145166
144051
142934
141814
140690
139562
138430
137294
136153
135008
133858
132703
131544
130379
129211
128037
126859
125676
124489
123298
122103
120903
119699
118491
117279
116064
114845
113622
112396
111167
109934
108698
107460
106218
104974
103727
102478
101226
99972
98715.9
97457.8
96197.9
94936.2
93673
92408.2
91142.2
89874.9
88606.6
87337.3
86067.4
84796.8
83525.8
82254.5
80983
79711.6
78440.5
77169.7
75899.4
74629.9
73361.3
72093.7
70827.5
69562.7
68299.6
67038.3
65779.1
64522.1
63267.5
62015.6
60766.6
59520.7
58278.1
57039.1
55803.8
54572.6
53345.7
52123.3
50905.7
49693.2
48485.9
47284.3
46088.6
44899
43716
42539.7
41370.5
40208.7
39054.7
37908.8
36771.4
35642.9
34523.6
33414.1
32314.7
31225.9
30148.3
29082.3
28028.7
26987.7
25959.7
24944
198180
198158
198117
198056
197974
197871
197748
197604
197438
197251
197043
196813
196562
196289
195995
195679
195343
194985
194605
194203
193779
193333
192862
192368
191849
191305
190738
190146
189532
188894
188233
187546
186833
186090
185317
184515
183688
182843
181992
181147
180321
179530
178783
178087
177440
176832
176249
175672
175085
174472
173822
173129
172391
171610
170790
169936
169054
168147
167221
166277
165318
164344
163358
162360
161352
160333
159305
158266
157219
156161
155094
154017
152932
151840
150742
149640
148534
147426
146315
145201
144084
142965
141842
140716
139586
138452
137314
136172
135025
133874
132718
131557
130392
129222
128048
126869
125686
124498
123306
122110
120909
119705
118497
117285
116069
114849
113626
112400
111170
109937
108701
107462
106220
104976
103729
102479
101227
99973.4
98717.2
97459
96198.9
94937.2
93673.8
92409
91142.8
89875.5
88607.1
87337.8
86067.7
84797.1
83526.1
82254.7
80983.3
79711.8
78440.6
77169.8
75899.5
74630
73361.4
72093.9
70827.6
69562.8
68299.7
67038.4
65779.2
64522.2
63267.6
62015.7
60766.7
59520.8
58278.2
57039.1
55803.9
54572.7
53345.7
52123.3
50905.7
49693.1
48485.9
47284.3
46088.5
44898.9
43715.8
42539.5
41370.2
40208.4
39054.3
37908.3
36770.7
35642
34522.5
33412.6
32312.8
31223.5
30145.2
29078.3
28023.4
26980.6
25950.2
24931.4
198876
198853
198809
198744
198657
198549
198419
198267
198092
197896
197678
197437
197174
196889
196582
196253
195902
195529
195134
194717
194276
193812
193324
192811
192272
191709
191121
190510
189874
189213
188525
187807
187054
186262
185430
184558
183652
182723
181786
180861
179967
179127
178355
177662
177043
176484
175964
175459
174942
174392
173794
173140
172430
171667
170857
170008
169128
168222
167295
166350
165390
164415
163427
162427
161418
160399
159370
158331
157281
156221
155151
154072
152985
151891
150791
149687
148580
147469
146356
145239
144120
142998
141873
140744
139612
138477
137337
136193
135044
133892
132734
131572
130406
129235
128060
126880
125696
124507
123315
122118
120917
119712
118503
117290
116074
114854
113631
112404
111174
109940
108704
107465
106223
104978
103731
102481
101229
99974.9
98718.6
97460.3
96200.1
94938.2
93674.7
92409.8
91143.5
89876.1
88607.6
87338.3
86068.2
84797.5
83526.4
82255
80983.5
79712.1
78440.8
77170
75899.7
74630.1
73361.5
72094
70827.7
69562.9
68299.8
67038.5
65779.2
64522.2
63267.7
62015.8
60766.7
59520.8
58278.2
57039.2
55803.9
54572.7
53345.7
52123.3
50905.7
49693.1
48485.8
47284.2
46088.4
44898.8
43715.6
42539.2
41369.9
40208
39053.8
37907.7
36770
35641.1
34521.3
33411.1
32310.9
31221
30141.9
29074.1
28017.9
26973.4
25940.7
24919.3
199666
199641
199593
199523
199431
199315
199177
199015
198830
198622
198391
198138
197861
197562
197240
196896
196530
196141
195731
195298
194842
194362
193858
193328
192772
192190
191584
190952
190296
189612
188896
188144
187348
186501
185600
184644
183644
182613
181573
180550
179576
178678
177878
177187
176599
176096
175648
175222
174783
174303
173763
173152
172472
171728
170930
170086
169208
168302
167374
166429
165468
164492
163502
162500
161488
160466
159436
158396
157345
156283
155211
154130
153040
151943
150842
149736
148627
147514
146399
145280
144158
143033
141906
140775
139641
138503
137361
136215
135065
133911
132752
131589
130421
129249
128073
126892
125707
124518
123324
122126
120925
119719
118510
117296
116080
114859
113635
112408
111178
109944
108708
107468
106226
104981
103733
102483
101231
99976.6
98720.1
97461.6
96201.3
94939.3
93675.7
92410.7
91144.3
89876.8
88608.2
87338.8
86068.6
84797.9
83526.7
82255.3
80983.8
79712.3
78441
77170.2
75899.9
74630.3
73361.7
72094.1
70827.9
69563.1
68299.9
67038.6
65779.3
64522.3
63267.7
62015.8
60766.8
59520.9
58278.3
57039.2
55803.9
54572.7
53345.7
52123.3
50905.7
49693.1
48485.8
47284.1
46088.3
44898.7
43715.5
42539
41369.6
40207.6
39053.3
37907.1
36769.2
35640.1
34520.1
33409.5
32308.8
31218.4
30138.6
29069.8
28012.3
26966.2
25931.5
24907.6
200557
200529
200477
200401
200301
200177
200028
199854
199656
199435
199189
198920
198628
198313
197975
197616
197235
196832
196408
195962
195493
195001
194482
193938
193366
192768
192145
191496
190822
190119
189380
188597
187760
186859
185886
184845
183744
182606
181461
180343
179290
178338
177510
176820
176258
175800
175412
175050
174677
174254
173760
173185
172529
171800
171010
170171
169294
168388
167460
166513
165551
164575
163584
162579
161563
160538
159504
158461
157410
156347
155274
154191
153099
152000
150895
149786
148675
147561
146443
145322
144198
143070
141940
140807
139671
138531
137387
136239
135088
133932
132771
131607
130438
129265
128087
126905
125719
124529
123334
122136
120933
119727
118517
117303
116086
114865
113640
112413
111182
109948
108711
107471
106229
104983
103736
102486
101233
99978.5
98721.8
97463.1
96202.7
94940.5
93676.8
92411.6
91145.1
89877.5
88608.9
87339.4
86069.2
84798.4
83527.1
82255.7
80984.1
79712.6
78441.3
77170.4
75900
74630.5
73361.8
72094.3
70828
69563.2
68300
67038.7
65779.5
64522.4
63267.8
62015.9
60766.9
59520.9
58278.3
57039.2
55804
54572.7
53345.8
52123.3
50905.7
49693
48485.8
47284
46088.2
44898.5
43715.3
42538.8
41369.3
40207.2
39052.8
37906.5
36768.4
35639.1
34518.7
33407.8
32306.7
31215.7
30135.2
29065.4
28006.7
26959.1
25922.5
24896.5
201558
201527
201470
201386
201277
201141
200980
200792
200579
200341
200078
199792
199483
199152
198799
198426
198032
197619
197186
196731
196253
195751
195222
194666
194082
193471
192835
192174
191488
190769
190010
189198
188320
187363
186323
185203
184018
182795
181569
180382
179273
178282
177434
176739
176184
175744
175380
175046
174697
174297
173821
173259
172613
171890
171102
170264
169387
168481
167551
166602
165639
164661
163669
162663
161644
160615
159577
158531
157476
156412
155338
154253
153161
152060
150953
149841
148726
147608
146488
145364
144238
143109
141976
140841
139702
138560
137414
136265
135111
133954
132792
131626
130455
129281
128102
126919
125732
124540
123345
122146
120943
119736
118525
117310
116092
114871
113646
112418
111187
109952
108715
107475
106232
104986
103738
102488
101235
99980.4
98723.6
97464.7
96204.1
94941.8
93677.9
92412.6
91146
89878.3
88609.6
87340
86069.7
84798.8
83527.6
82256
80984.4
79712.8
78441.5
77170.6
75900.3
74630.7
73362
72094.4
70828.2
69563.3
68300.2
67038.9
65779.6
64522.5
63267.9
62016
60767
59521
58278.4
57039.3
55804
54572.7
53345.8
52123.3
50905.6
49693
48485.7
47284
46088.1
44898.4
43715.1
42538.5
41369
40206.8
39052.3
37905.8
36767.6
35638
34517.4
33406.2
32304.6
31213
30131.8
29061.1
28001.2
26952.2
25913.9
24886
202680
202645
202581
202489
202368
202219
202042
201838
201607
201350
201069
200766
200440
200095
199731
199349
198950
198532
198094
197635
197153
196644
196108
195543
194950
194329
193680
193003
192295
191548
190753
189898
188970
187962
186871
185702
184473
183210
181953
180741
179616
178610
177748
177037
176463
176000
175611
175252
174879
174458
173965
173389
172733
172003
171210
170367
169487
168579
167649
166699
165732
164752
163757
162749
161727
160695
159654
158605
157546
156477
155400
154314
153221
152119
151010
149896
148777
147656
146533
145407
144279
143148
142013
140876
139735
138591
137443
136291
135136
133977
132813
131646
130474
129298
128118
126934
125745
124553
123357
122156
120952
119745
118533
117318
116099
114877
113652
112423
111191
109957
108719
107478
106235
104989
103741
102491
101238
99982.5
98725.4
97466.4
96205.6
94943.1
93679.1
92413.7
91147
89879.2
88610.3
87340.7
86070.3
84799.4
83528
82256.4
80984.8
79713.2
78441.8
77170.9
75900.5
74630.9
73362.2
72094.6
70828.3
69563.5
68300.3
67039
65779.7
64522.6
63268
62016.1
60767
59521.1
58278.4
57039.3
55804
54572.8
53345.8
52123.3
50905.6
49693
48485.7
47283.9
46088
44898.2
43714.9
42538.3
41368.7
40206.5
39051.8
37905.2
36766.8
35637
34516.1
33404.5
32302.5
31210.3
30128.4
29056.8
27995.9
26945.5
25905.7
24876.2
203936
203897
203825
203722
203588
203422
203227
203004
202754
202479
202181
201863
201526
201172
200804
200420
200021
199605
199167
198706
198219
197703
197155
196574
195958
195305
194617
193892
193128
192323
191469
190562
189591
188550
187441
186270
185052
183811
182581
181399
180297
179302
178431
177692
177072
176548
176089
175658
175216
174734
174191
173576
172891
172141
171336
170484
169597
168685
167752
166801
165832
164848
163849
162836
161811
160777
159734
158682
157619
156545
155462
154373
153279
152176
151065
149949
148828
147704
146578
145450
144320
143187
142051
140911
139769
138622
137473
136319
135162
134001
132836
131666
130493
129316
128134
126949
125759
124566
123369
122168
120963
119754
118542
117326
116107
114884
113658
112429
111197
109961
108723
107482
106239
104993
103744
102493
101240
99984.7
98727.4
97468.2
96207.2
94944.5
93680.4
92414.8
91148
89880.1
88611.1
87341.4
86070.9
84799.9
83528.5
82256.8
80985.1
79713.5
78442.1
77171.1
75900.8
74631.1
73362.4
72094.8
70828.5
69563.7
68300.5
67039.1
65779.8
64522.8
63268.1
62016.2
60767.1
59521.1
58278.5
57039.4
55804.1
54572.8
53345.8
52123.3
50905.6
49693
48485.6
47283.8
46087.9
44898.1
43714.7
42538.1
41368.4
40206.1
39051.3
37904.5
36765.9
35635.9
34514.8
33402.8
32300.4
31207.7
30125.1
29052.7
27990.7
26939.2
25898
24866.9
205390
205345
205263
205146
204994
204810
204595
204353
204086
203797
203489
203164
202822
202467
202098
201713
201311
200888
200439
199959
199445
198890
198293
197652
196966
196239
195473
194671
193835
192964
192055
191103
190107
189061
187969
186838
185680
184512
183358
182244
181195
180228
179355
178582
177902
177296
176740
176206
175666
175097
174482
173812
173084
172306
171481
170616
169720
168801
167864
166911
165941
164953
163949
162930
161900
160862
159817
158764
157697
156618
155529
154436
153337
152233
151120
150002
148879
147754
146626
145496
144364
143229
142091
140949
139804
138656
137504
136349
135189
134026
132859
131689
130514
129335
128152
126965
125775
124580
123382
122179
120974
119764
118551
117334
116114
114891
113665
112435
111202
109966
108728
107487
106243
104996
103747
102496
101243
99987
98729.5
97470.1
96208.9
94946.1
93681.8
92416
91149.1
89881
88612
87342.1
86071.6
84800.5
83529
82257.3
80985.6
79713.9
78442.5
77171.5
75901.1
74631.5
73362.7
72095.1
70828.8
69563.9
68300.7
67039.4
65780
64522.9
63268.3
62016.4
60767.3
59521.3
58278.6
57039.5
55804.2
54572.9
53345.9
52123.4
50905.7
49693
48485.6
47283.8
46087.9
44898.1
43714.6
42537.9
41368.2
40205.7
39050.9
37903.9
36765.2
35635
34513.6
33401.3
32298.4
31205.2
30121.9
29048.8
27985.9
26933.3
25890.9
24858.5
207002
206949
206855
206721
206549
206346
206115
205861
205588
205297
204988
204659
204309
203937
203542
203122
202675
202194
201678
201119
200517
199871
199182
198455
197692
196894
196063
195204
194318
193404
192462
191492
190496
189472
188423
187356
186278
185198
184131
183094
182102
181167
180296
179492
178751
178063
177410
176774
176136
175480
174793
174065
173294
172485
171639
170759
169851
168923
167981
167024
166051
165060
164051
163027
161992
160949
159900
158843
157773
156690
155597
154499
153397
152289
151174
150053
148929
147803
146673
145542
144407
143270
142130
140987
139840
138689
137535
136378
135217
134052
132883
131711
130534
129354
128170
126982
125790
124594
123395
122191
120985
119774
118560
117343
116122
114898
113671
112441
111208
109971
108732
107491
106246
105000
103750
102499
101245
99989.3
98731.5
97471.9
96210.5
94947.5
93683
92417.2
91150.1
89881.9
88612.8
87342.8
86072.2
84801
83529.5
82257.7
80985.9
79714.2
78442.8
77171.7
75901.3
74631.6
73362.9
72095.3
70828.9
69564
68300.8
67039.4
65780.1
64523
63268.3
62016.4
60767.3
59521.3
58278.6
57039.5
55804.2
54572.9
53345.8
52123.3
50905.6
49692.9
48485.5
47283.7
46087.7
44897.8
43714.4
42537.6
41367.8
40205.3
39050.3
37903.2
36764.3
35633.9
34512.2
33399.6
32296.3
31202.7
30118.8
29044.9
27981.2
26927.6
25884
24850.5
208629
208568
208461
208310
208123
207907
207670
207417
207145
206851
206526
206165
205763
205321
204839
204321
203769
203181
202559
201902
201210
200484
199728
198944
198136
197302
196444
195563
194661
193739
192795
191831
190851
189855
188846
187830
186811
185794
184788
183804
182850
181934
181061
180232
179446
178695
177970
177257
176545
175822
175077
174302
173496
172659
171794
170899
169979
169043
168094
167131
166153
165158
164145
163117
162077
161031
159978
158916
157841
156754
155659
154558
153452
152340
151224
150102
148977
147849
146718
145585
144449
143310
142167
141022
139873
138721
137565
136406
135243
134076
132906
131732
130554
129372
128187
126997
125804
124607
123407
122203
120995
119784
118569
117351
116130
114905
113677
112447
111213
109976
108737
107495
106250
105003
103753
102502
101248
99991.5
98733.5
97473.7
96212.1
94948.9
93684.3
92418.3
91151.1
89882.8
88613.5
87343.5
86072.8
84801.5
83529.9
82258.1
80986.3
79714.5
78443
77172
75901.5
74631.9
73363.1
72095.4
70829.1
69564.2
68300.9
67039.5
65780.1
64523
63268.4
62016.4
60767.3
59521.3
58278.6
57039.5
55804.1
54572.8
53345.8
52123.3
50905.5
49692.8
48485.4
47283.5
46087.5
44897.6
43714.1
42537.3
41367.4
40204.8
39049.8
37902.6
36763.5
35632.9
34511
33398.1
32294.4
31200.3
30115.9
29041.3
27976.8
26922.3
25877.8
24843.2
210265
210194
210074
209910
209713
209492
209252
208987
208688
208343
207942
207482
206968
206409
205812
205184
204528
203848
203145
202420
201672
200903
200113
199303
198477
197632
196768
195887
194990
194073
193139
192189
191225
190251
189269
188283
187297
186316
185343
184386
183451
182543
181664
180816
179997
179203
178426
177659
176894
176120
175331
174520
173685
172826
171943
171034
170104
169159
168204
167235
166251
165250
164231
163198
162155
161106
160050
158983
157904
156813
155714
154610
153501
152387
151269
150147
149021
147892
146760
145625
144487
143346
142202
141055
139904
138750
137593
136432
135267
134099
132927
131752
130572
129389
128203
127012
125818
124620
123419
122214
121005
119793
118578
117359
116137
114912
113683
112452
111218
109981
108741
107499
106254
105006
103756
102504
101250
99993.6
98735.4
97475.4
96213.6
94950.3
93685.5
92419.3
91152
89883.6
88614.3
87344.1
86073.3
84802
83530.4
82258.5
80986.6
79714.8
78443.3
77172.3
75901.8
74632.1
73363.3
72095.6
70829.2
69564.3
68301
67039.6
65780.2
64523.1
63268.4
62016.4
60767.3
59521.3
58278.6
57039.4
55804.1
54572.8
53345.7
52123.2
50905.4
49692.7
48485.3
47283.4
46087.4
44897.4
43713.9
42537
41367.1
40204.4
39049.3
37902
36762.8
35632
34509.8
33396.7
32292.7
31198.1
30113.2
29038
27972.8
26917.5
25872.1
24836.6
211904
211825
211690
211514
211309
211069
210790
210458
210062
209597
209069
208488
207864
207206
206522
205819
205099
204365
203616
202852
202074
201280
200471
199649
198815
197966
197104
196227
195335
194427
193502
192563
191612
190651
189684
188715
187746
186781
185823
184877
183949
183040
182152
181287
180443
179618
178805
177999
177194
176383
175560
174720
173862
172983
172084
171162
170222
169270
168309
167335
166345
165338
164313
163274
162226
161173
160114
159043
157960
156866
155764
154656
153545
152430
151311
150189
149062
147932
146799
145662
144523
143380
142235
141086
139933
138778
137619
136456
135290
134121
132947
131770
130590
129406
128218
127026
125831
124632
123430
122224
121015
119802
118586
117366
116144
114918
113689
112458
111223
109985
108745
107502
106257
105009
103759
102507
101252
99995.7
98737.3
97477
96215.1
94951.6
93686.7
92420.4
91152.9
89884.4
88615
87344.8
86073.9
84802.5
83530.8
82258.9
80987
79715.2
78443.6
77172.5
75902
74632.3
73363.5
72095.8
70829.4
69564.4
68301.1
67039.7
65780.3
64523.1
63268.5
62016.4
60767.3
59521.3
58278.6
57039.4
55804.1
54572.7
53345.7
52123.1
50905.4
49692.6
48485.2
47283.3
46087.2
44897.3
43713.7
42536.8
41366.8
40204.1
39048.9
37901.5
36762.1
35631.1
34508.8
33395.4
32291.1
31196.1
30110.7
29035.1
27969.2
26913.2
25867
24830.7
213550
213463
213313
213115
212868
212555
212166
211699
211165
210576
209941
209270
208573
207855
207121
206376
205619
204852
204074
203286
202486
201674
200852
200020
199178
198325
197460
196583
195693
194787
193868
192934
191990
191037
190078
189117
188155
187197
186245
185303
184374
183460
182563
181684
180820
179969
179129
178293
177457
176617
175767
174904
174025
173129
172215
171282
170333
169376
168409
167427
166431
165419
164390
163346
162294
161236
160172
159097
158010
156913
155809
154699
153586
152470
151351
150228
149100
147969
146834
145696
144556
143412
142265
141114
139960
138803
137643
136479
135312
134141
132966
131788
130606
129421
128232
127039
125843
124644
123440
122234
121024
119810
118594
117374
116150
114924
113695
112463
111228
109990
108749
107506
106260
105012
103762
102509
101254
99997.7
98739.1
97478.6
96216.5
94952.9
93687.8
92421.4
91153.9
89885.3
88615.7
87345.4
86074.5
84803.1
83531.3
82259.4
80987.4
79715.5
78444
77172.8
75902.3
74632.5
73363.7
72096
70829.5
69564.5
68301.2
67039.8
65780.4
64523.2
63268.5
62016.5
60767.3
59521.3
58278.6
57039.4
55804.1
54572.7
53345.6
52123.1
50905.3
49692.6
48485.1
47283.2
46087.1
44897.2
43713.6
42536.6
41366.6
40203.8
39048.5
37901
36761.5
35630.4
34507.9
33394.2
32289.7
31194.4
30108.6
29032.4
27966
26909.4
25862.6
24825.6
215211
215119
214938
214673
214318
213862
213321
212720
212074
211395
210688
209962
209219
208463
207698
206924
206142
205350
204549
203739
202919
202091
201254
200409
199555
198693
197822
196941
196047
195140
194220
193288
192345
191395
190439
189481
188522
187566
186615
185672
184740
183821
182915
182022
181141
180271
179407
178547
177688
176826
175957
175073
174175
173263
172337
171394
170439
169476
168502
167513
166509
165492
164459
163412
162356
161294
160225
159145
158055
156955
155850
154739
153625
152509
151388
150264
149136
148003
146868
145728
144586
143441
142292
141141
139986
138827
137665
136500
135332
134159
132984
131805
130622
129435
128245
127052
125855
124654
123450
122243
121032
119818
118601
117380
116157
114930
113700
112468
111232
109994
108753
107509
106263
105015
103764
102512
101257
99999.7
98740.8
97480.2
96218
94954.2
93689
92422.5
91154.8
89886.1
88616.5
87346.1
86075.1
84803.6
83531.8
82259.8
80987.8
79715.9
78444.3
77173.1
75902.6
74632.8
73363.9
72096.2
70829.7
69564.7
68301.4
67039.9
65780.5
64523.3
63268.6
62016.5
60767.4
59521.3
58278.6
57039.4
55804
54572.7
53345.6
52123.1
50905.3
49692.5
48485.1
47283.1
46087.1
44897.1
43713.4
42536.4
41366.4
40203.5
39048.2
37900.6
36761
35629.8
34507.1
33393.3
32288.5
31192.9
30106.7
29030.2
27963.3
26906.1
25858.7
24821.2
216885
216769
216512
216108
215590
214986
214321
213619
212894
212152
211396
210629
209852
209067
208274
207476
206670
205856
205032
204199
203359
202512
201658
200797
199929
199055
198175
197286
196386
195475
194552
193617
192673
191722
190765
189806
188846
187889
186937
185992
185056
184130
183216
182312
181417
180530
179648
178770
177893
177015
176129
175228
174312
173386
172450
171500
170540
169571
168590
167592
166580
165557
164521
163472
162413
161347
160272
159188
158095
156995
155888
154777
153663
152545
151424
150298
149169
148035
146899
145758
144615
143468
142319
141165
140009
138849
137687
136520
135350
134177
133000
131820
130636
129449
128258
127064
125866
124665
123460
122252
121041
119826
118608
117387
116163
114936
113705
112472
111236
109998
108757
107513
106267
105018
103767
102514
101259
100002
98742.6
97481.8
96219.4
94955.5
93690.1
92423.5
91155.8
89887
88617.3
87346.8
86075.7
84804.2
83532.3
82260.3
80988.2
79716.3
78444.7
77173.5
75902.9
74633
73364.1
72096.4
70829.9
69564.8
68301.5
67040
65780.6
64523.4
63268.6
62016.6
60767.4
59521.3
58278.6
57039.4
55804
54572.7
53345.6
52123.1
50905.3
49692.5
48485
47283.1
46087
44897
43713.3
42536.3
41366.2
40203.3
39047.9
37900.3
36760.6
35629.3
34506.5
33392.5
32287.5
31191.6
30105.2
29028.3
27961
26903.4
25855.5
24817.5
218559
218366
217960
217393
216726
216001
215242
214463
213676
212883
212086
211284
210475
209660
208839
208016
207188
206351
205504
204648
203786
202919
202046
201168
200284
199397
198507
197610
196704
195788
194860
193921
192973
192017
191057
190095
189132
188172
187217
186268
185328
184396
183474
182561
181654
180753
179858
178966
178076
177185
176285
175368
174438
173500
172556
171601
170635
169659
168671
167666
166647
165618
164579
163527
162464
161394
160316
159228
158133
157032
155925
154814
153698
152580
151457
150330
149200
148065
146927
145786
144642
143494
142343
141189
140031
138870
137706
136539
135368
134194
133016
131835
130650
129462
128270
127075
125876
124674
123469
122260
121048
119833
118615
117393
116169
114941
113710
112477
111241
110002
108760
107516
106269
105021
103769
102516
101261
100003
98744.3
97483.4
96220.8
94956.7
93691.3
92424.6
91156.7
89887.8
88618
87347.5
86076.4
84804.8
83532.9
82260.8
80988.7
79716.7
78445
77173.8
75903.2
74633.3
73364.4
72096.6
70830.1
69565
68301.6
67040.1
65780.7
64523.5
63268.7
62016.6
60767.5
59521.4
58278.6
57039.5
55804.1
54572.7
53345.6
52123
50905.2
49692.5
48485
47283.1
46086.9
44896.9
43713.2
42536.2
41366.1
40203.2
39047.7
37900
36760.3
35628.9
34506
33391.9
32286.7
31190.7
30104
29026.8
27959.2
26901.2
25853
24814.5
220265
219906
219312
218580
217782
216955
216115
215271
214427
213586
212749
211915
211073
210228
209375
208529
207682
206824
205953
205073
204189
203303
202411
201514
200614
199713
198812
197908
196998
196076
195143
194199
193245
192285
191320
190353
189386
188421
187463
186510
185565
184628
183699
182776
181860
180949
180045
179143
178242
177339
176424
175495
174555
173607
172655
171696
170725
169742
168746
167734
166709
165675
164632
163577
162511
161437
160355
159266
158169
157067
155960
154848
153732
152612
151488
150360
149229
148093
146954
145812
144667
143518
142366
141210
140052
138890
137725
136556
135385
134209
133031
131849
130663
129474
128282
127086
125886
124684
123478
122268
121056
119840
118621
117399
116174
114946
113715
112481
111245
110005
108764
107519
106272
105023
103772
102518
101263
100005
98746
97484.9
96222.2
94958
93692.5
92425.6
91157.7
89888.7
88618.8
87348.3
86077.1
84805.4
83533.4
82261.3
80989.2
79717.2
78445.4
77174.2
75903.5
74633.6
73364.6
72096.8
70830.2
69565.2
68301.8
67040.2
65780.8
64523.6
63268.8
62016.7
60767.5
59521.4
58278.7
57039.5
55804.1
54572.7
53345.6
52123
50905.2
49692.5
48485
47283
46086.9
44896.9
43713.2
42536.2
41366
40203.1
39047.6
37899.9
36760.1
35628.6
34505.7
33391.4
32286.1
31189.9
30103.1
29025.7
27957.8
26899.6
25851.1
24812.3
222066
221443
220600
219697
218774
217853
216938
216032
215130
214239
213365
212502
211634
210756
209870
209002
208142
207267
206373
205469
204562
203656
202748
201834
200916
200000
199090
198180
197266
196340
195402
194452
193493
192526
191556
190583
189611
188643
187680
186723
185773
184830
183894
182965
182042
181125
180213
179302
178391
177476
176551
175612
174664
173708
172749
171785
170809
169820
168815
167795
166765
165727
164681
163623
162554
161477
160392
159301
158204
157101
155993
154880
153763
152642
151517
150388
149256
148120
146980
145836
144690
143540
142387
141231
140071
138908
137742
136573
135400
134224
133045
131862
130675
129486
128292
127096
125896
124693
123486
122276
121063
119847
118627
117405
116179
114951
113720
112485
111249
110009
108767
107522
106275
105026
103774
102521
101265
100007
98747.6
97486.4
96223.6
94959.3
93693.6
92426.7
91158.6
89889.6
88619.7
87349
86077.7
84806
83534
82261.8
80989.6
79717.6
78445.8
77174.5
75903.8
74633.9
73364.9
72097
70830.4
69565.4
68301.9
67040.4
65780.9
64523.6
63268.9
62016.8
60767.6
59521.5
58278.7
57039.5
55804.1
54572.7
53345.6
52123.1
50905.2
49692.5
48485
47283
46086.9
44896.9
43713.2
42536.1
41366
40203
39047.6
37899.8
36760
35628.5
34505.5
33391.1
32285.8
31189.5
30102.5
29025
27957
26898.5
25849.8
24810.9
224100
222957
221825
220737
219695
218685
217702
216735
215774
214838
213927
213039
212145
211238
210326
209439
208568
207680
206760
205827
204900
203983
203056
202123
201185
200256
199338
198427
197510
196581
195639
194683
193717
192745
191768
190791
189813
188840
187874
186914
185958
185009
184068
183135
182207
181284
180364
179445
178526
177601
176665
175719
174764
173805
172839
171867
170886
169890
168878
167852
166816
165775
164725
163665
162593
161514
160427
159335
158237
157133
156024
154910
153792
152670
151544
150415
149281
148144
147003
145859
144712
143561
142407
141250
140089
138926
137759
136589
135415
134238
133058
131874
130687
129496
128303
127105
125905
124701
123494
122283
121070
119853
118633
117410
116185
114956
113724
112490
111252
110013
108770
107525
106278
105028
103777
102523
101267
100009
98749.3
97488
96225
94960.6
93694.8
92427.8
91159.6
89890.5
88620.5
87349.8
86078.5
84806.7
83534.6
82262.4
80990.1
79718
78446.2
77174.9
75904.1
74634.2
73365.1
72097.2
70830.6
69565.5
68302.1
67040.5
65781
64523.8
63269
62016.9
60767.6
59521.5
58278.8
57039.6
55804.1
54572.8
53345.7
52123.1
50905.3
49692.5
48485
47283
46086.9
44896.9
43713.2
42536.1
41366
40203.1
39047.6
37899.8
36760
35628.5
34505.4
33391.1
32285.7
31189.3
30102.3
29024.7
27956.6
26898.1
25849.3
24810.2
226183
224312
222901
221659
220511
219426
218385
217364
216359
215383
214445
213531
212615
211686
210746
209836
208960
208061
207118
206163
205219
204279
203335
202386
201430
200488
199563
198650
197734
196807
195860
194897
193924
192946
191965
190981
190000
189024
188053
187088
186125
185173
184230
183295
182365
181436
180505
179578
178651
177717
176773
175820
174860
173896
172925
171947
170959
169957
168939
167906
166865
165820
164768
163704
162631
161550
160462
159368
158269
157165
156054
154940
153821
152698
151571
150440
149306
148168
147027
145882
144733
143582
142427
141269
140107
138943
137775
136604
135430
134252
133071
131886
130698
129507
128313
127115
125914
124709
123502
122291
121077
119860
118639
117416
116190
114961
113729
112494
111256
110016
108773
107528
106281
105031
103779
102525
101269
100011
98751
97489.5
96226.4
94961.9
93696
92428.9
91160.6
89891.4
88621.3
87350.5
86079.2
84807.3
83535.2
82262.9
80990.6
79718.5
78446.6
77175.2
75904.4
74634.4
73365.4
72097.4
70830.8
69565.7
68302.2
67040.6
65781.1
64523.8
63269
62016.9
60767.6
59521.5
58278.7
57039.5
55804.1
54572.7
53345.6
52123
50905.2
49692.4
48484.9
47283
46086.9
44896.8
43713.2
42536.1
41366
40203
39047.5
37899.8
36760
35628.5
34505.4
33391.1
32285.7
31189.4
30102.4
29024.8
27956.7
26898.1
25849.3
24810.3
227550
225496
223901
222532
221296
220141
219039
217971
216931
215921
214952
214011
213068
212102
211145
210241
209360
208432
207465
206491
205537
204581
203625
202654
201674
200718
199793
198878
197962
197032
196080
195112
194133
193148
192161
191173
190187
189207
188231
187260
186293
185339
184395
183460
182524
181585
180646
179711
178776
177833
176883
175923
174958
173988
173012
172027
171032
170023
168999
167961
166916
165867
164811
163745
162670
161587
160498
159404
158303
157197
156086
154971
153851
152727
151599
150467
149332
148193
147051
145905
144756
143603
142447
141288
140126
138961
137792
136620
135445
134266
133084
131899
130711
129519
128324
127125
125923
124718
123510
122299
121084
119867
118646
117422
116195
114966
113734
112498
111261
110020
108777
107532
106284
105034
103782
102527
101271
100013
98753
97491.4
96228.2
94963.5
93697.5
92430.3
91162
89892.7
88622.5
87351.6
86080.1
84808.2
83536
82263.7
80991.3
79719.1
78447.2
77175.8
75904.9
74634.9
73365.8
72097.8
70831.1
69566
68302.5
67040.9
65781.3
64524
63269.2
62017.1
60767.8
59521.7
58278.9
57039.7
55804.2
54572.9
53345.7
52123.2
50905.3
49692.6
48485.1
47283.1
46087
44897
43713.3
42536.3
41366.2
40203.2
39047.8
37900
36760.3
35628.8
34505.8
33391.6
32286.2
31190
30103.1
29025.6
27957.6
26899.2
25850.5
24811.6
228594
226551
224872
223415
222101
220879
219722
218612
217537
216496
215488
214507
213532
212553
211593
210667
209748
208796
207814
206829
205863
204901
203929
202933
201940
200975
200038
199118
198200
197267
196310
195338
194351
193359
192365
191372
190380
189397
188417
187440
186472
185516
184570
183632
182688
181739
180790
179847
178903
177952
176995
176030
175059
174082
173100
172109
171106
170090
169060
168018
166968
165915
164856
163788
162711
161627
160536
159440
158339
157231
156119
155002
153881
152756
151628
150495
149359
148219
147075
145928
144778
143625
142468
141308
140145
138979
137809
136637
135460
134281
133098
131912
130723
129530
128335
127135
125933
124727
123519
122307
121092
119874
118653
117428
116201
114971
113739
112503
111265
110024
108781
107535
106287
105037
103785
102530
101274
100015
98755.2
97493.4
96230.1
94965.3
93699.1
92431.8
91163.4
89894
88623.7
87352.7
86081.2
84809.2
83536.9
82264.5
80992.1
79719.8
78447.8
77176.3
75905.4
74635.3
73366.2
72098.2
70831.5
69566.3
68302.8
67041.1
65781.6
64524.3
63269.4
62017.3
60768
59521.9
58279.1
57039.8
55804.4
54573
53345.9
52123.3
50905.5
49692.7
48485.2
47283.3
46087.1
44897.1
43713.5
42536.5
41366.4
40203.5
39048.1
37900.4
36760.7
35629.3
34506.4
33392.3
32287.1
31191
30104.2
29026.9
27959.2
26901
25852.6
24814
229480
227513
225807
224295
222919
221642
220436
219283
218172
217095
216051
215034
214029
213030
212052
211097
210146
209167
208172
207183
206209
205238
204247
203232
202229
201253
200305
199381
198457
197518
196554
195576
194580
193581
192583
191586
190589
189600
188613
187630
186658
185701
184755
183810
182859
181897
180936
179984
179032
178076
177112
176141
175163
174179
173189
172191
171180
170157
169123
168076
167023
165966
164903
163832
162754
161668
160576
159478
158375
157267
156153
155035
153913
152787
151657
150523
149386
148245
147101
145953
144802
143647
142490
141329
140165
138997
137827
136653
135476
134296
133112
131926
130736
129542
128346
127146
125943
124737
123527
122315
121099
119881
118659
117435
116207
114977
113744
112508
111269
110028
108785
107539
106291
105040
103788
102533
101276
100018
98757.4
97495.5
96232
94967.1
93700.8
92433.4
91164.8
89895.3
88625
87353.9
86082.3
84810.2
83537.8
82265.3
80992.9
79720.5
78448.5
77176.9
75906
74635.8
73366.7
72098.6
70831.9
69566.7
68303.1
67041.4
65781.8
64524.5
63269.6
62017.5
60768.2
59522
58279.2
57040
55804.5
54573.1
53346
52123.4
50905.6
49692.8
48485.3
47283.4
46087.3
44897.3
43713.7
42536.7
41366.7
40203.8
39048.4
37900.8
36761.2
35629.9
34507.2
33393.2
32288.2
31192.4
30105.9
29028.9
27961.5
26903.7
25855.7
24817.4
230279
228396
226698
225157
223740
222419
221170
219977
218829
217717
216639
215588
214554
213533
212529
211541
210557
209562
208556
207561
206576
205592
204582
203559
202544
201560
200609
199676
198743
197784
196808
195816
194822
193821
192818
191817
190818
189820
188824
187833
186856
185897
184950
184001
183039
182062
181090
180127
179167
178202
177232
176256
175270
174277
173280
172273
171255
170226
169186
168138
167081
166019
164952
163879
162799
161712
160618
159518
158413
157303
156189
155069
153946
152819
151687
150552
149414
148272
147126
145977
144825
143670
142511
141350
140185
139016
137845
136670
135492
134311
133127
131939
130748
129554
128357
127157
125953
124746
123536
122323
121107
119888
118666
117441
116213
114983
113749
112513
111274
110033
108789
107543
106294
105044
103791
102536
101279
100020
98759.8
97497.7
96234.1
94969
93702.6
92435.1
91166.4
89896.8
88626.3
87355.1
86083.4
84811.2
83538.8
82266.2
80993.7
79721.3
78449.2
77177.5
75906.6
74636.4
73367.1
72099
70832.3
69567
68303.4
67041.7
65782.1
64524.7
63269.9
62017.7
60768.4
59522.2
58279.4
57040.1
55804.7
54573.3
53346.2
52123.6
50905.7
49693
48485.5
47283.6
46087.5
44897.5
43713.9
42537
41367
40204.2
39048.9
37901.4
36761.9
35630.7
34508.1
33394.4
32289.6
31194.1
30108
29031.4
27964.4
26907.2
25859.7
24822
231027
229221
227547
225998
224556
223201
221916
220688
219506
218363
217252
216168
215106
214058
213025
212009
211000
209987
208970
207960
206961
205959
204940
203908
202888
201900
200939
199991
199031
198058
197070
196072
195072
194069
193068
192067
191062
190051
189047
188050
187067
186104
185152
184195
183219
182231
181249
180277
179308
178334
177357
176374
175380
174378
173370
172355
171331
170296
169253
168201
167141
166076
165005
163929
162846
161756
160660
159559
158453
157341
156225
155105
153980
152851
151718
150582
149443
148299
147153
146003
144850
143693
142534
141371
140205
139036
137863
136688
135509
134327
133141
131953
130761
129567
128369
127168
125963
124756
123545
122332
121115
119896
118673
117448
116219
114988
113754
112518
111279
110037
108793
107547
106298
105047
103794
102539
101282
100023
98762.2
97499.9
96236.2
94971
93704.5
92436.8
91168
89898.3
88627.7
87356.4
86084.6
84812.3
83539.8
82267.2
80994.5
79722
78449.9
77178.2
75907.1
74636.9
73367.6
72099.5
70832.7
69567.4
68303.8
67042
65782.4
64525
63270.1
62017.9
60768.6
59522.4
58279.6
57040.3
55804.9
54573.4
53346.3
52123.7
50905.9
49693.1
48485.7
47283.8
46087.7
44897.7
43714.2
42537.3
41367.3
40204.6
39049.4
37902
36762.6
35631.7
34509.3
33395.7
32291.3
31196.2
30110.5
29034.4
27968
26911.4
25864.6
24827.6
231745
230005
228362
226817
225362
223984
222671
221413
220200
219026
217884
216771
215680
214606
213548
212506
211471
210439
209407
208381
207364
206346
205320
204287
203266
202264
201282
200307
199331
198345
197348
196342
195335
194333
193333
192327
191311
190295
189282
188282
187295
186321
185356
184388
183399
182400
181413
180434
179454
178471
177484
176493
175491
174479
173462
172438
171408
170369
169322
168266
167204
166135
165061
163981
162895
161803
160705
159602
158494
157381
156263
155141
154015
152884
151750
150613
149472
148328
147180
146029
144874
143717
142556
141392
140225
139055
137882
136705
135525
134342
133156
131967
130775
129579
128380
127179
125974
124766
123555
122340
121123
119903
118680
117454
116226
114994
113760
112523
111284
110042
108797
107551
106302
105050
103797
102542
101285
100025
98764.7
97502.3
96238.4
94973
93706.4
92438.6
91169.7
89899.8
88629.1
87357.7
86085.8
84813.5
83540.8
82268.1
80995.4
79722.8
78450.6
77178.9
75907.7
74637.4
73368.1
72100
70833.1
69567.8
68304.1
67042.4
65782.7
64525.3
63270.4
62018.1
60768.8
59522.6
58279.8
57040.5
55805
54573.6
53346.5
52123.9
50906.1
49693.3
48485.8
47284
46087.9
44898
43714.5
42537.6
41367.7
40205.1
39050
37902.7
36763.5
35632.7
34510.6
33397.3
32293.2
31198.5
30113.4
29037.9
27972.3
26916.4
25870.5
24834.3
232443
230759
229149
227615
226155
224763
223429
222145
220906
219704
218535
217393
216275
215176
214092
213024
211965
210913
209865
208822
207786
206754
205719
204682
203653
202637
201634
200639
199644
198644
197637
196627
195616
194609
193602
192589
191568
190546
189530
188526
187532
186546
185571
184584
183583
182578
181581
180597
179608
178611
177614
176612
175602
174583
173557
172526
171489
170445
169393
168334
167268
166196
165118
164035
162946
161852
160751
159646
158536
157421
156302
155178
154050
152919
151783
150645
149502
148357
147208
146055
144900
143741
142579
141414
140246
139075
137900
136723
135542
134358
133171
131981
130788
129592
128392
127190
125984
124776
123564
122349
121132
119911
118688
117461
116232
115000
113766
112528
111289
110046
108802
107555
106305
105054
103800
102545
101287
100028
98767.3
97504.7
96240.6
94975.2
93708.4
92440.4
91171.4
89901.4
88630.6
87359.1
86087.1
84814.6
83541.9
82269.1
80996.3
79723.7
78451.4
77179.5
75908.4
74638
73368.7
72100.4
70833.5
69568.2
68304.5
67042.7
65783
64525.6
63270.6
62018.4
60769
59522.8
58280
57040.7
55805.2
54573.8
53346.6
52124
50906.2
49693.5
48486
47284.2
46088.1
44898.2
43714.8
42538
41368.1
40205.6
39050.6
37903.4
36764.4
35633.8
34512
33399.1
32295.4
31201.2
30116.6
29041.9
27977.1
26922.2
25877.2
24842.1
233129
231492
229913
228394
226936
225535
224186
222883
221620
220394
219199
218032
216888
215763
214655
213562
212481
211408
210342
209282
208230
207181
206134
205088
204049
203020
201999
200985
199973
198959
197942
196924
195906
194891
193875
192856
191833
190809
189790
188774
187767
186773
185782
184784
183775
182764
181761
180764
179762
178754
177746
176735
175716
174689
173655
172618
171575
170525
169467
168404
167335
166259
165178
164092
163000
161902
160800
159692
158580
157463
156342
155216
154087
152954
151817
150677
149533
148386
147236
146082
144926
143766
142603
141437
140267
139095
137920
136741
135559
134375
133187
131996
130802
129605
128404
127201
125995
124786
123573
122358
121140
119919
118695
117468
116238
115006
113771
112534
111294
110051
108806
107559
106309
105058
103804
102548
101290
100031
98769.9
97507.2
96243
94977.4
93710.4
92442.3
91173.1
89903
88632.1
87360.5
86088.3
84815.8
83543
82270.1
80997.2
79724.5
78452.1
77180.3
75909
74638.6
73369.2
72100.9
70834
69568.6
68304.9
67043.1
65783.3
64525.9
63270.9
62018.6
60769.3
59523.1
58280.2
57040.9
55805.4
54574
53346.8
52124.2
50906.4
49693.7
48486.2
47284.4
46088.4
44898.5
43715.1
42538.3
41368.6
40206.1
39051.2
37904.2
36765.4
35635.1
34513.5
33401
32297.8
31204.1
30120.2
29046.3
27982.4
26928.6
25884.8
24850.8
233805
232209
230658
229156
227703
226299
224939
223621
222340
221092
219875
218684
217515
216367
215236
214120
213017
211923
210838
209760
208689
207625
206564
205508
204456
203412
202375
201344
200316
199288
198261
197233
196205
195180
194155
193130
192103
191075
190050
189027
188010
187002
185997
184989
183974
182956
181944
180933
179918
178901
177882
176860
175831
174797
173757
172713
171663
170607
169545
168477
167404
166324
165240
164150
163055
161954
160849
159739
158625
157506
156383
155256
154125
152990
151852
150710
149565
148416
147265
146110
144952
143791
142627
141459
140289
139115
137939
136759
135577
134391
133202
132010
130815
129618
128417
127213
126006
124796
123583
122367
121148
119927
118702
117475
116245
115012
113777
112539
111299
110056
108811
107563
106313
105061
103807
102551
101294
100034
98772.6
97509.8
96245.4
94979.6
93712.5
92444.2
91174.9
89904.7
88633.6
87361.9
86089.7
84817
83544.1
82271.1
80998.2
79725.4
78452.9
77181
75909.7
74639.2
73369.8
72101.5
70834.5
69569
68305.3
67043.4
65783.7
64526.2
63271.2
62018.9
60769.5
59523.3
58280.4
57041.1
55805.6
54574.2
53347
52124.4
50906.6
49693.9
48486.4
47284.6
46088.6
44898.8
43715.4
42538.7
41369.1
40206.7
39051.9
37905.1
36766.5
35636.4
34515.1
33403
32300.3
31207.2
30124.1
29051
27988.2
26935.6
25893.1
24860.6
234475
232914
231389
229903
228458
227053
225687
224357
223061
221796
220558
219346
218156
216985
215832
214694
213569
212455
211351
210255
209166
208085
207009
205939
204874
203815
202763
201716
200673
199631
198591
197552
196514
195479
194445
193411
192377
191343
190311
189280
188254
187233
186215
185197
184174
183148
182125
181102
180077
179050
178020
176988
175951
174909
173862
172811
171755
170693
169626
168553
167475
166392
165304
164210
163112
162008
160901
159788
158671
157550
156425
155296
154163
153027
151887
150744
149597
148447
147294
146138
144978
143816
142651
141482
140311
139136
137958
136778
135594
134407
133218
132025
130829
129631
128429
127224
126017
124806
123593
122376
121157
119935
118710
117482
116252
115018
113783
112544
111304
110061
108815
107567
106317
105065
103811
102555
101297
100037
98775.4
97512.3
96247.8
94981.9
93714.6
92446.2
91176.7
89906.4
88635.2
87363.4
86091
84818.3
83545.3
82272.2
80999.1
79726.3
78453.8
77181.7
75910.4
74639.9
73370.3
72102
70835
69569.5
68305.7
67043.8
65784
64526.5
63271.5
62019.2
60769.8
59523.5
58280.6
57041.3
55805.8
54574.4
53347.2
52124.6
50906.8
49694.1
48486.7
47284.8
46088.9
44899.1
43715.8
42539.1
41369.5
40207.3
39052.6
37906
36767.6
35637.7
34516.8
33405.1
32302.9
31210.5
30128.1
29056
27994.4
26943.1
25902.2
24871.3
235086
233552
232048
230577
229140
227737
226368
225030
223723
222445
221191
219962
218754
217565
216393
215236
214092
212960
211839
210726
209622
208525
207435
206350
205272
204200
203133
202072
201015
199961
198909
197858
196811
195765
194721
193678
192636
191594
190554
189516
188480
187449
186421
185391
184359
183327
182295
181262
180228
179191
178153
177112
176067
175017
173964
172906
171844
170777
169704
168627
167545
166458
165365
164269
163167
162061
160951
159836
158717
157593
156466
155335
154201
153062
151921
150776
149628
148477
147322
146165
145004
143840
142674
141504
140331
139156
137977
136796
135611
134423
133233
132039
130843
129643
128441
127235
126027
124816
123602
122385
121165
119942
118717
117489
116258
115024
113788
112550
111309
110065
108819
107571
106321
105069
103814
102558
101300
100040
98778
97514.8
96250.1
94984
93716.6
92448
91178.4
89907.9
88636.6
87364.7
86092.2
84819.4
83546.3
82273.1
81000
79727.1
78454.5
77182.4
75911
74640.4
73370.8
72102.4
70835.4
69569.8
68306
67044.1
65784.3
64526.7
63271.7
62019.4
60770
59523.7
58280.8
57041.4
55805.9
54574.5
53347.3
52124.7
50906.9
49694.2
48486.8
47285
46089.1
44899.3
43716
42539.4
41369.9
40207.8
39053.3
37906.8
36768.6
35639
34518.4
33407.1
32305.4
31213.7
30132.2
29061.2
28000.8
26951.1
25911.9
24882.8
235689
234178
232693
231236
229807
228407
227036
225694
224378
223087
221821
220576
219352
218146
216956
215781
214620
213471
212332
211203
210083
208971
207866
206767
205675
204589
203509
202434
201363
200296
199232
198170
197112
196055
195001
193948
192897
191847
190798
189752
188708
187666
186626
185587
184547
183506
182464
181422
180378
179333
178286
177237
176184
175127
174067
173003
171935
170862
169784
168702
167616
166525
165429
164328
163224
162115
161001
159884
158762
157637
156508
155375
154238
153099
151955
150809
149660
148507
147351
146192
145030
143865
142697
141526
140352
139176
137996
136813
135628
134439
133248
132053
130856
129656
128453
127247
126038
124826
123611
122394
121173
119950
118724
117496
116264
115030
113794
112555
111314
110070
108824
107576
106325
105072
103818
102561
101303
100043
98780.8
97517.4
96252.6
94986.3
93718.8
92450.1
91180.3
89909.7
88638.3
87366.2
86093.6
84820.7
83547.5
82274.3
81001.1
79728.1
78455.4
77183.3
75911.8
74641.2
73371.5
72103.1
70836
69570.4
68306.5
67044.6
65784.7
64527.2
63272.1
62019.8
60770.3
59524
58281.1
57041.7
55806.2
54574.8
53347.6
52125
50907.2
49694.5
48487.1
47285.3
46089.4
44899.7
43716.4
42539.9
41370.5
40208.4
39054.1
37907.7
36769.7
35640.4
34520.1
33409.3
32308.1
31217.1
30136.5
29066.6
28007.6
26959.5
25922.3
24895.4
236372
234884
233417
231973
230553
229157
227786
226438
225114
223813
222533
221273
220032
218807
217599
216406
215225
214057
212900
211752
210614
209484
208362
207247
206139
205037
203940
202849
201763
200681
199603
198528
197456
196387
195320
194256
193193
192133
191074
190017
188962
187909
186858
185807
184756
183705
182653
181601
180548
179493
178436
177377
176316
175251
174184
173112
172037
170958
169875
168787
167696
166600
165500
164396
163287
162175
161058
159938
158814
157686
156554
155419
154280
153138
151994
150845
149694
148540
147382
146221
145058
143892
142723
141550
140375
139197
138016
136833
135646
134457
133264
132069
130871
129670
128466
127259
126049
124837
123621
122403
121182
119958
118732
117503
116271
115037
113800
112561
111319
110075
108829
107580
106329
105076
103822
102565
101306
100046
98783.8
97520.2
96255.2
94988.7
93721
92452.2
91182.3
89911.5
88640
87367.8
86095.2
84822.1
83548.8
82275.5
81002.2
79729.1
78456.4
77184.2
75912.6
74642
73372.3
72103.8
70836.6
69571
68307.1
67045.1
65785.2
64527.6
63272.6
62020.2
60770.7
59524.4
58281.5
57042.1
55806.6
54575.1
53347.9
52125.3
50907.5
49694.8
48487.4
47285.7
46089.8
44900.1
43716.9
42540.4
41371.1
40209.1
39054.8
37908.7
36770.9
35641.8
34521.9
33411.4
32310.9
31220.5
30140.8
29072
28014.5
26968.3
25933.2
24908.8
237138
235671
234222
232791
231379
229988
228616
227265
225934
224622
223329
222054
220795
219553
218326
217112
215912
214723
213545
212378
211219
210070
208928
207794
206667
205547
204433
203324
202220
201121
200027
198936
197848
196764
195683
194605
193529
192456
191384
190314
189247
188181
187117
186053
184990
183928
182865
181801
180737
179671
178604
177535
176464
175391
174315
173235
172153
171066
169977
168883
167786
166685
165580
164471
163359
162242
161122
159998
158871
157740
156605
155468
154327
153183
152036
150885
149732
148576
147416
146254
145089
143921
142750
141577
140400
139221
138039
136854
135666
134475
133282
132085
130886
129684
128479
127272
126061
124848
123632
122413
121191
119967
118740
117511
116278
115044
113806
112567
111325
110080
108834
107585
106334
105081
103826
102569
101310
100049
98786.9
97523.1
96257.9
94991.3
93723.4
92454.4
91184.4
89913.5
88641.8
87369.5
86096.7
84823.6
83550.2
82276.8
81003.4
79730.2
78457.4
77185.2
75913.6
74642.8
73373.1
72104.5
70837.3
69571.6
68307.7
67045.7
65785.8
64528.1
63273
62020.6
60771.1
59524.8
58281.8
57042.5
55806.9
54575.4
53348.3
52125.7
50907.9
49695.1
48487.8
47286
46090.2
44900.5
43717.3
42540.9
41371.6
40209.8
39055.6
37909.6
36772
35643.2
34523.6
33413.6
32313.5
31223.9
30145
29077.4
28021.4
26977.2
25944.6
24923
237985
236538
235104
233685
232281
230893
229522
228168
226830
225509
224204
222914
221639
220379
219133
217899
216677
215467
214268
213079
211899
210728
209565
208410
207262
206121
204987
203858
202735
201617
200504
199395
198290
197189
196091
194997
193905
192816
191730
190645
189563
188483
187405
186327
185250
184174
183098
182022
180946
179869
178790
177711
176629
175546
174460
173372
172281
171187
170090
168990
167886
166780
165669
164555
163438
162317
161193
160065
158934
157800
156662
155522
154378
153231
152081
150929
149773
148615
147453
146289
145122
143952
142780
141605
140427
139246
138062
136876
135687
134495
133300
132103
130903
129700
128494
127285
126074
124860
123643
122424
121201
119976
118749
117519
116286
115051
113813
112573
111331
110086
108839
107590
106338
105085
103830
102572
101313
100053
98790.2
97526.2
96260.7
94993.9
93725.9
92456.7
91186.6
89915.5
88643.7
87371.3
86098.4
84825.2
83551.7
82278.2
81004.7
79731.5
78458.6
77186.2
75914.6
74643.8
73374
72105.3
70838.1
69572.4
68308.4
67046.3
65786.4
64528.7
63273.6
62021.2
60771.7
59525.3
58282.3
57042.9
55807.4
54575.9
53348.7
52126.1
50908.3
49695.6
48488.2
47286.5
46090.7
44901
43717.9
42541.5
41372.3
40210.5
39056.5
37910.6
36773.2
35644.6
34525.3
33415.6
32316.1
31227.1
30149.1
29082.6
28028.1
26985.8
25955.8
24937.4
238907
237475
236054
234645
233249
231865
230494
229137
227793
226463
225147
223844
222553
221276
220010
218757
217514
216282
215061
213849
212647
211453
210267
209090
207919
206756
205600
204449
203305
202166
201032
199903
198778
197658
196542
195429
194319
193213
192110
191009
189910
188814
187720
186627
185535
184445
183355
182265
181175
180085
178994
177903
176810
175716
174620
173522
172422
171319
170215
169107
167997
166883
165767
164648
163525
162399
161270
160138
159003
157865
156724
155580
154433
153283
152131
150975
149817
148656
147493
146326
145157
143986
142811
141634
140455
139272
138087
136900
135709
134516
133320
132121
130920
129716
128509
127300
126087
124872
123655
122434
121211
119986
118758
117527
116294
115058
113820
112580
111337
110092
108844
107595
106343
105090
103834
102576
101317
100056
98793.4
97529.2
96263.5
94996.5
93728.3
92459
91188.7
89917.5
88645.6
87373.1
86100.1
84826.7
83553.2
82279.6
81006
79732.7
78459.7
77187.3
75915.6
74644.7
73374.9
72106.2
70838.9
69573.2
68309.1
67047
65787
64529.4
63274.2
62021.8
60772.2
59525.9
58282.9
57043.5
55807.9
54576.4
53349.2
52126.6
50908.8
49696.1
48488.7
47287
46091.2
44901.6
43718.5
42542.2
41373
40211.3
39057.4
37911.6
36774.3
35645.9
34526.8
33417.5
32318.4
31229.9
30152.7
29087.2
28034
26993.6
25966.1
24951
239884
238465
237055
235654
234263
232882
231511
230151
228802
227465
226138
224822
223518
222224
220941
219668
218405
217153
215909
214675
213450
212233
211024
209823
208629
207443
206263
205090
203923
202761
201605
200454
199308
198167
197030
195897
194768
193642
192520
191401
190285
189171
188060
186950
185843
184736
183631
182526
181422
180319
179215
178110
177006
175900
174793
173685
172575
171463
170350
169234
168116
166996
165873
164747
163619
162488
161354
160217
159078
157935
156790
155642
154492
153339
152183
151025
149864
148700
147534
146366
145195
144021
142845
141666
140484
139300
138113
136924
135732
134537
133340
132140
130938
129733
128525
127314
126101
124885
123667
122446
121222
119996
118767
117536
116302
115066
113827
112586
111343
110097
108850
107600
106348
105094
103838
102580
101321
100059
98796.5
97532.1
96266.2
94999.1
93730.7
92461.2
91190.8
89919.5
88647.4
87374.8
86101.7
84828.3
83554.6
82280.9
81007.3
79733.9
78460.9
77188.4
75916.6
74645.7
73375.7
72107
70839.7
69573.9
68309.8
67047.7
65787.7
64530
63274.8
62022.3
60772.8
59526.4
58283.4
57044
55808.4
54576.9
53349.7
52127.1
50909.3
49696.6
48489.2
47287.5
46091.7
44902.1
43719.1
42542.8
41373.7
40212
39058.2
37912.5
36775.4
35647.2
34528.3
33419.2
32320.4
31232.5
30155.9
29091.3
28039.3
27000.7
25975.6
24963.8
240880
239471
238069
236675
235288
233909
232538
231176
229822
228478
227142
225815
224498
223190
221891
220601
219319
218047
216783
215527
214280
213041
211809
210585
209368
208158
206955
205758
204568
203384
202205
201032
199864
198701
197542
196388
195239
194093
192951
191813
190678
189545
188416
187289
186164
185042
183921
182801
181682
180564
179446
178329
177211
176094
174975
173856
172736
171615
170493
169369
168243
167115
165986
164854
163719
162582
161443
160301
159157
158010
156860
155708
154554
153397
152238
151076
149912
148746
147577
146406
145233
144057
142879
141698
140514
139328
138140
136949
135756
134559
133361
132160
130956
129749
128540
127329
126115
124898
123679
122457
121232
120005
118776
117544
116310
115073
113834
112592
111349
110103
108855
107605
106352
105098
103842
102584
101324
100063
98799.5
97534.8
96268.8
95001.4
93732.9
92463.3
91192.7
89921.3
88649.2
87376.4
86103.2
84829.7
83556
82282.2
81008.5
79735
78461.9
77189.4
75917.5
74646.5
73376.6
72107.8
70840.4
69574.6
68310.5
67048.3
65788.3
64530.6
63275.4
62022.9
60773.3
59526.9
58283.9
57044.5
55808.9
54577.4
53350.2
52127.6
50909.8
49697.1
48489.8
47288.1
46092.3
44902.7
43719.7
42543.5
41374.4
40212.8
39059
37913.4
36776.4
35648.4
34529.7
33420.9
32322.4
31234.8
30158.7
29094.9
28044
27007
25984.3
24975.8
241623
240222
238825
237435
236050
234673
233302
231939
230582
229233
227892
226559
225233
223916
222606
221304
220011
218725
217447
216177
214914
213659
212411
211171
209937
208710
207490
206276
205069
203867
202671
201481
200296
199116
197942
196772
195606
194445
193288
192135
190985
189839
188695
187555
186418
185282
184149
183017
181887
180757
179629
178502
177374
176247
175120
173993
172865
171737
170607
169477
168345
167212
166077
164940
163800
162659
161515
160369
159220
158069
156916
155761
154603
153443
152281
151117
149951
148782
147612
146439
145263
144086
142905
141723
140538
139351
138161
136969
135774
134577
133377
132175
130970
129763
128553
127340
126125
124908
123688
122465
121240
120013
118783
117550
116316
115078
113839
112597
111353
110107
108858
107608
106355
105101
103845
102586
101326
100065
98801.4
97536.6
96270.4
95002.9
93734.3
92464.6
91193.9
89922.4
88650.2
87377.3
86104.1
84830.5
83556.7
82282.8
81009.1
79735.5
78462.4
77189.8
75917.9
74646.9
73376.9
72108
70840.6
69574.8
68310.6
67048.4
65788.4
64530.6
63275.4
62022.8
60773.3
59526.8
58283.8
57044.4
55808.8
54577.2
53350
52127.4
50909.6
49696.9
48489.6
47287.9
46092.1
44902.6
43719.5
42543.3
41374.3
40212.7
39059
37913.4
36776.5
35648.5
34530
33421.3
32323.1
31235.8
30160.2
29096.9
28046.9
27011.3
25990.8
24985.7
242102
240705
239312
237924
236542
235165
233795
232431
231073
229722
228377
227040
225710
224387
223071
221762
220461
219167
217881
216602
215330
214065
212807
211556
210312
209074
207843
206619
205400
204188
202981
201780
200584
199393
198208
197027
195851
194680
193513
192349
191190
190035
188882
187733
186587
185443
184302
183162
182024
180888
179752
178618
177484
176351
175218
174086
172953
171819
170685
169551
168415
167278
166140
164999
163857
162713
161566
160416
159265
158111
156955
155797
154637
153475
152311
151145
149977
148807
147635
146461
145284
144105
142924
141740
140554
139366
138175
136982
135787
134589
133388
132185
130980
129772
128561
127348
126133
124915
123694
122471
121246
120018
118787
117555
116320
115082
113842
112600
111356
110110
108861
107610
106358
105103
103846
102588
101328
100066
98802.8
97537.9
96271.6
95004
93735.3
92465.5
91194.7
89923.2
88650.9
87378
86104.7
84831.1
83557.2
82283.3
81009.5
79736
78462.8
77190.2
75918.2
74647.2
73377.1
72108.3
70840.8
69575
68310.8
67048.6
65788.5
64530.7
63275.5
62022.9
60773.3
59526.9
58283.9
57044.4
55808.8
54577.3
53350.1
52127.4
50909.6
49696.9
48489.6
47287.9
46092.1
44902.6
43719.6
42543.4
41374.4
40212.8
39059.1
37913.7
36776.8
35648.9
34530.4
33421.9
32323.8
31236.8
30161.5
29098.8
28049.6
27015.2
25996.6
24995
242440
241046
239655
238270
236889
235514
234143
232779
231420
230068
228721
227382
226048
224722
223402
222089
220783
219483
218191
216906
215627
214356
213091
211833
210582
209337
208098
206866
205639
204419
203205
201996
200792
199594
198401
197212
196029
194850
193675
192505
191339
190177
189018
187863
186710
185561
184413
183268
182125
180983
179842
178703
177565
176427
175290
174153
173017
171880
170743
169605
168467
167328
166187
165045
163900
162754
161604
160452
159298
158142
156983
155823
154661
153498
152332
151165
149996
148825
147652
146477
145299
144120
142938
141753
140566
139377
138186
136992
135796
134597
133396
132193
130987
129778
128567
127354
126138
124920
123699
122475
121250
120021
118791
117558
116323
115085
113845
112603
111358
110112
108863
107612
106359
105104
103848
102589
101329
100067
98803.7
97538.8
96272.4
95004.8
93736
92466.1
91195.4
89923.7
88651.4
87378.5
86105.2
84831.5
83557.6
82283.7
81009.9
79736.3
78463.1
77190.4
75918.5
74647.4
73377.3
72108.5
70841
69575.1
68310.9
67048.7
65788.6
64530.8
63275.5
62023
60773.4
59526.9
58283.9
57044.4
55808.8
54577.3
53350.1
52127.4
50909.6
49696.9
48489.6
47287.9
46092.2
44902.6
43719.6
42543.4
41374.4
40212.9
39059.2
37913.8
36777
35649.1
34530.8
33422.3
32324.4
31237.6
30162.5
29100.2
28051.6
27018.3
26001.4
25003.4
242677
241285
239897
238513
237134
235759
234389
233024
231665
230312
228964
227623
226287
224958
223636
222320
221010
219707
218411
217122
215839
214563
213293
212030
210774
209524
208280
207042
205811
204585
203365
202150
200941
199737
198539
197345
196156
194971
193792
192616
191445
190278
189115
187955
186799
185645
184494
183344
182197
181051
179907
178764
177622
176481
175341
174202
173063
171924
170785
169645
168506
167365
166223
165079
163934
162785
161634
160480
159323
158164
157004
155842
154678
153514
152347
151180
150010
148838
147664
146489
145311
144130
142948
141763
140575
139386
138194
136999
135803
134604
133402
132198
130992
129783
128572
127358
126142
124923
123702
122479
121253
120024
118793
117560
116325
115087
113847
112604
111360
110113
108864
107613
106360
105105
103849
102590
101330
100068
98804.4
97539.4
96273
95005.3
93736.5
92466.6
91195.8
89924.1
88651.8
87378.9
86105.5
84831.8
83557.9
82284
81010.1
79736.5
78463.3
77190.6
75918.6
74647.5
73377.4
72108.6
70841.1
69575.2
68311
67048.8
65788.6
64530.8
63275.5
62023
60773.4
59527
58283.9
57044.4
55808.8
54577.3
53350.1
52127.4
50909.6
49696.9
48489.6
47287.9
46092.2
44902.6
43719.6
42543.5
41374.5
40213
39059.3
37913.9
36777.1
35649.3
34531
33422.6
32324.8
31238.1
30163.3
29101.3
28053.1
27020.7
26005.4
25010.7
242842
241452
240065
238682
237304
235930
234560
233196
231836
230482
229134
227791
226454
225124
223799
222481
221169
219864
218565
217273
215987
214708
213435
212169
210909
209655
208408
207166
205931
204702
203478
202260
201047
199839
198636
197438
196245
195057
193873
192694
191520
190350
189183
188021
186862
185705
184551
183398
182248
181099
179952
178807
177663
176519
175377
174236
173095
171955
170815
169674
168533
167392
166250
165106
163959
162810
161657
160501
159342
158181
157018
155855
154690
153525
152358
151190
150019
148847
147673
146497
145318
144138
142955
141769
140582
139391
138199
137004
135808
134608
133406
132202
130995
129786
128575
127361
126144
124926
123704
122481
121255
120026
118795
117562
116326
115088
113848
112605
111361
110114
108865
107614
106361
105106
103849
102591
101330
100068
98804.9
97539.8
96273.4
95005.7
93736.8
92466.9
91196.1
89924.4
88652
87379.1
86105.7
84832
83558.1
82284.1
81010.3
79736.6
78463.4
77190.7
75918.7
74647.6
73377.5
72108.7
70841.2
69575.2
68311
67048.8
65788.7
64530.8
63275.6
62023
60773.4
59527
58283.9
57044.4
55808.8
54577.3
53350.1
52127.4
50909.6
49696.9
48489.6
47287.9
46092.1
44902.6
43719.6
42543.5
41374.5
40213
39059.3
37913.9
36777.2
35649.4
34531.1
33422.9
32325.1
31238.5
30163.9
29102.1
28054.3
27022.4
26008.5
25017
242955
241566
240180
238798
237420
236047
234677
233313
231953
230599
229250
227907
226569
225237
223912
222592
221279
219972
218671
217377
216089
214808
213533
212264
211002
209746
208496
207253
206015
204783
203556
202335
201120
199909
198704
197503
196308
195116
193930
192748
191571
190398
189230
188066
186905
185747
184590
183436
182284
181133
179984
178836
177690
176546
175402
174260
173118
171977
170836
169695
168553
167412
166270
165127
163980
162830
161676
160518
159356
158193
157028
155863
154698
153532
152365
151196
150026
148854
147680
146503
145324
144143
142960
141774
140586
139396
138203
137008
135811
134611
133409
132205
130998
129789
128577
127363
126146
124927
123706
122482
121256
120027
118796
117563
116327
115089
113849
112606
111361
110114
108866
107614
106361
105107
103850
102591
101331
100069
98805.2
97540.1
96273.6
95005.9
93737
92467.1
91196.3
89924.6
88652.2
87379.2
86105.8
84832.1
83558.2
82284.3
81010.4
79736.7
78463.5
77190.8
75918.8
74647.7
73377.6
72108.7
70841.2
69575.2
68311.1
67048.8
65788.7
64530.8
63275.6
62023
60773.4
59526.9
58283.9
57044.4
55808.8
54577.2
53350
52127.4
50909.6
49696.9
48489.6
47287.9
46092.1
44902.6
43719.6
42543.4
41374.5
40213
39059.4
37914
36777.2
35649.5
34531.2
33423
32325.3
31238.8
30164.2
29102.6
28055.1
27023.7
26010.9
25022.3
243030
241642
240257
238876
237498
236125
234756
233391
232032
230677
229328
227984
226646
225313
223987
222667
221352
220044
218743
217447
216158
214875
213599
212329
211065
209808
208556
207311
206071
204838
203610
202387
201169
199957
198750
197548
196350
195156
193968
192784
191604
190431
189261
188096
186934
185775
184617
183461
182307
181155
180005
178856
177709
176563
175418
174275
173133
171991
170850
169708
168567
167426
166286
165143
163998
162847
161692
160531
159367
158201
157034
155868
154702
153536
152369
151200
150030
148858
147684
146507
145328
144147
142963
141777
140589
139398
138206
137011
135813
134613
133411
132207
131000
129790
128578
127364
126148
124929
123707
122483
121257
120028
118797
117564
116328
115090
113849
112607
111362
110115
108866
107615
106362
105107
103850
102591
101331
100069
98805.4
97540.3
96273.8
95006.1
93737.2
92467.2
91196.4
89924.7
88652.3
87379.3
86105.9
84832.2
83558.3
82284.3
81010.4
79736.8
78463.5
77190.8
75918.8
74647.7
73377.6
72108.7
70841.2
69575.3
68311.1
67048.8
65788.7
64530.8
63275.5
62023
60773.4
59526.9
58283.9
57044.4
55808.8
54577.2
53350
52127.4
50909.6
49696.9
48489.5
47287.8
46092.1
44902.6
43719.6
42543.4
41374.4
40213
39059.3
37914
36777.2
35649.5
34531.3
33423.1
32325.4
31238.9
30164.5
29102.9
28055.6
27024.5
26012.6
25026.6
243078
241691
240307
238926
237548
236175
234806
233442
232082
230728
229378
228034
226695
225363
224036
222715
221400
220091
218789
217493
216203
214919
213642
212371
211106
209848
208595
207349
206108
204874
203644
202420
201202
199989
198780
197577
196378
195183
193992
192806
191625
190450
189281
188116
186953
185793
184635
183478
182323
181170
180018
178868
177720
176573
175428
174285
173143
172001
170859
169717
168576
167436
166297
165157
164013
162862
161704
160541
159374
158206
157038
155871
154704
153538
152371
151203
150033
148861
147687
146510
145331
144149
142965
141779
140591
139400
138207
137012
135815
134615
133413
132208
131001
129791
128579
127365
126148
124929
123708
122484
121257
120029
118797
117564
116328
115090
113850
112607
111362
110115
108866
107615
106362
105107
103850
102592
101331
100069
98805.5
97540.4
96273.9
95006.1
93737.2
92467.3
91196.4
89924.7
88652.3
87379.4
86106
84832.2
83558.3
82284.3
81010.5
79736.8
78463.5
77190.8
75918.8
74647.7
73377.6
72108.7
70841.2
69575.2
68311
67048.8
65788.6
64530.8
63275.5
62023
60773.3
59526.9
58283.8
57044.4
55808.7
54577.2
53350
52127.3
50909.5
49696.8
48489.5
47287.8
46092
44902.5
43719.5
42543.4
41374.4
40212.9
39059.3
37913.9
36777.2
35649.5
34531.3
33423.1
32325.5
31239
30164.6
29103.1
28056
27025
26013.9
25029.9
243107
241721
240337
238956
237579
236206
234837
233473
232113
230758
229409
228064
226726
225393
224065
222744
221429
220120
218817
217520
216230
214946
213668
212396
211131
209872
208619
207372
206131
204896
203666
202441
201222
200008
198799
197595
196396
195200
194007
192818
191636
190461
189292
188127
186965
185805
184646
183488
182332
181179
180026
178876
177727
176580
175434
174291
173149
172007
170865
169722
168580
167441
166302
165163
164020
162870
161711
160546
159378
158209
157040
155873
154706
153540
152373
151205
150035
148863
147688
146512
145332
144151
142967
141780
140592
139401
138208
137013
135815
134616
133413
132208
131001
129792
128580
127365
126149
124930
123708
122484
121258
120029
118798
117564
116328
115090
113850
112607
111362
110115
108866
107615
106362
105107
103850
102592
101331
100069
98805.5
97540.4
96273.9
95006.2
93737.3
92467.3
91196.4
89924.8
88652.4
87379.4
86106
84832.3
83558.3
82284.4
81010.5
79736.8
78463.5
77190.8
75918.8
74647.7
73377.6
72108.7
70841.2
69575.2
68311
67048.8
65788.6
64530.8
63275.5
62022.9
60773.3
59526.9
58283.8
57044.3
55808.7
54577.1
53349.9
52127.3
50909.5
49696.8
48489.4
47287.8
46092
44902.5
43719.5
42543.3
41374.4
40212.9
39059.3
37913.9
36777.2
35649.5
34531.3
33423.1
32325.5
31239
30164.7
29103.1
28056.1
27025.2
26014.8
25032.4
243123
241737
240353
238972
237595
236222
234854
233489
232129
230775
229425
228081
226742
225409
224081
222760
221445
220136
218832
217535
216245
214960
213682
212410
211145
209885
208633
207385
206144
204908
203678
202453
201233
200019
198810
197606
196407
195211
194017
192825
191640
190465
189297
188133
186972
185811
184652
183494
182337
181183
180031
178880
177731
176583
175437
174294
173152
172010
170867
169725
168583
167444
166305
165166
164022
162871
161713
160548
159379
158210
157041
155874
154707
153541
152374
151206
150036
148864
147689
146512
145333
144151
142967
141781
140592
139402
138209
137013
135816
134616
133414
132209
131002
129792
128580
127366
126149
124930
123708
122484
121258
120029
118798
117564
116328
115090
113850
112607
111362
110115
108866
107615
106362
105107
103850
102592
101331
100069
98805.5
97540.4
96273.9
95006.2
93737.3
92467.3
91196.5
89924.8
88652.4
87379.4
86106
84832.2
83558.3
82284.3
81010.4
79736.8
78463.5
77190.8
75918.8
74647.7
73377.6
72108.7
70841.1
69575.2
68311
67048.7
65788.6
64530.8
63275.5
62022.9
60773.3
59526.8
58283.7
57044.3
55808.7
54577.1
53349.9
52127.2
50909.4
49696.7
48489.4
47287.7
46092
44902.4
43719.4
42543.3
41374.3
40212.8
39059.2
37913.9
36777.1
35649.4
34531.2
33423.1
32325.5
31239
30164.7
29103.2
28056.3
27025.4
26015.3
25034.1
243129
241743
240359
238979
237602
236229
234860
233496
232136
230781
229432
228087
226748
225415
224088
222767
221451
220142
218839
217542
216251
214966
213688
212416
211150
209891
208638
207391
206149
204913
203683
202457
201238
200023
198815
197611
196411
195216
194021
192830
191644
190468
189300
188136
186974
185813
184654
183496
182339
181185
180033
178882
177733
176585
175439
174295
173153
172011
170868
169726
168584
167444
166305
165165
164021
162871
161712
160548
159380
158211
157042
155875
154708
153541
152374
151206
150036
148864
147689
146513
145333
144152
142968
141781
140593
139402
138209
137014
135816
134616
133414
132209
131002
129792
128580
127366
126149
124930
123708
122484
121258
120029
118798
117564
116329
115090
113850
112607
111362
110115
108866
107615
106362
105107
103850
102592
101331
100069
98805.5
97540.4
96273.9
95006.2
93737.3
92467.3
91196.4
89924.7
88652.3
87379.4
86106
84832.2
83558.3
82284.3
81010.4
79736.8
78463.5
77190.8
75918.8
74647.6
73377.5
72108.6
70841.1
69575.2
68311
67048.7
65788.5
64530.7
63275.4
62022.9
60773.2
59526.8
58283.7
57044.2
55808.6
54577.1
53349.8
52127.2
50909.4
49696.7
48489.4
47287.7
46091.9
44902.4
43719.4
42543.2
41374.3
40212.8
39059.2
37913.8
36777.1
35649.4
34531.2
33423
32325.4
31239
30164.7
29103.2
28056.3
27025.4
26015.5
25035.1
24107.3
23183.9
22211.5
21199.4
20155.8
19084.1
17987
16866.9
15726.6
14569
13397.4
12216.2
11029.8
9843.8
8664.68
7500.39
6360.04
5254.96
4198.32
3206.36
2297.89
1496.28
828.637
329.756
42.7312
24079.6
23146.3
22172.9
21161.6
20118.4
19047.5
17951.5
16832.7
15693.7
14537.5
13367.6
12187.9
11003
9818.43
8640.74
7477.86
6339.18
5235.88
4181.29
3191.46
2285.37
1486.19
821.312
325.196
41.4111
24055.6
23112.2
22135.5
21123.9
20081
19010.5
17915.3
16797.4
15659.5
14504.6
13335.9
12157.5
10974
9791
8615.04
7453.99
6317.21
5215.94
4163.48
3175.92
2272.24
1475.68
813.587
320.542
40.0755
24033.7
23082.2
22101.7
21089.1
20046.2
18976
17881.3
16764.3
15627.4
14473.5
13306.1
12129
10946.9
9765.37
8590.95
7431.53
6296.52
5197.14
4146.7
3161.31
2259.95
1465.87
806.484
316.338
38.9735
24013.5
23055.4
22070.8
21056.6
20013.2
18943.1
17848.8
16732.4
15596.4
14443.5
13277.2
12101.3
10920.5
9740.37
8567.5
7409.76
6276.5
5178.97
4130.49
3147.18
2248.06
1456.4
799.621
312.375
38.0133
23994.5
23030.9
22042.4
21026.2
19982.3
18912.2
17818.2
16702.4
15567.1
14415.2
13249.9
12075.2
10895.7
9716.89
8545.43
7389.17
6257.52
5161.73
4115.12
3133.81
2236.85
1447.51
793.287
308.764
37.2026
23976.4
23008.4
22016.4
20998.2
19953.4
18883.1
17789.2
16673.8
15539.2
14388.1
13223.7
12050
10871.6
9694.12
8524.07
7369.34
6239.31
5145.22
4100.4
3121.02
2226.11
1439.01
787.203
305.393
36.4925
23959.4
22987.6
21992.3
20972.1
19926.3
18855.7
17761.8
16646.7
15512.7
14362.4
13199
12026.3
10849.1
9672.83
8504.05
7350.66
6222.07
5129.56
4086.46
3108.91
2215.99
1431.03
781.614
302.313
35.883
23943.4
22968.2
21970.2
20948
19901.1
18830
17736.1
16621.3
15487.7
14338
13175.4
12003.7
10827.4
9652.27
8484.75
7332.75
6205.64
5114.68
4073.2
3097.4
2206.36
1423.46
776.257
299.456
35.346
23928.2
22950.2
21949.6
20925.6
19877.6
18805.9
17711.9
16597.2
15464.1
14315
13153.2
11982.4
10807.2
9633.12
8466.77
7315.99
6190.16
5100.62
4060.69
3086.55
2197.32
1416.37
771.371
296.844
34.8784
23914
22933.4
21930.6
20904.8
19855.7
18783.5
17689.3
16574.8
15442
14293.4
13132.2
11962.2
10787.9
9614.79
8449.53
7299.98
6175.49
5087.34
4048.88
3076.32
2188.78
1409.69
766.709
294.433
34.4647
23900.6
22917.8
21913
20885.7
19835.4
18762.6
17668.2
16553.7
15421.2
14273.1
13112.5
11943.3
10769.8
9597.76
8433.56
7285.11
6161.76
5074.86
4037.78
3066.71
2180.8
1403.48
762.477
292.235
34.1008
23888.2
22903.4
21896.8
20868
19816.7
18743.2
17648.6
16534.1
15401.8
14254.1
13094.2
11925.6
10752.9
9581.64
8418.38
7270.99
6148.83
5063.18
4027.4
3057.73
2173.32
1397.67
758.463
290.214
33.7779
23876.6
22890
21881.9
20851.7
19799.4
18725.3
17630.4
16515.9
15383.8
14236.5
13077
11909
10737.1
9566.72
8404.41
7258
6136.84
5052.28
4017.72
3049.36
2166.39
1392.3
754.838
288.382
33.4924
23865.8
22877.8
21868.2
20836.8
19783.6
18708.9
17613.6
16499.1
15367.1
14220.1
13061.1
11893.7
10722.5
9552.81
8391.29
7245.78
6125.65
5042.17
4008.74
3041.61
2159.96
1387.32
751.445
286.706
33.2389
23855.9
22866.5
21855.6
20823.1
19769.1
18693.8
17598.3
16483.6
15351.8
14205.1
13046.4
11879.6
10708.9
9540
8379.29
7234.64
6115.39
5032.86
4000.47
3034.46
2154.06
1382.77
748.392
285.203
33.0149
23846.8
22856.3
21844.3
20810.8
19756
18680.2
17584.3
16469.5
15337.8
14191.3
13033
11866.7
10696.6
9528.26
8368.22
7224.32
6105.92
5024.31
3992.89
3027.93
2148.65
1378.61
745.589
283.837
32.8167
23838.6
22847
21834
20799.7
19744.1
18667.8
17571.6
16456.8
15325.1
14178.8
13020.9
11854.9
10685.3
9517.57
8358.21
7215.04
6097.39
5016.57
3986.02
3022
2143.76
1374.86
743.087
282.63
32.6427
23831.3
22838.8
21824.9
20789.8
19733.6
18656.8
17560.3
16445.4
15313.7
14167.6
13009.9
11844.3
10675.2
9507.98
8349.17
7206.61
6089.64
5009.58
3979.83
3016.68
2139.37
1371.49
740.84
281.548
32.4903
23824.7
22831.5
21816.8
20781
19724.3
18647.1
17550.3
16435.3
15303.6
14157.6
13000.2
11834.9
10666.2
9499.42
8341.14
7199.16
6082.82
5003.4
3974.35
3011.96
2135.49
1368.52
738.871
280.613
32.3586
23819
22825.1
21809.8
20773.4
19716.2
18638.6
17541.6
16426.4
15294.8
14148.9
12991.7
11826.7
10658.3
9491.96
8334.13
7192.62
6076.8
4997.97
3969.55
3007.83
2132.09
1365.93
737.154
279.793
32.2456
23814.1
22819.7
21803.9
20767
19709.3
18631.4
17534.2
16418.9
15287.2
14141.5
12984.4
11819.6
10651.5
9485.54
8328.09
7187.03
6071.68
4993.34
3965.45
3004.3
2129.2
1363.73
735.702
279.11
32.151
23810.1
22815.2
21799
20761.6
19703.6
18625.4
17528
16412.6
15280.9
14135.2
12978.3
11813.7
10645.9
9480.2
8323.08
7182.36
6067.38
4989.46
3962.02
3001.37
2126.79
1361.9
734.498
278.539
32.0731
23806.9
22811.7
21795
20757.4
19699
18620.6
17523
16407.6
15275.9
14130.3
12973.4
11809
10641.4
9475.91
8319.05
7178.62
6063.96
4986.38
3959.3
2999.03
2124.88
1360.45
733.55
278.097
32.0121
23804.5
22809
21792.1
20754.2
19695.6
18617
17519.3
16403.8
15272.1
14126.5
12969.8
11805.5
10638
9472.69
8316.03
7175.82
6061.39
4984.05
3957.25
2997.28
2123.45
1359.37
732.842
277.763
31.9666
23803
22807.3
21790.2
20752.1
19693.4
18614.6
17516.9
16401.3
15269.6
14124
12967.3
11803.1
10635.7
9470.53
8314
7173.93
6059.67
4982.51
3955.89
2996.13
2122.51
1358.67
732.39
277.552
31.937
23802.3
22806.5
21789.3
20751.1
19692.3
18613.5
17515.6
16400
15268.3
14122.7
12966
11801.8
10634.5
9469.43
8312.98
7172.99
6058.81
4981.74
3955.21
2995.55
2122.05
1358.33
732.178
277.451
31.9222
23802.4
22806.7
21789.4
20751.2
19692.3
18613.5
17515.6
16399.9
15268.2
14122.6
12965.9
11801.8
10634.5
9469.39
8312.95
7172.97
6058.79
4981.74
3955.23
2995.58
2122.1
1358.38
732.218
277.469
31.9232
23803.8
22808.1
21791
20752.8
19693.9
18615.1
17517.3
16401.7
15269.9
14124.3
12967.6
11803.4
10636
9470.88
8314.36
7174.29
6060.02
4982.85
3956.23
2996.45
2122.83
1358.96
732.612
277.651
31.9456
23806.4
22810.9
21793.9
20755.9
19697.2
18618.6
17520.8
16405.2
15273.4
14127.8
12971
11806.7
10639.2
9473.9
8317.2
7176.95
6062.47
4985.08
3958.21
2998.18
2124.27
1360.07
733.362
278.001
31.99
23810.2
22815
21798.3
20760.6
19702.2
18623.7
17526
16410.5
15278.7
14133
12976.1
11811.7
10644
9478.45
8321.5
7180.95
6066.15
4988.42
3961.19
3000.75
2126.41
1361.72
734.47
278.517
32.0565
23815.2
22820.4
21804.2
20766.9
19708.8
18630.6
17533.1
16417.6
15285.8
14140
12983
11818.3
10650.4
9484.53
8327.23
7186.29
6071.07
4992.87
3965.15
3004.18
2129.26
1363.92
735.939
279.211
32.146
23821.4
22827.1
21811.5
20774.7
19717.1
18639.2
17541.9
16426.6
15294.8
14148.9
12991.6
11826.7
10658.4
9492.16
8334.41
7192.98
6077.22
4998.45
3970.1
3008.46
2132.8
1366.65
737.774
280.073
32.2593
23828.7
22835.2
21820.3
20784.1
19727
18649.6
17552.6
16437.4
15305.6
14159.5
13002
11836.7
10668
9501.31
8343.03
7201.01
6084.61
5005.14
3976.04
3013.59
2137.06
1369.94
739.981
281.128
32.3978
23837.3
22844.6
21830.6
20795.2
19738.8
18661.8
17565.2
16450.1
15318.2
14172
13014.2
11848.5
10679.3
9512.03
8353.11
7210.4
6093.25
5012.96
3982.98
3019.58
2142.03
1373.77
742.569
282.359
32.5632
23847.1
22855.4
21842.4
20808
19752.3
18675.9
17579.6
16464.6
15332.8
14186.3
13028.1
11862
10692.2
9524.27
8364.64
7221.13
6103.11
5021.89
3990.92
3026.43
2147.72
1378.16
745.544
283.803
32.7578
23858.1
22867.6
21855.8
20822.4
19767.7
18691.9
17596
16481.2
15349.2
14202.4
13043.9
11877.2
10706.8
9538.09
8377.64
7233.23
6114.24
5031.96
3999.86
3034.15
2154.13
1383.12
748.92
285.44
32.9844
23870.2
22881.2
21870.8
20838.7
19785
18709.9
17614.4
16499.7
15367.6
14220.5
13061.4
11894.1
10722.9
9553.45
8392.08
7246.67
6126.6
5043.15
4009.8
3042.73
2161.26
1388.64
752.7
287.309
33.2467
23883.5
22896.3
21887.5
20856.8
19804.2
18729.9
17634.8
16520.2
15387.9
14240.4
13080.8
11912.8
10740.8
9570.4
8408.02
7261.5
6140.24
5055.48
4020.76
3052.19
2169.14
1394.74
756.905
289.405
33.5496
23898.1
22912.8
21906
20876.9
19825.5
18752
17657.3
16542.7
15410.2
14262.2
13102
11933.2
10760.3
9588.88
8425.4
7277.67
6155.11
5068.94
4032.72
3062.52
2177.75
1401.43
761.533
291.755
33.899
23913.8
22930.9
21926.3
20899.1
19849
18776.3
17681.9
16567.3
15434.5
14286.1
13125.1
11955.4
10781.5
9608.98
8444.29
7295.23
6171.27
5083.55
4045.72
3073.75
2187.12
1408.71
766.606
294.37
34.3033
23930.7
22950.7
21948.6
20923.4
19874.7
18802.8
17708.8
16594.1
15460.9
14311.8
13150
11979.3
10804.4
9630.62
8464.64
7314.14
6188.67
5099.29
4059.73
3085.85
2197.23
1416.59
772.126
297.271
34.7724
23948.1
22971.4
21972
20948.9
19901.6
18830.5
17736.6
16621.8
15488.1
14338.4
13175.7
12004
10827.9
9652.89
8485.58
7333.59
6206.57
5115.49
4074.15
3098.31
2207.66
1424.73
777.86
300.342
35.2971
23965
22991.7
21995.2
20974.2
19928.1
18857.5
17763.8
16648.7
15514.5
14364.1
13200.5
12027.8
10850.7
9674.39
8505.79
7352.36
6223.85
5131.12
4088.08
3110.35
2217.75
1432.62
783.456
303.395
35.8509
23981.3
23011.5
22017.9
20998.8
19953.8
18883.7
17790
16674.6
15540
14388.8
13224.3
12050.7
10872.4
9694.96
8525.11
7370.3
6240.36
5146.07
4101.41
3121.88
2227.41
1440.2
788.848
306.389
36.429
23996.8
23030.8
22039.9
21022.6
19978.6
18908.8
17815
16699.2
15564
14412.1
13246.9
12072.2
10893
9714.4
8543.38
7387.26
6255.98
5160.21
4114.02
3132.8
2236.57
1447.4
793.985
309.29
37.0279
24011.7
23049.3
22061.2
21045.5
20002.2
18932.6
17838.7
16722.6
15586.9
14434.3
13268.2
12092.7
10912.5
9732.77
8560.63
7403.28
6270.72
5173.56
4125.92
3143.13
2245.22
1454.23
798.86
312.085
37.6439
24025.8
23067.2
22081.8
21067.5
20024.7
18955.2
17861.1
16744.6
15608.3
14455
13288.2
12111.8
10930.7
9749.95
8576.76
7418.26
6284.51
5186.07
4137.07
3152.8
2253.33
1460.64
803.447
314.751
38.2732
24039.2
23084.4
22101.5
21088.3
20045.9
18976.4
17882.2
16765.3
15628.4
14474.5
13306.9
12129.7
10947.7
9766.04
8591.85
7432.27
6297.41
5197.77
4147.49
3161.87
2260.92
1466.67
807.752
317.282
38.911
24051.8
23101
22120.3
21108
20065.9
18996.4
17901.8
16784.5
15647.1
14492.6
13324.3
12146.3
10963.6
9780.98
8605.86
7445.29
6309.37
5208.64
4157.18
3170.32
2267.98
1472.3
811.767
319.666
39.5535
24063.8
23116.9
22138.1
21126.5
20084.6
19015
17920.2
16802.5
15664.6
14509.4
13340.5
12161.8
10978.3
9794.87
8618.86
7457.39
6320.48
5218.76
4166.17
3178.17
2274.53
1477.55
815.502
321.899
40.1948
24075.3
23132.3
22154.9
21143.8
20102.1
19032.4
17937.3
16819.1
15680.7
14525
13355.5
12176.1
10991.8
9807.72
8630.86
7468.57
6330.74
5228.11
4174.48
3185.45
2280.6
1482.42
818.97
323.984
40.8321
24086.3
23147
22170.8
21160.1
20118.3
19048.5
17953
16834.5
15695.6
14539.4
13369.3
12189.4
11004.4
9819.59
8641.94
7478.9
6340.2
5236.75
4182.15
3192.18
2286.19
1486.93
822.17
325.914
41.4594
24097.2
23161.1
22185.6
21175.2
20133.5
19063.5
17967.7
16848.7
15709.3
14552.7
13382.1
12201.6
11015.9
9830.54
8652.14
7488.43
6348.93
5244.73
4189.22
3198.41
2291.35
1491.12
825.137
327.711
42.0762
24108.5
23174.8
22199.5
21189.2
20147.5
19077.2
17981.1
16861.7
15722
14564.8
13393.8
12212.8
11026.5
9840.58
8661.47
7497.16
6356.9
5252.04
4195.68
3204.11
2296.06
1494.95
827.839
329.348
42.671
24120.7
23187.9
22212.7
21202.5
20160.6
19090.1
17993.6
16873.9
15733.7
14576.1
13404.6
12223.2
11036.3
9849.89
8670.13
7505.27
6364.31
5258.83
4201.7
3209.42
2300.46
1498.54
830.375
330.89
43.2569
24133
23200.1
22224.5
21213.7
20171.8
19101.1
18004.2
16884.1
15743.6
14585.6
13413.6
12231.8
11044.4
9857.52
8677.14
7511.84
6370.25
5264.31
4206.49
3213.69
2303.93
1501.4
832.34
332.085
43.7402
)
;

boundaryField
{
    inlet
    {
        type            calculated;
        value           nonuniform List<scalar> 
30
(
2.05866e+07
2.05871e+07
2.05878e+07
2.05884e+07
2.05891e+07
2.05901e+07
2.05914e+07
2.05929e+07
2.05954e+07
2.05981e+07
2.06027e+07
2.06063e+07
2.0612e+07
2.06193e+07
2.06288e+07
2.06401e+07
2.0654e+07
2.06689e+07
2.06867e+07
2.0703e+07
2.07117e+07
2.07195e+07
2.07218e+07
2.07244e+07
2.07257e+07
2.07247e+07
2.0724e+07
2.0724e+07
2.0724e+07
2.07241e+07
)
;
    }
    outlet
    {
        type            calculated;
        value           uniform 0;
    }
    upperWall
    {
        type            calculated;
        value           nonuniform List<scalar> 
223
(
2.07241e+07
2.03988e+07
2.0068e+07
1.9753e+07
1.94545e+07
1.91718e+07
1.8904e+07
1.86505e+07
1.84105e+07
1.81833e+07
1.79682e+07
1.77647e+07
1.75721e+07
1.73898e+07
1.72173e+07
1.7054e+07
1.68994e+07
1.6753e+07
1.6635e+07
1.65411e+07
1.64474e+07
1.63538e+07
1.62604e+07
1.61673e+07
1.60744e+07
1.59817e+07
1.58894e+07
1.57973e+07
1.57055e+07
1.56141e+07
1.5523e+07
1.54323e+07
1.53419e+07
1.52518e+07
1.51622e+07
1.50729e+07
1.4984e+07
1.48956e+07
1.48075e+07
1.47198e+07
1.46325e+07
1.45456e+07
1.44591e+07
1.4373e+07
1.42873e+07
1.4202e+07
1.4117e+07
1.40325e+07
1.39483e+07
1.38644e+07
1.3781e+07
1.36978e+07
1.36151e+07
1.35326e+07
1.34505e+07
1.33687e+07
1.32872e+07
1.32059e+07
1.31249e+07
1.30441e+07
1.29636e+07
1.28832e+07
1.2803e+07
1.2723e+07
1.26433e+07
1.25636e+07
1.24842e+07
1.24049e+07
1.23258e+07
1.22467e+07
1.21678e+07
1.2089e+07
1.20102e+07
1.19315e+07
1.18529e+07
1.17743e+07
1.16957e+07
1.16172e+07
1.15386e+07
1.14601e+07
1.13815e+07
1.1303e+07
1.12243e+07
1.11457e+07
1.10669e+07
1.09881e+07
1.09092e+07
1.08302e+07
1.07512e+07
1.0672e+07
1.05928e+07
1.05135e+07
1.0434e+07
1.03544e+07
1.02747e+07
1.01949e+07
1.01149e+07
1.00348e+07
9.9545e+06
9.87407e+06
9.79348e+06
9.71273e+06
9.63181e+06
9.55073e+06
9.46947e+06
9.38804e+06
9.30644e+06
9.22465e+06
9.14269e+06
9.06054e+06
8.97821e+06
8.8957e+06
8.81301e+06
8.73013e+06
8.64707e+06
8.56383e+06
8.48041e+06
8.3968e+06
8.31302e+06
8.22905e+06
8.14492e+06
8.0606e+06
7.97612e+06
7.89147e+06
7.80665e+06
7.72167e+06
7.63653e+06
7.55123e+06
7.46578e+06
7.38018e+06
7.29445e+06
7.20857e+06
7.12256e+06
7.03642e+06
6.95016e+06
6.86378e+06
6.7773e+06
6.6907e+06
6.60401e+06
6.51723e+06
6.43037e+06
6.34343e+06
6.25643e+06
6.16936e+06
6.08225e+06
5.99509e+06
5.90789e+06
5.82068e+06
5.73344e+06
5.6462e+06
5.55897e+06
5.47174e+06
5.38455e+06
5.29739e+06
5.21027e+06
5.12321e+06
5.03622e+06
4.94931e+06
4.86249e+06
4.77578e+06
4.68919e+06
4.60273e+06
4.51641e+06
4.43025e+06
4.34426e+06
4.25846e+06
4.17286e+06
4.08747e+06
4.00231e+06
3.9174e+06
3.83276e+06
3.74839e+06
3.66432e+06
3.58056e+06
3.49714e+06
3.41406e+06
3.33135e+06
3.24903e+06
3.16711e+06
3.08562e+06
3.00458e+06
2.92401e+06
2.84393e+06
2.76437e+06
2.68535e+06
2.60689e+06
2.52903e+06
2.45179e+06
2.37521e+06
2.29931e+06
2.22416e+06
2.14978e+06
2.07624e+06
2.00361e+06
1.93199e+06
1.86152e+06
1.79249e+06
1.72549e+06
1.66453e+06
1.60019e+06
1.53277e+06
1.46293e+06
1.39097e+06
1.3171e+06
1.2415e+06
1.16433e+06
1.08577e+06
1.00601e+06
925299
843890
762096
680315
598971
518635
439917
363618
290621
222071
159234
103773
57499.7
22872.9
2969.18
)
;
    }
    lowerWall
    {
        type            calculated;
        value           nonuniform List<scalar> 
250
(
2.05866e+07
2.02581e+07
1.99201e+07
1.9594e+07
1.92806e+07
1.8979e+07
1.86884e+07
1.8408e+07
1.81369e+07
1.78741e+07
1.76185e+07
1.73689e+07
1.71239e+07
1.68816e+07
1.66395e+07
1.63935e+07
1.61366e+07
1.58506e+07
1.33965e+07
1.34013e+07
1.3411e+07
1.34257e+07
1.34454e+07
1.34702e+07
1.35003e+07
1.35359e+07
1.35774e+07
1.36249e+07
1.36788e+07
1.37398e+07
1.38082e+07
1.38849e+07
1.39709e+07
1.40703e+07
1.41805e+07
1.42918e+07
1.44037e+07
1.45161e+07
1.46289e+07
1.47425e+07
1.48576e+07
1.49752e+07
1.50977e+07
1.52303e+07
1.53747e+07
1.33965e+07
1.33954e+07
1.33933e+07
1.339e+07
1.33856e+07
1.33801e+07
1.33734e+07
1.33655e+07
1.33564e+07
1.33462e+07
1.33346e+07
1.33219e+07
1.33078e+07
1.32926e+07
1.3276e+07
1.32582e+07
1.32391e+07
1.32188e+07
1.31971e+07
1.31742e+07
1.315e+07
1.31246e+07
1.30978e+07
1.30699e+07
1.30407e+07
1.30102e+07
1.29786e+07
1.29457e+07
1.29116e+07
1.28764e+07
1.284e+07
1.28025e+07
1.27638e+07
1.2724e+07
1.26831e+07
1.26411e+07
1.2598e+07
1.25539e+07
1.25087e+07
1.24625e+07
1.24152e+07
1.23669e+07
1.23177e+07
1.22674e+07
1.22162e+07
1.2164e+07
1.21109e+07
1.20569e+07
1.2002e+07
1.19463e+07
1.18896e+07
1.18322e+07
1.17739e+07
1.17148e+07
1.1655e+07
1.15944e+07
1.15331e+07
1.1471e+07
1.14083e+07
1.13448e+07
1.12807e+07
1.12159e+07
1.11505e+07
1.10844e+07
1.10177e+07
1.09504e+07
1.08825e+07
1.08141e+07
1.0745e+07
1.06754e+07
1.06053e+07
1.05346e+07
1.04633e+07
1.03916e+07
1.03194e+07
1.02466e+07
1.01734e+07
1.00997e+07
1.00256e+07
9.95093e+06
9.87587e+06
9.80036e+06
9.72442e+06
9.64806e+06
9.57129e+06
9.49411e+06
9.41654e+06
9.33858e+06
9.26024e+06
9.18153e+06
9.10246e+06
9.02303e+06
8.94326e+06
8.86314e+06
8.7827e+06
8.70193e+06
8.62085e+06
8.53946e+06
8.45777e+06
8.37578e+06
8.29351e+06
8.21096e+06
8.12815e+06
8.04507e+06
7.96173e+06
7.87815e+06
7.79433e+06
7.71027e+06
7.626e+06
7.5415e+06
7.4568e+06
7.3719e+06
7.2868e+06
7.20152e+06
7.11606e+06
7.03044e+06
6.94465e+06
6.85872e+06
6.77264e+06
6.68642e+06
6.60009e+06
6.51363e+06
6.42707e+06
6.34041e+06
6.25366e+06
6.16683e+06
6.07993e+06
5.99297e+06
5.90596e+06
5.81891e+06
5.73183e+06
5.64473e+06
5.55762e+06
5.47052e+06
5.38343e+06
5.29636e+06
5.20934e+06
5.12236e+06
5.03545e+06
4.94861e+06
4.86185e+06
4.7752e+06
4.68865e+06
4.60224e+06
4.51596e+06
4.42984e+06
4.34388e+06
4.25811e+06
4.17254e+06
4.08718e+06
4.00204e+06
3.91715e+06
3.83252e+06
3.74817e+06
3.66411e+06
3.58036e+06
3.49695e+06
3.41388e+06
3.33117e+06
3.24885e+06
3.16694e+06
3.08545e+06
3.00441e+06
2.92383e+06
2.84375e+06
2.76418e+06
2.68515e+06
2.60669e+06
2.52882e+06
2.45157e+06
2.37497e+06
2.29907e+06
2.2239e+06
2.14951e+06
2.07596e+06
2.00331e+06
1.93168e+06
1.8612e+06
1.79212e+06
1.72498e+06
1.66278e+06
1.59831e+06
1.53093e+06
1.46116e+06
1.38927e+06
1.31547e+06
1.23994e+06
1.16283e+06
1.08434e+06
1.00465e+06
923998
842654
760937
679222
597960
517690
439057
362828
289928
221459
158743
103364
57231.8
22710.1
2902.72
)
;
    }
    frontAndBack
    {
        type            empty;
    }
}


// ************************************************************************* //
