/*--------------------------------*- C++ -*----------------------------------*\
  =========                 |
  \\      /  F ield         | OpenFOAM: The Open Source CFD Toolbox
   \\    /   O peration     | Website:  https://openfoam.org
    \\  /    A nd           | Version:  9
     \\/     M anipulation  |
\*---------------------------------------------------------------------------*/
FoamFile
{
    format      ascii;
    class       volScalarField;
    location    "0.081";
    object      p;
}
// * * * * * * * * * * * * * * * * * * * * * * * * * * * * * * * * * * * * * //

dimensions      [0 2 -2 0 0 0 0];

internalField   nonuniform List<scalar> 
12225
(
701.171
703.481
704.155
703.604
702.225
700.224
697.781
695.048
692.094
688.947
685.625
682.15
678.535
674.823
670.979
667.018
662.708
657.773
700.183
703.545
704.19
703.628
702.248
700.256
697.819
695.081
692.116
688.96
685.633
682.155
678.539
674.819
670.978
667.001
662.731
657.834
700.331
703.724
704.298
703.718
702.334
700.348
697.909
695.155
692.17
688.992
685.647
682.16
678.547
674.833
671.01
667.04
662.809
658.147
701.601
704.137
704.505
703.885
702.472
700.469
698.022
695.258
692.259
689.069
685.712
682.218
678.607
674.899
671.088
667.142
663.005
658.638
704.126
704.758
704.792
704.119
702.682
700.67
698.21
695.423
692.397
689.18
685.809
682.312
678.707
675.011
671.225
667.335
663.328
659.241
705.172
705.373
705.209
704.462
702.976
700.925
698.441
695.632
692.588
689.355
685.969
682.464
678.862
675.182
671.433
667.618
663.754
659.907
707.04
706.093
705.709
704.883
703.357
701.279
698.765
695.922
692.84
689.577
686.174
682.666
679.075
675.419
671.716
667.983
664.255
660.604
709.073
706.753
706.315
705.454
703.868
701.731
699.17
696.289
693.177
689.889
686.467
682.95
679.365
675.735
672.082
668.434
664.831
661.338
707.444
707.365
707.041
706.152
704.497
702.295
699.679
696.745
693.584
690.259
686.817
683.295
679.721
676.119
672.515
668.943
665.445
662.076
707.273
707.85
707.882
707.041
705.309
703.021
700.334
697.339
694.127
690.76
687.284
683.744
680.172
676.594
673.037
669.534
666.122
662.846
706.38
708.694
709.024
708.118
706.272
703.89
701.109
698.025
694.741
691.323
687.818
684.267
680.7
677.145
673.63
670.187
666.847
663.645
704.975
709.564
710.354
709.369
707.396
704.886
701.996
698.828
695.474
691.997
688.448
684.869
681.292
677.747
674.258
670.854
667.561
664.405
707.909
711.529
712.083
710.858
708.684
706.022
703.008
699.727
696.276
692.725
689.127
685.523
681.941
678.403
674.932
671.555
668.294
665.171
710.759
714.305
714.511
712.942
710.479
707.592
704.391
700.959
697.389
693.745
690.077
686.424
682.812
679.263
675.798
672.438
669.199
666.093
717.385
718.544
717.787
715.721
712.921
709.717
706.247
702.59
698.84
695.061
691.294
687.57
683.913
680.341
676.868
673.51
670.277
667.178
731.802
726.498
723.206
720.112
716.487
712.679
708.777
704.795
700.799
696.835
692.929
689.101
685.37
681.746
678.237
674.852
671.601
668.489
734.605
731.922
728.648
724.786
720.693
716.476
712.103
707.701
703.377
699.155
695.039
691.046
687.193
683.482
679.908
676.471
673.178
670.029
744.846
743.338
738.392
732.788
727.246
721.767
716.501
711.485
706.689
702.093
697.692
693.483
689.465
685.624
681.948
678.431
675.077
671.882
772.384
759.863
749.864
741.574
734.373
727.762
721.644
715.982
710.683
705.67
700.923
696.436
692.191
688.164
684.333
680.691
677.232
673.946
782.463
770.591
759.25
749.336
740.846
733.221
726.226
719.883
714.078
708.689
703.647
698.925
694.494
690.323
686.383
682.654
679.125
675.783
801.782
779.824
765.339
754.03
744.654
736.555
729.249
722.609
716.493
710.871
705.63
700.732
696.157
691.863
687.817
683.999
680.395
676.988
796.736
781.373
767.997
756.805
747.191
738.774
731.231
724.35
718.091
712.338
706.997
702.02
697.369
693.005
688.896
685.022
681.368
677.92
799.087
782.129
769.081
758.177
748.707
740.302
732.7
725.724
719.335
713.455
708.022
702.967
698.247
693.827
689.674
685.763
682.075
678.596
796.106
781.34
769.34
758.845
749.539
741.157
733.524
726.529
720.109
714.21
708.738
703.65
698.893
694.429
690.236
686.297
682.578
679.078
786.192
779.156
769.008
759.103
750.076
741.803
734.197
727.185
720.764
714.777
709.245
704.102
699.302
694.811
690.597
686.635
682.918
679.409
790.085
778.92
768.694
759.187
750.345
742.129
734.549
727.549
721.1
715.119
709.574
704.421
699.609
695.101
690.871
686.899
683.161
679.643
788.101
778.106
768.428
759.215
750.542
742.383
734.828
727.852
721.361
715.353
709.788
704.62
699.793
695.273
691.033
687.052
683.316
679.795
786.214
777.507
768.244
759.183
750.584
742.496
734.959
727.989
721.502
715.484
709.914
704.743
699.914
695.389
691.144
687.158
683.413
679.887
783.628
777.161
768.146
759.203
750.657
742.589
735.056
728.075
721.578
715.556
709.987
704.817
699.986
695.454
691.2
687.208
683.46
679.934
784.78
776.97
768.077
759.172
750.655
742.629
735.118
728.126
721.611
715.573
710
704.836
700.011
695.484
691.232
687.239
683.488
679.961
593.733
593.576
593.321
593.014
592.681
592.352
592.056
591.813
591.642
591.534
591.464
591.398
591.309
591.186
591.041
590.829
590.53
590.169
589.759
589.294
588.764
588.173
587.521
586.806
586.026
585.178
584.259
583.263
582.175
580.963
579.588
578.072
576.51
575.004
573.601
572.309
571.154
570.174
569.402
568.872
568.552
568.421
568.479
568.711
569.097
569.606
570.211
570.891
571.614
572.344
573.057
573.716
574.277
574.694
574.911
574.875
574.553
573.937
573.03
571.864
570.461
568.803
566.882
564.741
562.434
559.998
557.481
554.953
552.54
550.339
548.416
546.833
545.521
544.313
543.11
541.646
539.545
537.766
536.411
534.515
532.204
529.83
527.378
524.704
521.786
518.694
515.501
512.241
508.935
505.58
502.164
498.663
495.053
491.307
487.399
483.299
478.979
474.407
469.547
464.362
458.814
452.87
446.521
439.783
432.715
425.423
418.061
410.821
403.913
397.546
391.907
387.142
383.353
380.592
378.864
378.164
378.407
379.499
381.326
383.759
386.655
389.863
393.226
396.589
399.807
402.751
405.316
407.423
409.014
410.058
410.545
410.485
409.901
408.744
407.2
405.248
402.946
400.347
397.505
394.468
391.281
387.984
384.61
381.184
377.719
374.214
370.662
367.075
363.469
359.861
356.266
352.671
349.063
345.429
341.763
338.061
334.329
330.579
326.825
323.076
319.334
315.592
311.847
308.093
304.318
300.51
296.68
292.846
289.003
285.142
281.27
277.368
273.393
269.348
265.314
261.351
257.498
253.867
250.425
247.116
593.771
593.671
593.424
593.083
592.651
592.211
591.801
591.471
591.272
591.181
591.125
591.108
591.151
591.148
591.063
590.876
590.594
590.257
589.868
589.408
588.871
588.263
587.588
586.84
586.01
585.083
584.047
582.892
581.616
580.206
578.666
577.084
575.592
574.215
572.889
571.599
570.416
569.453
568.769
568.297
568.018
567.933
568.029
568.284
568.681
569.197
569.809
570.489
571.208
571.932
572.63
573.269
573.808
574.203
574.404
574.366
574.057
573.466
572.604
571.514
570.195
568.582
566.655
564.508
562.194
559.717
557.092
554.428
551.839
549.434
547.397
545.809
544.645
543.705
542.816
541.543
539.531
537.873
536.472
534.521
532.259
529.913
527.411
524.638
521.649
518.534
515.345
512.12
508.861
505.556
502.187
498.732
495.161
491.448
487.562
483.474
479.149
474.554
469.649
464.396
458.761
452.715
446.248
439.383
432.186
424.774
417.308
409.986
403.023
396.629
390.992
386.255
382.514
379.814
378.166
377.508
377.787
378.909
380.767
383.231
386.161
389.407
392.81
396.216
399.475
402.459
405.06
407.198
408.818
409.888
410.398
410.356
409.78
408.67
407.13
405.19
402.899
400.31
397.475
394.442
391.257
387.96
384.59
381.167
377.697
374.182
370.621
367.03
363.425
359.84
356.267
352.695
349.089
345.443
341.766
338.06
334.327
330.577
326.823
323.075
319.333
315.59
311.843
308.09
304.316
300.507
296.673
292.839
288.996
285.133
281.259
277.364
273.389
269.341
265.301
261.328
257.466
253.813
250.364
246.889
594.475
594.443
594.151
593.673
593.089
592.494
591.957
591.523
591.237
591.12
591.071
591.094
591.161
591.209
591.181
590.988
590.659
590.272
589.83
589.293
588.681
588.012
587.283
586.476
585.571
584.552
583.414
582.161
580.809
579.387
577.928
576.466
575.018
573.6
572.25
571.012
569.922
569.006
568.278
567.743
567.406
567.247
567.28
567.499
567.882
568.401
569.026
569.715
570.43
571.14
571.807
572.398
572.883
573.229
573.402
573.368
573.095
572.573
571.817
570.851
569.66
568.091
566.149
564.02
561.725
559.219
556.488
553.625
550.73
547.961
545.613
543.88
542.79
542.163
541.75
541.202
540.145
538.835
537.228
535.081
532.483
529.8
526.983
524.051
521.047
517.999
514.922
511.818
508.676
505.478
502.201
498.819
495.307
491.636
487.777
483.696
479.357
474.721
469.749
464.399
458.638
452.44
445.802
438.753
431.368
423.772
416.14
408.68
401.612
395.145
389.467
384.724
381.01
378.365
376.769
376.176
376.516
377.697
379.612
382.137
385.135
388.456
391.942
395.432
398.776
401.838
404.511
406.712
408.387
409.507
410.061
410.061
409.522
408.459
406.948
405.036
402.771
400.204
397.388
394.37
391.196
387.907
384.535
381.106
377.634
374.124
370.582
367.011
363.43
359.846
356.259
352.665
349.055
345.422
341.759
338.059
334.325
330.57
326.813
323.065
319.323
315.582
311.838
308.087
304.314
300.503
296.666
292.825
288.981
285.124
281.253
277.35
273.377
269.328
265.266
261.273
257.412
253.74
250.25
246.683
594.949
594.919
594.608
594.03
593.328
592.625
591.971
591.426
591.053
590.773
590.621
590.566
590.59
590.634
590.679
590.608
590.371
589.993
589.471
588.863
588.207
587.5
586.716
585.829
584.826
583.703
582.465
581.129
579.713
578.241
576.72
575.158
573.582
572.054
570.631
569.348
568.218
567.264
566.504
565.954
565.646
565.586
565.74
566.074
566.561
567.17
567.865
568.607
569.358
570.078
570.732
571.292
571.733
572.034
572.18
572.154
571.933
571.509
570.879
570.013
568.865
567.309
565.368
563.306
561.061
558.54
555.71
552.629
549.392
546.225
543.542
541.569
540.524
540.218
540.35
540.384
539.947
539.011
537.456
535.196
532.22
529.344
526.399
523.445
520.496
517.543
514.578
511.584
508.544
505.436
502.237
498.921
495.462
491.828
487.988
483.907
479.545
474.861
469.811
464.351
458.44
452.053
445.185
437.867
430.187
422.292
414.38
406.679
399.421
392.828
387.094
382.362
378.709
376.155
374.653
374.156
374.589
375.857
377.856
380.471
383.571
387.007
390.618
394.239
397.709
400.891
403.669
405.963
407.72
408.912
409.533
409.593
409.109
408.104
406.642
404.772
402.545
400.014
397.229
394.238
391.085
387.81
384.449
381.028
377.561
374.053
370.511
366.942
363.367
359.796
356.223
352.639
349.035
345.403
341.739
338.04
334.311
330.562
326.809
323.064
319.324
315.582
311.835
308.081
304.308
300.498
296.657
292.809
288.961
285.106
281.235
277.333
273.36
269.298
265.211
261.205
257.346
253.656
250.118
246.486
594.623
594.342
593.74
592.944
592.162
591.446
590.75
590.186
589.833
589.565
589.332
589.306
589.382
589.449
589.457
589.374
589.218
588.959
588.561
588.059
587.464
586.758
585.917
584.926
583.784
582.502
581.094
579.583
577.992
576.347
574.67
572.982
571.316
569.725
568.265
566.974
565.873
564.972
564.295
563.858
563.648
563.669
563.907
564.338
564.93
565.644
566.442
567.28
568.117
568.912
569.626
570.227
570.687
570.984
571.108
571.054
570.825
570.427
569.836
568.995
567.865
566.274
564.388
562.45
560.273
557.72
554.743
551.317
547.531
543.736
540.496
538.434
537.634
537.869
538.578
539.111
539.248
538.626
537.102
534.695
531.718
528.772
525.849
522.961
520.094
517.23
514.351
511.44
508.474
505.432
502.291
499.024
495.604
491.996
488.167
484.078
479.686
474.944
469.803
464.208
458.111
451.474
444.287
436.59
428.491
420.166
411.851
403.818
396.332
389.622
383.864
379.181
375.627
373.191
371.834
371.486
372.053
373.441
375.552
378.282
381.512
385.098
388.876
392.669
396.308
399.644
402.559
404.971
406.831
408.114
408.82
408.957
408.545
407.61
406.21
404.394
402.215
399.727
396.983
394.03
390.91
387.661
384.316
380.902
377.44
373.943
370.42
366.877
363.323
359.763
356.182
352.597
348.994
345.365
341.707
338.019
334.301
330.561
326.814
323.069
319.327
315.584
311.835
308.08
304.306
300.496
296.652
292.794
288.936
285.077
281.211
277.308
273.333
269.261
265.159
261.141
257.283
253.575
249.98
246.273
593.88
593.387
592.639
591.826
591.046
590.313
589.59
589.081
588.786
588.525
588.376
588.389
588.325
588.258
588.306
588.321
588.244
588.03
587.683
587.204
586.568
585.752
584.747
583.557
582.192
580.672
579.023
577.278
575.474
573.645
571.824
570.04
568.327
566.721
565.255
563.963
562.876
562.016
561.398
561.031
560.918
561.049
561.409
561.972
562.708
563.576
564.534
565.535
566.531
567.478
568.333
569.059
569.623
569.999
570.174
570.146
569.922
569.507
568.893
568.051
566.941
565.435
563.714
561.893
559.749
557.182
554.065
550.267
545.846
541.255
537.36
534.974
534.355
535.143
536.485
537.722
538.306
537.811
536.259
533.911
531.109
528.286
525.475
522.681
519.888
517.081
514.249
511.382
508.454
505.447
502.337
499.1
495.706
492.115
488.289
484.184
479.753
474.939
469.683
463.917
457.576
450.61
442.999
434.787
426.114
417.23
408.454
400.103
392.446
385.691
379.981
375.405
371.999
369.731
368.583
368.435
369.169
370.688
372.911
375.757
379.125
382.879
386.85
390.847
394.683
398.197
401.263
403.803
405.771
407.151
407.947
408.171
407.842
406.991
405.665
403.915
401.792
399.354
396.655
393.745
390.665
387.453
384.139
380.751
377.306
373.821
370.308
366.775
363.229
359.67
356.12
352.546
348.948
345.325
341.674
337.995
334.288
330.561
326.822
323.082
319.342
315.598
311.844
308.08
304.3
300.49
296.644
292.777
288.907
285.042
281.173
277.271
273.295
269.223
265.113
261.086
257.23
253.499
249.831
246.058
593.043
592.568
591.961
591.281
590.61
589.982
589.391
588.937
588.613
588.317
588.125
588.081
588.058
588.029
587.979
587.879
587.7
587.397
586.94
586.304
585.467
584.417
583.157
581.701
580.074
578.308
576.438
574.498
572.517
570.525
568.549
566.619
564.766
563.023
561.429
560.023
558.846
557.939
557.328
557.023
557.008
557.278
557.815
558.588
559.556
560.673
561.887
563.144
564.392
565.579
566.659
567.592
568.345
568.894
569.225
569.326
569.193
568.832
568.252
567.46
566.43
565.102
563.57
561.801
559.759
557.268
554.222
550.368
545.742
540.723
536.277
533.48
532.673
533.479
535.099
536.76
537.371
536.825
535.373
533.191
530.65
527.99
525.295
522.569
519.818
517.04
514.229
511.375
508.458
505.459
502.356
499.132
495.753
492.168
488.336
484.206
479.723
474.819
469.419
463.437
456.788
449.394
441.224
432.347
422.993
413.531
404.368
395.832
388.144
381.448
375.858
371.439
368.231
366.177
365.251
365.286
366.155
367.768
370.068
373.008
376.512
380.453
384.652
388.892
392.959
396.673
399.902
402.569
404.639
406.105
406.979
407.28
407.028
406.262
405.017
403.339
401.282
398.902
396.255
393.392
390.358
387.189
383.913
380.556
377.139
373.677
370.184
366.669
363.141
359.601
356.052
352.484
348.895
345.28
341.637
337.966
334.27
330.556
326.83
323.096
319.355
315.607
311.847
308.077
304.293
300.482
296.633
292.755
288.87
284.999
281.129
277.229
273.253
269.185
265.08
261.058
257.191
253.426
249.687
245.855
593.057
592.615
592.06
591.379
590.711
590.128
589.616
589.217
588.949
588.734
588.562
588.435
588.318
588.186
588.013
587.773
587.422
586.915
586.227
585.338
584.231
582.904
581.369
579.649
577.773
575.767
573.658
571.47
569.224
566.941
564.648
562.38
560.184
558.116
556.238
554.611
553.29
552.323
551.738
551.532
551.676
552.167
552.977
554.064
555.375
556.851
558.433
560.061
561.675
563.217
564.63
565.867
566.89
567.678
568.223
568.519
568.564
568.356
567.901
567.212
566.3
565.168
563.813
562.202
560.335
558.092
555.316
551.814
547.529
542.727
538.243
535.119
533.849
534.115
535.361
536.647
536.858
536.213
534.807
532.752
530.365
527.805
525.181
522.503
519.787
517.036
514.244
511.399
508.486
505.485
502.375
499.137
495.773
492.175
488.319
484.148
479.595
474.578
469.003
462.76
455.728
447.8
438.942
429.304
419.276
409.374
400.032
391.498
383.884
377.25
371.692
367.348
364.308
362.446
361.7
361.898
362.878
364.547
366.882
369.886
373.524
377.685
382.17
386.725
391.093
395.062
398.49
401.305
403.487
405.042
405.995
406.363
406.175
405.472
404.293
402.683
400.692
398.375
395.786
392.978
389.996
386.876
383.646
380.329
376.944
373.51
370.041
366.55
363.042
359.518
355.977
352.418
348.836
345.23
341.596
337.936
334.251
330.547
326.828
323.099
319.361
315.613
311.851
308.074
304.279
300.459
296.608
292.726
288.829
284.944
281.078
277.181
273.207
269.149
265.062
261.047
257.164
253.358
249.553
245.668
594.881
594.447
593.826
593.039
592.231
591.486
590.814
590.226
589.788
589.477
589.25
589.063
588.876
588.656
588.367
587.97
587.424
586.696
585.758
584.591
583.193
581.572
579.746
577.734
575.553
573.217
570.738
568.128
565.407
562.609
559.78
556.98
554.283
551.772
549.531
547.642
546.168
545.152
544.627
544.523
544.909
545.735
546.94
548.454
550.204
552.124
554.15
556.229
558.305
560.319
562.201
563.879
565.296
566.421
567.247
567.782
568.039
568.031
567.763
567.25
566.51
565.578
564.426
563.085
561.458
559.572
557.273
554.45
551.008
547.072
543.212
540.183
538.35
537.66
537.735
537.833
537.407
536.373
534.694
532.546
530.156
527.648
525.072
522.446
519.775
517.059
514.292
511.462
508.555
505.551
502.428
499.145
495.835
492.185
488.285
484.054
479.409
474.253
468.47
461.915
454.423
445.863
436.238
425.853
415.304
405.196
395.868
387.393
379.752
372.998
367.296
362.868
359.878
358.258
357.79
358.223
359.332
361.017
363.314
366.308
370.039
374.428
379.254
384.203
388.957
393.252
396.927
399.92
402.235
403.904
404.963
405.433
405.333
404.688
403.551
401.982
400.04
397.778
395.25
392.503
389.58
386.516
383.34
380.072
376.729
373.329
369.887
366.418
362.932
359.426
355.9
352.35
348.777
345.179
341.554
337.903
334.228
330.533
326.821
323.097
319.361
315.611
311.847
308.064
304.26
300.433
296.58
292.698
288.797
284.904
281.026
277.123
273.152
269.111
265.049
261.043
257.14
253.291
249.429
245.504
598.356
598.023
597.439
596.651
595.747
594.847
594.011
593.258
592.597
592.024
591.53
591.09
590.666
590.214
589.685
589.03
588.205
587.171
585.907
584.403
582.663
580.696
578.509
576.105
573.481
570.635
567.573
564.318
560.907
557.397
553.865
550.401
547.108
544.099
541.486
539.35
537.749
536.721
536.271
536.526
537.354
538.671
540.384
542.4
544.627
546.984
549.419
551.897
554.397
556.885
559.296
561.531
563.485
565.085
566.305
567.156
567.675
567.895
567.836
567.534
566.994
566.277
565.331
564.257
562.905
561.37
559.56
557.442
554.947
552.111
549.213
546.67
544.544
542.954
541.719
540.471
538.955
537.083
534.875
532.473
529.99
527.493
524.969
522.404
519.786
517.108
514.37
511.562
508.668
505.672
502.552
499.286
495.866
492.215
488.274
483.968
479.214
473.898
467.874
460.957
452.944
443.696
433.308
422.296
411.441
401.307
392.025
383.481
375.6
368.519
362.557
358.035
355.127
353.884
353.885
354.675
355.932
357.56
359.688
362.534
366.254
370.821
375.987
381.371
386.561
391.22
395.164
398.34
400.795
402.594
403.788
404.4
404.435
403.9
402.828
401.286
399.362
397.131
394.651
391.964
389.107
386.11
382.996
379.785
376.493
373.136
369.727
366.284
362.818
359.331
355.82
352.283
348.718
345.128
341.511
337.869
334.203
330.516
326.811
323.09
319.353
315.602
311.835
308.049
304.239
300.405
296.549
292.673
288.78
284.878
280.975
277.051
273.083
269.067
265.037
261.039
257.112
253.222
249.318
245.364
602.303
602.062
601.606
600.959
600.162
599.281
598.39
597.547
596.752
596.005
595.292
594.588
593.862
593.076
592.186
591.148
589.924
588.487
586.819
584.914
582.766
580.365
577.697
574.744
571.493
567.945
564.122
560.071
555.86
551.572
547.307
543.172
539.282
535.758
532.725
530.306
528.606
527.685
527.562
528.157
529.429
531.3
533.649
536.339
539.226
542.177
545.074
547.863
550.591
553.338
556.132
558.885
561.432
563.614
565.346
566.614
567.46
567.94
568.107
568.005
567.666
567.137
566.415
565.52
564.459
563.208
561.771
560.148
558.317
556.268
554.086
551.871
549.634
547.447
545.262
542.971
540.521
537.912
535.207
532.5
529.871
527.347
524.874
522.374
519.81
517.174
514.469
511.688
508.814
505.831
502.718
499.451
495.995
492.287
488.316
483.922
479.048
473.559
467.273
459.962
451.401
441.473
430.401
418.921
407.918
397.801
388.481
379.713
371.459
364.011
357.85
353.395
350.834
350.111
350.702
351.901
353.267
354.703
356.469
358.971
362.525
367.18
372.639
378.448
384.068
389.079
393.26
396.586
399.145
401.054
402.39
403.177
403.395
403.024
402.072
400.594
398.688
396.462
394.003
391.364
388.573
385.65
382.61
379.467
376.236
372.929
369.562
366.149
362.704
359.235
355.74
352.215
348.661
345.078
341.469
337.835
334.176
330.495
326.795
323.077
319.342
315.589
311.819
308.027
304.214
300.378
296.52
292.642
288.749
284.843
280.92
276.975
273.007
269.019
265.02
261.025
257.074
253.149
249.216
245.242
606.524
606.344
605.98
605.446
604.778
604.017
603.211
602.362
601.494
600.614
599.714
598.774
597.763
596.647
595.389
593.958
592.327
590.479
588.396
586.06
583.446
580.525
577.265
573.645
569.664
565.346
560.742
555.913
550.927
545.858
540.791
535.835
531.126
526.825
523.111
520.157
518.126
517.119
517.169
518.121
519.971
522.603
525.846
529.51
533.408
537.342
541.1
544.501
547.528
550.368
553.249
556.272
559.301
562.066
564.361
566.109
567.335
568.105
568.5
568.586
568.44
568.068
567.532
566.801
565.926
564.893
563.72
562.389
560.903
559.261
557.449
555.34
553.022
550.491
547.758
544.849
541.825
538.74
535.644
532.638
529.832
527.251
524.801
522.355
519.85
517.264
514.597
511.842
508.988
506.02
502.917
499.65
496.18
492.451
488.402
483.925
478.94
473.274
466.723
459.014
449.926
439.383
427.752
415.943
404.854
394.731
385.302
376.267
367.67
359.987
353.804
349.552
347.421
347.312
348.579
350.202
351.638
352.75
353.982
355.97
359.211
363.881
369.572
375.747
381.721
386.992
391.32
394.706
397.297
399.269
400.733
401.708
402.144
401.985
401.208
399.846
397.993
395.778
393.324
390.712
387.978
385.132
382.176
379.115
375.954
372.708
369.389
366.012
362.592
359.14
355.659
352.147
348.604
345.031
341.429
337.8
334.147
330.472
326.777
323.061
319.326
315.572
311.799
308.003
304.187
300.349
296.488
292.604
288.704
284.791
280.86
276.907
272.939
268.965
264.989
260.986
257.014
253.067
249.117
245.132
610.347
610.235
609.985
609.588
609.061
608.413
607.66
606.832
605.943
604.994
603.975
602.868
601.647
600.285
598.752
597.024
595.079
592.895
590.445
587.696
584.609
581.142
577.267
572.976
568.291
563.253
557.911
552.308
546.482
540.481
534.382
528.316
522.473
517.091
512.441
508.78
506.306
505.172
505.263
506.724
509.349
512.905
517.154
521.869
526.854
531.944
536.918
541.418
545.153
548.221
551.074
554.093
557.375
560.619
563.442
565.664
567.258
568.325
568.955
569.226
569.225
569.008
568.585
567.991
567.23
566.337
565.298
564.112
562.754
561.196
559.389
557.363
555.004
552.317
549.352
546.192
542.909
539.56
536.197
532.934
529.933
527.238
524.773
522.369
519.924
517.397
514.772
512.043
509.204
506.247
503.152
499.886
496.406
492.657
488.563
484.023
478.916
473.064
466.278
458.211
448.658
437.615
425.564
413.524
402.353
392.209
382.687
373.489
364.722
356.984
350.917
346.932
345.206
345.664
347.608
349.59
351.033
351.719
352.249
353.564
356.376
360.97
366.935
373.472
379.749
385.163
389.467
392.742
395.243
397.212
398.781
399.952
400.635
400.726
400.166
398.972
397.22
395.048
392.607
390.012
387.324
384.554
381.69
378.72
375.643
372.467
369.205
365.871
362.48
359.047
355.579
352.079
348.547
344.983
341.389
337.767
334.119
330.448
326.755
323.042
319.307
315.552
311.777
307.979
304.159
300.317
296.452
292.563
288.654
284.734
280.802
276.846
272.871
268.891
264.894
260.914
256.934
252.974
249.016
245.027
613.633
613.578
613.412
613.108
612.66
612.098
611.428
610.659
609.795
608.835
607.769
606.582
605.252
603.754
602.064
600.156
598.002
595.571
592.825
589.717
586.2
582.237
577.81
572.927
567.623
561.937
555.893
549.5
542.765
535.725
528.484
521.227
514.228
507.816
502.334
498.09
495.307
494.117
494.533
496.487
499.824
504.263
509.472
515.111
520.911
526.779
532.728
538.41
543.17
546.772
549.62
552.557
555.877
559.432
562.669
565.308
567.253
568.582
569.413
569.854
569.97
569.849
569.52
569.005
568.311
567.478
566.498
565.345
564.016
562.488
560.642
558.528
556.124
553.412
550.409
547.189
543.827
540.37
536.867
533.425
530.236
527.398
524.865
522.451
520.045
517.579
515.001
512.299
509.472
506.52
503.427
500.161
496.676
492.912
488.788
484.197
478.999
473.006
465.987
457.644
447.719
436.324
423.995
411.799
400.556
390.393
380.874
371.708
363.022
355.433
349.592
345.833
344.396
345.232
347.558
349.881
351.289
351.439
351.08
351.466
353.667
358.143
364.421
371.46
378.149
383.689
387.817
390.762
392.965
394.806
396.449
397.841
398.815
399.196
398.889
397.897
396.296
394.215
391.818
389.254
386.609
383.913
381.147
378.281
375.299
372.202
369.004
365.72
362.365
358.953
355.5
352.01
348.488
344.934
341.348
337.732
334.089
330.422
326.732
323.02
319.286
315.53
311.753
307.953
304.129
300.282
296.412
292.52
288.607
284.68
280.739
276.777
272.793
268.805
264.813
260.826
256.84
252.871
248.907
244.916
616.666
616.63
616.494
616.235
615.838
615.317
614.684
613.949
613.114
612.175
611.118
609.927
608.577
607.043
605.296
603.304
601.031
598.434
595.465
592.075
588.217
583.859
578.996
573.648
567.849
561.625
554.977
547.887
540.346
532.399
524.173
515.9
507.907
500.575
494.289
489.392
486.143
484.732
485.243
487.641
491.744
497.163
503.433
510.092
516.713
523.089
529.508
535.97
541.575
545.749
548.795
551.67
554.926
558.59
562.117
565.087
567.325
568.877
569.863
570.408
570.621
570.558
570.271
569.79
569.134
568.29
567.312
566.167
564.791
563.177
561.367
559.257
556.806
554.057
551.077
547.905
544.578
541.132
537.614
534.11
530.789
527.787
525.114
522.643
520.233
517.797
515.264
512.594
509.782
506.835
503.744
500.476
496.989
493.218
489.078
484.456
479.2
473.107
465.924
457.361
447.226
435.625
423.17
410.907
399.621
389.45
380.054
371.15
362.833
355.632
350.1
346.529
345.143
346.012
348.455
350.995
352.378
352.018
350.685
349.952
351.295
355.413
361.849
369.403
376.633
382.405
386.336
388.805
390.507
392.029
393.634
395.242
396.565
397.309
397.306
396.55
395.137
393.201
390.902
388.404
385.821
383.204
380.542
377.793
374.919
371.913
368.786
365.556
362.241
358.857
355.42
351.942
348.43
344.884
341.306
337.697
334.06
330.396
326.708
322.997
319.262
315.505
311.726
307.924
304.097
300.246
296.371
292.476
288.559
284.623
280.67
276.698
272.708
268.717
264.723
260.726
256.729
252.751
248.785
244.793
619.65
619.634
619.513
619.274
618.89
618.384
617.766
617.051
616.242
615.335
614.313
613.156
611.835
610.32
608.574
606.558
604.226
601.528
598.411
594.824
590.728
586.099
580.939
575.271
569.129
562.524
555.441
547.852
539.739
531.144
522.209
513.188
504.442
496.394
489.461
484.024
480.382
478.731
479.322
482.056
486.718
492.827
499.799
507.155
514.44
521.316
527.912
534.538
540.585
545.243
548.475
551.304
554.48
558.187
561.904
565.101
567.524
569.208
570.296
570.911
571.157
571.118
570.843
570.35
569.685
568.855
567.817
566.611
565.245
563.63
561.744
559.597
557.18
554.491
551.547
548.416
545.16
541.802
538.364
534.902
531.533
528.399
525.565
522.964
520.478
518.028
515.531
512.901
510.113
507.177
504.093
500.831
497.347
493.58
489.442
484.815
479.54
473.405
466.145
457.491
447.264
435.606
423.154
410.908
399.618
389.488
380.336
371.92
364.252
357.657
352.545
349.169
347.687
348.288
350.499
353.02
354.406
353.778
351.764
350.09
350.514
353.903
359.917
367.459
374.994
381.005
384.771
386.707
387.785
388.857
390.313
392.061
393.719
394.875
395.258
394.805
393.625
391.891
389.762
387.394
384.919
382.407
379.864
377.247
374.499
371.595
368.547
365.377
362.107
358.754
355.338
351.873
348.371
344.833
341.263
337.661
334.028
330.368
326.682
322.972
319.236
315.478
311.698
307.893
304.063
300.207
296.327
292.427
288.505
284.558
280.594
276.613
272.62
268.623
264.619
260.606
256.598
252.616
248.649
244.657
622.582
622.589
622.457
622.203
621.806
621.292
620.673
619.97
619.185
618.32
617.341
616.229
614.954
613.48
611.765
609.761
607.417
604.679
601.494
597.818
593.614
588.868
583.585
577.789
571.508
564.749
557.497
549.722
541.409
532.604
523.453
514.216
505.27
497.051
489.985
484.455
480.745
479.054
479.578
482.265
486.879
492.989
499.956
507.27
514.602
521.599
528.189
534.66
540.644
545.347
548.607
551.396
554.554
558.304
562.123
565.419
567.901
569.597
570.671
571.284
571.537
571.486
571.185
570.684
569.978
569.091
568.056
566.818
565.358
563.716
561.859
559.721
557.331
554.69
551.822
548.776
545.596
542.326
538.998
535.645
532.323
529.13
526.15
523.396
520.801
518.275
515.758
513.165
510.417
507.503
504.43
501.182
497.714
493.967
489.854
485.256
480.011
473.905
466.675
458.062
447.903
436.357
424.036
411.858
400.588
390.536
381.683
373.85
366.967
361.16
356.631
353.412
351.778
351.958
353.659
355.875
357.261
356.788
354.769
352.754
352.488
354.88
359.739
366.315
373.379
379.29
382.876
384.315
384.739
385.281
386.524
388.377
390.336
391.859
392.62
392.521
391.644
390.18
388.308
386.161
383.866
381.51
379.115
376.648
374.043
371.256
368.294
365.185
361.962
358.644
355.252
351.804
348.312
344.782
341.219
337.622
333.995
330.338
326.655
322.945
319.209
315.449
311.667
307.859
304.025
300.165
296.281
292.374
288.444
284.489
280.514
276.523
272.52
268.513
264.494
260.467
256.451
252.465
248.495
244.5
625.273
625.266
625.113
624.823
624.407
623.893
623.298
622.626
621.873
621.035
620.09
619.014
617.775
616.336
614.651
612.671
610.343
607.61
604.423
600.74
596.533
591.794
586.531
580.768
574.53
567.828
560.655
552.992
544.835
536.232
527.322
518.351
509.673
501.697
494.827
489.436
485.767
483.984
484.299
486.687
490.883
496.533
503.07
509.933
516.81
523.468
529.801
535.932
541.525
545.907
549.019
551.794
555.03
558.86
562.695
565.937
568.333
569.946
570.953
571.508
571.719
571.653
571.337
570.792
570.064
569.151
568.037
566.756
565.3
563.628
561.738
559.637
557.305
554.739
551.958
548.995
545.898
542.713
539.476
536.22
532.983
529.813
526.77
523.891
521.165
518.541
515.961
513.357
510.642
507.762
504.71
501.479
498.035
494.32
490.251
485.71
480.538
474.524
467.412
458.954
449.003
437.705
425.607
413.556
402.335
392.347
383.685
376.249
369.94
364.754
360.721
357.838
356.215
356.053
357.229
359.047
360.385
360.207
358.519
356.541
355.848
357.306
360.814
365.916
371.85
377.182
380.464
381.509
381.408
381.472
382.455
384.338
386.554
388.421
389.507
389.725
389.167
388.023
386.485
384.666
382.648
380.515
378.308
376.013
373.567
370.908
368.038
364.993
361.814
358.531
355.165
351.734
348.254
344.733
341.175
337.584
333.962
330.309
326.627
322.917
319.181
315.419
311.634
307.823
303.985
300.122
296.233
292.319
288.381
284.417
280.431
276.426
272.413
268.393
264.359
260.317
256.287
252.291
248.31
244.311
627.72
627.66
627.457
627.077
626.659
626.208
625.693
625.087
624.382
623.574
622.651
621.593
620.371
618.949
617.283
615.325
613.02
610.316
607.163
603.523
599.377
594.72
589.566
583.94
577.865
571.362
564.432
557.074
549.297
541.153
532.767
524.349
516.203
508.685
502.151
496.956
493.353
491.494
491.572
493.56
497.19
502.124
507.89
514.007
520.215
526.352
532.277
537.895
542.847
546.696
549.613
552.451
555.85
559.745
563.478
566.518
568.717
570.183
571.089
571.582
571.755
571.655
571.318
570.763
569.99
569.029
567.9
566.586
565.083
563.4
561.511
559.427
557.14
554.654
551.971
549.11
546.105
542.998
539.836
536.655
533.488
530.367
527.325
524.389
521.564
518.834
516.162
513.505
510.791
507.94
504.916
501.706
498.287
494.609
490.594
486.13
481.063
475.188
468.259
460.045
450.405
439.456
427.673
415.837
404.711
394.765
386.177
378.927
372.924
368.135
364.479
361.883
360.328
359.946
360.727
362.212
363.478
363.518
362.108
360.156
359.051
359.652
361.938
365.611
370.233
374.681
377.485
378.172
377.682
377.394
378.177
380.052
382.419
384.544
385.923
386.429
386.184
385.381
384.225
382.824
381.2
379.381
377.426
375.339
373.069
370.552
367.781
364.803
361.669
358.419
355.077
351.665
348.197
344.684
341.132
337.546
333.928
330.278
326.598
322.89
319.152
315.389
311.602
307.787
303.945
300.078
296.183
292.263
288.315
284.341
280.344
276.327
272.302
268.267
264.21
260.149
256.101
252.084
248.084
244.077
629.749
629.521
629.187
628.834
628.549
628.291
627.937
627.444
626.804
626.021
625.097
624.027
622.793
621.361
619.69
617.734
615.443
612.766
609.658
606.085
602.029
597.491
592.488
587.044
581.19
574.947
568.331
561.353
554.035
546.431
538.652
530.873
523.349
516.385
510.292
505.391
501.911
500.03
499.861
501.392
504.376
508.515
513.43
518.725
524.192
529.71
535.09
540.053
544.261
547.571
550.387
553.403
556.988
560.841
564.32
567.045
568.988
570.29
571.101
571.534
571.668
571.548
571.19
570.603
569.811
568.827
567.658
566.317
564.803
563.107
561.228
559.165
556.911
554.477
551.875
549.115
546.215
543.201
540.112
536.991
533.876
530.795
527.772
524.822
521.947
519.139
516.381
513.642
510.885
508.041
505.042
501.857
498.463
494.819
490.86
486.482
481.538
475.832
469.135
461.227
451.97
441.451
430.081
418.556
407.59
397.694
389.127
381.933
376.054
371.458
368.037
365.638
364.169
363.673
364.172
365.359
366.461
366.547
365.278
363.293
361.74
361.442
362.526
364.87
368.245
371.75
373.987
374.343
373.593
373.075
373.71
375.563
378.008
380.276
381.86
382.62
382.685
382.25
381.51
380.594
379.457
378.06
376.441
374.616
372.55
370.189
367.526
364.616
361.527
358.308
354.99
351.595
348.14
344.635
341.089
337.507
333.893
330.247
326.569
322.861
319.124
315.359
311.569
307.75
303.904
300.032
296.132
292.204
288.248
284.265
280.255
276.226
272.186
268.132
264.05
259.965
255.891
251.839
247.811
243.782
631.42
630.832
630.294
630.101
630.176
630.224
630.099
629.754
629.183
628.404
627.448
626.33
625.045
623.568
621.861
619.879
617.579
614.917
611.854
608.357
604.408
600.007
595.171
589.926
584.303
578.33
572.031
565.43
558.558
551.473
544.276
537.118
530.214
523.824
518.215
513.657
510.336
508.426
508.025
509.11
511.474
514.866
518.969
523.489
528.281
533.206
537.952
542.143
545.608
548.534
551.412
554.672
558.346
561.985
565.09
567.462
569.159
570.314
571.037
571.419
571.519
571.368
570.986
570.382
569.563
568.548
567.359
565.999
564.471
562.775
560.906
558.862
556.643
554.256
551.714
549.032
546.225
543.31
540.31
537.255
534.185
531.135
528.127
525.175
522.277
519.424
516.603
513.793
510.967
508.088
505.095
501.932
498.562
494.951
491.043
486.748
481.932
476.414
469.977
462.415
453.593
443.571
432.701
421.583
410.87
401.094
392.57
385.391
379.583
375.075
371.789
369.551
368.208
367.681
367.948
368.768
369.506
369.378
368.037
365.886
363.783
362.478
362.308
363.38
365.614
368.25
369.964
370.065
369.181
368.57
369.129
370.925
373.349
375.646
377.339
378.305
378.671
378.627
378.344
377.94
377.367
376.504
375.323
373.83
372.004
369.817
367.27
364.434
361.39
358.2
354.904
351.527
348.083
344.586
341.045
337.468
333.857
330.214
326.539
322.832
319.094
315.328
311.536
307.713
303.862
299.986
296.082
292.146
288.181
284.187
280.164
276.121
272.066
267.988
263.88
259.767
255.654
251.551
247.483
243.415
633.611
632.797
632.053
631.849
632.061
632.304
632.342
632.094
631.551
630.742
629.719
628.518
627.149
625.592
623.813
621.772
619.434
616.764
613.73
610.3
606.458
602.199
597.537
592.498
587.11
581.404
575.409
569.159
562.693
556.072
549.392
542.788
536.443
530.577
525.414
521.178
518.039
516.122
515.532
516.23
518.06
520.811
524.227
528.095
532.29
536.588
540.586
543.987
546.882
549.676
552.745
556.191
559.766
563.046
565.737
567.784
569.271
570.3
570.947
571.276
571.336
571.155
570.746
570.115
569.273
568.236
567.022
565.649
564.116
562.42
560.563
558.539
556.351
554.008
551.518
548.897
546.163
543.332
540.42
537.444
534.43
531.412
528.418
525.464
522.552
519.673
516.811
513.948
511.061
508.124
505.101
501.942
498.592
495.009
491.145
486.925
482.232
476.904
470.741
463.549
455.195
445.72
435.42
424.804
414.463
404.92
396.526
389.438
383.707
379.315
376.143
374.045
372.793
372.21
372.205
372.547
372.723
372.122
370.436
367.88
365.039
362.594
361.114
360.977
362.216
364.128
365.443
365.417
364.54
363.948
364.478
366.182
368.48
370.68
372.376
373.494
374.152
374.518
374.73
374.88
374.923
374.685
374.043
372.961
371.425
369.432
367.012
364.255
361.258
358.097
354.821
351.459
348.027
344.538
341.002
337.428
333.82
330.18
326.507
322.802
319.064
315.297
311.502
307.676
303.82
299.941
296.032
292.089
288.113
284.108
280.073
276.015
271.942
267.837
263.7
259.549
255.385
251.218
247.09
242.963
636.54
635.508
634.538
634.141
634.235
634.469
634.613
634.402
633.851
632.982
631.867
630.566
629.095
627.433
625.547
623.409
620.999
618.296
615.274
611.904
608.165
604.05
599.568
594.738
589.585
584.137
578.43
572.501
566.397
560.181
553.948
547.821
541.958
536.542
531.768
527.82
524.849
522.956
522.215
522.597
523.987
526.213
529.063
532.379
536.013
539.644
542.871
545.612
548.21
551.08
554.345
557.804
561.109
563.975
566.287
568.06
569.37
570.284
570.852
571.123
571.139
570.922
570.481
569.825
568.96
567.903
566.672
565.283
563.747
562.059
560.212
558.21
556.05
553.743
551.3
548.734
546.059
543.294
540.454
537.553
534.606
531.633
528.66
525.708
522.786
519.888
516.997
514.097
511.164
508.174
505.101
501.913
498.566
495.003
491.176
487.022
482.44
477.291
471.399
464.582
456.713
447.817
438.136
428.107
418.25
409.064
400.913
394.022
388.435
384.141
381.068
379.03
377.752
377.007
376.647
376.44
375.965
374.74
372.486
369.304
365.596
361.965
359.15
357.81
358.135
359.467
360.532
360.518
359.773
359.294
359.817
361.367
363.42
365.401
367.006
368.215
369.148
369.94
370.684
371.436
372.137
372.581
372.567
371.99
370.803
369.03
366.75
364.076
361.129
357.998
354.74
351.392
347.971
344.49
340.958
337.387
333.782
330.145
326.475
322.771
319.034
315.266
311.469
307.639
303.78
299.897
295.983
292.031
288.045
284.029
279.982
275.908
271.812
267.68
263.508
259.31
255.077
250.836
246.625
242.414
639.818
638.597
637.366
636.653
636.494
636.617
636.778
636.597
636.023
635.062
633.838
632.442
630.881
629.114
627.103
624.839
622.331
619.572
616.539
613.203
609.546
605.562
601.256
596.638
591.724
586.537
581.109
575.482
569.702
563.839
557.986
552.259
546.796
541.759
537.311
533.609
530.785
528.924
528.071
528.212
529.262
531.062
533.445
536.28
539.351
542.276
544.804
547.13
549.694
552.728
556.067
559.351
562.299
564.781
566.778
568.326
569.476
570.275
570.761
570.97
570.935
570.678
570.203
569.52
568.636
567.561
566.317
564.918
563.377
561.696
559.864
557.879
555.748
553.474
551.07
548.551
545.929
543.22
540.438
537.598
534.713
531.794
528.856
525.917
522.99
520.077
517.165
514.237
511.27
508.239
505.118
501.885
498.511
494.952
491.152
487.051
482.568
477.582
471.942
465.488
458.102
449.792
440.761
431.378
422.1
413.383
405.599
398.967
393.549
389.353
386.313
384.207
382.758
381.739
380.969
380.209
379.094
377.201
374.254
370.304
365.665
360.853
356.686
354.099
353.526
354.378
355.343
355.489
354.995
354.688
355.187
356.497
358.188
359.838
361.271
362.519
363.704
364.921
366.232
367.634
369.026
370.188
370.872
370.889
370.123
368.607
366.478
363.895
361.001
357.9
354.661
351.326
347.915
344.441
340.914
337.346
333.744
330.109
326.441
322.739
319.003
315.234
311.435
307.603
303.741
299.853
295.933
291.973
287.978
283.951
279.889
275.797
271.678
267.517
263.306
259.05
254.733
250.399
246.082
241.759
642.907
641.467
639.887
638.717
638.2
638.219
638.491
638.452
637.904
636.846
635.536
634.099
632.5
630.643
628.487
626.069
623.438
620.607
617.546
614.227
610.635
606.766
602.62
598.2
593.513
588.577
583.421
578.081
572.605
567.062
561.546
556.166
551.047
546.329
542.16
538.674
535.977
534.145
533.216
533.178
533.947
535.382
537.356
539.724
542.199
544.455
546.493
548.685
551.372
554.511
557.745
560.732
563.319
565.478
567.222
568.578
569.583
570.271
570.674
570.819
570.733
570.433
569.923
569.211
568.307
567.22
565.964
564.559
563.015
561.338
559.522
557.558
555.449
553.205
550.836
548.356
545.78
543.121
540.389
537.599
534.764
531.895
529
526.088
523.169
520.247
517.319
514.368
511.374
508.312
505.155
501.879
498.464
494.883
491.092
487.033
482.632
477.79
472.378
466.258
459.327
451.588
443.209
434.502
425.864
417.697
410.359
404.007
398.758
394.636
391.548
389.277
387.589
386.266
385.101
383.838
382.125
379.56
375.863
371.077
365.498
359.558
354.064
350.17
348.631
349.031
350.006
350.446
350.298
350.187
350.609
351.577
352.799
354.029
355.223
356.468
357.879
359.51
361.411
363.503
365.615
367.515
368.948
369.64
369.371
368.155
366.194
363.707
360.87
357.802
354.582
351.259
347.859
344.392
340.87
337.305
333.705
330.073
326.407
322.707
318.971
315.203
311.402
307.568
303.703
299.811
295.883
291.916
287.912
283.874
279.796
275.685
271.54
267.349
263.093
258.768
254.354
249.905
245.461
240.991
645.775
644.093
642.116
640.422
639.438
639.418
639.926
640.2
639.684
638.386
636.933
635.452
633.877
631.982
629.694
627.113
624.36
621.451
618.346
615.02
611.467
607.69
603.687
599.452
594.982
590.288
585.39
580.317
575.116
569.859
564.64
559.563
554.743
550.305
546.376
543.078
540.502
538.708
537.72
537.521
538.034
539.155
540.764
542.662
544.556
546.296
548.106
550.361
553.178
556.279
559.268
561.919
564.185
566.081
567.618
568.809
569.682
570.268
570.591
570.675
570.538
570.194
569.649
568.909
567.984
566.885
565.621
564.211
562.666
560.992
559.189
557.245
555.158
552.939
550.602
548.158
545.621
543.004
540.319
537.573
534.779
531.95
529.094
526.215
523.317
520.4
517.463
514.495
511.479
508.39
505.205
501.896
498.444
494.83
491.025
486.989
482.656
477.937
472.724
466.9
460.378
453.165
445.404
437.362
429.372
421.778
414.885
408.837
403.76
399.687
396.508
394.061
392.154
390.569
389.058
387.332
385.048
381.826
377.382
371.759
365.283
358.351
351.687
346.535
343.948
343.791
344.748
345.517
345.747
345.809
346.076
346.603
347.275
348.026
348.932
350.131
351.744
353.767
356.271
359.081
361.938
364.59
366.8
368.231
368.534
367.665
365.891
363.509
360.734
357.702
354.502
351.192
347.801
344.342
340.825
337.263
333.666
330.036
326.373
322.675
318.94
315.171
311.37
307.534
303.665
299.768
295.834
291.86
287.848
283.798
279.704
275.573
271.403
267.177
262.872
258.468
253.944
249.36
244.762
240.109
648.332
646.121
643.991
641.563
640.059
639.387
640.169
640.887
640.679
639.575
638.21
636.889
635.344
633.298
630.791
628.022
625.165
622.187
619.026
615.669
612.128
608.411
604.514
600.426
596.143
591.671
587.019
582.204
577.266
572.279
567.334
562.529
557.972
553.78
550.058
546.908
544.428
542.663
541.627
541.288
541.579
542.42
543.673
545.105
546.512
547.958
549.757
552.146
554.996
557.919
560.6
562.933
564.931
566.611
567.971
569.017
569.771
570.263
570.514
570.538
570.353
569.967
569.386
568.619
567.673
566.562
565.292
563.877
562.333
560.662
558.867
556.942
554.877
552.68
550.369
547.958
545.456
542.877
540.231
537.525
534.77
531.974
529.149
526.301
523.429
520.531
517.597
514.621
511.586
508.476
505.265
501.931
498.453
494.81
490.985
486.953
482.666
478.048
473.002
467.432
461.266
454.518
447.317
439.889
432.514
425.481
419.02
413.273
408.374
404.33
401.074
398.508
396.457
394.66
392.822
390.644
387.813
383.973
378.832
372.434
365.146
357.384
349.794
343.575
339.95
339.086
339.852
340.834
341.369
341.53
341.56
341.581
341.657
341.894
342.468
343.571
345.379
347.765
350.873
354.419
358.039
361.447
364.447
366.664
367.602
367.128
365.564
363.296
360.589
357.596
354.419
351.122
347.741
344.29
340.78
337.222
333.627
330
326.339
322.642
318.909
315.14
311.337
307.499
303.628
299.725
295.786
291.806
287.786
283.723
279.615
275.463
271.267
267.005
262.646
258.154
253.506
248.767
243.993
239.116
651.369
648.029
645.065
642.265
640.03
640.054
641.592
643.283
643.03
640.772
638.643
637.12
635.863
634.19
631.605
628.672
625.763
622.755
619.553
616.172
612.637
608.959
605.138
601.169
597.046
592.769
588.334
583.748
579.049
574.313
569.627
565.081
560.776
556.82
553.309
550.313
547.907
546.157
545.069
544.604
544.696
545.263
546.154
547.171
548.26
549.627
551.538
554.021
556.772
559.424
561.785
563.837
565.607
567.099
568.299
569.21
569.856
570.26
570.44
570.408
570.174
569.746
569.131
568.335
567.368
566.242
564.965
563.547
562.002
560.336
558.549
556.637
554.594
552.419
550.131
547.748
545.281
542.738
540.128
537.459
534.739
531.977
529.181
526.359
523.513
520.637
517.719
514.745
511.702
508.575
505.343
501.987
498.487
494.826
490.987
486.955
482.7
478.163
473.262
467.915
462.066
455.739
449.057
442.212
435.441
428.964
422.965
417.509
412.779
408.786
405.543
402.961
400.81
398.784
396.593
393.973
390.626
386.19
380.376
373.246
365.208
356.723
348.387
341.277
336.632
334.872
335.168
336.139
336.835
336.996
336.707
336.15
335.566
335.217
335.379
336.312
338.142
341.063
344.828
349.183
353.643
357.861
361.711
364.808
366.487
366.489
365.177
363.046
360.418
357.473
354.323
351.044
347.674
344.232
340.729
337.176
333.585
329.96
326.301
322.607
318.875
315.106
311.302
307.462
303.588
299.68
295.735
291.749
287.72
283.645
279.521
275.348
271.122
266.819
262.399
257.802
253.002
248.069
243.089
237.912
652.795
649.535
646.639
644.202
642.618
641.996
642.614
643.083
642.531
641.281
639.894
639.172
638.265
635.841
632.528
629.341
626.341
623.265
620.001
616.587
613.057
609.418
605.667
601.8
597.82
593.723
589.497
585.135
580.672
576.179
571.736
567.428
563.347
559.588
556.252
553.417
551.112
549.378
548.223
547.628
547.542
547.848
548.395
549.096
550.052
551.497
553.544
556.007
558.53
560.853
562.902
564.7
566.263
567.575
568.62
569.401
569.94
570.259
570.369
570.278
569.994
569.524
568.873
568.048
567.059
565.917
564.631
563.209
561.662
559.999
558.22
556.319
554.296
552.145
549.881
547.523
545.088
542.581
540.009
537.375
534.689
531.959
529.192
526.397
523.574
520.72
517.823
514.864
511.826
508.691
505.445
502.071
498.555
494.883
491.042
487.022
482.803
478.339
473.566
468.411
462.837
456.882
450.666
444.359
438.144
432.176
426.571
421.511
417.03
413.23
410.12
407.542
405.222
402.917
400.413
397.435
393.627
388.624
382.194
374.429
365.746
356.65
347.711
339.859
334.226
331.396
330.896
331.523
332.141
332.164
331.479
330.288
328.971
327.934
327.578
328.28
330.255
333.589
338.063
343.317
348.702
353.791
358.549
362.612
365.144
365.714
364.712
362.746
360.214
357.327
354.212
350.953
347.598
344.167
340.673
337.126
333.539
329.917
326.261
322.569
318.838
315.069
311.264
307.422
303.546
299.634
295.684
291.691
287.653
283.567
279.426
275.231
270.974
266.626
262.136
257.417
252.435
247.259
242.067
236.484
653.91
650.925
648.247
645.97
644.235
643.257
643.155
643.337
643.009
641.869
640.379
638.91
637.398
635.5
633.04
630.271
627.232
623.949
620.539
617.057
613.493
609.841
606.11
602.312
598.456
594.529
590.499
586.356
582.136
577.906
573.734
569.69
565.854
562.301
559.128
556.418
554.2
552.484
551.275
550.555
550.262
550.283
550.53
551.069
552.084
553.695
555.79
558.069
560.256
562.23
563.989
565.554
566.917
568.051
568.94
569.593
570.028
570.261
570.3
570.149
569.813
569.3
568.613
567.758
566.746
565.586
564.29
562.863
561.315
559.654
557.881
555.992
553.984
551.858
549.619
547.286
544.878
542.406
539.872
537.275
534.622
531.921
529.183
526.413
523.614
520.782
517.906
514.967
511.944
508.815
505.565
502.184
498.66
494.986
491.154
487.161
482.994
478.615
473.964
468.978
463.633
457.983
452.156
446.307
440.575
435.105
430.018
425.367
421.222
417.661
414.606
411.896
409.368
406.891
404.232
400.979
396.72
391.198
384.295
376.1
366.969
357.394
347.925
339.368
332.762
328.808
327.343
327.373
327.682
327.431
326.3
324.442
322.334
320.522
319.56
319.994
322.111
325.893
331.108
337.29
343.614
349.569
355.22
360.253
363.669
364.852
364.192
362.41
359.984
357.163
354.089
350.856
347.517
344.099
340.614
337.075
333.493
329.874
326.221
322.531
318.802
315.033
311.227
307.384
303.506
299.59
295.635
291.636
287.591
283.495
279.34
275.124
270.837
266.45
261.89
257.045
251.867
246.407
240.661
234.994
654.926
652.199
649.719
647.556
645.867
644.743
644.161
643.725
643.004
641.772
640.219
638.677
637.253
635.532
633.174
630.318
627.282
624.163
620.9
617.462
613.88
610.193
606.438
602.656
598.878
595.091
591.247
587.316
583.324
579.333
575.41
571.629
568.058
564.752
561.764
559.175
557.033
555.346
554.102
553.249
552.723
552.515
552.676
553.316
554.525
556.22
558.16
560.101
561.909
563.559
565.059
566.404
567.567
568.522
569.26
569.787
570.12
570.267
570.233
570.021
569.633
569.075
568.352
567.468
566.432
565.255
563.946
562.512
560.962
559.301
557.534
555.656
553.663
551.558
549.345
547.038
544.656
542.214
539.716
537.158
534.539
531.868
529.154
526.409
523.635
520.827
517.973
515.056
512.05
508.934
505.694
502.319
498.804
495.144
491.337
487.388
483.291
479.012
474.493
469.675
464.546
459.18
453.71
448.295
443.076
438.148
433.499
429.251
425.395
421.899
418.74
415.897
413.348
410.904
408.14
404.544
399.815
393.869
386.662
378.231
368.825
358.877
348.875
339.529
331.872
326.776
324.333
323.691
323.58
322.966
321.321
318.724
315.733
313.048
311.413
311.563
313.851
318.14
324.154
331.285
338.539
345.337
351.843
357.813
362.105
363.917
363.623
362.039
359.729
356.981
353.954
350.751
347.431
344.027
340.553
337.022
333.446
329.831
326.181
322.494
318.766
314.997
311.19
307.347
303.468
299.549
295.59
291.586
287.534
283.43
279.262
275.027
270.716
266.295
261.67
256.703
251.331
245.619
239.68
233.605
655.884
653.36
651.027
648.957
647.237
645.898
644.897
644.055
643.087
641.815
640.308
638.745
637.166
635.3
632.923
630.159
627.244
624.225
621.032
617.662
614.156
610.54
606.845
603.141
599.478
595.827
592.125
588.345
584.526
580.726
576.997
573.403
570.011
566.896
564.088
561.612
559.525
557.855
556.583
555.671
555.124
554.985
555.312
556.133
557.382
558.893
560.477
562.02
563.482
564.853
566.115
567.243
568.207
568.986
569.576
569.982
570.213
570.275
570.169
569.894
569.453
568.851
568.092
567.179
566.12
564.925
563.602
562.16
560.606
558.945
557.182
555.314
553.335
551.248
549.06
546.78
544.424
542.009
539.543
537.023
534.442
531.801
529.111
526.385
523.633
520.853
518.028
515.134
512.149
509.05
505.824
502.467
498.977
495.353
491.597
487.717
483.71
479.549
475.177
470.535
465.631
460.565
455.472
450.491
445.71
441.237
436.999
433.015
429.251
425.689
422.494
419.783
417.417
414.999
411.991
407.99
402.877
396.653
389.262
380.686
371.079
360.781
350.171
339.875
331.036
324.805
321.51
320.333
319.869
318.879
316.644
313.206
309.239
305.602
303.259
303.099
305.555
310.405
317.309
325.436
333.618
341.237
348.548
355.391
360.514
362.941
363.016
361.639
359.452
356.782
353.808
350.639
347.342
343.952
340.49
336.968
333.398
329.788
326.142
322.459
318.731
314.962
311.155
307.313
303.432
299.511
295.548
291.539
287.482
283.373
279.195
274.944
270.613
266.165
261.484
256.41
250.855
244.919
238.79
232.439
656.8
654.434
652.221
650.213
648.454
646.959
645.705
644.582
643.409
642.053
640.506
638.833
637.048
635.048
632.719
630.097
627.3
624.368
621.269
618.012
614.628
611.135
607.576
604.017
600.482
596.938
593.358
589.754
586.149
582.56
579.021
575.592
572.368
569.421
566.764
564.401
562.374
560.723
559.476
558.65
558.221
558.18
558.544
559.279
560.278
561.419
562.614
563.818
564.998
566.12
567.151
568.063
568.831
569.441
569.888
570.175
570.307
570.284
570.104
569.766
569.272
568.626
567.831
566.89
565.808
564.594
563.257
561.806
560.247
558.587
556.827
554.967
553.001
550.931
548.765
546.512
544.183
541.794
539.357
536.871
534.329
531.723
529.057
526.347
523.61
520.852
518.06
515.201
512.243
509.166
505.959
502.623
499.165
495.59
491.905
488.116
484.223
480.197
475.979
471.52
466.843
462.059
457.334
452.768
448.307
444.303
440.382
436.445
432.575
429.102
426.198
423.789
421.531
418.956
415.635
411.317
405.967
399.571
392.05
383.356
373.547
362.832
351.422
339.897
329.69
322.386
318.527
317.149
316.55
315.235
312.357
308.009
303.001
298.339
295.212
294.669
297.143
302.598
310.527
319.757
328.924
337.376
345.455
353.096
358.971
361.963
362.389
361.218
359.156
356.569
353.652
350.521
347.248
343.874
340.425
336.914
333.351
329.746
326.105
322.424
318.697
314.929
311.123
307.28
303.399
299.475
295.508
291.495
287.436
283.324
279.137
274.872
270.528
266.061
261.34
256.18
250.469
244.347
238.084
231.635
657.675
655.43
653.303
651.331
649.537
647.931
646.49
645.148
643.79
642.316
640.687
638.917
637.026
634.978
632.699
630.177
627.469
624.623
621.638
618.512
615.26
611.915
608.523
605.116
601.697
598.265
594.834
591.414
588.002
584.618
581.312
578.14
575.133
572.337
569.805
567.564
565.645
564.089
562.914
562.109
561.654
561.544
561.757
562.233
562.903
563.712
564.611
565.548
566.477
567.359
568.162
568.863
569.442
569.889
570.197
570.367
570.399
570.292
570.038
569.636
569.087
568.396
567.565
566.597
565.492
564.26
562.909
561.448
559.884
558.224
556.469
554.617
552.664
550.611
548.464
546.235
543.935
541.574
539.162
536.704
534.198
531.63
528.996
526.303
523.572
520.824
518.058
515.24
512.325
509.279
506.098
502.791
499.371
495.849
492.232
488.531
484.753
480.872
476.823
472.545
468.064
463.535
459.165
455.073
451.226
447.189
443.118
439.192
435.631
432.589
430.029
427.738
425.385
422.609
419.067
414.548
409.046
402.538
394.936
386.158
376.16
364.96
352.53
339.446
327.663
319.394
315.361
314.203
313.732
312.186
308.683
303.4
297.225
291.3
287.069
285.801
288.13
294.297
303.507
314.097
324.431
333.802
342.651
351.023
357.55
361.024
361.763
360.787
358.848
356.345
353.486
350.397
347.151
343.795
340.359
336.86
333.304
329.704
326.069
322.391
318.665
314.898
311.093
307.25
303.368
299.443
295.473
291.455
287.396
283.284
279.091
274.813
270.459
265.985
261.243
256.031
250.202
243.945
237.628
231.274
658.552
656.395
654.326
652.369
650.543
648.847
647.262
645.74
644.213
642.608
640.885
639.042
637.086
635.001
632.744
630.291
627.67
624.919
622.046
619.041
615.927
612.742
609.51
606.238
602.945
599.658
596.387
593.128
589.888
586.706
583.621
580.649
577.826
575.197
572.816
570.715
568.915
567.43
566.264
565.418
564.886
564.638
564.645
564.878
565.303
565.87
566.526
567.22
567.909
568.558
569.142
569.642
570.042
570.331
570.504
570.559
570.494
570.3
569.971
569.502
568.896
568.158
567.291
566.295
565.17
563.919
562.555
561.084
559.516
557.856
556.106
554.263
552.324
550.287
548.159
545.953
543.679
541.346
538.96
536.528
534.05
531.518
528.921
526.255
523.535
520.786
518.026
515.239
512.371
509.373
506.233
502.967
499.599
496.135
492.575
488.936
485.25
481.513
477.644
473.538
469.228
464.956
460.962
457.174
453.324
449.296
445.471
441.988
438.865
436.095
433.629
431.297
428.862
425.991
422.301
417.625
412.032
405.483
397.871
389.083
378.974
367.36
353.93
339.23
325.838
316.688
312.685
311.958
311.767
310.093
305.99
299.628
291.887
284.109
278.172
275.748
277.857
284.91
295.784
308.192
320.035
330.501
340.182
349.246
356.314
360.164
361.159
360.356
358.534
356.112
353.314
350.268
347.05
343.713
340.294
336.805
333.257
329.665
326.035
322.36
318.636
314.87
311.065
307.223
303.339
299.414
295.441
291.42
287.362
283.252
279.055
274.767
270.406
265.934
261.198
255.977
250.083
243.75
237.459
231.355
659.389
657.302
655.277
653.333
651.476
649.704
648.004
646.347
644.687
642.975
641.178
639.281
637.281
635.165
632.911
630.503
627.953
625.285
622.504
619.618
616.645
613.607
610.512
607.376
604.232
601.097
597.972
594.864
591.797
588.798
585.887
583.093
580.447
577.984
575.743
573.753
572.027
570.568
569.383
568.478
567.841
567.455
567.305
567.365
567.594
567.943
568.368
568.827
569.283
569.709
570.084
570.395
570.626
570.766
570.81
570.754
570.591
570.31
569.9
569.36
568.694
567.908
567.006
565.982
564.836
563.569
562.19
560.711
559.139
557.48
555.737
553.905
551.979
549.959
547.85
545.665
543.415
541.109
538.752
536.346
533.893
531.389
528.826
526.196
523.5
520.756
517.992
515.212
512.379
509.433
506.345
503.136
499.838
496.451
492.946
489.344
485.722
482.116
478.407
474.432
470.29
466.279
462.465
458.709
454.96
451.302
447.944
444.861
441.976
439.3
436.866
434.56
432.12
429.155
425.298
420.513
414.898
408.376
400.827
392.124
382.044
370.302
356.373
340.668
326.12
316.169
311.995
311.458
311.388
309.415
304.428
296.49
286.547
276.232
268.001
264.114
266.046
274.213
287.163
301.9
315.651
327.443
338.071
347.816
355.309
359.413
360.595
359.936
358.219
355.874
353.136
350.134
346.945
343.63
340.228
336.751
333.212
329.628
326.005
322.333
318.61
314.846
311.042
307.199
303.315
299.389
295.413
291.389
287.333
283.229
279.029
274.735
270.368
265.905
261.203
256.024
250.137
243.792
237.59
231.819
660.222
658.175
656.176
654.237
652.35
650.516
648.728
646.965
645.198
643.394
641.527
639.579
637.54
635.403
633.155
630.789
628.304
625.713
623.028
620.258
617.412
614.497
611.531
608.54
605.543
602.547
599.563
596.611
593.71
590.876
588.129
585.498
583.01
580.688
578.56
576.648
574.965
573.515
572.306
571.343
570.625
570.138
569.856
569.746
569.774
569.908
570.11
570.344
570.58
570.798
570.982
571.119
571.194
571.195
571.117
570.953
570.691
570.318
569.824
569.209
568.481
567.647
566.707
565.656
564.489
563.206
561.815
560.328
558.753
557.097
555.36
553.54
551.629
549.626
547.536
545.371
543.144
540.864
538.534
536.155
533.727
531.248
528.713
526.115
523.452
520.732
517.973
515.19
512.37
509.465
506.433
503.291
500.082
496.797
493.378
489.827
486.252
482.735
479.167
475.365
471.393
467.48
463.68
460.051
456.582
453.402
450.477
447.646
444.876
442.279
439.914
437.623
435.116
432.026
428.046
423.211
417.611
411.135
403.676
395.068
385.126
373.734
360.313
344.904
330.229
319.75
315.007
313.918
313.112
310.048
303.464
293.395
280.775
267.569
256.899
251.657
253.568
262.925
278.113
295.445
311.342
324.656
336.361
346.773
354.558
358.787
360.084
359.536
357.909
355.635
352.955
349.995
346.837
343.546
340.162
336.698
333.168
329.593
325.977
322.308
318.587
314.825
311.023
307.179
303.295
299.368
295.389
291.363
287.309
283.212
279.014
274.716
270.345
265.896
261.252
256.17
250.37
244.09
238.029
232.629
661.084
659.081
657.1
655.144
653.226
651.348
649.496
647.655
645.806
643.928
642
640.005
637.935
635.782
633.538
631.197
628.759
626.233
623.63
620.953
618.208
615.411
612.58
609.73
606.869
604.01
601.172
598.368
595.613
592.922
590.32
587.828
585.468
583.261
581.223
579.37
577.717
576.277
575.057
574.056
573.262
572.659
572.228
571.949
571.797
571.736
571.734
571.762
571.801
571.835
571.848
571.825
571.752
571.622
571.425
571.153
570.79
570.323
569.743
569.054
568.265
567.38
566.401
565.32
564.131
562.833
561.432
559.938
558.361
556.708
554.978
553.168
551.272
549.287
547.215
545.068
542.862
540.606
538.303
535.953
533.552
531.098
528.585
526.013
523.381
520.694
517.959
515.186
512.375
509.498
506.522
503.46
500.354
497.199
493.916
490.468
486.951
483.495
480.056
476.459
472.651
468.747
464.87
461.532
458.518
455.766
453.067
450.317
447.6
445.057
442.703
440.367
437.806
434.645
430.594
425.718
420.126
413.671
406.216
397.585
387.898
377.447
365.571
351.719
337.992
327.415
321.644
318.935
316.173
311.098
302.471
290.134
274.992
259.269
246.623
240.414
242.247
252.651
269.836
289.517
307.432
322.312
335.156
346.157
354.066
358.29
359.632
359.16
357.607
355.398
352.771
349.853
346.725
343.46
340.095
336.644
333.126
329.562
325.953
322.287
318.568
314.808
311.008
307.165
303.279
299.352
295.371
291.342
287.29
283.2
279.009
274.712
270.341
265.906
261.336
256.396
250.768
244.64
238.773
233.74
661.872
659.878
657.896
655.938
654.007
652.096
650.196
648.298
646.39
644.454
642.477
640.446
638.351
636.187
633.948
631.632
629.24
626.774
624.24
621.643
618.994
616.306
613.59
610.853
608.109
605.373
602.66
599.981
597.349
594.783
592.302
589.921
587.661
585.536
583.562
581.755
580.13
578.698
577.456
576.401
575.526
574.824
574.28
573.87
573.564
573.334
573.158
573.016
572.894
572.774
572.641
572.479
572.276
572.025
571.718
571.341
570.881
570.325
569.668
568.913
568.067
567.135
566.116
565.002
563.789
562.475
561.064
559.564
557.986
556.335
554.611
552.811
550.928
548.958
546.903
544.774
542.586
540.351
538.071
535.746
533.372
530.944
528.457
525.907
523.297
520.635
517.93
515.185
512.397
509.554
506.639
503.659
500.653
497.626
494.505
491.213
487.779
484.343
480.981
477.559
473.913
470.103
466.145
463.444
460.759
458.147
455.46
452.713
450.026
447.512
445.158
442.807
440.219
436.984
432.863
427.963
422.377
415.897
408.315
399.648
390.479
381.315
371.238
359.297
346.928
336.455
329.279
324.237
319.117
312.032
301.634
287.56
270.529
252.919
238.845
231.956
233.845
245.083
263.735
285.079
304.516
320.764
334.618
346.001
353.824
357.92
359.245
358.817
357.321
355.169
352.591
349.71
346.614
343.374
340.029
336.592
333.086
329.534
325.931
322.268
318.551
314.795
310.998
307.154
303.268
299.34
295.358
291.327
287.274
283.19
279.009
274.721
270.356
265.934
261.441
256.671
251.278
245.389
239.77
235.076
662.657
660.673
658.699
656.738
654.787
652.842
650.902
648.958
647
645.019
643.003
640.943
638.832
636.664
634.438
632.15
629.798
627.384
624.914
622.394
619.834
617.24
614.619
611.985
609.351
606.728
604.129
601.566
599.052
596.601
594.229
591.949
589.777
587.725
585.81
584.046
582.441
581
579.723
578.615
577.671
576.879
576.22
575.673
575.216
574.831
574.501
574.211
573.945
573.687
573.418
573.124
572.797
572.428
572.008
571.526
570.97
570.33
569.599
568.782
567.884
566.905
565.844
564.694
563.453
562.12
560.698
559.193
557.612
555.963
554.245
552.453
550.581
548.626
546.587
544.477
542.306
540.09
537.832
535.53
533.182
530.78
528.321
525.798
523.213
520.575
517.895
515.179
512.425
509.625
506.776
503.887
500.974
498.033
495.015
491.849
488.523
485.157
481.886
478.646
475.289
471.911
469.07
465.786
463.045
460.362
457.633
454.905
452.263
449.786
447.434
445.054
442.411
439.105
434.956
430.081
424.517
417.983
410.287
401.741
393.231
385.161
376.472
366.072
354.802
344.319
335.815
328.922
322.017
313.433
301.786
286.542
268.258
249.376
234.369
227.139
229.236
241.045
260.517
282.681
303.012
320.28
334.834
346.266
353.78
357.651
358.91
358.5
357.05
354.948
352.414
349.568
346.502
343.29
339.963
336.54
333.049
329.508
325.912
322.252
318.539
314.787
310.992
307.149
303.261
299.334
295.353
291.32
287.264
283.181
279.012
274.739
270.384
265.975
261.547
256.939
251.802
246.213
240.893
236.502
663.591
661.611
659.632
657.653
655.677
653.704
651.73
649.747
647.747
645.728
643.681
641.599
639.476
637.309
635.095
632.83
630.515
628.153
625.748
623.305
620.829
618.326
615.807
613.283
610.764
608.257
605.776
603.332
600.936
598.599
596.333
594.149
592.059
590.076
588.212
586.474
584.871
583.41
582.096
580.93
579.901
578.998
578.21
577.521
576.918
576.387
575.913
575.482
575.075
574.675
574.265
573.833
573.37
572.871
572.328
571.731
571.072
570.342
569.536
568.654
567.698
566.668
565.561
564.37
563.096
561.739
560.302
558.789
557.205
555.556
553.841
552.057
550.198
548.258
546.24
544.151
542
539.803
537.566
535.289
532.965
530.591
528.163
525.675
523.124
520.517
517.864
515.179
512.464
509.717
506.936
504.126
501.286
498.401
495.439
492.367
489.182
485.983
482.895
479.89
476.85
473.796
470.874
467.895
465.114
462.4
459.705
457.042
454.459
452.004
449.627
447.21
444.527
441.204
437.081
432.278
426.773
420.23
412.606
404.282
396.047
388.436
380.686
371.641
361.392
351.133
341.999
333.909
325.698
316.02
303.479
287.614
268.861
249.575
234.269
227.006
229.307
241.315
260.798
282.861
303.411
321.182
335.889
346.91
353.894
357.456
358.611
358.199
356.785
354.73
352.237
349.425
346.39
343.203
339.896
336.489
333.014
329.484
325.893
322.237
318.529
314.781
310.989
307.146
303.259
299.333
295.356
291.323
287.264
283.176
279.017
274.762
270.419
266.009
261.617
257.132
252.222
246.944
241.947
237.829
664.677
662.693
660.704
658.713
656.722
654.725
652.721
650.705
648.675
646.625
644.551
642.449
640.314
638.144
635.939
633.698
631.422
629.112
626.77
624.401
622.009
619.601
617.185
614.767
612.355
609.959
607.587
605.25
602.957
600.717
598.539
596.435
594.413
592.484
590.657
588.939
587.338
585.861
584.509
583.278
582.164
581.16
580.257
579.445
578.711
578.042
577.426
576.847
576.288
575.732
575.169
574.59
573.986
573.352
572.681
571.966
571.199
570.374
569.486
568.533
567.515
566.429
565.271
564.036
562.724
561.338
559.882
558.359
556.769
555.117
553.403
551.624
549.775
547.853
545.858
543.8
541.666
539.491
537.277
535.023
532.725
530.381
527.986
525.535
523.026
520.459
517.845
515.196
512.523
509.827
507.107
504.361
501.584
498.757
495.859
492.884
489.858
486.853
483.938
481.089
478.228
475.344
472.488
469.667
466.953
464.314
461.708
459.125
456.594
454.148
451.758
449.34
446.652
443.367
439.341
434.702
429.339
422.953
415.629
407.326
398.445
390.41
383.432
376.101
367.306
357.702
348.324
339.378
330.111
319.934
306.882
291.102
272.86
254.281
239.573
232.634
235.042
246.659
265.165
286.194
306.182
323.632
337.733
347.851
354.126
357.317
358.339
357.909
356.526
354.515
352.06
349.282
346.279
343.117
339.828
336.439
332.98
329.46
325.874
322.223
318.521
314.778
310.987
307.146
303.26
299.337
295.366
291.336
287.275
283.183
279.026
274.797
270.473
266.056
261.646
257.207
252.458
247.449
242.752
238.849
665.977
663.98
661.975
659.964
657.945
655.917
653.877
651.826
649.762
647.682
645.586
643.471
641.335
639.176
636.993
634.785
632.551
630.292
628.012
625.714
623.401
621.079
618.752
616.43
614.117
611.823
609.553
607.316
605.118
602.968
600.872
598.84
596.879
594.997
593.202
591.501
589.898
588.397
586.997
585.7
584.501
583.396
582.376
581.434
580.56
579.742
578.967
578.224
577.502
576.789
576.077
575.356
574.618
573.856
573.063
572.233
571.358
570.435
569.458
568.427
567.34
566.193
564.981
563.701
562.352
560.937
559.459
557.92
556.321
554.663
552.946
551.169
549.328
547.419
545.441
543.394
541.305
539.161
536.972
534.742
532.472
530.157
527.795
525.383
522.918
520.401
517.836
515.231
512.599
509.95
507.284
504.597
501.879
499.118
496.301
493.431
490.538
487.67
484.86
482.098
479.356
476.616
473.9
471.221
468.615
466.068
463.551
461.053
458.588
456.178
453.814
451.424
448.78
445.627
441.849
437.54
432.485
426.513
419.558
410.745
400.421
391.425
385.017
379.39
372.181
363.378
354.081
344.878
335.26
324.575
311.885
296.969
280.201
263.493
250.451
243.93
246.72
257.282
273.859
292.878
311.278
327.332
340.092
348.943
354.419
357.216
358.092
357.636
356.281
354.309
351.891
349.146
346.174
343.036
339.765
336.394
332.948
329.437
325.856
322.211
318.516
314.776
310.987
307.148
303.266
299.346
295.38
291.357
287.297
283.202
279.052
274.853
270.578
266.183
261.715
257.201
252.511
247.708
243.249
239.478
667.489
665.469
663.438
661.398
659.35
657.294
655.229
653.153
651.066
648.97
646.862
644.743
642.611
640.466
638.306
636.128
633.933
631.721
629.495
627.257
625.011
622.763
620.519
618.282
616.06
613.856
611.677
609.528
607.414
605.341
603.314
601.339
599.421
597.568
595.784
594.075
592.447
590.901
589.441
588.066
586.773
585.559
584.418
583.342
582.324
581.356
580.43
579.539
578.673
577.821
576.974
576.124
575.261
574.378
573.468
572.525
571.542
570.517
569.448
568.334
567.173
565.962
564.697
563.373
561.989
560.544
559.044
557.488
555.877
554.209
552.487
550.709
548.875
546.982
545.028
543.013
540.945
538.827
536.663
534.459
532.214
529.929
527.601
525.226
522.805
520.336
517.824
515.272
512.69
510.086
507.466
504.828
502.166
499.472
496.739
493.974
491.197
488.435
485.71
483.025
480.369
477.742
475.141
472.586
470.091
467.643
465.23
462.841
460.463
458.115
455.813
453.482
450.94
448.04
444.7
440.924
436.443
431.198
424.552
414.689
402.784
392.911
386.645
381.965
375.778
367.688
358.955
349.986
340.459
329.988
318.083
304.585
289.954
275.896
265.269
260.537
262.7
271.656
285.666
301.886
317.746
331.57
342.463
350.101
354.713
357.133
357.863
357.38
356.05
354.115
351.733
349.023
346.08
342.964
339.711
336.356
332.922
329.416
325.84
322.202
318.512
314.775
310.989
307.153
303.274
299.356
295.393
291.379
287.323
283.229
279.088
274.923
270.704
266.353
261.818
257.156
252.433
247.771
243.521
239.86
669.305
667.256
665.194
663.124
661.046
658.961
656.869
654.769
652.663
650.551
648.432
646.307
644.174
642.032
639.881
637.719
635.548
633.369
631.185
628.998
626.812
624.63
622.457
620.295
618.148
616.019
613.913
611.833
609.783
607.768
605.79
603.855
601.966
600.128
598.345
596.623
594.964
593.372
591.849
590.395
589.01
587.691
586.436
585.239
584.095
582.995
581.933
580.898
579.885
578.887
577.897
576.908
575.915
574.911
573.888
572.837
571.75
570.624
569.46
568.258
567.02
565.742
564.421
563.05
561.629
560.158
558.636
557.064
555.44
553.761
552.031
550.252
548.423
546.543
544.61
542.623
540.582
538.491
536.354
534.176
531.959
529.702
527.406
525.068
522.687
520.264
517.802
515.305
512.78
510.229
507.658
505.068
502.46
499.832
497.181
494.512
491.836
489.17
486.53
483.922
481.345
478.804
476.304
473.857
471.464
469.109
466.794
464.512
462.229
459.976
457.776
455.531
453.144
450.611
447.849
444.746
441.084
436.885
430.536
419.606
406.916
396.779
390.089
385.092
378.824
371.386
363.291
354.754
345.649
335.789
324.944
313.124
300.873
289.625
281.454
278.208
279.918
287.085
298.3
311.398
324.329
335.663
344.659
351.107
354.953
357.046
357.639
357.133
355.827
353.929
351.584
348.91
345.997
342.903
339.668
336.328
332.902
329.401
325.829
322.196
318.511
314.777
310.993
307.16
303.283
299.365
295.404
291.399
287.35
283.257
279.13
274.991
270.811
266.489
261.884
257.061
252.272
247.717
243.669
240.109
671.296
669.189
667.083
664.976
662.866
660.754
658.637
656.517
654.394
652.266
650.136
648.003
645.867
643.73
641.59
639.449
637.307
635.164
633.023
630.884
628.75
626.623
624.505
622.399
620.306
618.23
616.173
614.137
612.127
610.144
608.191
606.272
604.389
602.545
600.747
598.996
597.298
595.653
594.065
592.534
591.061
589.645
588.284
586.975
585.712
584.487
583.295
582.126
580.975
579.837
578.709
577.585
576.463
575.338
574.203
573.051
571.875
570.669
569.431
568.16
566.858
565.521
564.145
562.727
561.264
559.756
558.206
556.612
554.972
553.286
551.554
549.777
547.957
546.091
544.179
542.217
540.207
538.148
536.043
533.894
531.707
529.481
527.217
524.914
522.573
520.194
517.78
515.333
512.857
510.358
507.839
505.304
502.756
500.197
497.625
495.043
492.454
489.874
487.314
484.778
482.278
479.819
477.403
475.04
472.728
470.455
468.239
466.06
463.876
461.736
459.637
457.47
455.287
453.177
450.977
448.499
445.663
442.401
436.191
425.053
413.063
403.215
395.664
389.405
382.48
375.248
367.491
359.359
350.745
341.585
331.819
321.605
311.512
302.662
296.45
294.037
295.486
301.061
309.732
319.937
330.136
339.199
346.512
351.85
355.214
356.948
357.411
356.886
355.605
353.744
351.439
348.804
345.923
342.853
339.637
336.311
332.892
329.392
325.824
322.195
318.513
314.782
311
307.17
303.294
299.373
295.414
291.419
287.377
283.284
279.165
275.048
270.903
266.603
261.914
256.926
252.071
247.61
243.755
240.286
673.094
670.95
668.803
666.655
664.508
662.36
660.213
658.067
655.922
653.779
651.637
649.496
647.357
645.22
643.085
640.953
638.826
636.702
634.584
632.471
630.364
628.263
626.17
624.088
622.018
619.963
617.927
615.91
613.914
611.939
609.988
608.063
606.169
604.31
602.488
600.705
598.965
597.269
595.62
594.022
592.476
590.984
589.545
588.155
586.807
585.496
584.215
582.958
581.721
580.499
579.287
578.078
576.868
575.651
574.423
573.183
571.928
570.656
569.367
568.056
566.718
565.349
563.943
562.496
561.007
559.476
557.906
556.294
554.64
552.943
551.203
549.424
547.607
545.751
543.853
541.909
539.919
537.883
535.805
533.686
531.528
529.33
527.093
524.82
522.511
520.164
517.781
515.362
512.913
510.441
507.954
505.46
502.965
500.466
497.957
495.437
492.908
490.385
487.88
485.397
482.95
480.55
478.197
475.908
473.666
471.465
469.334
467.226
465.098
463.012
460.935
458.796
456.751
454.863
452.882
450.563
447.907
444.585
438.437
428.195
418.078
408.797
400.858
393.635
386.225
378.795
371.101
363.135
354.831
346.17
337.188
328.113
319.479
312.151
307.089
305.046
306.269
310.714
317.614
325.807
334.113
341.617
347.781
352.371
355.349
356.823
357.199
356.666
355.407
353.577
351.31
348.712
345.862
342.816
339.62
336.305
332.89
329.392
325.824
322.198
318.518
314.789
311.009
307.179
303.3
299.375
295.42
291.437
287.4
283.3
279.183
275.089
270.986
266.703
261.924
256.795
251.889
247.512
243.823
240.426
674.248
672.071
669.897
667.727
665.562
663.4
661.241
659.086
656.934
654.785
652.64
650.499
648.361
646.228
644.098
641.974
639.854
637.741
635.634
633.535
631.444
629.362
627.29
625.229
623.179
621.143
619.12
617.113
615.122
613.15
611.196
609.264
607.354
605.47
603.616
601.794
600.008
598.26
596.555
594.898
593.294
591.746
590.255
588.817
587.427
586.077
584.757
583.461
582.182
580.917
579.66
578.406
577.147
575.878
574.596
573.301
571.992
570.67
569.333
567.978
566.6
565.199
563.77
562.31
560.813
559.276
557.699
556.081
554.421
552.719
550.977
549.201
547.392
545.547
543.66
541.728
539.753
537.736
535.676
533.575
531.436
529.259
527.045
524.792
522.502
520.172
517.801
515.392
512.949
510.483
508.008
505.539
503.085
500.638
498.179
495.698
493.205
490.714
488.237
485.784
483.374
481.011
478.698
476.453
474.263
472.117
470.034
467.964
465.864
463.789
461.7
459.557
457.537
455.682
453.651
451.136
448.25
444.765
438.701
429.015
420.281
411.756
404.049
396.653
389.174
381.525
373.81
365.881
357.736
349.372
340.878
332.509
324.748
318.288
313.847
311.962
312.958
316.676
322.485
329.444
336.585
343.128
348.579
352.699
355.42
356.691
357.022
356.487
355.244
353.441
351.205
348.639
345.816
342.792
339.612
336.306
332.895
329.397
325.831
322.205
318.527
314.799
311.02
307.19
303.306
299.376
295.425
291.456
287.423
283.308
279.182
275.121
271.064
266.792
261.94
256.712
251.77
247.459
243.906
240.561
675.155
672.957
670.762
668.572
666.388
664.21
662.037
659.869
657.707
655.55
653.4
651.255
649.117
646.985
644.86
642.742
640.632
638.53
636.436
634.352
632.278
630.213
628.158
626.112
624.077
622.052
620.038
618.035
616.046
614.072
612.115
610.174
608.247
606.335
604.439
602.564
600.716
598.905
597.14
595.429
593.779
592.194
590.675
589.217
587.809
586.443
585.107
583.794
582.495
581.202
579.911
578.617
577.318
576.014
574.702
573.381
572.048
570.7
569.335
567.951
566.545
565.115
563.659
562.174
560.659
559.112
557.531
555.914
554.256
552.556
550.815
549.04
547.234
545.397
543.523
541.607
539.647
537.646
535.602
533.519
531.395
529.23
527.026
524.783
522.503
520.182
517.817
515.409
512.964
510.493
508.022
505.577
503.164
500.764
498.349
495.9
493.427
490.95
488.486
486.044
483.648
481.311
479.032
476.808
474.645
472.547
470.504
468.459
466.379
464.303
462.181
459.984
457.963
456.114
453.92
450.959
447.607
444
437.675
428.684
421.34
413.781
406.589
399.106
391.517
383.698
375.911
367.975
359.91
351.732
343.553
335.641
328.429
322.502
318.435
316.66
317.46
320.667
325.739
331.878
338.243
344.144
349.115
352.92
355.478
356.549
356.866
356.335
355.105
353.324
351.116
348.577
345.778
342.773
339.607
336.309
332.901
329.405
325.839
322.215
318.537
314.81
311.033
307.201
303.309
299.374
295.431
291.477
287.444
283.309
279.175
275.145
271.129
266.863
261.964
256.679
251.715
247.458
244.011
240.696
675.803
673.586
671.374
669.17
666.973
664.783
662.601
660.425
658.257
656.096
653.944
651.799
649.663
647.534
645.414
643.302
641.199
639.105
637.021
634.947
632.885
630.833
628.793
626.763
624.744
622.735
620.736
618.744
616.759
614.779
612.804
610.834
608.871
606.917
604.975
603.048
601.143
599.27
597.443
595.676
593.982
592.369
590.84
589.391
588.005
586.66
585.337
584.023
582.713
581.401
580.084
578.759
577.427
576.089
574.746
573.399
572.048
570.689
569.319
567.93
566.517
565.075
563.603
562.099
560.564
558.997
557.4
555.772
554.113
552.42
550.692
548.93
547.137
545.307
543.436
541.521
539.566
537.574
535.548
533.483
531.377
529.228
527.037
524.806
522.531
520.209
517.836
515.415
512.947
510.454
507.981
505.57
503.217
500.871
498.49
496.065
493.604
491.129
488.664
486.227
483.836
481.512
479.255
477.05
474.9
472.833
470.835
468.83
466.772
464.677
462.491
460.193
458.123
456.269
453.99
450.604
446.691
442.418
435.179
427.249
421.577
415.901
408.583
401.004
393.233
385.335
377.466
369.515
361.49
353.441
345.476
337.87
331.012
325.419
321.58
319.871
320.527
323.381
327.951
333.533
339.374
344.836
349.478
353.068
355.544
356.391
356.734
356.207
354.989
353.227
351.043
348.527
345.747
342.757
339.601
336.31
332.906
329.413
325.848
322.224
318.548
314.822
311.045
307.21
303.311
299.37
295.436
291.498
287.465
283.308
279.165
275.162
271.172
266.912
261.998
256.691
251.713
247.5
244.128
240.827
676.273
674.045
671.824
669.609
667.403
665.206
663.017
660.836
658.665
656.502
654.35
652.206
650.072
647.947
645.832
643.726
641.631
639.546
637.473
635.411
633.361
631.322
629.293
627.275
625.266
623.265
621.272
619.285
617.303
615.323
613.344
611.363
609.378
607.391
605.401
603.414
601.435
599.479
597.567
595.729
593.99
592.361
590.84
589.413
588.06
586.755
585.465
584.169
582.857
581.528
580.185
578.832
577.475
576.118
574.761
573.404
572.043
570.674
569.294
567.897
566.479
565.035
563.561
562.055
560.515
558.943
557.34
555.706
554.042
552.346
550.619
548.859
547.067
545.24
543.374
541.468
539.519
537.539
535.525
533.475
531.385
529.25
527.072
524.85
522.579
520.251
517.868
515.421
512.914
510.383
507.898
505.523
503.24
500.964
498.632
496.224
493.762
491.279
488.802
486.357
483.972
481.658
479.403
477.203
475.08
473.059
471.109
469.129
467.069
464.957
462.71
460.246
458.055
456.181
453.857
450.248
445.895
441.238
433.974
426.436
422.359
417.97
410.027
402.377
394.45
386.505
378.555
370.593
362.592
354.641
346.83
339.436
332.814
327.438
323.743
322.075
322.62
325.229
329.459
334.663
340.147
345.307
349.721
353.156
355.59
356.251
356.628
356.104
354.896
353.152
350.987
348.489
345.723
342.743
339.595
336.31
332.911
329.421
325.857
322.233
318.558
314.834
311.056
307.218
303.312
299.367
295.44
291.516
287.483
283.311
279.167
275.177
271.193
266.94
262.04
256.735
251.749
247.571
244.242
240.944
676.592
674.352
672.125
669.906
667.694
665.489
663.293
661.107
658.931
656.766
654.612
652.469
650.338
648.217
646.108
644.009
641.923
639.848
637.785
635.736
633.698
631.674
629.662
627.661
625.671
623.689
621.713
619.738
617.762
615.781
613.797
611.805
609.803
607.785
605.746
603.687
601.616
599.55
597.526
595.594
593.8
592.172
590.704
589.353
588.067
586.806
585.545
584.264
582.955
581.615
580.249
578.868
577.482
576.101
574.73
573.367
572.008
570.645
569.271
567.879
566.462
565.014
563.534
562.014
560.462
558.881
557.274
555.64
553.979
552.29
550.572
548.815
547.028
545.206
543.348
541.448
539.513
537.539
535.534
533.494
531.413
529.289
527.122
524.91
522.641
520.312
517.921
515.438
512.86
510.276
507.783
505.452
503.241
501.037
498.748
496.355
493.885
491.386
488.895
486.434
484.04
481.743
479.506
477.287
475.164
473.233
471.383
469.4
467.281
465.186
462.902
460.212
457.83
455.909
453.544
449.889
445.343
440.777
434.407
427.513
424.578
419.94
411.582
403.495
395.348
387.325
379.293
371.318
363.334
355.459
347.758
340.513
334.05
328.818
325.216
323.565
324.038
326.483
330.482
335.429
340.668
345.622
349.874
353.192
355.531
356.212
356.552
356.024
354.825
353.095
350.945
348.459
345.703
342.732
339.59
336.311
332.917
329.429
325.864
322.24
318.567
314.844
311.065
307.224
303.312
299.363
295.442
291.529
287.497
283.319
279.175
275.189
271.202
266.959
262.085
256.794
251.805
247.653
244.337
241.038
676.822
674.58
672.344
670.117
667.899
665.69
663.49
661.3
659.122
656.956
654.803
652.662
650.535
648.421
646.318
644.228
642.15
640.083
638.029
635.987
633.959
631.945
629.945
627.959
625.985
624.021
622.062
620.104
618.139
616.164
614.177
612.176
610.16
608.117
606.033
603.898
601.721
599.529
597.374
595.329
593.459
591.809
590.396
589.172
588.022
586.862
585.658
584.4
583.089
581.731
580.336
578.918
577.493
576.075
574.676
573.298
571.936
570.58
569.216
567.836
566.432
564.996
563.531
562.016
560.462
558.876
557.26
555.616
553.944
552.247
550.526
548.774
546.992
545.178
543.325
541.43
539.499
537.533
535.537
533.509
531.44
529.33
527.18
524.979
522.714
520.391
517.991
515.456
512.788
510.114
507.617
505.372
503.26
501.132
498.891
496.498
494.003
491.47
488.954
486.484
484.084
481.786
479.576
477.347
475.179
473.331
471.633
469.66
467.482
465.421
463.079
460.145
457.609
455.613
453.221
449.628
445.038
440.579
435.019
429.227
426.733
421.626
413.176
404.478
396.066
387.903
379.789
371.795
363.825
356.005
348.383
341.238
334.883
329.745
326.203
324.568
324.988
327.319
331.161
335.934
341.007
345.819
349.961
353.192
355.405
356.24
356.498
355.963
354.771
353.052
350.913
348.437
345.688
342.722
339.586
336.312
332.922
329.435
325.869
322.246
318.575
314.851
311.071
307.23
303.314
299.36
295.442
291.535
287.508
283.329
279.185
275.2
271.207
266.975
262.126
256.851
251.864
247.733
244.396
241.104
676.969
674.722
672.483
670.253
668.031
665.818
663.614
661.421
659.241
657.073
654.92
652.781
650.657
648.547
646.45
644.365
642.293
640.233
638.187
636.154
634.136
632.135
630.15
628.182
626.229
624.288
622.35
620.411
618.463
616.503
614.529
612.535
610.513
608.448
606.314
604.09
601.768
599.395
597.072
594.906
592.979
591.34
589.988
588.863
587.85
586.821
585.702
584.488
583.183
581.806
580.381
578.934
577.485
576.049
574.642
573.259
571.897
570.545
569.184
567.808
566.408
564.974
563.49
561.979
560.416
558.829
557.215
555.576
553.917
552.23
550.511
548.765
546.986
545.174
543.323
541.431
539.502
537.54
535.553
533.536
531.481
529.387
527.254
525.061
522.805
520.498
518.08
515.465
512.693
509.931
507.402
505.23
503.243
501.201
499.01
496.637
494.11
491.537
488.99
486.496
484.095
481.819
479.605
477.342
475.186
473.409
471.773
469.791
467.633
465.613
463.196
460.062
457.322
455.404
452.93
449.418
444.928
440.602
435.546
430.211
427.6
422.753
414.414
405.323
396.647
388.303
380.12
372.099
364.143
356.361
348.793
341.714
335.428
330.349
326.845
325.22
325.598
327.852
331.591
336.25
341.213
345.932
350
353.174
355.322
356.236
356.456
355.916
354.73
353.019
350.888
348.419
345.676
342.715
339.582
336.312
332.925
329.439
325.872
322.25
318.582
314.858
311.075
307.231
303.316
299.362
295.444
291.538
287.506
283.336
279.195
275.209
271.223
266.99
262.157
256.897
251.916
247.792
244.415
241.139
677.058
674.81
672.57
670.337
668.112
665.896
663.69
661.494
659.312
657.144
654.992
652.856
650.737
648.633
646.544
644.467
642.402
640.349
638.309
636.284
634.276
632.286
630.316
628.366
626.433
624.511
622.591
620.662
618.719
616.763
614.801
612.838
610.856
608.818
606.674
604.368
601.863
599.224
596.642
594.294
592.302
590.757
589.607
588.68
587.817
586.898
585.837
584.636
583.313
581.899
580.423
578.92
577.417
575.944
574.522
573.151
571.812
570.484
569.154
567.797
566.411
564.987
563.518
562.004
560.449
558.843
557.21
555.554
553.882
552.191
550.478
548.743
546.975
545.17
543.325
541.436
539.507
537.549
535.568
533.557
531.511
529.434
527.313
525.126
522.901
520.632
518.195
515.467
512.546
509.721
507.234
505.142
503.255
501.307
499.158
496.768
494.206
491.588
489.005
486.492
484.082
481.826
479.622
477.269
475.098
473.524
471.995
469.907
467.632
465.624
463.238
460.082
457.371
455.343
452.774
449.306
444.911
440.647
435.861
430.705
427.812
423.269
415.203
405.989
397.088
388.569
380.332
372.282
364.342
356.583
349.053
342.013
335.768
330.723
327.238
325.598
325.963
328.171
331.846
336.433
341.329
345.99
350.013
353.153
355.266
356.219
356.425
355.88
354.699
352.993
350.869
348.405
345.666
342.709
339.58
336.312
332.928
329.441
325.874
322.254
318.586
314.861
311.077
307.234
303.318
299.362
295.445
291.542
287.515
283.341
279.196
275.211
271.228
266.999
262.173
256.922
251.942
247.821
244.406
241.151
677.107
674.86
672.62
670.387
668.16
665.94
663.73
661.53
659.345
657.175
655.024
652.891
650.776
648.679
646.595
644.524
642.465
640.416
638.38
636.358
634.355
632.376
630.423
628.499
626.6
624.718
622.837
620.936
619.001
617.033
615.051
613.08
611.117
609.118
607.008
604.675
602.044
599.186
596.318
593.713
591.583
590.062
589.123
588.439
587.746
586.919
585.918
584.739
583.416
581.985
580.492
578.97
577.449
575.955
574.512
573.124
571.781
570.457
569.132
567.782
566.398
564.973
563.499
561.976
560.417
558.823
557.198
555.554
553.892
552.206
550.494
548.756
546.985
545.177
543.33
541.441
539.514
537.563
535.59
533.58
531.543
529.482
527.367
525.183
522.988
520.775
518.342
515.51
512.405
509.417
506.935
505.007
503.251
501.403
499.293
496.89
494.276
491.618
488.998
486.47
484.076
481.834
479.628
477.261
475.013
473.408
472.024
470.078
467.71
465.507
463.047
460.045
457.44
455.352
452.735
449.306
444.937
440.671
436.032
430.94
427.797
423.358
415.546
406.402
397.368
388.725
380.453
372.381
364.455
356.716
349.209
342.193
335.97
330.943
327.467
325.827
326.173
328.351
331.987
336.533
341.39
346.017
350.016
353.135
355.231
356.202
356.401
355.857
354.679
352.977
350.857
348.396
345.661
342.706
339.578
336.313
332.93
329.442
325.875
322.256
318.59
314.865
311.078
307.233
303.319
299.365
295.446
291.541
287.514
283.344
279.201
275.213
271.228
267
262.18
256.934
251.951
247.832
244.401
241.158
677.133
674.886
672.644
670.409
668.18
665.958
663.745
661.543
659.355
657.185
655.033
652.902
650.791
648.699
646.622
644.558
642.505
640.463
638.432
636.414
634.413
632.433
630.481
628.555
626.655
624.774
622.899
621.01
619.093
617.149
615.193
613.237
611.275
609.274
607.154
604.797
602.138
599.266
596.383
593.756
591.612
590.102
589.114
588.413
587.724
586.91
585.912
584.726
583.398
581.962
580.464
578.94
577.422
575.941
574.507
573.13
571.794
570.472
569.145
567.794
566.408
564.982
563.511
561.991
560.428
558.827
557.199
555.552
553.886
552.2
550.491
548.755
546.985
545.179
543.335
541.446
539.52
537.571
535.595
533.584
531.55
529.49
527.371
525.199
523.019
520.798
518.355
515.527
512.43
509.449
506.978
505
503.244
501.403
499.291
496.893
494.29
491.628
489.001
486.468
484.074
481.83
479.604
477.24
475.066
473.504
472.014
469.987
467.668
465.513
463.051
460.064
457.476
455.359
452.728
449.309
444.932
440.662
436.113
431.059
427.756
423.198
415.49
406.476
397.439
388.781
380.499
372.419
364.501
356.772
349.279
342.278
336.068
331.05
327.576
325.935
326.267
328.428
332.047
336.575
341.414
346.026
350.014
353.125
355.212
356.191
356.387
355.844
354.669
352.969
350.851
348.392
345.658
342.704
339.577
336.313
332.93
329.443
325.877
322.257
318.591
314.865
311.079
307.235
303.319
299.364
295.447
291.542
287.518
283.345
279.199
275.212
271.227
266.995
262.18
256.94
251.961
247.837
244.404
241.164
243.971
239.368
234.614
229.628
224.066
217.673
210.661
203.395
195.835
187.618
178.895
169.614
159.902
150.223
141.233
132.357
122.535
110.96
97.5503
82.2075
65.5583
47.106
31.5776
16.4326
10.0319
243.432
239.065
234.329
229.336
223.821
217.464
210.331
202.917
195.551
187.393
178.605
169.283
159.581
149.941
141.002
132.154
122.319
110.705
97.2546
81.8849
65.2166
46.7834
31.2928
16.2961
9.90771
243.091
238.824
234.075
229.053
223.542
217.204
210.173
202.773
195.245
186.899
178.2
168.987
159.28
149.647
140.78
132.011
122.196
110.547
97.046
81.6307
64.9099
46.4318
30.9048
16.0358
9.75161
242.745
238.507
233.783
228.741
223.232
216.924
209.811
202.24
194.29
186.308
177.654
168.495
158.842
149.272
140.518
131.845
122.058
110.361
96.7996
81.3373
64.5593
46.0283
30.4702
15.7535
9.59509
242.425
238.209
233.537
228.477
222.916
216.582
209.465
201.883
193.873
185.676
176.977
167.872
158.332
148.884
140.275
131.746
121.981
110.204
96.5517
81.024
64.1698
45.5642
29.9184
15.4076
9.42829
242.145
237.937
233.292
228.212
222.604
216.247
209.089
201.382
193.29
184.947
176.207
167.135
157.745
148.489
140.046
131.656
121.925
110.056
96.2953
80.6941
63.7508
45.0481
29.3258
15.0144
9.25473
241.897
237.691
233.064
227.968
222.304
215.889
208.673
200.892
192.716
184.209
175.375
166.316
157.079
148.089
139.853
131.597
121.888
109.91
96.0276
80.3484
63.3048
44.4812
28.6337
14.5747
9.07387
241.683
237.483
232.861
227.732
221.996
215.518
208.244
200.348
192.034
183.365
174.461
165.42
156.337
147.654
139.668
131.54
121.853
109.758
95.7433
79.9859
62.8367
43.87
27.8883
14.0923
8.88745
241.506
237.305
232.671
227.504
221.696
215.132
207.769
199.754
191.305
182.548
173.491
164.455
155.527
147.138
139.442
131.464
121.799
109.588
95.4413
79.6131
62.3543
43.2165
27.0667
13.5606
8.69315
241.357
237.149
232.493
227.279
221.397
214.741
207.279
199.132
190.514
181.568
172.451
163.418
154.644
146.522
139.136
131.341
121.711
109.392
95.1241
79.2357
61.8591
42.5165
26.2298
12.9684
8.48701
241.227
237.008
232.323
227.061
221.111
214.365
206.784
198.481
189.674
180.566
171.346
162.307
153.687
145.806
138.726
131.15
121.574
109.164
94.7945
78.8579
61.3492
41.7614
25.4101
12.2956
8.263
241.108
236.874
232.165
226.861
220.847
214.001
206.28
197.801
188.786
179.49
170.16
161.12
152.652
145.001
138.207
130.878
121.379
108.901
94.4553
78.4827
60.8197
40.9346
24.4248
11.5177
8.01449
240.991
236.747
232.023
226.683
220.599
213.634
205.741
197.052
187.81
178.315
168.876
159.847
151.539
144.114
137.586
130.519
121.122
108.603
94.1101
78.1119
60.2621
40.0199
23.1861
10.6173
7.73599
240.873
236.628
231.896
226.517
220.349
213.236
205.139
196.212
186.716
177.008
167.465
158.472
150.338
143.152
136.872
130.075
120.804
108.274
93.7625
77.7454
59.6683
39.0106
21.802
9.59327
7.42482
240.751
236.515
231.769
226.339
220.076
212.8
204.476
195.295
185.522
175.574
165.917
156.972
149.037
142.113
136.08
129.554
120.43
107.92
93.4159
77.3827
59.0332
37.9126
20.2991
8.46266
7.08196
240.622
236.39
231.619
226.134
219.776
212.339
203.772
194.309
184.242
174.029
164.241
155.346
147.63
140.995
135.218
128.967
120.009
107.549
93.0736
77.0233
58.3553
36.7481
18.723
7.25857
6.71194
240.471
236.232
231.431
225.901
219.462
211.862
203.025
193.226
182.834
172.343
162.415
153.589
146.121
139.795
134.294
128.324
119.552
107.17
92.7394
76.6668
57.643
35.5499
17.1259
6.02182
6.3211
240.285
236.03
231.202
225.65
219.14
211.35
202.191
191.972
181.189
170.401
160.359
151.663
144.502
138.518
133.316
127.638
119.07
106.792
92.4176
76.3147
56.9167
34.3553
15.5643
4.79844
5.91609
240.045
235.772
230.931
225.38
218.795
210.766
201.216
190.491
179.223
168.109
157.976
149.501
142.741
137.159
132.291
126.922
118.577
106.424
92.114
75.9725
56.2038
33.2042
14.09
3.63517
5.50395
239.733
235.444
230.606
225.076
218.399
210.082
200.08
188.777
176.926
165.433
155.221
147.042
140.796
135.703
131.222
126.186
118.085
106.078
91.8357
75.65
55.532
32.1369
12.6805
2.57096
5.0913
239.336
235.029
230.21
224.712
217.923
209.274
198.763
186.83
174.32
162.379
152.081
144.256
138.631
134.133
130.112
125.443
117.608
105.764
91.5913
75.3596
54.9269
31.195
11.388
1.63958
4.68566
238.839
234.507
229.719
224.259
217.33
208.289
197.196
184.577
171.373
158.946
148.564
141.135
136.229
132.433
128.961
124.704
117.16
105.495
91.3906
75.1149
54.415
30.4179
10.3955
0.869736
4.29558
238.222
233.855
229.108
223.689
216.574
207.055
195.28
181.893
167.974
155.08
144.657
137.685
133.585
130.597
127.771
123.98
116.755
105.281
91.2441
74.9315
54.0242
29.8352
9.66072
0.280972
3.92677
237.472
233.055
228.359
222.971
215.61
205.522
192.968
178.724
164.038
150.692
140.31
133.904
130.705
128.631
126.548
123.283
116.407
105.135
91.163
74.8259
53.7793
29.4695
9.19075
-0.114418
3.58295
236.577
232.09
227.439
222.06
214.399
203.677
190.276
175.105
159.589
145.781
135.504
129.784
127.599
126.543
125.3
122.625
116.13
105.067
91.1589
74.814
53.6982
29.338
8.98999
-0.310499
3.26747
235.529
230.933
226.304
220.903
212.908
201.513
187.215
171.064
154.671
140.397
130.273
125.341
124.278
124.35
124.042
122.021
115.939
105.09
91.2422
74.9095
53.7917
29.4501
9.05674
-0.306134
2.98304
234.318
229.553
224.905
219.455
211.121
199.035
183.805
166.631
149.324
134.595
124.685
120.624
120.772
122.073
122.793
121.487
115.847
105.214
91.4224
75.1214
54.066
29.8067
9.38347
-0.104829
2.73253
232.803
227.769
223.046
217.547
208.865
196.029
179.758
161.419
143.071
127.852
118.239
115.206
116.759
119.512
121.456
120.996
115.872
105.475
91.7374
75.4865
54.5672
30.4592
10.0173
0.321368
2.49965
230.949
225.532
220.682
215.184
206.174
192.541
175.134
155.486
135.971
120.233
111.003
109.138
112.275
116.705
120.091
120.626
116.088
105.929
92.2412
76.062
55.3661
31.4897
11.0394
1.02929
2.30746
229.007
223.197
218.256
212.823
203.502
189.065
170.514
149.537
128.851
112.626
103.806
103.1
107.813
113.972
118.875
120.458
116.514
106.565
92.9083
76.8135
56.3981
32.8025
12.3475
1.9495
2.17838
227.183
221.111
216.21
210.87
201.181
185.884
166.165
143.853
122.008
105.339
96.933
97.3235
103.528
111.42
117.879
120.534
117.175
107.396
93.739
77.7272
57.6267
34.3453
13.8866
3.04497
2.11223
225.765
219.671
214.987
209.718
199.547
183.294
162.37
138.745
115.768
98.6849
90.6924
92.0531
99.5994
109.167
117.177
120.898
118.095
108.431
94.7292
78.7783
59.0029
36.0587
15.6009
4.27624
2.1071
224.998
219.164
214.856
209.615
198.865
181.544
159.381
134.505
110.449
92.961
85.3445
87.487
96.1962
107.329
116.846
121.598
119.302
109.677
95.8679
79.9347
60.4724
37.8801
17.4329
5.60372
2.15969
224.978
219.659
215.848
210.635
199.285
180.805
157.39
131.366
106.326
88.4102
81.0612
83.7755
93.4607
106.02
116.958
122.68
120.816
111.139
97.1419
81.1644
61.982
39.7489
19.3304
6.99107
2.26603
225.623
221.005
217.784
212.689
200.824
181.166
156.533
129.489
103.616
85.212
77.9773
81.0392
91.5026
105.333
117.578
124.182
122.658
112.824
98.5433
82.4437
63.4892
41.6151
21.2485
8.40611
2.42121
226.775
222.953
220.362
215.538
203.351
182.6
156.877
128.974
102.462
83.4874
76.1929
79.3644
90.4065
105.34
118.758
126.135
124.842
114.743
100.076
83.7628
64.9698
43.444
23.1519
9.82123
2.61819
228.27
225.212
223.231
218.841
206.593
184.898
158.377
129.878
102.946
83.3053
75.7589
78.7987
90.2273
106.084
120.533
128.557
127.381
116.913
101.756
85.127
66.4149
45.2148
25.0142
11.2125
2.84812
229.957
227.522
226.04
222.172
210.086
187.664
160.918
132.198
105.122
84.697
76.6801
79.3525
90.986
107.581
122.916
131.45
130.274
119.348
103.602
86.5492
67.8241
46.9142
26.8125
12.5562
3.10064
231.712
229.654
228.435
225.01
213.033
190.478
164.386
135.873
108.959
87.6825
78.9319
81.0109
92.6709
109.82
125.896
134.793
133.508
122.046
105.624
88.0396
69.1974
48.5309
28.5221
13.8276
3.36391
233.38
231.382
230.081
226.797
214.498
192.841
168.49
140.856
114.236
92.2633
82.4536
83.7309
95.2385
112.756
129.423
138.541
137.045
124.984
107.81
89.5954
70.53
50.0539
30.1223
15.0067
3.62677
234.776
232.519
230.743
227.089
213.622
193.796
172.66
147.111
120.745
98.34
87.1866
87.474
98.6064
116.312
133.406
142.621
140.822
128.108
110.117
91.1962
71.8138
51.474
31.604
16.0848
3.88033
235.757
233.014
230.424
225.86
210.329
192.617
176.617
154.691
128.346
105.761
92.9734
92.1308
102.724
120.382
137.707
146.933
144.748
131.333
112.484
92.809
73.04
52.7874
32.9671
17.0606
4.11713
236.205
232.998
229.446
223.816
206.183
190.435
181.247
163.358
136.71
113.855
99.333
97.2826
107.204
124.709
141.962
151.164
148.539
134.418
114.741
94.327
74.1493
53.9428
34.1609
17.8986
4.32268
236.495
232.78
228.274
221.35
203.312
189.408
187.572
172.284
145.358
121.717
105.598
102.333
111.534
128.761
145.903
154.991
151.91
137.135
116.728
95.6548
75.098
54.9114
35.1577
18.584
4.49051
236.666
232.417
227.436
220.248
202.856
190.445
194.938
180.733
153.835
128.937
111.462
107.007
115.484
132.394
149.378
158.322
154.795
139.446
118.425
96.79
75.9022
55.7222
35.9889
19.143
4.62663
236.82
232.366
226.931
219.842
204.077
193.742
200.866
188.213
161.586
135.336
116.758
111.167
118.94
135.523
152.342
161.131
157.193
141.372
119.851
97.7478
76.5821
56.4031
36.6833
19.5992
4.73661
236.979
232.407
226.682
219.946
206.126
197.323
205.86
194.742
168.381
140.911
121.402
114.758
121.868
138.134
154.795
163.429
159.141
142.954
121.033
98.5477
77.1559
56.9769
37.2646
19.9716
4.82387
237.155
232.523
226.6
220.361
208.427
200.759
209.835
200.392
174.246
145.726
125.365
117.778
124.282
140.256
156.778
165.254
160.699
144.241
122.004
99.2113
77.6402
57.4614
37.7525
20.2765
4.89316
237.351
232.687
226.62
220.905
210.653
203.707
212.749
205.086
179.237
149.866
128.674
120.252
126.218
141.933
158.349
166.659
161.931
145.279
122.794
99.7594
78.0496
57.8719
38.1631
20.5269
4.95083
237.567
232.874
226.703
221.466
212.606
206.021
214.62
208.725
183.377
153.411
131.386
122.241
127.731
143.216
159.539
167.733
162.898
146.111
123.433
100.213
78.3947
58.2191
38.5084
20.7324
4.99994
237.793
233.065
226.816
222.004
214.226
207.71
215.617
211.298
186.685
156.421
133.574
123.806
128.88
144.163
160.41
168.543
163.649
146.771
123.947
100.589
78.6914
58.5166
38.8
20.9029
5.04152
238.017
233.248
226.931
222.5
215.526
208.86
215.972
212.894
189.244
158.936
135.321
125.019
129.724
144.835
161.027
169.14
164.226
147.289
124.36
100.894
78.9398
58.7708
39.0459
21.0472
5.079
238.231
233.418
227.042
222.939
216.538
209.604
215.897
213.705
191.183
160.985
136.7
125.885
130.32
145.285
161.445
169.568
164.66
147.689
124.692
101.168
79.1564
58.9925
39.2562
21.1726
5.11909
238.427
233.57
227.159
223.333
217.306
210.069
215.598
213.979
192.608
162.602
137.806
126.663
130.728
145.567
161.711
169.86
164.974
147.997
124.952
101.35
79.3364
59.1815
39.4352
21.2828
5.16595
238.583
233.697
227.283
223.693
217.862
210.354
215.263
213.942
193.578
163.785
138.656
126.995
130.931
145.702
161.848
170.038
165.193
148.233
125.179
101.57
79.5044
59.3439
39.5852
21.3794
5.21849
238.686
233.799
227.415
224.011
218.209
210.524
215.056
213.785
194.14
164.579
139.313
127.373
131.118
145.781
161.911
170.136
165.342
148.401
125.329
101.692
79.6241
59.4582
39.6937
21.4597
5.27459
238.747
233.894
227.511
224.218
218.43
210.625
214.95
213.883
194.417
165.046
139.688
127.498
131.036
145.642
161.815
170.137
165.436
148.56
125.507
101.859
79.7588
59.5646
39.7751
21.5239
5.31207
)
;

boundaryField
{
    inlet
    {
        type            zeroGradient;
    }
    outlet
    {
        type            fixedValue;
        value           uniform 0;
    }
    upperWall
    {
        type            zeroGradient;
    }
    lowerWall
    {
        type            zeroGradient;
    }
    frontAndBack
    {
        type            empty;
    }
}


// ************************************************************************* //
