/*--------------------------------*- C++ -*----------------------------------*\
  =========                 |
  \\      /  F ield         | OpenFOAM: The Open Source CFD Toolbox
   \\    /   O peration     | Website:  https://openfoam.org
    \\  /    A nd           | Version:  9
     \\/     M anipulation  |
\*---------------------------------------------------------------------------*/
FoamFile
{
    format      ascii;
    class       volScalarField;
    location    "0.039";
    object      nut;
}
// * * * * * * * * * * * * * * * * * * * * * * * * * * * * * * * * * * * * * //

dimensions      [0 2 -1 0 0 0 0];

internalField   nonuniform List<scalar> 
12225
(
7.71166e-11
0
0
0
0
0
0
0
0
0
0
0
0
0
0
2.21231e-09
2.15102e-07
2.18828e-06
1.06574e-10
0
0
0
0
0
0
0
0
0
0
0
0
0
0
3.48283e-09
9.99438e-08
1.03409e-06
1.96521e-10
0
0
0
0
0
0
0
0
0
0
0
0
0
0
3.55401e-09
3.38667e-08
2.82668e-07
0
0
0
0
2.32745e-09
2.55305e-09
1.71286e-09
1.2867e-09
1.6417e-09
1.93465e-09
1.25136e-09
0
0
0
8.76465e-10
2.02216e-09
1.1843e-08
5.68491e-08
3.01414e-07
0
2.09962e-07
2.74486e-07
2.98174e-07
4.84657e-07
7.29575e-07
6.21714e-07
4.95648e-07
3.6045e-07
2.12133e-07
9.34687e-08
4.56074e-08
2.67375e-08
2.12021e-08
2.08736e-09
0
9.24535e-09
5.73663e-07
4.3484e-07
3.32268e-07
4.10533e-07
4.74279e-07
4.02086e-07
4.47631e-07
7.4253e-07
7.19775e-07
4.72951e-07
2.80127e-07
1.52388e-07
1.13886e-07
1.4987e-07
1.89788e-07
1.73422e-07
1.1399e-07
5.94686e-08
5.1092e-07
5.83043e-07
5.14959e-07
6.35882e-07
7.89101e-07
2.55429e-07
9.95713e-08
2.46228e-07
4.73159e-07
4.63962e-07
2.9829e-07
1.67935e-07
1.84283e-07
2.95319e-07
3.41124e-07
2.91118e-07
1.69436e-07
5.02772e-08
5.0525e-07
5.88403e-07
5.87458e-07
9.29095e-07
1.04145e-06
2.9081e-07
5.30917e-08
6.09784e-08
1.62159e-07
3.84759e-07
4.46809e-07
1.70445e-07
1.52196e-07
2.63883e-07
2.93435e-07
2.43056e-07
1.57188e-07
7.3852e-08
5.30941e-07
9.08054e-07
1.41338e-06
1.83493e-06
9.80231e-07
4.28399e-07
3.1908e-07
3.17179e-07
2.92791e-07
2.26826e-07
7.03829e-08
0
8.72087e-08
3.06857e-07
3.54444e-07
3.08045e-07
2.21884e-07
1.37065e-07
4.60874e-07
6.73776e-07
8.74494e-07
5.20728e-07
4.9444e-07
5.9259e-07
5.97291e-07
3.66479e-07
1.27621e-07
0
0
0
0
1.88711e-07
2.86363e-07
2.60638e-07
1.92678e-07
1.37084e-07
4.07252e-07
2.68959e-07
1.34479e-07
0
3.18975e-07
4.54507e-07
2.45514e-07
8.92625e-08
1.49885e-08
0
0
0
0
3.73002e-08
5.54428e-08
4.52763e-08
3.41439e-08
2.93963e-08
1.79328e-07
0
0
0
0
1.09685e-07
1.58534e-07
2.51172e-07
1.96603e-07
1.2008e-07
6.54747e-08
2.61595e-08
2.56495e-08
6.91464e-09
0
0
0
0
0
0
0
1.15207e-06
8.76672e-07
5.50347e-08
7.81257e-07
9.97338e-07
6.03948e-07
3.38281e-07
1.13662e-07
5.59739e-08
9.02988e-08
2.86222e-08
0
0
0
0
0
0
4.2308e-08
5.53908e-07
6.80929e-07
1.44833e-07
1.15498e-06
1.24495e-06
6.11778e-07
1.145e-07
0
0
0
0
0
0
0
0
0
4.66582e-08
7.65929e-08
1.18365e-07
0
0
0
0
0
0
0
0
0
0
0
0
0
0
0
0
4.1293e-07
0
0
0
0
0
0
0
0
0
0
0
0
0
0
0
0
0
0
0
0
0
2.38045e-07
3.30296e-07
1.23661e-07
0
0
0
0
0
0
0
7.26121e-08
1.8048e-07
0
0
0
0
0
0
1.25711e-07
2.30074e-07
7.65727e-08
0
0
0
0
0
0
1.21218e-07
2.40958e-07
3.06993e-07
0
0
0
0
0
0
1.48456e-08
2.61138e-08
0
0
0
0
0
0
1.18164e-07
1.90982e-07
2.02876e-07
2.11677e-07
0
0
1.81388e-08
0
0
0
9.38443e-08
0
0
0
0
0
0
0
7.16263e-09
1.46216e-08
1.68212e-08
3.83212e-08
2.59277e-07
3.24363e-07
3.83707e-06
2.80204e-06
2.62513e-07
4.55148e-07
2.19604e-07
0
0
0
0
0
0
0
0
1.31885e-08
2.04139e-08
4.31209e-08
0
0
0
3.31855e-07
0
0
0
0
0
0
0
0
0
0
0
0
3.14122e-09
3.55383e-08
0
0
2.07659e-08
3.1016e-07
2.10066e-08
2.87748e-08
0
0
0
0
0
0
0
0
0
0
0
0
0
0
7.72436e-08
1.92735e-07
0
0
0
0
0
0
0
0
0
0
0
0
0
0
0
0
0
0
0
0
0
0
0
0
0
0
0
0
0
0
0
0
0
0
0
0
0
0
0
0
0
0
0
0
0
0
0
6.32558e-08
9.1363e-08
0
3.88513e-08
0
0
0
8.35014e-09
8.61588e-09
2.07319e-09
0
0
0
0
0
0
0
0
0
3.39651e-10
5.06996e-10
4.0922e-10
0
0
0
0
0
0
0
0
0
0
0
0
0
0
0
0
0
1.95422e-10
0
0
0
0
0
0
0
0
0
0
0
0
0
0
0
0
0
1.09705e-10
0
0
0
0
0
0
0
0
0
0
0
0
0
0
0
0
0
0
1.52969e-06
0
0
0
0
8.88977e-07
2.33127e-06
2.14094e-06
1.18651e-06
2.04967e-07
0
0
0
0
0
0
0
0
0
0
0
0
0
0
0
1.16659e-06
1.44043e-06
0
1.0975e-06
1.922e-05
2.78942e-05
1.97332e-05
1.03478e-05
2.85013e-07
0
0
0
2.21719e-06
3.09026e-07
0
1.09933e-06
1.3586e-05
3.05999e-06
0
0
0
0
1.9169e-05
7.66113e-06
1.74076e-06
1.72472e-07
3.43482e-09
1.60396e-07
2.82778e-07
3.37454e-07
3.19812e-07
2.804e-07
2.26431e-07
1.71566e-07
1.31883e-07
9.21558e-08
6.24989e-08
3.91137e-08
1.89077e-08
9.65206e-10
0
0
0
0
0
0
0
0
0
0
0
0
0
0
0
0
0
0
0
0
0
0
0
0
0
0
0
0
0
0
0
0
0
0
0
0
0
0
0
0
0
0
0
0
0
0
0
0
0
0
0
0
0
0
0
0
0
0
0
0
0
0
0
0
0
0
0
0
0
0
1.56663e-09
3.58675e-09
4.20093e-09
3.41911e-09
1.94818e-09
3.26971e-10
0
0
0
0
0
0
0
0
0
0
0
0
0
0
0
0
0
0
0
0
0
0
0
0
0
0
0
0
0
0
0
0
0
0
0
0
0
0
0
3.95138e-06
1.00659e-06
4.52774e-07
1.34943e-06
2.92396e-06
4.49896e-06
5.41411e-06
5.20139e-06
3.95711e-06
2.23743e-06
6.98521e-07
0
0
0
0
0
0
0
0
0
0
0
0
0
3.50902e-07
1.44465e-06
0
0
0
1.48245e-06
1.36893e-05
2.57358e-05
2.64663e-05
2.93582e-06
0
0
0
9.48529e-06
7.19761e-06
2.82726e-06
6.05762e-06
3.27342e-06
0
0
0
0
0
0
3.4502e-06
1.67072e-06
2.36371e-07
3.59749e-08
1.53009e-07
2.34472e-07
2.58617e-07
2.47022e-07
2.26021e-07
1.98683e-07
1.70879e-07
1.42413e-07
1.13678e-07
8.53232e-08
5.7512e-08
2.95401e-08
1.9699e-09
0
0
0
0
0
0
0
0
0
0
0
0
0
0
0
0
0
0
0
0
0
0
0
0
0
0
0
0
0
0
0
0
0
0
0
0
0
0
0
0
0
0
0
0
0
0
0
0
0
0
0
0
0
0
0
0
0
0
0
0
0
0
0
0
0
0
0
0
0
0
2.05284e-10
3.92053e-09
5.39806e-09
5.035e-09
3.37938e-09
1.05944e-09
0
0
0
0
0
0
0
0
0
0
0
0
0
0
0
0
0
0
0
0
0
0
0
0
0
0
0
0
0
0
0
0
0
0
0
0
0
0
1.02341e-05
4.14428e-06
3.90681e-06
4.32668e-06
5.03464e-06
5.63447e-06
5.94732e-06
5.75925e-06
5.02051e-06
3.77137e-06
2.08089e-06
1.28874e-07
0
0
0
0
0
0
0
1.36363e-06
2.84621e-06
3.61879e-06
3.59982e-06
2.81329e-06
1.83656e-06
1.05879e-06
8.55456e-07
0
0
0
0
1.88889e-06
1.03593e-05
1.96839e-05
1.4886e-05
0
0
0
2.32874e-06
4.24618e-06
6.41889e-06
5.93109e-06
4.63358e-06
0
0
0
0
0
1.72816e-07
2.22873e-06
1.10558e-06
3.07699e-07
3.73788e-07
5.71058e-07
7.33516e-07
8.21776e-07
8.2016e-07
7.70586e-07
7.04355e-07
6.29481e-07
5.4064e-07
4.45569e-07
3.44149e-07
2.37168e-07
1.26734e-07
1.58829e-08
0
0
0
0
0
0
0
0
0
0
0
0
0
0
0
0
0
0
0
0
0
0
0
0
0
0
0
0
0
0
0
0
0
0
0
0
0
0
0
0
0
0
0
0
0
0
0
0
0
0
0
0
0
0
0
0
0
0
0
0
0
0
9.32795e-11
0
0
0
0
0
0
0
0
0
0
0
0
1.7704e-09
2.87332e-09
2.79469e-09
1.93251e-09
8.23022e-10
0
0
0
0
0
0
0
0
0
0
0
0
0
0
0
0
0
0
0
0
0
0
0
0
0
0
0
0
0
0
0
0
3.79894e-10
0
4.39689e-06
3.58459e-06
2.99454e-06
2.99503e-06
3.34734e-06
3.78822e-06
3.51911e-06
1.81545e-06
0
0
0
0
0
0
0
0
0
0
1.27703e-05
2.2754e-05
2.22949e-05
2.13908e-05
2.1377e-05
2.00017e-05
1.34136e-05
4.72447e-06
2.43123e-08
0
0
0
0
1.76002e-06
7.02906e-06
7.26877e-06
3.28633e-06
0
0
0
0
5.59373e-07
3.60296e-06
2.83884e-06
4.63597e-06
2.07217e-06
0
0
1.46058e-06
0
9.91395e-07
2.05042e-06
1.49439e-06
2.02375e-06
2.71819e-06
2.89082e-06
2.66777e-06
2.37791e-06
2.10642e-06
1.89262e-06
1.75075e-06
1.6531e-06
1.57658e-06
1.49615e-06
1.40783e-06
1.23054e-06
8.40494e-07
1.96582e-07
0
0
0
0
0
0
0
0
0
0
0
0
0
0
0
0
0
0
0
0
0
0
0
0
0
0
0
0
0
0
0
0
0
0
0
0
0
0
0
0
0
0
0
0
0
0
0
0
0
0
0
0
0
0
0
0
0
0
0
0
0
0
0
0
1.85888e-07
1.25907e-07
0
0
0
0
0
0
0
0
0
0
0
0
1.72857e-08
4.8114e-08
5.97672e-08
5.94714e-08
4.87595e-08
3.01784e-08
1.09407e-08
0
0
0
0
0
0
0
0
0
0
0
0
2.80521e-10
5.86727e-10
7.46304e-10
7.46094e-10
6.60436e-10
4.82649e-10
2.88779e-10
8.82896e-11
0
0
0
0
0
4.85944e-10
0
1.36428e-09
0
3.32159e-06
4.55378e-06
3.62456e-06
2.88842e-06
2.65635e-06
0
0
0
0
0
0
0
0
0
0
0
0
2.17254e-06
2.19578e-05
2.32991e-05
1.95765e-05
1.73171e-05
1.74258e-05
2.01039e-05
2.35333e-05
5.95838e-06
0
0
0
0
1.72613e-06
3.96476e-06
3.48132e-06
1.0487e-06
0
0
0
0
0
0
1.98015e-06
1.97903e-06
4.13089e-06
3.14173e-06
3.30869e-07
1.86146e-06
2.51674e-06
2.59899e-06
4.0526e-06
3.93044e-06
3.21946e-06
2.54552e-06
2.07188e-06
1.77255e-06
1.60418e-06
1.49318e-06
1.35451e-06
1.15931e-06
9.68211e-07
8.13494e-07
7.8387e-07
8.87394e-07
1.05677e-06
1.14224e-06
9.97426e-07
5.65914e-07
0
0
0
0
0
0
0
5.24014e-08
1.06613e-07
1.31211e-07
1.34422e-07
1.21968e-07
1.00514e-07
7.46538e-08
4.44151e-08
1.08847e-08
0
0
0
0
0
0
0
0
0
0
0
0
0
0
0
0
0
0
0
0
0
0
0
0
0
0
0
0
0
0
0
0
0
0
0
0
0
0
0
0
0
0
0
0
0
0
2.34711e-06
4.68003e-06
2.91299e-06
1.97433e-06
1.07944e-06
1.62672e-07
0
0
0
8.9954e-09
2.71685e-07
3.39363e-07
3.47053e-07
3.34569e-07
3.01453e-07
2.37588e-07
1.58955e-07
1.00632e-07
7.51158e-08
7.0405e-08
6.33675e-08
3.6599e-08
0
0
6.20264e-08
8.91679e-08
2.67725e-08
0
0
0
0
0
0
0
0
0
0
0
0
0
3.03704e-10
7.62992e-10
1.30636e-09
5.44105e-10
9.86952e-10
0
4.06073e-10
0
4.81273e-10
0
4.46396e-10
0
4.3784e-07
9.57537e-07
2.00863e-06
3.8958e-06
0
0
0
0
0
0
0
0
0
0
0
0
0
1.92981e-05
3.43329e-05
2.89865e-05
2.03623e-05
1.40194e-05
1.01742e-05
8.76985e-06
9.40129e-06
9.76359e-06
0
0
0
0
1.00183e-05
5.49246e-06
1.21955e-06
0
0
0
0
0
0
0
0
0
1.42e-06
2.39267e-06
3.42058e-06
4.29627e-06
2.96509e-06
1.69188e-06
1.07256e-06
9.95146e-07
1.1239e-06
1.25076e-06
1.36969e-06
1.4588e-06
1.46677e-06
1.30081e-06
9.99119e-07
6.73223e-07
4.186e-07
3.92241e-07
6.5555e-07
1.1526e-06
1.66983e-06
2.00493e-06
2.24985e-06
2.22012e-06
9.8702e-07
0
0
0
0
0
0
4.95188e-08
1.40362e-07
1.90534e-07
2.0979e-07
2.04704e-07
1.84807e-07
1.59629e-07
1.34438e-07
1.13649e-07
1.01705e-07
9.91764e-08
1.02286e-07
1.09458e-07
1.13669e-07
1.04519e-07
6.96123e-08
0
0
0
0
0
0
0
0
0
0
0
0
0
0
0
0
0
0
0
0
0
0
0
0
0
0
0
0
0
0
0
0
0
0
0
0
0
2.40591e-07
8.87839e-07
2.26223e-06
4.28463e-06
2.60745e-06
1.47022e-06
1.37476e-06
9.45385e-07
6.87672e-07
6.51466e-07
6.57359e-07
7.68559e-07
2.07253e-06
2.78348e-06
2.49623e-06
2.27085e-06
2.08948e-06
1.80011e-06
1.37519e-06
9.77743e-07
7.34591e-07
6.19366e-07
5.53133e-07
4.77123e-07
3.62863e-07
2.15391e-07
6.40674e-08
0
0
0
0
0
0
6.58015e-08
1.27924e-07
1.43748e-07
1.48231e-07
1.44291e-07
1.33534e-07
1.14954e-07
8.74672e-08
5.5263e-08
1.89659e-08
0
0
0
0
0
0
0
0
0
0
0
4.3142e-08
1.82871e-07
7.52022e-07
2.23917e-06
0
0
0
0
0
0
0
0
0
0
0
0
2.41144e-06
7.15694e-05
7.18595e-05
4.92199e-05
3.01048e-05
1.76279e-05
1.02998e-05
6.27403e-06
4.61384e-06
4.4205e-06
3.74948e-06
0
0
0
3.71823e-06
3.48973e-06
3.28753e-08
0
0
0
0
0
0
0
0
0
0
7.7039e-07
1.75996e-06
1.74419e-06
1.05857e-06
5.40146e-07
2.75346e-07
2.79192e-07
4.07306e-07
6.02347e-07
8.1355e-07
9.67331e-07
9.59686e-07
7.67867e-07
5.37356e-07
4.18309e-07
5.37753e-07
8.98267e-07
1.4415e-06
2.00319e-06
2.30191e-06
2.24411e-06
2.19833e-06
2.2328e-06
1.99838e-06
0
0
0
0
0
4.74367e-08
1.59772e-07
2.06285e-07
2.1872e-07
2.1296e-07
1.90875e-07
1.55471e-07
1.09429e-07
5.58138e-08
1.57414e-09
0
0
0
0
0
0
0
0
0
0
0
0
0
0
0
0
0
0
0
0
0
0
0
0
0
0
0
0
0
0
0
0
0
0
0
0
0
0
0
0
0
0
0
0
2.66098e-07
1.11895e-06
2.04019e-06
2.90499e-06
2.14214e-06
1.25558e-06
1.34864e-06
1.2615e-06
8.15853e-07
7.10234e-07
7.51858e-07
7.95847e-07
7.34534e-07
1.0401e-06
1.78277e-06
2.17215e-06
2.38932e-06
2.59759e-06
2.80924e-06
3.01534e-06
2.90852e-06
2.38186e-06
1.91048e-06
1.58666e-06
1.28697e-06
9.47975e-07
5.38108e-07
3.89053e-09
0
0
9.77963e-09
2.65261e-07
3.58154e-07
3.1304e-07
4.02665e-07
4.23027e-07
2.99402e-07
2.08102e-07
1.52547e-07
1.1579e-07
8.59032e-08
5.0501e-08
8.67116e-09
0
0
0
0
0
0
0
0
0
0
0
0
3.89565e-08
3.69302e-07
2.96204e-06
0
0
0
0
0
0
0
0
0
0
0
9.38546e-06
9.61566e-05
0.000117765
9.59855e-05
6.75693e-05
4.28802e-05
2.40721e-05
1.26e-05
6.74841e-06
4.07023e-06
3.1994e-06
3.2912e-06
3.19623e-06
0
0
3.84983e-06
2.55254e-06
0
0
0
0
0
0
0
0
0
0
0
5.91559e-07
1.28904e-06
1.14552e-06
5.51802e-07
1.43356e-07
0
3.74855e-08
1.23991e-07
2.49644e-07
3.70055e-07
4.34052e-07
4.00246e-07
3.243e-07
3.46139e-07
5.80622e-07
9.88356e-07
1.46345e-06
1.88253e-06
2.14188e-06
2.22763e-06
2.15835e-06
2.02549e-06
2.01158e-06
2.09797e-06
1.7317e-06
4.04414e-08
0
0
3.24803e-07
6.34899e-07
7.48665e-07
7.14805e-07
6.34415e-07
5.37576e-07
4.49294e-07
3.65694e-07
2.80414e-07
1.829e-07
8.06439e-08
0
0
0
0
0
0
0
0
0
0
0
0
0
0
0
0
0
0
0
0
0
0
0
0
0
0
0
0
0
0
0
0
0
0
0
0
0
0
0
0
0
0
0
0
0
0
1.08907e-06
2.27576e-06
2.36642e-06
1.70797e-06
2.12149e-06
2.63937e-06
1.32993e-06
7.71068e-07
7.93902e-07
9.30665e-07
9.78126e-07
6.86324e-07
6.77928e-07
1.09379e-06
1.4151e-06
1.63207e-06
1.74994e-06
1.74928e-06
1.67962e-06
1.68312e-06
1.79864e-06
1.76877e-06
1.47731e-06
1.09346e-06
7.79879e-07
5.63788e-07
0
0
1.78568e-07
4.8521e-07
5.59037e-07
4.82802e-07
3.73569e-07
4.47773e-07
3.77619e-07
2.10682e-07
1.33981e-07
9.10009e-08
5.73541e-08
1.97891e-08
0
0
0
0
0
0
0
0
0
0
0
0
0
2.59212e-08
1.86316e-07
0
0
0
0
0
0
0
0
0
0
2.86037e-05
7.2487e-05
0.000102995
0.000118227
0.000113
9.18936e-05
6.49587e-05
3.94724e-05
2.00344e-05
8.75773e-06
3.99424e-06
2.33547e-06
1.88299e-06
2.0517e-06
3.20888e-06
8.41397e-06
2.30418e-05
1.66932e-05
4.9093e-06
0
0
0
0
0
0
0
0
0
0
1.14303e-07
1.13975e-06
1.33986e-06
7.75237e-07
1.71051e-08
0
0
0
2.68481e-08
6.52813e-08
4.36287e-08
1.98459e-08
1.67468e-08
9.21295e-08
3.24611e-07
7.31839e-07
1.208e-06
1.61863e-06
1.91099e-06
2.11611e-06
2.35808e-06
2.64665e-06
2.81547e-06
2.74049e-06
2.40203e-06
1.45922e-06
0
0
0
0
0
0
4.16519e-07
6.2035e-07
5.98397e-07
5.00583e-07
4.1999e-07
3.64661e-07
3.3384e-07
2.92362e-07
2.34508e-07
1.73141e-07
1.19086e-07
7.57246e-08
2.89203e-08
0
0
0
0
0
0
0
0
0
0
0
0
0
0
0
0
0
0
0
0
0
0
0
0
0
0
0
0
0
0
0
0
0
0
0
0
0
0
1.56992e-07
1.44957e-07
0
0
0
1.3781e-06
2.77018e-06
2.75442e-06
3.14249e-06
2.45127e-06
5.30305e-07
5.1195e-07
8.53196e-07
1.14884e-06
1.1923e-06
9.33694e-07
1.10822e-06
1.61898e-06
2.19682e-06
2.71316e-06
2.94899e-06
2.61241e-06
1.69577e-06
1.00371e-06
7.45337e-07
5.80983e-07
3.71372e-07
1.94413e-07
1.21986e-07
2.45243e-07
0
0
1.29727e-07
3.63905e-07
4.22718e-07
3.62042e-07
2.88082e-07
3.7866e-07
2.11526e-07
1.04518e-07
6.03127e-08
2.42847e-08
0
0
0
0
0
0
0
0
0
0
0
0
0
0
0
5.46408e-08
0
0
7.65422e-07
1.22271e-05
2.04205e-05
2.28586e-05
3.03268e-05
4.38545e-05
5.84625e-05
6.86193e-05
7.59962e-05
8.36871e-05
9.35125e-05
0.000105126
0.000114242
0.000108087
7.77922e-05
3.83792e-05
1.24702e-05
2.63622e-06
3.84294e-07
1.82849e-07
2.79255e-07
5.02283e-07
2.49116e-06
1.58574e-05
2.42408e-05
1.99065e-05
1.16955e-05
1.16786e-06
0
0
0
0
0
0
0
0
1.42249e-07
1.34916e-06
1.33043e-06
5.82469e-07
0
0
0
0
0
4.03721e-08
1.41943e-07
1.91949e-08
0
0
0
1.55983e-07
5.26463e-07
8.58674e-07
1.12344e-06
1.38538e-06
1.75649e-06
2.25405e-06
2.72467e-06
2.94704e-06
2.68335e-06
1.90795e-06
7.43694e-07
0
0
0
0
0
0
0
0
2.11542e-07
2.76175e-07
1.75587e-07
3.33433e-08
0
0
0
0
0
0
0
0
2.37048e-07
9.36872e-07
4.45766e-07
0
0
0
0
0
0
0
0
0
0
0
0
0
0
0
0
0
0
0
0
0
0
0
0
0
0
0
0
0
0
0
0
0
0
2.49289e-08
3.02891e-07
8.64912e-08
0
0
0
0
0
0
0
0
0
0
4.88206e-07
1.0394e-06
1.20355e-06
1.53644e-06
2.49958e-06
3.23813e-06
3.21336e-06
2.7037e-06
2.40779e-06
2.39689e-06
2.15293e-06
1.13345e-06
4.5269e-07
8.88403e-08
0
0
0
0
0
0
0
1.31223e-07
1.87694e-07
1.55103e-07
1.16958e-07
1.60517e-07
7.93146e-08
3.48984e-08
0
0
0
0
0
0
0
0
0
0
0
0
0
0
0
0
0
6.59945e-07
2.5023e-06
5.67867e-06
8.88361e-06
9.87231e-06
1.08841e-05
1.38923e-05
1.97472e-05
2.8235e-05
3.68247e-05
4.42823e-05
5.1478e-05
5.93471e-05
6.91345e-05
8.2059e-05
9.8054e-05
8.54529e-05
1.6712e-05
0
0
0
0
0
0
4.0163e-06
1.94816e-05
1.43963e-05
1.32896e-05
1.43506e-05
2.02906e-06
0
0
0
0
0
0
0
0
0
0
0
0
0
0
0
0
0
0
2.40179e-07
3.61889e-07
1.53553e-07
0
0
0
7.36212e-09
2.03969e-07
2.51184e-07
3.16858e-07
6.51612e-07
1.23553e-06
1.79773e-06
2.01912e-06
1.72646e-06
1.05911e-06
1.9513e-07
0
0
0
0
0
0
0
0
0
0
0
0
0
0
0
0
0
0
0
1.33709e-07
3.6578e-07
5.30071e-07
0
0
0
0
0
0
0
0
0
0
0
0
0
0
0
0
0
0
0
0
0
0
0
0
0
0
0
0
0
0
0
0
0
0
0
3.07224e-08
2.08463e-07
1.52882e-07
0
0
0
0
0
0
0
0
0
0
0
0
0
1.26582e-07
7.55908e-07
2.67215e-06
1.27035e-06
9.25341e-07
1.01877e-06
1.10545e-06
1.1988e-06
1.28948e-06
7.30316e-07
6.7215e-08
0
0
1.03918e-07
0
0
0
0
3.80953e-08
1.03742e-07
8.44063e-08
3.57984e-08
0
0
0
0
0
0
0
0
0
0
0
0
0
0
0
0
0
0
0
0
7.90604e-07
2.45829e-06
3.64599e-06
4.36249e-06
4.29822e-06
4.36187e-06
5.25931e-06
7.28934e-06
1.07749e-05
1.60955e-05
2.19464e-05
2.73352e-05
3.24605e-05
3.77962e-05
4.26822e-05
4.40956e-05
0
0
0
0
0
0
0
2.06576e-07
1.5593e-05
1.61291e-05
1.25178e-05
1.1592e-05
1.04622e-05
0
0
0
0
0
0
0
0
0
0
0
0
0
0
0
0
0
0
0
0
3.69237e-07
6.47971e-07
5.02645e-07
4.15895e-08
0
0
0
0
0
0
0
1.87659e-07
4.17855e-07
3.77078e-07
1.32158e-07
0
0
0
0
0
0
0
0
0
0
0
0
4.24635e-08
0
0
0
0
0
0
9.97253e-08
2.5269e-07
2.71841e-07
2.70399e-08
0
0
0
0
0
0
0
0
0
0
0
0
0
0
0
0
0
0
0
0
0
0
0
0
0
0
0
0
0
8.1174e-08
1.02126e-07
7.70018e-08
4.9263e-08
3.46849e-08
3.57102e-08
7.47956e-08
1.52564e-07
1.53713e-07
4.61719e-08
0
0
0
0
0
0
3.7562e-08
1.59632e-07
4.13593e-09
0
0
0
0
0
0
4.61531e-07
7.39251e-07
9.07336e-07
9.39549e-07
8.65984e-07
6.69788e-07
1.80578e-07
0
0
9.65135e-08
1.8933e-07
0
0
0
0
6.78114e-08
9.98972e-08
5.46451e-08
0
0
0
0
0
0
0
0
0
0
0
0
0
0
0
0
0
0
0
0
0
8.98858e-08
1.85409e-06
2.45909e-06
2.58927e-06
2.19042e-06
1.74837e-06
1.72782e-06
2.28453e-06
3.48591e-06
5.37533e-06
7.91217e-06
1.06924e-05
1.31139e-05
1.46628e-05
1.28672e-05
2.00139e-06
0
0
0
0
0
0
0
8.47937e-06
2.00077e-05
1.43996e-05
9.15594e-06
3.92953e-06
1.17252e-07
7.9638e-07
6.78836e-06
3.99052e-06
1.43524e-06
0
0
6.06152e-07
1.91433e-07
0
0
0
0
0
0
0
0
0
0
0
0
0
4.14807e-07
8.84695e-07
9.40798e-07
4.62514e-07
0
0
0
0
0
0
0
0
0
0
0
0
0
0
0
0
0
0
0
0
0
0
2.48695e-08
3.9127e-07
3.35998e-07
5.52019e-08
0
0
3.5841e-08
1.70522e-07
2.00941e-07
4.84668e-08
0
0
0
0
0
0
0
0
0
0
0
0
0
0
0
0
0
0
0
0
0
0
0
0
0
0
0
0
0
4.40987e-08
1.7402e-07
2.19249e-07
1.83445e-07
1.3807e-07
1.10094e-07
9.77514e-08
9.37927e-08
1.08393e-07
1.19763e-07
8.57612e-08
2.38609e-08
6.86564e-09
9.71803e-08
0
0
7.25575e-09
1.92877e-07
3.18226e-07
3.6872e-07
2.82819e-07
0
0
0
0
0
0
1.27436e-06
1.24653e-06
1.15924e-06
9.8258e-07
7.03707e-07
2.49625e-07
0
1.45215e-08
6.74232e-08
0
0
0
0
0
9.68178e-08
1.26005e-07
5.01557e-08
0
0
0
0
0
0
0
0
0
0
0
0
0
0
0
0
0
0
0
0
0
0
1.05865e-06
1.97394e-06
2.37875e-06
2.17545e-06
1.61378e-06
1.12032e-06
9.45904e-07
1.15411e-06
1.72841e-06
2.61428e-06
3.69916e-06
4.85105e-06
5.63785e-06
5.1304e-06
3.40702e-07
0
0
0
0
0
0
0
4.01093e-06
4.72127e-06
1.97446e-06
2.99746e-07
0
9.79812e-07
1.16055e-05
1.24791e-05
9.38974e-06
7.4483e-06
4.72784e-06
2.03712e-06
1.06276e-06
5.53989e-07
3.1038e-07
1.98634e-07
0
0
0
0
0
0
0
0
0
0
0
0
3.54517e-07
9.0159e-07
1.22885e-06
1.03821e-06
2.02263e-07
0
0
0
0
0
0
0
0
0
0
0
0
0
0
0
0
0
0
0
0
0
2.84723e-07
6.77864e-07
6.78431e-07
3.59271e-07
1.11379e-07
3.39607e-08
2.14282e-08
0
0
0
0
0
0
0
0
0
0
0
0
0
0
0
0
0
0
0
0
0
0
0
0
0
0
0
0
0
0
0
1.33825e-08
2.58463e-07
3.54466e-07
3.23684e-07
2.35448e-07
1.74106e-07
1.42005e-07
1.19043e-07
1.04388e-07
9.81579e-08
9.07601e-08
7.79574e-08
7.5858e-08
1.43002e-07
3.25493e-07
3.93604e-07
4.5894e-07
5.30919e-07
5.28795e-07
5.02351e-07
4.72789e-07
4.0061e-07
1.83445e-07
0
0
0
0
1.56128e-06
1.80614e-06
1.46473e-06
1.13025e-06
7.58976e-07
3.70265e-07
1.34301e-07
9.08356e-08
3.04545e-08
0
0
0
0
0
8.2921e-08
1.30508e-07
5.8128e-08
0
0
0
0
0
3.3684e-08
0
0
0
0
0
0
0
0
0
0
0
0
0
0
0
0
0
1.01726e-06
2.2595e-06
2.89735e-06
2.90983e-06
2.57619e-06
2.24149e-06
2.09498e-06
2.20381e-06
2.59071e-06
3.30134e-06
4.42754e-06
6.00914e-06
7.6468e-06
7.29666e-06
4.06133e-07
0
0
0
0
0
0
0
0
0
0
0
1.79073e-05
2.21228e-05
1.9074e-05
1.55363e-05
6.86762e-06
2.94887e-06
1.63421e-06
1.03201e-06
7.53357e-07
6.823e-07
6.01122e-07
4.65631e-07
3.31632e-07
1.82787e-07
2.46719e-08
0
0
0
0
0
0
0
0
0
3.08355e-07
7.93669e-07
1.25908e-06
1.43662e-06
9.62582e-07
0
0
0
0
0
0
0
0
0
0
0
0
0
0
0
0
0
0
0
0
3.33875e-08
3.18557e-07
6.57333e-07
7.42563e-07
4.80204e-07
1.08549e-07
0
0
0
0
0
0
0
0
0
1.16658e-07
5.99898e-07
5.24604e-07
2.64263e-07
3.84382e-08
0
0
0
0
0
0
0
0
0
0
0
0
0
0
0
0
0
0
0
2.20718e-07
4.45318e-07
4.81264e-07
3.83004e-07
2.70885e-07
2.0478e-07
1.72005e-07
1.46727e-07
1.37168e-07
1.43196e-07
1.68026e-07
2.24935e-07
3.41743e-07
5.1966e-07
6.5709e-07
8.93385e-07
1.08694e-06
1.01175e-06
7.9134e-07
6.21677e-07
5.1133e-07
3.37526e-07
1.06435e-07
1.06712e-07
5.65313e-07
5.72518e-07
5.54103e-07
5.65432e-07
1.01635e-06
9.558e-07
6.09976e-07
3.20723e-07
1.55613e-07
8.25531e-08
0
0
0
0
0
0
2.93773e-08
6.83264e-08
1.97069e-08
0
0
0
0
0
1.44092e-07
2.31642e-07
1.83195e-07
3.91721e-09
0
0
0
0
0
0
0
0
0
0
0
0
0
0
0
8.48027e-07
2.47178e-06
3.77038e-06
4.63475e-06
5.17332e-06
5.63412e-06
6.18281e-06
6.94191e-06
7.9075e-06
8.8395e-06
9.11722e-06
7.74616e-06
4.54839e-06
1.05415e-06
0
0
0
0
0
0
0
0
0
0
0
1.24621e-05
1.27441e-05
9.16569e-06
5.6731e-06
3.29691e-06
2.06263e-06
1.37136e-06
1.00129e-06
8.89469e-07
8.70406e-07
8.12667e-07
7.35099e-07
6.45128e-07
5.26605e-07
3.86776e-07
2.29072e-07
7.66541e-08
0
0
0
0
0
0
6.90931e-10
1.09723e-07
3.3114e-07
6.79057e-07
1.07602e-06
1.37021e-06
1.32356e-06
6.35931e-07
0
0
0
0
0
0
0
0
0
5.00186e-07
7.7444e-07
7.66874e-07
5.71477e-07
3.04434e-07
1.22778e-07
1.23292e-08
0
0
0
0
6.63443e-08
3.60706e-07
6.21863e-07
5.06645e-07
5.28497e-08
0
0
0
0
0
0
0
2.63685e-06
4.43994e-06
3.9725e-06
2.3253e-06
6.89479e-07
0
0
0
0
0
0
0
0
0
0
0
0
0
0
0
0
0
0
0
0
0
4.25971e-07
5.81919e-07
5.63135e-07
4.32684e-07
3.26668e-07
2.71174e-07
2.55217e-07
2.75192e-07
3.46925e-07
4.61305e-07
6.11276e-07
7.33576e-07
7.14338e-07
6.07948e-07
5.64504e-07
6.62607e-07
9.23365e-07
1.15141e-06
9.66428e-07
6.81413e-07
4.3446e-07
2.81081e-07
3.49526e-07
6.84847e-07
7.03485e-07
2.93652e-07
8.25795e-08
2.83216e-07
5.47665e-07
4.29125e-07
2.42264e-07
1.24182e-07
4.17175e-08
0
0
0
0
0
0
0
0
0
0
0
0
0
0
1.97831e-07
9.11483e-08
1.41789e-08
7.06827e-09
1.81611e-09
0
0
0
0
0
0
0
0
0
0
0
0
0
0
0
5.50832e-07
2.12862e-06
3.59459e-06
4.77773e-06
5.58235e-06
6.01387e-06
6.14628e-06
5.98252e-06
5.44978e-06
4.51048e-06
3.25915e-06
1.89971e-06
6.36611e-07
0
0
0
0
0
0
0
0
0
0
0
7.57932e-07
3.74948e-06
3.94347e-06
2.99018e-06
2.08009e-06
1.45651e-06
1.03435e-06
8.40281e-07
8.21893e-07
8.28313e-07
8.1077e-07
7.7444e-07
7.09189e-07
6.15289e-07
5.00439e-07
3.75479e-07
2.55686e-07
1.50316e-07
7.11246e-08
2.90034e-08
2.50406e-08
4.77074e-08
8.04669e-08
1.13841e-07
1.51582e-07
2.11122e-07
3.25263e-07
5.03538e-07
7.44866e-07
9.56835e-07
1.06692e-06
8.48689e-07
2.54313e-07
0
0
0
0
0
0
8.76823e-07
1.43403e-06
1.3873e-06
1.0841e-06
7.168e-07
3.74964e-07
1.41224e-07
0
0
0
0
0
0
0
6.05995e-08
4.85916e-07
7.64756e-07
6.57874e-07
1.79987e-07
0
0
0
0
3.1085e-06
3.81049e-06
4.26622e-06
5.72845e-06
6.31963e-06
0
0
0
0
0
0
0
0
0
0
0
0
0
0
0
0
0
0
0
0
0
0
2.39612e-07
5.78325e-07
6.50271e-07
5.94626e-07
4.83618e-07
4.15328e-07
3.92648e-07
4.53097e-07
6.51547e-07
8.45802e-07
9.15081e-07
8.38702e-07
6.95122e-07
5.78613e-07
5.13825e-07
4.99504e-07
5.33006e-07
6.36081e-07
9.00169e-07
1.03999e-06
7.02108e-07
4.61761e-07
4.15694e-07
4.78165e-07
5.07197e-07
1.73752e-07
1.16552e-08
9.10699e-08
3.02441e-07
2.95821e-07
1.72965e-07
8.96387e-08
3.98591e-09
0
1.73684e-07
2.32662e-07
1.4927e-07
1.41134e-08
0
0
0
0
0
0
0
0
0
2.09228e-07
7.40418e-08
0
0
0
0
0
0
0
0
0
0
0
0
0
0
0
0
0
0
0
0
1.81323e-07
1.2017e-06
2.2004e-06
3.10549e-06
3.86544e-06
4.40421e-06
4.63655e-06
4.47855e-06
3.91452e-06
3.02576e-06
1.93727e-06
7.39001e-07
0
0
0
0
0
0
0
0
0
1.82447e-06
2.8305e-06
2.91417e-06
2.49046e-06
1.89045e-06
1.36255e-06
9.61516e-07
6.99029e-07
6.31455e-07
6.53673e-07
6.63679e-07
6.53922e-07
6.22911e-07
5.71851e-07
5.09114e-07
4.34173e-07
3.53212e-07
2.74569e-07
2.01596e-07
1.38565e-07
9.14639e-08
6.42537e-08
5.72656e-08
6.74151e-08
8.94524e-08
1.18364e-07
1.48513e-07
1.82156e-07
2.28793e-07
3.05244e-07
4.07906e-07
5.45203e-07
6.52054e-07
6.88512e-07
6.1024e-07
2.80517e-07
0
0
0
0
9.45621e-07
8.61237e-07
5.40767e-07
2.49495e-07
3.63068e-08
0
0
0
0
0
0
0
0
0
0
0
2.59757e-07
6.68755e-07
1.01115e-06
1.04553e-06
7.2524e-07
1.23144e-06
3.10314e-06
3.53839e-06
3.53537e-06
3.58982e-06
3.72618e-06
2.25243e-06
0
0
0
0
0
0
0
0
0
0
0
0
0
0
0
0
0
0
2.13967e-08
1.59465e-08
0
0
6.74825e-08
4.78307e-07
6.75665e-07
6.87068e-07
6.15932e-07
5.54831e-07
5.23177e-07
5.07784e-07
5.4636e-07
5.82183e-07
5.26385e-07
4.6774e-07
4.85773e-07
5.09658e-07
4.85317e-07
4.62588e-07
4.87479e-07
5.56641e-07
6.42997e-07
8.13977e-07
8.83603e-07
5.93696e-07
4.48566e-07
4.22707e-07
3.96231e-07
1.68712e-07
0
6.34686e-08
2.12259e-07
2.11403e-07
1.32669e-07
8.38657e-08
1.51935e-08
0
2.13665e-07
3.07948e-07
3.08606e-07
2.85495e-07
1.64578e-07
0
0
0
0
0
0
0
0
0
1.01223e-07
0
0
0
0
0
0
0
0
0
0
0
0
0
0
0
0
0
0
0
0
0
0
0
1.02239e-08
7.02061e-07
1.44054e-06
2.23231e-06
3.04136e-06
3.70074e-06
3.88391e-06
3.20489e-06
1.49744e-06
0
0
0
0
0
0
7.46699e-07
1.68085e-06
2.13152e-06
2.2439e-06
2.14959e-06
1.89175e-06
1.54024e-06
1.18264e-06
8.61971e-07
5.98883e-07
4.71836e-07
4.59084e-07
4.69936e-07
4.66393e-07
4.46172e-07
4.08579e-07
3.63851e-07
3.19748e-07
2.73538e-07
2.29576e-07
1.8988e-07
1.53359e-07
1.19314e-07
8.87897e-08
6.38214e-08
4.57494e-08
3.54423e-08
3.25971e-08
3.72587e-08
4.79899e-08
6.11382e-08
7.55464e-08
9.30341e-08
1.174e-07
1.59783e-07
2.34296e-07
3.31773e-07
4.72084e-07
6.49763e-07
8.85955e-07
1.32399e-06
2.20103e-06
1.64479e-06
0
0
0
0
0
0
0
0
0
0
0
0
0
0
2.80425e-08
1.39883e-07
1.06334e-07
0
0
0
0
5.98543e-07
2.98478e-06
2.53025e-06
1.71506e-06
9.35015e-07
4.34177e-07
7.741e-08
0
0
0
0
0
0
0
0
0
0
0
0
0
0
0
0
0
0
5.71003e-08
1.10862e-07
9.60143e-08
3.74937e-08
4.65597e-08
3.35894e-07
6.41104e-07
7.25505e-07
6.87107e-07
6.24469e-07
6.01678e-07
5.74405e-07
5.46645e-07
5.01463e-07
3.95935e-07
2.73767e-07
2.58907e-07
3.69308e-07
4.36926e-07
4.25822e-07
4.22547e-07
4.99512e-07
6.55984e-07
6.66233e-07
5.99538e-07
5.24558e-07
4.37664e-07
4.01573e-07
3.69994e-07
2.25287e-07
0
0
1.297e-07
1.19206e-07
8.85582e-08
7.60887e-08
4.57674e-08
0
1.39648e-07
2.82429e-07
3.35513e-07
3.65678e-07
2.77673e-07
0
0
0
0
0
0
0
0
0
0
0
0
0
0
0
0
0
0
0
0
0
0
0
0
0
0
0
0
0
0
0
0
0
0
4.89489e-08
5.00299e-07
1.06574e-06
1.81396e-06
2.87223e-06
4.36898e-06
5.73208e-06
3.30879e-06
0
0
0
0
6.94949e-07
1.06605e-06
1.23693e-06
1.28678e-06
1.25841e-06
1.17305e-06
1.04704e-06
9.0084e-07
7.36438e-07
5.47883e-07
3.60639e-07
2.22502e-07
1.65049e-07
1.60797e-07
1.89212e-07
2.20725e-07
2.27383e-07
2.10278e-07
1.82982e-07
1.55232e-07
1.30081e-07
1.08308e-07
9.00318e-08
7.40829e-08
6.07795e-08
4.96141e-08
3.99072e-08
3.08222e-08
2.20203e-08
1.39012e-08
6.84513e-09
2.02543e-09
0
0
3.78777e-09
1.37299e-08
3.4586e-08
7.81503e-08
1.57159e-07
2.94619e-07
5.30722e-07
8.98655e-07
1.53065e-06
2.50727e-06
1.56981e-06
0
0
0
0
0
0
0
0
0
0
0
0
0
0
0
7.73414e-08
2.80742e-07
3.90843e-07
2.28208e-07
0
0
0
0
0
0
0
0
0
0
0
0
0
0
0
0
0
0
0
0
0
0
0
0
0
1.52592e-08
3.56856e-08
8.3732e-08
1.60573e-07
1.88776e-07
1.5073e-07
1.19269e-07
2.60144e-07
5.74505e-07
7.43141e-07
7.33996e-07
6.51861e-07
6.30824e-07
6.28533e-07
6.09183e-07
5.58834e-07
4.59315e-07
3.19149e-07
2.08181e-07
2.32485e-07
3.40304e-07
3.73538e-07
3.54633e-07
3.71958e-07
4.85971e-07
5.2384e-07
3.77594e-07
3.16554e-07
3.45004e-07
3.54173e-07
3.43954e-07
2.61696e-07
1.14106e-08
0
2.6057e-08
4.11113e-08
4.38869e-08
5.24749e-08
4.45107e-08
0
0
1.7603e-07
2.86216e-07
3.3058e-07
1.39105e-07
0
1.28233e-07
1.15171e-07
7.35146e-10
0
0
0
0
0
0
0
2.40389e-07
2.23943e-07
0
0
0
0
0
0
0
0
0
0
0
0
0
0
0
0
0
0
7.41946e-08
2.3486e-07
4.09095e-07
5.83572e-07
7.3133e-07
8.336e-07
9.20942e-07
1.05168e-06
1.24218e-06
1.26373e-06
2.29313e-08
0
0
0
0
0
1.70621e-07
2.55287e-07
3.01901e-07
3.39841e-07
3.54026e-07
3.55736e-07
3.51401e-07
3.28783e-07
2.78928e-07
2.23015e-07
1.82206e-07
1.68617e-07
1.83502e-07
2.02792e-07
1.90688e-07
1.38488e-07
6.0516e-08
0
0
0
0
0
0
8.17922e-09
1.57475e-08
1.77386e-08
1.78175e-08
1.71759e-08
1.57204e-08
1.33796e-08
1.08225e-08
8.95102e-09
8.99873e-09
1.31999e-08
2.5218e-08
4.92683e-08
9.45746e-08
1.73126e-07
2.99964e-07
4.94865e-07
7.77526e-07
1.11227e-06
1.2449e-06
2.0567e-07
0
0
0
0
0
0
0
0
0
0
0
0
5.53906e-08
1.27676e-07
3.92107e-08
0
0
1.75005e-07
5.75889e-07
9.40767e-07
8.94432e-07
0
0
0
0
0
0
0
0
0
0
0
0
0
0
0
0
0
0
0
0
0
0
0
2.98638e-08
7.47262e-08
1.29232e-07
2.05997e-07
2.62101e-07
2.6112e-07
2.38034e-07
2.97701e-07
5.33462e-07
7.54666e-07
7.8371e-07
6.86979e-07
6.48673e-07
6.68353e-07
6.7098e-07
6.35713e-07
5.61491e-07
4.49878e-07
3.12403e-07
2.15107e-07
2.23434e-07
2.67797e-07
2.77676e-07
2.8264e-07
2.9981e-07
2.41961e-07
1.83315e-07
1.65146e-07
2.25875e-07
2.78575e-07
2.93834e-07
2.54013e-07
1.05764e-07
0
0
7.43157e-09
2.55723e-08
3.97037e-08
3.78729e-08
0
0
0
1.70042e-07
2.32965e-07
0
0
4.92387e-07
4.35053e-07
1.87918e-07
0
0
0
0
0
0
0
1.04083e-07
2.72479e-07
1.73599e-07
0
0
0
4.16778e-08
0
0
0
0
0
0
0
0
0
0
5.94077e-08
2.00259e-07
2.58704e-07
2.53044e-07
2.29876e-07
2.3546e-07
2.58384e-07
2.63645e-07
2.39574e-07
1.94866e-07
1.2928e-07
1.44365e-08
0
0
0
0
0
0
0
0
0
0
0
0
0
0
0
0
0
4.37047e-08
1.19017e-07
1.95107e-07
2.17539e-07
1.87153e-07
1.13489e-07
8.65546e-09
0
0
0
0
0
0
0
0
0
6.78959e-09
1.55444e-08
2.18864e-08
2.78319e-08
3.429e-08
4.21033e-08
5.26709e-08
6.76153e-08
9.11236e-08
1.25554e-07
1.77402e-07
2.55237e-07
3.59076e-07
4.92763e-07
6.47101e-07
7.34091e-07
5.59743e-07
0
0
0
0
0
0
0
0
0
0
0
0
0
0
9.04192e-08
1.83918e-07
9.54014e-08
0
0
0
1.5564e-07
1.27388e-06
2.67257e-06
1.54162e-06
0
0
0
0
0
0
0
0
1.8511e-08
0
0
0
0
0
0
0
0
0
0
0
0
3.23104e-08
1.06866e-07
1.84797e-07
2.67377e-07
3.3899e-07
3.72384e-07
3.81213e-07
4.15835e-07
5.59869e-07
7.79126e-07
8.41029e-07
7.38481e-07
6.69689e-07
6.96714e-07
7.2054e-07
7.01704e-07
6.51295e-07
5.80379e-07
4.74004e-07
3.168e-07
1.76588e-07
1.51862e-07
1.83807e-07
2.15735e-07
2.21384e-07
1.092e-07
3.51651e-08
7.44236e-08
1.3366e-07
2.01353e-07
2.35207e-07
2.20244e-07
1.32234e-07
1.61169e-08
0
3.73905e-09
2.31907e-08
3.57012e-08
3.31602e-08
0
0
0
0
5.83409e-08
0
0
8.64924e-07
8.81096e-07
5.1759e-07
1.34222e-07
0
0
0
0
0
7.86942e-10
5.88808e-08
3.00087e-08
1.90742e-09
2.20671e-08
6.6852e-08
2.66089e-09
4.17017e-08
0
0
0
0
0
0
0
0
3.39001e-08
1.57163e-07
1.96589e-07
2.01581e-07
1.97479e-07
1.97284e-07
2.03918e-07
2.23214e-07
2.49826e-07
2.55963e-07
2.20823e-07
1.28776e-07
0
0
0
0
0
3.43558e-08
1.12659e-07
8.4225e-08
7.71671e-08
1.10241e-07
9.51568e-08
0
0
0
0
0
0
0
0
0
0
0
0
0
0
0
0
0
0
0
0
0
0
0
0
0
7.43144e-09
2.51802e-08
3.97787e-08
5.5351e-08
7.43356e-08
9.80843e-08
1.28103e-07
1.67058e-07
2.17209e-07
2.8012e-07
3.6195e-07
4.6073e-07
5.57318e-07
6.31467e-07
6.27761e-07
4.19164e-07
0
0
0
0
0
0
0
0
0
0
0
0
0
0
0
8.83929e-08
2.44657e-07
2.05815e-07
0
0
0
0
8.16704e-08
2.88345e-06
1.61233e-06
0
0
0
0
0
0
6.69095e-08
1.65363e-07
1.1048e-07
4.54089e-08
5.39143e-09
0
0
0
0
0
0
0
0
0
4.92285e-08
1.44074e-07
2.52958e-07
3.55928e-07
4.42484e-07
4.9589e-07
5.25934e-07
5.59751e-07
6.46078e-07
8.26695e-07
9.06471e-07
8.0859e-07
7.01134e-07
7.17816e-07
7.54619e-07
7.46488e-07
7.10453e-07
6.66172e-07
5.90405e-07
4.43052e-07
2.18192e-07
1.00355e-07
1.16638e-07
1.71243e-07
1.97275e-07
1.07479e-07
0
2.62302e-08
7.50436e-08
1.35338e-07
1.8241e-07
1.87421e-07
1.33751e-07
4.72422e-08
4.05676e-09
5.0554e-09
1.96101e-08
2.90487e-08
2.41721e-08
0
0
0
0
0
0
0
1.13111e-06
1.42225e-06
1.12191e-06
4.10897e-07
5.18617e-08
6.9215e-08
7.40128e-08
0
0
7.58216e-08
1.48331e-07
0
0
6.99702e-08
2.65486e-07
1.62249e-07
0
0
0
0
0
0
0
0
0
0
0
0
9.96385e-08
1.78519e-07
1.84314e-07
1.55215e-07
1.40379e-07
1.4399e-07
1.27968e-07
5.80754e-08
0
0
0
0
0
0
0
0
0
0
7.01643e-08
1.59383e-07
9.62311e-08
0
0
0
0
0
0
0
0
0
0
0
2.56701e-08
0
0
0
0
0
0
0
0
0
0
0
0
0
1.36896e-08
4.1511e-08
6.76671e-08
9.68586e-08
1.32753e-07
1.78029e-07
2.34404e-07
3.03317e-07
3.84911e-07
4.78849e-07
5.83511e-07
6.78971e-07
7.29781e-07
6.8513e-07
4.75404e-07
6.2765e-08
0
0
0
0
0
0
0
0
0
0
0
0
0
0
0
1.24602e-07
3.92271e-07
3.77162e-07
0
0
0
0
0
2.15407e-08
0
0
0
0
0
0
1.70462e-07
3.25945e-07
2.58643e-07
1.56834e-07
7.72461e-08
1.3369e-08
0
0
0
0
0
0
0
2.45601e-08
9.57895e-08
2.04642e-07
3.48869e-07
4.83507e-07
5.82914e-07
6.42664e-07
6.6161e-07
6.91505e-07
7.57693e-07
8.91842e-07
9.75294e-07
8.93295e-07
7.50837e-07
7.37668e-07
7.7628e-07
7.73286e-07
7.42388e-07
7.01832e-07
6.1431e-07
4.58966e-07
2.59863e-07
1.15022e-07
1.00097e-07
1.60242e-07
2.02101e-07
1.4048e-07
2.06422e-08
1.25956e-08
4.38387e-08
8.46175e-08
1.37345e-07
1.64049e-07
1.37907e-07
6.73191e-08
1.44056e-08
1.18784e-09
7.38015e-09
1.36681e-08
7.06992e-09
0
0
0
0
0
2.05471e-07
5.32476e-07
9.77043e-07
1.69636e-06
1.96569e-06
4.71686e-07
1.01778e-07
2.32124e-07
2.64478e-07
4.83347e-08
0
0
1.59364e-07
0
0
2.45118e-07
3.86708e-07
2.89873e-07
0
0
0
0
4.08689e-07
0
0
0
0
0
0
0
0
3.34832e-08
5.4993e-08
6.19217e-08
6.78405e-08
5.87461e-08
2.23695e-08
0
0
0
0
0
0
0
0
0
0
0
0
9.86815e-09
3.71963e-08
0
0
0
0
0
0
0
0
0
4.26655e-09
2.41024e-07
2.65183e-07
1.15052e-07
0
0
0
0
0
0
0
0
0
0
0
0
0
2.05372e-08
5.96411e-08
1.00614e-07
1.48044e-07
2.05471e-07
2.76045e-07
3.61821e-07
4.62451e-07
5.75309e-07
6.92842e-07
7.97773e-07
8.53096e-07
8.01109e-07
5.84628e-07
1.84199e-07
0
0
0
0
0
0
0
0
0
0
0
0
0
0
0
0
2.36224e-07
5.6626e-07
3.33447e-07
0
0
0
0
0
0
0
0
0
0
0
3.47594e-07
5.35548e-07
4.35631e-07
2.78259e-07
1.43606e-07
3.89464e-08
0
0
0
0
0
0
0
5.93967e-08
1.72326e-07
3.08901e-07
4.88462e-07
6.51724e-07
7.56769e-07
8.07454e-07
8.27401e-07
8.34465e-07
8.71993e-07
9.67347e-07
1.04267e-06
9.79683e-07
8.18376e-07
7.60701e-07
7.88107e-07
7.83578e-07
7.48718e-07
6.97535e-07
5.70133e-07
3.77904e-07
2.25189e-07
1.45106e-07
1.32421e-07
1.87754e-07
2.2648e-07
1.79732e-07
7.2673e-08
2.42178e-08
3.05862e-08
4.96249e-08
9.75105e-08
1.47503e-07
1.51372e-07
9.64213e-08
2.76223e-08
0
0
0
0
0
0
0
0
5.38293e-07
6.12637e-08
2.22129e-07
5.56424e-07
1.20747e-06
0
0
0
3.97536e-07
3.92362e-07
4.30123e-08
0
0
0
0
1.46956e-07
3.98987e-07
4.23985e-07
3.42749e-07
8.29287e-08
0
0
0
2.31344e-07
0
0
0
0
0
0
0
0
0
2.26797e-09
0
4.24389e-11
0
0
0
0
0
0
0
0
0
6.69321e-08
1.4204e-07
1.09079e-07
3.71033e-08
4.17291e-09
1.05045e-08
0
0
0
0
0
0
0
0
0
0
3.00248e-07
4.76581e-07
3.7869e-07
1.58446e-07
0
0
0
0
0
0
0
0
0
0
0
0
0
0
2.28703e-08
7.28512e-08
1.28607e-07
1.94724e-07
2.7462e-07
3.70226e-07
4.80932e-07
6.03082e-07
7.27827e-07
8.35362e-07
8.90337e-07
8.39547e-07
6.30156e-07
2.40855e-07
0
0
0
0
0
0
0
0
0
0
0
0
0
0
0
0
0
3.63258e-07
5.34023e-07
0
0
0
0
0
0
0
0
0
0
1.27521e-08
6.44456e-07
7.98141e-07
6.31669e-07
4.03441e-07
2.03147e-07
4.8772e-08
0
0
0
0
0
0
0
8.73416e-08
2.78009e-07
4.63421e-07
6.81075e-07
8.72543e-07
9.77247e-07
1.00166e-06
9.9268e-07
9.81132e-07
9.85223e-07
1.03351e-06
1.09397e-06
1.05079e-06
8.92759e-07
7.84479e-07
7.831e-07
7.69669e-07
7.3221e-07
6.70586e-07
5.05946e-07
2.99868e-07
1.86258e-07
1.61393e-07
1.82e-07
2.33377e-07
2.5525e-07
2.13777e-07
1.246e-07
5.15113e-08
2.85194e-08
2.98469e-08
6.48425e-08
1.32723e-07
1.69698e-07
1.38665e-07
5.30336e-08
0
0
0
0
0
0
0
9.36883e-07
1.70763e-07
0
0
1.89705e-07
5.72236e-07
0
0
7.60624e-08
1.38214e-07
3.4713e-07
0
0
0
0
0
4.07378e-07
4.27545e-07
4.02018e-07
3.43848e-07
1.49018e-07
0
0
0
4.86395e-07
0
0
0
0
0
0
0
0
0
0
0
0
0
0
0
0
0
0
0
0
0
7.32267e-08
9.81955e-08
5.61679e-08
6.49912e-09
1.20256e-08
6.10602e-08
4.15403e-08
0
0
0
0
0
0
0
1.17999e-08
3.27514e-07
6.4227e-07
7.24718e-07
4.70605e-07
1.95083e-07
3.98613e-08
0
0
0
0
0
0
0
0
0
0
0
0
0
0
1.49452e-08
7.53394e-08
1.39978e-07
2.1492e-07
3.04515e-07
4.08801e-07
5.23547e-07
6.38613e-07
7.34028e-07
7.73523e-07
7.19543e-07
5.3254e-07
1.96626e-07
0
0
0
0
0
0
0
0
0
0
0
0
0
0
0
0
0
0
3.31439e-07
0
0
0
0
0
0
0
0
0
0
4.72406e-07
1.05384e-06
1.06075e-06
7.93913e-07
4.98609e-07
2.41978e-07
3.74149e-08
0
0
0
0
0
0
0
6.22705e-08
3.8189e-07
6.64996e-07
9.2639e-07
1.12538e-06
1.21756e-06
1.20869e-06
1.15049e-06
1.08679e-06
1.04947e-06
1.05939e-06
1.0948e-06
1.0596e-06
9.18949e-07
7.79242e-07
7.41073e-07
7.18538e-07
6.81161e-07
6.17083e-07
4.45148e-07
2.65857e-07
1.8931e-07
1.84204e-07
2.17716e-07
2.61684e-07
2.69022e-07
2.31578e-07
1.60152e-07
8.17583e-08
3.41763e-08
2.36859e-08
4.78929e-08
1.14819e-07
1.80146e-07
1.79801e-07
9.38493e-08
0
0
0
0
0
0
0
7.39278e-07
0
0
0
0
1.49657e-07
0
1.49789e-07
2.68847e-07
1.62505e-07
1.38456e-07
0
0
0
0
0
2.64117e-07
3.41428e-07
3.40025e-07
3.06544e-07
1.39989e-07
0
0
0
6.11042e-07
0
0
0
0
0
0
0
0
0
0
0
0
0
0
1.50334e-08
1.80616e-08
6.41222e-09
0
0
0
0
2.51272e-08
4.25951e-08
4.31678e-08
3.65775e-08
7.06325e-08
1.35249e-07
1.15011e-07
0
0
0
0
0
0
0
1.75325e-08
3.33997e-07
6.42364e-07
6.50046e-07
4.06594e-07
1.82318e-07
9.30073e-08
7.42979e-08
5.95871e-08
3.15163e-08
0
0
0
0
0
0
0
0
0
0
0
0
0
5.86537e-08
1.34241e-07
2.10902e-07
2.91256e-07
3.75373e-07
4.58641e-07
5.27033e-07
5.51905e-07
5.0183e-07
3.5432e-07
1.03818e-07
0
0
0
0
0
0
0
0
0
0
0
0
0
0
0
0
0
0
0
0
0
0
0
0
0
0
0
0
0
1.16122e-06
1.50779e-06
1.29797e-06
9.19651e-07
5.66072e-07
2.59263e-07
8.4491e-10
0
0
0
0
0
0
0
0
4.92229e-07
9.92836e-07
1.37494e-06
1.55011e-06
1.59371e-06
1.54024e-06
1.41701e-06
1.2785e-06
1.17779e-06
1.14122e-06
1.15274e-06
1.11712e-06
9.73872e-07
8.04117e-07
7.20292e-07
6.83603e-07
6.46337e-07
5.8432e-07
4.28779e-07
2.8768e-07
2.31591e-07
2.26933e-07
2.52958e-07
2.85355e-07
2.86205e-07
2.51346e-07
1.88083e-07
1.10212e-07
4.77487e-08
2.85838e-08
5.37735e-08
1.04784e-07
1.84985e-07
2.1172e-07
1.3909e-07
0
0
0
0
0
1.13196e-07
6.21677e-08
5.20401e-07
0
0
0
0
0
0
3.16019e-07
3.53321e-07
3.26538e-07
7.79312e-08
0
0
0
0
0
1.55218e-08
1.95501e-07
2.77537e-07
2.67059e-07
8.17408e-08
0
0
0
1.52915e-07
0
0
0
0
0
0
0
0
0
0
0
0
0
0
3.6681e-08
1.1584e-07
1.50328e-07
1.48312e-07
1.35017e-07
1.40441e-07
1.23832e-07
7.85799e-08
8.57357e-08
1.0428e-07
8.84749e-08
1.00378e-07
1.51387e-07
1.2142e-07
0
0
0
0
0
0
0
0
1.97012e-07
4.09125e-07
4.38926e-07
3.20264e-07
2.38273e-07
2.53339e-07
2.45556e-07
1.88724e-07
1.248e-07
3.74629e-08
0
0
0
0
0
0
0
0
0
0
0
0
0
0
7.38498e-08
1.58784e-07
2.31855e-07
2.8905e-07
3.22895e-07
3.25419e-07
2.74763e-07
1.64359e-07
2.25249e-10
0
0
0
0
0
0
0
0
0
0
0
0
0
0
0
0
0
0
0
0
0
0
0
0
0
0
0
0
9.16004e-07
1.61746e-06
1.64441e-06
1.29494e-06
9.13428e-07
5.70856e-07
2.35198e-07
0
0
0
0
0
0
0
0
0
5.81632e-07
1.42604e-06
2.05023e-06
2.18086e-06
2.09895e-06
1.94189e-06
1.7191e-06
1.47543e-06
1.28802e-06
1.20446e-06
1.18547e-06
1.11391e-06
9.63073e-07
7.88349e-07
6.69105e-07
6.14195e-07
5.77948e-07
5.24559e-07
4.03369e-07
3.01891e-07
2.5768e-07
2.48637e-07
2.61997e-07
2.81922e-07
2.80337e-07
2.48045e-07
1.88222e-07
1.14878e-07
5.4194e-08
3.42403e-08
7.12638e-08
1.05241e-07
1.58018e-07
2.03453e-07
1.45333e-07
2.36427e-08
0
0
0
2.34975e-07
2.4966e-07
1.16662e-07
4.60399e-07
3.2818e-08
0
0
0
0
0
3.46162e-07
3.50228e-07
3.48632e-07
2.76171e-07
0
0
0
0
2.87855e-08
2.42348e-08
0
1.52645e-07
1.65606e-07
0
0
0
0
2.70007e-09
0
0
0
0
0
0
0
0
0
0
0
0
0
0
0
0
1.017e-08
8.34666e-08
1.16578e-07
1.19481e-07
4.75377e-08
0
2.5356e-08
7.36263e-08
6.14491e-08
5.34936e-08
9.19857e-08
9.59629e-08
4.83793e-08
0
0
0
0
0
0
0
1.12458e-07
2.51264e-07
3.14508e-07
3.63235e-07
4.79321e-07
4.38342e-07
3.08047e-07
1.90439e-07
1.02455e-07
3.80601e-08
0
0
0
0
0
0
0
0
0
0
0
0
0
0
0
0
0
7.99416e-08
1.32792e-07
1.52429e-07
1.26598e-07
5.97076e-08
0
0
0
0
0
0
0
0
0
0
0
0
0
0
0
0
0
0
0
0
0
0
0
0
0
0
0
0
6.60059e-07
1.41968e-06
1.6508e-06
1.44736e-06
1.09769e-06
7.99599e-07
5.4769e-07
1.73317e-07
0
0
0
0
0
0
0
0
0
6.78258e-07
1.99324e-06
2.96312e-06
3.13125e-06
2.91499e-06
2.56985e-06
2.17364e-06
1.78731e-06
1.48483e-06
1.31573e-06
1.23186e-06
1.12706e-06
9.7058e-07
7.87424e-07
6.4205e-07
5.68481e-07
5.2756e-07
4.75417e-07
3.78491e-07
3.01857e-07
2.64028e-07
2.51252e-07
2.55404e-07
2.68477e-07
2.69072e-07
2.37888e-07
1.75449e-07
1.04461e-07
5.22082e-08
3.9892e-08
9.99737e-08
1.43178e-07
1.24651e-07
1.70729e-07
1.04767e-07
2.91046e-08
0
0
0
4.24237e-07
1.99015e-07
9.52054e-08
4.28572e-07
2.57555e-07
0
0
0
0
0
2.68921e-07
3.0868e-07
3.06717e-07
2.19947e-07
0
0
0
0
1.98216e-07
2.32603e-07
0
0
5.63284e-10
0
8.46398e-08
2.8007e-08
0
0
0
0
0
0
0
0
0
0
0
0
0
0
0
0
0
0
0
0
1.95265e-08
0
0
0
0
0
0
0
7.59776e-08
1.78424e-07
1.73905e-07
9.98621e-08
2.40057e-08
0
0
0
0
1.01246e-08
9.32584e-08
2.00914e-07
4.01432e-07
6.60293e-07
4.84465e-07
3.19829e-07
2.20116e-07
1.45427e-07
6.81282e-08
2.2177e-09
0
0
0
0
0
0
0
0
0
0
0
0
0
0
0
0
0
0
0
0
0
0
0
0
0
0
0
0
0
0
0
0
0
0
0
0
0
0
0
0
0
0
0
0
0
0
0
1.09989e-07
4.29744e-07
7.57044e-07
1.22943e-06
1.4993e-06
1.43584e-06
1.1321e-06
8.33447e-07
6.29256e-07
5.36685e-07
2.32357e-08
0
0
0
0
0
0
0
0
0
7.81417e-07
2.62049e-06
3.96486e-06
4.33269e-06
4.07236e-06
3.48337e-06
2.80971e-06
2.21572e-06
1.76103e-06
1.4721e-06
1.30322e-06
1.15601e-06
9.82743e-07
7.87723e-07
6.25493e-07
5.35902e-07
4.85611e-07
4.28788e-07
3.45787e-07
2.83706e-07
2.5023e-07
2.3562e-07
2.3405e-07
2.42683e-07
2.46556e-07
2.14785e-07
1.48244e-07
8.27592e-08
4.13847e-08
4.0485e-08
1.3455e-07
2.12694e-07
1.13057e-07
1.12203e-07
4.30303e-08
2.80246e-08
4.80158e-08
5.22149e-08
1.57342e-07
4.73206e-07
1.15774e-07
6.04369e-08
3.82645e-07
4.35997e-07
1.22015e-07
0
0
0
0
7.04997e-08
2.17771e-07
2.11524e-07
0
0
0
0
6.89409e-08
4.40123e-07
5.07492e-07
0
0
0
1.93209e-08
2.02854e-07
1.5672e-07
2.05301e-08
0
0
0
0
1.26997e-09
1.77706e-09
0
0
0
0
0
0
0
0
0
0
4.43169e-08
4.81839e-07
7.61627e-07
8.73733e-07
7.71855e-07
4.19287e-07
0
0
0
0
3.20234e-08
2.40705e-07
2.86e-07
2.25411e-07
1.27722e-07
4.83172e-08
5.95787e-09
0
0
7.51509e-09
4.41137e-08
1.17356e-07
3.45595e-07
6.15041e-07
3.80389e-07
2.58665e-07
1.97184e-07
1.51448e-07
9.39674e-08
3.02859e-08
0
0
0
0
0
0
0
0
0
0
0
0
0
0
0
0
0
0
0
0
0
0
0
0
0
0
0
0
0
0
0
0
0
0
0
0
0
0
0
0
0
0
0
0
0
0
0
4.65266e-07
8.68225e-07
1.04484e-06
1.19551e-06
1.33246e-06
1.3321e-06
1.09946e-06
8.05896e-07
6.08224e-07
5.20016e-07
5.53185e-07
0
0
0
0
0
0
0
0
0
0
8.34432e-07
3.14898e-06
4.97428e-06
5.8069e-06
5.57884e-06
4.70686e-06
3.67314e-06
2.7836e-06
2.10923e-06
1.65772e-06
1.38314e-06
1.18115e-06
9.82822e-07
7.77584e-07
6.1123e-07
5.13776e-07
4.53844e-07
3.89517e-07
3.11336e-07
2.5554e-07
2.24671e-07
2.0961e-07
2.048e-07
2.09751e-07
2.14071e-07
1.79361e-07
1.12073e-07
5.80463e-08
2.88871e-08
3.81296e-08
1.8436e-07
3.29606e-07
1.26552e-07
1.31209e-08
4.94089e-09
7.23858e-08
1.41929e-07
2.00602e-07
4.5618e-07
3.41955e-07
4.45032e-08
4.65917e-08
3.18235e-07
3.9133e-07
1.85535e-07
7.80998e-08
0
0
0
0
4.26252e-08
2.91097e-08
0
0
2.00457e-07
4.5045e-08
3.16291e-07
7.69592e-07
7.04257e-07
2.13353e-07
0
0
3.85219e-09
1.4785e-07
1.72181e-07
9.33161e-08
0
0
0
0
3.70724e-09
0
0
0
0
0
0
0
0
0
0
0
0
0
0
5.59007e-08
1.82469e-07
0
0
0
0
8.76679e-08
2.44469e-07
3.20527e-07
2.86891e-07
1.99325e-07
1.17385e-07
6.23791e-08
3.58871e-08
3.11331e-08
4.14083e-08
6.68739e-08
1.27195e-07
3.42797e-07
3.5279e-07
2.32064e-07
1.89011e-07
1.62194e-07
1.29103e-07
8.15735e-08
3.81345e-08
7.46356e-09
0
0
0
0
0
0
0
0
0
0
0
0
0
0
0
0
0
0
0
0
0
0
0
0
0
0
0
0
0
0
0
0
0
0
0
0
0
0
0
0
0
0
0
0
1.31336e-07
4.31158e-07
8.06176e-07
1.05207e-06
1.13787e-06
1.13477e-06
1.13427e-06
1.12148e-06
1.00552e-06
7.90662e-07
6.14024e-07
4.9339e-07
4.39449e-07
4.66123e-07
0
0
0
0
0
0
0
0
0
0
7.20581e-07
3.2987e-06
5.81869e-06
7.62652e-06
7.42967e-06
6.19699e-06
4.71968e-06
3.47098e-06
2.55945e-06
1.93599e-06
1.52891e-06
1.23789e-06
9.89645e-07
7.66241e-07
6.01187e-07
5.02973e-07
4.34622e-07
3.59179e-07
2.76836e-07
2.20655e-07
1.91091e-07
1.78242e-07
1.75489e-07
1.79205e-07
1.7716e-07
1.34449e-07
7.3402e-08
3.62071e-08
2.22232e-08
5.21357e-08
3.27277e-07
6.77334e-07
1.23577e-07
0
0
6.45423e-08
2.05141e-07
3.62695e-07
5.76691e-07
0
0
5.08988e-08
2.35886e-07
2.1843e-07
1.2858e-07
7.36493e-08
0
0
0
0
0
0
0
0
0
5.1648e-08
3.39398e-07
7.668e-07
7.01517e-07
2.87038e-07
0
0
0
1.5591e-08
8.1679e-08
7.55141e-08
0
0
0
0
0
0
0
0
0
0
0
0
0
0
0
0
0
0
0
0
0
0
0
1.37116e-08
2.50249e-07
3.40363e-07
3.5988e-07
3.26002e-07
2.56726e-07
1.84629e-07
1.3157e-07
1.03471e-07
1.00333e-07
1.23304e-07
1.85141e-07
3.30445e-07
4.38693e-07
2.19283e-07
1.58237e-07
1.47273e-07
1.35466e-07
1.05755e-07
6.54191e-08
3.45566e-08
1.56286e-08
2.63899e-09
0
0
0
0
0
0
0
0
0
0
0
0
0
0
0
0
0
0
0
0
0
0
0
0
0
0
0
0
0
0
0
0
0
0
0
0
0
0
1.45347e-07
3.25603e-07
3.65998e-07
4.16877e-07
5.82102e-07
7.25924e-07
7.79538e-07
8.01689e-07
8.01453e-07
7.95826e-07
7.92515e-07
7.95835e-07
7.95566e-07
7.81052e-07
7.1593e-07
6.00773e-07
4.95944e-07
4.07427e-07
3.17987e-07
2.39361e-07
0
0
0
0
0
0
0
0
0
0
4.46366e-07
2.90316e-06
5.98635e-06
8.89995e-06
9.80293e-06
8.03749e-06
6.0083e-06
4.29087e-06
3.00851e-06
2.15442e-06
1.61287e-06
1.2464e-06
9.6284e-07
7.37098e-07
5.86134e-07
4.94535e-07
4.21231e-07
3.3301e-07
2.4011e-07
1.79495e-07
1.51531e-07
1.44467e-07
1.49585e-07
1.56525e-07
1.41492e-07
8.62637e-08
3.8312e-08
1.87302e-08
2.26129e-08
1.00389e-07
5.80603e-07
6.02372e-07
1.78144e-07
0
0
0
1.08586e-07
3.14108e-07
0
0
0
6.30831e-08
1.49931e-07
6.69434e-08
3.25422e-08
2.12038e-09
0
0
0
0
0
0
0
0
0
0
0
0
3.991e-07
1.52842e-07
0
0
0
0
0
0
8.21339e-09
0
0
0
0
0
0
0
0
0
0
0
0
0
0
0
0
0
0
0
0
0
0
3.08848e-07
4.4213e-07
4.45544e-07
4.04579e-07
3.44651e-07
2.83952e-07
2.41925e-07
2.30277e-07
2.53979e-07
3.13499e-07
3.83864e-07
3.8809e-07
2.89861e-07
1.99391e-07
1.69731e-07
1.50408e-07
1.20624e-07
8.18971e-08
5.23369e-08
3.63243e-08
2.62159e-08
1.60158e-08
5.29466e-09
0
0
0
0
0
0
0
0
0
0
0
0
0
0
0
0
0
0
0
0
0
0
0
0
0
1.10353e-07
2.5407e-07
3.63139e-07
4.53499e-07
5.64125e-07
6.70674e-07
7.64925e-07
8.94069e-07
1.07328e-06
1.23135e-06
1.27814e-06
1.24785e-06
1.25037e-06
1.28909e-06
1.23749e-06
1.04819e-06
8.79295e-07
7.74069e-07
6.6769e-07
5.69882e-07
5.07218e-07
4.75847e-07
4.79214e-07
5.04168e-07
5.42798e-07
5.62294e-07
5.66538e-07
5.48666e-07
4.82561e-07
4.12662e-07
3.16745e-07
2.07874e-07
1.51381e-07
0
0
0
0
0
0
0
0
0
0
1.67871e-07
2.17675e-06
5.31377e-06
9.10091e-06
1.11784e-05
1.02632e-05
7.44225e-06
5.2e-06
3.63473e-06
2.5549e-06
1.828e-06
1.33274e-06
9.78155e-07
7.29697e-07
5.78234e-07
4.87703e-07
4.08276e-07
3.04925e-07
1.98316e-07
1.32865e-07
1.07572e-07
1.08591e-07
1.26175e-07
1.41015e-07
1.10132e-07
4.34579e-08
1.0618e-08
4.89304e-09
2.61567e-08
1.64774e-07
5.2705e-07
2.52689e-07
3.62845e-07
0
0
0
0
9.39754e-08
0
0
0
7.998e-08
7.01615e-08
0
0
0
0
0
0
0
0
0
5.94226e-08
0
0
6.63274e-08
1.38466e-07
0
0
0
0
0
0
0
0
0
5.5063e-08
9.53529e-09
0
0
0
0
0
0
0
0
0
0
0
0
0
0
0
0
0
0
0
0
8.01404e-08
4.47069e-07
5.66377e-07
5.58013e-07
5.01106e-07
4.31277e-07
3.64841e-07
3.01641e-07
2.36794e-07
1.72787e-07
1.1942e-07
8.79308e-08
8.73027e-08
1.143e-07
1.3691e-07
1.25459e-07
9.4953e-08
6.53899e-08
4.78256e-08
3.88232e-08
3.33502e-08
2.7447e-08
1.79784e-08
6.64121e-09
0
0
0
0
0
0
0
0
0
0
0
0
0
0
0
0
0
0
0
0
0
0
0
0
0
4.5535e-08
1.05338e-07
1.68974e-07
2.39036e-07
3.16446e-07
3.92764e-07
4.60333e-07
5.3004e-07
6.0805e-07
6.72938e-07
6.94584e-07
6.77336e-07
6.48929e-07
6.21638e-07
5.77758e-07
5.15056e-07
4.56197e-07
4.09446e-07
3.66611e-07
3.35087e-07
3.19462e-07
3.24731e-07
3.4459e-07
3.9022e-07
4.27149e-07
4.44649e-07
4.4722e-07
4.39089e-07
4.01023e-07
3.41593e-07
2.39226e-07
1.81261e-07
9.96542e-08
0
0
0
0
0
0
0
0
0
0
0
1.11252e-06
3.57975e-06
7.98644e-06
1.13872e-05
1.1782e-05
9.02419e-06
6.06572e-06
4.04447e-06
2.72908e-06
1.87974e-06
1.31538e-06
9.29508e-07
6.81847e-07
5.45894e-07
4.66547e-07
3.8457e-07
2.67074e-07
1.4978e-07
8.32725e-08
6.21661e-08
7.18265e-08
1.03542e-07
1.27528e-07
8.14954e-08
1.1887e-08
0
0
3.1262e-08
2.13827e-07
3.53292e-07
1.08818e-07
3.94493e-07
1.25146e-07
0
0
0
0
0
0
0
1.11074e-07
2.43074e-09
0
0
0
0
0
0
0
0
0
5.50525e-09
1.41475e-08
0
2.27333e-07
2.69488e-07
2.44373e-07
2.32993e-07
0
0
0
0
0
0
0
8.69143e-08
4.85471e-08
2.35075e-08
1.2042e-08
8.15533e-09
6.98429e-09
6.07865e-09
4.84323e-09
3.23299e-09
1.38149e-09
0
0
0
0
0
0
0
0
0
0
0
0
1.89513e-08
5.77078e-08
8.71839e-08
9.84851e-08
9.40919e-08
8.33936e-08
7.26209e-08
6.25033e-08
5.25993e-08
4.37934e-08
3.84888e-08
4.117e-08
5.73845e-08
8.42792e-08
1.01098e-07
1.00025e-07
8.54855e-08
6.76629e-08
5.22039e-08
4.08134e-08
3.3227e-08
2.5172e-08
1.25142e-08
0
0
0
0
0
0
0
0
0
0
0
0
0
0
0
0
0
0
0
0
0
0
0
0
0
0
1.93161e-08
4.20167e-08
6.39557e-08
8.88968e-08
1.17115e-07
1.40717e-07
1.59403e-07
1.74894e-07
1.91249e-07
2.09559e-07
2.25269e-07
2.33709e-07
2.36561e-07
2.39505e-07
2.41721e-07
2.425e-07
2.41606e-07
2.39173e-07
2.34454e-07
2.35577e-07
2.43724e-07
2.62772e-07
3.03204e-07
3.41941e-07
3.69217e-07
3.7713e-07
3.71427e-07
3.62486e-07
3.44508e-07
2.8414e-07
2.12147e-07
2.00858e-07
4.16547e-08
0
0
0
0
0
0
0
0
1.19839e-06
2.09504e-07
0
0
5.61561e-07
5.30321e-06
1.05126e-05
1.22e-05
1.03581e-05
6.94524e-06
4.57214e-06
3.04343e-06
2.04031e-06
1.37045e-06
9.25716e-07
6.59359e-07
5.21543e-07
4.40441e-07
3.47865e-07
2.16513e-07
9.82356e-08
3.71684e-08
2.05296e-08
3.68223e-08
8.00603e-08
1.08002e-07
5.08253e-08
0
0
0
4.17593e-08
2.46636e-07
2.32036e-07
3.56983e-08
2.76667e-07
3.26191e-07
6.47003e-08
0
0
0
0
8.3755e-08
1.06716e-07
1.83261e-07
0
0
0
0
0
0
0
1.33825e-07
0
0
0
5.68267e-08
1.90148e-07
2.90614e-07
3.078e-07
3.2937e-07
3.01131e-07
0
0
0
0
0
0
0
2.23316e-08
1.67012e-08
1.06186e-08
8.72123e-09
1.01011e-08
1.19598e-08
1.17113e-08
8.56448e-09
3.6571e-09
0
0
0
0
2.59935e-09
6.30901e-09
9.27298e-09
1.07188e-08
1.0698e-08
9.32071e-09
7.27691e-09
6.26767e-09
7.36512e-09
1.1212e-08
1.64319e-08
1.98921e-08
2.08528e-08
2.11997e-08
2.28763e-08
2.60225e-08
2.98553e-08
3.38993e-08
3.7597e-08
4.01211e-08
4.1441e-08
4.30603e-08
4.42508e-08
4.48838e-08
4.46308e-08
4.39191e-08
4.33535e-08
4.3748e-08
4.49213e-08
4.16808e-08
2.757e-08
8.71862e-09
0
0
0
0
0
0
0
0
0
0
0
0
0
0
0
0
0
0
0
0
0
0
0
0
0
8.00885e-10
1.14383e-08
2.33816e-08
3.49567e-08
4.73452e-08
6.02293e-08
6.98156e-08
7.60287e-08
8.14481e-08
8.87751e-08
9.94571e-08
1.1207e-07
1.24149e-07
1.33917e-07
1.42454e-07
1.50375e-07
1.57018e-07
1.68272e-07
1.7885e-07
1.86676e-07
1.96262e-07
2.11673e-07
2.43638e-07
2.84898e-07
3.13028e-07
3.31059e-07
3.2921e-07
3.19797e-07
3.22791e-07
3.12762e-07
2.53566e-07
2.23902e-07
2.31469e-07
0
0
0
0
0
0
0
2.47967e-07
5.82435e-06
7.69781e-06
1.70787e-06
0
0
0
8.52947e-07
8.39694e-06
1.17972e-05
1.08992e-05
7.61509e-06
4.99129e-06
3.26492e-06
2.11969e-06
1.36184e-06
8.77503e-07
6.02358e-07
4.68194e-07
3.91152e-07
2.92638e-07
1.59309e-07
5.40114e-08
2.06815e-09
0
5.11534e-09
5.17541e-08
7.35664e-08
1.53363e-08
0
0
1.83278e-09
6.17186e-08
2.8258e-07
1.61248e-07
0
1.35325e-07
4.06232e-07
1.62752e-07
3.27053e-08
0
0
0
7.05358e-08
1.67749e-07
3.06063e-07
0
0
0
0
0
8.1857e-08
2.10194e-07
3.14206e-07
9.29934e-08
1.25637e-08
3.25557e-08
2.38025e-07
3.37392e-07
2.8927e-07
2.93166e-07
2.93075e-07
2.0429e-07
1.07458e-07
3.95847e-08
0
0
0
0
0
0
0
0
0
4.30515e-09
1.04549e-08
1.05922e-08
1.64332e-09
0
0
0
0
0
0
0
1.7342e-10
5.30891e-09
8.2796e-09
9.41932e-09
9.51746e-09
9.50082e-09
9.07227e-09
8.63735e-09
8.6262e-09
8.20088e-09
8.18438e-09
1.03043e-08
1.48263e-08
2.11531e-08
2.94288e-08
4.08187e-08
5.63421e-08
7.34995e-08
8.66268e-08
9.01073e-08
7.91067e-08
5.91804e-08
4.01782e-08
2.9696e-08
3.22309e-08
4.92779e-08
7.18719e-08
7.582e-08
5.10607e-08
1.67257e-08
0
0
0
0
0
0
0
0
0
0
0
0
0
0
0
0
0
0
0
0
0
0
0
0
0
3.21482e-09
1.00775e-08
1.63018e-08
2.22906e-08
2.82334e-08
3.3579e-08
3.76742e-08
4.093e-08
4.51739e-08
5.1988e-08
6.25283e-08
7.57006e-08
8.87063e-08
9.8734e-08
1.0517e-07
1.09721e-07
1.14865e-07
1.27143e-07
1.39991e-07
1.50038e-07
1.60801e-07
1.78378e-07
2.12376e-07
2.4233e-07
2.59876e-07
2.70351e-07
2.69152e-07
2.71461e-07
2.81656e-07
2.65001e-07
2.21581e-07
2.21553e-07
2.31793e-07
0
0
0
0
0
0
0
5.80335e-06
1.66132e-05
1.92518e-05
1.314e-06
0
0
0
0
5.20289e-06
1.03694e-05
1.01636e-05
7.41651e-06
4.76158e-06
3.06665e-06
1.96489e-06
1.23817e-06
7.75442e-07
5.14798e-07
3.88652e-07
3.15427e-07
2.18497e-07
1.01997e-07
2.09805e-08
0
0
0
1.47869e-08
1.93827e-08
0
0
0
1.62465e-08
9.01246e-08
3.42957e-07
1.20374e-07
0
3.34304e-08
2.89292e-07
2.0307e-07
8.91579e-08
2.91045e-08
0
4.20676e-08
2.15432e-07
1.95847e-07
4.42121e-07
1.08359e-07
0
0
0
7.35099e-08
1.78363e-07
1.46939e-07
1.63808e-07
1.75613e-07
1.33727e-07
1.52566e-07
3.75372e-07
2.96245e-07
2.45881e-07
2.50851e-07
2.27805e-07
1.85949e-07
1.61004e-07
1.27498e-07
1.07814e-07
1.13635e-07
1.3994e-07
1.6711e-07
6.72187e-08
0
0
0
0
0
2.28591e-09
7.20362e-09
6.88505e-09
2.84165e-09
0
0
0
0
0
1.65605e-09
6.74025e-09
1.11094e-08
1.44286e-08
1.65124e-08
1.7287e-08
1.70652e-08
1.57074e-08
1.43176e-08
1.34535e-08
1.25276e-08
1.34878e-08
1.87841e-08
2.87838e-08
4.28794e-08
6.07886e-08
8.22261e-08
1.05689e-07
1.29101e-07
1.45741e-07
1.47023e-07
1.28696e-07
9.40961e-08
5.17646e-08
1.4318e-08
0
1.11448e-08
5.20465e-08
8.85393e-08
6.84782e-08
1.12865e-08
0
0
0
0
0
0
0
0
0
0
0
0
0
0
0
0
0
0
0
0
0
0
0
0
5.47557e-09
1.24543e-08
1.72958e-08
2.09359e-08
2.43633e-08
2.77051e-08
3.0545e-08
3.31771e-08
3.59607e-08
4.0019e-08
4.60815e-08
5.42627e-08
6.36716e-08
7.2632e-08
7.77266e-08
7.85868e-08
7.9041e-08
8.18721e-08
9.12799e-08
1.02253e-07
1.11993e-07
1.22517e-07
1.40122e-07
1.6321e-07
1.8163e-07
1.97635e-07
2.06961e-07
2.07666e-07
2.1867e-07
2.23487e-07
2.0079e-07
1.86786e-07
1.98489e-07
1.83813e-07
0
0
0
0
0
4.82189e-07
2.32501e-06
9.69974e-06
2.61592e-05
3.36677e-05
0
0
0
0
0
1.99477e-06
8.5178e-06
8.90857e-06
6.74509e-06
4.34743e-06
2.80591e-06
1.8013e-06
1.12475e-06
6.8591e-07
4.36825e-07
3.15222e-07
2.43862e-07
1.54177e-07
6.16317e-08
1.85793e-09
0
0
0
0
0
0
0
1.45109e-08
3.91734e-08
1.27143e-07
4.66188e-07
1.12333e-07
0
0
1.36194e-07
1.92471e-07
1.14986e-07
9.11661e-08
1.4634e-07
2.6939e-07
3.67906e-07
1.17488e-07
1.87632e-07
2.62431e-07
1.6426e-07
9.90494e-08
2.14574e-07
1.34869e-07
3.39245e-08
3.38897e-08
1.08194e-07
2.12104e-07
2.27626e-07
2.48585e-07
3.11188e-07
2.07517e-07
1.95341e-07
2.22302e-07
2.48573e-07
2.37618e-07
1.86928e-07
1.44985e-07
1.2646e-07
1.22041e-07
6.04101e-08
0
3.44446e-08
0
0
0
0
0
0
0
0
0
3.86934e-09
1.07785e-08
1.75472e-08
2.43807e-08
3.09699e-08
3.68549e-08
4.16064e-08
4.50261e-08
4.65589e-08
4.57564e-08
4.31386e-08
3.89781e-08
3.39595e-08
2.97642e-08
2.5005e-08
1.9037e-08
1.53297e-08
1.78426e-08
2.84404e-08
4.72694e-08
7.30826e-08
1.05472e-07
1.37555e-07
1.5549e-07
1.52143e-07
1.25693e-07
8.04185e-08
2.46457e-08
0
0
0
0
5.06153e-09
5.9716e-08
4.94866e-08
0
0
0
0
0
0
0
0
4.60613e-09
2.1968e-08
1.76201e-08
3.99992e-09
0
0
0
0
0
0
0
0
0
0
0
4.00248e-09
1.7278e-08
2.36287e-08
2.72902e-08
2.93101e-08
3.08591e-08
3.32937e-08
3.67575e-08
4.09692e-08
4.53288e-08
4.90128e-08
5.20234e-08
5.42581e-08
5.51001e-08
5.47619e-08
5.30344e-08
4.71848e-08
3.98557e-08
3.61578e-08
3.64295e-08
4.13254e-08
4.79663e-08
5.50876e-08
6.36275e-08
7.31015e-08
8.48931e-08
9.72068e-08
1.11702e-07
1.18725e-07
1.2109e-07
1.3468e-07
1.34641e-07
1.21473e-07
1.34827e-07
1.39036e-07
5.79371e-08
0
0
0
4.03283e-07
1.62042e-06
2.12816e-06
2.37242e-06
4.22026e-06
6.19045e-06
0
0
0
0
0
0
0
6.3036e-06
6.90646e-06
5.26963e-06
3.38168e-06
2.18923e-06
1.42395e-06
8.85953e-07
5.21892e-07
3.13877e-07
2.10479e-07
1.47902e-07
7.89671e-08
1.8514e-08
0
0
0
0
0
0
0
0
3.0767e-08
7.32889e-08
1.58785e-07
6.38265e-07
1.37236e-07
0
0
2.71153e-08
1.44925e-07
1.4868e-07
1.16964e-07
2.13291e-07
4.10251e-07
0
0
0
1.66367e-07
2.7869e-07
3.87319e-07
3.45733e-07
1.41221e-08
0
0
9.22572e-08
2.31264e-07
2.85168e-07
2.92031e-07
2.38011e-07
1.50673e-07
1.61604e-07
2.37422e-07
3.64134e-07
3.10546e-07
1.88875e-07
1.06218e-07
6.76326e-08
4.06247e-08
0
0
0
0
0
0
0
1.06571e-08
2.39421e-08
3.90205e-08
5.64551e-08
7.4711e-08
9.21001e-08
1.07933e-07
1.23179e-07
1.3721e-07
1.47654e-07
1.52976e-07
1.51953e-07
1.44316e-07
1.30911e-07
1.12778e-07
9.2353e-08
7.16704e-08
5.19195e-08
3.3732e-08
1.46428e-08
0
0
0
0
0
0
1.36747e-08
4.35004e-08
6.79181e-08
7.71785e-08
6.50173e-08
2.89335e-08
0
0
0
0
0
0
7.48513e-09
3.32535e-09
0
0
0
0
0
0
0
7.80222e-08
1.0571e-07
4.68356e-08
1.87701e-08
5.25441e-09
0
0
0
0
0
0
0
1.04069e-08
2.92807e-08
4.91273e-08
6.35338e-08
6.87886e-08
6.62298e-08
5.83956e-08
5.03537e-08
4.46826e-08
4.16123e-08
4.15727e-08
4.50565e-08
5.08606e-08
5.61626e-08
6.03683e-08
6.03784e-08
5.43655e-08
4.26733e-08
2.78016e-08
1.3171e-08
0
0
0
0
0
0
0
0
0
0
0
8.91249e-09
1.72184e-08
2.55077e-08
3.96737e-08
3.8566e-08
3.99355e-08
6.15576e-08
2.7432e-08
0
0
0
0
9.41324e-07
1.97119e-06
1.61671e-06
0
0
0
0
0
0
0
0
0
0
4.38517e-06
4.78057e-06
3.50319e-06
2.18576e-06
1.4312e-06
9.6318e-07
6.05004e-07
3.47135e-07
1.97672e-07
1.20438e-07
6.84968e-08
1.99982e-08
0
0
0
0
0
0
0
0
0
4.25866e-09
1.17972e-07
1.99063e-07
6.67991e-07
2.03574e-07
0
0
0
3.18595e-08
1.43926e-07
1.47351e-07
3.04958e-08
0
0
0
0
3.78128e-08
2.16634e-07
3.99704e-07
2.55793e-07
0
0
0
8.90836e-08
2.64786e-07
3.51458e-07
3.37999e-07
1.99637e-07
1.20393e-07
1.48271e-07
2.9634e-07
5.31589e-07
3.66626e-07
8.69341e-08
0
0
0
1.40428e-07
0
0
8.83961e-08
1.32614e-07
1.27537e-07
1.07396e-07
8.74257e-08
7.97684e-08
8.6768e-08
1.04292e-07
1.28137e-07
1.56049e-07
1.91258e-07
2.24024e-07
2.45425e-07
2.51396e-07
2.42739e-07
2.21853e-07
1.86794e-07
1.44028e-07
1.04048e-07
7.08234e-08
4.55504e-08
2.66624e-08
1.0177e-08
0
0
0
0
0
0
0
0
0
9.94236e-10
3.01202e-08
5.19145e-08
5.604e-08
3.16698e-08
0
0
0
1.01407e-08
7.72807e-08
9.68386e-08
1.03164e-07
1.12945e-07
8.86787e-08
0
0
0
0
9.54658e-08
2.25405e-07
1.87708e-07
0
0
0
0
0
0
5.70729e-09
2.54755e-08
4.04963e-08
5.36199e-08
6.64817e-08
7.8711e-08
8.7563e-08
8.89381e-08
8.10561e-08
6.67744e-08
5.24632e-08
4.43441e-08
4.43935e-08
5.19521e-08
6.78432e-08
8.5975e-08
1.01035e-07
1.11529e-07
1.1653e-07
1.14537e-07
1.01573e-07
7.49195e-08
4.45438e-08
1.92977e-08
0
0
0
0
0
0
0
0
0
0
0
0
0
0
0
0
0
0
0
0
0
0
0
5.54039e-07
1.07667e-06
0
0
0
0
0
0
0
0
0
0
0
3.10253e-06
2.99992e-06
1.91473e-06
1.07308e-06
7.09712e-07
5.18517e-07
3.36936e-07
1.86771e-07
9.52571e-08
3.98264e-08
0
0
0
0
0
0
0
0
0
0
0
0
8.21764e-08
3.03452e-07
4.76322e-07
3.13826e-07
0
0
0
0
0
9.19889e-08
0
0
0
0
0
0
1.83352e-07
3.56058e-07
2.21751e-07
0
0
0
7.57114e-08
3.25416e-07
4.60333e-07
3.94125e-07
1.42982e-07
7.86504e-08
1.29777e-07
3.66377e-07
7.03276e-07
2.69108e-07
0
0
0
0
5.60017e-08
3.61894e-08
8.3165e-08
1.96914e-07
2.05073e-07
1.94891e-07
1.80978e-07
1.68675e-07
1.61219e-07
1.61874e-07
1.71706e-07
1.90113e-07
2.151e-07
2.41658e-07
2.62711e-07
2.72004e-07
2.66916e-07
2.48977e-07
2.20172e-07
1.82286e-07
1.43656e-07
1.075e-07
7.40738e-08
4.3416e-08
1.58661e-08
0
0
0
0
0
0
0
0
0
0
0
0
3.52073e-08
1.8263e-07
4.1642e-07
6.79393e-07
8.451e-07
7.84536e-07
6.04454e-07
4.42318e-07
3.22686e-07
2.55074e-07
2.44476e-07
2.80468e-07
2.30127e-07
0
0
6.02497e-08
1.69826e-07
2.0355e-07
1.54688e-07
1.33015e-08
0
0
0
0
0
3.40965e-08
9.33708e-08
1.33992e-07
1.56848e-07
1.64722e-07
1.61151e-07
1.4748e-07
1.25332e-07
9.97484e-08
7.49014e-08
5.68587e-08
5.08737e-08
6.09842e-08
8.22902e-08
1.08053e-07
1.33799e-07
1.52933e-07
1.61185e-07
1.57886e-07
1.39712e-07
1.03282e-07
6.01985e-08
3.41574e-08
3.15866e-08
2.80763e-08
3.21574e-08
7.26074e-08
6.1009e-08
0
0
0
0
0
0
0
0
0
0
0
0
0
0
0
0
0
0
0
0
0
0
0
0
0
0
0
0
0
0
0
9.13662e-08
2.34602e-06
2.08805e-06
1.08782e-06
4.72572e-07
3.02024e-07
2.4573e-07
1.58969e-07
7.73406e-08
2.70312e-08
0
0
0
0
0
0
0
0
0
0
0
0
0
0
3.11496e-07
1.02732e-06
1.1132e-06
0
0
0
0
0
0
1.32203e-08
0
0
0
0
3.93247e-08
2.597e-07
4.36483e-07
2.88565e-07
0
0
0
0
2.39689e-07
2.27732e-07
1.35555e-07
0
0
4.17718e-08
2.46686e-07
3.40245e-07
0
0
0
0
0
0
0
0
2.91702e-07
3.03461e-07
3.05015e-07
3.07018e-07
3.1116e-07
3.17933e-07
3.27862e-07
3.40411e-07
3.5354e-07
3.64017e-07
3.6836e-07
3.64295e-07
3.52627e-07
3.37154e-07
3.22157e-07
3.09701e-07
2.98963e-07
2.87398e-07
2.7244e-07
2.52681e-07
2.25847e-07
1.86151e-07
1.27352e-07
5.47744e-08
0
0
0
0
0
0
0
9.98896e-08
2.93704e-07
5.87893e-07
9.56771e-07
1.29638e-06
1.53117e-06
1.67286e-06
1.99683e-06
2.97985e-06
2.84236e-06
1.87997e-06
1.30048e-06
9.84824e-07
8.30122e-07
8.1056e-07
9.42544e-07
8.11665e-07
0
1.00133e-07
1.6404e-07
1.32927e-07
4.80403e-08
0
0
0
4.5287e-08
9.49895e-08
1.03959e-07
1.5249e-07
2.51352e-07
3.48893e-07
4.02008e-07
4.01413e-07
3.58852e-07
2.91822e-07
2.18118e-07
1.53644e-07
1.08102e-07
8.77518e-08
9.57988e-08
1.21351e-07
1.53977e-07
1.8191e-07
1.97663e-07
2.00733e-07
1.89412e-07
1.54874e-07
1.00305e-07
1.47589e-08
0
0
0
1.0466e-07
4.58849e-07
2.59677e-07
0
0
0
0
0
0
0
0
0
0
0
0
0
0
0
0
0
0
0
0
0
0
0
0
0
0
0
0
0
0
0
0
4.13087e-07
2.45217e-06
2.13961e-06
1.01239e-06
3.74274e-07
1.87006e-07
1.36836e-07
9.1233e-08
5.24289e-08
2.52226e-08
1.20635e-09
0
0
0
0
0
0
0
0
0
0
0
0
0
0
5.04787e-07
1.13105e-06
0
0
0
0
0
0
0
0
0
0
0
4.64492e-09
2.13618e-07
4.55824e-07
5.61991e-07
0
0
0
0
0
1.5748e-07
1.37603e-07
0
2.8604e-07
0
0
6.32731e-09
1.32827e-07
1.48308e-07
1.12314e-07
0
0
0
0
0
1.88606e-07
2.2062e-07
2.6706e-07
3.28525e-07
4.00858e-07
4.73358e-07
5.3536e-07
5.77876e-07
5.95046e-07
5.85451e-07
5.5384e-07
5.10753e-07
4.68149e-07
4.34046e-07
4.10123e-07
3.92747e-07
3.76889e-07
3.58918e-07
3.36883e-07
3.08019e-07
2.66407e-07
2.07886e-07
1.39858e-07
6.17804e-08
0
0
0
0
0
0
2.85871e-08
2.87269e-07
5.49837e-07
7.47551e-07
8.80753e-07
9.87293e-07
1.0693e-06
1.10373e-06
1.18288e-06
1.42694e-06
2.07007e-06
2.13624e-06
1.22463e-06
5.05277e-07
0
0
0
0
0
0
4.56794e-08
5.69768e-08
8.41513e-09
6.10359e-09
5.20715e-08
1.20607e-07
1.85844e-07
2.27109e-07
2.39507e-07
2.342e-07
2.26138e-07
2.14089e-07
1.98956e-07
1.84317e-07
1.69694e-07
1.5246e-07
1.35596e-07
1.24553e-07
1.21409e-07
1.26771e-07
1.41607e-07
1.53935e-07
1.63333e-07
1.72715e-07
1.80118e-07
1.8012e-07
1.7791e-07
1.66698e-07
1.23634e-07
1.21357e-08
0
0
5.77028e-07
7.21383e-07
7.28732e-07
5.50421e-07
1.64985e-07
0
0
0
0
0
0
0
0
0
0
0
0
0
0
0
0
0
0
0
0
7.84549e-08
1.0809e-06
3.07174e-06
5.90785e-06
9.61221e-06
1.554e-05
2.24998e-05
0
0
0
0
2.37546e-06
3.11179e-06
1.99899e-06
7.3698e-07
9.65291e-08
0
0
0
0
0
0
0
0
0
0
0
0
0
0
0
0
0
0
0
0
0
0
0
0
0
0
0
0
0
0
0
0
0
0
1.35531e-07
7.55061e-07
1.4843e-06
1.1675e-06
0
0
0
0
4.34163e-08
2.18333e-07
0
1.54937e-07
0
0
0
2.84629e-07
2.73594e-07
1.98687e-07
6.28838e-08
0
0
0
0
5.9676e-08
9.77386e-08
1.30184e-07
1.68851e-07
2.30401e-07
3.12549e-07
3.92285e-07
4.3852e-07
4.29877e-07
3.68177e-07
2.77641e-07
1.87918e-07
1.20066e-07
8.23148e-08
7.01364e-08
7.35019e-08
8.05923e-08
8.12019e-08
6.9184e-08
4.21904e-08
7.54587e-10
0
0
0
0
0
0
0
0
0
6.46908e-08
2.03275e-07
2.01018e-07
1.18702e-07
3.4755e-08
0
0
0
8.41514e-09
1.08936e-07
1.59254e-07
0
0
0
0
0
0
0
0
0
0
1.36699e-07
2.68246e-07
1.21384e-07
7.4195e-08
8.73426e-08
1.14733e-07
1.3261e-07
1.25848e-07
8.12069e-08
0
0
0
0
0
0
0
4.81714e-08
6.84033e-08
6.59858e-08
5.55384e-08
4.74789e-08
4.92607e-08
6.24482e-08
8.05291e-08
1.05209e-07
1.29259e-07
1.38682e-07
9.11109e-08
0
0
0
0
0
1.71311e-07
6.30752e-07
8.40505e-07
3.62334e-07
0
0
0
0
0
0
0
0
0
0
0
0
0
0
0
0
0
0
2.64565e-07
8.06741e-07
2.2534e-06
4.30144e-06
6.24235e-06
7.71923e-06
9.14518e-06
9.00313e-06
2.46381e-06
0
8.53273e-07
2.16805e-06
2.18551e-06
1.18365e-06
1.64244e-07
0
0
0
0
0
0
0
0
0
0
0
0
0
0
0
0
0
0
0
0
0
0
0
0
0
0
0
0
0
0
0
0
0
0
0
0
7.92814e-07
2.6219e-06
2.43925e-06
1.57763e-06
4.92369e-07
0
0
0
0
0
0
0
0
0
0
1.13122e-07
2.20724e-07
2.88328e-07
4.84235e-07
6.77418e-07
1.04271e-07
1.1246e-07
0
6.76503e-08
9.08441e-08
9.28431e-08
8.57926e-08
8.22128e-08
9.26756e-08
1.22553e-07
1.65649e-07
2.0428e-07
2.18718e-07
1.98724e-07
1.48098e-07
8.22469e-08
2.1357e-08
0
0
0
0
0
0
0
0
0
0
0
0
0
0
0
0
8.77027e-08
3.69104e-07
4.13044e-07
2.77863e-07
1.99603e-07
1.70549e-07
1.3154e-07
5.29528e-08
0
0
0
0
0
0
0
0
0
0
0
0
0
2.90612e-07
4.03139e-07
2.29503e-07
4.01811e-08
0
0
0
0
0
0
0
0
0
0
0
2.82278e-08
4.76884e-08
5.4544e-08
5.05986e-08
4.53575e-08
4.46139e-08
5.46958e-08
7.1252e-08
9.08713e-08
1.44772e-07
2.37137e-07
3.63801e-07
2.55825e-07
0
0
0
0
0
0
0
0
0
0
0
0
2.09299e-06
4.06508e-06
3.96622e-06
2.96106e-06
1.76443e-06
6.83772e-07
1.01129e-07
0
0
0
0
0
0
1.90907e-06
1.70403e-06
1.53006e-06
1.81462e-06
2.76282e-06
4.27577e-06
5.01699e-06
4.41433e-06
2.95402e-06
1.47678e-06
7.03143e-07
5.7445e-07
4.13319e-07
0
0
0
0
0
0
0
0
0
0
0
0
0
0
0
0
0
0
0
0
0
0
0
0
0
0
0
0
0
0
0
0
0
0
0
0
0
0
0
0
1.87119e-07
6.51044e-07
9.37999e-07
8.42594e-07
3.6006e-07
0
0
0
0
0
0
0
0
0
0
0
0
1.21263e-07
1.29657e-07
1.36061e-07
0
9.33083e-08
0
5.16558e-08
5.09806e-08
3.41956e-08
1.35288e-08
0
0
4.89191e-09
1.0942e-08
0
0
0
0
0
0
0
0
0
0
0
0
0
0
0
0
0
0
0
0
0
5.69261e-08
3.29899e-07
6.32916e-07
9.72401e-07
1.43942e-06
2.08735e-06
1.68168e-06
7.27395e-07
2.89864e-07
6.789e-08
0
0
0
0
5.84244e-08
0
0
0
1.60103e-07
6.43465e-07
6.34213e-07
5.05911e-07
4.25981e-07
4.15897e-07
3.64019e-07
1.76372e-07
0
0
0
0
0
0
0
0
0
0
0
1.2462e-09
4.72452e-09
2.10149e-09
0
2.77908e-09
1.18578e-08
3.29124e-08
3.6144e-08
2.2765e-08
5.56271e-08
1.75984e-08
0
0
0
0
0
0
1.10585e-07
3.8492e-07
0
0
0
0
0
0
0
1.07164e-06
3.48709e-06
3.9561e-06
3.2984e-06
2.3116e-06
1.55127e-06
2.77083e-07
6.89608e-08
3.30612e-07
0
0
7.68918e-07
3.27473e-06
2.82187e-06
2.52351e-06
2.63847e-06
3.02367e-06
3.50241e-06
3.92147e-06
3.33152e-06
1.65226e-06
0
0
0
0
0
0
0
0
0
0
0
0
0
0
0
0
0
0
0
0
0
0
0
0
0
0
0
0
0
0
0
0
0
0
0
0
0
5.77126e-08
7.56587e-08
0
0
0
0
0
0
5.41968e-08
1.68674e-07
1.65075e-07
6.5786e-08
0
0
0
0
0
0
0
0
0
0
0
0
0
0
2.60774e-08
0
4.62491e-08
0
0
0
1.78868e-08
4.21018e-08
6.54224e-08
8.30043e-08
8.68415e-08
7.01594e-08
2.93986e-08
0
0
0
0
0
0
0
0
0
7.06945e-08
2.75602e-07
5.78055e-07
1.0673e-06
1.39948e-06
6.71328e-07
0
0
0
0
0
0
0
1.04266e-07
3.2025e-07
6.14287e-07
1.16432e-06
1.86767e-06
1.13331e-06
5.70292e-07
3.21204e-07
1.53893e-07
3.12932e-08
0
8.1923e-08
3.46829e-07
8.14691e-07
1.29578e-06
1.29575e-06
9.91541e-07
6.7751e-07
4.18638e-07
2.24441e-07
9.01041e-08
7.13352e-09
0
0
0
0
0
0
0
0
1.1882e-07
2.33856e-07
1.51883e-07
1.05712e-07
7.93303e-08
5.98321e-08
5.01808e-08
2.3417e-08
0
0
0
0
0
0
0
0
0
0
0
0
0
1.17649e-07
8.26364e-08
1.19697e-06
1.01016e-06
0
0
0
0
0
0
0
0
1.04184e-06
1.29719e-06
1.169e-06
1.034e-06
0
1.79291e-07
1.26024e-06
5.65552e-07
0
1.29292e-06
3.88163e-06
3.65377e-06
3.35392e-06
3.34172e-06
3.40578e-06
3.27632e-06
3.00448e-06
2.45303e-06
1.39826e-06
0
0
0
0
0
0
0
0
0
0
0
0
0
0
0
0
0
0
0
0
0
0
0
0
0
0
0
0
0
0
0
0
0
0
0
0
0
4.28356e-08
3.28824e-08
0
0
0
0
0
0
2.65739e-08
7.94731e-08
6.42642e-08
2.00583e-08
0
0
0
0
1.0582e-08
2.86367e-08
7.0542e-09
0
0
0
0
0
0
0
8.19792e-09
0
2.03993e-08
0
0
0
0
0
0
0
1.74902e-08
3.98241e-08
3.27926e-08
7.0436e-09
0
0
0
0
0
1.27563e-07
3.22837e-07
5.62241e-07
8.14495e-07
1.01289e-06
1.03058e-06
7.96473e-07
2.02101e-07
0
0
0
0
0
0
0
0
1.85186e-08
1.90842e-07
3.07923e-07
3.34269e-07
2.87727e-07
2.43194e-07
2.51936e-07
3.04328e-07
3.18233e-07
2.40095e-07
9.84443e-08
0
0
8.82971e-08
2.25819e-07
2.69767e-07
2.29703e-07
1.63108e-07
9.61915e-08
3.0554e-08
0
0
0
0
0
0
0
0
0
0
3.26134e-07
6.35855e-07
5.81636e-07
4.2687e-07
2.95885e-07
2.46776e-07
2.17656e-07
3.76562e-08
8.56971e-08
0
1.87319e-07
5.53928e-07
0
0
0
0
0
0
0
0
0
0
0
1.44973e-06
2.16829e-06
7.83343e-07
0
0
0
0
0
0
0
0
0
0
0
0
3.15549e-07
2.74699e-06
1.34804e-06
0
1.25173e-06
4.05936e-06
4.36928e-06
4.18774e-06
4.14315e-06
4.08082e-06
3.71309e-06
3.13298e-06
2.42089e-06
1.53027e-06
2.35282e-07
0
0
0
0
0
0
0
0
0
0
0
0
0
0
0
0
0
0
0
0
0
0
0
0
4.30056e-09
0
0
0
0
0
0
0
0
0
0
0
2.271e-09
0
0
0
0
0
0
2.71102e-08
5.73383e-08
4.91119e-08
2.53272e-08
7.38179e-09
0
0
2.12328e-09
1.05542e-08
1.51465e-08
1.037e-08
0
0
0
0
0
0
0
0
3.61911e-09
0
9.01183e-09
0
0
0
0
0
0
0
0
0
0
0
0
0
0
0
1.42566e-07
3.3747e-07
5.2965e-07
6.86994e-07
7.88273e-07
8.05985e-07
6.92264e-07
4.85932e-07
2.1608e-07
0
0
0
0
0
3.48271e-09
6.86788e-08
1.0431e-07
1.07964e-07
8.21897e-08
3.63589e-08
0
0
0
5.51976e-09
1.10687e-07
2.36386e-07
3.06819e-07
2.84079e-07
1.7932e-07
4.6819e-08
0
1.50174e-08
8.02318e-08
1.07057e-07
9.74366e-08
7.41887e-08
4.35569e-08
3.34316e-09
0
0
0
0
0
0
0
0
0
5.01076e-08
2.01835e-07
2.59503e-07
2.29704e-07
5.05874e-08
2.2174e-07
1.69154e-07
0
0
0
9.41476e-07
1.00131e-06
0
0
0
1.26972e-06
8.72318e-07
0
0
0
0
0
0
1.03364e-06
1.54402e-06
6.62551e-07
0
0
0
0
0
0
0
0
0
0
0
0
1.44617e-07
4.03171e-06
2.29624e-06
8.52733e-07
1.82632e-06
3.86181e-06
4.7706e-06
4.88634e-06
4.90921e-06
4.80603e-06
4.39044e-06
3.71133e-06
2.90141e-06
1.92472e-06
5.54807e-07
0
0
0
0
0
0
0
0
0
0
0
0
0
0
0
0
0
0
0
0
0
0
0
0
0
0
0
0
0
0
0
0
0
0
8.83557e-09
1.11647e-08
0
0
0
0
0
8.88364e-09
2.74779e-08
3.48966e-08
2.89137e-08
1.72711e-08
9.10811e-09
6.37666e-09
6.5485e-09
7.6616e-09
8.24515e-09
7.60219e-09
4.74788e-09
1.02029e-09
0
0
0
0
0
7.94147e-10
9.20418e-10
6.73963e-10
1.33821e-09
0
4.4529e-09
0
0
0
0
0
0
0
0
0
0
0
0
0
0
0
0
1.24047e-07
2.61906e-07
3.38362e-07
3.43988e-07
2.87569e-07
1.96084e-07
1.02029e-07
3.09453e-08
0
0
0
0
0
6.01599e-09
3.62188e-08
5.78319e-08
6.42283e-08
5.27875e-08
2.6936e-08
0
0
0
0
0
0
0
0
0
0
0
0
1.8377e-09
5.99997e-09
8.80213e-09
1.04117e-08
8.26279e-09
4.83605e-09
0
0
0
0
0
0
1.54659e-08
5.7829e-08
3.72899e-08
0
0
1.00545e-07
4.74227e-09
3.21289e-08
7.42269e-07
2.56835e-07
0
1.31695e-09
0
1.43103e-06
1.13347e-06
0
0
7.6026e-07
5.92786e-06
6.63893e-06
2.0343e-06
0
0
0
0
2.18138e-07
1.36233e-06
1.44273e-06
8.14717e-07
0
0
0
0
5.06822e-07
3.83003e-07
0
0
0
0
0
0
0
5.12144e-06
4.84248e-06
7.2195e-06
6.09288e-06
4.60856e-06
4.81647e-06
5.13111e-06
5.38793e-06
5.46442e-06
5.30242e-06
4.87811e-06
4.20243e-06
3.23946e-06
1.44518e-06
0
0
0
0
0
0
0
0
0
0
0
0
0
0
0
0
0
0
0
0
0
0
0
0
0
0
0
0
0
0
0
0
8.53289e-09
2.20042e-08
2.51436e-08
1.94693e-08
1.17163e-08
8.14975e-09
1.00705e-08
1.41678e-08
1.76711e-08
1.83422e-08
1.63105e-08
1.22599e-08
8.01916e-09
5.15678e-09
4.09623e-09
4.18799e-09
4.3166e-09
3.9938e-09
3.02854e-09
1.80931e-09
4.85623e-10
0
0
0
0
3.82105e-10
3.82434e-10
8.53282e-10
3.57432e-10
6.09231e-10
2.7433e-10
0
2.28875e-09
0
0
0
0
0
0
0
0
0
0
0
0
0
0
1.23305e-10
1.94059e-09
2.91427e-09
2.99922e-09
2.40199e-09
1.50738e-09
6.74637e-10
7.45355e-11
0
0
0
0
0
5.99648e-11
4.07996e-10
7.17245e-10
9.34529e-10
1.00835e-09
8.73324e-10
4.84467e-10
0
0
0
0
0
0
0
0
0
0
1.24517e-12
3.04503e-10
1.8213e-10
3.03033e-10
1.42342e-10
5.28784e-10
7.37968e-10
7.13466e-10
1.61185e-09
0
1.9895e-09
0
0
3.85943e-08
4.25957e-08
0
0
0
0
0
1.71758e-07
0
5.55286e-07
2.13241e-06
1.3206e-06
9.98668e-07
8.3728e-07
0
1.78327e-06
1.01685e-06
0
0
7.2609e-07
7.91182e-06
1.23341e-05
7.86916e-06
6.96032e-08
0
0
0
2.37101e-06
2.5698e-06
2.68291e-06
2.2699e-06
9.16483e-07
0
0
0
1.22051e-06
0
0
0
0
0
0
0
0
0
1.25737e-05
1.77871e-05
1.48729e-05
1.10275e-05
7.89931e-06
6.78089e-06
6.50493e-06
6.40881e-06
6.5679e-06
6.92234e-06
7.86904e-06
1.03056e-05
1.44076e-05
0
0
0
0
0
0
0
0
0
0
0
0
0
0
0
0
0
0
0
0
0
0
0
0
0
0
0
0
4.95706e-09
1.0209e-08
1.52321e-08
1.96025e-08
2.16978e-08
2.08769e-08
1.80926e-08
1.50635e-08
1.29635e-08
1.17981e-08
1.0945e-08
9.71268e-09
7.92382e-09
5.73086e-09
3.80164e-09
2.48002e-09
1.61708e-09
1.22286e-09
1.10267e-09
1.0833e-09
9.6136e-10
7.15993e-10
3.5835e-10
6.33295e-11
0
0
0
0
0
2.1291e-10
3.67268e-11
2.75007e-10
0
2.36389e-10
0
0
7.93508e-10
0
0
0
0
0
0
0
0
0
0
0
0
0
0
0
0
0
0
0
0
0
0
0
0
0
4.48523e-11
1.65616e-10
1.9276e-10
8.33992e-11
0
0
0
0
0
0
0
0
0
0
0
0
0
0
0
0
0
0
0
0
0
0
0
4.06999e-11
1.6487e-10
3.59382e-09
2.6533e-09
2.744e-08
3.28564e-07
5.32084e-07
0
0
0
0
0
0
0
8.48861e-07
4.18402e-06
3.98976e-06
3.63627e-06
3.15551e-06
0
1.67693e-06
1.69843e-06
0
0
0
1.49816e-05
3.6566e-05
2.49258e-05
1.19525e-05
5.04846e-06
0
8.77219e-07
6.57968e-06
8.34673e-06
6.76718e-06
4.51076e-06
2.71892e-06
1.35303e-06
2.54537e-07
0
0
0
0
0
0
0
0
0
0
0
1.91645e-06
6.79559e-06
8.43294e-06
9.91626e-06
1.468e-05
1.67975e-05
1.2979e-05
9.21614e-06
5.17393e-06
2.33326e-06
1.08736e-06
5.76944e-07
2.77848e-07
0
0
0
0
0
0
0
0
0
0
0
0
0
0
0
0
0
0
0
0
0
0
1.64728e-09
5.17803e-09
7.86608e-09
1.01619e-08
1.20282e-08
1.34616e-08
1.42774e-08
1.43988e-08
1.37299e-08
1.23547e-08
1.04398e-08
8.49581e-09
6.89571e-09
5.69181e-09
4.73089e-09
3.83242e-09
2.9615e-09
2.17517e-09
1.48222e-09
9.24051e-10
5.39545e-10
3.43005e-10
2.10815e-10
1.31509e-10
8.22659e-11
5.68339e-11
1.78026e-11
0
0
0
0
0
0
0
0
0
0
0
0
0
0
0
1.4479e-10
0
0
0
0
0
0
0
0
0
0
0
0
0
0
0
0
0
0
0
0
0
0
0
0
0
0
0
0
0
0
0
0
0
0
0
0
0
0
0
0
0
0
0
0
0
0
0
0
0
0
0
0
0
0
3.65179e-09
8.49179e-09
1.36712e-07
1.75488e-06
3.78731e-06
1.5335e-06
1.42262e-08
0
0
0
0
0
0
3.80027e-06
6.86948e-06
5.66964e-06
5.53728e-06
1.22392e-06
0
0
0
0
0
9.2913e-06
3.01452e-05
2.35171e-05
8.1568e-06
8.2424e-07
0
0
1.70645e-06
1.82764e-06
8.6254e-07
5.37648e-07
3.39411e-07
1.41123e-07
0
0
0
0
0
0
0
0
0
0
0
0
6.02643e-07
1.58668e-06
2.21722e-06
2.65465e-06
4.64527e-06
1.19255e-05
1.75444e-05
5.50891e-06
1.15526e-06
3.57567e-07
1.53882e-07
7.34496e-08
2.48352e-08
0
0
0
0
0
0
0
0
0
0
0
0
0
0
0
0
0
0
0
0
0
4.02469e-09
6.56028e-09
7.77123e-09
8.16404e-09
8.01953e-09
7.51605e-09
6.88888e-09
6.19807e-09
5.4064e-09
4.54311e-09
3.70056e-09
2.94753e-09
2.32272e-09
1.8274e-09
1.43386e-09
1.09877e-09
7.96759e-10
5.39625e-10
3.48409e-10
2.10825e-10
1.31287e-10
8.19172e-11
4.53003e-11
1.42651e-11
0
0
0
0
0
0
0
0
0
0
0
0
0
0
0
0
0
0
0
0
0
0
0
0
0
0
0
0
0
0
0
0
0
0
0
0
0
0
0
0
0
0
0
0
0
0
0
0
0
0
0
0
0
0
0
0
0
0
0
0
0
0
0
0
0
0
0
0
0
0
0
0
0
0
2.08768e-09
1.25636e-08
3.93496e-07
6.10743e-06
1.59601e-05
1.33648e-05
1.21271e-05
7.34253e-06
0
0
0
0
0
0
3.82645e-06
6.41392e-06
1.32368e-05
1.06969e-05
0
0
0
0
0
1.12206e-06
1.14147e-05
2.68251e-05
6.07621e-06
0
0
0
6.53442e-07
3.536e-07
3.25299e-08
4.36035e-08
3.47635e-08
0
0
0
0
0
0
0
0
0
0
0
0
4.13611e-07
5.52636e-07
9.75963e-07
1.27086e-06
1.39875e-06
1.93435e-06
4.12693e-06
8.77097e-06
1.15266e-06
1.08003e-07
1.30248e-08
2.60713e-11
0
0
0
0
0
0
0
0
0
0
0
0
0
0
0
0
0
0
0
0
0
0
0
1.26609e-09
2.26655e-09
2.67369e-09
2.74403e-09
2.60276e-09
2.33274e-09
2.0273e-09
1.72411e-09
1.39974e-09
1.07564e-09
8.0549e-10
6.12209e-10
4.68877e-10
3.59115e-10
2.74281e-10
2.02681e-10
1.38478e-10
8.64761e-11
5.22566e-11
3.14788e-11
2.73357e-11
2.65399e-11
1.48849e-11
4.00661e-12
0
0
0
0
0
0
0
0
0
0
0
0
0
0
0
0
0
0
0
0
0
4.27296e-08
2.76843e-08
3.10475e-08
3.86241e-08
3.54858e-08
2.8349e-08
2.3087e-08
1.90391e-08
1.57997e-08
1.29455e-08
1.05635e-08
8.31299e-09
6.74251e-09
5.05928e-09
4.15924e-09
2.7764e-09
2.52746e-09
1.27903e-09
1.74004e-09
4.25847e-10
1.76042e-09
6.13902e-11
2.3315e-09
0
0
1.03347e-08
4.62918e-09
5.30327e-09
6.49874e-09
6.48703e-09
5.34621e-09
4.66513e-09
3.98916e-09
3.59008e-09
3.07089e-09
2.71763e-09
2.24732e-09
1.97137e-09
1.58504e-09
1.41423e-09
1.04001e-09
1.0351e-09
6.23942e-10
8.69007e-10
3.44379e-10
9.90822e-10
1.94209e-10
1.38559e-09
0
0
4.56509e-09
1.09046e-09
9.22209e-10
1.32948e-09
1.34565e-09
9.98926e-10
9.44307e-10
8.12173e-10
7.97701e-10
7.16023e-10
6.92676e-10
6.20714e-10
5.83919e-10
5.29876e-10
5.08139e-10
4.39289e-10
4.66875e-10
3.74431e-10
4.81163e-10
3.37111e-10
6.03817e-10
3.25226e-10
8.44026e-10
0
0
4.17763e-09
0
0
0
3.00427e-10
2.26726e-10
1.83704e-10
1.94072e-10
2.15992e-10
2.20552e-10
2.60246e-10
2.76047e-10
3.12538e-10
3.71203e-10
4.1574e-10
4.43617e-10
5.51308e-10
5.48201e-10
6.90895e-10
6.28055e-10
9.27164e-10
6.2959e-10
1.25075e-09
3.49416e-10
8.17141e-10
0
0
0
0
0
0
0
0
0
0
0
0
0
0
0
0
0
0
0
0
0
0
0
0
0
0
0
0
0
0
0
0
0
0
0
0
0
0
0
0
0
0
0
0
0
0
0
0
0
0
0
0
0
0
0
0
0
0
0
0
0
0
0
0
0
0
0
0
0
0
0
0
0
0
0
0
0
0
0
0
0
0
0
0
0
0
0
0
0
0
0
0
0
0
0
0
0
0
0
0
0
0
0
0
0
0
0
0
0
0
0
0
0
0
0
0
0
0
0
0
0
0
0
0
0
0
0
0
0
0
0
0
0
0
0
0
0
0
0
0
0
0
0
0
0
0
0
0
0
0
0
0
0
0
0
0
0
0
0
0
0
0
0
0
0
0
0
0
0
0
0
0
0
0
0
0
0
0
0
0
0
0
0
0
0
0
0
0
0
0
0
0
0
0
0
0
0
0
0
0
0
0
0
0
0
0
0
0
0
0
0
0
0
0
0
0
0
0
0
0
0
0
0
0
0
0
0
0
0
0
0
0
0
0
0
0
0
0
0
0
0
0
0
0
0
0
0
0
0
0
0
0
0
0
0
0
0
0
0
0
0
0
0
0
0
0
0
0
0
0
0
0
0
0
0
0
0
0
0
0
0
0
0
0
0
0
0
0
0
0
0
0
0
0
0
0
0
0
0
0
0
0
0
0
0
0
0
0
0
0
0
0
0
0
0
0
0
0
0
0
0
0
0
0
0
0
0
0
0
0
0
0
0
0
0
0
0
0
0
0
0
0
0
0
0
0
0
0
0
0
0
0
0
0
0
0
0
0
0
0
0
0
0
0
0
0
0
0
0
0
0
0
0
0
0
0
0
0
0
0
0
0
0
0
0
0
0
0
0
0
0
0
0
0
0
0
0
0
0
0
0
0
0
0
0
0
0
0
0
0
0
0
0
0
0
0
0
0
0
0
0
0
0
0
0
0
0
0
0
0
0
0
0
0
0
0
0
0
0
0
0
0
0
0
0
0
0
0
0
0
0
0
0
0
0
0
0
0
0
0
0
0
0
0
0
0
0
0
0
0
0
0
0
0
0
0
0
0
0
0
0
0
0
0
0
0
0
0
0
0
0
0
0
0
0
0
0
0
0
0
0
0
0
0
0
0
0
0
0
0
0
0
0
0
0
0
0
0
0
0
0
0
0
0
0
0
0
0
0
0
0
0
0
0
0
0
0
0
0
0
0
0
0
0
0
0
0
0
0
0
0
0
0
0
0
0
0
0
0
0
0
0
0
0
0
0
0
0
0
0
0
0
0
0
0
0
0
0
0
0
0
0
0
0
0
0
0
0
0
0
0
0
0
0
0
0
0
0
0
0
0
0
0
0
0
0
0
0
0
0
0
0
0
0
0
0
0
0
0
0
0
0
0
0
0
0
0
0
0
0
0
0
0
0
0
0
0
0
0
0
0
0
0
0
0
0
0
0
0
0
0
0
0
0
0
0
0
0
0
0
0
0
0
0
0
0
0
0
0
0
0
0
0
0
0
0
0
0
0
0
0
0
0
0
0
0
0
0
0
0
0
0
0
0
0
0
0
0
0
0
0
0
0
0
0
0
0
0
0
0
0
0
0
0
0
0
0
0
0
0
0
0
0
0
0
0
0
0
0
0
0
0
0
0
0
0
0
0
0
0
0
0
0
0
0
0
0
0
0
0
0
0
0
0
0
0
0
0
0
0
0
0
0
0
0
0
0
0
0
0
0
0
0
0
0
0
0
0
0
0
0
0
0
0
0
0
0
0
0
0
0
0
0
0
0
0
0
0
0
0
0
0
0
0
0
0
0
0
0
0
0
0
0
0
0
0
0
0
0
0
0
0
0
0
0
0
0
0
0
0
0
0
0
0
0
0
0
0
0
0
0
0
0
0
0
0
0
0
0
0
0
0
0
0
0
0
0
0
0
0
0
0
0
0
0
0
0
0
0
0
0
0
0
0
0
2.84577e-07
0
0
0
0
0
0
0
0
0
0
0
0
0
0
0
0
0
0
0
0
0
0
0
0
8.93793e-07
3.40778e-07
0
0
0
0
0
0
0
0
0
0
0
0
0
0
0
0
0
0
0
0
0
0
0
9.65159e-07
7.39605e-07
1.81686e-07
0
0
0
0
0
0
0
0
0
0
0
0
0
0
0
0
0
0
0
0
0
0
3.74628e-07
5.16414e-07
2.8114e-07
0
0
0
0
0
0
0
0
0
0
0
0
0
0
0
0
0
0
0
0
0
0
0
6.72755e-08
1.57062e-08
0
0
0
0
0
0
0
0
0
0
0
0
0
0
0
0
0
0
0
0
0
0
0
0
0
0
0
0
0
0
0
0
0
0
0
0
0
0
0
0
0
0
0
0
0
0
0
0
0
0
0
0
0
0
0
0
0
0
0
0
0
0
0
0
0
0
0
0
0
0
0
0
0
0
0
0
0
0
0
0
0
0
0
0
0
0
0
0
0
0
0
0
0
0
0
0
0
0
0
0
0
0
0
0
0
0
0
0
0
0
0
0
0
0
0
0
0
0
0
0
0
0
0
0
0
0
0
0
0
0
0
0
0
0
0
0
0
0
0
0
0
0
0
0
0
0
0
3.61037e-09
0
0
0
0
0
0
0
0
0
0
0
0
0
0
0
0
0
0
0
0
0
0
0
0
4.40841e-09
0
0
0
0
0
0
0
4.23916e-11
8.1602e-11
8.62485e-11
5.61491e-11
5.6805e-11
3.06488e-11
5.222e-11
1.43612e-11
7.23029e-11
0
1.23691e-10
0
2.40054e-10
0
4.36954e-10
0
0
3.93649e-09
0
0
0
0
0
3.38459e-11
2.8181e-10
3.27748e-10
2.96927e-10
2.68568e-10
2.49021e-10
2.65e-10
2.58758e-10
3.20128e-10
3.01093e-10
4.12761e-10
3.3116e-10
5.23907e-10
2.75246e-10
6.95396e-10
9.03645e-11
1.0467e-09
0
6.77807e-10
2.57798e-09
0
0
0
0
0
2.12415e-10
3.14368e-10
3.51501e-10
3.58655e-10
3.7303e-10
3.72736e-10
4.156e-10
3.97136e-10
4.54633e-10
4.0974e-10
5.02219e-10
4.02873e-10
5.74562e-10
3.48866e-10
6.98155e-10
1.79709e-10
9.9319e-10
0
3.99902e-10
1.32601e-09
0
0
3.81344e-10
5.51831e-10
6.57425e-10
7.14083e-10
6.99889e-10
6.87339e-10
6.2956e-10
6.00943e-10
5.4856e-10
5.43357e-10
4.91941e-10
5.12418e-10
4.47927e-10
5.0468e-10
3.98917e-10
5.31354e-10
3.47211e-10
6.15646e-10
2.15645e-10
8.12769e-10
0
8.61123e-11
1.05652e-09
0
1.50289e-09
1.73896e-09
1.49506e-09
1.20665e-09
9.13402e-10
6.70495e-10
5.08624e-10
4.02392e-10
3.43813e-10
2.96181e-10
2.89228e-10
2.63699e-10
2.87553e-10
2.5465e-10
3.04154e-10
2.40062e-10
3.50108e-10
2.21721e-10
3.93428e-10
1.316e-10
4.94809e-10
0
0
1.59251e-09
2.23461e-09
4.13748e-09
2.78834e-09
1.2961e-09
4.35432e-10
0
0
0
0
0
0
0
0
0
0
1.4481e-11
2.2203e-12
9.34354e-11
2.53521e-11
1.17527e-10
0
1.63963e-10
0
0
2.78272e-09
5.84709e-09
6.27192e-09
2.15118e-09
1.90994e-10
0
0
0
0
0
0
0
0
0
0
0
0
0
0
0
8.6491e-13
0
2.08025e-11
0
0
)
;

boundaryField
{
    inlet
    {
        type            zeroGradient;
    }
    outlet
    {
        type            zeroGradient;
    }
    upperWall
    {
        type            zeroGradient;
    }
    lowerWall
    {
        type            zeroGradient;
    }
    frontAndBack
    {
        type            empty;
    }
}


// ************************************************************************* //
