/*--------------------------------*- C++ -*----------------------------------*\
  =========                 |
  \\      /  F ield         | OpenFOAM: The Open Source CFD Toolbox
   \\    /   O peration     | Website:  https://openfoam.org
    \\  /    A nd           | Version:  9
     \\/     M anipulation  |
\*---------------------------------------------------------------------------*/
FoamFile
{
    format      ascii;
    class       volScalarField;
    location    "0.039";
    object      p;
}
// * * * * * * * * * * * * * * * * * * * * * * * * * * * * * * * * * * * * * //

dimensions      [0 2 -2 0 0 0 0];

internalField   nonuniform List<scalar> 
12225
(
128.966
115.341
105.36
98.4384
93.4508
89.7339
86.882
84.7295
83.167
82.0361
81.213
80.6523
80.4034
80.4959
80.957
81.5766
82.0425
80.7527
128.987
115.187
105.25
98.3373
93.3665
89.672
86.8357
84.6842
83.1099
81.9636
81.1268
80.5516
80.2801
80.3306
80.7267
81.2424
81.5721
80.3404
128.979
114.846
104.963
98.1324
93.2096
89.5474
86.7337
84.5901
83.0045
81.8346
80.9748
80.3806
80.0722
80.0373
80.2501
80.4943
80.4727
79.5054
128.601
114.248
104.497
97.7972
92.9513
89.3447
86.5699
84.4434
82.8534
81.6682
80.789
80.1675
79.7995
79.6526
79.6751
79.685
79.4506
78.6847
127.631
113.18
103.781
97.319
92.6016
89.0704
86.3442
84.24
82.648
81.4469
80.5446
79.8887
79.4565
79.2048
79.0663
78.9008
78.5458
77.8663
125.832
111.87
102.849
96.6585
92.1009
88.6802
86.0264
83.9631
82.3848
81.1764
80.2508
79.5556
79.0569
78.7055
78.4298
78.1238
77.6728
77.0034
122.216
109.915
101.613
95.7976
91.4754
88.1986
85.6296
83.6103
82.0441
80.8279
79.8805
79.1487
78.5897
78.1503
77.7634
77.3486
76.8213
76.1358
118.644
107.643
100.096
94.7316
90.6818
87.5734
85.114
83.1609
81.6264
80.4141
79.4474
78.6756
78.0559
77.5378
77.0613
76.5603
75.9693
75.2558
113.941
104.627
98.165
93.4124
89.7224
86.8247
84.4966
82.6214
81.1259
79.9244
78.9434
78.134
77.4548
76.8603
76.2986
75.7156
75.0621
74.3129
106.696
101.163
95.958
91.8715
88.5827
85.9214
83.7508
81.9779
80.5397
79.3602
78.3717
77.5304
76.7999
76.1393
75.5039
74.8503
74.1409
73.3526
100.307
97.3495
93.4545
90.0912
87.2466
84.86
82.8637
81.2051
79.8372
78.6927
77.7113
76.8563
76.0954
75.3896
74.6983
73.9848
73.2219
72.388
94.3034
93.77
91.0003
88.2811
85.8461
83.7479
81.9455
80.4093
79.1139
78.0017
77.0231
76.1528
75.3654
74.6249
73.8933
73.1379
72.3352
71.4671
92.3457
90.4175
88.4069
86.3518
84.335
82.5155
80.9027
79.4977
78.2916
77.235
76.2825
75.4145
74.6123
73.8434
73.0738
72.277
71.435
70.5353
88.9679
86.4843
85.2888
83.9706
82.4551
80.9787
79.6091
78.3726
77.2741
76.2778
75.3512
74.4857
73.669
72.874
72.0728
71.2455
70.3784
69.4616
77.7004
81.2651
81.7308
81.1751
80.2057
79.1027
77.9946
76.9431
75.9704
75.059
74.1912
73.3602
72.552
71.7448
70.9194
70.0667
69.1777
68.2482
71.122
76.0844
77.907
77.9475
77.4692
76.7705
75.9701
75.1507
74.347
73.5517
72.7577
71.9683
71.1817
70.3891
69.5799
68.745
67.8743
66.9649
68.9087
72.5972
74.2073
74.5283
74.4587
74.1727
73.6971
73.1075
72.4665
71.7872
71.0785
70.3533
69.6119
68.8477
68.0583
67.245
66.4055
65.5385
71.4036
70.0799
70.8005
71.2484
71.3241
71.2078
70.94
70.5706
70.1273
69.6187
69.0547
68.4488
67.8074
67.1287
66.4136
65.6667
64.891
64.0916
69.7801
67.8091
67.1495
67.2529
67.6181
67.961
68.0757
67.9628
67.7165
67.3779
66.9512
66.4477
65.8867
65.2844
64.6469
63.9777
63.2811
62.5638
54.63
59.2068
62.1096
63.715
64.7315
65.3161
65.6167
65.7113
65.6404
65.4559
65.1771
64.81
64.3703
63.8736
63.3304
62.7462
62.1282
61.4868
45.8487
54.6033
59.0219
61.3812
62.857
63.7399
64.2347
64.4572
64.4776
64.3492
64.1155
63.7891
63.3892
62.9365
62.441
61.9072
61.3405
60.7501
45.1074
53.7758
58.0776
60.3766
61.7791
62.6217
63.1451
63.4325
63.5251
63.4772
63.3108
63.0439
62.6961
62.2901
61.8374
61.3432
60.8143
60.2619
46.5632
54.2607
58.0803
60.0896
61.383
62.1779
62.6541
62.9036
62.9807
62.9297
62.7704
62.5147
62.185
61.8023
61.3759
60.9104
60.4125
59.8909
61.8721
58.9138
59.3488
60.2888
61.2009
61.823
62.2227
62.4706
62.5667
62.5306
62.391
62.1599
61.8528
61.4873
61.0753
60.6248
60.1434
59.6387
61.9097
59.6669
59.9883
60.4802
61.1718
61.6972
62.0328
62.2414
62.3176
62.2662
62.1253
61.8978
61.5973
61.2411
60.8412
60.4073
59.9454
59.4614
63.4228
61.3743
60.536
60.687
61.1403
61.566
61.8792
62.0793
62.1509
62.1202
61.9806
61.7595
61.4594
61.0985
60.702
60.2776
59.8279
59.3563
64.4945
60.6368
60.5914
60.7652
61.1409
61.5206
61.8066
61.9907
62.0518
61.9832
61.8456
61.6239
61.3281
60.9783
60.5924
60.1805
59.7406
59.281
59.5578
60.4067
60.6227
60.8067
61.136
61.4846
61.7565
61.9362
61.9956
61.9493
61.8029
61.5783
61.2797
60.9263
60.5394
60.1293
59.6974
59.2421
58.5623
60.1102
60.542
60.8354
61.1661
61.4749
61.7308
61.9002
61.9592
61.9101
61.7639
61.5348
61.2306
60.8744
60.4894
60.0864
59.6645
59.2205
58.7529
60.02
60.4997
60.8166
61.1514
61.4629
61.7217
61.8983
61.9635
61.9156
61.7656
61.5274
61.2138
60.8507
60.4645
60.0649
59.6491
59.2128
45.0927
44.9451
44.8413
44.9263
45.2091
45.6186
45.8911
45.8238
45.3324
44.4211
43.1607
41.681
40.1255
38.6256
37.2944
36.2256
35.4934
35.1534
35.2161
35.6752
36.5155
37.6911
39.1134
40.6417
42.1051
43.2626
43.9263
43.7625
43.3478
42.9372
42.3439
41.1176
39.1882
37.2291
36.5202
37.3376
39.5683
42.4258
43.2701
40.7146
37.9178
36.0103
35.6777
36.1763
35.8705
35.9389
36.2652
36.5145
38.4748
41.3664
41.6121
39.4832
35.8946
31.2405
25.9508
20.3674
14.764
9.35042
4.26371
-0.409117
-4.61797
-8.33318
-11.5395
-14.2308
-16.4044
-18.0553
-19.1815
-19.7859
-19.8845
-19.5022
-18.6734
-17.4379
-15.8431
-13.9411
-11.7869
-9.43686
-6.94472
-4.36044
-1.72715
0.920588
3.55834
6.17264
8.76103
11.3317
13.9024
16.4988
19.1523
21.8962
24.7616
27.773
30.9429
34.2678
37.7256
41.2746
44.8567
48.4032
51.8412
55.1019
58.1273
60.8741
63.3147
65.4368
67.2422
68.7431
69.9587
70.912
71.6251
72.1142
72.4126
72.5329
72.4919
72.3052
71.9875
71.5531
71.0163
70.3919
69.6956
68.945
68.1592
67.3581
66.559
65.7738
65.0068
64.2585
63.5311
62.8238
62.1407
61.4945
60.8921
60.3291
59.7946
59.2751
58.7612
58.2513
57.7504
57.2641
56.7954
56.3433
55.9053
55.4796
55.0651
54.6605
54.2638
53.873
53.4862
53.1011
52.715
52.3249
51.928
51.5234
51.1129
50.7007
50.2912
49.887
49.4878
49.0916
48.6958
48.2982
47.8983
47.4965
47.0941
46.6921
46.2913
45.8916
45.4925
45.0935
44.6942
44.2946
43.8948
43.4957
43.0978
42.7028
42.3116
41.927
41.5508
41.1874
40.8409
40.515
40.2236
39.9438
44.368
44.2337
44.2217
44.3617
44.6646
44.9083
44.9006
44.5127
43.7303
42.5962
41.2085
39.687
38.1503
36.7036
35.4355
34.4119
33.6776
33.2515
33.1651
33.4851
34.206
35.2769
36.639
38.1891
39.8028
41.2709
42.4042
42.9975
43.2337
43.3912
41.8273
39.3774
36.5397
33.6301
32.3151
32.7318
34.2269
36.7364
37.9531
36.2433
34.1861
32.9657
33.045
34.5739
35.2126
38.2435
37.8717
34.5428
34.6871
36.6552
36.4575
34.3472
30.8939
26.5052
21.5939
16.461
11.3431
6.41299
1.77399
-2.50987
-6.4021
-9.87042
-12.8881
-15.4283
-17.4723
-19.0093
-20.0443
-20.5818
-20.628
-20.1984
-19.3193
-18.0298
-16.3771
-14.4147
-12.2002
-9.79125
-7.2444
-4.61141
-1.93741
0.741468
3.39972
6.02328
8.60981
11.1681
13.7173
16.2851
18.9055
21.6152
24.4494
27.4365
30.5925
33.9165
37.3871
40.9615
44.5782
48.1636
51.6402
54.9348
57.9864
60.7502
63.1988
65.3212
67.1217
68.6146
69.8214
70.7667
71.471
71.9606
72.2589
72.3826
72.3478
72.1697
71.8625
71.4399
70.9158
70.3041
69.62
68.8798
68.1021
67.3073
66.5138
65.7341
64.9732
64.2303
63.5014
62.7914
62.1138
61.4743
60.8745
60.3099
59.7719
59.2505
58.7384
58.2335
57.7387
57.2585
56.7941
56.3442
55.9069
55.4807
55.0649
54.6585
54.2601
53.8676
53.4791
53.0925
52.7052
52.3147
51.9184
51.5151
51.1064
50.6958
50.2878
49.8849
49.4869
49.0917
48.6966
48.2997
47.9001
47.4986
47.0962
46.6943
46.2933
45.8933
45.4938
45.0942
44.6942
44.2939
43.8934
43.4935
43.0948
42.6986
42.3064
41.9197
41.5415
41.1736
40.8231
40.4861
40.1854
39.8699
44.791
44.8356
44.6727
44.4284
44.0596
43.471
42.6065
41.458
40.0592
38.5002
36.8708
35.2465
33.6918
32.2648
31.0208
30.0132
29.2932
28.9021
28.8612
29.1365
29.7163
30.5839
31.7121
33.0517
34.5423
36.083
37.5563
38.7861
39.5843
39.7245
39.0393
37.4687
34.838
32.2924
31.086
31.7377
33.0625
34.5621
34.0498
31.5951
30.5168
30.0484
32.6431
34.5388
33.3715
34.3182
35.0133
33.8357
32.4239
31.2539
29.5531
27.1635
24.0395
20.3348
16.2315
11.9169
7.54438
3.24078
-0.903968
-4.81477
-8.43579
-11.714
-14.6002
-17.0523
-19.0414
-20.548
-21.5508
-22.0384
-22.0178
-21.5086
-20.5406
-19.1534
-17.3953
-15.3223
-12.995
-10.4757
-7.82501
-5.09927
-2.34743
0.391187
3.08876
5.73008
8.31274
10.8468
13.3536
15.8649
18.4196
21.061
23.832
26.769
29.8958
33.2168
36.7127
40.3385
44.0257
47.691
51.2464
54.6099
57.714
60.5115
62.9752
65.0974
66.8866
68.3621
69.5505
70.4808
71.1642
71.6511
71.9499
72.0796
72.0558
71.8929
71.6046
71.2039
70.7038
70.1169
69.4569
68.7385
67.9781
67.1949
66.4102
65.64
64.8884
64.1524
63.4317
62.7335
62.0652
61.4327
60.8364
60.2743
59.7392
59.2206
58.7105
58.2083
57.7173
57.2412
56.7806
56.3336
55.8976
55.4716
55.0553
54.6485
54.2498
53.8573
53.4684
53.081
52.6927
52.3012
51.9051
51.5042
51.0999
50.6948
50.2913
49.8905
49.4924
49.0959
48.6993
48.3016
47.9023
47.5017
47.1005
46.6994
46.2986
45.898
45.4976
45.0968
44.6956
44.2939
43.8921
43.4906
43.0903
42.6918
42.2968
41.9057
41.5224
41.1455
40.7834
40.4259
40.0917
39.7237
44.2076
44.2561
43.9884
43.1794
41.9269
40.4512
38.8987
37.3221
35.7375
34.1574
32.5989
31.0855
29.6483
28.3251
27.1584
26.1917
25.4672
25.0212
24.8844
25.0313
25.4323
26.0616
26.8967
27.9126
29.0834
30.3769
31.7515
33.1364
34.4068
35.399
35.8722
35.743
35.1068
34.6024
35.0263
36.2949
38.1746
38.947
36.4246
34.2266
32.2907
31.0403
31.9436
32.836
32.6946
32.216
31.3769
30.1105
28.4644
26.4517
24.1092
21.4382
18.4089
15.0405
11.4058
7.60885
3.75215
-0.0820763
-3.831
-7.43625
-10.8325
-13.9492
-16.7259
-19.116
-21.076
-22.5576
-23.5186
-23.9559
-23.8739
-23.2851
-22.2165
-20.7068
-18.8081
-16.5821
-14.0963
-11.4206
-8.62261
-5.7651
-2.9028
-0.0797567
2.67286
5.33796
7.9129
10.4092
12.8515
15.2765
17.7305
20.2665
22.9387
25.7967
28.8763
32.1913
35.7262
39.4325
43.231
47.0224
50.7013
54.1714
57.3558
60.2029
62.6873
64.8058
66.5735
68.0176
69.1706
70.0664
70.7305
71.2016
71.4975
71.6353
71.6285
71.4889
71.2279
70.858
70.3915
69.8404
69.2163
68.532
67.8019
67.0425
66.2717
65.5088
64.7669
64.0455
63.3373
62.6453
61.9852
61.3652
60.7823
60.2283
59.6968
59.1803
58.6713
58.171
57.6828
57.2107
56.7543
56.3116
55.8799
55.4574
55.0434
54.6377
54.2393
53.8465
53.4572
53.0691
52.6803
52.2892
51.8944
51.4958
51.0942
50.6916
50.2896
49.8897
49.4919
49.0955
48.6991
48.302
47.9036
47.5041
47.1037
46.7028
46.3018
45.9007
45.4994
45.0976
44.6952
44.2922
43.889
43.4858
43.0836
42.6826
42.2845
41.8891
41.4998
41.1144
40.7392
40.3632
39.9966
39.591
44.6982
44.081
42.7711
41.0146
39.1524
37.3461
35.6252
33.9754
32.3713
30.7942
29.243
27.7378
26.3139
25.0173
23.8959
22.9907
22.3263
21.9073
21.7234
21.8177
22.188
22.788
23.5547
24.4365
25.4035
26.4659
27.6494
28.9882
30.4886
32.1397
33.8762
35.6476
37.4533
39.4003
41.5899
43.8592
45.9788
46.5638
44.4418
42.0291
39.6053
37.1286
35.218
33.5186
31.9386
30.2542
28.4144
26.5612
24.5737
22.3473
19.8393
17.0688
14.056
10.8305
7.44839
3.96886
0.450011
-3.07141
-6.56442
-9.98687
-13.2739
-16.3488
-19.133
-21.5487
-23.5195
-24.9921
-25.9492
-26.3725
-26.2455
-25.5733
-24.3809
-22.7123
-20.6272
-18.1967
-15.4992
-12.6145
-9.61993
-6.58663
-3.57682
-0.64065
2.18664
4.88597
7.45454
9.90561
12.2676
14.583
16.907
19.3045
21.8452
24.596
27.6104
30.9158
34.5028
38.3184
42.2681
46.229
50.0719
53.6805
56.9662
59.8735
62.3789
64.4862
66.2201
67.6174
68.7142
69.56
70.1862
70.628
70.9106
71.0524
71.0655
70.9574
70.7346
70.4059
69.9824
69.476
68.8978
68.2581
67.5681
66.8419
66.0967
65.3515
64.621
63.9105
63.2161
62.5371
61.8852
61.2768
60.7084
60.1684
59.6457
59.1324
58.6249
58.1248
57.6386
57.1697
56.718
56.2809
55.8552
55.4383
55.0287
54.6255
54.2278
53.8346
53.4443
53.0556
52.6667
52.2759
51.8822
51.4852
51.0859
50.6858
50.2862
49.8882
49.4916
49.0956
48.6995
48.3026
47.9045
47.5054
47.1054
46.7048
46.3039
45.9025
45.5006
45.0979
44.6945
44.2903
43.8856
43.4807
43.0763
42.6727
42.2711
41.8712
41.4754
41.0814
40.6926
40.2996
39.9042
39.4716
43.5768
42.347
40.2177
38.0989
36.1377
34.3231
32.6008
30.9134
29.2217
27.5117
25.7923
24.0943
22.4695
20.9803
19.6905
18.6589
17.9343
17.555
17.5371
17.8498
18.4527
19.29
20.2883
21.3767
22.5072
23.6656
24.8799
26.2456
27.8794
29.9034
32.3965
35.3557
38.6599
42.0805
45.3841
48.2651
50.3565
50.7882
49.3906
46.4654
43.2723
40.0142
36.8564
33.8145
31.0485
28.4903
26.0678
23.7459
21.4222
19.0137
16.4326
13.6609
10.7022
7.59246
4.37939
1.10142
-2.22513
-5.60805
-9.04508
-12.494
-15.8672
-19.0595
-21.9662
-24.4854
-26.5334
-28.066
-29.0552
-29.4569
-29.256
-28.4623
-27.1017
-25.224
-22.8968
-20.2012
-17.2292
-14.0737
-10.8246
-7.56403
-4.36329
-1.28014
1.64518
4.39135
6.95572
9.35391
11.6188
13.7998
15.9624
18.1858
20.5585
23.17
26.0967
29.3854
33.0371
36.9943
41.1411
45.3232
49.3767
53.1595
56.5694
59.5487
62.0764
64.167
65.8621
67.2049
68.2435
69.0278
69.5994
69.9955
70.2464
70.3748
70.395
70.3138
70.1334
69.856
69.4868
69.035
68.511
67.9243
67.2844
66.6021
65.8918
65.1715
64.459
63.7653
63.0884
62.4237
61.7806
61.1792
60.6205
60.0956
59.5854
59.0788
58.5734
58.0742
57.5897
57.1235
56.6757
56.2437
55.8242
55.4141
55.0105
54.6113
54.2154
53.8222
53.4311
53.0415
52.6521
52.2617
51.8694
51.4747
51.078
50.6803
50.2827
49.886
49.49
49.0945
48.6986
48.302
47.9044
47.5058
47.1064
46.7062
46.3053
45.9036
45.5011
45.0976
44.6931
44.2875
43.8812
43.4744
43.0677
42.6613
42.2561
41.8516
41.449
41.0465
40.6448
40.2362
39.8174
39.364
39.4926
38.2192
36.5235
34.811
33.1266
31.4516
29.7552
28.0115
26.2103
24.359
22.4854
20.6386
18.884
17.2935
15.9375
14.8756
14.1546
13.8016
13.8232
14.2182
14.9561
15.9814
17.2164
18.5667
19.9396
21.2874
22.6227
24.0484
25.7249
27.8402
30.5412
33.8751
37.7148
41.7432
45.4949
48.4971
50.3367
50.6318
49.2668
46.5652
43.2638
39.7424
36.228
32.8237
29.657
26.7358
24.0262
21.4557
18.9438
16.4218
13.8115
11.0734
8.18808
5.17573
2.06179
-1.14063
-4.44951
-7.89975
-11.4934
-15.1559
-18.7485
-22.1276
-25.1852
-27.8412
-30.0236
-31.6614
-32.6956
-33.0835
-32.8205
-31.907
-30.3662
-28.2497
-25.6344
-22.6176
-19.3086
-15.8199
-12.2577
-8.71701
-5.27957
-2.01189
1.03937
3.84957
6.41533
8.75415
10.9028
12.9175
14.8743
16.8681
19.0101
21.4188
24.2039
27.4438
31.1603
35.293
39.6966
44.1694
48.499
52.5077
56.076
59.1464
61.7086
63.7948
65.4593
66.7585
67.7488
68.4835
69.0091
69.3646
69.5817
69.6852
69.6934
69.6169
69.4608
69.2264
68.9141
68.5254
68.0649
67.5395
66.9569
66.326
65.6583
64.9707
64.2819
63.6065
62.9485
62.3042
61.6759
61.0773
60.5247
60.0078
59.5084
59.0109
58.5124
58.0182
57.5379
57.0753
56.6308
56.2029
55.7887
55.3846
54.9868
54.592
54.1985
53.806
53.4148
53.0248
52.6355
52.246
51.8554
51.463
51.0687
50.6733
50.2776
49.8821
49.487
49.092
48.6967
48.3007
47.9037
47.5057
47.1066
46.7066
46.3056
45.9037
45.5006
45.0962
44.6907
44.2838
43.876
43.4674
43.0584
42.6492
42.2402
41.831
41.4219
41.011
40.5974
40.1747
39.737
39.2668
35.4699
34.6028
33.4285
32.056
30.5704
29.0044
27.357
25.6132
23.768
21.8357
19.8561
17.8952
16.0348
14.3602
12.9523
11.8765
11.1757
10.8685
10.9679
11.4698
12.3381
13.5097
14.9041
16.4202
17.9489
19.4215
20.8333
22.2598
23.8581
25.827
28.338
31.4719
35.1587
39.0873
42.6872
45.4549
47.0019
47.246
46.0437
43.6468
40.6948
37.4392
34.1178
30.8637
27.7729
24.8642
22.125
19.5149
16.9811
14.4622
11.8892
9.2111
6.3938
3.4358
0.337758
-2.91071
-6.34511
-10.0015
-13.8622
-17.8109
-21.6649
-25.2628
-28.5156
-31.3758
-33.7756
-35.6065
-36.7699
-37.2535
-37.0057
-36.0064
-34.2804
-31.8886
-28.9258
-25.5138
-21.7892
-17.8913
-13.9483
-10.0699
-6.3469
-2.85298
0.3593
3.26118
5.84785
8.13795
10.1706
12.006
13.7279
15.4453
17.2927
19.4244
21.9955
25.1308
28.8864
33.205
37.9031
42.7133
47.3615
51.6288
55.3803
58.5609
61.1803
63.2843
64.94
66.2169
67.179
67.8832
68.3789
68.7096
68.9104
69.0052
69.0074
68.927
68.7754
68.5621
68.2906
67.9596
67.5662
67.1091
66.591
66.0179
65.3993
64.7497
64.0882
63.4334
62.7952
62.1731
61.5664
60.982
60.4311
59.9136
59.4169
58.9261
58.4371
57.9548
57.4839
57.0279
56.5871
56.1619
55.751
55.3513
54.9579
54.5668
54.176
53.7854
53.3955
53.0065
52.6181
52.2298
51.8408
51.4506
51.0589
50.6657
50.2717
49.8775
49.4833
49.0889
48.6942
48.2988
47.9024
47.5049
47.1062
46.7063
46.3053
45.903
45.4995
45.0945
44.6879
44.2799
43.8704
43.4598
43.0484
42.6363
42.2235
41.8096
41.3941
40.9752
40.5509
40.1156
39.6626
39.1785
32.8191
32.1815
31.2822
30.1568
28.8767
27.4605
25.9034
24.1938
22.3338
20.3476
18.2876
16.2366
14.2927
12.5484
11.0856
9.97061
9.25507
8.96956
9.12888
9.71155
10.6688
11.9341
13.4216
15.0185
16.6043
18.0963
19.4849
20.8356
22.2895
24.0329
26.2496
29.0004
32.2493
35.6932
38.8056
41.0981
42.3858
42.5929
41.614
39.6608
37.2319
34.4629
31.5577
28.6314
25.7775
23.0304
20.4007
17.8803
15.437
13.0148
10.544
7.95875
5.20862
2.27166
-0.867906
-4.23447
-7.8668
-11.786
-15.9488
-20.2136
-24.3789
-28.2828
-31.8576
-35.0741
-37.8505
-40.0398
-41.4993
-42.1434
-41.9426
-40.8718
-38.9485
-36.2404
-32.8629
-28.9689
-24.7318
-20.3279
-15.9171
-11.6289
-7.56258
-3.79424
-0.378829
2.65025
5.2852
7.54435
9.46786
11.1166
12.5774
13.9698
15.4472
17.2005
19.446
22.3794
26.119
30.6281
35.6776
40.9023
45.9353
50.5024
54.4527
57.7483
60.4244
62.5535
64.2195
65.5018
66.4687
67.1758
67.6704
67.9959
68.193
68.293
68.3108
68.2474
68.104
67.8961
67.6441
67.355
67.0219
66.6344
66.1861
65.6771
65.1134
64.5075
63.8781
63.2458
62.6257
62.0229
61.4373
60.8716
60.3313
59.8154
59.3171
58.8283
58.3475
57.8781
57.4216
56.9774
56.544
56.1223
55.7133
55.3159
54.9254
54.537
54.1483
53.7597
53.372
52.9853
52.599
52.2126
51.8254
51.4372
51.0476
50.6566
50.2645
49.8716
49.4784
49.0847
48.6906
48.2958
47.9001
47.5033
47.1051
46.7055
46.3044
45.9019
45.4978
45.0921
44.6846
44.2753
43.8642
43.4517
43.0379
42.6228
42.2063
41.7877
41.3662
40.9397
40.5058
40.0593
39.5937
39.0984
31.6804
31.206
30.4895
29.533
28.3946
27.0947
25.6318
23.9963
22.1897
20.2326
18.1746
16.1028
14.1282
12.3339
10.8341
9.68424
8.9394
8.63822
8.78451
9.3544
10.2871
11.5101
12.9324
14.4456
15.9355
17.3225
18.6012
19.8326
21.1408
22.6965
24.6431
27.0126
29.7603
32.576
35.0854
36.8966
37.9262
38.1348
37.3939
35.9188
34.0136
31.7431
29.2734
26.6901
24.0871
21.5166
19.018
16.6128
14.2889
11.9978
9.66422
7.20459
4.54347
1.63053
-1.56429
-5.0628
-8.89479
-13.0724
-17.5415
-22.1463
-26.6789
-30.9815
-34.9897
-38.666
-41.9103
-44.5431
-46.3699
-47.2632
-47.1848
-46.1044
-44.032
-41.0389
-37.2511
-32.8483
-28.0431
-23.0578
-18.0966
-13.3223
-8.8507
-4.76021
-1.10263
2.08872
4.80174
7.04929
8.86767
10.3125
11.4622
12.4278
13.3701
14.5232
16.1933
18.7017
22.2889
26.9859
32.5142
38.3446
43.9617
48.9918
53.246
56.7094
59.4604
61.6164
63.2926
64.586
65.5721
66.307
66.8332
67.1876
67.4062
67.5235
67.5628
67.5291
67.4183
67.2345
66.9975
66.7311
66.4419
66.1165
65.7378
65.2968
64.7941
64.2383
63.6466
63.041
62.4406
61.8551
61.2868
60.7376
60.2105
59.7033
59.2096
58.7258
58.2533
57.7957
57.3531
56.9224
56.4995
56.0837
55.677
55.2805
54.8913
54.5047
54.1179
53.7314
53.3461
52.9622
52.5787
52.1946
51.8095
51.4231
51.0355
50.6465
50.2562
49.8649
49.4728
49.0799
48.6864
48.2922
47.8973
47.5012
47.1035
46.7041
46.3031
45.9003
45.4957
45.0893
44.6808
44.2703
43.8578
43.4433
43.0271
42.609
42.1889
41.7658
41.3385
40.9051
40.4625
40.0063
39.5302
39.0254
32.0508
31.6651
31.0357
30.1725
29.1423
27.9546
26.6051
25.0807
23.3777
21.5112
19.5244
17.4951
15.5261
13.7229
12.1814
10.9741
10.1578
9.77731
9.83817
10.3106
11.1222
12.1877
13.4179
14.714
15.9817
17.1628
18.2635
19.3461
20.5217
21.923
23.6451
25.7032
28.0086
30.2854
32.232
33.6258
34.4501
34.6985
34.1988
33.138
31.659
29.8016
27.6949
25.3999
23.0065
20.5761
18.1717
15.8395
13.5922
11.3983
9.18624
6.86049
4.31986
1.47871
-1.7238
-5.31884
-9.31388
-13.6912
-18.3957
-23.2975
-28.2027
-32.9335
-37.3884
-41.4997
-45.1534
-48.166
-50.335
-51.5062
-51.6201
-50.6363
-48.5517
-45.4228
-41.3712
-36.5852
-31.3023
-25.7821
-20.2737
-14.9843
-10.061
-5.59992
-1.66309
1.71962
4.53888
6.7998
8.52279
9.74301
10.5092
10.8967
11.0511
11.2404
11.8999
13.5811
16.7607
21.6258
27.8587
34.6166
41.1591
46.9204
51.6601
55.4022
58.2941
60.5159
62.2251
63.5415
64.551
65.3136
65.8721
66.2615
66.5168
66.6725
66.7504
66.7547
66.681
66.5332
66.3297
66.0937
65.8395
65.5636
65.2469
64.8716
64.4312
63.9307
63.3837
62.8108
62.2337
61.6669
61.1158
60.5828
60.0696
59.5741
59.0915
58.6185
58.157
57.7106
57.2799
56.8614
56.4503
56.0428
55.6401
55.2446
54.8561
54.4713
54.087
53.7027
53.3196
52.9382
52.5574
52.1758
51.7928
51.4082
51.0224
50.6352
50.2468
49.8571
49.4662
49.0743
48.6815
48.2882
47.894
47.4986
47.1014
46.7023
46.3013
45.8983
45.4933
45.0861
44.6768
44.2652
43.8511
43.4347
43.0161
42.5951
42.1714
41.744
41.3114
40.8714
40.4212
39.9564
39.4714
38.9589
33.7549
33.4187
32.8459
32.0517
31.0904
29.9805
28.7232
27.3077
25.7271
23.9908
22.1317
20.2127
18.3223
16.5594
15.0179
13.7766
12.8916
12.3889
12.2652
12.4995
13.0396
13.8089
14.721
15.6889
16.6426
17.5522
18.4386
19.3638
20.43
21.7361
23.3286
25.1822
27.1459
28.9702
30.4623
31.5647
32.3241
32.6538
32.3788
31.6176
30.4364
28.8789
27.0385
24.9608
22.725
20.3913
18.0341
15.7145
13.4673
11.2877
9.12259
6.88396
4.45983
1.73517
-1.38706
-4.96617
-9.01751
-13.5093
-18.3691
-23.4684
-28.6358
-33.6944
-38.5097
-42.9758
-46.9562
-50.2655
-52.7085
-54.1271
-54.4318
-53.5936
-51.5925
-48.4659
-44.3256
-39.358
-33.8102
-27.9597
-22.0791
-16.4014
-11.0981
-6.28754
-2.05546
1.54555
4.49606
6.79606
8.44503
9.43739
9.76305
9.43884
8.57979
7.47668
6.72952
7.22463
9.77036
14.7799
22.0321
29.968
37.6659
44.3166
49.6588
53.7658
56.8675
59.2134
61.0058
62.3867
63.4511
64.262
64.8639
65.2918
65.5779
65.7552
65.856
65.8977
65.8743
65.7771
65.6175
65.4207
65.2068
64.9776
64.7166
64.4021
64.0214
63.5758
63.0775
62.5448
61.9982
61.4543
60.9217
60.4064
59.9097
59.4298
58.9623
58.5043
58.0568
57.6228
57.2029
56.7946
56.3935
55.9953
55.5989
55.2059
54.8184
54.4355
54.0541
53.6729
53.2923
52.9131
52.5347
52.1557
51.7751
51.3926
51.0086
50.6232
50.2366
49.8486
49.459
49.0679
48.676
48.2836
47.8903
47.4956
47.099
46.7002
46.2992
45.896
45.4905
45.0827
44.6726
44.2598
43.8444
43.4262
43.0053
42.5815
42.1543
41.7227
41.2851
40.8392
40.382
39.9097
39.4172
38.8982
36.6567
36.3278
35.7553
34.964
34.0115
32.9295
31.7271
30.3955
28.9235
27.3107
25.5762
23.7657
21.9492
20.2123
18.6438
17.3249
16.3148
15.6244
15.2616
15.2061
15.412
15.821
16.3689
16.9956
17.6589
18.3499
19.0969
19.964
21.0274
22.3329
23.866
25.5294
27.1587
28.5941
29.7809
30.7844
31.6216
32.0583
31.9422
31.3557
30.3557
28.9934
27.3325
25.412
23.2946
21.0312
18.6949
16.3489
14.039
11.7865
9.56541
7.31364
4.93504
2.31005
-0.680798
-4.131
-8.0848
-12.5289
-17.3917
-22.5492
-27.8379
-33.0804
-38.1131
-42.7998
-46.9893
-50.4768
-53.1119
-54.7321
-55.2308
-54.5644
-52.7092
-49.6976
-45.6295
-40.6865
-35.113
-29.1888
-23.1953
-17.3782
-11.9166
-6.92588
-2.49164
1.30922
4.41126
6.77774
8.38369
9.18465
9.10831
8.11049
6.23451
3.80524
1.61905
0.932286
2.86085
7.91961
16.7534
25.5695
34.1634
41.506
47.3324
51.7713
55.1097
57.6321
59.5661
61.0675
62.2355
63.1352
63.8119
64.3
64.6315
64.8404
64.9593
65.0116
65.0087
64.9539
64.8495
64.7056
64.5374
64.3535
64.1447
63.8884
63.566
63.1739
62.7236
62.2339
61.7246
61.212
60.7029
60.2086
59.7315
59.2703
58.8211
58.3809
57.9499
57.5297
57.1213
56.7227
56.3301
55.9397
55.5498
55.1614
54.7766
54.3961
54.0181
53.6405
53.2631
52.8864
52.5105
52.1343
51.7563
51.3763
50.9944
50.611
50.2261
49.8396
49.4512
49.061
48.6698
48.2783
47.8861
47.4922
47.0961
46.6976
46.2967
45.8934
45.4875
45.0791
44.6681
44.2544
43.8377
43.4178
42.9947
42.5682
42.1377
41.7021
41.2598
40.8084
40.3451
39.8662
39.3673
38.8428
40.6774
40.3182
39.6893
38.8196
37.7749
36.6076
35.3459
33.9942
32.5459
30.9955
29.3479
27.6258
25.8722
24.1498
22.5349
21.1018
19.9087
18.9841
18.3391
17.9665
17.8422
17.9301
18.1876
18.5778
19.0793
19.6949
20.449
21.3709
22.4746
23.7423
25.1117
26.4939
27.8069
29.0188
30.1659
31.2905
32.2405
32.7224
32.6485
32.1305
31.2231
29.9753
28.4293
26.6201
24.595
22.3902
20.0726
17.6994
15.3139
12.9469
10.597
8.23248
5.79079
3.17634
0.279298
-3.00443
-6.74793
-10.9703
-15.6286
-20.6305
-25.8328
-31.0631
-36.1435
-40.9039
-45.1739
-48.771
-51.5287
-53.2968
-53.9707
-53.4959
-51.8475
-49.0543
-45.2098
-40.4861
-35.1209
-29.3836
-23.5489
-17.8626
-12.4985
-7.5574
-3.11214
0.748501
3.9366
6.37857
8.00181
8.71911
8.43659
7.06132
4.6238
1.50929
-1.34067
-2.50675
-0.64728
4.83463
13.4288
22.8084
31.5841
39.0204
44.945
49.5303
53.0543
55.7715
57.8878
59.5527
60.8644
61.8874
62.6682
63.2444
63.6495
63.9154
64.0738
64.1528
64.1709
64.1372
64.0616
63.9572
63.8334
63.6936
63.5318
63.3296
63.065
62.7279
62.3264
61.8802
61.4108
60.9376
60.4565
59.9896
59.5369
59.0979
58.6694
58.2486
57.8353
57.4305
57.0341
56.6447
56.2597
55.8765
55.4935
55.1109
54.7305
54.3538
53.9797
53.606
53.232
52.8581
52.4849
52.1115
51.7366
51.3594
50.9799
50.5985
50.2153
49.8302
49.443
49.0537
48.6633
48.2725
47.8812
47.4882
47.0926
46.6944
46.2936
45.8903
45.4842
45.0753
44.6636
44.2489
43.8311
43.4097
42.9846
42.5555
42.1218
41.6824
41.2357
40.7793
40.3105
39.8259
39.3214
38.7924
45.7486
45.3439
44.6197
43.6085
42.3821
41.0078
39.5385
38.006
36.4201
34.7796
33.0827
31.3359
29.5628
27.8108
26.1416
24.6058
23.2375
22.0788
21.1642
20.5097
20.1128
19.957
20.0186
20.2754
20.7116
21.3211
22.1018
23.0442
24.1216
25.292
26.5154
27.7667
29.0451
30.3622
31.7152
32.9927
33.9188
34.3
34.1637
33.639
32.7624
31.5751
30.1006
28.3663
26.4114
24.2594
21.964
19.5721
17.1255
14.6531
12.1649
9.64984
7.07249
4.37321
1.47687
-1.69743
-5.22097
-9.13486
-13.4331
-18.0642
-22.9306
-27.891
-32.7757
-37.404
-41.5946
-45.1709
-47.9706
-49.8513
-50.7282
-50.4408
-49.0561
-46.5863
-43.1208
-38.8162
-33.8891
-28.5851
-23.1519
-17.825
-12.7828
-8.11804
-3.86924
-0.108413
3.04467
5.48746
7.15079
7.95448
7.79354
6.59322
4.40758
1.65638
-0.738288
-1.45665
0.662732
6.06747
13.9022
22.3457
30.1909
36.9772
42.616
47.1882
50.8467
53.7574
56.0712
57.9127
59.3764
60.5305
61.4244
62.0977
62.5866
62.9269
63.1524
63.2902
63.3556
63.3571
63.3065
63.2221
63.1211
63.0109
62.8864
62.7306
62.52
62.2391
61.8902
61.4905
61.0613
60.6173
60.1833
59.7508
59.3273
58.914
58.5087
58.1089
57.7143
57.3252
56.9412
56.561
56.1832
55.8066
55.4308
55.0554
54.6813
54.3096
53.9398
53.5702
53.1996
52.8286
52.4581
52.0876
51.7159
51.3418
50.9649
50.5855
50.204
49.8203
49.4344
49.0463
48.6568
48.2666
47.8758
47.4835
47.0884
46.6905
46.29
45.8869
45.4807
45.0714
44.659
44.2435
43.8246
43.4018
42.9749
42.5434
42.1067
41.6638
41.2129
40.752
40.2783
39.7886
39.2794
38.7465
51.8039
51.3739
50.5874
49.4694
48.0737
46.4654
44.7138
42.8698
40.9661
39.0207
37.0442
35.0473
33.0479
31.0769
29.1726
27.3912
25.7949
24.4202
23.2913
22.4248
21.8286
21.502
21.4376
21.6228
22.0431
22.6824
23.5228
24.5424
25.7154
27.013
28.4076
29.8796
31.4169
32.9868
34.4651
35.6323
36.3021
36.447
36.1871
35.6113
34.7379
33.5916
32.1785
30.5128
28.6159
26.5111
24.2315
21.8185
19.3126
16.7444
14.1311
11.4737
8.75535
5.94189
2.98822
-0.154897
-3.53368
-7.18169
-11.1077
-15.2869
-19.6576
-24.1217
-28.5498
-32.7893
-36.6751
-40.0419
-42.7337
-44.6097
-45.5649
-45.5718
-44.5399
-42.5042
-39.559
-35.8465
-31.5582
-26.912
-22.1121
-17.3423
-12.7625
-8.48813
-4.58442
-1.08985
1.91787
4.31406
6.01113
6.97525
7.17562
6.58259
5.29364
3.68994
2.51326
2.75889
5.22959
10.1315
16.5899
23.316
29.6011
35.2996
40.4001
44.8491
48.6083
51.707
54.2215
56.2408
57.8493
59.1198
60.1108
60.8694
61.4354
61.846
62.1368
62.3394
62.4735
62.5407
62.5392
62.4849
62.404
62.3128
62.2127
62.0924
61.9298
61.7039
61.4107
61.0639
60.6831
60.2859
59.8888
59.4928
59.102
58.7172
58.3369
57.9596
57.5852
57.2133
56.8425
56.472
56.1015
55.7315
55.3626
54.9951
54.6285
54.263
53.8983
53.533
53.1661
52.7981
52.4303
52.0627
51.6941
51.3229
50.9486
50.5714
50.1917
49.8097
49.4254
49.0389
48.6504
48.2608
47.8703
47.4783
47.0836
46.6861
46.2859
45.883
45.4769
45.0673
44.6543
44.238
43.8182
43.3942
42.9656
42.5319
42.0925
41.6463
41.1917
40.7266
40.2485
39.7544
39.2411
38.7049
58.0083
57.5967
56.8288
55.7258
54.3194
52.6447
50.7467
48.6765
46.4823
44.2013
41.8617
39.4898
37.1146
34.7633
32.4909
30.3432
28.3675
26.6207
25.1513
23.9961
23.1804
22.7185
22.613
22.8547
23.4241
24.2935
25.4281
26.7863
28.3225
29.9906
31.7446
33.5232
35.2329
36.7402
37.8931
38.5869
38.8133
38.669
38.2623
37.6306
36.7759
35.6943
34.3656
32.7887
30.9612
28.8974
26.6279
24.1915
21.6282
18.9732
16.2511
13.4729
10.6355
7.72244
4.70809
1.56386
-1.73637
-5.20983
-8.85876
-12.665
-16.5853
-20.5485
-24.457
-28.1937
-31.6284
-34.626
-37.0582
-38.8128
-39.8118
-40.0104
-39.3153
-37.7419
-35.3682
-32.3122
-28.7264
-24.7855
-20.659
-16.5057
-12.4676
-8.6387
-5.08099
-1.87388
0.896417
3.16532
4.88147
6.019
6.59984
6.68874
6.41379
6.05261
6.08383
7.13435
9.68729
13.793
18.8417
24.1049
29.2391
34.1716
38.8229
43.0589
46.7717
49.9258
52.5437
54.679
56.3975
57.7631
58.8324
59.6561
60.2803
60.746
61.0877
61.3358
61.5159
61.6409
61.7082
61.7157
61.6793
61.6185
61.5413
61.4465
61.3227
61.1476
60.9091
60.6163
60.2883
59.9408
59.5852
59.227
58.8701
58.5145
58.1587
57.803
57.4489
57.0954
56.7396
56.3802
56.018
55.6549
55.2929
54.9326
54.5736
54.215
53.8558
53.4951
53.1322
52.7676
52.4026
52.0376
51.6717
51.3033
50.9316
50.5566
50.1787
49.7985
49.416
49.0312
48.6441
48.2551
47.8646
47.4726
47.0782
46.6811
46.2814
45.8789
45.473
45.0633
44.6498
44.2327
43.8118
43.3866
42.9565
42.5209
42.0791
41.63
41.172
40.7032
40.2211
39.7232
39.2064
38.6673
63.2875
62.8834
62.1404
61.0978
59.7756
58.1839
56.3365
54.2591
51.9812
49.5319
46.9441
44.2547
41.5385
38.8134
36.1078
33.4897
31.0348
28.8243
26.9377
25.4467
24.4077
23.8566
23.8079
24.2532
25.1607
26.474
28.1154
29.994
32.0112
34.0632
36.0393
37.8194
39.2792
40.3146
40.8803
41.0124
40.8206
40.4317
39.9117
39.2662
38.4778
37.5087
36.3086
34.8469
33.1083
31.0981
28.8453
26.3912
23.7803
21.0538
18.2436
15.3701
12.4407
9.45171
6.39138
3.2446
-0.00220666
-3.35613
-6.81293
-10.3538
-13.9425
-17.5231
-21.0209
-24.3456
-27.3954
-30.0638
-32.2486
-33.8593
-34.8271
-35.113
-34.6427
-33.4264
-31.5195
-29.0104
-26.0187
-22.6854
-19.1506
-15.5385
-11.9651
-8.53479
-5.32036
-2.37659
0.216747
2.37478
4.06619
5.31461
6.16054
6.67447
6.9957
7.34982
8.05129
9.47946
11.9251
15.4003
19.5683
24.0831
28.7593
33.4288
37.8848
41.9614
45.561
48.6483
51.2382
53.3747
55.1144
56.5161
57.6319
58.5062
59.1801
59.6939
60.0823
60.3716
60.585
60.7425
60.8529
60.9182
60.9443
60.9372
60.8983
60.831
60.7378
60.6063
60.4189
60.1778
59.9002
59.6011
59.2889
58.9689
58.645
58.3171
57.9841
57.6477
57.3113
56.975
56.6346
56.2877
55.9353
55.5804
55.2254
54.8718
54.5195
54.1673
53.8139
53.4579
53.0991
52.7379
52.3758
52.0132
51.6498
51.2841
50.9149
50.5421
50.166
49.7872
49.4062
49.0231
48.6376
48.2494
47.8588
47.4665
47.0722
46.6757
46.2767
45.8747
45.469
45.0593
44.6455
44.2277
43.8058
43.3792
42.9476
42.5104
42.0665
41.6149
41.154
40.6819
40.1964
39.6951
39.1752
38.6338
67.494
67.1104
66.4002
65.4145
64.1773
62.6974
60.9725
58.9987
56.779
54.3253
51.6626
48.8089
45.7563
42.5753
39.3431
36.1514
33.1079
30.3347
27.9581
26.0949
24.8404
24.2601
24.3831
25.1921
26.6163
28.5358
30.7978
33.2371
35.6848
37.9734
39.9487
41.4851
42.5019
42.9838
42.9949
42.667
42.1568
41.5837
40.9993
40.398
39.7328
38.9312
37.9072
36.5983
34.9727
33.0311
30.8045
28.3416
25.6953
22.9144
20.0384
17.0954
14.1012
11.0612
7.97322
4.83161
1.63133
-1.62819
-4.93906
-8.28232
-11.6259
-14.9232
-18.1135
-21.1243
-23.8749
-26.2811
-28.2612
-29.7425
-30.6686
-30.9916
-30.6755
-29.7221
-28.1705
-26.0885
-23.5689
-20.7218
-17.6596
-14.4906
-11.3187
-8.2323
-5.3045
-2.60246
-0.184871
1.89635
3.60808
4.96072
6.0018
6.80737
7.49781
8.24938
9.28703
10.8602
13.1679
16.2371
19.9074
24.0163
28.4208
32.892
37.1835
41.1345
44.6476
47.6695
50.2037
52.2965
54.0067
55.3922
56.5058
57.3946
58.0973
58.6484
59.0803
59.4174
59.6758
59.8719
60.0196
60.1279
60.206
60.2561
60.2689
60.2402
60.1782
60.0844
59.9443
59.7526
59.5227
59.2694
59.0002
58.7184
58.4267
58.1257
57.8149
57.4966
57.1758
56.8543
56.5284
56.1944
55.8531
55.5074
55.1601
54.8129
54.4665
54.1202
53.7722
53.421
53.0663
52.7087
52.3496
51.9896
51.6285
51.2653
50.8987
50.5281
50.1536
49.7759
49.396
49.0143
48.6303
48.243
47.8526
47.4598
47.0655
46.6697
46.2716
45.8703
45.465
45.0553
44.6413
44.223
43.8001
43.3722
42.9392
42.5004
42.0549
41.6012
41.1378
40.6628
40.1744
39.6701
39.1476
38.604
70.4267
70.1484
69.599
68.7926
67.7284
66.4032
64.8074
62.9248
60.7496
58.2759
55.5028
52.4482
49.124
45.5691
41.8552
38.0876
34.4049
30.9766
27.99
25.6305
24.06
23.3919
23.6713
24.8618
26.8481
29.4449
32.4064
35.4568
38.3346
40.8216
42.7541
44.0356
44.6511
44.6737
44.2501
43.5654
42.7977
42.0761
41.4615
40.9533
40.48
39.9195
39.1365
38.0273
36.5411
34.6792
32.4823
30.013
27.3383
24.5178
21.5982
18.6128
15.5826
12.5189
9.42572
6.30353
3.15287
-0.0225384
-3.21267
-6.39881
-9.5519
-12.6319
-15.5878
-18.3598
-20.882
-23.0859
-24.905
-26.2795
-27.1588
-27.5072
-27.3051
-26.5496
-25.2678
-23.5135
-21.3589
-18.8933
-16.2127
-13.407
-10.5657
-7.77477
-5.10019
-2.59483
-0.317511
1.68233
3.39385
4.84051
6.06029
7.11154
8.09505
9.15011
10.435
12.1201
14.3532
17.176
20.5161
24.2931
28.3894
32.5797
36.6438
40.4467
43.8775
46.8415
49.3163
51.3493
53.0096
54.3601
55.4532
56.3345
57.0438
57.6126
58.0699
58.4415
58.7446
58.9917
59.1916
59.3508
59.4793
59.5831
59.6506
59.6685
59.6429
59.584
59.4867
59.3422
59.1579
58.9474
58.7189
58.4742
58.2142
57.9396
57.6509
57.3509
57.045
56.7366
56.4237
56.1023
55.7721
55.436
55.0966
54.7557
54.4149
54.074
53.7311
53.3845
53.0338
52.6798
52.3238
51.9664
51.6077
51.2468
50.8826
50.5142
50.1412
49.7645
49.3854
49.0048
48.6221
48.2359
47.8458
47.4529
47.0586
46.6633
46.2662
45.8658
45.4608
45.0513
44.6372
44.2186
43.7949
43.3658
42.9314
42.4913
42.0444
41.5889
41.1233
40.6459
40.1549
39.6481
39.1233
38.578
72.2083
72.0563
71.7241
71.1744
70.3719
69.261
67.8339
66.096
64.0268
61.5916
58.7577
55.5183
51.8877
47.8981
43.6142
39.15
34.6774
30.4297
26.687
23.7338
21.8032
21.0414
21.4985
23.1236
25.7617
29.1386
32.8715
36.5608
39.8793
42.5888
44.5249
45.6255
45.9436
45.6249
44.8634
43.871
42.8544
41.9824
41.3438
40.9599
40.7328
40.4792
39.993
39.1163
37.7808
36.0025
33.8409
31.3772
28.6918
25.853
22.9135
19.9118
16.873
13.8121
10.7366
7.65081
4.55852
1.46617
-1.61494
-4.66662
-7.66248
-10.5674
-13.3377
-15.9227
-18.2672
-20.3138
-22.0069
-23.2967
-24.1404
-24.5102
-24.3937
-23.7893
-22.7159
-21.2164
-19.3493
-17.1883
-14.8159
-12.3102
-9.74562
-7.19912
-4.73733
-2.40439
-0.240457
1.70706
3.41705
4.91556
6.24891
7.47565
8.68585
9.98931
11.4946
13.3148
15.5523
18.243
21.3502
24.8268
28.5868
32.4577
36.2706
39.9083
43.2387
46.1299
48.5344
50.4951
52.0874
53.3823
54.438
55.3008
56.0081
56.5881
57.0638
57.4585
57.792
58.0801
58.3345
58.557
58.748
58.9113
59.0379
59.1094
59.1263
59.1036
59.0456
58.9458
58.8055
58.6359
58.4454
58.2359
58.0066
57.7576
57.4908
57.2096
56.9189
56.6231
56.3218
56.012
55.6928
55.3662
55.0347
54.7003
54.3649
54.0288
53.6906
53.3484
53.0017
52.6513
52.2983
51.9436
51.5872
51.2286
50.8667
50.5003
50.1288
49.7531
49.3747
48.9949
48.6133
48.2284
47.8389
47.4461
47.0518
46.6571
46.2609
45.8612
45.4567
45.0472
44.6332
44.2145
43.7902
43.3602
42.9245
42.4832
42.035
41.5781
41.1107
40.6312
40.138
39.6291
39.1024
38.5556
73.4456
73.3702
73.1686
72.7808
72.1406
71.251
70.0807
68.5693
66.6322
64.2157
61.2999
57.882
53.9565
49.5308
44.6589
39.4691
34.1766
29.0822
24.5447
20.9278
18.5393
17.5879
18.1616
20.2006
23.498
27.6852
32.2418
36.664
40.5378
43.5717
45.594
46.5985
46.71
46.1388
45.1017
43.8011
42.4988
41.4133
40.7004
40.4251
40.4751
40.5983
40.4754
39.8792
38.7176
37.0315
34.903
32.4436
29.7551
26.9164
23.9834
20.9943
17.9748
14.9415
11.9047
8.87129
5.84732
2.84075
-0.136425
-3.0666
-5.92549
-8.6818
-11.2977
-13.7294
-15.9299
-17.8506
-19.444
-20.6676
-21.4851
-21.874
-21.8243
-21.3376
-20.4288
-19.1321
-17.4961
-15.5818
-13.4612
-11.2031
-8.87001
-6.52779
-4.241
-2.05359
0.00493619
1.90237
3.6194
5.16837
6.58329
7.92021
9.2683
10.7291
12.3915
14.3354
16.623
19.2652
22.2255
25.4642
28.9192
32.4775
36.0321
39.4889
42.6985
45.4982
47.8207
49.7032
51.2225
52.4536
53.4597
54.2892
54.9786
55.5562
56.0432
56.4591
56.8216
57.1452
57.4452
57.7282
57.9895
58.2234
58.4176
58.5514
58.6192
58.6374
58.6187
58.5619
58.4646
58.3341
58.1794
58.0031
57.8032
57.5792
57.3338
57.0714
56.7964
56.5132
56.223
55.9241
55.6154
55.2981
54.9746
54.6467
54.3165
53.985
53.6511
53.3129
52.97
52.6232
52.2733
51.9212
51.5672
51.2108
50.851
50.4865
50.1164
49.7417
49.364
48.985
48.6045
48.2207
47.8323
47.4399
47.0457
46.6512
46.2557
45.8568
45.4527
45.0433
44.6293
44.2107
43.7863
43.3556
42.9189
42.4764
42.0271
41.5689
41.0999
40.6187
40.1236
39.613
39.0847
38.5368
74.2834
74.2255
74.089
73.8451
73.4271
72.7708
71.7875
70.4027
68.5533
66.186
63.2521
59.7086
55.5308
50.7167
45.3109
39.4383
33.3315
27.3358
21.89
17.4795
14.5447
13.3743
14.0769
16.554
20.5335
25.5699
31.0275
36.3269
40.8092
44.1509
46.238
47.1611
47.1124
46.328
45.0522
43.3912
41.7674
40.3538
39.4539
39.2371
39.5845
40.1629
40.4672
40.1976
39.2233
37.6619
35.6035
33.1897
30.5372
27.7304
24.8301
21.8782
18.902
15.9184
12.9385
9.97081
7.02316
4.10498
1.22882
-1.58829
-4.32385
-6.94963
-9.43204
-11.733
-13.8115
-15.6261
-17.1361
-18.3042
-19.1001
-19.5054
-19.5102
-19.1172
-18.3402
-17.2076
-15.7602
-14.049
-12.1361
-10.0841
-7.94755
-5.78122
-3.64352
-1.57859
0.386494
2.22923
3.94022
5.5308
7.02205
8.4529
9.89788
11.4508
13.1981
15.2141
17.5431
20.1676
23.0315
26.0928
29.3077
32.6061
35.9251
39.1911
42.2526
44.9354
47.1602
48.9556
50.3957
51.5584
52.5105
53.3015
53.9643
54.5249
55.0063
55.4307
55.8173
56.1782
56.5243
56.8642
57.1952
57.5055
57.7762
57.9821
58.1109
58.1775
58.2016
58.1883
58.1336
58.0415
57.9208
57.7757
57.6039
57.4041
57.1797
56.9357
56.6767
56.4064
56.1273
55.8387
55.54
55.2318
54.9161
54.5947
54.2698
53.9427
53.6126
53.2782
52.939
52.5955
52.2487
51.8993
51.5475
51.1932
50.8355
50.4726
50.104
49.7304
49.3536
48.9754
48.5959
48.2134
47.8263
47.4346
47.0406
46.6461
46.251
45.8527
45.4489
45.0396
44.6257
44.2073
43.7831
43.3521
42.9146
42.4711
42.0206
41.5613
41.091
40.6083
40.1118
39.5997
39.0702
38.5213
74.9861
74.9322
74.845
74.6876
74.3849
73.8483
73.0004
71.762
70.026
67.6958
64.7066
61.0218
56.6184
51.4787
45.6142
39.1203
32.2357
25.3678
19.0639
13.9374
10.5385
9.19549
10.0081
12.8214
17.2893
22.8261
29.0872
35.1918
40.38
44.16
46.4468
47.3941
47.2324
46.2753
44.7541
42.8485
40.8524
39.0812
37.9549
37.7746
38.3991
39.3545
40.0752
40.1179
39.3902
37.9279
35.9509
33.6114
31.0318
28.2981
25.4693
22.5863
19.6773
16.7616
13.8528
10.9611
8.09579
5.26731
2.48886
-0.222632
-2.84584
-5.35485
-7.71953
-9.90621
-11.8789
-13.6012
-15.0384
-16.1582
-16.9342
-17.3512
-17.4
-17.0827
-16.4125
-15.4143
-14.1231
-12.5818
-10.8437
-8.96595
-6.99778
-4.98561
-2.97929
-1.01992
0.865203
2.65647
4.35062
5.9635
7.51498
9.03211
10.5665
12.191
13.9855
16.0294
18.3695
20.9753
23.7694
26.6985
29.7289
32.8191
35.9341
39.0115
41.9041
44.4443
46.5536
48.252
49.6065
50.6944
51.5844
52.3269
52.9537
53.4886
53.9551
54.3774
54.7778
55.1711
55.5648
55.9634
56.364
56.7529
57.106
57.3923
57.593
57.7173
57.7901
57.8221
57.8109
57.7571
57.6694
57.5538
57.4089
57.2326
57.0287
56.8029
56.5597
56.3027
56.0348
55.7563
55.467
55.1675
54.8594
54.5444
54.2247
53.9018
53.5754
53.2444
52.9085
52.5684
52.2246
51.8778
51.5282
51.1759
50.82
50.4588
50.0916
49.7192
49.3436
48.9663
48.5878
48.2066
47.8209
47.4303
47.0366
46.6421
46.2471
45.8491
45.4457
45.0364
44.6226
44.2045
43.7807
43.3497
42.9116
42.4671
42.0155
41.5552
41.0839
40.6002
40.1024
39.5892
39.0587
38.5092
75.614
75.4827
75.4187
75.3518
75.192
74.789
74.0325
72.8321
71.1032
68.7642
65.7391
61.9615
57.38
51.96
45.7081
38.7091
31.2097
23.6727
16.7293
11.0619
7.25288
5.66993
6.46746
9.4658
14.121
20.1904
27.0277
33.8043
39.5521
43.6494
46.0943
47.0966
46.9783
46.0239
44.4506
42.4405
40.2475
38.2344
36.8993
36.6398
37.4214
38.6229
39.5515
39.7331
39.0901
37.7511
35.9132
33.7076
31.2599
28.6463
25.9258
23.1414
20.3232
17.4929
14.6667
11.8577
9.07766
6.33857
3.65433
1.04172
-1.47888
-3.88315
-6.14345
-8.22949
-10.1092
-11.7506
-13.1233
-14.1997
-14.9572
-15.3816
-15.4653
-15.2101
-14.6278
-13.741
-12.5805
-11.1831
-9.59437
-7.86552
-6.04202
-4.16437
-2.27461
-0.408862
1.40686
3.15346
4.82848
6.44997
8.04185
9.62879
11.2445
12.9359
14.7664
16.817
19.1456
21.7233
24.4592
27.2868
30.1747
33.0976
36.0344
38.9281
41.6409
44.0219
46.001
47.5924
48.8548
49.8632
50.6851
51.3682
51.9439
52.438
52.8783
53.2925
53.703
54.1246
54.5641
55.0228
55.4948
55.9646
56.4044
56.7772
57.0578
57.251
57.38
57.4609
57.4947
57.4801
57.4249
57.3378
57.2187
57.0654
56.8815
56.6735
56.446
56.2025
55.9457
55.6771
55.3967
55.1054
54.8044
54.4957
54.1811
53.8624
53.5394
53.2115
52.8788
52.5418
52.201
51.8567
51.5093
51.1588
50.8045
50.4449
50.0792
49.7083
49.334
48.9579
48.5804
48.2005
47.8162
47.4269
47.0338
46.6393
46.2441
45.8463
45.443
45.0339
44.6201
44.2023
43.7789
43.3481
42.9096
42.4642
42.0117
41.5506
41.0787
40.5941
40.0954
39.5815
39.0503
38.5003
76.2076
75.897
75.7791
75.8392
75.8008
75.506
74.7956
73.6271
71.92
69.5748
66.483
62.5897
57.8552
52.2303
45.7285
38.4143
30.5363
22.5793
15.2463
9.26517
5.20701
3.47643
4.2777
7.40058
12.1745
18.3809
25.3939
32.4336
38.4098
42.7406
45.3113
46.4201
46.4111
45.5838
44.123
42.1713
39.9421
37.816
36.3453
36.0148
36.7801
38.0174
38.9774
39.1922
38.5938
37.3289
35.5807
33.519
31.2351
28.7875
26.2177
23.565
20.8609
18.1314
15.3977
12.677
9.98372
7.33197
4.73705
2.21635
-0.210228
-2.51981
-4.6869
-6.68394
-8.48194
-10.0523
-11.3684
-12.4062
-13.1457
-13.5743
-13.6861
-13.4824
-12.9734
-12.1799
-11.1297
-9.85504
-8.39474
-6.79412
-5.09512
-3.33431
-1.54764
0.234318
1.98854
3.69656
5.35377
6.97646
8.59267
10.2309
11.9147
13.6675
15.5317
17.583
19.8896
22.4318
25.1134
27.8565
30.6293
33.4162
36.1997
38.9204
41.4515
43.6654
45.5046
46.9798
48.143
49.065
49.8103
50.4231
50.935
51.375
51.776
52.1718
52.5876
53.036
53.5213
54.0414
54.5869
55.1402
55.6702
56.1348
56.5042
56.7754
56.968
57.1025
57.1836
57.2094
57.1872
57.1279
57.0338
56.903
56.7389
56.5484
56.3365
56.1063
55.8607
55.6016
55.3295
55.0456
54.7514
54.4486
54.139
53.8243
53.5046
53.1797
52.8499
52.5158
52.1778
51.836
51.4907
51.142
50.7892
50.4311
50.0669
49.6977
49.3249
48.9501
48.5736
48.1948
47.812
47.4241
47.0318
46.6373
46.242
45.8442
45.4411
45.032
44.6183
44.2008
43.7778
43.3471
42.9083
42.4622
42.0091
41.5475
41.0751
40.5901
40.0909
39.5764
39.0448
38.4945
76.7288
76.2443
76.2907
76.5544
76.5575
76.2218
75.4568
74.2283
72.4851
70.0954
66.9572
62.9998
58.1679
52.4198
45.7715
38.3055
30.2729
22.1554
14.6564
8.53692
4.35274
2.49515
3.2164
6.29507
11.1533
17.2754
24.2704
31.3277
37.3371
41.684
44.2764
45.4756
45.6404
44.9982
43.7218
41.9258
39.7824
37.6641
36.1668
35.7835
36.4849
37.6307
38.4791
38.6055
37.9822
36.7734
35.1381
33.2105
31.0745
28.7879
26.38
23.8776
21.307
18.6935
16.0613
13.4326
10.8266
8.26028
5.75038
3.31482
0.973569
-1.25103
-3.33483
-5.25253
-6.97787
-8.48505
-9.75125
-10.7551
-11.4778
-11.9086
-12.0432
-11.8826
-11.4358
-10.7214
-9.76495
-8.5953
-7.24592
-5.75636
-4.16503
-2.50579
-0.81015
0.896384
2.59482
4.26855
5.91
7.53058
9.16004
10.8332
12.5706
14.3778
16.2755
18.3294
20.6128
23.116
25.7445
28.4141
31.0909
33.7639
36.4123
38.9708
41.3248
43.3708
45.0654
46.4182
47.4762
48.305
48.9627
49.491
49.9237
50.2972
50.6494
51.0171
51.43
51.9009
52.4311
53.0153
53.6388
54.2793
54.9038
55.4652
55.9308
56.2882
56.5519
56.7452
56.8764
56.9442
56.9558
56.9244
56.8549
56.7462
56.6016
56.4283
56.2316
56.0146
55.78
55.5297
55.2653
54.9882
54.7002
54.403
54.0982
53.7874
53.471
53.1489
52.8218
52.4904
52.155
51.8157
51.4724
51.1253
50.7741
50.4174
50.0549
49.6873
49.3162
48.9428
48.5674
48.1896
47.8081
47.4216
47.0303
46.6361
46.2404
45.8426
45.4397
45.0308
44.6172
44.1998
43.7771
43.3466
42.9076
42.461
42.0074
41.5456
41.0732
40.588
40.0886
39.5739
39.0421
38.4918
77.5765
76.2646
76.0657
76.6659
76.8707
76.6422
75.8336
74.6368
72.9248
70.47
67.2387
63.2101
58.327
52.5468
45.8819
38.4186
30.4082
22.3248
14.8369
8.68956
4.45964
2.54907
3.1943
6.18582
10.9249
16.8763
23.6875
30.5482
36.3849
40.6139
43.1903
44.4666
44.7784
44.3278
43.2518
41.6409
39.6383
37.6192
36.1788
35.8112
36.421
37.375
38.0172
38.0172
37.3699
36.2147
34.6895
32.887
30.8829
28.7368
26.4768
24.1217
21.6911
19.2055
16.6873
14.1596
11.6449
9.16455
6.73846
4.38607
2.12724
-0.0166029
-2.02247
-3.86661
-5.5248
-6.97324
-8.19188
-9.16233
-9.86797
-10.2988
-10.4516
-10.3281
-9.93592
-9.29145
-8.41828
-7.34263
-6.09351
-4.70494
-3.21162
-1.64509
-0.0335046
1.60194
3.24671
4.88736
6.51409
8.13192
9.76938
11.4671
13.2473
15.103
17.0356
19.098
21.3624
23.8264
26.4011
29.0007
31.5901
34.1586
36.6771
39.0734
41.2469
43.1188
44.6587
45.8771
46.8176
47.5389
48.0911
48.5139
48.8463
49.1329
49.4185
49.7429
50.1397
50.6263
51.2024
51.8591
52.5748
53.3154
54.0468
54.7185
55.2946
55.752
56.0996
56.3615
56.5496
56.6644
56.7136
56.7125
56.6691
56.5837
56.4596
56.3044
56.1237
55.9207
55.6973
55.456
55.199
54.9286
54.6468
54.3552
54.0554
53.7487
53.4357
53.1166
52.7922
52.4635
52.1309
51.7941
51.4529
51.1075
50.7577
50.4027
50.042
49.6763
49.307
48.9352
48.561
48.184
47.8037
47.4187
47.0287
46.6348
46.2391
45.8412
45.4386
45.0301
44.6166
44.1992
43.7767
43.3465
42.9074
42.4605
42.0067
41.545
41.0729
40.588
40.0887
39.5739
39.0422
38.4921
77.7208
76.8238
77.1922
77.7676
77.8086
77.0539
75.9631
74.7727
73.0799
70.5813
67.3509
63.3222
58.4178
52.6416
46.0407
38.7107
30.8851
23.006
15.6933
9.6617
5.51061
3.61941
4.15194
6.91333
11.3629
17.051
23.5443
30.0216
35.5135
39.523
42.054
43.4039
43.8528
43.5822
42.6972
41.2736
39.4597
37.6244
36.346
36.022
36.5002
37.2073
37.6086
37.4637
36.7855
35.6843
34.2624
32.5834
30.7069
28.6871
26.5591
24.3411
22.0496
19.7004
17.31
14.8982
12.4875
10.1013
7.76274
5.49415
3.31727
1.25379
-0.674508
-2.44579
-4.03822
-5.43088
-6.60459
-7.5422
-8.23145
-8.66245
-8.8319
-8.74243
-8.40115
-7.82218
-7.02704
-6.03994
-4.88608
-3.59418
-2.19482
-0.717101
0.813448
2.37917
3.96995
5.57646
7.1879
8.80271
10.4458
12.1614
13.9747
15.8719
17.8393
19.9164
22.1686
24.5956
27.1161
29.6471
32.153
34.6194
37.0059
39.2347
41.2219
42.9123
44.2862
45.3557
46.1616
46.7542
47.1748
47.4636
47.6675
47.8381
48.0264
48.2766
48.6299
49.1162
49.7392
50.4858
51.3248
52.1942
53.0579
53.8625
54.5701
55.1472
55.5961
55.9403
56.1949
56.3637
56.456
56.4893
56.4746
56.4143
56.3122
56.1761
56.0124
55.8238
55.6121
55.3797
55.13
54.8662
54.5906
54.3048
54.0102
53.7078
53.3985
53.0827
52.7612
52.4353
52.1054
51.7711
51.4321
51.0884
50.7402
50.387
50.0283
49.6647
49.2975
48.9274
48.5544
48.1782
47.7986
47.415
47.0264
46.6333
46.2376
45.8397
45.4376
45.0297
44.6164
44.199
43.7767
43.3468
42.9079
42.4611
42.0075
41.5463
41.075
40.5908
40.0919
39.5776
39.0464
38.4968
77.856
77.0961
76.9913
77.0901
77.0861
76.8839
76.4119
75.256
73.1545
70.4348
67.162
63.1594
58.3352
52.6953
46.2768
39.1939
31.6882
24.1744
17.2168
11.4648
7.47972
5.57462
5.90083
8.32901
12.4717
17.836
23.8559
29.7215
34.6864
38.3966
40.8625
42.2825
42.8588
42.7402
42.0286
40.8087
39.2426
37.692
36.6423
36.3619
36.662
37.0778
37.2263
36.9486
36.2517
35.2064
33.8801
32.3197
30.5666
28.6658
26.657
24.5632
22.4016
20.1874
17.9336
15.6537
13.3642
11.0868
8.84574
6.66614
4.57192
2.58633
0.731861
-0.970227
-2.49905
-3.83598
-4.96664
-5.87475
-6.54951
-6.98186
-7.16894
-7.11379
-6.82276
-6.30774
-5.58805
-4.68614
-3.62418
-2.42598
-1.11767
0.274308
1.72659
3.22409
4.76047
6.33094
7.92522
9.53632
11.1838
12.912
14.7484
16.6767
18.6749
20.7711
23.0183
25.4127
27.8807
30.3461
32.773
35.1392
37.3917
39.4522
41.2555
42.7652
43.9698
44.8833
45.5421
45.9865
46.2511
46.3786
46.4244
46.443
46.4882
46.6134
46.8757
47.3294
47.9952
48.8573
49.8679
50.928
51.9533
52.9211
53.7819
54.4961
55.0616
55.4996
55.8286
56.0567
56.1962
56.2667
56.2826
56.2481
56.1682
56.0513
55.9041
55.7295
55.5289
55.305
55.0622
54.8046
54.535
54.2549
53.9653
53.6674
53.3618
53.0493
52.7309
52.4077
52.0804
51.7485
51.4115
51.0695
50.7227
50.3712
50.0147
49.6534
49.2882
48.9198
48.5479
48.1723
47.7933
47.4108
47.0235
46.6313
46.2359
45.8382
45.4366
45.0293
44.6163
44.1991
43.7771
43.3477
42.9095
42.4631
42.0101
41.5498
41.0795
40.5964
40.0986
39.585
39.0546
38.5059
77.5942
76.8454
76.4702
76.3959
76.4089
76.2482
75.6367
74.4137
72.6155
70.1759
66.886
62.8069
58.0436
52.6017
46.494
39.826
32.8162
25.837
19.387
14.0347
10.2663
8.39171
8.58448
10.7243
14.4579
19.2492
24.5057
29.5634
33.9034
37.2812
39.6624
41.1274
41.8019
41.8127
41.2707
40.2825
39.0242
37.81
36.9913
36.7137
36.8057
36.9437
36.8783
36.5006
35.7979
34.8023
33.5538
32.0907
30.4538
28.6713
26.7795
24.8026
22.7617
20.6734
18.5507
16.4057
14.2512
12.1025
9.97882
7.90337
5.9013
3.99782
2.21674
0.57982
-0.892518
-2.17925
-3.26835
-4.15064
-4.81472
-5.25033
-5.45513
-5.43332
-5.19121
-4.73866
-4.09242
-3.27303
-2.30004
-1.19286
0.0268651
1.33569
2.71221
4.14302
5.62458
7.15622
8.72966
10.3349
11.9861
13.7235
15.5741
17.5224
19.5451
21.6614
23.9086
26.275
28.6944
31.0988
33.4506
35.7159
37.8315
39.7253
41.3503
42.6835
43.719
44.4711
44.9698
45.245
45.3274
45.2632
45.1107
44.9212
44.7473
44.6601
44.7478
45.1094
45.8062
46.8288
48.0755
49.4079
50.6864
51.8753
52.9228
53.7963
54.4953
55.0396
55.4512
55.7443
55.935
56.046
56.094
56.0861
56.0283
55.9302
55.799
55.6376
55.4473
55.2314
54.9953
54.7438
54.4801
54.2056
53.921
53.6274
53.3256
53.0165
52.7012
52.3809
52.056
51.7264
51.3914
51.0509
50.7055
50.3557
50.0014
49.6423
49.2791
48.9123
48.5416
48.1667
47.7882
47.4065
47.0203
46.6291
46.2342
45.8367
45.4357
45.029
44.6166
44.1997
43.7781
43.3495
42.9122
42.4668
42.0146
41.5556
41.0867
40.6052
40.1086
39.5964
39.067
38.5195
77.0039
76.2976
75.81
75.5656
75.3709
74.9612
74.1612
72.923
71.2302
68.9509
65.9375
62.1456
57.6122
52.4124
46.6633
40.5051
34.1366
27.8656
22.1048
17.3269
13.9431
12.2656
12.3238
13.9596
16.8938
20.8328
25.152
29.3933
33.186
36.2722
38.5445
40.0075
40.7417
40.8645
40.4973
39.7624
38.8266
37.9239
37.2774
36.9632
36.8669
36.7879
36.5646
36.112
35.4021
34.4438
33.2614
31.8835
30.3506
28.6763
26.9029
25.0458
23.1253
21.1595
19.1626
17.1469
15.1245
13.1096
11.1183
9.16911
7.28245
5.48046
3.78596
2.22153
0.807873
-0.432538
-1.48181
-2.34044
-2.99735
-3.44151
-3.66916
-3.68368
-3.49115
-3.10022
-2.52559
-1.78599
-0.898985
0.119489
1.25202
2.47862
3.78008
5.14428
6.56936
8.05774
9.60399
11.1982
12.8502
14.5933
16.4506
18.4091
20.4494
22.5835
24.8314
27.1727
29.5473
31.8952
34.1748
36.3385
38.3176
40.0514
41.5082
42.6731
43.5429
44.1299
44.4549
44.5397
44.4126
44.1188
43.7091
43.2237
42.7136
42.281
42.067
42.2382
42.9376
44.1783
45.7831
47.5146
49.1896
50.6935
51.9795
53.044
53.8972
54.5616
55.0645
55.428
55.6739
55.8281
55.9099
55.9289
55.8931
55.8132
55.6971
55.5478
55.367
55.1588
54.9293
54.6839
54.426
54.157
53.8775
53.5882
53.2902
52.9846
52.6724
52.3549
52.0325
51.7051
51.3721
51.0332
50.6892
50.3409
49.9886
49.6318
49.2704
48.9051
48.5357
48.1618
47.7839
47.4027
47.0175
46.6271
46.2327
45.8356
45.435
45.0291
44.6175
44.2011
43.7801
43.3526
42.9165
42.4723
42.0214
41.5638
41.0968
40.6171
40.1224
39.6118
39.0841
38.538
76.2439
75.5924
75.0369
74.6021
74.1541
73.5171
72.5805
71.2882
69.5738
67.3364
64.483
60.9662
56.7953
52.0252
46.7586
41.1513
35.4198
29.845
24.7668
20.5418
17.4933
15.825
15.5826
16.7311
19.1156
22.2798
25.8563
29.4899
32.8207
35.586
37.666
39.0489
39.7951
40.009
39.8075
39.3071
38.6404
37.965
37.4227
37.0674
36.8384
36.6128
36.2782
35.7651
35.0424
34.109
32.9826
31.6839
30.2329
28.6761
27.0162
25.2778
23.4788
21.6354
19.7621
17.8718
15.9772
14.0921
12.2315
10.4126
8.65342
6.97275
5.38928
3.92143
2.58945
1.4126
0.397586
-0.435812
-1.08002
-1.52911
-1.77915
-1.83137
-1.69029
-1.36312
-0.862055
-0.203245
0.597665
1.52702
2.57075
3.71249
4.9359
6.23042
7.59506
9.03365
10.5437
12.1181
13.7645
15.508
17.3657
19.3278
21.38
23.5273
25.7732
28.0897
30.4223
32.7172
34.9265
36.9901
38.8395
40.4276
41.7319
42.7404
43.4511
43.8699
44.0083
43.8825
43.5155
42.9415
42.1895
41.2816
40.2715
39.3091
38.6227
38.4737
39.1183
40.6075
42.7116
45.0815
47.3616
49.3235
50.933
52.2344
53.2673
54.067
54.6707
55.1102
55.415
55.6146
55.7313
55.7773
55.763
55.7004
55.5983
55.46
55.288
55.0873
54.8646
54.6254
54.3732
54.1096
53.835
53.55
53.2558
52.9536
52.6446
52.3299
52.01
51.6848
51.3537
51.0166
50.6741
50.3272
49.9767
49.6218
49.2621
48.8982
48.5302
48.1575
47.7805
47.4
47.0152
46.6255
46.2317
45.835
45.4351
45.03
44.6192
44.2036
43.7835
43.3571
42.9225
42.4799
42.0306
41.5747
41.1097
40.6322
40.1399
39.6315
39.1059
38.5617
75.4281
74.8023
74.1829
73.5885
72.9478
72.1517
71.11
69.7525
68.0104
65.8143
63.1008
59.8302
56.0052
51.6724
46.924
41.9045
36.809
31.881
27.397
23.6364
20.8572
19.2251
18.8662
19.7818
21.7002
24.2652
27.2084
30.2154
32.9866
35.3188
37.1137
38.35
39.064
39.3349
39.2579
38.9277
38.4431
37.9144
37.4408
37.0661
36.7571
36.4337
36.0168
35.4532
34.7175
33.8057
32.7282
31.5027
30.1479
28.6877
27.1372
25.5139
23.8331
22.1093
20.3562
18.587
16.8145
15.0527
13.3166
11.6226
9.98746
8.42786
6.96072
5.6016
4.36539
3.26096
2.30596
1.51289
0.891904
0.44823
0.184604
0.101398
0.196223
0.463309
0.892725
1.47142
2.18612
3.02498
3.97654
5.02828
6.16787
7.38721
8.68565
10.0669
11.5308
13.0749
14.7063
16.443
18.2962
20.2583
22.3188
24.4742
26.7144
29.0059
31.2989
33.5434
35.6853
37.6558
39.3914
40.8553
42.0274
42.8954
43.4555
43.7038
43.6441
43.2879
42.644
41.7215
40.5149
39.0224
37.3108
35.591
34.2206
33.6
34.1081
35.8708
38.637
41.916
45.0697
47.6963
49.7558
51.3602
52.6061
53.559
54.2732
54.794
55.1604
55.407
55.5591
55.6318
55.6384
55.5922
55.5029
55.3746
55.2107
55.0173
54.8014
54.5685
54.3221
54.0637
53.7937
53.5129
53.2225
52.9237
52.6179
52.3061
51.9885
51.6653
51.3363
51.0012
50.6604
50.3149
49.9658
49.6125
49.2543
48.8917
48.525
48.1538
47.778
47.398
47.0137
46.6246
46.2314
45.8352
45.4359
45.0317
44.6219
44.2073
43.7882
43.3631
42.9303
42.4895
42.042
41.588
41.1252
40.6504
40.1609
39.6554
39.1325
38.5905
74.5558
73.9211
73.2413
72.532
71.7577
70.8471
69.7245
68.3245
66.5915
64.4761
61.935
58.9417
55.5002
51.6512
47.4753
43.0961
38.6784
34.425
30.5619
27.3255
24.9201
23.4963
23.1009
23.6303
24.9141
26.8207
29.0747
31.3914
33.5541
35.415
36.8849
37.9288
38.5622
38.8378
38.8259
38.5995
38.2342
37.8086
37.3896
37.0083
36.6462
36.2527
35.7749
35.1757
34.4354
33.5485
32.5211
31.3662
30.098
28.7321
27.2836
25.7686
24.1997
22.5902
20.9531
19.3013
17.6476
16.0057
14.3899
12.8154
11.2982
9.85327
8.49563
7.2392
6.09454
5.07096
4.18222
3.43944
2.8515
2.4229
2.15591
2.05195
2.1099
2.32491
2.68897
3.19223
3.82414
4.57437
5.43334
6.39224
7.44351
8.58246
9.80891
11.1256
12.5348
14.0387
15.6452
17.3672
19.2111
21.171
23.237
25.3971
27.6302
29.8999
32.1582
34.3575
36.4391
38.3309
39.9762
41.3426
42.4065
43.153
43.5725
43.6498
43.384
42.777
41.8088
40.4502
38.6545
36.3899
33.7463
31.016
28.722
27.4624
27.7501
29.8186
33.4021
37.8427
42.1749
45.7368
48.42
50.4156
51.9156
53.0417
53.8768
54.484
54.9141
55.208
55.3948
55.4933
55.5198
55.4891
55.4115
55.2922
55.1359
54.9496
54.7404
54.5138
54.2729
54.0195
53.7541
53.4774
53.1906
52.8952
52.5925
52.2833
51.9681
51.6468
51.3198
50.9868
50.6479
50.304
49.956
49.6039
49.247
48.8856
48.5201
48.1504
47.7757
47.3964
47.0126
46.6242
46.2318
45.8363
45.4375
45.0342
44.6255
44.212
43.7941
43.3706
42.9397
42.5009
42.0554
41.6034
41.1431
40.6712
40.1851
39.6831
39.1636
38.6245
73.5949
72.9411
72.2192
71.4384
70.5775
69.588
68.4117
66.9971
65.3028
63.2941
60.9433
58.2372
55.1858
51.8274
48.2323
44.5026
40.7718
37.1998
33.9624
31.2363
29.1643
27.8415
27.2646
27.3773
28.1406
29.4433
31.0416
32.7138
34.3099
35.7198
36.8624
37.6968
38.2228
38.4712
38.4892
38.3291
38.0441
37.6878
37.3061
36.9214
36.5244
36.0833
35.5637
34.9409
34.2018
33.3421
32.3644
31.2761
30.0879
28.8126
27.4628
26.0496
24.5859
23.0835
21.5558
20.0158
18.4764
16.9509
15.4524
13.9951
12.5932
11.2597
10.0079
8.84903
7.79225
6.84685
6.0238
5.33167
4.77719
4.36522
4.09857
3.97886
4.00553
4.17448
4.47918
4.91224
5.46537
6.12965
6.8972
7.76279
8.72358
9.77837
10.9277
12.174
13.5216
14.977
16.5494
18.2487
20.0786
22.0336
24.1027
26.2662
28.4964
30.753
32.988
35.1541
37.1903
39.0254
40.6087
41.9058
42.8865
43.5322
43.8224
43.732
43.2569
42.3785
41.0298
39.1353
36.6025
33.3562
29.5129
25.4859
22.0062
19.935
19.9592
22.4033
26.9645
32.7831
38.5886
43.3841
46.8984
49.3947
51.2
52.5222
53.4876
54.1848
54.6792
55.0195
55.2395
55.3626
55.4079
55.3917
55.3249
55.2138
55.0646
54.885
54.6824
54.4617
54.2262
53.9774
53.7162
53.4434
53.1601
52.868
52.5683
52.2618
51.9488
51.6293
51.3041
50.9732
50.6363
50.2939
49.947
49.5959
49.2401
48.8798
48.5155
48.1469
47.7734
47.3949
47.0118
46.6243
46.2328
45.838
45.4399
45.0374
44.6298
44.2176
43.801
43.3792
42.9503
42.5137
42.0704
41.6206
41.1629
40.6943
40.2121
39.7143
39.1989
38.6635
72.6108
71.9347
71.1774
70.3445
69.4226
68.3795
67.1737
65.7675
64.1306
62.2398
60.0795
57.6467
54.9562
52.0436
48.9679
45.8116
42.679
39.6903
36.9733
34.6481
32.8119
31.526
30.8153
30.6781
31.0602
31.8478
32.8801
34.0136
35.1385
36.1621
37.0118
37.6465
38.0571
38.2576
38.2757
38.1452
37.9031
37.5864
37.2258
36.8363
36.4132
35.9383
35.3914
34.7568
34.0249
33.1911
32.2563
31.2262
30.1096
28.9165
27.6574
26.3427
24.9826
23.5869
22.1669
20.7362
19.3076
17.8947
16.5094
15.1642
13.8716
12.6447
11.4932
10.4264
9.45334
8.58227
7.8207
7.17617
6.65501
6.26115
5.99707
5.8647
5.86362
5.99004
6.23883
6.60467
7.08101
7.66027
8.33657
9.10811
9.97609
10.9424
12.0092
13.18
14.4613
15.8621
17.3926
19.0619
20.8727
22.8198
24.8903
27.0602
29.2968
31.5561
33.787
35.9411
37.9554
39.7611
41.3116
42.5662
43.4882
44.0534
44.2273
43.9781
43.2962
42.1259
40.3392
37.8113
34.3874
29.9261
24.5756
18.9231
13.9752
10.9209
10.6907
13.6614
19.3852
26.7848
34.3247
40.6346
45.1912
48.3041
50.4677
52.0074
53.1115
53.9016
54.46
54.8446
55.0953
55.241
55.3039
55.3013
55.2443
55.1407
54.9979
54.8246
54.628
54.4129
54.1822
53.9377
53.6803
53.4111
53.1313
52.8423
52.5455
52.2417
51.9307
51.613
51.2894
50.9603
50.6253
50.2844
49.9387
49.5885
49.2337
48.8744
48.511
48.1434
47.7709
47.3934
47.0113
46.6249
46.2345
45.8404
45.4427
45.041
44.6346
44.2238
43.8088
43.3887
42.9618
42.5275
42.0865
41.6392
41.1844
40.7195
40.2417
39.7488
39.2385
38.7075
71.6157
70.9134
70.1255
69.2557
68.2946
67.2208
66.0062
64.6248
63.0568
61.2892
59.3158
57.1397
54.7766
52.2571
49.6283
46.9537
44.311
41.788
39.4761
37.4621
35.8208
34.6068
33.8438
33.5226
33.5893
33.9667
34.5604
35.2743
36.0177
36.7117
37.2981
37.7422
38.0295
38.1615
38.1512
38.0202
37.7934
37.494
37.1404
36.7426
36.3009
35.8069
35.2486
34.6152
33.8983
33.0933
32.2001
31.2236
30.1723
29.0552
27.8809
26.658
25.3955
24.1025
22.7894
21.4684
20.1512
18.8481
17.5714
16.3332
15.1447
14.0164
12.9574
11.9761
11.0804
10.2772
9.57315
8.97455
8.48595
8.11024
7.85003
7.707
7.67998
7.76533
7.95919
8.25775
8.65589
9.14804
9.73129
10.4072
11.1799
12.0541
13.0341
14.1258
15.3371
16.6781
18.1597
19.7918
21.5775
23.5131
25.5856
27.7684
30.026
32.3098
34.5639
36.7358
38.7579
40.5639
42.1091
43.3456
44.2317
44.7351
44.8073
44.4141
43.532
42.0501
39.776
36.5331
32.0687
26.1464
18.9701
11.3658
4.695
0.521746
0.058721
3.74779
10.8701
20.0427
29.5154
37.5559
43.3327
47.1662
49.7368
51.5128
52.761
53.6435
54.2629
54.6872
54.9649
55.1306
55.2096
55.2192
55.1711
55.074
54.937
54.7693
54.5781
54.368
54.1416
53.9007
53.6466
53.3807
53.1042
52.8184
52.5243
52.2229
51.9141
51.5981
51.276
50.9483
50.6149
50.2756
49.9309
49.5816
49.2278
48.8695
48.5068
48.14
47.7684
47.3921
47.0112
46.626
46.2366
45.8431
45.4459
45.0449
44.6398
44.2307
43.8173
43.3989
42.974
42.542
42.1035
41.6591
41.2077
40.747
40.2743
39.7872
39.2826
38.757
70.6703
69.949
69.1428
68.2563
67.2833
66.2089
65.0138
63.6795
62.1921
60.544
58.7339
56.7679
54.6621
52.4431
50.1494
47.8312
45.5485
43.3682
41.3601
39.5905
38.1176
36.9815
36.19
35.7301
35.5826
35.6875
35.9787
36.3876
36.844
37.286
37.6658
37.9514
38.1256
38.184
38.1325
37.9833
37.7505
37.4479
37.0885
36.6805
36.2252
35.718
35.1516
34.5191
33.8154
33.0382
32.1872
31.2643
30.274
29.2241
28.1239
26.9824
25.8074
24.6072
23.3917
22.1702
20.9531
19.7508
18.5728
17.429
16.3304
15.2871
14.308
13.4021
12.5769
11.8383
11.1904
10.6372
10.1817
9.8259
9.57143
9.41915
9.36762
9.41389
9.55521
9.78889
10.1115
10.52
11.0148
11.5997
12.2809
13.0651
13.9594
14.9715
16.1103
17.3869
18.8131
20.4005
22.1552
24.0763
26.1528
28.3577
30.6536
32.987
35.2953
37.5181
39.5805
41.4176
42.9834
44.2252
45.0991
45.5609
45.5522
45.04
43.9731
42.1733
39.3952
35.4022
29.8051
22.2573
13.063
3.34379
-5.13655
-10.4208
-11.0516
-6.53286
2.11898
13.1575
24.6118
34.4194
41.4656
46.0599
49.0551
51.0677
52.454
53.4218
54.0949
54.553
54.853
55.0358
55.1287
55.1488
55.1078
55.0159
54.8836
54.7206
54.534
54.3282
54.1056
53.8677
53.6163
53.3531
53.0795
52.7965
52.5051
52.206
51.8993
51.5851
51.2642
50.9378
50.6056
50.2675
49.9239
49.5755
49.2226
48.8651
48.5031
48.1368
47.7662
47.391
47.0115
46.6276
46.2391
45.846
45.4492
45.0491
44.6454
44.2379
43.8263
43.4096
42.9867
42.557
42.1214
41.6805
41.2331
40.7773
40.3104
39.8298
39.3318
38.8125
69.7181
68.9845
68.1699
67.2803
66.3125
65.256
64.0971
62.8228
61.4238
59.8961
58.2407
56.465
54.5838
52.6203
50.6061
48.5819
46.5953
44.6985
42.944
41.3801
40.0475
38.9721
38.1746
37.6223
37.3215
37.2211
37.2773
37.4425
37.6639
37.8924
38.0896
38.229
38.2943
38.2777
38.1782
37.9997
37.75
37.4375
37.0699
36.6517
36.1845
35.6666
35.0951
34.4666
33.7784
33.0278
32.2139
31.3384
30.4057
29.4221
28.3943
27.33
26.2379
25.1271
24.0057
22.8818
21.7642
20.6607
19.5794
18.5287
17.5172
16.5537
15.6475
14.8083
14.0441
13.361
12.7631
12.2527
11.8302
11.4956
11.2488
11.0895
11.0158
11.0251
11.1159
11.2868
11.5357
11.8619
12.2679
12.7598
13.3457
14.0347
14.8363
15.7601
16.8168
18.0183
19.3781
20.9105
22.6262
24.5298
26.6137
28.8521
31.2062
33.6163
36.011
38.3177
40.4522
42.3491
43.9597
45.2292
46.1125
46.5519
46.4851
45.8774
44.634
42.509
39.2177
34.4438
27.6356
18.349
7.04184
-4.83886
-15.0929
-21.3761
-22.0324
-16.6276
-6.44152
6.46409
19.8756
31.3993
39.6832
45.0256
48.4351
50.6734
52.1886
53.2346
53.9553
54.4417
54.7599
54.9569
55.0613
55.0896
55.0539
54.9658
54.8371
54.678
54.4955
54.2934
54.0738
53.8385
53.5894
53.3283
53.0572
52.7768
52.4877
52.1908
51.8861
51.5737
51.2541
50.9286
50.5974
50.2604
49.9178
49.5704
49.2183
48.8615
48.5001
48.1343
47.7645
47.3906
47.0125
46.6298
46.2419
45.8493
45.453
45.0538
44.6516
44.2458
43.8359
43.421
43
42.5729
42.1407
41.7039
41.2613
40.8112
40.3508
39.8776
39.3871
38.875
68.6358
67.9014
67.0917
66.2146
65.2688
64.2472
63.1408
61.9414
60.6441
59.2479
57.7558
56.1753
54.5196
52.8077
51.0651
49.3228
47.6164
45.9842
44.463
43.0863
41.8821
40.8674
40.0542
39.4572
39.037
38.7672
38.6229
38.5722
38.5776
38.6044
38.6251
38.6189
38.5697
38.4665
38.3037
38.0806
37.8002
37.4664
37.0831
36.6534
36.1788
35.6592
35.0929
34.4775
33.8107
33.0911
32.3176
31.4911
30.615
29.6954
28.7396
27.7554
26.7501
25.7308
24.7048
23.6801
22.6642
21.6634
20.6845
19.7338
18.8177
17.9447
17.1236
16.3628
15.6687
15.046
14.4972
14.0234
13.6249
13.3023
13.0554
12.8827
12.7817
12.7502
12.7868
12.8897
13.0576
13.2915
13.5958
13.9789
14.4518
15.0267
15.7159
16.5315
17.4856
18.5914
19.8643
21.3233
22.9862
24.8667
26.9645
29.2567
31.7027
34.2331
36.7631
39.2021
41.4525
43.4463
45.1321
46.4561
47.3721
47.8122
47.7171
47.0399
45.6253
43.1712
39.3603
33.7614
25.6482
14.5219
1.06219
-12.9545
-24.8768
-31.9606
-32.437
-26.088
-14.4
0.314126
15.562
28.6495
38.0615
44.0954
47.8903
50.3375
51.971
53.0861
53.8455
54.3531
54.6848
54.8926
55.0058
55.0399
55.0075
54.9218
54.7959
54.6402
54.4612
54.2625
54.0457
53.8126
53.5652
53.306
53.0368
52.7587
52.4718
52.1769
51.8741
51.5634
51.2453
50.9207
50.5903
50.2542
49.9126
49.566
49.2147
48.8586
48.4977
48.1325
47.7635
47.3908
47.014
46.6323
46.2451
45.853
45.4573
45.0592
44.6584
44.2543
43.8461
43.4329
43.0141
42.59
42.1617
41.7296
41.2925
40.8486
40.3956
39.9308
39.4488
38.9451
67.4138
66.6811
65.8886
65.0415
64.1378
63.1728
62.1414
61.0395
59.865
58.6185
57.3037
55.9272
54.4994
53.0349
51.5525
50.0744
48.6253
47.2311
45.9168
44.707
43.6204
42.6674
41.8616
41.2085
40.6893
40.2842
39.9777
39.7504
39.5774
39.4341
39.2989
39.1538
38.9841
38.7803
38.5379
38.2553
37.9323
37.5686
37.1647
36.7216
36.2397
35.7185
35.1574
34.5551
33.9101
33.2212
32.4885
31.714
30.9012
30.054
29.177
28.2761
27.3578
26.4292
25.498
24.5717
23.6571
22.7603
21.8865
21.0408
20.2286
19.4565
18.7308
18.057
17.4392
16.8809
16.3838
15.9492
15.5774
15.2684
15.0209
14.8326
14.7006
14.622
14.5944
14.6162
14.6871
14.81
14.9919
15.2439
15.5801
16.0167
16.5693
17.2515
18.0757
19.0559
20.2114
21.5691
23.1583
25.0075
27.1289
29.5064
32.0955
34.8112
37.547
40.1856
42.6094
44.7453
46.5407
47.9468
48.92
49.3922
49.3101
48.6032
47.0539
44.3288
40.073
33.7026
24.3348
11.4747
-3.91664
-19.7327
-32.9671
-40.5707
-40.7709
-33.5576
-20.6086
-4.35348
12.3687
26.6157
36.8452
43.396
47.4879
50.0975
51.8212
52.9857
53.7702
54.2906
54.631
54.8461
54.9647
55.0015
54.9699
54.8852
54.7612
54.6082
54.4323
54.2364
54.022
53.7908
53.5448
53.2868
53.0191
52.7427
52.4576
52.1643
51.8632
51.5543
51.2376
50.9138
50.5841
50.2489
49.9083
49.5626
49.2119
48.8563
48.496
48.1315
47.7634
47.3918
47.0162
46.6353
46.2487
45.8572
45.4624
45.0653
44.6658
44.2631
43.8565
43.4453
43.029
42.6082
42.1841
41.7571
41.3259
40.8889
40.4442
39.989
39.5173
39.0237
66.1588
65.4565
64.6998
63.8965
63.0476
62.1507
61.2038
60.2051
59.1542
58.0526
56.9039
55.7134
54.489
53.2406
51.9811
50.7256
49.4915
48.2974
47.1615
46.1004
45.1275
44.252
43.4742
42.7962
42.2099
41.7074
41.2786
40.9099
40.5853
40.2888
40.0067
39.7281
39.4448
39.1498
38.8367
38.5
38.1356
37.7415
37.3172
36.8627
36.3777
35.8617
35.3133
34.7307
34.1126
33.4594
32.7724
32.0536
31.3058
30.5325
29.7375
28.924
28.096
27.259
26.4205
25.5884
24.7701
23.9714
23.1968
22.4503
21.7358
21.0576
20.4201
19.8277
19.2841
18.7923
18.354
17.9695
17.6373
17.3551
17.119
16.9245
16.7667
16.6415
16.5457
16.4771
16.4363
16.428
16.4623
16.5544
16.7228
16.9881
17.3695
17.8816
18.5345
19.3411
20.3271
21.5349
23.0153
24.8198
26.9799
29.4894
32.2973
35.2922
38.3315
41.2575
43.925
46.2539
48.1927
49.704
50.7561
51.2958
51.2712
50.5807
48.9771
46.1327
41.6446
34.7744
24.5363
10.47
-6.22144
-23.1025
-36.9484
-44.6887
-44.6839
-36.9075
-23.3036
-6.22888
11.1918
25.843
36.3388
43.0861
47.3046
49.99
51.7587
52.9464
53.74
54.2634
54.6057
54.8225
54.941
54.9761
54.9426
54.8571
54.7338
54.5827
54.4092
54.2156
54.0032
53.7735
53.5288
53.2718
53.0051
52.7299
52.4461
52.154
51.8542
51.5466
51.2311
50.9082
50.5792
50.2448
49.905
49.56
49.2097
48.8546
48.4948
48.1311
47.764
47.3935
47.0187
46.6384
46.2526
45.862
45.4682
45.0721
44.6735
44.2718
43.8667
43.4576
43.0441
42.6267
42.2069
41.7847
41.3594
40.9295
40.4937
40.049
39.5894
39.1075
64.7717
64.1101
63.4075
62.6698
61.8959
61.0834
60.2317
59.3411
58.413
57.4498
56.4551
55.4339
54.3926
53.339
52.2821
51.2318
50.1984
49.192
48.223
47.3013
46.4334
45.6285
44.8627
44.1684
43.5371
42.9644
42.4458
41.973
41.5371
41.1303
40.745
40.3729
40.0051
39.6335
39.2523
38.8578
38.448
38.0214
37.5763
37.1111
36.6241
36.1135
35.5779
35.0164
34.4291
33.8166
33.1802
32.522
31.8445
31.1491
30.4367
29.7085
28.9675
28.219
27.47
26.7281
26.0003
25.2926
24.6103
23.9584
23.3408
22.7609
22.221
21.7231
21.2687
20.8591
20.4939
20.1709
19.886
19.6334
19.4065
19.1991
19.0052
18.8201
18.6396
18.461
18.2844
18.1151
17.966
17.8574
17.816
17.8691
18.0399
18.34
18.7707
19.3376
20.0724
21.0459
22.3505
24.0795
26.2955
29.0068
32.1505
35.5698
39.0577
42.3894
45.3862
47.9656
50.08
51.7104
52.8581
53.4947
53.5526
52.913
51.3629
48.602
44.1788
37.2823
26.9326
12.6948
-4.23784
-21.2551
-34.9832
-42.4642
-42.3781
-34.6467
-21.2117
-4.41393
12.692
26.7096
36.7392
43.2557
47.3815
50.0381
51.7971
52.9745
53.7558
54.2699
54.6068
54.8196
54.9334
54.9632
54.9256
54.8379
54.7145
54.5644
54.3924
54.2003
53.9892
53.7609
53.5172
53.2609
52.9947
52.7201
52.4371
52.1459
51.847
51.5405
51.226
50.9041
50.5759
50.2422
49.9031
49.5584
49.2083
48.8531
48.4937
48.131
47.7653
47.3959
47.0215
46.6415
46.2563
45.8668
45.4741
45.0788
44.6809
44.2801
43.8765
43.4695
43.0587
42.6445
42.2284
41.8104
41.3906
40.9676
40.541
40.1069
39.6604
39.1913
63.3925
62.7934
62.1589
61.4953
60.803
60.0811
59.33
58.5507
57.7447
56.9141
56.0621
55.1925
54.3094
53.4171
52.5207
51.6262
50.7397
49.8676
49.0158
48.1883
47.3924
46.6324
45.9328
45.264
44.6305
44.0376
43.4832
42.9626
42.4712
42.0033
41.5525
41.1125
40.6783
40.2457
39.8113
39.3717
38.9242
38.4667
37.9982
37.5186
37.0279
36.5255
36.0101
35.4793
34.9313
34.3651
33.7813
33.1813
32.5669
31.9394
31.3008
30.6529
29.9987
29.3417
28.6867
28.0383
27.4016
26.7818
26.1841
25.6143
25.0781
24.5812
24.1283
23.7226
23.3647
23.0519
22.7786
22.5369
22.3172
22.1097
21.905
21.6944
21.4696
21.2229
20.9472
20.6372
20.2915
19.9149
19.521
19.1376
18.8094
18.5858
18.4969
18.5346
18.6691
18.8862
19.2207
19.7855
20.7545
22.3111
24.5847
27.6096
31.2921
35.3939
39.5868
43.5214
46.9756
49.8803
52.2024
53.958
55.2103
55.9493
56.0735
55.4953
54.1082
51.6266
47.5752
41.219
31.7263
18.678
2.95148
-12.9601
-25.8782
-32.6679
-32.5975
-25.6438
-13.5264
1.2514
17.2416
29.281
38.057
43.9132
47.7305
50.248
51.9343
53.0647
53.8152
54.311
54.6365
54.8393
54.9429
54.9636
54.9193
54.8277
54.7025
54.5518
54.3798
54.1882
53.9782
53.7511
53.5087
53.2535
52.9879
52.7137
52.431
52.1401
51.8416
51.5356
51.2219
50.901
50.5738
50.241
49.9024
49.5579
49.2076
48.8521
48.4927
48.1308
47.7666
47.3985
47.0247
46.6449
46.2602
45.8717
45.4799
45.0852
44.6879
44.2882
43.886
43.4809
43.0727
42.6614
42.2483
41.8339
41.4194
41.0031
40.5856
40.1617
39.729
39.2731
61.9372
61.4058
60.8484
60.2685
59.6659
59.0406
58.3936
57.7261
57.0394
56.335
55.6153
54.8829
54.1406
53.3914
52.6385
51.8851
51.1346
50.3922
49.651
48.9256
48.217
47.5271
46.8575
46.2102
45.5871
44.9878
44.4111
43.8555
43.3192
42.8
42.2957
41.8044
41.3235
40.8505
40.3824
39.9164
39.4503
38.982
38.5102
38.034
37.5529
37.0664
36.5734
36.0729
35.5639
35.0461
34.5197
33.985
33.4424
32.8921
32.3346
31.7711
31.2041
30.6366
30.0721
29.514
28.9657
28.4313
27.9169
27.4303
26.9802
26.575
26.2208
25.9198
25.67
25.4647
25.2937
25.1446
25.0042
24.8603
24.7001
24.5107
24.2779
23.9855
23.6152
23.1495
22.582
21.9212
21.189
20.4246
19.7011
19.1171
18.7247
18.4528
18.1695
17.806
17.418
17.1854
17.4201
18.5039
20.7457
24.2693
28.8892
34.1739
39.5644
44.4681
48.6099
51.95
54.5129
56.3879
57.7361
58.5372
58.6494
58.102
56.9269
54.8189
51.3419
46.0011
38.2233
27.6402
14.6089
1.43762
-9.08581
-14.9134
-15.0277
-9.7417
-0.2128
11.5409
23.3758
33.0393
40.0847
44.9854
48.3224
50.6009
52.1577
53.2112
53.9157
54.3835
54.6891
54.8745
54.9627
54.9715
54.9195
54.8233
54.6955
54.5433
54.3705
54.1786
53.969
53.7429
53.5019
53.248
52.9835
52.7102
52.4281
52.1371
51.8384
51.5325
51.2192
50.8989
50.5727
50.2409
49.9031
49.5589
49.2085
48.8525
48.4928
48.1315
47.7687
47.4017
47.0281
46.6483
46.2641
45.8763
45.4852
45.0912
44.6947
44.2961
43.8952
43.4919
43.0859
42.6769
42.2664
41.8552
41.4458
41.0358
40.6274
40.2129
39.7947
39.3519
60.9287
60.4569
59.9594
59.44
58.9007
58.3426
57.7665
57.1726
56.562
55.936
55.2966
54.6456
53.9849
53.3165
52.6424
51.9653
51.2879
50.6099
49.9478
49.2897
48.6393
47.9994
47.3719
46.7582
46.1586
45.5735
45.0031
44.447
43.9046
43.3755
42.8589
42.354
41.8593
41.3731
40.8937
40.4196
39.9494
39.4823
39.0173
38.5537
38.0906
37.627
37.1623
36.6958
36.2277
35.7578
35.2857
34.8103
34.33
33.8437
33.3508
32.8517
32.3474
31.8392
31.3294
30.821
30.3187
29.8292
29.3617
28.9281
28.5425
28.2188
27.9676
27.7928
27.6889
27.641
27.6271
27.6221
27.6045
27.5582
27.4707
27.3294
27.1161
26.8063
26.3635
25.7457
24.9203
23.8729
22.6407
21.339
20.1548
19.2788
18.737
18.2666
17.4967
16.2214
14.5568
12.9121
11.8044
11.8972
13.839
18.0219
24.1794
31.4059
38.5466
44.8396
49.8988
53.7397
56.5115
58.4397
59.8154
60.5793
60.5491
59.9416
58.884
57.0315
54.0087
49.5462
43.3496
35.0202
25.1075
15.1269
7.10832
2.55193
2.35587
5.97724
12.7082
21.0678
29.4413
36.5847
42.0715
46.0791
48.9455
50.9754
52.392
53.3638
54.021
54.4601
54.7447
54.9121
54.9859
54.9846
54.9259
54.8251
54.6935
54.5382
54.3632
54.1705
53.9614
53.7368
53.4975
53.2452
52.982
52.7096
52.4279
52.1367
51.8373
51.5309
51.2176
50.8977
50.5724
50.2416
49.9046
49.5608
49.2104
48.8542
48.4946
48.1339
47.7721
47.4059
47.0324
46.6524
46.268
45.8804
45.4895
45.0959
44.7003
44.3028
43.9034
43.5016
43.0975
42.6903
42.282
41.8737
41.4693
41.065
40.6652
40.2594
39.8565
39.4258
60.2321
59.7967
59.3414
58.8671
58.374
57.8628
57.3344
56.7895
56.2289
55.6536
55.0652
54.4656
53.8567
53.2405
52.6189
51.9941
51.3681
50.7426
50.1199
49.5011
48.8878
48.2812
47.682
47.0909
46.5086
45.9358
45.3731
44.8208
44.2793
43.7484
43.2279
42.7171
42.2151
41.7213
41.2353
40.7573
40.2875
39.8259
39.3718
38.924
38.4813
38.0422
37.606
37.1723
36.7408
36.3113
35.8826
35.4535
35.0224
34.5876
34.1476
33.7006
33.2444
32.7772
32.2987
31.8108
31.3191
30.8332
30.3675
29.9413
29.5797
29.309
29.1481
29.1009
29.1524
29.2722
29.4224
29.5677
29.6824
29.749
29.7604
29.7101
29.5766
29.3167
28.8581
28.1482
27.1299
25.7182
23.8813
21.8197
20.0814
19.1559
18.9233
18.6262
17.4664
15.0302
11.4731
7.52156
4.21664
2.7427
4.07102
9.01539
17.2483
27.223
36.8304
44.8388
50.8442
55.1147
58.0003
59.8805
61.2665
61.9299
61.6657
60.9364
59.9086
58.2082
55.5117
51.6372
46.4352
39.7007
31.8893
24.113
17.8053
14.065
13.5909
16.1156
21.025
27.1884
33.4433
38.9791
43.4655
46.8775
49.4145
51.2583
52.5676
53.4786
54.1021
54.5205
54.7892
54.9432
55.0061
54.9969
54.9327
54.8281
54.6938
54.5365
54.36
54.1663
53.9568
53.7327
53.4946
53.2439
52.9825
52.7112
52.4297
52.1379
51.8375
51.5302
51.2163
50.8966
50.5723
50.2427
49.9066
49.5634
49.2131
48.8569
48.4972
48.1367
47.7753
47.4094
47.0362
46.6562
46.2718
45.8841
45.4933
45.0999
44.705
44.3085
43.9105
43.5103
43.1076
42.7018
42.2957
41.8905
41.4903
41.091
40.6993
40.3013
39.9144
39.4941
59.7785
59.3712
58.9444
58.4996
58.0369
57.5565
57.0593
56.5462
56.0181
55.4758
54.9207
54.3544
53.7789
53.1962
52.6079
52.016
51.4219
50.8271
50.2324
49.6392
49.0493
48.4638
47.8837
47.3097
46.7422
46.1817
45.6284
45.083
44.5461
44.0179
43.4984
42.9875
42.4851
41.9914
41.507
41.0329
40.5697
40.1175
39.6755
39.2425
38.8173
38.399
37.9872
37.5819
37.1835
36.792
36.4067
36.0258
35.6464
35.2649
34.8768
34.4769
34.06
33.6207
33.1551
32.662
32.1457
31.6182
31.1012
30.6287
30.248
30.0092
29.9446
30.0553
30.3057
30.6345
30.9729
31.2711
31.5051
31.6677
31.7786
31.8488
31.8654
31.7501
31.3405
30.565
29.318
27.4191
24.7847
21.6627
19.2849
18.7159
19.6164
20.3074
19.1218
15.2809
8.96929
1.43232
-5.42592
-9.46461
-9.14444
-2.93307
8.53071
22.0253
34.5403
44.5147
51.5364
56.2305
59.1185
60.9169
62.223
62.7206
62.2367
61.3979
60.3658
58.7665
56.3232
52.8895
48.3744
42.7031
36.2818
29.9759
24.8202
21.6284
20.9555
22.6892
26.3605
31.1053
36.0557
40.5985
44.4318
47.4481
49.7535
51.4615
52.6937
53.563
54.1641
54.5689
54.8273
54.9723
55.0268
55.0099
54.9396
54.8309
54.6944
54.5359
54.3588
54.1651
53.9562
53.7328
53.4955
53.2452
52.9839
52.7125
52.4306
52.1384
51.8373
51.5294
51.2154
50.8964
50.5733
50.2449
49.9093
49.5657
49.2147
48.8581
48.4985
48.1386
47.7779
47.4127
47.0397
46.6597
46.2751
45.8871
45.4962
45.1031
44.7088
44.3135
43.9169
43.5181
43.1166
42.7123
42.3081
41.9056
41.5089
41.114
40.7297
40.3389
39.968
39.5554
59.4336
59.0488
58.6444
58.2218
57.7824
57.3269
56.8553
56.3676
55.8642
55.3461
54.8143
54.2705
53.717
53.1562
52.5903
52.0212
51.4503
50.8784
50.3063
49.7344
49.1634
48.5941
48.0275
47.4646
46.9061
46.3528
45.8053
45.2642
44.7299
44.2032
43.6846
43.1744
42.6732
42.1816
41.7005
41.231
40.7738
40.3294
39.898
39.4789
39.0713
38.6744
38.2875
37.9103
37.5431
37.1864
36.8404
36.5045
36.1765
35.8514
35.5221
35.1791
34.8115
34.4067
33.9523
33.4391
32.8666
32.2494
31.622
31.0422
30.594
30.3662
30.4094
30.7148
31.2108
31.7938
32.3499
32.8088
33.1409
33.3693
33.5758
33.7975
34.0409
34.1719
33.9955
33.3393
31.8369
29.0478
24.699
19.678
16.7367
17.402
20.3584
22.9809
22.4662
17.4895
8.42731
-2.94085
-13.7661
-20.7275
-20.8838
-13.1612
1.11083
17.532
32.5068
44.1527
52.0332
56.9336
59.6317
61.3823
62.7717
63.1447
62.5014
61.5578
60.5011
58.9712
56.7155
53.6078
49.5689
44.5956
39.0572
33.6693
29.2339
26.3894
25.5677
26.8166
29.7157
33.5903
37.7505
41.6801
45.0878
47.8403
49.9865
51.601
52.7811
53.623
54.21
54.6067
54.8587
54.997
55.0438
55.0196
54.9436
54.8319
54.6946
54.5365
54.3598
54.1662
53.9575
53.7347
53.4982
53.2484
52.9869
52.7148
52.4318
52.1386
51.837
51.5286
51.2146
50.8965
50.5746
50.2473
49.9119
49.568
49.2163
48.8592
48.4994
48.1399
47.78
47.4155
47.043
46.6631
46.2781
45.8897
45.4986
45.1058
44.7121
44.3179
43.9226
43.525
43.1245
42.7215
42.3189
41.9185
41.5247
41.1339
40.7559
40.3719
40.0159
39.6081
59.1972
58.8271
58.4383
58.0317
57.6086
57.1696
56.7151
56.2452
55.7603
55.2614
54.749
54.2239
53.6882
53.1422
52.5888
52.0306
51.47
50.9095
50.3502
49.7929
49.2375
48.6838
48.1318
47.5816
47.0335
46.4878
45.945
45.406
44.8714
44.3423
43.8199
43.306
42.8025
42.3108
41.8323
41.3676
40.9173
40.4819
40.0615
39.6558
39.2643
38.8863
38.5215
38.1707
37.8349
37.5152
37.2121
36.9249
36.6508
36.3844
36.117
35.8357
35.524
35.1625
34.7282
34.1966
33.5494
32.7909
31.9659
31.179
30.5976
30.3718
30.5647
31.1333
31.9391
32.812
33.5921
34.1928
34.5528
34.7951
35.0844
35.4982
36.057
36.4221
36.722
36.8228
35.5255
31.748
24.4045
15.9973
12.2132
15.0155
20.8162
25.2102
25.5656
19.7615
8.81395
-4.44428
-16.9035
-24.9463
-25.5079
-17.0772
-1.78928
16.0157
32.0452
44.3204
52.5249
57.293
59.8029
61.5988
62.9973
63.2501
62.5427
61.551
60.4753
58.9942
56.8694
53.9919
50.2684
45.7729
40.8143
36.0066
32.0225
29.4034
28.5289
29.4585
31.868
35.1963
38.8595
42.3968
45.5249
48.1024
50.1412
51.6928
52.8384
53.663
54.2419
54.6339
54.8815
55.0143
55.0553
55.0258
54.9461
54.8325
54.6945
54.5368
54.3611
54.169
53.9617
53.7398
53.5033
53.253
52.9903
52.7171
52.4337
52.14
51.8378
51.5289
51.2151
50.8978
50.5769
50.2498
49.9141
49.5694
49.2171
48.8598
48.5007
48.1421
47.7827
47.4184
47.046
46.6658
46.2805
45.8918
45.5007
45.1082
44.7152
44.3219
43.9275
43.5308
43.131
42.7291
42.3276
41.9292
41.5376
41.1508
40.7778
40.4008
40.057
39.6516
59.0348
58.6757
58.2986
57.9041
57.4922
57.0629
56.6166
56.1542
55.6766
55.1846
54.6799
54.1641
53.6377
53.1043
52.5654
52.0229
51.4783
50.9328
50.3878
49.8437
49.3006
48.758
48.2156
47.6729
47.1295
46.5856
46.0419
45.5001
44.9624
44.431
43.9078
43.3941
42.8913
42.4009
41.9243
41.4632
41.0187
40.5916
40.1821
39.7896
39.413
39.0513
38.704
38.372
38.0574
37.7635
37.4935
37.2493
37.03
36.8304
36.6398
36.4406
36.207
35.9046
35.4951
34.9374
34.1913
33.2426
32.1195
31.0037
30.2133
29.9849
30.3925
31.3285
32.5535
33.7837
34.8203
35.5255
35.758
35.9345
36.2699
36.9268
37.8713
38.3628
39.1088
40.5248
40.2791
36.2253
25.8061
14.0302
9.02073
12.1324
21.327
27.0759
25.998
19.6119
8.85339
-4.16337
-16.4972
-24.145
-24.2748
-15.8933
-0.833708
17.0646
32.8804
45.011
53.0921
57.4467
59.8497
61.6798
62.9534
63.1352
62.4779
61.4984
60.4049
58.9552
56.9213
54.2102
50.6592
46.4925
41.9157
37.4812
33.7841
31.3074
30.3898
31.1374
33.2437
36.2285
39.5766
42.8624
45.8082
48.2712
50.2388
51.75
52.8752
53.6907
54.2655
54.6543
54.8977
55.0256
55.0619
55.0289
54.9471
54.8328
54.6954
54.5387
54.3638
54.1721
53.9653
53.7441
53.5083
53.2581
52.9949
52.7204
52.4354
52.1408
51.8382
51.5293
51.2161
50.8995
50.579
50.252
49.9161
49.571
49.2183
48.8611
48.5022
48.144
47.7849
47.4206
47.0482
46.668
46.2824
45.8936
45.5026
45.1104
44.7179
44.3251
43.9312
43.535
43.1358
42.7348
42.3342
41.9377
41.5478
41.165
40.7954
40.4258
40.0905
39.6858
58.9398
58.5879
58.2172
57.8288
57.4228
56.9989
56.5574
56.0996
55.6267
55.1395
54.6389
54.1262
53.603
53.0721
52.5364
51.9989
51.462
50.927
50.3942
49.8633
49.3338
48.8046
48.2747
47.7425
47.2066
46.6664
46.1226
45.5773
45.0336
44.4955
43.9663
43.4484
42.9437
42.4531
41.9776
41.5186
41.0775
40.6559
40.2542
39.8721
39.5085
39.1624
38.8336
38.5227
38.232
37.9649
37.7261
37.5205
37.3502
37.2131
37.0991
36.99
36.856
36.6501
36.309
35.7518
34.9006
33.6927
32.1458
30.5734
29.4895
29.2289
29.8947
31.3011
33.0722
34.7635
36.1621
36.8812
36.7947
36.813
37.0781
38.108
39.1407
39.7656
40.9549
42.3786
44.3816
40.4431
28.1241
16.1054
12.6833
14.0782
19.4259
24.5928
24.5755
19.0141
9.20422
-2.89223
-14.2846
-20.9861
-20.5042
-12.0759
2.40241
19.2481
34.35
45.9621
53.5737
57.5199
59.9654
61.7711
62.8109
62.9302
62.3969
61.4932
60.3683
58.9097
56.9216
54.2986
50.9064
46.9389
42.6098
38.4159
34.9025
32.517
31.5829
32.2053
34.1108
36.8756
40.0246
43.1509
45.9813
48.3736
50.2974
51.7861
52.9014
53.7119
54.2835
54.6684
54.9073
55.031
55.0635
55.028
54.9451
54.8308
54.6944
54.5389
54.3656
54.1753
53.9694
53.7482
53.5117
53.2607
52.997
52.7223
52.4372
52.1423
51.8394
51.5306
51.2177
50.9014
50.5808
50.2534
49.917
49.5716
49.2193
48.8624
48.5044
48.1463
47.7867
47.4221
47.0496
46.6693
46.2838
45.895
45.5042
45.1122
44.7199
44.3275
43.9337
43.5379
43.139
42.7388
42.339
41.9442
41.5556
41.1762
40.8085
40.4464
40.116
39.7102
58.8734
58.5294
58.1665
57.7848
57.3839
56.9638
56.5252
56.0694
55.5976
55.1114
54.6118
54.1007
53.58
53.0522
52.5199
51.9857
51.4528
50.9236
50.3994
49.8793
49.3616
48.8439
48.3243
47.8
47.2684
46.7287
46.1822
45.6321
45.0833
44.5401
44.0062
43.4845
42.977
42.4855
42.011
41.5546
41.1175
40.7009
40.3054
39.9309
39.5765
39.2408
38.9232
38.6246
38.3486
38.1006
37.8878
37.7172
37.5932
37.5178
37.4837
37.4783
37.4721
37.4133
37.2153
36.7135
35.7505
34.1397
31.9166
29.7805
28.392
28.1233
29.1015
31.0545
33.4609
35.7606
37.6347
38.068
37.5996
37.4699
37.3655
39.1433
39.2343
38.9714
42.5889
42.5453
39.8502
37.2292
29.9236
20.9406
16.6953
17.7369
20.9271
23.5141
22.8287
18.1715
9.59542
-1.30294
-11.4837
-17.1837
-16.208
-7.94988
5.85455
21.6286
35.8006
46.7139
53.8809
57.5873
60.1725
61.9259
62.6911
62.7362
62.3171
61.5312
60.3967
58.9034
56.9211
54.3377
51.0492
47.2047
43.0309
38.9883
35.5881
33.2555
32.3055
32.8416
34.6214
37.2539
40.2848
43.316
46.0792
48.4318
50.3315
51.8095
52.9201
53.7267
54.2946
54.6755
54.9104
55.0311
55.0616
55.0253
54.9427
54.8291
54.6936
54.5392
54.3666
54.1768
53.971
53.75
53.5137
53.2628
52.9988
52.7235
52.4379
52.1431
51.8405
51.532
51.2193
50.9029
50.582
50.2544
49.9181
49.5729
49.2205
48.8636
48.5053
48.1469
47.7876
47.4229
47.0503
46.6702
46.2847
45.896
45.5052
45.1134
44.7212
44.3289
43.9353
43.5397
43.1411
42.7416
42.3424
41.9488
41.5609
41.184
40.8172
40.4614
40.1329
39.725
58.8399
58.4992
58.1399
57.762
57.3646
56.9474
56.5112
56.0572
55.586
55.0984
54.5954
54.0793
53.5534
53.0216
52.4884
51.9577
51.4322
50.913
50.4004
49.8928
49.388
48.8823
48.3725
47.8549
47.3265
46.7856
46.233
45.6728
45.1122
44.5588
44.0186
43.4941
42.9864
42.4955
42.0221
41.5674
41.1334
40.7221
40.3348
39.9713
39.6297
39.3071
39.0008
38.7111
38.4426
38.2039
38.0079
37.8651
37.7835
37.766
37.8071
37.9026
38.0268
38.1471
38.1628
37.8742
36.9344
34.729
31.4891
28.7041
27.0365
26.8249
28.161
30.6758
33.6352
36.8714
39.5496
39.0007
38.2244
38.2675
37.5804
40.4553
40.9032
38.2352
40.163
40.5691
38.4479
36.1564
31.0427
24.1337
19.8096
18.8612
20.3926
22.263
21.7573
17.7811
10.0863
0.0642332
-9.22185
-14.2111
-12.8865
-4.75229
8.48335
23.4171
36.8104
47.1504
54.0116
57.6512
60.4168
62.1298
62.6864
62.5714
62.2521
61.5676
60.4477
58.927
56.9447
54.3847
51.1516
47.3757
43.2862
39.3263
35.9871
33.6815
32.7188
33.183
34.8904
37.4494
40.417
43.3989
46.1274
48.4609
50.3464
51.8189
52.927
53.7303
54.296
54.6747
54.9079
55.0277
55.0576
55.0218
54.9399
54.8273
54.6926
54.539
54.367
54.1777
53.9721
53.7509
53.5145
53.2635
52.9996
52.7244
52.439
52.1441
51.8414
51.5329
51.2201
50.9037
50.5827
50.2549
49.9185
49.5732
49.221
48.8643
48.5061
48.1478
47.7881
47.4233
47.0507
46.6706
46.2852
45.8965
45.5058
45.1141
44.7219
44.3297
43.9361
43.5407
43.1423
42.7431
42.3443
41.9513
41.5638
41.1882
40.8216
40.4695
40.1422
39.7321
58.825
58.4892
58.1336
57.7576
57.3606
56.9435
56.5074
56.0537
55.583
55.0958
54.5923
54.0732
53.5411
53.0004
52.4576
51.9195
51.392
50.8779
50.3767
49.8848
49.3973
48.9101
48.4177
47.9141
47.3943
46.8547
46.296
45.7236
45.1471
44.5772
44.0229
43.4895
42.9775
42.4851
42.0109
41.556
41.1231
40.7155
40.3351
39.9814
39.6512
39.3406
39.0461
38.7659
38.5039
38.2683
38.079
37.9506
37.9023
37.9367
38.0514
38.2481
38.4922
38.8018
39.0413
39.113
38.4364
35.5756
31.1471
27.5884
25.6684
25.6284
27.4587
30.2996
33.3903
37.018
40.2145
39.3092
37.441
37.429
36.786
39.1733
40.463
38.908
41.0934
40.3782
38.2584
36.013
31.6577
25.5653
21.3135
19.6978
20.2416
21.4659
21.1894
17.7511
10.6391
1.12305
-7.67567
-12.2965
-10.8133
-2.81959
10.0256
24.4245
37.3361
47.3187
53.9668
57.8259
60.6488
62.3304
62.7714
62.5887
62.2482
61.5916
60.4813
58.9477
56.9632
54.425
51.2255
47.4992
43.4587
39.5431
36.2338
33.9382
32.961
33.3842
35.0461
37.5588
40.4866
43.4387
46.1465
48.4675
50.3478
51.8164
52.9237
53.7242
54.2898
54.6685
54.902
55.023
55.0535
55.0189
54.9382
54.8264
54.6922
54.5388
54.3671
54.1779
53.9724
53.7513
53.5148
53.2638
52.9999
52.7246
52.4391
52.1443
51.8418
51.5333
51.2205
50.9041
50.583
50.2551
49.9186
49.5734
49.2212
48.8645
48.5063
48.1479
47.7882
47.4233
47.0507
46.6706
46.2853
45.8967
45.506
45.1143
44.7222
44.3299
43.9363
43.541
43.1426
42.7436
42.3449
41.9521
41.5649
41.1896
40.823
40.4724
40.1457
39.7345
58.8236
58.492
58.1379
57.7616
57.364
56.9462
56.5096
56.055
55.5833
55.0947
54.5896
54.069
53.5355
52.9938
52.4504
51.9122
51.385
50.8722
50.3735
49.8857
49.4036
48.922
48.4343
47.9343
47.4167
46.8779
46.3186
45.7446
45.1655
44.592
44.0338
43.4967
42.9819
42.4875
42.0125
41.5572
41.1242
40.7173
40.3389
39.9887
39.6625
39.3563
39.066
38.7906
38.5332
38.3028
38.1193
37.9968
37.9602
38.0064
38.1441
38.3647
38.65
39.0048
39.2962
39.513
38.7939
36.1281
31.8348
28.045
25.8935
25.8135
27.5877
30.3425
33.4917
37.0168
39.7075
38.9573
37.9328
38.0209
37.5624
40.0995
40.6539
38.753
40.5944
40.1566
38.2223
35.8013
31.6089
25.9404
21.8169
19.9729
20.2247
21.2899
21.0557
17.8506
11.0242
1.75329
-6.85012
-11.3881
-9.94498
-2.03406
10.6442
24.8062
37.4991
47.3472
53.9395
57.8995
60.7475
62.4221
62.8422
62.638
62.2446
61.5539
60.4451
58.9258
56.946
54.4237
51.2377
47.5511
43.5418
39.6522
36.3601
34.0698
33.0868
33.5005
35.1241
37.6082
40.5155
43.4527
46.1505
48.4648
50.3425
51.8096
52.9164
53.718
54.2842
54.6639
54.8983
55.0206
55.0512
55.0175
54.9375
54.8261
54.6921
54.5388
54.3672
54.178
53.9724
53.7513
53.5149
53.2639
52.9999
52.7247
52.4392
52.1444
51.8419
51.5335
51.2207
50.9042
50.583
50.2551
49.9186
49.5734
49.2212
48.8646
48.5064
48.148
47.7882
47.4232
47.0506
46.6706
46.2853
45.8967
45.506
45.1143
44.7222
44.3299
43.9363
43.5409
43.1425
42.7435
42.3449
41.9521
41.5648
41.1895
40.8227
40.472
40.1457
39.7339
39.7753
38.8352
37.9672
37.142
36.2867
35.3908
34.4545
33.4776
32.4561
31.3835
30.2522
29.0542
27.7817
26.4236
24.9716
23.4134
21.7401
19.933
17.986
15.8691
13.5913
11.0844
8.37707
5.29036
1.95824
39.6251
38.775
37.8983
37.0712
36.2313
35.3457
34.4138
33.4394
32.4202
31.3492
30.2187
29.0208
27.748
26.3897
24.9374
23.379
21.7056
19.8988
17.9522
15.8372
13.5578
11.0578
8.34007
5.26072
1.92648
39.3609
38.6467
37.8108
36.9907
36.1642
35.2931
34.3719
33.4042
32.3894
31.3213
30.1925
28.9955
27.723
26.3646
24.9124
23.3539
21.6805
19.8738
17.9278
15.8123
13.5331
11.0248
8.31118
5.23055
1.90995
39.1637
38.5259
37.7352
36.9221
36.0997
35.2397
34.328
33.365
32.3515
31.2837
30.1547
28.9571
27.6834
26.324
24.8706
23.3112
21.6369
19.8296
17.8828
15.7671
13.4857
10.9756
8.26376
5.18895
1.87796
39.0028
38.3975
37.6484
36.8498
36.0329
35.1824
34.2807
33.3245
32.3151
31.2502
30.1242
28.9287
27.6566
26.2983
24.8461
23.2877
21.6145
19.8082
17.8626
15.7476
13.4667
10.9539
8.24055
5.16688
1.86605
38.8703
38.2791
37.5639
36.7838
35.9741
35.1303
34.2368
33.2871
32.2815
31.2187
30.0936
28.8984
27.6254
26.2658
24.8121
23.2522
21.5775
19.7698
17.8226
15.706
13.4227
10.9081
8.19818
5.13074
1.84726
38.7575
38.1718
37.4813
36.7189
35.9171
35.0784
34.1914
33.248
32.2467
31.1863
30.0628
28.8687
27.5965
26.2379
24.7854
23.2265
21.5531
19.7468
17.8012
15.6861
13.4036
10.8904
8.17627
5.11323
1.83644
38.6587
38.0754
37.4017
36.6556
35.8625
35.0291
34.1479
33.2104
32.2137
31.156
30.0341
28.841
27.5695
26.2109
24.7577
23.1978
21.5231
19.7157
17.7687
15.6517
13.3671
10.85
8.14126
5.07498
1.82468
38.5708
37.9886
37.3266
36.5944
35.8104
34.9824
34.1062
33.1739
32.1813
31.1263
30.0059
28.8138
27.5428
26.1845
24.7315
23.172
21.4983
19.6922
17.7465
15.6309
13.3471
10.833
8.12001
5.06692
1.81637
38.4919
37.9102
37.2565
36.5358
35.7605
34.9381
34.0662
33.1385
32.1499
31.0977
29.979
28.7878
27.5175
26.1596
24.7069
23.1476
21.4735
19.6667
17.7201
15.6031
13.3174
10.7999
8.09133
5.02424
1.80796
38.4206
37.8392
37.1915
36.4801
35.713
34.896
34.0283
33.1045
32.1197
31.0702
29.9532
28.7631
27.4934
26.1359
24.6833
23.124
21.4501
19.6439
17.6984
15.5827
13.2977
10.7829
8.07162
5.01932
1.80218
38.3561
37.7747
37.1316
36.4278
35.6679
34.8562
33.9924
33.0722
32.0907
31.044
29.9287
28.7395
27.4705
26.1134
24.661
23.1019
21.4281
19.6222
17.6766
15.5602
13.2739
10.7566
8.04838
4.9945
1.79606
38.2975
37.7161
37.0766
36.3789
35.6254
34.8187
33.9586
33.0417
32.0632
31.019
29.9054
28.7172
27.4488
26.0921
24.64
23.081
21.4074
19.6016
17.6564
15.5411
13.2552
10.74
8.03086
4.98733
1.79203
38.2443
37.6629
37.0263
36.3335
35.5855
34.7835
33.927
33.013
32.0373
30.9953
29.8833
28.6962
27.4284
26.0721
24.6202
23.0615
21.388
19.5824
17.6374
15.5222
13.236
10.7195
8.01219
4.97142
1.78758
38.1961
37.6147
36.9804
36.2918
35.5485
34.7507
33.8975
32.9863
32.013
30.9731
29.8626
28.6765
27.4092
26.0533
24.6018
23.0432
21.3698
19.5645
17.6197
15.505
13.2191
10.7041
7.99702
4.9639
1.7847
38.1526
37.5712
36.9388
36.2536
35.5144
34.7203
33.8702
32.9615
31.9903
30.9523
29.8433
28.6581
27.3914
26.0358
24.5845
23.0262
21.353
19.5479
17.6033
15.4889
13.2031
10.6883
7.98217
4.95275
1.78142
38.1134
37.5321
36.9014
36.219
35.4832
34.6925
33.8452
32.9386
31.9694
30.9331
29.8254
28.641
27.3748
26.0197
24.5686
23.0105
21.3375
19.5326
17.5882
15.4741
13.1884
10.6747
7.96938
4.9457
1.77927
38.0785
37.4972
36.8679
36.1879
35.455
34.6671
33.8223
32.9179
31.9503
30.9155
29.8089
28.6253
27.3596
26.0048
24.554
22.9961
21.3233
19.5185
17.5744
15.4606
13.1752
10.6622
7.9577
4.9377
1.77684
38.0477
37.4664
36.8382
36.1602
35.4298
34.6444
33.8018
32.8991
31.9331
30.8994
29.7938
28.611
27.3457
25.9913
24.5408
22.9831
21.3104
19.5059
17.5619
15.4484
13.1631
10.6509
7.94733
4.93154
1.77517
38.0207
37.4395
36.8123
36.136
35.4076
34.6243
33.7835
32.8824
31.9176
30.8851
29.7803
28.598
27.3333
25.9791
24.5289
22.9713
21.2989
19.4945
17.5507
15.4375
13.1525
10.6409
7.93822
4.92575
1.77338
37.9975
37.4164
36.7901
36.1151
35.3884
34.6068
33.7676
32.8678
31.9041
30.8723
29.7683
28.5865
27.3222
25.9683
24.5183
22.961
21.2886
19.4844
17.5408
15.4279
13.1431
10.6321
7.93027
4.92079
1.77205
37.978
37.397
36.7714
36.0975
35.3721
34.5919
33.754
32.8552
31.8924
30.8613
29.7578
28.5765
27.3125
25.9589
24.5091
22.9519
21.2797
19.4757
17.5323
15.4196
13.135
10.6246
7.9235
4.91654
1.77077
37.9621
37.3812
36.7561
36.0832
35.3588
34.5797
33.7427
32.8448
31.8825
30.852
29.7489
28.5679
27.3042
25.9509
24.5012
22.9442
21.2722
19.4683
17.525
15.4126
13.1282
10.6183
7.91786
4.91295
1.76973
37.9497
37.3689
36.7443
36.072
35.3484
34.57
33.7338
32.8364
31.8746
30.8444
29.7415
28.5608
27.2974
25.9443
24.4948
22.9379
21.266
19.4623
17.5191
15.4069
13.1227
10.6132
7.91334
4.91009
1.76882
37.9407
37.36
36.7357
36.0639
35.3408
34.563
33.7272
32.8302
31.8686
30.8385
29.7357
28.5552
27.292
25.9391
24.4897
22.933
21.2612
19.4576
17.5146
15.4025
13.1185
10.6093
7.90992
4.90788
1.76805
37.935
37.3544
36.7304
36.0589
35.3361
34.5585
33.7229
32.826
31.8644
30.8343
29.7316
28.5512
27.2881
25.9353
24.486
22.9294
21.2577
19.4543
17.5113
15.3994
13.1155
10.6067
7.90759
4.90636
1.76742
37.9324
37.352
36.7282
36.0569
35.3342
34.5567
33.721
32.8239
31.8621
30.8319
29.7291
28.5487
27.2857
25.933
24.4838
22.9272
21.2556
19.4522
17.5094
15.3976
13.1139
10.6053
7.90634
4.9055
1.76691
37.9331
37.3529
36.7293
36.058
35.3352
34.5574
33.7214
32.8239
31.8617
30.8311
29.7281
28.5477
27.2847
25.932
24.4828
22.9263
21.2548
19.4515
17.5088
15.3971
13.1135
10.605
7.90616
4.9053
1.76647
37.9383
37.3585
36.7349
36.0635
35.3403
34.5619
33.7252
32.8269
31.8641
30.8329
29.7295
28.5488
27.2857
25.9329
24.4838
22.9273
21.2559
19.4527
17.51
15.3985
13.1149
10.6065
7.90754
4.90602
1.76623
37.948
37.3686
36.7451
36.0733
35.3494
34.5701
33.7324
32.833
31.8692
30.8372
29.7332
28.5522
27.2889
25.936
24.4868
22.9303
21.2589
19.4557
17.5132
15.4018
13.1182
10.6098
7.9105
4.90762
1.76617
37.9625
37.3835
36.7599
36.0875
35.3626
34.5821
33.7429
32.8422
31.8771
30.8441
29.7394
28.5578
27.2942
25.9411
24.4918
22.9353
21.2639
19.4607
17.5182
15.4069
13.1233
10.6148
7.91505
4.91023
1.76637
37.982
37.4034
36.7795
36.1062
35.38
34.5979
33.757
32.8545
31.8878
30.8536
29.7479
28.5656
27.3016
25.9482
24.4988
22.9422
21.2708
19.4677
17.5252
15.414
13.1303
10.6215
7.9212
4.91376
1.76674
38.0068
37.4286
36.8043
36.1297
35.4018
34.6176
33.7745
32.8699
31.9014
30.8656
29.7587
28.5757
27.3111
25.9574
24.5078
22.9512
21.2797
19.4765
17.5341
15.4229
13.1391
10.63
7.9291
4.92096
1.76742
38.0372
37.4594
36.8343
36.1582
35.4282
34.6413
33.7955
32.8884
31.9178
30.8802
29.772
28.5879
27.3227
25.9686
24.5188
22.9621
21.2905
19.4873
17.5449
15.4337
13.1496
10.6402
7.93853
4.92629
1.7682
38.0733
37.4959
36.8699
36.1919
35.4592
34.6692
33.8201
32.9101
31.9369
30.8973
29.7875
28.6023
27.3363
25.9818
24.5318
22.9749
21.3033
19.5
17.5575
15.4464
13.1623
10.6523
7.94988
4.93373
1.7694
38.115
37.5383
36.9113
36.2311
35.495
34.7012
33.8483
32.9349
31.9588
30.9169
29.8053
28.6188
27.352
25.997
24.5467
22.9898
21.3181
19.5146
17.5721
15.4608
13.1763
10.666
7.96281
4.94132
1.77069
38.1623
37.5868
36.9588
36.2758
35.5358
34.7374
33.8801
32.9628
31.9835
30.9389
29.8253
28.6374
27.3698
26.0142
24.5637
23.0065
21.3347
19.5311
17.5884
15.4775
13.1932
10.6822
7.97787
4.95147
1.77265
38.2156
37.6416
37.0126
36.3264
35.5816
34.7778
33.9154
32.9937
32.0108
30.9633
29.8475
28.658
27.3895
26.0334
24.5826
23.0252
21.3533
19.5495
17.6066
15.4953
13.211
10.6993
7.99463
4.96148
1.77477
38.2754
37.7032
37.0732
36.383
35.6324
34.8223
33.9541
33.0275
32.0406
30.99
29.8717
28.6806
27.4112
26.0545
24.6034
23.0459
21.3738
19.5698
17.6269
15.5163
13.2333
10.7198
8.01376
4.97544
1.77802
38.3428
37.7725
37.141
36.446
35.6883
34.8708
33.9961
33.0641
32.0728
31.0187
29.898
28.7051
27.4348
26.0776
24.6262
23.0685
21.3963
19.5919
17.6485
15.5375
13.2548
10.7405
8.03464
4.98808
1.78163
38.4188
37.8508
37.2172
36.5158
35.7494
34.9233
34.0415
33.1034
32.1074
31.0495
29.9262
28.7315
27.4604
26.1025
24.6509
23.093
21.4206
19.6162
17.6732
15.5637
13.2824
10.7654
8.05841
5.008
1.78711
38.5049
37.9396
37.303
36.5931
35.8158
34.9798
34.0898
33.1455
32.1441
31.0823
29.9562
28.7596
27.4878
26.1293
24.6775
23.1194
21.4469
19.6418
17.6981
15.5884
13.3073
10.7898
8.08359
5.02385
1.79344
38.5985
38.0367
37.3958
36.6747
35.8846
35.0377
34.1391
33.1879
32.1814
31.1156
29.987
28.7881
27.5158
26.1568
24.7049
23.1467
21.4746
19.6699
17.7272
15.6193
13.3379
10.8186
8.11144
5.05063
1.80227
38.694
38.1371
37.4904
36.7558
35.952
35.0938
34.1863
33.2281
32.2165
31.1471
30.0166
28.8186
27.5433
26.1834
24.7312
23.1729
21.5003
19.6949
17.7512
15.6437
13.3624
10.8429
8.13704
5.06803
1.81169
38.7898
38.2391
37.5846
36.8347
36.0169
35.1474
34.2308
33.2657
32.2492
31.1767
30.0441
28.8445
27.569
26.209
24.7573
23.1993
21.5272
19.7225
17.7797
15.6733
13.3917
10.8711
8.16408
5.09579
1.82296
38.8854
38.3416
37.6766
36.9105
36.0791
35.1982
34.2725
33.3005
32.2796
31.2042
30.0699
28.8689
27.5932
26.2328
24.7808
23.2225
21.5507
19.7451
17.8005
15.695
13.4133
10.8932
8.18746
5.11306
1.83468
38.9814
38.4437
37.7646
36.9824
36.138
35.2459
34.311
33.3326
32.3076
31.2296
30.0938
28.8918
27.6158
26.2554
24.8041
23.2468
21.5764
19.7725
17.8279
15.7205
13.4402
10.9217
8.213
5.13878
1.84773
39.0792
38.5442
37.8477
37.0504
36.1935
35.2901
34.3463
33.3619
32.3334
31.2531
30.1161
28.9131
27.6368
26.276
24.8243
23.2666
21.5957
19.7912
17.8464
15.7362
13.4582
10.9421
8.23362
5.15516
1.861
39.18
38.6415
37.9256
37.1146
36.2455
35.3307
34.3784
33.3886
32.3568
31.2747
30.1367
28.9331
27.6568
26.2963
24.8451
23.2881
21.6183
19.8152
17.8721
15.7573
13.4824
10.9702
8.25867
5.17919
1.875
39.2833
38.7333
37.9982
37.1752
36.2938
35.3677
34.4076
33.4129
32.3783
31.2945
30.1555
28.951
27.6743
26.3136
24.8619
23.3047
21.6341
19.8305
17.8867
15.7705
13.4969
10.9873
8.27701
5.19428
1.8889
39.3867
38.8165
38.0655
37.2318
36.3379
35.4012
34.4338
33.4347
32.3977
31.313
30.1735
28.9689
27.6922
26.3319
24.8805
23.3241
21.6543
19.8519
17.9092
15.79
13.5181
11.0129
8.30463
5.21599
1.90307
39.4861
38.8886
38.1272
37.2837
36.3773
35.431
34.4573
33.4541
32.4145
31.3287
30.1886
28.9833
27.7062
26.3458
24.8939
23.3375
21.6672
19.8646
17.9214
15.8008
13.5302
11.0275
8.3212
5.22966
1.91666
39.5732
38.9477
38.182
37.3291
36.4111
35.4569
34.4783
33.4722
32.4312
31.3451
30.2048
28.9995
27.7223
26.3622
24.9104
23.3545
21.6845
19.8827
17.94
15.8161
13.5477
11.0487
8.34637
5.24697
1.93081
39.6367
38.9924
38.2277
37.3658
36.4383
35.4776
34.4942
33.4855
32.443
31.3567
30.2164
29.0108
27.7334
26.3737
24.9217
23.3662
21.696
19.8942
17.9514
15.8248
13.5586
11.0618
8.36204
5.25963
1.94274
39.672
39.0223
38.2611
37.3934
36.4606
35.4966
34.5106
33.5001
32.4566
31.3701
30.2296
29.0242
27.7468
26.3874
24.9358
23.3807
21.7121
19.9093
17.9677
15.8383
13.5745
11.0796
8.38467
5.28144
1.95751
39.6863
39.0402
38.2807
37.4085
36.4732
35.5081
34.5209
33.5099
32.4664
31.3805
30.2406
29.0407
27.7636
26.4016
24.9522
23.3941
21.7297
19.9215
17.9847
15.8493
13.5903
11.0926
8.40432
5.30512
1.96905
39.6891
39.0514
38.2933
37.4202
36.4842
35.5151
34.5268
33.5161
32.4716
31.3848
30.2448
29.0465
27.768
26.4057
24.9568
23.3986
21.7347
19.9261
17.9902
15.853
13.5957
11.0997
8.41476
5.31618
1.97979
)
;

boundaryField
{
    inlet
    {
        type            zeroGradient;
    }
    outlet
    {
        type            fixedValue;
        value           uniform 0;
    }
    upperWall
    {
        type            zeroGradient;
    }
    lowerWall
    {
        type            zeroGradient;
    }
    frontAndBack
    {
        type            empty;
    }
}


// ************************************************************************* //
