/*--------------------------------*- C++ -*----------------------------------*\
  =========                 |
  \\      /  F ield         | OpenFOAM: The Open Source CFD Toolbox
   \\    /   O peration     | Website:  https://openfoam.org
    \\  /    A nd           | Version:  9
     \\/     M anipulation  |
\*---------------------------------------------------------------------------*/
FoamFile
{
    format      ascii;
    class       volScalarField;
    location    "0.039";
    object      s;
}
// * * * * * * * * * * * * * * * * * * * * * * * * * * * * * * * * * * * * * //

dimensions      [0 0 0 0 0 0 0];

internalField   nonuniform List<scalar> 
12225
(
1
1
1
1
1
1
1
1
1
1
1
1
1
1
1
1
1
0.999731
1
1
1
1
1
1
1
1
1
1
1
1
1
1
1
1
1
0.99997
1
1
1
1
1
1
1
1
1
1
1
1
1
1
1
1
1
0.999998
1
1
1
1
1
1
1
1
1
1
1
1
1
1
1
1
1
1
1
1
1
1
1
1
1
1
1
1
1
1
1
1
1
1
1
1
1
1
1
1
1
1
1
1
1
1
1
1
1
1
1
1
1
1
1
1
1
1
1
1
1
1
1
1
1
1
1
1
1
1
1
1
1
1
1
1
1
1
1
1
1
1
1
1
1
1
1
1
1
1
1
1
1
1
1
1
1
1
1
1
1
1
1
1
1
1
1
1
1
1
1
1
1
1
1
1
1
1
1
1
1
1
1
1
1
1
1
1
1
1
1
1
1
1
1
1
1
1
1
1
1
1
1
1
1
1
1
1
1
1
1
1
1
1
1
1
1
1
1
1
1
1
1
1
1
1
1
1
1
1
1
1
1
1
1
1
1
1
1
1
1
1
1
1
1
1
1
1
1
1
1
1
1
1
1
1
1
1
1
1
1
1
1
1
1
1
1
1
1
1
1
1
1
1
1
1
1
1
1
1
1
1
1
1
1
1
1
1
1
1
1
1
1
1
1
1
1
1
1
1
1
1
1
1
1
1
1
1
1
1
1
1
1
1
1
1
1
1
1
1
1
1
1
1
1
1
1
1
1
1
1
1
1
1
1
1
1
1
1
1
1
1
1
1
1
1
1
1
1
1
1
1
1
1
1
1
1
1
1
1
1
1
1
1
1
1
1
1
1
1
1
1
1
1
1
1
1
1
1
1
1
1
1
1
1
1
1
1
1
1
1
1
1
1
1
1
1
1
1
1
1
1
1
1
1
1
1
1
1
1
1
1
1
1
1
1
1
1
1
1
1
1
1
1
1
1
1
1
1
1
1
1
1
1
1
1
1
1
1
1
1
1
1
1
1
1
1
1
1
1
1
1
1
1
1
1
1
1
1
1
1
1
1
1
1
1
1
1
1
1
1
1
1
1
1
1
1
1
1
1
1
1
1
1
1
1
1
1
1
1
1
1
1
1
1
1
1
1
1
1
1
1
1
1
1
1
1
1
1
1
1
1
1
1
1
1
1
1
1
1
1
1
1
1
1
1
1
1
1
1
1
1
1
1
1
1
1
1
1
1
1
1
1
1
1
1
0.336741
0.39564
0.399138
0.395471
0.409527
0.439476
0.473787
0.495513
0.513057
0.524956
0.535373
0.542251
0.548383
0.552783
0.555137
0.556591
0.558093
0.559637
0.562126
0.56524
0.569482
0.574895
0.580334
0.58511
0.590194
0.595932
0.599335
0.587482
0.420995
0.386792
0.394286
0.397425
0.403086
0.407122
0.41036
0.413125
0.429056
0.448615
0.491411
0.503274
0.497541
0.485469
0.481462
0.472572
0.435986
0.380049
0.357166
0.378461
0.68717
0.866887
0.872144
0.874097
0.876332
0.878019
0.879662
0.881025
0.881944
0.882525
0.883428
0.884133
0.88475
0.886158
0.886889
0.887205
0.887653
0.888499
0.889422
0.890025
0.890646
0.89191
0.893396
0.894091
0.89461
0.89571
0.897375
0.898758
0.899507
0.90029
0.901391
0.902448
0.903262
0.903848
0.904741
0.905514
0.905872
0.906237
0.906689
0.907241
0.907702
0.908195
0.908685
0.909097
0.909439
0.909758
0.909999
0.910154
0.910187
0.910169
0.910025
0.909735
0.909339
0.908698
0.907893
0.906977
0.905865
0.904601
0.903194
0.901678
0.900128
0.898635
0.897146
0.895574
0.893929
0.892205
0.890376
0.888414
0.88626
0.883725
0.880534
0.876807
0.872831
0.869061
0.865935
0.863388
0.861323
0.859754
0.858512
0.85744
0.8565
0.855742
0.85521
0.854902
0.854739
0.854552
0.854122
0.852826
0.851146
0.848478
0.842567
0.831654
0.817924
0.80223
0.78272
0.754667
0.712342
0.651672
0.572488
0.479576
0.381882
0.289614
0.210623
0.148381
0.102312
0.0695583
0.046779
0.0311307
0.0204923
0.013336
0.00856719
0.00542241
0.0033776
0.00206963
0.00124715
0.000738794
0.000429994
0.00024574
0.000137807
7.57892e-05
4.08448e-05
2.15579e-05
1.11291e-05
5.61577e-06
2.76371e-06
1.32585e-06
6.17473e-07
2.79199e-07
1.21587e-07
5.07886e-08
2.08569e-08
4.91634e-09
0.29895
0.339859
0.32318
0.366134
0.462412
0.5468
0.591867
0.620094
0.634172
0.637237
0.635682
0.63162
0.628126
0.62269
0.618032
0.614069
0.610674
0.608311
0.605804
0.602953
0.600156
0.597696
0.595721
0.594968
0.595067
0.595755
0.598184
0.597801
0.577776
0.495685
0.398545
0.368063
0.352555
0.335643
0.328209
0.332037
0.368062
0.423488
0.531293
0.578819
0.553181
0.509267
0.490325
0.453539
0.477048
0.708197
0.770491
0.797622
0.851286
0.871197
0.872941
0.874629
0.876533
0.877844
0.878431
0.878638
0.878636
0.878116
0.876889
0.874887
0.872337
0.87008
0.868054
0.865837
0.863567
0.862166
0.861613
0.861512
0.862563
0.865623
0.868862
0.87237
0.876781
0.881299
0.886432
0.891777
0.895607
0.899943
0.904663
0.909458
0.913516
0.917193
0.921868
0.926188
0.929271
0.931769
0.934393
0.937127
0.939567
0.941922
0.944358
0.946255
0.947608
0.94941
0.951121
0.952789
0.954389
0.955411
0.957345
0.958388
0.959727
0.960841
0.961833
0.96254
0.9629
0.962861
0.962236
0.9609
0.958719
0.955495
0.951284
0.946491
0.941257
0.93601
0.931336
0.927103
0.923584
0.921094
0.9197
0.918831
0.917545
0.914483
0.905963
0.89507
0.886105
0.880446
0.877733
0.876807
0.876545
0.876214
0.87526
0.871589
0.865699
0.862138
0.860862
0.860852
0.861973
0.867888
0.87857
0.888487
0.899968
0.911514
0.919191
0.921663
0.921561
0.919765
0.914221
0.900202
0.863615
0.820602
0.78858
0.768238
0.747422
0.707847
0.637747
0.54057
0.432594
0.331745
0.24688
0.178049
0.124446
0.0844027
0.0556191
0.0356505
0.0222453
0.0135253
0.00801832
0.00463938
0.00262021
0.00144559
0.000778166
0.000409053
0.000209262
0.00010442
5.04253e-05
2.37215e-05
1.06822e-05
4.66406e-06
1.94883e-06
6.49456e-07
0.230519
0.264608
0.4231
0.600338
0.664611
0.688312
0.687709
0.683818
0.675021
0.665051
0.651759
0.640205
0.631467
0.620696
0.612916
0.607069
0.602421
0.599543
0.597249
0.595582
0.594875
0.593552
0.592128
0.591768
0.591941
0.592576
0.594331
0.597126
0.595821
0.584295
0.531332
0.415367
0.364006
0.337398
0.319695
0.313072
0.352396
0.428018
0.596382
0.640032
0.570308
0.526187
0.57781
0.727256
0.790245
0.830489
0.846
0.860365
0.867155
0.869629
0.870386
0.87155
0.872486
0.872662
0.871988
0.869448
0.864132
0.855294
0.842866
0.827438
0.809373
0.788798
0.767783
0.75083
0.738485
0.728962
0.723292
0.720457
0.719095
0.718731
0.720676
0.727988
0.737709
0.745869
0.754364
0.764894
0.775885
0.78683
0.799429
0.812995
0.825563
0.837632
0.850548
0.86388
0.875447
0.884857
0.893885
0.902122
0.907895
0.913339
0.918819
0.923429
0.926589
0.930461
0.934011
0.937937
0.941982
0.944946
0.949492
0.953063
0.956985
0.960813
0.964586
0.968258
0.971736
0.975
0.977931
0.980414
0.982344
0.983691
0.984413
0.984053
0.981921
0.977182
0.969317
0.958774
0.946959
0.937461
0.932157
0.93004
0.929647
0.929621
0.929484
0.928386
0.922607
0.905165
0.891626
0.885378
0.883647
0.883684
0.885004
0.886056
0.886003
0.884704
0.878176
0.867956
0.86249
0.860808
0.860735
0.861292
0.863852
0.872455
0.884556
0.896366
0.909093
0.923862
0.939406
0.952299
0.959933
0.962721
0.963056
0.962803
0.961482
0.956507
0.944122
0.933203
0.920897
0.896623
0.835899
0.683036
0.514581
0.372383
0.261847
0.179914
0.120849
0.0792898
0.0507812
0.0317501
0.0193672
0.01153
0.00668755
0.00378172
0.00207692
0.00111049
0.000573483
0.000288002
0.000138364
6.44559e-05
2.84977e-05
1.12849e-05
0.222368
0.577204
0.686261
0.713465
0.712094
0.706134
0.692405
0.669467
0.636925
0.606503
0.580728
0.559774
0.540943
0.526564
0.515533
0.50637
0.499836
0.496883
0.49763
0.500242
0.505305
0.51471
0.526457
0.53705
0.550749
0.56515
0.575475
0.586165
0.592927
0.592133
0.583992
0.548801
0.468608
0.390853
0.354431
0.362697
0.407242
0.537615
0.730385
0.711596
0.71155
0.754109
0.790555
0.831712
0.845873
0.854215
0.858451
0.861722
0.86289
0.861694
0.861478
0.861495
0.861504
0.860101
0.855625
0.846018
0.829607
0.804101
0.765358
0.71107
0.669783
0.654991
0.647908
0.644537
0.643198
0.642945
0.644334
0.647804
0.651081
0.653702
0.655229
0.65758
0.661781
0.665361
0.667495
0.669557
0.672559
0.676412
0.680277
0.684574
0.690476
0.697101
0.703603
0.712062
0.72182
0.730789
0.74079
0.751115
0.760146
0.769157
0.777533
0.785574
0.793004
0.799833
0.806597
0.813883
0.822176
0.830854
0.840637
0.851627
0.863431
0.876447
0.890497
0.905371
0.920591
0.934823
0.948018
0.960615
0.971624
0.980148
0.986031
0.989808
0.991981
0.993035
0.993292
0.992376
0.988079
0.975375
0.95733
0.943221
0.936741
0.935035
0.934993
0.935001
0.93463
0.932199
0.920561
0.900967
0.889667
0.885341
0.884781
0.886079
0.890713
0.892745
0.892688
0.890688
0.881667
0.869742
0.86185
0.857419
0.855939
0.855923
0.857063
0.86278
0.878488
0.895073
0.911234
0.927062
0.941665
0.954664
0.966396
0.976266
0.983085
0.986493
0.987421
0.987407
0.98684
0.984759
0.978852
0.964044
0.92808
0.823687
0.640711
0.473199
0.336862
0.232835
0.156943
0.103402
0.0665282
0.0417779
0.0255482
0.0152057
0.00877504
0.00491329
0.00265345
0.00138694
0.000694626
0.00033523
0.000154792
6.45429e-05
0.669887
0.716261
0.728679
0.725154
0.713011
0.682059
0.63163
0.584031
0.554761
0.532516
0.515222
0.496734
0.483298
0.469208
0.460459
0.454024
0.450141
0.450414
0.451902
0.455262
0.459557
0.464752
0.470117
0.476931
0.484549
0.497884
0.516221
0.539619
0.570919
0.586029
0.586798
0.581435
0.560753
0.518495
0.454059
0.456103
0.490349
0.647908
0.78108
0.797102
0.808642
0.831457
0.841038
0.84883
0.851599
0.853947
0.855212
0.855306
0.853241
0.852889
0.853445
0.852948
0.850773
0.844954
0.83255
0.808751
0.767132
0.701279
0.642177
0.620743
0.611333
0.608251
0.607699
0.609718
0.619354
0.633447
0.64079
0.6446
0.649972
0.654568
0.65685
0.660541
0.66413
0.666013
0.667216
0.667844
0.668638
0.669569
0.670188
0.670718
0.672243
0.67427
0.675827
0.678408
0.681974
0.684932
0.688614
0.69304
0.697072
0.701471
0.705793
0.709888
0.714025
0.717891
0.721329
0.72414
0.726439
0.728397
0.730137
0.732473
0.735854
0.740863
0.748061
0.758316
0.772941
0.79389
0.821678
0.854671
0.891099
0.926074
0.952412
0.971659
0.98391
0.990862
0.994323
0.99582
0.996209
0.995772
0.992459
0.978729
0.957927
0.945536
0.940264
0.938524
0.937901
0.937006
0.934282
0.923121
0.904224
0.893135
0.889003
0.888521
0.889822
0.895087
0.898246
0.898661
0.89784
0.892757
0.877678
0.865861
0.85947
0.856798
0.856257
0.856595
0.859175
0.870457
0.891992
0.910353
0.926223
0.940784
0.954001
0.965489
0.975117
0.982853
0.988682
0.992421
0.994114
0.994438
0.994255
0.993125
0.989202
0.977859
0.947839
0.859193
0.67741
0.505818
0.36349
0.252972
0.171185
0.1129
0.0724869
0.0452194
0.027302
0.0159373
0.00895518
0.00484763
0.00251419
0.00124993
0.000597043
0.00025845
0.736301
0.738005
0.7339
0.718404
0.671789
0.614944
0.57418
0.546592
0.526522
0.507526
0.488492
0.465883
0.445952
0.42606
0.413177
0.400543
0.400578
0.403032
0.409121
0.419882
0.432117
0.442625
0.449313
0.453132
0.45628
0.461861
0.470973
0.484205
0.512034
0.557847
0.579811
0.584383
0.580879
0.568096
0.535454
0.510386
0.529837
0.693923
0.810976
0.831961
0.841341
0.845995
0.847569
0.848116
0.847201
0.844035
0.842113
0.841652
0.84412
0.846944
0.847291
0.846161
0.84173
0.830895
0.807908
0.761531
0.681111
0.607226
0.583679
0.576096
0.574503
0.575329
0.583201
0.600815
0.619925
0.632006
0.641324
0.660119
0.683763
0.697607
0.706955
0.714913
0.717766
0.718582
0.718634
0.717536
0.715687
0.711606
0.708025
0.704517
0.701443
0.699545
0.698747
0.698532
0.698615
0.699637
0.701639
0.70448
0.707985
0.711981
0.716433
0.720984
0.725707
0.730155
0.733511
0.734829
0.734422
0.732212
0.729179
0.725854
0.722796
0.720501
0.719308
0.719453
0.721276
0.725157
0.731391
0.742126
0.760789
0.792915
0.843138
0.898929
0.941934
0.968701
0.9843
0.992414
0.996039
0.997218
0.997279
0.996068
0.9891
0.969235
0.953919
0.946127
0.942869
0.941144
0.938504
0.931687
0.915795
0.903306
0.897101
0.895437
0.895601
0.897985
0.901964
0.90345
0.903515
0.902625
0.897923
0.883566
0.870426
0.862876
0.859824
0.859294
0.859719
0.86255
0.874704
0.899329
0.920083
0.936519
0.949571
0.960288
0.969499
0.97759
0.984444
0.989812
0.993591
0.99582
0.996717
0.996834
0.996628
0.995512
0.991681
0.980295
0.948549
0.851083
0.668885
0.50142
0.362362
0.253126
0.170972
0.111647
0.0703366
0.0427066
0.0249124
0.0139499
0.00747755
0.00382916
0.0018869
0.000846249
0.74072
0.741414
0.732835
0.69758
0.639489
0.589376
0.553616
0.530222
0.508862
0.478113
0.438137
0.397898
0.362119
0.332323
0.313093
0.298671
0.29879
0.304086
0.317519
0.344732
0.380381
0.410868
0.430228
0.439858
0.443119
0.445975
0.451016
0.458971
0.474235
0.509419
0.553858
0.57942
0.585083
0.582012
0.564789
0.549077
0.552104
0.735149
0.829116
0.843732
0.847527
0.848078
0.84638
0.841803
0.829975
0.817881
0.81511
0.815529
0.82234
0.835055
0.837276
0.836578
0.830499
0.811276
0.76739
0.693687
0.598624
0.55914
0.548733
0.546383
0.546212
0.548071
0.557609
0.576026
0.596488
0.614175
0.638088
0.6704
0.69809
0.720428
0.745135
0.771953
0.795874
0.811259
0.81909
0.822967
0.822976
0.813508
0.803824
0.793227
0.784115
0.776757
0.772818
0.771148
0.77082
0.771253
0.774898
0.780308
0.787711
0.797117
0.809495
0.82379
0.837844
0.850727
0.859927
0.863622
0.860873
0.852227
0.839401
0.823168
0.804768
0.785904
0.768285
0.753901
0.742248
0.734256
0.730749
0.730995
0.735061
0.743806
0.758717
0.788187
0.841671
0.903876
0.94926
0.975208
0.988916
0.995229
0.997436
0.997717
0.9969
0.991288
0.973492
0.959395
0.952573
0.949258
0.944569
0.933455
0.919402
0.908773
0.903292
0.901767
0.901872
0.903623
0.906312
0.907268
0.907319
0.906863
0.904248
0.89396
0.880767
0.872315
0.868062
0.866668
0.866597
0.867557
0.872723
0.891817
0.917517
0.93705
0.951545
0.962513
0.971069
0.977948
0.983644
0.988441
0.992335
0.995202
0.997028
0.997927
0.998173
0.998144
0.99779
0.996337
0.991631
0.977579
0.936762
0.811701
0.629293
0.468629
0.335775
0.231337
0.152972
0.0969226
0.0587324
0.0340155
0.0188246
0.00993607
0.00504969
0.00234704
0.743555
0.746648
0.732914
0.687427
0.627556
0.5759
0.540795
0.516293
0.479854
0.426561
0.376338
0.336712
0.305483
0.282875
0.268259
0.256697
0.253738
0.255774
0.263167
0.280419
0.318567
0.367684
0.401709
0.420224
0.429941
0.433563
0.436015
0.442488
0.460346
0.503211
0.550339
0.579575
0.588281
0.5889
0.583122
0.565984
0.582188
0.77892
0.838183
0.847183
0.848398
0.84686
0.838001
0.813919
0.795323
0.791826
0.791236
0.791257
0.793611
0.803037
0.810892
0.811572
0.80677
0.787949
0.740306
0.644894
0.555377
0.526394
0.51337
0.505143
0.501758
0.501243
0.503498
0.517917
0.546133
0.574886
0.595395
0.618476
0.657956
0.698582
0.723932
0.756273
0.800855
0.829335
0.847812
0.866531
0.881468
0.892313
0.897337
0.898437
0.892565
0.881643
0.870121
0.86347
0.861528
0.861544
0.867566
0.879072
0.894761
0.913374
0.929933
0.943427
0.953675
0.961893
0.968462
0.971862
0.973501
0.972775
0.969814
0.964405
0.955963
0.943817
0.926782
0.902763
0.873684
0.843203
0.815934
0.793905
0.776838
0.765386
0.761152
0.766346
0.788409
0.825635
0.87969
0.933127
0.967758
0.985954
0.994385
0.997373
0.99777
0.996826
0.990094
0.973657
0.964212
0.959799
0.953084
0.939199
0.924388
0.913627
0.908304
0.906936
0.907118
0.908937
0.910811
0.911221
0.911108
0.910262
0.906564
0.895677
0.885856
0.880105
0.87762
0.877006
0.877033
0.877595
0.880517
0.892946
0.919691
0.942292
0.958869
0.970172
0.977666
0.982825
0.986761
0.990072
0.99292
0.995251
0.996995
0.998149
0.998767
0.998979
0.998987
0.998858
0.99823
0.996052
0.989255
0.968895
0.906968
0.743088
0.564187
0.410064
0.284813
0.188836
0.119401
0.0719487
0.0413193
0.0225446
0.0118128
0.00567655
0.747021
0.751636
0.733473
0.683789
0.623525
0.570416
0.53517
0.504947
0.455129
0.397195
0.350153
0.312953
0.284937
0.266403
0.253313
0.24418
0.239458
0.240078
0.245269
0.260521
0.297081
0.349573
0.392669
0.412814
0.419635
0.423762
0.431019
0.442197
0.46505
0.510835
0.555968
0.58331
0.595609
0.597474
0.587628
0.572818
0.627645
0.805102
0.842218
0.847845
0.848203
0.844426
0.829103
0.797093
0.766028
0.755946
0.755228
0.75637
0.759085
0.765679
0.774453
0.776003
0.770856
0.747599
0.696714
0.617736
0.528919
0.491233
0.47519
0.461709
0.443619
0.43664
0.435579
0.439249
0.455412
0.472666
0.478342
0.486779
0.515
0.54518
0.572086
0.62226
0.686368
0.741924
0.794861
0.840421
0.874538
0.899127
0.91776
0.92844
0.937156
0.941516
0.94316
0.942248
0.942157
0.942562
0.944795
0.950573
0.957709
0.964479
0.969797
0.973807
0.976937
0.980252
0.98396
0.987027
0.98969
0.991766
0.993274
0.993828
0.993477
0.992044
0.989642
0.985953
0.979771
0.969736
0.956086
0.940396
0.920979
0.892627
0.856306
0.821967
0.808068
0.813767
0.845128
0.886886
0.930879
0.965617
0.985194
0.994254
0.997375
0.99771
0.996365
0.987595
0.973797
0.967257
0.963238
0.95485
0.938843
0.925184
0.917473
0.914867
0.914709
0.915687
0.917192
0.917438
0.917117
0.915285
0.908028
0.896517
0.888971
0.885383
0.884299
0.884233
0.88457
0.885979
0.890304
0.904049
0.927122
0.947892
0.964553
0.976631
0.984546
0.989267
0.991944
0.993604
0.994939
0.996215
0.99739
0.998329
0.99897
0.999324
0.999455
0.999465
0.999406
0.999094
0.99796
0.994309
0.982967
0.94816
0.835768
0.642543
0.468217
0.32435
0.213567
0.133651
0.0796048
0.0450325
0.0244765
0.0122545
0.748377
0.753694
0.738335
0.688626
0.625901
0.569498
0.53326
0.500046
0.444934
0.385849
0.340593
0.304976
0.279375
0.262981
0.250288
0.241024
0.236096
0.237209
0.250024
0.272379
0.311519
0.360975
0.397758
0.412763
0.41805
0.423804
0.433548
0.449719
0.483524
0.531118
0.573898
0.594942
0.601614
0.598394
0.58718
0.584487
0.680858
0.821647
0.844053
0.84753
0.847473
0.842061
0.824657
0.796864
0.765557
0.743721
0.731758
0.725975
0.724215
0.725093
0.729056
0.732959
0.733434
0.722656
0.680999
0.604151
0.5174
0.464618
0.44366
0.425966
0.387785
0.371338
0.36332
0.35186
0.337367
0.325851
0.31507
0.311442
0.312495
0.328277
0.350272
0.385647
0.435668
0.493688
0.57486
0.664931
0.75514
0.832718
0.887458
0.920131
0.939277
0.949754
0.956931
0.961975
0.965488
0.967852
0.969719
0.971249
0.972572
0.973781
0.974448
0.974378
0.973869
0.973819
0.975758
0.979709
0.984984
0.990111
0.993926
0.996243
0.997477
0.998109
0.998276
0.998096
0.997455
0.996075
0.993487
0.989971
0.986561
0.982408
0.974259
0.954853
0.915232
0.878519
0.866585
0.877518
0.911615
0.943299
0.970063
0.987009
0.994987
0.997606
0.997765
0.995939
0.985993
0.974387
0.96929
0.965862
0.958328
0.944442
0.933407
0.927893
0.926494
0.926596
0.927369
0.927561
0.927111
0.924394
0.913982
0.901198
0.893168
0.889256
0.888037
0.887973
0.888515
0.891188
0.900623
0.91868
0.937201
0.954318
0.968676
0.979657
0.987312
0.992135
0.994856
0.99627
0.997054
0.997639
0.998198
0.998731
0.999174
0.999484
0.999657
0.999719
0.999723
0.999689
0.999506
0.998832
0.996586
0.989329
0.965906
0.888686
0.695892
0.503412
0.344912
0.223928
0.138087
0.080772
0.0453498
0.0235681
0.749528
0.756177
0.745706
0.707153
0.644617
0.580619
0.539291
0.501035
0.443706
0.384927
0.341207
0.3101
0.289664
0.277288
0.264558
0.25736
0.254741
0.258635
0.275825
0.305186
0.346705
0.385786
0.406006
0.414799
0.420021
0.428618
0.44465
0.470498
0.514326
0.569831
0.593689
0.601445
0.602152
0.595116
0.589386
0.609562
0.758459
0.830801
0.84376
0.846208
0.845097
0.836882
0.821078
0.8
0.771843
0.746051
0.730056
0.719806
0.71237
0.706788
0.701822
0.697442
0.692223
0.683599
0.660064
0.607293
0.528973
0.46439
0.42377
0.389107
0.353408
0.3243
0.304761
0.287792
0.269057
0.24757
0.239052
0.235972
0.235953
0.244702
0.258218
0.278003
0.309345
0.34799
0.393517
0.449064
0.514689
0.615876
0.731121
0.841536
0.902612
0.936442
0.952874
0.96154
0.966557
0.969624
0.971186
0.971376
0.969841
0.965027
0.955885
0.943723
0.931007
0.923624
0.923184
0.932634
0.947036
0.964616
0.980273
0.990671
0.995934
0.998131
0.998985
0.999342
0.999483
0.999467
0.999251
0.998631
0.997775
0.996988
0.996007
0.99404
0.989409
0.975959
0.947539
0.925725
0.92236
0.936333
0.959806
0.977955
0.990274
0.996208
0.998045
0.998049
0.996036
0.986721
0.977266
0.973028
0.970596
0.965778
0.956311
0.948308
0.944015
0.94264
0.942446
0.942299
0.941727
0.939402
0.930177
0.91408
0.903148
0.897458
0.895403
0.895128
0.895507
0.897816
0.907036
0.925641
0.943248
0.958745
0.971521
0.981343
0.988372
0.993023
0.995831
0.997364
0.998145
0.998579
0.998895
0.999179
0.999432
0.999633
0.999768
0.999839
0.999861
0.99986
0.999834
0.999706
0.999229
0.997576
0.991946
0.97269
0.906499
0.717513
0.510632
0.343776
0.219308
0.132493
0.0767314
0.0412647
0.752037
0.760914
0.752245
0.722435
0.663323
0.599559
0.554382
0.520273
0.470434
0.416281
0.375563
0.346452
0.324017
0.313047
0.306595
0.304045
0.304258
0.315998
0.33358
0.359686
0.383849
0.40259
0.413377
0.419742
0.427362
0.4427
0.468758
0.511979
0.566056
0.591178
0.599787
0.601586
0.598853
0.595588
0.600083
0.664942
0.800303
0.835
0.841288
0.841583
0.837745
0.828757
0.819652
0.806987
0.78872
0.763941
0.740213
0.724599
0.714364
0.7067
0.698922
0.690082
0.678943
0.665069
0.645912
0.613742
0.556082
0.481982
0.430349
0.390855
0.354806
0.319831
0.287731
0.25872
0.240158
0.223355
0.215035
0.212138
0.211573
0.214948
0.223523
0.23575
0.257878
0.290933
0.330327
0.377827
0.42416
0.470988
0.530533
0.620496
0.755117
0.866759
0.919485
0.94419
0.954533
0.957738
0.957841
0.952902
0.940744
0.919299
0.890983
0.865675
0.848785
0.836912
0.829088
0.83105
0.849936
0.88388
0.927978
0.9632
0.984253
0.993935
0.997778
0.999151
0.99961
0.999775
0.999832
0.999823
0.999714
0.999537
0.999376
0.999124
0.998591
0.997322
0.993894
0.984141
0.969558
0.960758
0.961676
0.973323
0.98549
0.993517
0.997438
0.998592
0.998529
0.996829
0.989527
0.982149
0.97837
0.976684
0.974781
0.970551
0.965807
0.96266
0.961279
0.960645
0.959661
0.957425
0.950902
0.937022
0.924841
0.916962
0.91331
0.912367
0.912396
0.913204
0.916999
0.929816
0.947228
0.961951
0.97377
0.982748
0.989182
0.993507
0.996215
0.99778
0.998621
0.999064
0.999324
0.999509
0.999658
0.999775
0.999858
0.999908
0.99993
0.999935
0.999932
0.999906
0.999796
0.999378
0.997863
0.9924
0.972701
0.90209
0.701504
0.489244
0.322835
0.201329
0.120151
0.0667409
0.755295
0.767059
0.76125
0.738637
0.692915
0.631938
0.576189
0.535508
0.493666
0.443575
0.4023
0.375435
0.356111
0.347115
0.34319
0.342385
0.347855
0.359389
0.370765
0.388188
0.399687
0.412353
0.423187
0.431707
0.447674
0.477588
0.525259
0.565622
0.586368
0.595365
0.598658
0.599207
0.598813
0.601973
0.634319
0.759048
0.819569
0.834584
0.83775
0.836938
0.830581
0.825117
0.819278
0.811565
0.802419
0.790125
0.77469
0.755794
0.737978
0.722869
0.709713
0.697012
0.682879
0.666665
0.647395
0.621533
0.585034
0.533773
0.463402
0.408532
0.367901
0.33077
0.297464
0.265728
0.244635
0.229104
0.217605
0.208758
0.205715
0.208146
0.21412
0.222935
0.238557
0.266647
0.302106
0.348162
0.395192
0.435477
0.475025
0.519855
0.574086
0.670274
0.805168
0.886475
0.91753
0.925812
0.924967
0.91151
0.886852
0.86167
0.844841
0.833812
0.824527
0.813041
0.799466
0.787424
0.782953
0.788395
0.815847
0.884448
0.946753
0.978407
0.991977
0.997205
0.99906
0.999673
0.999864
0.999925
0.999943
0.999938
0.999916
0.999881
0.999809
0.99964
0.999226
0.998217
0.995624
0.989711
0.983168
0.981017
0.983763
0.991155
0.996037
0.998418
0.999123
0.999092
0.998138
0.993648
0.988273
0.985149
0.983666
0.982928
0.981552
0.979832
0.978795
0.978141
0.976949
0.973912
0.965968
0.957494
0.951005
0.946475
0.943352
0.941328
0.940397
0.940262
0.940505
0.942694
0.951608
0.965462
0.976544
0.984774
0.990541
0.994356
0.996734
0.998132
0.998909
0.99933
0.999566
0.99971
0.999808
0.999877
0.999924
0.999953
0.999967
0.999971
0.999971
0.999966
0.999937
0.999818
0.999358
0.997612
0.991004
0.966251
0.875062
0.65097
0.444617
0.286165
0.175863
0.100765
0.758753
0.772949
0.769443
0.755156
0.728079
0.677967
0.620252
0.575365
0.538232
0.500382
0.458067
0.425882
0.404892
0.392553
0.387058
0.38525
0.385782
0.393778
0.401595
0.411549
0.423157
0.433636
0.451049
0.471945
0.504741
0.538603
0.563497
0.58103
0.589492
0.595173
0.597603
0.600268
0.606238
0.632184
0.726797
0.801498
0.82559
0.831981
0.832702
0.829275
0.824836
0.821542
0.817809
0.812916
0.808321
0.803169
0.796997
0.789378
0.780392
0.770136
0.756704
0.73977
0.718148
0.691342
0.664153
0.637317
0.607353
0.570486
0.53033
0.477289
0.41054
0.363638
0.326789
0.292178
0.264884
0.247608
0.234214
0.222686
0.218422
0.216854
0.218567
0.223927
0.23681
0.262487
0.295104
0.339439
0.387501
0.427196
0.462764
0.499551
0.537213
0.572155
0.623983
0.730268
0.833257
0.875926
0.883424
0.872189
0.856226
0.844379
0.835601
0.828237
0.820518
0.808625
0.792875
0.777165
0.766283
0.763889
0.766203
0.783833
0.861404
0.94008
0.976335
0.991309
0.99699
0.999005
0.999681
0.999894
0.999957
0.999977
0.999984
0.999983
0.999976
0.999951
0.999877
0.999714
0.999393
0.998658
0.996501
0.99294
0.991091
0.99151
0.994808
0.997729
0.999091
0.999524
0.999536
0.999199
0.9974
0.993816
0.991483
0.990287
0.989509
0.988938
0.98864
0.988417
0.987967
0.986767
0.982673
0.975672
0.970864
0.968606
0.96753
0.966385
0.965064
0.964153
0.963922
0.964094
0.965626
0.972209
0.981589
0.988425
0.993028
0.995938
0.997683
0.998685
0.999244
0.999553
0.999728
0.999832
0.999897
0.999938
0.999964
0.999978
0.999986
0.999988
0.999988
0.999987
0.999978
0.99994
0.999782
0.999153
0.996667
0.98697
0.949949
0.813351
0.57777
0.383625
0.242612
0.143231
0.762928
0.78056
0.776497
0.765484
0.74998
0.72404
0.67953
0.625584
0.583492
0.549101
0.509722
0.477901
0.455379
0.437753
0.429665
0.425899
0.424917
0.42838
0.436451
0.44548
0.461271
0.476975
0.497617
0.518839
0.540324
0.560196
0.574025
0.585701
0.591401
0.597578
0.603242
0.615256
0.644466
0.724407
0.788936
0.815021
0.822937
0.824126
0.818777
0.814424
0.812349
0.811824
0.811615
0.810869
0.808411
0.805665
0.80317
0.800625
0.797692
0.794188
0.789627
0.783267
0.773904
0.759078
0.733904
0.698616
0.660944
0.616211
0.575441
0.534154
0.506564
0.458098
0.411408
0.358436
0.318411
0.292017
0.274436
0.260461
0.251214
0.250313
0.25379
0.26267
0.280646
0.306231
0.33229
0.367945
0.413539
0.447931
0.469021
0.497672
0.533784
0.564585
0.588718
0.615966
0.670216
0.754841
0.814118
0.83517
0.837972
0.83493
0.828985
0.822032
0.811912
0.795411
0.776532
0.764932
0.757374
0.754637
0.755743
0.761452
0.788065
0.87599
0.9464
0.978917
0.992244
0.997298
0.999101
0.999713
0.999911
0.999971
0.999989
0.999994
0.999995
0.999994
0.999983
0.99995
0.999897
0.99979
0.999518
0.998556
0.996671
0.995717
0.995793
0.997207
0.998785
0.999513
0.999756
0.999775
0.999666
0.999077
0.997334
0.9958
0.99481
0.994234
0.993957
0.993832
0.993676
0.993316
0.992208
0.988846
0.985727
0.984279
0.983814
0.983348
0.982226
0.980944
0.980243
0.98014
0.980446
0.982332
0.98777
0.992529
0.995658
0.997559
0.998645
0.999242
0.999567
0.999746
0.999849
0.999911
0.999949
0.999971
0.999984
0.999991
0.999994
0.999996
0.999996
0.999995
0.999992
0.999978
0.999916
0.99966
0.998612
0.994381
0.977686
0.913781
0.71463
0.488222
0.317486
0.192887
0.768563
0.79099
0.785876
0.77057
0.762373
0.752884
0.734866
0.710186
0.677187
0.64623
0.613784
0.587515
0.561251
0.53799
0.523177
0.511457
0.505458
0.502501
0.501669
0.504728
0.512973
0.524818
0.53864
0.554051
0.567926
0.580754
0.590279
0.599343
0.606985
0.621604
0.644338
0.690989
0.747807
0.787606
0.806891
0.813751
0.814934
0.810505
0.803434
0.800487
0.798855
0.797934
0.797544
0.7985
0.800063
0.800848
0.800734
0.800017
0.798898
0.797684
0.796268
0.794456
0.791955
0.787878
0.780653
0.768279
0.747934
0.720643
0.679049
0.628796
0.580089
0.544811
0.511954
0.489229
0.46091
0.422378
0.396236
0.371027
0.360803
0.347664
0.348803
0.354757
0.367116
0.39138
0.421741
0.452459
0.488246
0.516709
0.528981
0.535714
0.558428
0.591976
0.607316
0.61451
0.62782
0.648733
0.68046
0.724161
0.758806
0.779463
0.783705
0.779587
0.766416
0.746038
0.739835
0.743567
0.748597
0.750838
0.752931
0.75775
0.774563
0.836939
0.91263
0.960512
0.984248
0.99414
0.997937
0.999306
0.999776
0.999931
0.999979
0.999993
0.999997
0.999998
0.999998
0.999995
0.999988
0.999971
0.99993
0.999786
0.999175
0.998226
0.997855
0.99792
0.998629
0.999406
0.999759
0.999876
0.999886
0.999834
0.999536
0.998677
0.997953
0.997526
0.997324
0.997245
0.997185
0.997058
0.996691
0.995397
0.993928
0.993284
0.99311
0.992948
0.99249
0.991358
0.990495
0.990197
0.990231
0.990754
0.992996
0.99582
0.997645
0.998715
0.999304
0.999616
0.999782
0.999873
0.999926
0.999957
0.999976
0.999988
0.999994
0.999997
0.999998
0.999998
0.999999
0.999998
0.999997
0.999991
0.999963
0.999845
0.99935
0.9973
0.989007
0.956481
0.833444
0.593962
0.397096
0.247997
0.773904
0.802082
0.794487
0.779129
0.77197
0.765646
0.757748
0.747767
0.735017
0.717728
0.700556
0.684916
0.672857
0.66137
0.650451
0.641259
0.634442
0.63107
0.629067
0.627678
0.626089
0.62542
0.624854
0.627163
0.63054
0.63636
0.645939
0.659607
0.679259
0.70764
0.741418
0.769538
0.793852
0.805408
0.810607
0.812112
0.811507
0.806406
0.798996
0.795403
0.793594
0.792355
0.791467
0.790925
0.790815
0.790896
0.791238
0.791809
0.792409
0.792741
0.792788
0.792559
0.791853
0.790519
0.788305
0.785373
0.779091
0.77025
0.75561
0.731991
0.694819
0.65388
0.61371
0.576467
0.550879
0.53383
0.516674
0.501996
0.493
0.490476
0.491243
0.49404
0.500106
0.509862
0.520581
0.533381
0.540397
0.546579
0.561504
0.576634
0.598168
0.635994
0.659924
0.664652
0.660715
0.65383
0.654126
0.662309
0.675267
0.688407
0.700684
0.707799
0.713308
0.720962
0.730607
0.741307
0.748408
0.751193
0.753372
0.758097
0.773149
0.828573
0.900203
0.948059
0.975833
0.990012
0.996229
0.998658
0.999545
0.999852
0.999954
0.999986
0.999996
0.999999
0.999999
0.999999
0.999999
0.999997
0.999991
0.999965
0.999838
0.999373
0.998984
0.99889
0.998972
0.999394
0.999741
0.999891
0.999935
0.999934
0.999887
0.999638
0.999217
0.998969
0.998868
0.998843
0.998832
0.998805
0.998705
0.998277
0.997649
0.997376
0.997316
0.99727
0.997122
0.996577
0.995951
0.995679
0.995657
0.995822
0.996711
0.998081
0.998954
0.999444
0.999702
0.999834
0.999904
0.999943
0.999967
0.999981
0.99999
0.999995
0.999997
0.999999
0.999999
0.999999
1
0.999999
0.999999
0.999996
0.999981
0.99992
0.999658
0.998554
0.994007
0.975822
0.905773
0.696034
0.475996
0.30511
0.777003
0.818954
0.816756
0.797859
0.784343
0.777873
0.77301
0.768439
0.764239
0.759715
0.756601
0.753924
0.751546
0.748208
0.744256
0.739936
0.737565
0.73658
0.73606
0.735176
0.733622
0.732055
0.730868
0.729952
0.731048
0.735447
0.742543
0.751124
0.761417
0.774212
0.788185
0.799015
0.806292
0.80997
0.811866
0.812324
0.811547
0.807008
0.800134
0.796208
0.794188
0.792784
0.791718
0.790936
0.790403
0.789986
0.789659
0.789439
0.789117
0.788808
0.788647
0.788309
0.787754
0.787304
0.786561
0.785378
0.783269
0.780226
0.775041
0.766551
0.755622
0.733474
0.707569
0.678171
0.644311
0.620155
0.599118
0.582062
0.568003
0.557816
0.553241
0.553102
0.554274
0.557639
0.561552
0.565497
0.576061
0.589152
0.600496
0.625071
0.652113
0.66734
0.679921
0.689299
0.692457
0.692941
0.689049
0.680914
0.678863
0.680741
0.68877
0.698635
0.708732
0.720785
0.734394
0.747746
0.756237
0.759039
0.76033
0.764838
0.778379
0.828003
0.897456
0.944549
0.972483
0.987396
0.994678
0.997938
0.999257
0.999746
0.999917
0.999974
0.999992
0.999998
0.999999
1
1
0.999999
0.999998
0.999991
0.999953
0.999769
0.999515
0.999408
0.999406
0.999516
0.999765
0.999899
0.999951
0.999959
0.999949
0.999871
0.999668
0.999543
0.999504
0.999503
0.999516
0.999518
0.9995
0.999393
0.999147
0.999027
0.999
0.998986
0.998938
0.998732
0.998434
0.998291
0.998272
0.99833
0.998676
0.999242
0.999595
0.999787
0.999885
0.999934
0.999961
0.999976
0.999986
0.999992
0.999996
0.999998
0.999999
1
1
1
1
1
0.999999
0.999998
0.99999
0.999954
0.999801
0.999145
0.996409
0.985308
0.941869
0.783921
0.550261
0.361136
0.777666
0.828144
0.834035
0.826451
0.808474
0.7955
0.784008
0.778067
0.774777
0.772197
0.771227
0.771171
0.773608
0.778555
0.782971
0.787152
0.789612
0.792929
0.795565
0.795816
0.79547
0.794907
0.794312
0.794028
0.793851
0.795566
0.797773
0.799958
0.802701
0.806387
0.810563
0.813712
0.815143
0.815587
0.81535
0.815001
0.81439
0.812135
0.808834
0.805682
0.803256
0.801425
0.799796
0.798367
0.797234
0.795904
0.794702
0.793626
0.792491
0.791163
0.790385
0.789523
0.788357
0.787211
0.786319
0.785349
0.783529
0.781804
0.778494
0.773532
0.76982
0.762709
0.748533
0.735201
0.720192
0.701594
0.681219
0.663107
0.652179
0.638533
0.62912
0.62242
0.617451
0.617787
0.62018
0.627019
0.635285
0.650974
0.666884
0.686124
0.7006
0.708002
0.708989
0.707456
0.707173
0.708935
0.713991
0.717151
0.718655
0.71952
0.720083
0.721664
0.727165
0.739746
0.750581
0.755747
0.759696
0.765289
0.772766
0.782013
0.797885
0.839046
0.898729
0.94373
0.971513
0.986558
0.994058
0.997527
0.99903
0.999643
0.999875
0.999958
0.999986
0.999995
0.999998
0.999999
0.999999
0.999999
0.999999
0.999996
0.99998
0.999893
0.999749
0.999677
0.999666
0.999695
0.99982
0.999919
0.999961
0.99997
0.999967
0.999931
0.999836
0.999779
0.999764
0.999767
0.999786
0.9998
0.9998
0.99978
0.999705
0.999652
0.999639
0.999632
0.999614
0.999541
0.999434
0.999382
0.999374
0.999396
0.999524
0.99973
0.999857
0.999924
0.999958
0.999975
0.999984
0.99999
0.999994
0.999997
0.999998
0.999999
1
1
1
1
1
1
1
0.999999
0.999994
0.999971
0.999873
0.99945
0.99766
0.990314
0.961205
0.849136
0.615701
0.413387
0.77337
0.830198
0.84065
0.840937
0.837643
0.830265
0.821249
0.812139
0.806004
0.80231
0.798348
0.794473
0.793351
0.79388
0.796283
0.799672
0.802465
0.805626
0.808465
0.809957
0.810697
0.811514
0.813046
0.814606
0.81592
0.81706
0.818209
0.819039
0.819914
0.82107
0.822283
0.823217
0.823644
0.823822
0.823784
0.823573
0.823516
0.823587
0.823155
0.822478
0.821718
0.820802
0.820027
0.818454
0.817416
0.81541
0.813459
0.811301
0.809058
0.805525
0.803138
0.800041
0.797649
0.79414
0.791251
0.789316
0.786186
0.78459
0.781848
0.778147
0.773712
0.77036
0.762962
0.75498
0.746842
0.738246
0.728855
0.715996
0.707684
0.698814
0.694348
0.690958
0.687981
0.688486
0.690404
0.694776
0.701642
0.708084
0.712937
0.717836
0.721126
0.722331
0.72348
0.725363
0.729566
0.735411
0.739106
0.743076
0.746881
0.748937
0.750087
0.750872
0.752013
0.754911
0.757306
0.758502
0.760175
0.765071
0.781823
0.809436
0.838166
0.875021
0.913484
0.947646
0.971933
0.986364
0.993859
0.997394
0.998941
0.999586
0.999844
0.999943
0.999979
0.999991
0.999996
0.999997
0.999998
0.999999
0.999999
0.999997
0.999989
0.99994
0.999852
0.99981
0.999803
0.999818
0.999888
0.999947
0.999973
0.999978
0.999976
0.999953
0.999906
0.999881
0.999876
0.999879
0.999895
0.999912
0.999916
0.999913
0.999896
0.999876
0.99987
0.999866
0.999858
0.999832
0.999801
0.999787
0.999786
0.999794
0.999841
0.99991
0.999952
0.999974
0.999985
0.99999
0.999993
0.999996
0.999997
0.999999
0.999999
1
1
1
1
1
1
1
1
0.999999
0.999996
0.999981
0.999914
0.999619
0.998357
0.993124
0.972177
0.891068
0.673298
0.459933
0.759813
0.824272
0.846607
0.85165
0.852272
0.850774
0.847019
0.844298
0.841159
0.839052
0.838209
0.838418
0.837963
0.835964
0.8349
0.835702
0.842157
0.846082
0.846529
0.846121
0.84158
0.831235
0.827174
0.82605
0.82554
0.825195
0.824896
0.824768
0.824746
0.824954
0.825374
0.825724
0.825894
0.825983
0.826083
0.826134
0.826183
0.826223
0.826137
0.825976
0.825768
0.825402
0.825425
0.825441
0.825408
0.825189
0.824589
0.823923
0.822584
0.820968
0.819004
0.817309
0.814663
0.812426
0.808351
0.804886
0.801045
0.795414
0.792307
0.78866
0.782149
0.778895
0.774165
0.766827
0.761773
0.755784
0.748961
0.743486
0.739021
0.731621
0.725853
0.723343
0.721301
0.721316
0.722003
0.723754
0.727007
0.72994
0.732109
0.732624
0.733804
0.738426
0.743531
0.747032
0.751665
0.754398
0.755913
0.756846
0.757528
0.757873
0.757942
0.758055
0.758283
0.759096
0.759694
0.760037
0.760894
0.764943
0.784419
0.843496
0.896162
0.926493
0.946899
0.96374
0.977799
0.988005
0.994163
0.997401
0.998917
0.999566
0.999826
0.999929
0.999968
0.999984
0.99999
0.999993
0.999995
0.999996
0.999997
0.999997
0.999992
0.999962
0.999901
0.999873
0.999869
0.99988
0.999926
0.999965
0.999981
0.999984
0.999981
0.999964
0.999939
0.999928
0.999927
0.999929
0.999943
0.999958
0.999963
0.999963
0.999961
0.999955
0.999952
0.99995
0.999945
0.999937
0.99993
0.999927
0.999927
0.999931
0.999948
0.999971
0.999984
0.999991
0.999995
0.999996
0.999997
0.999998
0.999999
0.999999
1
1
1
1
1
1
1
1
1
0.999999
0.999997
0.999986
0.999937
0.999718
0.998767
0.994783
0.978699
0.916074
0.721278
0.499893
0.750344
0.806785
0.848288
0.858527
0.860971
0.861303
0.862034
0.862449
0.861271
0.860557
0.861332
0.864089
0.867553
0.868166
0.867809
0.867575
0.868753
0.870811
0.872214
0.874817
0.88003
0.887624
0.890261
0.89068
0.890099
0.885506
0.875652
0.862987
0.850804
0.842771
0.83819
0.834868
0.833561
0.833072
0.833356
0.834466
0.835988
0.837537
0.838038
0.836996
0.834778
0.832442
0.830324
0.828455
0.827143
0.826335
0.825766
0.825322
0.824849
0.824602
0.82401
0.823477
0.822371
0.821136
0.819701
0.817133
0.815306
0.812709
0.809259
0.805806
0.800989
0.798288
0.792328
0.786006
0.783201
0.777853
0.771267
0.76726
0.76297
0.758783
0.755317
0.752998
0.75014
0.747208
0.746385
0.746764
0.74854
0.752538
0.755141
0.75641
0.757161
0.758929
0.760239
0.760916
0.761139
0.761075
0.760975
0.761032
0.761263
0.761494
0.761546
0.761715
0.761969
0.762063
0.761798
0.761771
0.762201
0.76538
0.784107
0.852811
0.917191
0.952926
0.971924
0.982885
0.989294
0.993309
0.996125
0.997987
0.99906
0.999589
0.999822
0.999915
0.99995
0.999966
0.999975
0.999981
0.999986
0.999991
0.999994
0.999994
0.999992
0.999974
0.999928
0.999906
0.999903
0.999911
0.999946
0.999974
0.999986
0.999988
0.999986
0.999973
0.999957
0.999951
0.999951
0.999954
0.999966
0.999977
0.999983
0.999984
0.999984
0.999983
0.999982
0.99998
0.999978
0.999976
0.999975
0.999974
0.999974
0.999976
0.999983
0.99999
0.999995
0.999997
0.999998
0.999999
0.999999
0.999999
1
1
1
1
1
1
1
1
1
1
1
1
0.999998
0.99999
0.999952
0.99978
0.999022
0.995813
0.982771
0.931756
0.758654
0.533428
0.743881
0.78182
0.840833
0.857742
0.865198
0.868942
0.869529
0.870338
0.87224
0.872733
0.873024
0.87443
0.878089
0.879996
0.879912
0.879671
0.87963
0.880686
0.882756
0.884453
0.885617
0.886311
0.884525
0.879825
0.876304
0.874316
0.873795
0.874645
0.881784
0.884722
0.883255
0.880202
0.878175
0.878611
0.882804
0.88981
0.898894
0.910113
0.920403
0.929334
0.936378
0.939654
0.938408
0.92631
0.888167
0.85707
0.839733
0.831395
0.827627
0.825615
0.82442
0.823853
0.82354
0.822869
0.822268
0.82132
0.819894
0.818702
0.817468
0.814657
0.811833
0.810232
0.806412
0.801894
0.799306
0.794239
0.790034
0.787757
0.783921
0.778662
0.775741
0.775168
0.774694
0.77322
0.771235
0.770003
0.76923
0.769037
0.768952
0.76889
0.768595
0.767394
0.766112
0.765391
0.764757
0.764051
0.763515
0.763396
0.763486
0.763934
0.764524
0.765437
0.76541
0.764654
0.763427
0.763046
0.763205
0.765646
0.782036
0.849469
0.918855
0.958824
0.978651
0.988599
0.993916
0.996803
0.998322
0.999102
0.999513
0.999735
0.999852
0.999902
0.999916
0.999923
0.999933
0.999946
0.999962
0.999976
0.999986
0.999989
0.999989
0.999979
0.999946
0.999928
0.999925
0.999931
0.999958
0.99998
0.99999
0.999992
0.999991
0.999983
0.999972
0.999968
0.999968
0.99997
0.999979
0.999987
0.999991
0.999993
0.999993
0.999993
0.999993
0.999992
0.999991
0.999991
0.99999
0.99999
0.999991
0.999992
0.999994
0.999997
0.999998
0.999999
0.999999
0.999999
1
1
1
1
1
1
1
1
1
1
1
1
1
1
0.999998
0.999992
0.999962
0.99982
0.999188
0.996488
0.985448
0.942118
0.787328
0.56144
0.741393
0.751702
0.81712
0.852582
0.863862
0.870635
0.874925
0.876749
0.877348
0.877624
0.87952
0.880401
0.881597
0.884158
0.885039
0.885405
0.886116
0.887611
0.890142
0.892062
0.892674
0.892568
0.892772
0.892945
0.892615
0.890664
0.886635
0.878336
0.87238
0.871442
0.876693
0.882722
0.887938
0.893078
0.899129
0.905514
0.911482
0.916905
0.920656
0.925739
0.93554
0.949216
0.962962
0.970183
0.970243
0.963991
0.938988
0.88644
0.85318
0.836173
0.828534
0.825232
0.823503
0.822364
0.821942
0.821469
0.820426
0.819543
0.818857
0.817089
0.815229
0.814121
0.81146
0.808072
0.806441
0.803405
0.798887
0.796644
0.795026
0.79125
0.787656
0.785588
0.783731
0.781957
0.78054
0.778851
0.776589
0.774382
0.773076
0.772569
0.772005
0.770437
0.768739
0.767726
0.767219
0.767102
0.767189
0.76744
0.767669
0.768005
0.767819
0.767497
0.766828
0.765349
0.764107
0.763742
0.763984
0.766193
0.780487
0.843341
0.916544
0.959387
0.981086
0.990932
0.99555
0.997858
0.998992
0.999511
0.999733
0.999826
0.999872
0.999878
0.999854
0.999829
0.999832
0.999851
0.999896
0.999937
0.999966
0.99998
0.999983
0.999979
0.999959
0.999943
0.999941
0.999945
0.999966
0.999984
0.999992
0.999994
0.999994
0.999989
0.999983
0.999981
0.999981
0.999982
0.999988
0.999992
0.999995
0.999996
0.999997
0.999997
0.999997
0.999997
0.999996
0.999996
0.999996
0.999996
0.999996
0.999997
0.999998
0.999999
0.999999
1
1
1
1
1
1
1
1
1
1
1
1
1
1
1
1
1
0.999999
0.999994
0.999968
0.999848
0.999304
0.996962
0.987337
0.949473
0.810022
0.585562
0.742866
0.742915
0.772136
0.837
0.858466
0.868799
0.874774
0.878501
0.881259
0.881499
0.881511
0.883145
0.884245
0.885924
0.887395
0.888656
0.890074
0.891708
0.893484
0.894365
0.894626
0.894579
0.894553
0.894472
0.894123
0.893587
0.892679
0.890928
0.885868
0.877868
0.87085
0.870609
0.873176
0.878542
0.883469
0.886048
0.886223
0.884165
0.882503
0.887265
0.909328
0.931161
0.94823
0.964048
0.975525
0.979066
0.978154
0.971554
0.945115
0.888288
0.85352
0.835545
0.827346
0.82369
0.821549
0.820555
0.819435
0.818682
0.818175
0.816857
0.815467
0.814441
0.811898
0.809488
0.808277
0.805888
0.802003
0.799761
0.797685
0.794914
0.792296
0.789703
0.786931
0.784774
0.783557
0.7822
0.779707
0.776835
0.774902
0.774133
0.773709
0.772777
0.771701
0.77128
0.77152
0.772462
0.773575
0.774184
0.773859
0.771901
0.769558
0.768387
0.767341
0.766379
0.765869
0.766045
0.766791
0.76963
0.782343
0.840409
0.914868
0.958835
0.981853
0.992285
0.996618
0.99847
0.999319
0.999676
0.999797
0.999843
0.999846
0.999833
0.999721
0.999592
0.999589
0.999621
0.999729
0.999843
0.999918
0.999958
0.999973
0.999973
0.999965
0.999953
0.999951
0.999954
0.999971
0.999986
0.999993
0.999996
0.999996
0.999993
0.999989
0.999988
0.999988
0.999989
0.999993
0.999995
0.999997
0.999998
0.999998
0.999999
0.999999
0.999999
0.999998
0.999998
0.999998
0.999998
0.999998
0.999999
0.999999
1
1
1
1
1
1
1
1
1
1
1
1
1
1
1
1
1
1
1
0.999999
0.999995
0.999973
0.999869
0.999395
0.997338
0.988857
0.955456
0.830125
0.608542
0.754618
0.743432
0.749384
0.794112
0.845073
0.863196
0.872792
0.877851
0.881445
0.883689
0.884005
0.884121
0.885058
0.886493
0.887879
0.889284
0.890965
0.892703
0.894235
0.894923
0.895096
0.894836
0.894223
0.893695
0.893397
0.893237
0.892989
0.892061
0.889085
0.882736
0.876943
0.871573
0.868618
0.867967
0.86837
0.868612
0.868438
0.86808
0.868722
0.874433
0.898502
0.929403
0.95043
0.964514
0.976022
0.983926
0.98654
0.986321
0.983205
0.971631
0.929491
0.875509
0.846364
0.831689
0.824593
0.821516
0.819233
0.817619
0.816479
0.815155
0.814327
0.813422
0.811118
0.808929
0.807853
0.806136
0.802596
0.800084
0.798006
0.795842
0.793762
0.791121
0.787993
0.785676
0.784612
0.783663
0.781813
0.779248
0.77719
0.776183
0.77619
0.776492
0.777121
0.777613
0.778593
0.779264
0.779048
0.77841
0.776509
0.772937
0.770223
0.76873
0.768405
0.769245
0.770714
0.772049
0.774222
0.779131
0.793702
0.846044
0.915179
0.959108
0.982247
0.99286
0.997233
0.99892
0.999544
0.999756
0.999817
0.999819
0.999803
0.999743
0.999435
0.999064
0.999039
0.999101
0.999337
0.999625
0.99981
0.999909
0.999952
0.999963
0.999962
0.999956
0.999955
0.999959
0.999974
0.999988
0.999994
0.999996
0.999997
0.999996
0.999993
0.999992
0.999992
0.999993
0.999995
0.999997
0.999998
0.999999
0.999999
0.999999
0.999999
0.999999
0.999999
0.999999
0.999999
0.999999
0.999999
1
1
1
1
1
1
1
1
1
1
1
1
1
1
1
1
1
1
1
1
1
0.999999
0.999996
0.999977
0.999888
0.999478
0.997692
0.99032
0.961301
0.851321
0.634117
0.83008
0.754902
0.747874
0.756424
0.788696
0.840261
0.86414
0.874927
0.880594
0.88366
0.885267
0.885777
0.885697
0.886531
0.887748
0.889155
0.890828
0.892561
0.894102
0.894874
0.895071
0.894901
0.894198
0.893397
0.893083
0.892922
0.892633
0.891826
0.888951
0.882975
0.878048
0.87395
0.870201
0.867941
0.866963
0.866709
0.866719
0.867128
0.869608
0.879791
0.912497
0.945611
0.967348
0.979457
0.986451
0.990912
0.992872
0.993068
0.99265
0.990529
0.982776
0.958721
0.899337
0.859249
0.837911
0.827191
0.821475
0.818607
0.816373
0.814482
0.813584
0.812669
0.810317
0.808004
0.806977
0.805593
0.802948
0.800393
0.798013
0.796276
0.794841
0.79248
0.789289
0.786656
0.785381
0.785015
0.784667
0.783601
0.78236
0.782049
0.7823
0.783259
0.784854
0.785594
0.784795
0.782453
0.78101
0.779779
0.777093
0.773562
0.770807
0.769991
0.770699
0.77499
0.78054
0.784257
0.788756
0.797595
0.818642
0.872536
0.927319
0.963628
0.983718
0.993369
0.997497
0.999083
0.999624
0.999777
0.999802
0.999784
0.99971
0.999535
0.99885
0.998003
0.997919
0.998031
0.99849
0.999152
0.999575
0.999804
0.999909
0.999947
0.999955
0.999955
0.999955
0.999959
0.999975
0.999988
0.999995
0.999997
0.999997
0.999997
0.999995
0.999995
0.999995
0.999995
0.999997
0.999998
0.999999
0.999999
0.999999
1
1
1
1
1
1
1
1
1
1
1
1
1
1
1
1
1
1
1
1
1
1
1
1
1
1
1
1
1
0.999999
0.999996
0.999981
0.999907
0.999565
0.998077
0.991949
0.967903
0.876865
0.66761
0.924428
0.772687
0.756858
0.758567
0.768286
0.787222
0.820458
0.860831
0.875851
0.88235
0.885101
0.886393
0.887006
0.886901
0.887549
0.888521
0.890138
0.891957
0.893538
0.894518
0.8947
0.894532
0.893691
0.892843
0.89257
0.892435
0.892149
0.891175
0.887766
0.8821
0.878124
0.875151
0.872831
0.87102
0.87015
0.87007
0.870474
0.872513
0.879416
0.903644
0.941283
0.966989
0.98148
0.988695
0.992474
0.995
0.996424
0.996768
0.996703
0.996281
0.99471
0.989455
0.974872
0.928215
0.876659
0.847197
0.831467
0.823475
0.818484
0.815294
0.813962
0.812931
0.810431
0.808334
0.80722
0.805673
0.803853
0.801431
0.798755
0.79713
0.796367
0.795222
0.793038
0.790657
0.789149
0.788943
0.78939
0.79031
0.790889
0.791609
0.792463
0.792418
0.792099
0.790905
0.787462
0.783687
0.7818
0.780349
0.777886
0.774753
0.773035
0.77317
0.775229
0.785439
0.797974
0.805927
0.814087
0.829359
0.863252
0.910766
0.948775
0.973707
0.987752
0.994787
0.997963
0.99924
0.999674
0.999778
0.999774
0.999694
0.999446
0.999029
0.997685
0.99595
0.995726
0.995914
0.996723
0.998134
0.999072
0.999578
0.999815
0.99991
0.999941
0.999949
0.999953
0.99996
0.999977
0.999989
0.999995
0.999997
0.999998
0.999997
0.999997
0.999996
0.999996
0.999997
0.999998
0.999998
0.999999
0.999999
1
1
1
1
1
1
1
1
1
1
1
1
1
1
1
1
1
1
1
1
1
1
1
1
1
1
1
1
1
1
0.999999
0.999997
0.999986
0.999929
0.999671
0.998554
0.99399
0.976217
0.909239
0.721595
0.997377
0.985738
0.968265
0.948701
0.913228
0.826727
0.814297
0.824791
0.846472
0.873241
0.882493
0.88581
0.887091
0.887702
0.887904
0.888346
0.889039
0.890234
0.891604
0.892838
0.893031
0.892856
0.892275
0.892036
0.892019
0.891941
0.8915
0.889762
0.884493
0.880509
0.877843
0.876701
0.876535
0.87672
0.877368
0.878777
0.88186
0.888992
0.909493
0.94638
0.971233
0.984588
0.991455
0.994877
0.996533
0.997535
0.998237
0.998526
0.99854
0.998461
0.998138
0.997071
0.993814
0.984333
0.959265
0.902633
0.863396
0.841227
0.827927
0.820138
0.816717
0.814061
0.811571
0.810118
0.808532
0.80749
0.806803
0.805283
0.802967
0.80135
0.800779
0.800687
0.800546
0.799733
0.798851
0.798684
0.798965
0.8001
0.800315
0.799874
0.798095
0.796502
0.79542
0.793171
0.78868
0.784698
0.782524
0.781289
0.779864
0.778498
0.778775
0.779921
0.784524
0.803567
0.826348
0.84057
0.855127
0.882589
0.926408
0.957925
0.977369
0.988415
0.994344
0.997418
0.998916
0.99955
0.999744
0.999759
0.999705
0.999455
0.998665
0.997763
0.995384
0.992163
0.991624
0.991913
0.993158
0.995963
0.997979
0.999087
0.999611
0.999832
0.999911
0.999934
0.999946
0.999962
0.999978
0.999989
0.999995
0.999997
0.999998
0.999998
0.999997
0.999997
0.999997
0.999997
0.999998
0.999999
0.999999
0.999999
1
1
1
1
1
1
1
1
1
1
1
1
1
1
1
1
1
1
1
1
1
1
1
1
1
1
1
1
1
1
1
0.999998
0.99999
0.999953
0.999784
0.999067
0.996194
0.985201
0.944273
0.804543
0.999885
0.999276
0.997684
0.994598
0.988427
0.971111
0.936447
0.863579
0.848989
0.852583
0.863078
0.877619
0.884794
0.887187
0.887893
0.888413
0.888832
0.889597
0.890146
0.890904
0.891353
0.891368
0.891427
0.891566
0.891511
0.891153
0.889903
0.885367
0.881399
0.879392
0.879142
0.879516
0.880886
0.885709
0.892974
0.898626
0.908635
0.933825
0.959822
0.977397
0.987729
0.993298
0.996213
0.997716
0.998464
0.998895
0.999209
0.999382
0.999416
0.999402
0.999336
0.999122
0.998471
0.996571
0.991254
0.978539
0.942901
0.892956
0.859221
0.838728
0.827307
0.82029
0.816265
0.813686
0.811738
0.810615
0.810215
0.810142
0.810041
0.809285
0.808384
0.808181
0.808167
0.808167
0.808018
0.807261
0.806674
0.806296
0.805607
0.80367
0.800356
0.798272
0.797088
0.79497
0.791013
0.787141
0.785276
0.784647
0.785771
0.788805
0.791329
0.795005
0.803683
0.833047
0.866557
0.887851
0.914917
0.950854
0.9717
0.984126
0.991507
0.995715
0.997968
0.999099
0.999606
0.999776
0.999786
0.999738
0.999526
0.998895
0.996872
0.994709
0.990961
0.986062
0.984888
0.985254
0.986898
0.991635
0.995763
0.998083
0.999197
0.999671
0.999846
0.999907
0.999937
0.99996
0.999978
0.999989
0.999995
0.999997
0.999998
0.999998
0.999998
0.999998
0.999998
0.999998
0.999998
0.999999
0.999999
1
1
1
1
1
1
1
1
1
1
1
1
1
1
1
1
1
1
1
1
1
1
1
1
1
1
1
1
1
1
1
1
0.999999
0.999994
0.999972
0.999876
0.99948
0.997935
0.992149
0.970922
0.895721
0.999995
0.999963
0.999845
0.999521
0.998699
0.99636
0.990377
0.97358
0.936351
0.883208
0.867516
0.868254
0.872333
0.87839
0.884436
0.887129
0.888229
0.889035
0.889501
0.890098
0.890468
0.890736
0.89087
0.890772
0.890286
0.888728
0.884635
0.881568
0.880096
0.880167
0.881169
0.884995
0.892588
0.903426
0.92119
0.942061
0.960426
0.974655
0.984868
0.99146
0.995311
0.997402
0.998508
0.999094
0.999397
0.999563
0.99968
0.999758
0.999785
0.999785
0.999773
0.999733
0.999612
0.99926
0.998266
0.995678
0.989133
0.975737
0.939965
0.894203
0.862959
0.843416
0.831693
0.824636
0.82001
0.81668
0.814699
0.813973
0.813838
0.813677
0.812948
0.812221
0.812006
0.811875
0.811589
0.810674
0.809752
0.809236
0.808435
0.806291
0.802923
0.800663
0.7999
0.79922
0.7973
0.794708
0.794248
0.795207
0.800563
0.810979
0.817987
0.82523
0.840065
0.877997
0.916818
0.946802
0.968268
0.980868
0.988514
0.993308
0.996309
0.998104
0.999105
0.9996
0.999796
0.999829
0.999799
0.99963
0.999063
0.997582
0.993667
0.987551
0.983426
0.978442
0.975711
0.975946
0.977654
0.983885
0.991579
0.996136
0.998384
0.999348
0.999719
0.999858
0.999919
0.999954
0.999976
0.999988
0.999994
0.999997
0.999998
0.999998
0.999998
0.999998
0.999998
0.999998
0.999998
0.999999
0.999999
1
1
1
1
1
1
1
1
1
1
1
1
1
1
1
1
1
1
1
1
1
1
1
1
1
1
1
1
1
1
1
1
0.999999
0.999997
0.999985
0.999937
0.999741
0.998995
0.996241
0.986186
0.95145
1
0.999998
0.999991
0.999964
0.999877
0.999599
0.99876
0.996217
0.989328
0.972433
0.935611
0.895469
0.879407
0.87765
0.878152
0.879857
0.882425
0.884274
0.885376
0.886671
0.887319
0.887312
0.887037
0.886107
0.885096
0.882862
0.881225
0.881253
0.882161
0.885204
0.891717
0.905623
0.92921
0.951551
0.967509
0.978421
0.98604
0.991371
0.994939
0.997154
0.998428
0.999121
0.999489
0.999687
0.999794
0.999853
0.999891
0.999918
0.999931
0.999932
0.99993
0.999922
0.999902
0.999843
0.999679
0.999233
0.998088
0.995309
0.988538
0.977969
0.951788
0.911282
0.879499
0.858715
0.84489
0.834471
0.827494
0.824265
0.822826
0.820964
0.819026
0.817777
0.81735
0.817045
0.816496
0.815239
0.814405
0.814252
0.814125
0.81345
0.810961
0.809184
0.809342
0.810992
0.813292
0.815367
0.817269
0.820638
0.83202
0.851956
0.86564
0.878293
0.904402
0.939347
0.966546
0.980503
0.988064
0.992428
0.995176
0.997041
0.998304
0.999111
0.999581
0.999798
0.999857
0.999844
0.999734
0.999281
0.997915
0.994314
0.987154
0.980013
0.97532
0.973557
0.970738
0.969273
0.969568
0.972522
0.983654
0.992543
0.996862
0.998742
0.999491
0.999776
0.999891
0.999945
0.999973
0.999987
0.999994
0.999997
0.999997
0.999998
0.999998
0.999998
0.999998
0.999998
0.999998
0.999999
0.999999
1
1
1
1
1
1
1
1
1
1
1
1
1
1
1
1
1
1
1
1
1
1
1
1
1
1
1
1
1
1
1
1
1
0.999998
0.999993
0.999969
0.999875
0.999518
0.998189
0.993271
0.976347
1
1
1
0.999998
0.99999
0.999963
0.999866
0.999539
0.998515
0.995624
0.988336
0.972672
0.943775
0.909274
0.893079
0.885853
0.883765
0.883744
0.883793
0.883855
0.883801
0.883613
0.882926
0.88246
0.882742
0.883713
0.886283
0.891928
0.898722
0.913634
0.938807
0.959722
0.973784
0.983064
0.989139
0.993122
0.995747
0.997462
0.998543
0.999187
0.999551
0.999747
0.999852
0.999909
0.999941
0.999958
0.99997
0.999978
0.999982
0.999982
0.999982
0.99998
0.999977
0.999968
0.999945
0.999881
0.999711
0.999283
0.998271
0.995716
0.989662
0.983344
0.971087
0.944826
0.91583
0.889753
0.870389
0.858535
0.850475
0.843735
0.839264
0.835738
0.833985
0.833655
0.833008
0.830835
0.830068
0.830714
0.832382
0.833481
0.833718
0.834356
0.835878
0.841074
0.851985
0.860131
0.864932
0.870988
0.888071
0.914898
0.933743
0.952954
0.968651
0.980538
0.988283
0.992854
0.995426
0.996912
0.997897
0.998635
0.999189
0.99957
0.999792
0.999878
0.999877
0.99982
0.999509
0.998375
0.995128
0.986248
0.978816
0.975996
0.972918
0.971231
0.969934
0.967027
0.965984
0.966566
0.971889
0.985943
0.994109
0.997682
0.999083
0.999616
0.99983
0.999922
0.999965
0.999984
0.999992
0.999996
0.999997
0.999997
0.999997
0.999997
0.999998
0.999998
0.999998
0.999999
0.999999
0.999999
1
1
1
1
1
1
1
1
1
1
1
1
1
1
1
1
1
1
1
1
1
1
1
1
1
1
1
1
1
1
1
1
0.999999
0.999996
0.999984
0.999936
0.999751
0.999045
0.996357
0.986873
1
1
1
1
0.999999
0.999997
0.999988
0.999954
0.999832
0.99944
0.998318
0.995538
0.988286
0.978819
0.959934
0.939178
0.92208
0.909057
0.90221
0.898696
0.89635
0.896419
0.897086
0.899035
0.904344
0.911175
0.919627
0.936426
0.955634
0.970273
0.980593
0.987561
0.992148
0.995108
0.996992
0.998178
0.998921
0.999378
0.999651
0.999808
0.999894
0.999941
0.999965
0.999979
0.999986
0.999991
0.999993
0.999995
0.999996
0.999996
0.999996
0.999996
0.999996
0.999994
0.999991
0.999984
0.999963
0.999911
0.999783
0.999474
0.998804
0.997492
0.992722
0.986643
0.983089
0.976898
0.962293
0.943715
0.927614
0.915719
0.9035
0.891265
0.884302
0.882642
0.879977
0.874963
0.873796
0.875334
0.880286
0.884985
0.889022
0.891839
0.895264
0.904297
0.92203
0.935024
0.941323
0.947565
0.960729
0.972149
0.980173
0.98592
0.990346
0.993672
0.995979
0.997428
0.998252
0.998721
0.999058
0.999352
0.999604
0.999788
0.999885
0.999908
0.999886
0.999716
0.998932
0.996143
0.98837
0.979868
0.975489
0.974066
0.972481
0.970263
0.969345
0.967609
0.964489
0.963918
0.965473
0.975748
0.989254
0.995713
0.998364
0.999375
0.99975
0.999896
0.999956
0.999981
0.999991
0.999995
0.999996
0.999997
0.999997
0.999997
0.999997
0.999998
0.999998
0.999999
0.999999
0.999999
0.999999
0.999999
0.999999
1
1
1
1
1
1
1
1
1
1
1
1
1
1
1
1
1
1
1
1
1
1
1
1
1
1
1
1
1
1
0.999998
0.999991
0.999963
0.999853
0.999417
0.997702
0.991397
1
1
1
1
1
1
0.999999
0.999996
0.999985
0.999943
0.999809
0.999435
0.998362
0.996421
0.993121
0.985406
0.97989
0.971852
0.964397
0.959269
0.955731
0.955955
0.957394
0.960861
0.966489
0.972585
0.978683
0.984331
0.989062
0.992692
0.995285
0.99704
0.998182
0.998904
0.99935
0.999621
0.999784
0.99988
0.999934
0.999964
0.999981
0.999989
0.999994
0.999996
0.999998
0.999998
0.999999
0.999999
0.999999
1
0.999999
0.999999
0.999999
0.999999
0.999999
0.999998
0.999996
0.999991
0.999978
0.999947
0.999877
0.999691
0.999081
0.99856
0.997674
0.994306
0.990594
0.989064
0.987778
0.985291
0.979469
0.97216
0.968262
0.966724
0.964395
0.958746
0.955624
0.956123
0.959459
0.963261
0.965982
0.967574
0.968963
0.972646
0.978507
0.98262
0.984541
0.986544
0.989268
0.991966
0.99417
0.995831
0.997068
0.997991
0.998653
0.999086
0.999332
0.999466
0.999571
0.999687
0.999803
0.999891
0.999925
0.999919
0.999848
0.999421
0.997589
0.990904
0.981459
0.976889
0.974495
0.973407
0.972385
0.970007
0.968614
0.967756
0.965163
0.96263
0.962742
0.967128
0.982491
0.992883
0.997288
0.998965
0.999593
0.999836
0.999933
0.999972
0.999987
0.999993
0.999995
0.999996
0.999996
0.999996
0.999996
0.999997
0.999998
0.999998
0.999999
0.999999
0.999999
0.999999
0.999999
0.999999
0.999999
1
1
1
1
1
1
1
1
1
1
1
1
1
1
1
1
1
1
1
1
1
1
1
1
1
1
1
1
0.999999
0.999994
0.999975
0.999896
0.999576
0.998282
0.993325
1
1
1
1
1
1
1
1
0.999999
0.999995
0.999983
0.999945
0.999832
0.999578
0.999104
0.997752
0.99658
0.994637
0.992861
0.991282
0.990424
0.990509
0.99098
0.992117
0.993383
0.994667
0.995926
0.997066
0.997999
0.998695
0.999178
0.999496
0.999697
0.999822
0.999897
0.999942
0.999968
0.999983
0.999991
0.999995
0.999997
0.999999
0.999999
1
1
1
1
1
1
1
1
1
1
1
1
1
1
0.999999
0.999998
0.999996
0.99999
0.999976
0.999948
0.999897
0.999772
0.999232
0.998798
0.998568
0.998146
0.996641
0.99558
0.994998
0.994602
0.99376
0.993034
0.992014
0.991136
0.991152
0.991498
0.9919
0.992361
0.992722
0.992976
0.993563
0.99472
0.99561
0.996118
0.9966
0.997192
0.997822
0.998381
0.998816
0.999139
0.999379
0.999556
0.999676
0.999743
0.999777
0.999805
0.999848
0.9999
0.999936
0.999942
0.99992
0.999729
0.998695
0.994634
0.983875
0.978271
0.975822
0.974343
0.973335
0.971609
0.969074
0.967568
0.967023
0.965802
0.962366
0.961407
0.963052
0.974207
0.988552
0.99544
0.998281
0.999367
0.999766
0.999912
0.999965
0.999984
0.999991
0.999994
0.999995
0.999995
0.999995
0.999995
0.999996
0.999997
0.999997
0.999998
0.999998
0.999999
0.999999
0.999999
0.999999
0.999999
0.999999
1
1
1
1
1
1
1
1
1
1
1
1
1
1
1
1
1
1
1
1
1
1
1
1
1
1
1
0.999999
0.999995
0.99998
0.999914
0.999641
0.998521
0.994103
1
1
1
1
1
1
1
1
1
1
0.999999
0.999996
0.999987
0.999963
0.999914
0.999762
0.999586
0.999315
0.999054
0.998712
0.998584
0.998607
0.998724
0.998939
0.999135
0.999316
0.999487
0.999637
0.999756
0.999843
0.999902
0.999941
0.999965
0.99998
0.999988
0.999994
0.999997
0.999998
0.999999
1
1
1
1
1
1
1
1
1
1
1
1
1
1
1
1
1
1
1
1
1
0.999999
0.999999
0.999997
0.999994
0.999982
0.999935
0.999901
0.999876
0.999828
0.99962
0.999419
0.999343
0.999258
0.998971
0.998662
0.998563
0.998494
0.998458
0.998378
0.998377
0.998441
0.998552
0.99861
0.998678
0.998841
0.999014
0.999135
0.999231
0.999333
0.999455
0.999578
0.999679
0.999755
0.999812
0.999855
0.999884
0.9999
0.999907
0.999913
0.999924
0.999945
0.999955
0.999949
0.999886
0.999425
0.99696
0.987764
0.9798
0.976986
0.975593
0.974463
0.972997
0.968965
0.965064
0.964395
0.964751
0.964735
0.962937
0.960586
0.96095
0.967143
0.98364
0.993359
0.997518
0.999089
0.999661
0.999871
0.999949
0.999977
0.999987
0.999991
0.999993
0.999993
0.999993
0.999993
0.999994
0.999995
0.999996
0.999997
0.999998
0.999998
0.999998
0.999998
0.999998
0.999998
0.999999
0.999999
0.999999
0.999999
0.999999
0.999999
0.999999
0.999999
0.999999
0.999999
1
1
1
1
1
1
1
1
1
1
1
1
1
1
1
1
1
1
0.999999
0.999996
0.999982
0.999922
0.99967
0.998623
0.994429
1
1
1
1
1
1
1
1
1
1
1
1
0.999999
0.999998
0.999994
0.999982
0.999963
0.999939
0.999914
0.999865
0.999854
0.999858
0.999876
0.999903
0.999925
0.999943
0.999958
0.999971
0.999981
0.999988
0.999993
0.999996
0.999997
0.999999
0.999999
1
1
1
1
1
1
1
1
1
1
1
1
1
1
1
1
1
1
1
1
1
1
1
1
1
1
1
1
1
0.999999
0.999997
0.999995
0.999994
0.99999
0.999972
0.999957
0.999949
0.999937
0.999891
0.999845
0.999829
0.99982
0.999802
0.999762
0.999749
0.999755
0.999772
0.999781
0.999782
0.999788
0.999811
0.999835
0.999849
0.999859
0.999875
0.999896
0.999916
0.999932
0.999943
0.999953
0.999958
0.999961
0.999961
0.99996
0.99996
0.999965
0.999964
0.999947
0.999789
0.998708
0.993062
0.981898
0.977933
0.976656
0.97579
0.974176
0.970788
0.962044
0.957007
0.957205
0.959505
0.962459
0.962239
0.960151
0.959932
0.96348
0.978652
0.990896
0.996415
0.998658
0.999513
0.999825
0.999934
0.999971
0.999984
0.999988
0.99999
0.999991
0.999991
0.999991
0.999991
0.999992
0.999994
0.999996
0.999996
0.999996
0.999996
0.999996
0.999996
0.999997
0.999998
0.999998
0.999999
0.999999
0.999999
0.999999
0.999999
0.999999
0.999999
0.999999
0.999999
0.999999
0.999999
0.999999
0.999999
0.999999
0.999999
1
1
1
1
1
1
1
1
1
1
1
0.999999
0.999996
0.999984
0.999928
0.999691
0.998692
0.994709
1
1
1
1
1
1
1
1
1
1
1
1
1
1
1
0.999999
0.999997
0.999996
0.999994
0.999989
0.999989
0.999989
0.999991
0.999994
0.999995
0.999997
0.999998
0.999998
0.999999
0.999999
1
1
1
1
1
1
1
1
1
1
1
1
1
1
1
1
1
1
1
1
1
1
1
1
1
1
1
1
1
1
1
1
1
1
1
1
1
1
1
0.999999
0.999998
0.999998
0.999997
0.999992
0.999987
0.999986
0.999984
0.999979
0.999973
0.999971
0.99997
0.99997
0.99997
0.999969
0.999967
0.999968
0.99997
0.999971
0.99997
0.999971
0.999973
0.999977
0.99998
0.999982
0.999983
0.999984
0.999984
0.999983
0.999978
0.999975
0.999973
0.999968
0.999927
0.999566
0.997136
0.986718
0.979167
0.977454
0.977024
0.975887
0.972269
0.963906
0.950568
0.945448
0.946055
0.949711
0.957964
0.960435
0.959641
0.958991
0.960996
0.973271
0.988007
0.995241
0.998244
0.999371
0.999773
0.999912
0.99996
0.999977
0.999984
0.999986
0.999987
0.999987
0.999987
0.999987
0.999989
0.999991
0.999993
0.999994
0.999994
0.999994
0.999994
0.999994
0.999995
0.999996
0.999997
0.999998
0.999998
0.999998
0.999998
0.999998
0.999998
0.999998
0.999999
0.999999
0.999999
0.999999
0.999999
0.999999
0.999999
0.999999
0.999999
0.999999
1
1
1
1
1
1
1
1
1
0.999999
0.999997
0.999986
0.999939
0.99973
0.998842
0.995398
1
1
1
1
1
1
1
1
1
1
1
1
1
1
1
1
1
1
1
0.999999
0.999999
0.999999
1
1
1
1
1
1
1
1
1
1
1
1
1
1
1
1
1
1
1
1
1
1
1
1
1
1
1
1
1
1
1
1
1
1
1
1
1
1
1
1
1
1
1
1
1
1
1
1
1
1
1
0.999999
0.999999
0.999999
0.999999
0.999998
0.999997
0.999997
0.999996
0.999996
0.999996
0.999996
0.999995
0.999995
0.999995
0.999994
0.999994
0.999993
0.999993
0.999993
0.999994
0.999994
0.999993
0.999993
0.999992
0.99999
0.999984
0.99998
0.999976
0.999966
0.999873
0.999073
0.993887
0.981369
0.978108
0.977989
0.977826
0.975398
0.966258
0.950995
0.939169
0.934899
0.935377
0.938526
0.949796
0.957624
0.958457
0.958323
0.959776
0.970389
0.986309
0.994454
0.997903
0.999234
0.999723
0.999895
0.999953
0.999972
0.999979
0.999981
0.999981
0.99998
0.99998
0.999981
0.999984
0.999987
0.99999
0.999991
0.999991
0.999991
0.999991
0.999991
0.999991
0.999993
0.999995
0.999996
0.999997
0.999997
0.999997
0.999997
0.999997
0.999997
0.999997
0.999998
0.999998
0.999998
0.999998
0.999998
0.999998
0.999998
0.999998
0.999999
0.999999
0.999999
0.999999
1
1
1
1
1
1
0.999999
0.999998
0.99999
0.999954
0.999795
0.999109
0.996605
1
1
1
1
1
1
1
1
1
1
1
1
1
1
1
1
1
1
1
1
1
1
1
1
1
1
1
1
1
1
1
1
1
1
1
1
1
1
1
1
1
1
1
1
1
1
1
1
1
1
1
1
1
1
1
1
1
1
1
1
1
1
1
1
1
1
1
1
1
1
1
1
1
1
1
1
1
1
1
1
1
1
1
1
0.999999
0.999999
0.999999
0.999999
0.999999
0.999999
0.999998
0.999998
0.999998
0.999998
0.999997
0.999996
0.999995
0.999992
0.999985
0.999981
0.999977
0.999956
0.999746
0.997951
0.987649
0.978601
0.978208
0.979349
0.978482
0.972346
0.954622
0.940937
0.932313
0.92942
0.929751
0.932013
0.941924
0.953247
0.956328
0.956838
0.958334
0.968149
0.984707
0.993621
0.997545
0.999099
0.999673
0.999872
0.999938
0.999961
0.999969
0.999972
0.999972
0.999971
0.999971
0.999972
0.999976
0.999981
0.999985
0.999986
0.999986
0.999986
0.999985
0.999985
0.999986
0.999987
0.999991
0.999993
0.999994
0.999995
0.999995
0.999995
0.999995
0.999995
0.999995
0.999996
0.999996
0.999996
0.999996
0.999996
0.999996
0.999996
0.999997
0.999997
0.999998
0.999998
0.999999
0.999999
0.999999
1
1
1
1
1
0.999999
0.999994
0.999973
0.999875
0.999454
0.998057
1
1
1
1
1
1
1
1
1
1
1
1
1
1
1
1
1
1
1
1
1
1
1
1
1
1
1
1
1
1
1
1
1
1
1
1
1
1
1
1
1
1
1
1
1
1
1
1
1
1
1
1
1
1
1
1
1
1
1
1
1
1
1
1
1
1
1
1
1
1
1
1
1
1
1
1
1
1
1
1
1
1
1
1
1
1
1
1
1
1
1
0.999999
0.999999
0.999999
0.999997
0.999997
0.999995
0.999992
0.999985
0.999981
0.999973
0.999927
0.999434
0.9954
0.981188
0.977276
0.979415
0.98141
0.978517
0.963307
0.94666
0.935517
0.928669
0.926419
0.926655
0.9284
0.936238
0.949265
0.954456
0.955475
0.957508
0.968477
0.984939
0.993715
0.997576
0.999102
0.999665
0.999863
0.999928
0.99995
0.999957
0.999958
0.999957
0.999956
0.999956
0.999958
0.999964
0.999971
0.999976
0.999977
0.999977
0.999977
0.999976
0.999976
0.999976
0.999978
0.999984
0.999988
0.99999
0.99999
0.99999
0.99999
0.999991
0.999991
0.999991
0.999992
0.999992
0.999991
0.999991
0.999991
0.999991
0.999991
0.999993
0.999994
0.999995
0.999996
0.999997
0.999998
0.999998
0.999999
0.999999
0.999999
0.999999
0.999999
0.999999
0.999997
0.999987
0.999941
0.999743
0.999106
1
1
1
1
1
1
1
1
1
1
1
1
1
1
1
1
1
1
1
1
1
1
1
1
1
1
1
1
1
1
1
1
1
1
1
1
1
1
1
1
1
1
1
1
1
1
1
1
1
1
1
1
1
1
1
1
1
1
1
1
1
1
1
1
1
1
1
1
1
1
1
1
1
1
1
1
1
1
1
1
1
1
1
1
1
1
1
1
1
1
1
0.999999
0.999999
0.999998
0.999996
0.999994
0.999992
0.999986
0.99998
0.999974
0.999961
0.999851
0.998677
0.98936
0.976924
0.976899
0.982676
0.983544
0.976135
0.957302
0.942795
0.932787
0.926991
0.925097
0.925161
0.927165
0.936585
0.948382
0.952478
0.953694
0.957263
0.970438
0.986062
0.994189
0.997745
0.999154
0.999674
0.999848
0.999905
0.999927
0.999936
0.999937
0.999936
0.999935
0.999935
0.999937
0.999945
0.999954
0.99996
0.999962
0.999962
0.999961
0.99996
0.999959
0.99996
0.999962
0.99997
0.999977
0.99998
0.999981
0.999982
0.999982
0.999982
0.999983
0.999983
0.999983
0.999983
0.999982
0.999981
0.99998
0.99998
0.999981
0.999985
0.999988
0.99999
0.999992
0.999993
0.999995
0.999997
0.999998
0.999999
0.999999
0.999999
0.999999
0.999999
0.999997
0.999992
0.999966
0.999853
0.99943
1
1
1
1
1
1
1
1
1
1
1
1
1
1
1
1
1
1
1
1
1
1
1
1
1
1
1
1
1
1
1
1
1
1
1
1
1
1
1
1
1
1
1
1
1
1
1
1
1
1
1
1
1
1
1
1
1
1
1
1
1
1
1
1
1
1
1
1
1
1
1
1
1
1
1
1
1
1
1
1
1
1
1
1
1
1
1
1
0.999999
0.999998
0.999998
0.999997
0.999995
0.99999
0.999986
0.999983
0.999977
0.999966
0.999959
0.999951
0.999923
0.999659
0.996884
0.981827
0.974527
0.978468
0.986638
0.985477
0.973289
0.955194
0.94142
0.931991
0.926672
0.924997
0.925468
0.928889
0.939693
0.947975
0.950656
0.953083
0.958652
0.975414
0.988687
0.995277
0.99814
0.999283
0.999701
0.999841
0.999885
0.999899
0.999903
0.999902
0.9999
0.999899
0.999899
0.999903
0.999915
0.999924
0.99993
0.999933
0.999933
0.999932
0.999931
0.999931
0.999931
0.999935
0.999946
0.999955
0.999959
0.999961
0.999964
0.999966
0.999967
0.999968
0.999968
0.999967
0.999966
0.999961
0.999959
0.999958
0.999958
0.999961
0.999969
0.999976
0.99998
0.999984
0.999987
0.999991
0.999994
0.999996
0.999997
0.999998
0.999998
0.999998
0.999997
0.999996
0.999991
0.99997
0.999878
0.99949
1
1
1
1
1
1
1
1
1
1
1
1
1
1
1
1
1
1
1
1
1
1
1
1
1
1
1
1
1
1
1
1
1
1
1
1
1
1
1
1
1
1
1
1
1
1
1
1
1
1
1
1
1
1
1
1
1
1
1
1
1
1
1
1
1
1
1
1
1
1
1
1
1
1
1
1
1
1
1
1
1
1
1
1
0.999999
0.999999
0.999998
0.999996
0.999994
0.999988
0.999983
0.999979
0.99997
0.999957
0.999951
0.999945
0.999929
0.999917
0.999908
0.999893
0.999835
0.999183
0.992627
0.974844
0.973323
0.982839
0.990061
0.987045
0.972462
0.955179
0.942787
0.935269
0.93091
0.930061
0.932104
0.937606
0.944301
0.948364
0.950668
0.954278
0.966507
0.983192
0.99243
0.996841
0.998738
0.999479
0.999738
0.999818
0.999832
0.999833
0.999833
0.999842
0.999849
0.99985
0.999851
0.999852
0.999856
0.999862
0.999865
0.999868
0.999871
0.999874
0.999876
0.999879
0.999884
0.999891
0.999898
0.999902
0.999906
0.999912
0.99992
0.999928
0.999934
0.999936
0.999937
0.999936
0.99993
0.99992
0.999914
0.999913
0.999915
0.999922
0.99994
0.999954
0.999962
0.999969
0.999976
0.999983
0.999988
0.999992
0.999994
0.999995
0.999995
0.999995
0.999994
0.999992
0.999986
0.999965
0.999875
0.999481
1
1
1
1
1
1
1
1
1
1
1
1
1
1
1
1
1
1
1
1
1
1
1
1
1
1
1
1
1
1
1
1
1
1
1
1
1
1
1
1
1
1
1
1
1
1
1
1
1
1
1
1
1
1
1
1
1
1
1
1
1
1
1
1
1
1
1
1
1
1
1
1
1
1
1
1
1
1
1
1
1
0.999999
0.999997
0.999995
0.99999
0.999986
0.99998
0.999963
0.999944
0.999914
0.999878
0.999854
0.999836
0.999827
0.999826
0.999822
0.999809
0.999801
0.999789
0.999764
0.999628
0.997977
0.984142
0.970548
0.972844
0.98796
0.993711
0.99053
0.979931
0.96676
0.953359
0.945348
0.941456
0.939901
0.940991
0.943725
0.947083
0.949927
0.953949
0.96507
0.981292
0.990964
0.995989
0.99831
0.999267
0.999612
0.999724
0.999744
0.999743
0.999745
0.999759
0.99977
0.99977
0.999767
0.999754
0.999741
0.999731
0.999723
0.999719
0.999718
0.99972
0.999733
0.999764
0.999785
0.999793
0.999794
0.99979
0.999784
0.999782
0.999783
0.99979
0.999818
0.999848
0.999862
0.999865
0.999864
0.999853
0.999834
0.999825
0.999825
0.999829
0.999851
0.999888
0.999912
0.999927
0.99994
0.999953
0.999966
0.999978
0.999985
0.999989
0.999989
0.999989
0.999985
0.99998
0.999976
0.999967
0.999942
0.999847
0.9994
1
1
1
1
1
1
1
1
1
1
1
1
1
1
1
1
1
1
1
1
1
1
1
1
1
1
1
1
1
1
1
1
1
1
1
1
1
1
1
1
1
1
1
1
1
1
1
1
1
1
1
1
1
1
1
1
1
1
1
1
1
1
1
1
1
1
1
1
1
1
1
1
1
1
1
1
1
1
0.999999
0.999997
0.999992
0.999981
0.999967
0.999948
0.999916
0.999886
0.999829
0.999686
0.99958
0.999362
0.99915
0.99915
0.999171
0.999221
0.999312
0.999353
0.999428
0.999502
0.999508
0.999484
0.999183
0.995354
0.975318
0.967446
0.97487
0.991014
0.995481
0.995032
0.988604
0.97757
0.965457
0.9557
0.950287
0.948197
0.947989
0.949909
0.95281
0.957732
0.969313
0.982932
0.991167
0.995822
0.998128
0.999126
0.999496
0.999618
0.99964
0.999628
0.99962
0.999626
0.999636
0.999635
0.999628
0.999597
0.999539
0.999485
0.999437
0.999398
0.999374
0.999366
0.99937
0.999401
0.999482
0.99953
0.999542
0.999539
0.999509
0.999467
0.999454
0.999456
0.999472
0.999542
0.999627
0.999671
0.999686
0.999686
0.999675
0.999657
0.999652
0.999654
0.999674
0.99974
0.9998
0.999835
0.999858
0.99988
0.999906
0.999933
0.999956
0.99997
0.999975
0.999975
0.99997
0.999948
0.999925
0.999915
0.999901
0.999869
0.99976
0.999108
1
1
1
1
1
1
1
1
1
1
1
1
1
1
1
1
1
1
1
1
1
1
1
1
1
1
1
1
1
1
1
1
1
1
1
1
1
1
1
1
1
1
1
1
1
1
1
1
1
1
1
1
1
1
1
1
1
1
1
1
1
1
1
1
1
1
1
1
1
1
1
1
1
1
1
1
0.999999
0.999995
0.999985
0.999959
0.999894
0.999813
0.999726
0.999636
0.999493
0.999323
0.998907
0.998275
0.997744
0.996434
0.996058
0.996187
0.996544
0.997247
0.997909
0.998299
0.998691
0.998986
0.999047
0.999015
0.998384
0.990598
0.967566
0.964849
0.977522
0.992246
0.99593
0.996283
0.994814
0.99075
0.983309
0.974162
0.967268
0.963569
0.962024
0.963748
0.968618
0.977303
0.986045
0.992281
0.996091
0.998122
0.999042
0.999388
0.999505
0.999518
0.999464
0.999425
0.999427
0.999439
0.999439
0.999426
0.999374
0.999226
0.999069
0.998933
0.998817
0.998732
0.998688
0.998682
0.998701
0.998808
0.998925
0.998969
0.998972
0.998942
0.99882
0.99873
0.998713
0.998726
0.998804
0.999029
0.999198
0.999281
0.999311
0.999319
0.999321
0.999324
0.999332
0.999368
0.99948
0.99959
0.999655
0.999693
0.999725
0.999768
0.999821
0.999875
0.999917
0.999938
0.999942
0.999938
0.999906
0.999802
0.999717
0.999683
0.999658
0.999603
0.999428
0.997844
1
1
1
1
1
1
1
1
1
1
1
1
1
1
1
1
1
1
1
1
1
1
1
1
1
1
1
1
1
1
1
1
1
1
1
1
1
1
1
1
1
1
1
1
1
1
1
1
1
1
1
1
1
1
1
1
1
1
1
1
1
1
1
1
1
1
1
1
1
1
1
1
1
0.999999
0.999998
0.999995
0.999981
0.99994
0.999829
0.999547
0.999074
0.998733
0.998464
0.998232
0.997752
0.99698
0.995303
0.993541
0.990641
0.986833
0.986683
0.987494
0.989742
0.992839
0.995253
0.996671
0.99733
0.997888
0.998294
0.998314
0.996985
0.981808
0.960688
0.961636
0.979774
0.992713
0.996007
0.996685
0.996544
0.995324
0.992616
0.98865
0.9845
0.982136
0.98111
0.982539
0.986073
0.990432
0.994202
0.996803
0.998298
0.999007
0.999279
0.999374
0.999358
0.999233
0.999163
0.999155
0.999156
0.99915
0.999122
0.999028
0.998726
0.998285
0.997915
0.997625
0.997422
0.997319
0.997303
0.997347
0.997552
0.997733
0.997792
0.997795
0.997754
0.997558
0.997341
0.997262
0.997264
0.99734
0.997689
0.998166
0.998436
0.998554
0.998594
0.998611
0.998634
0.998678
0.998796
0.999037
0.99923
0.999343
0.999395
0.99943
0.999484
0.999573
0.99968
0.999775
0.999833
0.999849
0.999844
0.999794
0.999553
0.999148
0.998877
0.998782
0.998694
0.998531
0.998007
0.992338
1
1
1
1
1
1
1
1
1
1
1
1
1
1
1
1
1
1
1
1
1
1
1
1
1
1
1
1
1
1
1
1
1
1
1
1
1
1
1
1
1
1
1
1
1
1
1
1
1
1
1
1
1
1
1
1
1
1
1
1
1
1
1
1
1
1
1
1
1
1
1
0.999999
0.999998
0.999993
0.999981
0.999941
0.999811
0.999437
0.998544
0.996558
0.994875
0.994215
0.994066
0.993595
0.992385
0.989632
0.987258
0.981969
0.97598
0.972522
0.972505
0.973742
0.977114
0.983637
0.989494
0.993423
0.995939
0.997311
0.997839
0.99778
0.9949
0.971171
0.953416
0.958301
0.980852
0.992355
0.995671
0.996704
0.997032
0.997019
0.99644
0.995195
0.993642
0.992625
0.992194
0.992928
0.994548
0.996249
0.997652
0.998529
0.998974
0.999158
0.999225
0.999166
0.998976
0.998842
0.998778
0.998743
0.9987
0.998617
0.998419
0.997841
0.996817
0.99587
0.995136
0.994647
0.994402
0.994353
0.994426
0.994857
0.995352
0.995517
0.995529
0.995472
0.995217
0.994937
0.994814
0.994807
0.994881
0.995274
0.996197
0.996845
0.997176
0.997306
0.997357
0.997413
0.997528
0.997836
0.998272
0.998617
0.998827
0.998922
0.998957
0.998989
0.999051
0.999212
0.999394
0.999499
0.999522
0.999504
0.999374
0.998883
0.997441
0.996262
0.995457
0.995165
0.994666
0.993807
0.991228
0.969261
1
1
1
1
1
1
1
1
1
1
1
1
1
1
1
1
1
1
1
1
1
1
1
1
1
1
1
1
1
1
1
1
1
1
1
1
1
1
1
1
1
1
1
1
1
1
1
1
1
1
1
1
1
1
1
1
1
1
1
1
1
1
1
1
1
1
1
0.999999
0.999999
0.999998
0.999996
0.99999
0.999974
0.999933
0.999825
0.999507
0.998572
0.996131
0.990854
0.984913
0.982676
0.982771
0.983534
0.984155
0.984521
0.984056
0.981121
0.974644
0.970382
0.968574
0.968529
0.969604
0.972953
0.980361
0.986998
0.991645
0.994579
0.996354
0.99707
0.996848
0.990655
0.956257
0.942666
0.953379
0.978715
0.989522
0.993861
0.995963
0.99696
0.997361
0.997514
0.997469
0.997233
0.997019
0.996929
0.997235
0.99777
0.998289
0.998674
0.99889
0.999004
0.999025
0.998884
0.998601
0.998347
0.998166
0.998016
0.997844
0.997553
0.996928
0.995588
0.993644
0.991615
0.98992
0.988712
0.988002
0.987758
0.987808
0.988452
0.989989
0.990813
0.991047
0.991056
0.990977
0.990888
0.990871
0.990904
0.991127
0.992012
0.993361
0.994375
0.994986
0.995271
0.995395
0.995536
0.995859
0.996493
0.997146
0.997659
0.997936
0.998003
0.997984
0.997889
0.99785
0.997861
0.997914
0.997972
0.997946
0.997736
0.997157
0.995615
0.992012
0.987256
0.984331
0.981729
0.9804
0.977255
0.972346
0.95914
0.883242
1
1
1
1
1
1
1
1
1
1
1
1
1
1
1
1
1
1
1
1
1
1
1
1
1
1
1
1
1
1
1
1
1
1
1
1
1
1
1
1
1
1
1
1
1
1
1
1
1
1
1
1
1
1
1
1
1
1
1
1
1
1
0.999999
0.999998
0.999997
0.999997
0.999996
0.999994
0.999989
0.999977
0.99995
0.999895
0.999752
0.999454
0.998779
0.996888
0.992088
0.981405
0.977751
0.97523
0.974688
0.974951
0.976801
0.981371
0.983942
0.983543
0.979393
0.973058
0.969575
0.968564
0.969056
0.970585
0.974693
0.981786
0.987825
0.992049
0.994742
0.996351
0.996821
0.996157
0.984663
0.939881
0.928686
0.943944
0.970271
0.982299
0.988529
0.992584
0.995234
0.996765
0.997509
0.997859
0.998055
0.99815
0.998206
0.998315
0.998456
0.998593
0.99869
0.998732
0.998621
0.998307
0.997815
0.997269
0.996716
0.996112
0.995373
0.994192
0.992007
0.988421
0.983909
0.979858
0.977255
0.976123
0.975966
0.976457
0.97854
0.980727
0.982166
0.98289
0.983124
0.983228
0.983458
0.984224
0.985257
0.986145
0.987224
0.988622
0.990126
0.991364
0.992103
0.99243
0.992638
0.99298
0.993548
0.994228
0.994781
0.995045
0.995085
0.994983
0.994501
0.993374
0.992161
0.991271
0.990822
0.990492
0.989618
0.987332
0.982537
0.977914
0.969628
0.960159
0.946866
0.93936
0.930061
0.923281
0.906376
0.88194
0.826892
0.629353
1
1
1
1
1
1
1
1
1
1
1
1
1
1
1
1
1
1
1
1
1
1
1
1
1
1
1
1
1
1
1
1
1
1
1
1
1
1
1
1
1
1
1
1
1
1
1
1
1
1
1
1
1
1
1
1
1
1
1
0.999999
0.999996
0.999991
0.999982
0.999976
0.999971
0.999968
0.99996
0.99994
0.999896
0.999741
0.999519
0.99913
0.998051
0.996564
0.993242
0.984021
0.976855
0.975311
0.97582
0.974711
0.97474
0.980224
0.983677
0.985886
0.986931
0.98645
0.983307
0.977842
0.974433
0.972947
0.972608
0.974746
0.979685
0.985197
0.989804
0.993148
0.995354
0.996348
0.996419
0.994744
0.97583
0.922446
0.911171
0.927473
0.953396
0.966794
0.975372
0.982359
0.988035
0.992237
0.994887
0.996415
0.99726
0.997688
0.997875
0.997908
0.997881
0.997766
0.997507
0.99696
0.996103
0.994881
0.993322
0.991486
0.989403
0.986861
0.983056
0.977288
0.97075
0.965728
0.963071
0.962244
0.962249
0.962847
0.963808
0.964973
0.966585
0.968658
0.971055
0.973411
0.975394
0.977041
0.97852
0.97991
0.981231
0.982512
0.983671
0.984532
0.985009
0.985167
0.985109
0.984621
0.984078
0.983493
0.982846
0.982263
0.981576
0.980187
0.977559
0.973911
0.969419
0.964312
0.959356
0.955639
0.952882
0.948598
0.937025
0.918284
0.900115
0.887607
0.870708
0.850443
0.818083
0.795886
0.766083
0.740049
0.678499
0.572384
0.4159
0.216436
1
1
1
1
1
1
1
1
1
1
1
1
1
1
1
1
1
1
1
1
1
1
1
1
1
1
1
1
1
1
1
1
1
1
1
1
1
1
1
1
1
1
1
1
1
1
1
1
1
1
1
1
1
1
1
1
1
0.999998
0.99999
0.999968
0.99992
0.99985
0.99979
0.999765
0.999749
0.999734
0.999685
0.999498
0.999072
0.997402
0.996231
0.994204
0.98822
0.983529
0.97314
0.968523
0.974758
0.976209
0.977423
0.978661
0.980786
0.983769
0.984886
0.986276
0.987588
0.988248
0.988465
0.98671
0.983558
0.982007
0.981491
0.983782
0.98705
0.990422
0.993169
0.99497
0.995842
0.996151
0.995978
0.993191
0.972528
0.913012
0.88862
0.897051
0.919811
0.934031
0.944492
0.954923
0.965254
0.974494
0.981477
0.986183
0.989216
0.990697
0.99135
0.990374
0.989249
0.987908
0.986518
0.983487
0.979024
0.972901
0.965576
0.958743
0.952757
0.948003
0.945187
0.944845
0.946793
0.948901
0.950428
0.951859
0.953269
0.954648
0.955979
0.957292
0.958587
0.959727
0.960503
0.960828
0.96083
0.960501
0.960006
0.959298
0.958193
0.956578
0.95442
0.951591
0.948241
0.944837
0.941426
0.937209
0.931484
0.924675
0.917947
0.911668
0.904461
0.894737
0.881448
0.866885
0.852685
0.840289
0.830147
0.819659
0.799319
0.767314
0.727335
0.693428
0.665457
0.646203
0.617922
0.585793
0.53104
0.475079
0.392057
0.321549
0.234587
0.172723
0.108567
0.0493985
1
1
1
1
1
1
1
1
1
1
1
1
1
1
1
1
1
1
1
1
1
1
1
1
1
1
1
1
1
1
1
1
1
1
1
1
1
1
1
1
1
1
1
1
1
1
1
1
1
1
1
1
1
1
1
1
0.999999
0.999958
0.999806
0.999464
0.998959
0.998537
0.998364
0.998337
0.998348
0.998345
0.998136
0.995234
0.991084
0.978681
0.976376
0.970505
0.944965
0.955823
0.967999
0.970435
0.973205
0.9736
0.976704
0.978631
0.980093
0.981482
0.982112
0.983848
0.98609
0.988383
0.989646
0.99029
0.990518
0.990529
0.990516
0.991484
0.992722
0.993994
0.994869
0.995379
0.995656
0.995593
0.995094
0.99173
0.973709
0.916038
0.873686
0.861821
0.866245
0.873634
0.879576
0.88851
0.90107
0.914721
0.926561
0.934779
0.938676
0.937333
0.928217
0.921313
0.921342
0.923103
0.927714
0.931858
0.930425
0.928544
0.927548
0.926194
0.925207
0.924328
0.923146
0.921737
0.919868
0.916157
0.911388
0.906943
0.903575
0.901129
0.899022
0.896577
0.893229
0.888655
0.882855
0.876145
0.868878
0.861173
0.852936
0.844035
0.834498
0.824463
0.81402
0.803156
0.791647
0.778899
0.764251
0.747527
0.729417
0.710972
0.692724
0.6745
0.655814
0.636294
0.615381
0.592881
0.568218
0.541173
0.511386
0.478862
0.443786
0.408711
0.374798
0.343508
0.311996
0.280675
0.246193
0.212566
0.175795
0.142369
0.107149
0.0796882
0.0525679
0.0348107
0.019677
0.00667493
1
1
1
1
1
1
1
1
1
1
1
1
1
1
1
1
1
1
1
1
1
1
1
1
1
1
1
1
1
1
1
1
1
1
1
1
1
1
1
1
1
1
1
1
1
1
1
1
1
1
1
1
1
1
1
1
0.999971
0.999112
0.996953
0.99448
0.992286
0.991631
0.991712
0.99201
0.992502
0.993735
0.991824
0.952195
0.930546
0.9289
0.942066
0.955358
0.93202
0.916732
0.931994
0.960356
0.967119
0.969263
0.97245
0.973786
0.974213
0.973866
0.973943
0.975756
0.978523
0.982425
0.985978
0.988802
0.990846
0.992083
0.992673
0.992881
0.993281
0.99351
0.99357
0.993198
0.992683
0.992446
0.991584
0.987757
0.973619
0.926562
0.874113
0.845157
0.823087
0.800128
0.777496
0.762346
0.756201
0.756392
0.757965
0.760409
0.76814
0.782276
0.796906
0.811711
0.837403
0.858023
0.868968
0.873785
0.874853
0.874072
0.87084
0.863625
0.850927
0.831514
0.807258
0.781071
0.756376
0.736246
0.721212
0.710337
0.701742
0.693542
0.68438
0.673575
0.661036
0.647035
0.63197
0.616213
0.600016
0.583509
0.566739
0.549731
0.532501
0.515043
0.497316
0.479197
0.460566
0.441468
0.422199
0.403154
0.384518
0.366144
0.347813
0.329288
0.310365
0.290937
0.271025
0.250862
0.230666
0.210682
0.191017
0.171935
0.1536
0.136338
0.119925
0.10442
0.0893274
0.0750904
0.0613504
0.0490061
0.0374986
0.0279589
0.0195076
0.0133342
0.0081407
0.00496111
0.00254981
0.000720668
1
1
1
1
1
1
1
1
1
1
1
1
1
1
1
1
1
1
1
1
1
1
1
1
1
1
1
1
1
1
1
1
1
1
1
1
1
1
1
1
1
1
1
1
1
1
1
1
1
1
1
1
1
1
1
0.999998
0.999683
0.990787
0.984251
0.984882
0.985373
0.985911
0.986237
0.986392
0.986443
0.985668
0.980169
0.960144
0.947587
0.930497
0.926794
0.932146
0.91733
0.909977
0.921201
0.950376
0.96183
0.967178
0.97068
0.971186
0.970825
0.969889
0.969645
0.970893
0.97204
0.973363
0.974141
0.974406
0.974536
0.974553
0.974313
0.972692
0.970449
0.966692
0.963001
0.96037
0.958584
0.958106
0.954808
0.943396
0.91237
0.879344
0.859397
0.841513
0.815782
0.781032
0.739331
0.697572
0.664406
0.644009
0.635299
0.633285
0.633521
0.636945
0.645794
0.661784
0.685936
0.700344
0.70453
0.704818
0.697868
0.678453
0.656735
0.627465
0.596484
0.566905
0.541802
0.521835
0.506055
0.492509
0.480359
0.468857
0.457308
0.445232
0.432412
0.418845
0.404669
0.39006
0.375175
0.360136
0.345031
0.32992
0.314845
0.299832
0.284909
0.270102
0.255428
0.240906
0.226584
0.212507
0.198732
0.18529
0.172166
0.159329
0.146766
0.134491
0.122536
0.110954
0.099828
0.0892047
0.0791339
0.0696688
0.0608333
0.0526576
0.0451271
0.038244
0.0319486
0.0262623
0.0211367
0.0166511
0.0127426
0.00950138
0.00680558
0.00473329
0.00310272
0.00197652
0.00113887
0.000645535
0.000314384
8.3307e-05
1.43218e-08
1.0708e-08
5.37233e-09
2.2772e-09
8.7696e-10
3.18026e-10
1.10182e-10
3.66036e-11
1.17052e-11
3.61379e-12
1.07934e-12
3.12046e-13
8.7536e-14
2.38067e-14
6.29539e-15
1.6145e-15
4.04071e-16
9.80505e-17
2.3344e-17
5.38098e-18
1.22738e-18
2.70276e-19
5.97754e-20
1.28024e-20
2.46861e-21
5.07133e-07
2.88551e-07
1.46581e-07
6.761e-08
2.87509e-08
1.14574e-08
4.3232e-09
1.55203e-09
5.31932e-10
1.74486e-10
5.48899e-11
1.65866e-11
4.82337e-12
1.35132e-12
3.65366e-13
9.54117e-14
2.4123e-14
5.90473e-15
1.40447e-15
3.24109e-16
7.30357e-17
1.59948e-17
3.44696e-18
7.27295e-19
1.32182e-19
6.39344e-06
3.30683e-06
1.59636e-06
7.23691e-07
3.0868e-07
1.2456e-07
4.78005e-08
1.74979e-08
6.12359e-09
2.05198e-09
6.59312e-10
2.03382e-10
6.0317e-11
1.72162e-11
4.73589e-12
1.25686e-12
3.22372e-13
7.99735e-14
1.92355e-14
4.48663e-15
1.01869e-15
2.24905e-16
4.86182e-17
1.03012e-17
1.85877e-18
3.54131e-05
1.81152e-05
8.69876e-06
3.94713e-06
1.69405e-06
6.89628e-07
2.67263e-07
9.8869e-08
3.49775e-08
1.18501e-08
3.84919e-09
1.2002e-09
3.59693e-10
1.03721e-10
2.88154e-11
7.72112e-12
1.99865e-12
5.00256e-13
1.21337e-13
2.85343e-14
6.52794e-15
1.45196e-15
3.15914e-16
6.73834e-17
1.22031e-17
0.000140662
7.21979e-05
3.48683e-05
1.59458e-05
6.91492e-06
2.84822e-06
1.11725e-06
4.18358e-07
1.49801e-07
5.13583e-08
1.6878e-08
5.32298e-09
1.61308e-09
4.70207e-10
1.32012e-10
3.57368e-11
9.34267e-12
2.3611e-12
5.78024e-13
1.37169e-13
3.16522e-14
7.1004e-15
1.55735e-15
3.34847e-16
6.10187e-17
0.000460168
0.000237995
0.000116061
5.36533e-05
2.35561e-05
9.83344e-06
3.91042e-06
1.48434e-06
5.38689e-07
1.87143e-07
6.23037e-08
1.98997e-08
6.10526e-09
1.80115e-09
5.11615e-10
1.40082e-10
3.70274e-11
9.45865e-12
2.33975e-12
5.60892e-13
1.30697e-13
2.95992e-14
6.55035e-15
1.42119e-15
2.60716e-16
0.00128198
0.000669746
0.000330573
0.000154791
6.88978e-05
2.91795e-05
1.17751e-05
4.53517e-06
1.6696e-06
5.88228e-07
1.98544e-07
6.42708e-08
1.99772e-08
5.96881e-09
1.71647e-09
4.75637e-10
1.27193e-10
3.28604e-11
8.21784e-12
1.99109e-12
4.68728e-13
1.07224e-13
2.3958e-14
5.24826e-15
9.70052e-16
0.0031235
0.00165025
0.000825299
0.000391822
0.000176921
7.605e-05
3.11542e-05
1.21796e-05
4.55027e-06
1.62642e-06
5.56777e-07
1.8274e-07
5.75694e-08
1.74276e-08
5.07615e-09
1.42423e-09
3.85501e-10
1.00778e-10
2.54937e-11
6.24643e-12
1.48654e-12
3.43688e-13
7.75668e-14
1.71663e-14
3.19728e-15
0.00681562
0.00364516
0.00184765
0.0008895
0.000407406
0.000177702
7.38805e-05
2.93115e-05
1.11109e-05
4.02851e-06
1.39854e-06
4.65357e-07
1.48583e-07
4.55729e-08
1.34447e-08
3.81947e-09
1.04643e-09
2.76805e-10
7.08301e-11
1.75496e-11
4.2218e-12
9.86438e-13
2.24903e-13
5.02816e-14
9.44075e-15
0.0133167
0.00724325
0.00373641
0.0018302
0.0008524
0.000377861
0.000159576
6.42748e-05
2.47223e-05
9.09114e-06
3.19971e-06
1.07902e-06
3.49039e-07
1.08427e-07
3.2387e-08
9.31308e-09
2.58196e-09
6.90965e-10
1.78822e-10
4.4802e-11
1.0895e-11
2.57292e-12
5.92564e-13
1.33851e-13
2.53306e-14
0.023691
0.0131002
0.00687542
0.00342778
0.00162508
0.000733248
0.000315114
0.000129096
5.04709e-05
1.88509e-05
6.73386e-06
2.30313e-06
7.55127e-07
2.37625e-07
7.1865e-08
2.09144e-08
5.86593e-09
1.58756e-09
4.1537e-10
1.0518e-10
2.58428e-11
6.1648e-12
1.43372e-12
3.27026e-13
6.23721e-14
0.0389627
0.0219094
0.0116978
0.00593359
0.00286182
0.00131348
0.000574081
0.000239139
9.50331e-05
3.60652e-05
1.30843e-05
4.54276e-06
1.51112e-06
4.82169e-07
1.47775e-07
4.35569e-08
1.2366e-08
3.38604e-09
8.95895e-10
2.29324e-10
5.69333e-11
1.372e-11
3.22143e-12
7.41954e-13
1.42573e-13
0.0598477
0.03423
0.0185915
0.00959318
0.004706
0.0021963
0.000975856
0.000413112
0.000166776
6.42713e-05
2.36687e-05
8.33815e-06
2.81323e-06
9.10117e-07
2.82694e-07
8.44146e-08
2.42693e-08
6.72678e-09
1.8008e-09
4.66197e-10
1.17e-10
2.84904e-11
6.75613e-12
1.5713e-12
3.04277e-13
0.0865755
0.0503686
0.0278259
0.0146026
0.0072838
0.00345554
0.00156024
0.000670974
0.000275063
0.000107595
4.02015e-05
1.43632e-05
4.91274e-06
1.61058e-06
5.06764e-07
1.53235e-07
4.4596e-08
1.25085e-08
3.38745e-09
8.86883e-10
2.25017e-10
5.53825e-11
1.32668e-11
3.11712e-12
6.08457e-13
0.118671
0.0702255
0.0394535
0.0210514
0.0106736
0.00514563
0.00236013
0.00103065
0.000428873
0.000170214
6.45009e-05
2.33621e-05
8.09741e-06
2.68903e-06
8.56725e-07
2.62217e-07
7.72168e-08
2.19076e-08
5.99922e-09
1.58781e-09
4.07108e-10
1.01231e-10
2.44899e-11
5.81084e-12
1.14326e-12
0.155285
0.0934519
0.0533772
0.0289475
0.0149133
0.00730281
0.00340115
0.00150757
0.000636504
0.00025621
9.84261e-05
3.61263e-05
1.26838e-05
4.26502e-06
1.37539e-06
4.25942e-07
1.26868e-07
3.63955e-08
1.00743e-08
2.6944e-09
6.97865e-10
1.75263e-10
4.28021e-11
1.02531e-11
2.03256e-12
0.194337
0.11886
0.0689719
0.0379901
0.0198722
0.00987727
0.00466764
0.00209856
0.000898359
0.000366506
0.000142647
5.30239e-05
1.88464e-05
6.41317e-06
2.09215e-06
6.55217e-07
1.97292e-07
5.71998e-08
1.5996e-08
4.32111e-09
1.13005e-09
2.86488e-10
7.05977e-11
1.70643e-11
3.40716e-12
0.233705
0.145118
0.085467
0.047766
0.0253454
0.012775
0.00612009
0.00278848
0.00120929
0.000499615
0.000196847
7.40444e-05
2.66224e-05
9.16092e-06
3.02108e-06
9.56127e-07
2.90848e-07
8.51634e-08
2.40458e-08
6.55672e-09
1.73028e-09
4.42558e-10
1.09981e-10
2.681e-11
5.38935e-12
0.271472
0.17094
0.10207
0.0578242
0.0310944
0.015879
0.00770494
0.00355459
0.00156033
0.000652278
0.000259946
9.88668e-05
3.59303e-05
1.24929e-05
4.1616e-06
1.33001e-06
4.0843e-07
1.20698e-07
3.43842e-08
9.45746e-09
2.51682e-09
6.49031e-10
1.6256e-10
3.9939e-11
8.07918e-12
0.306098
0.195237
0.118077
0.0677463
0.0368892
0.0190716
0.00936612
0.00437194
0.00194111
0.000820477
0.000330495
0.000127008
4.66224e-05
1.63686e-05
5.5041e-06
1.77514e-06
5.49949e-07
1.63914e-07
4.7084e-08
1.30554e-08
3.50145e-09
9.09841e-10
2.29546e-10
5.68085e-11
1.15593e-11
0.336645
0.217289
0.133003
0.0772344
0.0425609
0.0222638
0.0110599
0.00522046
0.00234301
0.00100075
0.000407196
0.000158014
5.85512e-05
2.07439e-05
7.03667e-06
2.28871e-06
7.14883e-07
2.1477e-07
6.21675e-08
1.73666e-08
4.69141e-09
1.22763e-09
3.11809e-10
7.76866e-11
1.58936e-11
0.363192
0.237085
0.146811
0.0862541
0.0480859
0.0254418
0.0127793
0.00609684
0.00276467
0.00119259
0.000489889
0.000191846
7.17139e-05
2.56225e-05
8.76241e-06
2.87241e-06
9.03999e-07
2.73575e-07
7.97488e-08
2.24307e-08
6.09949e-09
1.60637e-09
4.10514e-10
1.02907e-10
2.11584e-11
0.386355
0.254996
0.159714
0.0949225
0.053526
0.0286371
0.0145396
0.00700848
0.00320947
0.00139752
0.000579226
0.000228777
8.62194e-05
3.10467e-05
1.06971e-05
3.53193e-06
1.11927e-06
3.40985e-07
1.00039e-07
2.83128e-08
7.74518e-09
2.05166e-09
5.27228e-10
1.32898e-10
2.74482e-11
0.407303
0.271818
0.172221
0.103548
0.0590573
0.0319451
0.0163897
0.00797905
0.00368834
0.00162032
0.00067721
0.000269605
0.000102373
3.71282e-05
1.28801e-05
4.28053e-06
1.365e-06
4.1835e-07
1.23447e-07
3.51326e-08
9.66236e-09
2.57283e-09
6.64441e-10
1.68314e-10
3.4903e-11
0.428116
0.289032
0.185313
0.112738
0.0650347
0.0355601
0.0184302
0.00905765
0.00422398
0.00187094
0.000787994
0.00031598
0.0001208
4.4093e-05
1.53896e-05
5.1442e-06
1.6495e-06
5.08223e-07
1.50728e-07
4.31063e-08
1.1911e-08
3.18598e-09
8.26352e-10
2.10231e-10
4.37486e-11
0.451743
0.30877
0.200426
0.123397
0.0719891
0.0397756
0.0208137
0.0103193
0.00485126
0.00216476
0.000917998
0.000370456
0.000142468
5.22921e-05
1.83472e-05
6.16334e-06
1.98563e-06
6.14545e-07
1.83046e-07
5.25658e-08
1.45824e-08
3.91552e-09
1.01929e-09
2.6026e-10
5.43202e-11
0.48225
0.33404
0.219609
0.136823
0.0806903
0.0450199
0.0237644
0.0118746
0.00562179
0.00252458
0.0010768
0.000436855
0.000168831
6.22523e-05
2.19356e-05
7.39859e-06
2.39271e-06
7.43234e-07
2.22146e-07
6.40071e-08
1.78131e-08
4.79778e-09
1.25263e-09
3.2078e-10
6.7111e-11
0.528923
0.371923
0.247891
0.156334
0.0931841
0.0524742
0.0279233
0.0140513
0.0066936
0.00302248
0.00129555
0.00052796
0.000204877
7.58298e-05
2.6814e-05
9.07389e-06
2.94364e-06
9.17072e-07
2.74876e-07
7.94147e-08
2.21581e-08
5.98312e-09
1.56582e-09
4.01951e-10
8.42536e-11
0.601964
0.430215
0.290807
0.185595
0.111736
0.0634538
0.0340083
0.0172188
0.00824643
0.00374118
0.00161032
0.000658701
0.000256485
9.52284e-05
3.37711e-05
1.14591e-05
3.72686e-06
1.16388e-06
3.49647e-07
1.01238e-07
2.83062e-08
7.65869e-09
2.00816e-09
5.16496e-10
1.08428e-10
0.701151
0.50923
0.348705
0.224852
0.136506
0.0780542
0.0420745
0.0214073
0.0102958
0.00468825
0.00202459
0.000830592
0.000324273
0.000120688
4.2895e-05
1.4585e-05
4.75259e-06
1.48688e-06
4.4744e-07
1.29763e-07
3.63373e-08
9.8462e-09
2.58531e-09
6.6587e-10
1.39935e-10
0.82157
0.606904
0.420366
0.273599
0.16736
0.0962969
0.0521842
0.0266732
0.0128803
0.00588618
0.00255008
0.0010492
0.000410693
0.000153216
5.4575e-05
1.85935e-05
6.07002e-06
1.90231e-06
5.7337e-07
1.66534e-07
4.66995e-08
1.26709e-08
3.33108e-09
8.59002e-10
1.80688e-10
0.909305
0.713501
0.499314
0.328146
0.202341
0.117217
0.0638968
0.0328314
0.0159289
0.00731042
0.00317939
0.00131274
0.000515511
0.000192889
6.88924e-05
2.353e-05
7.69923e-06
2.41803e-06
7.30246e-07
2.12486e-07
5.96867e-08
1.62206e-08
4.2705e-09
1.10284e-09
2.32233e-10
0.948646
0.808139
0.575584
0.382238
0.237828
0.13887
0.0762365
0.0394231
0.019239
0.00887703
0.00387982
0.00160924
0.000634597
0.000238367
8.544e-05
2.92785e-05
9.60961e-06
3.02662e-06
9.16462e-07
2.67331e-07
7.52649e-08
2.04983e-08
5.4075e-09
1.39919e-09
2.95091e-10
0.96611
0.869746
0.638514
0.429287
0.269772
0.158922
0.087953
0.045822
0.0225166
0.0104561
0.00459725
0.00191738
0.000760011
0.000286845
0.000103276
3.55381e-05
1.17095e-05
3.70145e-06
1.12462e-06
3.29101e-07
9.29346e-08
2.53823e-08
6.7137e-09
1.74167e-09
3.68099e-10
0.973896
0.900064
0.685314
0.464772
0.294964
0.175364
0.0978879
0.0514095
0.0254534
0.0119038
0.00526854
0.00221105
0.000881529
0.00033453
0.000121064
4.18604e-05
1.38554e-05
4.39855e-06
1.34184e-06
3.94166e-07
1.1171e-07
3.06149e-08
8.12409e-09
2.11426e-09
4.48043e-10
0.977166
0.913267
0.712369
0.487237
0.311996
0.18712
0.105331
0.0557638
0.0278203
0.0131047
0.00583971
0.00246656
0.000989392
0.000377623
0.000137403
4.77549e-05
1.58838e-05
5.06587e-06
1.55223e-06
4.57885e-07
1.3029e-07
3.58434e-08
9.54645e-09
2.49339e-09
5.30015e-10
0.978484
0.918569
0.724926
0.499082
0.321866
0.194478
0.11029
0.0588147
0.0295488
0.0140128
0.00628451
0.0026707
0.00107752
0.000413546
0.000151272
5.28409e-05
1.76604e-05
5.65855e-06
1.74152e-06
5.159e-07
1.47395e-07
4.0708e-08
1.08832e-08
2.85322e-09
6.08486e-10
0.97932
0.921348
0.731574
0.505894
0.327944
0.199266
0.11366
0.0609625
0.0308012
0.0146869
0.00662179
0.00282845
0.00114681
0.000442237
0.000162511
5.70194e-05
1.91388e-05
6.15769e-06
1.90276e-06
5.65862e-07
1.62285e-07
4.49841e-08
1.20694e-08
3.17553e-09
6.79335e-10
0.981343
0.927554
0.744878
0.51664
0.335982
0.204862
0.117268
0.0631195
0.0320017
0.0153115
0.00692669
0.00296857
0.00120762
0.000467219
0.000172251
6.06319e-05
2.04163e-05
6.58937e-06
2.04246e-06
6.09256e-07
1.75249e-07
4.8723e-08
1.3111e-08
3.45997e-09
7.42157e-10
0.985411
0.941132
0.777561
0.542108
0.353443
0.21592
0.123766
0.0666847
0.0338386
0.0162041
0.0073373
0.00314782
0.00128205
0.000496668
0.000183373
6.46469e-05
2.18042e-05
7.04952e-06
2.18905e-06
6.54211e-07
1.88548e-07
5.25214e-08
1.41609e-08
3.74492e-09
8.0475e-10
0.990845
0.960623
0.837198
0.592991
0.388091
0.237317
0.135971
0.0731642
0.0370612
0.0177137
0.00800612
0.00342906
0.00139459
0.000539634
0.000199052
7.0126e-05
2.36409e-05
7.64117e-06
2.37248e-06
7.09055e-07
2.04384e-07
5.69546e-08
1.53633e-08
4.06554e-09
8.7418e-10
0.995458
0.978914
0.907108
0.682491
0.447559
0.274103
0.156973
0.0843141
0.0425992
0.0202999
0.0091464
0.00390534
0.0015836
0.000611066
0.00022482
7.90178e-05
2.65815e-05
8.57508e-06
2.65786e-06
7.9314e-07
2.28315e-07
6.35436e-08
1.71213e-08
4.5268e-09
9.72488e-10
0.997382
0.9883
0.948251
0.787203
0.526255
0.324429
0.186306
0.100125
0.0505512
0.0240553
0.0108191
0.00461046
0.00186567
0.000718406
0.00026376
9.25109e-05
3.10567e-05
9.99862e-06
3.09298e-06
9.21212e-07
2.64687e-07
7.35427e-08
1.97828e-08
5.22227e-09
1.12025e-09
0.997891
0.991259
0.962822
0.844702
0.584046
0.366804
0.213505
0.115931
0.0589859
0.0282283
0.0127472
0.00544714
0.00220823
0.000851233
0.000312701
0.000109697
3.68234e-05
1.18518e-05
3.66477e-06
1.09096e-06
3.13281e-07
8.69805e-08
2.33796e-08
6.16722e-09
1.32182e-09
0.997972
0.991944
0.966701
0.862384
0.606683
0.384188
0.225556
0.123542
0.0634187
0.0306228
0.0139517
0.0060134
0.00245784
0.000954739
0.000353202
0.000124696
4.20963e-05
1.3617e-05
4.22896e-06
1.26363e-06
3.6403e-07
1.0135e-07
2.7307e-08
7.21718e-09
1.54947e-09
0.997876
0.991858
0.966921
0.864492
0.610282
0.387277
0.227912
0.125167
0.0644473
0.0312255
0.0142798
0.00617984
0.00253675
0.000989827
0.000367881
0.000130493
4.42633e-05
1.43858e-05
4.48874e-06
1.34746e-06
3.89942e-07
1.09038e-07
2.95051e-08
7.83151e-09
1.68811e-09
0.997506
0.991273
0.965751
0.861444
0.607089
0.385457
0.226935
0.124671
0.0642062
0.0311134
0.0142305
0.00615961
0.00252915
0.00098727
0.000367145
0.000130332
4.42516e-05
1.43992e-05
4.49914e-06
1.3527e-06
3.92142e-07
1.09861e-07
2.97887e-08
7.92358e-09
1.71167e-09
0.996022
0.989062
0.961496
0.850731
0.596525
0.379185
0.223449
0.122857
0.0633089
0.0306893
0.0140388
0.00607685
0.00249508
0.000973893
0.000362132
0.000128538
4.3638e-05
1.41978e-05
4.43581e-06
1.33351e-06
3.86533e-07
1.08276e-07
2.93567e-08
7.80834e-09
1.68728e-09
0.990063
0.981204
0.948334
0.821354
0.571356
0.363228
0.214243
0.117913
0.0608128
0.0294981
0.0134995
0.00584472
0.00239992
0.000936693
0.000348241
0.000123575
4.19382e-05
1.36391e-05
4.2591e-06
1.27972e-06
3.70731e-07
1.03786e-07
2.81228e-08
7.47477e-09
1.61479e-09
0.965998
0.952432
0.905921
0.746353
0.513622
0.326071
0.19228
0.105819
0.0545743
0.0264697
0.0121111
0.00524181
0.00215132
0.000839155
0.000311752
0.000110535
3.74775e-05
1.21758e-05
3.79776e-06
1.13964e-06
3.29677e-07
9.21518e-08
2.493e-08
6.6142e-09
1.42803e-09
0.878302
0.854026
0.771659
0.579244
0.395485
0.250017
0.146978
0.0806786
0.0415108
0.020089
0.0091717
0.00396097
0.00162204
0.000631267
0.000233972
8.27589e-05
2.79903e-05
9.07061e-06
2.82178e-06
8.44562e-07
2.43663e-07
6.79295e-08
1.83303e-08
4.85028e-09
1.04687e-09
0.614897
0.56949
0.461307
0.337454
0.227137
0.141367
0.0818562
0.0443264
0.0225416
0.0108011
0.00489004
0.00209689
0.000853544
0.000330509
0.000121988
4.30017e-05
1.45045e-05
4.69073e-06
1.45706e-06
4.35682e-07
1.25631e-07
3.50233e-08
9.45568e-09
2.50437e-09
5.42741e-10
0.227977
0.220587
0.195896
0.144732
0.0958328
0.058092
0.0327001
0.0172445
0.00856488
0.00402033
0.00178808
0.000755166
0.000303461
0.000116251
4.25331e-05
1.48895e-05
4.99605e-06
1.60974e-06
4.98926e-07
1.49061e-07
4.30059e-08
1.20111e-08
3.25375e-09
8.65869e-10
1.89474e-10
0.0637522
0.0639307
0.0590453
0.0460934
0.0295344
0.017196
0.00930038
0.00472555
0.00226959
0.00103427
0.000448393
0.000185313
7.31421e-05
2.76149e-05
9.98965e-06
3.46745e-06
1.15678e-06
3.71424e-07
1.14993e-07
3.43848e-08
9.95381e-09
2.79415e-09
7.62635e-10
2.04902e-10
4.55601e-11
0.0141527
0.0151498
0.0138949
0.0106895
0.00655995
0.00362729
0.00186523
0.000906012
0.000418751
0.000184796
7.80198e-05
3.15529e-05
1.22398e-05
4.55899e-06
1.63299e-06
5.62963e-07
1.87139e-07
6.00274e-08
1.86259e-08
5.59486e-09
1.63184e-09
4.62441e-10
1.27835e-10
3.48745e-11
7.93234e-12
0.00254276
0.00281628
0.0025046
0.00179803
0.00103538
0.000539351
0.000263337
0.000122562
5.47346e-05
2.34996e-05
9.70714e-06
3.85926e-06
1.47851e-06
5.45945e-07
1.94521e-07
6.69152e-08
2.2264e-08
7.16851e-09
2.23945e-09
6.78997e-10
2.00548e-10
5.76926e-11
1.62562e-11
4.53128e-12
1.06102e-12
0.000390574
0.000417423
0.000356505
0.000234354
0.000126586
6.26298e-05
2.95535e-05
1.3397e-05
5.8471e-06
2.46288e-06
1.00236e-06
3.94331e-07
1.50057e-07
5.52406e-08
1.96884e-08
6.79762e-09
2.27688e-09
7.405e-10
2.3434e-10
7.22272e-11
2.17571e-11
6.40298e-12
1.85348e-12
5.32223e-13
1.29326e-13
)
;

boundaryField
{
    inlet
    {
        type            fixedValue;
        value           uniform 1;
    }
    outlet
    {
        type            inletOutlet;
        inletValue      uniform 0;
        value           nonuniform List<scalar> 
57
(
2.46861e-21
1.32182e-19
1.85877e-18
1.22031e-17
6.10187e-17
2.60716e-16
9.70052e-16
3.19728e-15
9.44075e-15
2.53306e-14
6.23721e-14
1.42573e-13
3.04277e-13
6.08457e-13
1.14326e-12
2.03256e-12
3.40716e-12
5.38935e-12
8.07918e-12
1.15593e-11
1.58936e-11
2.11584e-11
2.74482e-11
3.4903e-11
4.37486e-11
5.43202e-11
6.7111e-11
8.42536e-11
1.08428e-10
1.39935e-10
1.80688e-10
2.32233e-10
2.95091e-10
3.68099e-10
4.48043e-10
5.30015e-10
6.08486e-10
6.79335e-10
7.42157e-10
8.0475e-10
8.7418e-10
9.72488e-10
1.12025e-09
1.32182e-09
1.54947e-09
1.68811e-09
1.71167e-09
1.68728e-09
1.61479e-09
1.42803e-09
1.04687e-09
5.42741e-10
1.89474e-10
4.55601e-11
7.93234e-12
1.06102e-12
1.29326e-13
)
;
    }
    upperWall
    {
        type            zeroGradient;
    }
    lowerWall
    {
        type            zeroGradient;
    }
    frontAndBack
    {
        type            empty;
    }
}


// ************************************************************************* //
