/*--------------------------------*- C++ -*----------------------------------*\
  =========                 |
  \\      /  F ield         | OpenFOAM: The Open Source CFD Toolbox
   \\    /   O peration     | Website:  https://openfoam.org
    \\  /    A nd           | Version:  9
     \\/     M anipulation  |
\*---------------------------------------------------------------------------*/
FoamFile
{
    format      ascii;
    class       volScalarField;
    location    "0.023";
    object      nut;
}
// * * * * * * * * * * * * * * * * * * * * * * * * * * * * * * * * * * * * * //

dimensions      [0 2 -1 0 0 0 0];

internalField   nonuniform List<scalar> 
12225
(
1.29067e-09
0
0
0
0
0
0
0
0
0
0
0
0
0
0
0
0
0
8.23264e-10
0
0
0
0
0
0
0
0
0
0
0
0
0
0
0
0
0
8.30992e-10
0
0
0
0
0
0
1.28398e-10
4.78889e-10
3.21261e-10
0
0
0
0
0
0
0
0
0
0
0
2.75426e-09
0
0
0
2.16744e-09
3.53416e-09
2.81192e-09
5.5419e-10
0
0
0
0
0
0
0
0
0
0
0
0
0
0
0
2.37188e-07
3.91148e-07
2.09213e-07
7.74311e-08
5.47825e-08
6.20172e-08
4.9838e-08
3.16425e-08
1.89971e-08
0
0
0
0
0
0
0
0
0
9.43525e-08
2.41516e-06
1.83781e-06
7.16321e-07
1.47377e-07
3.89217e-08
3.00816e-07
3.34919e-07
1.21168e-07
7.7293e-09
0
0
0
0
0
0
0
0
0
5.12001e-07
7.13003e-07
3.19306e-07
1.07513e-08
0
2.79368e-07
1.71576e-07
4.46907e-08
0
7.19329e-08
1.75626e-07
7.30958e-07
1.78837e-06
7.92947e-07
0
0
0
0
1.00169e-07
3.94216e-07
4.16538e-07
3.74586e-07
2.76643e-07
9.28212e-08
0
0
0
2.46432e-07
7.33895e-07
2.58227e-06
4.33911e-06
5.61481e-07
0
0
0
0
1.88455e-07
3.80801e-07
4.28552e-07
3.77231e-07
2.66287e-07
1.20159e-07
0
0
0
4.37548e-07
2.65013e-06
4.44757e-06
2.40881e-06
0
0
0
0
9.07563e-08
1.31998e-07
2.06456e-07
3.12139e-07
3.02858e-07
2.25181e-07
1.44427e-07
6.55936e-08
0
0
0
0
2.24272e-06
1.05286e-06
0
0
1.01978e-08
0
0
0
0
0
0
0
1.81002e-08
1.55317e-07
1.94846e-07
1.08802e-07
0
0
4.9145e-07
7.3365e-07
5.73058e-07
4.59817e-07
1.59586e-07
0
0
0
0
0
0
0
0
2.69825e-07
8.02451e-07
7.3421e-07
0
0
5.40052e-07
2.13693e-06
1.09681e-06
8.1554e-07
7.07121e-07
2.07775e-07
0
0
0
0
0
0
0
0
4.0307e-07
4.47072e-07
0
0
3.38514e-06
2.21201e-06
1.18517e-06
1.1719e-06
6.40988e-07
0
0
0
1.42784e-08
0
0
0
0
0
0
0
0
0
0
0
0
4.75218e-08
0
0
0
0
0
0
0
0
0
0
0
0
0
0
0
0
0
0
0
0
0
0
0
0
0
0
0
0
0
0
2.39969e-07
4.87379e-07
0
0
0
0
0
0
0
0
0
0
0
0
0
0
2.7774e-08
1.68404e-07
0
0
5.12547e-10
0
0
5.8208e-09
4.21049e-07
1.2714e-06
1.26866e-06
1.92777e-07
0
0
0
0
0
1.24352e-07
2.5532e-07
3.1134e-07
7.82266e-07
9.12829e-07
5.21464e-07
3.48473e-07
5.12851e-08
0
0
6.44521e-07
4.16577e-07
0
0
0
0
0
0
1.97912e-08
1.10922e-07
1.58607e-07
1.22962e-08
0
2.40473e-07
0
0
0
0
0
0
0
0
0
0
0
0
4.88523e-08
8.33567e-08
1.32076e-07
0
0
1.76364e-07
2.23161e-07
0
0
0
0
1.32946e-07
5.20459e-07
6.6237e-07
4.09378e-07
0
0
6.35378e-08
1.87876e-07
2.22704e-07
1.73704e-07
1.90316e-07
9.15298e-07
1.63053e-06
2.14884e-06
4.82476e-07
0
0
0
0
0
1.49682e-07
1.37383e-07
0
0
0
9.85645e-08
2.51289e-07
3.42923e-07
7.84507e-07
1.52011e-06
2.45824e-06
2.67631e-06
0
0
0
0
0
0
0
0
0
0
0
0
0
0
7.25173e-07
9.49472e-07
1.96546e-06
0
0
0
0
0
0
0
0
7.46771e-07
5.37208e-07
0
0
0
0
0
5.89337e-07
6.74567e-07
0
0
0
0
0
0
0
0
0
0
0
9.36287e-09
0
0
0
0
2.88304e-07
0
0
0
0
0
0
0
0
0
0
0
0
0
0
0
0
0
0
0
0
6.55416e-09
1.12536e-08
1.28401e-08
1.35593e-08
9.72063e-09
1.20578e-09
0
0
0
0
0
0
0
0
0
0
0
0
0
0
0
1.6315e-10
1.30211e-10
0
0
0
0
0
0
0
0
0
0
0
0
0
0
0
0
0
0
0
0
0
0
0
0
0
0
0
0
0
0
0
0
0
0
0
0
0
0
0
0
0
0
0
0
0
0
5.29396e-07
9.63403e-07
8.68206e-07
4.59333e-07
2.34661e-09
0
0
0
0
0
0
0
0
8.1864e-08
1.9334e-07
3.01931e-07
3.99294e-07
4.9159e-07
5.09956e-07
4.91099e-07
4.74218e-07
6.16325e-07
1.67959e-06
2.45185e-06
0
0
0
0
0
6.39828e-06
1.33723e-05
4.13116e-06
7.57858e-07
3.33933e-08
0
1.27413e-07
2.36333e-07
2.86248e-07
2.76431e-07
2.47882e-07
2.01833e-07
1.55751e-07
1.13698e-07
8.42486e-08
5.53658e-08
3.53763e-08
1.99776e-08
7.23528e-09
0
0
0
0
0
0
0
0
0
0
0
0
0
0
0
0
0
0
0
0
0
0
0
0
0
0
0
0
0
0
0
0
0
0
0
0
0
0
0
0
0
0
0
0
0
0
0
0
0
0
0
0
0
0
0
0
0
0
0
0
0
0
0
0
0
0
0
0
0
0
0
0
0
0
0
0
0
0
0
0
0
0
0
0
0
0
0
0
0
0
0
0
0
0
0
0
0
0
0
0
0
0
0
0
0
0
0
0
0
0
0
0
0
0
0
0
0
0
0
0
0
0
0
0
0
0
0
0
0
0
0
0
3.83721e-07
1.19436e-06
1.51817e-06
1.55587e-06
1.12895e-06
4.98069e-07
0
0
0
0
0
0
0
2.30208e-07
4.97594e-07
7.29544e-07
8.77922e-07
9.30434e-07
9.28719e-07
9.28332e-07
1.17952e-06
1.5812e-06
1.85663e-06
0
0
0
0
0
0
0
0
1.31326e-06
5.43083e-07
0
0
5.9448e-08
1.63284e-07
2.08211e-07
2.16386e-07
2.07464e-07
1.88193e-07
1.6567e-07
1.41315e-07
1.16484e-07
9.14563e-08
6.58038e-08
4.03294e-08
1.51464e-08
0
0
0
0
0
0
0
0
0
0
0
0
0
0
0
0
0
0
0
0
0
0
0
0
0
0
0
0
0
0
0
0
0
0
0
0
0
0
0
0
0
0
0
0
0
0
0
0
0
0
0
0
0
0
0
0
0
0
0
0
0
0
0
0
0
0
0
0
0
0
0
0
0
0
0
0
0
0
0
0
0
0
0
0
0
0
0
0
0
0
0
0
0
0
0
0
0
0
0
0
0
0
0
0
0
0
0
0
0
0
0
0
0
0
0
0
0
0
0
0
0
0
0
0
0
0
0
0
0
0
0
0
1.10057e-07
5.6229e-07
1.26374e-06
1.92573e-06
2.16519e-06
2.47629e-06
2.64693e-06
2.49625e-06
2.13012e-06
1.45063e-06
5.79321e-07
8.64661e-08
2.19141e-07
3.88287e-07
1.35665e-07
0
0
0
0
0
0
0
0
0
0
0
0
0
0
0
0
7.43774e-07
2.03495e-07
0
0
1.47264e-07
3.91104e-07
5.78485e-07
6.78167e-07
7.11502e-07
6.76632e-07
6.1055e-07
5.20048e-07
4.21895e-07
3.22624e-07
2.27051e-07
1.36051e-07
4.96502e-08
0
0
0
0
0
0
0
0
0
0
0
0
0
0
0
0
0
0
0
0
0
0
0
0
0
0
0
0
0
0
0
0
0
0
0
0
0
0
0
0
1.46938e-09
0
0
0
0
0
0
0
0
0
0
0
0
0
0
0
0
0
0
0
0
0
0
0
0
0
0
0
0
0
0
0
0
0
0
0
0
0
0
0
0
0
0
0
0
0
0
0
0
0
0
0
0
0
0
0
0
0
0
0
0
0
0
0
0
0
0
0
0
0
0
0
0
0
0
0
0
0
0
0
0
0
0
0
0
0
0
0
0
0
0
0
2.425e-08
1.88668e-07
9.43922e-07
2.19933e-06
2.94355e-06
3.28372e-06
3.40759e-06
3.11941e-06
2.52935e-06
1.57165e-06
7.93145e-07
1.15986e-06
2.03887e-06
1.8346e-06
6.92134e-07
0
0
0
0
0
0
0
0
0
0
0
0
0
3.30689e-07
0
7.77693e-08
4.53316e-07
1.88292e-07
3.22138e-07
5.00395e-07
6.55548e-07
6.85717e-07
6.99026e-07
7.1886e-07
8.0124e-07
9.57672e-07
1.21104e-06
1.57877e-06
2.0789e-06
2.70526e-06
3.22641e-06
2.64563e-06
0
0
0
0
0
0
0
0
0
0
0
0
0
0
0
0
0
0
0
0
0
0
0
0
0
0
6.49695e-08
1.48271e-07
2.14269e-07
2.47148e-07
2.42761e-07
2.03247e-07
1.37454e-07
5.75882e-08
0
0
0
0
0
0
0
0
0
0
0
0
0
0
0
0
0
0
0
0
0
0
0
0
0
0
0
0
0
0
9.26322e-09
1.68355e-08
1.80516e-08
1.62822e-08
1.37453e-08
1.14233e-08
9.50222e-09
7.93095e-09
6.66389e-09
5.64892e-09
4.82016e-09
4.11892e-09
3.5381e-09
3.03655e-09
2.56219e-09
2.10237e-09
1.6569e-09
1.23179e-09
8.42671e-10
5.06373e-10
2.33337e-10
2.84991e-11
0
0
0
0
0
0
0
0
0
0
0
0
0
0
0
0
0
0
0
0
0
0
0
0
0
0
0
0
0
2.52432e-14
5.13585e-14
4.8276e-14
4.69806e-14
3.10745e-14
2.57758e-14
1.20207e-14
7.94402e-15
1.10695e-15
0
0
0
4.02253e-15
0
2.79631e-14
0
1.2989e-13
0
9.69312e-09
8.51357e-08
6.51338e-07
2.60511e-06
3.12357e-06
3.30632e-06
2.85404e-06
1.67369e-06
0
0
5.55508e-07
4.31461e-06
6.90687e-06
6.33136e-06
3.97931e-06
1.40014e-06
0
0
0
0
0
0
0
0
0
0
0
0
0
0
3.65542e-07
1.15571e-06
1.35102e-06
1.16627e-06
8.39042e-07
5.32325e-07
3.09258e-07
1.78789e-07
1.27136e-07
1.50171e-07
2.48155e-07
4.37298e-07
7.48645e-07
1.23844e-06
1.99483e-06
3.08862e-06
3.58858e-06
0
0
0
0
0
0
0
0
2.24471e-08
4.85371e-08
4.34692e-08
1.7538e-08
0
0
0
0
0
0
0
0
0
0
0
0
0
0
0
1.77352e-08
1.7858e-07
3.01821e-07
3.71224e-07
3.86213e-07
3.50382e-07
2.6891e-07
1.6185e-07
5.52069e-08
0
0
0
0
0
0
0
0
0
0
0
0
0
0
0
0
0
0
0
0
0
0
0
0
0
0
0
0
0
0
0
0
0
0
0
0
0
0
0
0
0
0
0
0
0
0
0
0
0
0
0
0
0
0
0
0
8.67566e-10
1.25727e-09
1.30513e-09
1.19339e-09
1.02015e-09
8.36088e-10
6.65347e-10
5.17539e-10
3.94906e-10
2.96387e-10
2.19522e-10
1.61119e-10
1.17662e-10
8.56957e-11
6.2281e-11
4.50935e-11
3.24588e-11
2.31284e-11
1.62586e-11
1.12165e-11
7.59657e-12
5.05225e-12
3.3228e-12
2.17131e-12
1.39456e-12
8.89238e-13
5.05519e-13
2.85592e-13
6.46841e-14
1.18443e-14
0
0
0
0
0
2.11386e-13
0
4.37595e-12
0
1.52501e-11
0
4.48953e-09
4.37174e-08
3.72562e-07
2.59907e-06
2.72595e-06
2.0419e-06
3.87255e-08
0
0
4.63074e-07
8.32766e-06
1.41662e-05
1.59219e-05
1.36844e-05
9.42776e-06
4.94843e-06
1.26445e-06
0
0
0
0
0
0
0
0
0
0
0
0
1.14805e-06
1.72509e-06
1.53775e-06
1.16494e-06
7.38973e-07
3.95299e-07
1.10393e-07
0
0
0
0
0
0
0
2.08475e-07
6.34092e-07
9.43131e-07
4.95491e-07
0
0
0
0
0
1.70744e-07
3.57923e-07
4.63343e-07
5.0375e-07
4.92642e-07
4.53971e-07
3.84253e-07
2.89897e-07
1.86405e-07
7.43527e-08
0
0
0
0
0
0
0
0
0
0
0
0
0
0
0
0
0
2.80614e-08
1.35562e-07
2.01288e-07
2.02387e-07
1.53556e-07
8.18611e-08
3.94788e-09
0
0
0
0
0
0
0
0
0
0
0
0
0
0
0
0
0
0
0
0
0
0
0
0
0
0
0
0
0
0
0
0
0
0
0
0
0
0
0
0
0
0
0
0
0
0
0
0
0
0
0
0
0
0
0
0
0
0
0
0
0
0
0
0
0
0
0
0
0
0
0
0
0
0
0
0
0
0
0
0
0
1.86367e-12
5.63706e-12
6.73467e-12
1.08403e-11
1.34588e-11
2.45537e-11
3.23916e-11
6.22482e-11
5.24478e-11
1.0865e-10
0
2.24427e-11
0
0
1.09711e-08
1.54781e-07
1.64844e-06
4.31768e-07
0
0
0
7.13442e-06
1.53509e-05
2.04509e-05
2.25072e-05
2.27597e-05
1.9765e-05
1.37882e-05
6.95988e-06
1.91676e-06
0
0
0
0
0
0
0
0
0
0
1.19975e-06
2.62526e-06
2.38954e-06
1.64717e-06
9.62125e-07
4.57576e-07
7.27772e-08
0
0
0
0
0
0
0
0
0
0
2.39874e-07
3.75786e-07
1.16608e-07
0
0
7.69362e-08
4.46213e-07
7.02757e-07
8.22313e-07
8.58335e-07
8.52311e-07
8.32496e-07
7.96308e-07
7.65391e-07
7.39296e-07
6.93954e-07
6.33064e-07
5.31293e-07
4.00721e-07
2.30233e-07
4.6254e-08
0
0
0
0
0
0
0
0
0
0
0
0
0
0
0
0
0
0
1.40031e-07
1.87234e-07
1.612e-07
1.00638e-07
3.32162e-08
0
0
0
0
0
0
0
0
0
0
0
0
0
0
0
0
0
0
0
0
0
0
0
0
0
0
0
0
0
0
0
0
0
0
0
0
0
0
0
0
0
0
0
0
0
0
0
0
0
0
0
0
0
0
0
0
0
0
0
0
0
0
0
0
0
0
0
0
0
0
0
0
0
0
0
0
2.54674e-11
3.77071e-11
3.6392e-11
2.88109e-11
2.32202e-11
1.79415e-11
1.89405e-11
1.89131e-11
2.50547e-11
2.82697e-11
4.40718e-11
3.355e-11
4.72919e-11
0
0
0
0
0
0
0
0
2.07264e-06
1.16943e-05
1.40477e-05
1.60056e-05
1.83918e-05
2.05421e-05
2.15045e-05
2.18225e-05
2.06818e-05
1.6824e-05
1.02468e-05
4.18707e-06
1.34838e-06
0
0
0
0
0
0
0
0
2.83077e-06
4.52806e-06
3.10843e-06
1.80628e-06
9.63962e-07
4.00612e-07
0
0
0
0
0
0
0
0
0
0
6.05758e-07
1.2316e-06
1.50486e-06
8.20155e-07
0
0
0
0
2.09213e-07
7.3048e-07
9.92547e-07
1.01146e-06
9.5149e-07
8.02568e-07
6.76527e-07
5.46983e-07
4.54371e-07
3.84275e-07
3.47289e-07
3.42316e-07
3.68008e-07
4.04239e-07
4.2531e-07
4.01996e-07
3.2049e-07
2.06726e-07
9.24804e-08
0
0
0
0
0
0
0
0
0
0
0
0
0
0
0
1.10024e-07
2.20131e-07
2.02399e-07
1.31155e-07
6.0373e-08
1.51477e-08
0
0
0
0
0
0
0
0
0
0
0
0
0
0
0
0
0
0
0
0
0
0
0
0
0
0
0
0
0
0
0
0
0
0
0
0
0
0
0
0
0
0
0
0
0
0
0
0
0
0
0
0
0
0
0
0
0
0
0
0
0
0
0
0
0
0
0
0
0
0
0
0
0
0
4.44607e-12
2.14303e-11
2.48079e-11
2.10991e-11
1.75104e-11
1.3339e-11
1.34597e-11
1.3033e-11
1.57145e-11
1.6563e-11
2.32871e-11
1.44604e-11
1.07789e-11
0
0
0
0
0
0
0
2.31667e-06
7.66356e-06
1.02265e-05
1.11691e-05
1.21071e-05
1.32177e-05
1.38603e-05
1.4758e-05
1.61333e-05
1.73549e-05
1.73935e-05
1.30521e-05
6.72109e-06
2.55955e-06
7.65847e-07
0
0
0
0
0
0
0
0
1.869e-06
1.4394e-06
8.18943e-07
3.72728e-07
3.62714e-08
0
0
0
0
0
0
0
3.84965e-07
1.52861e-06
3.19524e-06
5.45107e-06
8.00376e-06
8.9351e-06
1.79208e-06
0
0
0
0
0
0
7.67574e-07
1.14328e-06
1.26812e-06
1.08228e-06
8.99161e-07
6.7618e-07
5.13267e-07
3.84918e-07
2.79058e-07
1.83785e-07
1.12822e-07
9.52148e-08
1.45365e-07
2.3368e-07
3.02333e-07
3.1388e-07
2.66879e-07
1.8962e-07
9.7432e-08
2.35211e-11
0
0
0
0
0
0
0
0
0
0
0
0
0
0
1.08197e-07
1.50277e-07
1.1625e-07
5.99238e-08
1.3104e-08
0
0
8.05101e-09
1.5553e-08
6.54323e-09
0
0
0
0
0
0
0
0
0
0
0
0
0
0
0
0
0
0
0
0
0
0
0
0
0
0
0
0
0
0
0
0
0
0
0
0
0
0
0
0
0
0
0
0
0
0
0
0
0
0
0
0
0
0
0
0
0
0
0
0
0
0
0
0
0
0
0
0
0
9.4984e-12
1.55143e-11
1.45074e-11
1.2467e-11
9.37885e-12
8.64406e-12
8.01402e-12
8.5385e-12
7.95658e-12
7.79904e-12
3.09098e-12
0
0
0
0
0
0
0
0
0
2.29159e-06
4.74195e-06
5.85145e-06
6.36158e-06
6.66761e-06
6.76759e-06
6.95307e-06
7.0453e-06
6.445e-06
5.77102e-06
5.55969e-06
4.18135e-06
2.8011e-06
1.81786e-06
1.0886e-06
7.09736e-07
9.38696e-07
0
0
0
0
0
0
2.36365e-07
1.39884e-07
0
0
0
0
0
0
0
3.905e-07
1.53939e-06
3.39906e-06
6.33257e-06
1.10327e-05
1.83536e-05
2.90532e-05
3.42682e-05
0
0
0
0
0
0
0
0
5.66553e-07
1.10397e-06
1.20908e-06
1.06405e-06
8.36505e-07
6.24985e-07
5.07456e-07
4.43259e-07
3.8339e-07
2.83663e-07
1.7209e-07
1.11225e-07
1.46451e-07
2.43461e-07
3.03664e-07
2.62253e-07
1.27832e-07
0
0
0
0
0
0
0
0
0
0
0
0
0
0
0
0
0
0
0
1.7224e-08
2.24624e-08
1.30238e-08
5.66872e-09
7.99732e-09
1.77752e-08
2.38945e-08
1.74353e-08
0
0
0
0
0
0
0
0
0
0
0
0
0
0
0
0
0
0
0
0
0
0
0
0
0
0
0
0
0
0
0
0
0
0
0
0
0
0
0
0
0
0
0
0
0
0
0
0
0
0
0
0
0
0
0
0
0
0
0
0
0
0
0
0
0
0
0
0
0
6.78854e-12
8.13855e-12
7.56252e-12
5.77872e-12
4.71075e-12
3.9906e-12
3.59034e-12
2.45108e-12
1.24784e-12
0
0
0
0
0
0
0
0
0
0
0
1.07399e-06
2.30116e-06
2.70236e-06
2.62395e-06
2.37879e-06
2.16588e-06
1.98754e-06
2.00128e-06
2.68905e-06
3.33019e-06
3.36813e-06
3.23514e-06
3.38222e-06
4.09847e-06
3.19924e-06
9.19732e-07
0
0
0
0
0
0
0
0
0
0
0
0
0
0
5.85664e-07
1.69198e-06
3.57024e-06
6.53799e-06
1.09801e-05
1.67237e-05
2.15468e-05
1.93163e-05
1.45087e-06
0
0
0
0
0
0
0
0
0
5.90355e-07
9.29961e-07
9.10405e-07
7.00403e-07
4.36043e-07
2.43308e-07
2.11563e-07
3.1011e-07
3.8047e-07
3.14863e-07
1.60503e-07
4.09545e-08
5.79583e-08
2.10588e-07
3.54841e-07
3.20829e-07
9.45781e-08
0
0
0
0
0
0
0
0
0
0
0
0
0
0
0
0
0
0
0
0
0
0
1.37004e-08
2.40941e-08
2.90747e-08
2.4016e-08
9.83819e-09
0
0
0
0
0
0
0
0
0
0
0
0
0
0
0
0
0
0
0
0
0
0
0
0
0
0
0
0
0
0
0
0
0
0
0
0
0
0
0
0
0
0
0
0
0
0
0
0
0
0
0
0
0
0
0
0
0
0
0
0
0
0
0
0
0
0
0
0
0
2.331e-12
3.08587e-12
2.5131e-12
1.86369e-12
1.12172e-12
6.12819e-13
0
0
0
0
0
0
0
0
0
0
0
0
0
0
0
5.17198e-07
6.75888e-07
6.51915e-07
6.53635e-07
7.9629e-07
1.16664e-06
1.78436e-06
2.38599e-06
3.05155e-06
3.99829e-06
4.24543e-06
2.67491e-06
1.3661e-06
6.99976e-07
3.06559e-07
6.40897e-08
0
0
0
0
0
0
0
0
0
0
0
1.32299e-07
6.90281e-07
1.65408e-06
3.15351e-06
5.01011e-06
6.73464e-06
7.13646e-06
4.61209e-06
0
0
0
0
0
0
0
0
0
0
0
1.28942e-07
6.54622e-07
7.61425e-07
6.20534e-07
4.06395e-07
1.38248e-07
0
0
9.06594e-08
2.73385e-07
1.93912e-07
0
0
0
0
1.29162e-07
3.55864e-07
1.92001e-07
0
0
0
0
0
0
0
0
0
0
0
0
0
0
0
0
0
0
0
0
0
0
0
6.21874e-09
1.44619e-08
7.76388e-09
0
0
0
0
0
0
0
0
0
0
0
0
0
0
0
0
0
0
0
0
0
0
0
9.7405e-09
1.58057e-08
0
0
0
0
0
0
0
0
0
0
0
0
0
0
0
0
0
0
0
0
0
0
0
0
0
0
0
0
0
0
0
0
0
0
0
0
0
0
0
0
0
0
0
0
0
0
0
0
0
0
0
0
0
0
0
0
0
0
0
0
0
0
0
0
0
0
0
1.68171e-08
3.08511e-07
5.99686e-07
9.92241e-07
1.54233e-06
2.20165e-06
2.91299e-06
2.98208e-06
2.29794e-06
1.55829e-06
1.06743e-06
7.55664e-07
5.59678e-07
4.36604e-07
3.75018e-07
3.57318e-07
3.37358e-07
2.92338e-07
2.22373e-07
1.16076e-07
0
0
0
0
0
0
0
0
0
0
0
0
0
0
0
0
0
0
0
0
0
0
0
0
0
1.47289e-07
4.58068e-07
4.54711e-07
4.01348e-07
3.37719e-07
6.85558e-08
0
0
7.34382e-08
2.78967e-07
9.57364e-08
0
0
0
0
0
0
9.29402e-08
0
0
0
0
0
0
0
0
0
0
0
0
0
0
0
0
0
0
0
0
0
0
0
0
4.87008e-10
0
0
0
0
0
0
0
0
0
0
0
0
0
0
0
0
0
0
0
0
0
0
0
0
1.21777e-08
0
0
0
0
0
0
0
0
0
0
0
0
0
0
0
0
0
0
0
0
0
0
0
0
0
0
0
0
0
0
0
0
0
0
0
0
0
0
0
0
0
0
0
0
0
0
0
0
0
0
0
0
0
0
0
0
0
0
0
0
0
0
0
0
0
0
0
0
2.14056e-07
6.89815e-07
1.18946e-06
1.73119e-06
2.09815e-06
2.26582e-06
1.96495e-06
1.57455e-06
1.19035e-06
9.35625e-07
7.85996e-07
6.99682e-07
6.47025e-07
6.40995e-07
6.55472e-07
6.42887e-07
6.03726e-07
5.65316e-07
5.07577e-07
4.27074e-07
3.36435e-07
2.31172e-07
8.72881e-08
0
0
0
0
0
0
0
0
0
0
0
0
0
0
0
0
0
0
0
0
0
0
8.75499e-08
1.48803e-07
1.24755e-07
2.00744e-07
2.30202e-07
2.62265e-09
0
0
3.07034e-07
3.75551e-07
0
0
0
0
0
0
0
0
0
0
0
0
0
0
0
0
0
0
0
0
0
0
0
0
0
0
0
0
0
3.31792e-09
1.47721e-08
1.18171e-08
3.73197e-09
0
0
0
0
0
7.78314e-09
4.99351e-09
0
0
0
0
0
0
0
0
0
0
0
0
0
0
0
0
0
0
0
0
0
0
0
0
0
0
0
0
0
0
0
0
0
0
0
0
0
0
0
0
0
0
0
0
0
0
0
0
0
0
0
0
0
0
0
0
0
0
0
0
0
0
0
0
0
0
0
0
0
0
0
0
0
0
0
0
0
0
0
0
0
0
0
0
0
1.78536e-07
6.50992e-07
1.06618e-06
1.44376e-06
1.62181e-06
1.57695e-06
1.38089e-06
1.15316e-06
9.3372e-07
8.19646e-07
7.80347e-07
7.67599e-07
7.6939e-07
8.11989e-07
8.66676e-07
8.8251e-07
8.72339e-07
8.91149e-07
9.19503e-07
9.36748e-07
9.39602e-07
9.06142e-07
7.99982e-07
5.39975e-07
0
0
0
0
0
0
0
0
0
0
0
0
0
0
0
0
0
0
0
0
0
0
0
0
0
0
1.12524e-08
0
0
1.35137e-07
4.06652e-07
3.06376e-07
0
0
0
0
0
0
0
0
0
0
0
0
0
0
0
0
0
0
0
0
0
0
0
0
0
0
0
0
0
0
0
0
0
0
0
0
0
3.68726e-09
2.54567e-08
2.86947e-08
0
0
0
0
0
0
0
0
0
0
0
0
0
0
0
0
0
0
0
0
0
0
5.38257e-09
2.04681e-08
2.18764e-08
1.07559e-08
0
0
0
0
0
0
0
0
0
0
0
0
0
0
0
0
0
0
0
0
0
0
0
0
0
0
0
0
0
0
0
0
0
0
0
0
0
0
0
0
0
0
0
0
0
0
0
0
0
0
0
0
0
0
0
0
0
0
1.32846e-07
5.41695e-07
8.484e-07
1.03721e-06
1.11457e-06
1.05166e-06
9.08665e-07
7.76012e-07
6.79353e-07
6.71039e-07
7.22262e-07
7.84232e-07
8.48569e-07
9.43247e-07
1.03381e-06
1.07716e-06
1.08786e-06
1.12621e-06
1.19188e-06
1.26525e-06
1.35724e-06
1.45115e-06
1.49875e-06
1.3913e-06
1.00272e-06
1.20989e-07
0
0
0
0
0
0
0
0
0
0
0
0
2.24626e-06
3.5985e-06
3.16403e-06
2.04793e-06
1.01043e-06
5.11635e-07
2.64064e-07
0
0
0
0
0
0
0
1.60847e-08
8.59192e-08
2.04405e-07
2.90391e-07
1.44845e-07
0
0
0
0
0
0
0
0
0
1.16503e-07
5.88076e-08
0
5.82392e-08
1.7469e-07
0
0
0
0
0
4.89083e-07
4.16696e-07
9.46916e-08
0
0
0
0
0
0
0
0
0
0
0
1.61208e-09
0
0
0
1.04522e-08
3.43211e-08
4.22055e-08
0
0
0
0
0
0
0
0
0
0
0
0
0
0
5.40973e-08
0
0
0
0
0
0
8.80224e-09
5.04057e-08
6.56273e-08
5.97598e-08
3.63409e-08
9.3647e-09
0
0
0
0
0
0
0
0
0
0
0
0
0
0
0
0
0
0
0
0
0
0
0
0
0
0
0
0
0
0
0
0
0
0
0
0
0
0
0
0
0
0
0
0
0
0
0
0
0
0
0
0
0
0
0
0
1.07328e-07
4.15596e-07
6.34029e-07
7.36175e-07
7.3372e-07
6.55648e-07
5.23893e-07
4.14323e-07
3.50248e-07
3.50372e-07
4.07904e-07
4.9716e-07
6.14309e-07
7.75284e-07
9.45972e-07
1.05938e-06
1.12558e-06
1.17853e-06
1.21202e-06
1.26779e-06
1.33891e-06
1.43061e-06
1.56563e-06
1.61384e-06
1.52365e-06
1.09344e-06
1.51183e-07
0
0
0
0
0
0
0
0
0
0
9.93612e-06
1.09837e-05
7.73577e-06
4.61262e-06
2.50936e-06
1.13506e-06
4.83912e-07
2.49934e-07
0
0
0
3.29017e-08
0
0
0
0
7.80911e-08
9.46913e-08
0
0
0
0
0
0
0
0
0
0
0
0
2.93046e-08
1.3163e-07
0
0
1.55102e-08
0
0
0
0
1.43478e-06
6.80889e-07
0
0
0
3.58115e-08
3.05354e-08
1.16852e-08
0
0
0
0
0
0
4.98059e-09
2.44938e-08
1.12474e-08
2.55816e-09
5.85543e-09
2.08273e-08
4.43117e-08
3.51973e-08
0
0
0
0
0
0
0
0
0
0
0
0
0
6.15668e-08
1.05221e-08
0
0
0
0
0
0
7.38521e-08
1.14638e-07
1.19918e-07
9.36729e-08
5.07993e-08
8.82341e-09
0
0
0
0
0
0
0
0
0
0
0
0
0
0
0
0
0
0
0
0
0
0
0
0
0
0
0
0
0
0
0
0
0
0
0
0
0
0
0
0
0
0
0
0
0
0
0
0
0
0
0
0
0
0
0
5.86709e-08
2.66801e-07
4.34705e-07
5.33838e-07
5.37079e-07
4.68528e-07
3.54082e-07
2.44719e-07
1.59949e-07
1.14338e-07
1.15794e-07
1.57439e-07
2.44265e-07
3.94267e-07
5.90011e-07
7.76964e-07
9.26301e-07
1.04342e-06
1.10987e-06
1.1647e-06
1.20717e-06
1.26668e-06
1.31796e-06
1.41683e-06
1.40268e-06
1.33957e-06
9.33175e-07
1.64678e-07
0
0
0
0
0
0
0
0
1.67968e-05
2.04919e-05
1.25207e-05
6.66743e-06
3.34531e-06
1.55697e-06
5.29235e-07
1.12952e-07
4.6707e-08
0
0
0
1.99384e-07
4.75772e-08
0
0
0
0
1.23299e-07
0
0
0
0
0
0
0
0
0
0
0
0
0
0
0
7.45454e-08
0
0
0
0
0
1.34609e-06
8.15059e-07
0
0
4.97112e-08
6.24399e-08
2.80711e-08
0
0
0
0
0
0
0
3.87265e-10
3.23527e-08
2.74364e-08
1.54588e-08
1.41334e-08
2.12243e-08
3.67905e-08
3.66992e-08
0
0
0
0
0
0
0
0
0
0
0
0
0
1.37838e-08
5.50018e-08
0
0
0
0
0
0
6.56618e-08
1.61917e-07
1.89313e-07
1.69215e-07
1.09236e-07
3.82188e-08
0
0
0
0
0
0
0
0
0
0
0
0
0
0
0
0
0
0
0
0
0
0
0
0
0
0
0
0
0
0
0
0
0
0
0
0
0
0
0
0
0
0
0
0
0
0
0
0
0
0
0
0
0
2.52164e-08
5.64058e-08
1.19168e-07
2.01842e-07
2.80867e-07
3.36262e-07
3.50601e-07
3.24148e-07
2.60288e-07
1.83482e-07
1.10341e-07
5.44784e-08
2.28469e-08
1.41565e-08
3.70634e-08
1.09964e-07
2.40553e-07
4.05779e-07
5.68155e-07
7.05819e-07
8.11633e-07
8.84279e-07
9.29137e-07
9.84342e-07
1.00833e-06
1.0634e-06
1.06594e-06
1.08742e-06
9.53237e-07
7.11458e-07
1.65778e-07
0
0
0
0
0
0
4.57448e-07
3.66776e-06
5.26944e-06
4.74702e-06
3.03579e-06
1.47635e-06
4.77433e-07
0
0
0
0
0
0
3.62459e-07
1.8619e-07
0
0
0
0
3.39333e-08
0
0
0
0
0
0
0
0
0
0
0
0
0
0
0
1.26014e-07
1.57793e-07
0
0
0
0
0
0
0
8.29508e-08
2.38283e-07
1.75824e-07
6.62456e-08
0
0
0
0
3.87042e-08
4.58962e-08
3.90841e-08
4.05269e-08
4.90318e-08
3.67672e-08
1.71262e-08
1.18342e-08
1.62062e-08
2.53509e-08
2.14023e-08
0
0
0
0
0
0
0
0
2.20104e-08
1.78591e-08
0
0
0
1.93987e-09
2.11406e-08
0
0
0
0
0
0
0
1.63166e-07
2.47795e-07
2.53186e-07
1.88253e-07
7.73341e-08
0
0
0
0
0
0
0
0
0
0
0
0
0
0
0
0
0
0
0
0
0
0
0
0
0
0
0
0
0
0
0
0
0
0
0
0
0
0
0
0
0
0
0
0
4.93011e-06
7.27109e-07
0
0
0
0
0
0
1.38193e-07
2.51274e-07
3.23596e-07
3.38132e-07
3.32212e-07
3.18791e-07
2.96097e-07
2.63792e-07
2.19014e-07
1.6513e-07
1.05658e-07
5.20331e-08
1.11204e-08
0
0
0
0
4.50614e-08
1.49282e-07
2.65963e-07
3.67634e-07
4.51044e-07
5.16346e-07
5.58445e-07
6.02966e-07
6.3042e-07
6.67905e-07
6.8146e-07
7.05234e-07
6.74699e-07
6.20917e-07
4.59324e-07
1.93435e-07
0
0
0
0
0
3.16375e-07
7.74543e-07
1.17658e-06
1.25505e-06
8.3236e-07
2.35589e-07
0
0
0
1.09884e-07
0
0
3.13696e-07
5.03348e-07
2.55377e-07
0
0
0
0
0
0
0
0
0
0
0
0
0
0
0
0
0
0
0
0
2.5406e-07
2.9948e-07
2.07305e-07
4.84198e-08
0
0
0
0
0
2.67379e-07
2.72084e-07
2.19108e-07
1.26031e-07
2.02507e-08
0
0
1.0798e-09
5.18753e-08
7.61411e-08
7.36324e-08
7.26398e-08
7.82162e-08
6.73152e-08
3.7023e-08
1.63862e-08
1.19131e-08
1.63487e-08
1.55855e-08
0
0
0
0
0
0
0
0
1.0382e-08
3.22409e-08
2.34536e-08
6.58971e-09
0
0
0
0
0
0
0
0
0
0
3.43705e-08
2.30805e-07
3.06692e-07
2.76596e-07
1.37485e-07
0
0
0
0
0
0
0
0
0
0
0
0
0
0
0
0
0
0
0
0
0
0
0
0
0
0
0
0
0
0
0
0
0
0
0
0
0
0
0
0
0
0
0
0
5.5093e-06
5.36167e-06
1.39762e-06
1.23008e-06
1.097e-06
2.18786e-07
0
0
4.10673e-08
1.68558e-07
2.45842e-07
3.21447e-07
3.51662e-07
3.26853e-07
2.7551e-07
2.15536e-07
1.55673e-07
9.61719e-08
3.76796e-08
0
0
0
0
0
0
0
0
5.86498e-08
1.23529e-07
1.68919e-07
2.01399e-07
2.2173e-07
2.45749e-07
2.66194e-07
2.93625e-07
3.15641e-07
3.43597e-07
3.60554e-07
3.77363e-07
3.79055e-07
3.4815e-07
2.75632e-07
1.69618e-07
8.71141e-08
7.37591e-08
1.22259e-07
2.1027e-07
3.23807e-07
4.03019e-07
2.75612e-07
0
0
0
0
2.12798e-07
2.24117e-07
0
0
3.27833e-07
4.79535e-07
2.91628e-07
0
0
0
0
0
0
0
0
0
0
0
0
0
0
0
0
0
0
0
0
3.3212e-07
4.35471e-07
3.34994e-07
2.55558e-07
1.43736e-07
0
0
0
2.19144e-07
3.44079e-07
2.59886e-07
1.94403e-07
1.33151e-07
5.9959e-08
2.58298e-08
2.67393e-08
3.82332e-08
6.54255e-08
8.15176e-08
7.14138e-08
6.82073e-08
8.26888e-08
9.25117e-08
7.4499e-08
4.50678e-08
2.63735e-08
2.25263e-08
2.49879e-08
1.43786e-08
0
0
0
0
0
0
0
0
1.98506e-08
2.79403e-08
1.77064e-08
9.31247e-09
0
0
0
0
0
0
0
0
0
0
6.95344e-08
2.42171e-07
2.7389e-07
2.03832e-07
0
0
0
0
0
0
0
0
0
0
0
0
0
0
0
0
0
0
0
0
0
0
0
0
0
0
0
0
0
0
0
0
0
0
0
0
0
0
0
0
0
0
0
0
3.20876e-06
6.42827e-06
2.63521e-06
1.36817e-06
5.42305e-07
0
0
0
0
0
3.66437e-08
1.13378e-07
1.73177e-07
2.01529e-07
1.71538e-07
1.19838e-07
7.26522e-08
3.28833e-08
0
0
0
0
0
0
0
0
0
0
0
0
0
0
0
0
0
3.71202e-09
3.66806e-08
8.58057e-08
1.61834e-07
2.72376e-07
3.93385e-07
4.42917e-07
3.50837e-07
2.25034e-07
1.62301e-07
1.18636e-07
4.43228e-08
0
0
0
0
0
0
0
2.10635e-07
1.43137e-07
0
0
1.61655e-07
4.01181e-07
3.26372e-07
0
0
0
0
0
0
0
0
0
0
0
0
0
0
0
0
0
0
2.75681e-08
2.04141e-07
4.50819e-07
5.26696e-07
3.98797e-07
2.78335e-07
2.08272e-07
1.54748e-07
1.09886e-07
1.40688e-07
2.61898e-07
2.78525e-07
2.28209e-07
1.72069e-07
1.18215e-07
6.48158e-08
3.94099e-08
4.13373e-08
5.22456e-08
7.92027e-08
9.82948e-08
8.18115e-08
6.38882e-08
7.2472e-08
9.35082e-08
9.56257e-08
7.53925e-08
5.00666e-08
3.57456e-08
3.43023e-08
3.20454e-08
1.03227e-08
0
0
0
0
0
0
0
0
1.28398e-08
1.50601e-08
1.22403e-08
4.30083e-09
0
0
0
4.96438e-08
4.51921e-08
2.84971e-09
0
0
0
0
6.78142e-08
8.48636e-08
0
0
0
0
0
0
0
0
0
0
0
0
0
0
0
0
0
0
0
0
0
0
0
0
0
0
0
0
0
0
0
0
0
0
0
0
0
0
0
0
0
0
0
0
0
0
0
0
0
0
0
0
0
0
0
0
0
0
1.50504e-08
0
0
0
0
0
0
0
0
0
0
0
0
0
0
0
0
0
0
0
0
0
0
0
0
0
8.164e-08
3.77971e-07
6.3839e-07
5.38271e-07
3.05463e-07
1.5455e-07
0
0
0
0
0
0
6.33435e-07
1.61663e-06
6.92949e-07
2.55848e-07
5.13577e-08
0
0
0
2.58906e-07
2.79737e-07
0
0
0
0
0
0
0
0
0
0
0
0
0
0
0
7.30282e-08
6.5894e-07
5.02678e-07
4.28818e-07
5.54904e-07
7.3602e-07
6.75523e-07
4.67438e-07
2.92637e-07
2.00666e-07
1.66307e-07
1.58504e-07
1.74186e-07
1.94307e-07
1.89151e-07
1.67838e-07
1.39118e-07
1.03017e-07
6.73864e-08
4.57228e-08
4.41878e-08
5.16683e-08
7.73626e-08
1.07624e-07
1.0158e-07
7.44447e-08
6.91138e-08
8.60915e-08
9.83682e-08
9.02242e-08
6.78772e-08
4.62287e-08
3.71674e-08
3.83145e-08
2.31668e-08
5.83546e-09
2.0675e-09
0
0
0
0
0
0
0
0
5.16381e-09
6.03973e-09
0
0
4.81187e-08
1.13478e-07
1.19552e-07
8.04856e-08
0
0
0
0
0
0
0
0
0
0
0
0
0
0
0
0
0
0
0
0
0
0
0
0
0
0
0
0
0
0
0
0
0
0
0
0
0
0
0
0
0
0
0
0
0
0
0
0
0
0
0
0
0
1.63869e-06
6.36397e-07
0
0
0
0
0
0
0
0
0
0
0
0
0
0
0
0
0
0
1.09174e-08
0
0
0
0
0
0
0
0
0
0
0
0
0
0
0
0
2.08343e-08
5.12412e-07
1.4089e-06
8.0295e-07
2.08028e-08
0
0
0
0
1.68896e-08
1.69789e-07
6.08159e-07
9.10882e-07
7.4173e-07
7.54317e-07
5.13979e-07
1.08823e-07
0
0
0
2.16267e-08
9.92355e-08
0
0
0
0
0
0
0
0
0
0
9.52548e-08
3.56105e-07
5.84579e-08
7.9618e-08
2.49074e-07
1.16836e-06
2.41286e-06
1.2095e-06
8.35572e-07
8.58012e-07
1.01209e-06
8.67249e-07
5.72096e-07
3.49308e-07
2.32285e-07
1.91696e-07
1.88388e-07
1.94953e-07
1.86097e-07
1.63457e-07
1.36059e-07
1.11373e-07
9.06532e-08
7.55159e-08
6.16791e-08
5.40413e-08
5.51728e-08
7.41729e-08
1.09253e-07
1.16437e-07
8.62279e-08
6.89326e-08
7.86726e-08
9.48405e-08
9.55283e-08
7.73843e-08
5.16923e-08
3.55761e-08
3.66299e-08
2.90279e-08
2.38145e-08
2.97393e-08
2.9862e-08
1.19618e-08
0
0
0
0
0
0
0
4.22194e-11
0
2.12599e-08
1.06405e-07
1.6113e-07
1.69812e-07
1.48679e-07
9.51217e-08
0
0
0
0
0
0
0
0
0
0
0
0
0
0
0
0
0
0
0
0
0
0
0
0
0
0
0
0
0
0
0
0
0
0
0
0
0
0
0
0
0
0
0
0
0
0
0
0
0
0
7.91317e-07
1.93259e-06
1.29342e-06
0
0
0
0
0
0
0
0
0
0
0
0
0
0
0
0
0
4.53551e-08
1.12188e-07
0
0
0
0
0
0
0
0
0
0
0
0
0
0
0
0
0
0
1.80805e-07
5.05146e-07
0
0
0
0
1.27456e-07
3.04392e-07
2.57982e-07
4.70439e-07
5.7632e-07
2.36169e-07
1.03392e-07
1.87118e-07
2.89049e-07
2.11823e-07
0
0
0
0
0
0
0
0
0
0
0
0
0
0
0
0
7.23642e-08
0
0
6.29085e-07
2.34337e-06
2.74481e-06
1.76625e-06
1.21127e-06
1.0955e-06
1.18362e-06
9.79595e-07
6.56236e-07
4.13542e-07
2.80283e-07
2.28524e-07
2.19286e-07
2.15045e-07
1.91012e-07
1.58313e-07
1.28974e-07
1.04192e-07
9.05207e-08
9.10376e-08
8.5574e-08
7.07914e-08
6.30864e-08
7.42241e-08
1.09992e-07
1.30911e-07
1.01287e-07
6.94089e-08
6.86817e-08
8.44107e-08
9.24301e-08
7.96611e-08
5.18901e-08
3.01739e-08
2.94037e-08
3.06712e-08
4.05658e-08
5.39298e-08
6.03338e-08
4.77392e-08
8.05532e-09
0
0
0
0
0
0
0
1.3628e-08
8.81471e-08
1.60538e-07
1.9387e-07
2e-07
1.95537e-07
1.76062e-07
1.13197e-07
0
0
0
0
0
0
0
0
0
0
0
0
0
0
0
0
0
0
0
0
0
0
0
0
0
0
0
0
0
0
0
0
0
0
0
0
0
0
0
0
0
0
0
0
0
0
0
0
0
7.46926e-07
6.65924e-07
5.33105e-07
2.91451e-07
0
0
0
0
0
0
0
0
0
0
0
0
0
0
0
0
0
1.10849e-07
1.05198e-06
4.78309e-07
6.07732e-09
0
0
0
0
0
0
0
0
0
0
0
0
0
0
0
1.62185e-07
0
0
0
0
3.59899e-07
2.62031e-07
0
1.65671e-07
4.80103e-07
3.54473e-07
4.34618e-08
0
2.74552e-08
2.01971e-07
2.85967e-07
1.29695e-07
0
0
0
0
0
0
0
0
0
0
0
0
0
0
0
0
0
0
5.91592e-07
3.71477e-06
3.00771e-06
1.77496e-06
1.26236e-06
1.16337e-06
1.21452e-06
9.84526e-07
6.8042e-07
4.45422e-07
3.05501e-07
2.42632e-07
2.27806e-07
2.19265e-07
1.88772e-07
1.51423e-07
1.22676e-07
1.01949e-07
9.78671e-08
1.11332e-07
1.12384e-07
9.16794e-08
7.34166e-08
7.47852e-08
1.06983e-07
1.41171e-07
1.2038e-07
7.57899e-08
6.07961e-08
7.00487e-08
8.08067e-08
7.24856e-08
4.51248e-08
2.0483e-08
1.76757e-08
3.00933e-08
5.48509e-08
7.19901e-08
8.23442e-08
8.06845e-08
4.5001e-08
0
3.29893e-08
4.10107e-08
0
0
0
0
5.12569e-08
1.56794e-07
1.96532e-07
2.09393e-07
2.13595e-07
2.22204e-07
2.23413e-07
2.0603e-07
1.45995e-07
0
0
0
0
0
0
0
0
0
0
0
0
0
0
0
0
0
0
0
0
0
0
0
0
0
0
0
0
0
0
0
0
0
0
0
0
0
0
0
0
0
0
0
0
0
0
0
0
4.14457e-07
3.80064e-07
3.58585e-07
2.3875e-07
0
0
0
0
0
0
0
0
0
0
0
0
0
0
0
2.91765e-08
2.60305e-07
1.01889e-06
1.36721e-06
8.97291e-07
2.78735e-07
0
0
0
0
0
0
0
0
0
0
0
0
0
0
1.95745e-07
2.84612e-07
0
0
4.40123e-07
8.87649e-07
5.94739e-07
0
0
3.13803e-07
5.25539e-07
3.37626e-07
0
0
0
2.5463e-07
3.85359e-07
2.57416e-07
0
0
0
0
0
0
0
0
0
0
0
0
0
0
0
3.22937e-07
2.18595e-07
0
0
3.82044e-06
3.00465e-06
1.51707e-06
1.04025e-06
1.05441e-06
1.10612e-06
8.98936e-07
6.31877e-07
4.28735e-07
3.01057e-07
2.35927e-07
2.17124e-07
2.09582e-07
1.80537e-07
1.44381e-07
1.17121e-07
1.01164e-07
1.07277e-07
1.29412e-07
1.34583e-07
1.1152e-07
8.44916e-08
7.54484e-08
9.80116e-08
1.385e-07
1.31974e-07
8.29232e-08
5.45555e-08
5.44347e-08
6.23118e-08
5.71627e-08
3.23327e-08
7.93992e-09
4.15169e-09
2.92703e-08
6.42697e-08
8.07858e-08
9.17327e-08
1.00558e-07
8.59577e-08
1.72931e-08
4.67558e-08
7.28385e-08
5.9472e-10
0
0
0
6.39264e-08
1.87553e-07
1.97859e-07
2.01971e-07
2.07894e-07
2.23665e-07
2.35708e-07
2.37697e-07
2.12247e-07
8.34509e-09
0
0
0
0
0
0
0
0
0
0
0
0
0
0
0
0
0
0
0
0
0
0
0
0
0
0
0
0
0
0
0
0
0
0
0
0
0
0
0
0
0
0
0
0
0
0
0
2.03645e-08
4.80455e-08
8.99101e-08
7.34919e-08
0
0
0
0
4.46326e-08
0
0
0
0
0
0
0
0
0
2.32646e-08
2.90296e-07
8.10045e-07
1.27524e-06
1.06365e-06
8.38486e-07
0
0
0
0
0
0
0
0
0
0
0
0
0
0
8.76656e-09
3.14423e-07
9.68403e-08
0
1.11418e-06
1.32451e-06
8.77988e-07
0
0
8.64549e-09
4.49928e-07
6.28902e-07
4.48711e-07
9.83369e-09
0
1.12695e-08
3.21664e-07
4.01446e-07
2.45793e-07
0
0
0
0
0
0
0
0
0
0
0
0
0
0
1.2814e-08
4.0024e-07
4.02491e-07
1.5545e-07
0
9.97631e-07
2.02571e-06
1.19075e-06
8.84705e-07
9.72381e-07
9.73807e-07
7.77136e-07
5.49013e-07
3.87342e-07
2.87497e-07
2.32162e-07
2.11266e-07
1.99846e-07
1.73781e-07
1.41055e-07
1.15992e-07
1.03357e-07
1.15855e-07
1.43284e-07
1.52415e-07
1.30787e-07
9.91165e-08
8.15338e-08
9.25116e-08
1.31067e-07
1.39131e-07
9.29297e-08
5.08363e-08
3.90116e-08
4.11988e-08
3.82365e-08
1.88113e-08
0
0
3.62914e-08
7.56857e-08
8.86741e-08
9.78046e-08
1.12939e-07
1.21544e-07
8.12952e-08
1.29174e-08
5.16386e-08
0
0
0
0
9.1831e-09
1.52564e-07
1.69422e-07
1.83905e-07
1.9811e-07
2.18598e-07
2.39982e-07
2.44179e-07
1.96957e-07
0
0
0
0
0
0
0
0
0
0
0
0
0
0
0
0
0
0
0
0
0
0
0
0
0
0
0
0
0
0
0
0
0
0
0
0
0
0
0
0
0
0
0
0
0
0
0
0
2.87577e-09
0
0
0
0
0
1.21928e-08
2.26944e-07
2.25278e-07
0
0
0
0
0
0
0
0
0
0
5.66656e-07
1.46992e-06
1.25221e-06
1.18348e-06
1.13301e-06
5.40047e-07
5.53507e-07
4.0182e-07
4.80896e-08
0
0
0
0
0
0
0
0
0
0
0
2.80337e-07
3.73362e-07
1.74615e-06
1.77351e-06
1.06953e-06
7.11216e-08
0
0
4.39893e-07
6.88622e-07
8.41214e-07
6.19678e-07
7.69128e-08
0
0
2.00016e-07
1.74475e-07
3.96456e-08
0
0
0
0
0
0
0
0
0
0
0
0
2.38772e-07
2.35871e-07
2.2069e-07
3.85721e-07
4.51062e-07
4.25869e-07
1.96575e-07
0
0
0
5.97785e-07
9.30443e-07
8.0946e-07
5.91858e-07
4.18618e-07
3.15694e-07
2.55193e-07
2.18437e-07
1.98129e-07
1.84535e-07
1.6389e-07
1.37417e-07
1.14555e-07
1.02221e-07
1.13994e-07
1.40665e-07
1.54739e-07
1.39794e-07
1.09074e-07
8.65275e-08
8.7223e-08
1.17329e-07
1.35917e-07
1.02112e-07
5.12811e-08
2.61239e-08
1.94356e-08
1.52265e-08
4.34321e-09
0
1.38704e-09
5.06485e-08
8.56908e-08
9.15693e-08
9.63774e-08
1.12496e-07
1.35203e-07
1.36206e-07
3.07553e-08
0
0
0
0
0
2.7014e-08
4.49928e-08
9.50156e-08
1.35522e-07
1.66584e-07
1.92197e-07
2.16423e-07
2.0942e-07
1.01727e-07
0
1.26787e-07
3.06402e-08
0
0
0
0
0
0
0
0
0
0
0
0
0
0
0
0
0
0
0
0
0
0
0
0
0
0
0
0
0
0
0
0
0
0
0
0
0
0
0
0
0
0
0
0
0
1.4375e-09
0
0
0
0
0
2.2449e-08
1.03884e-07
8.25352e-08
3.16257e-09
0
0
0
0
0
0
0
0
0
5.55321e-07
1.78958e-06
1.83519e-06
1.77608e-06
9.45296e-07
1.20004e-06
1.36124e-06
1.04883e-06
5.16352e-07
5.7775e-08
0
0
0
0
0
0
0
0
0
0
5.25503e-07
1.86986e-06
2.47032e-06
1.32296e-06
4.7838e-07
0
0
6.32109e-07
9.27021e-07
9.82134e-07
9.2998e-07
5.77344e-07
0
0
0
6.42995e-09
6.57411e-09
0
0
0
1.3443e-07
0
0
0
0
0
0
0
0
0
5.25326e-07
4.48383e-07
3.20252e-07
3.31812e-07
3.90119e-07
4.34403e-07
4.41173e-07
0
0
0
0
9.08321e-07
5.93277e-07
3.93199e-07
2.82458e-07
2.35598e-07
2.14453e-07
1.97548e-07
1.83246e-07
1.72287e-07
1.58719e-07
1.38761e-07
1.18544e-07
1.04918e-07
1.09818e-07
1.30541e-07
1.47882e-07
1.42168e-07
1.16141e-07
9.16883e-08
8.54275e-08
1.05357e-07
1.27947e-07
1.1068e-07
6.12539e-08
2.28527e-08
6.44233e-09
0
0
0
1.88821e-08
7.32399e-08
9.79915e-08
9.50747e-08
9.41385e-08
1.07129e-07
1.32995e-07
1.52835e-07
1.0767e-07
0
0
0
0
0
9.2339e-08
0
0
6.77279e-08
1.24062e-07
1.65378e-07
1.85929e-07
1.50024e-07
0
0
3.76534e-07
3.22495e-07
1.4886e-08
0
0
0
0
0
0
0
0
0
0
0
0
0
0
0
0
0
0
0
0
0
0
0
0
0
0
0
0
0
0
0
0
0
0
0
0
0
0
0
0
0
0
0
0
1.78638e-09
0
0
1.5958e-09
1.31975e-09
0
0
1.95325e-08
3.39424e-08
1.15648e-08
0
0
0
7.99728e-09
0
0
0
0
0
2.62217e-07
9.37859e-07
1.03231e-06
7.02195e-07
9.98829e-07
1.44507e-06
1.48166e-06
9.72793e-07
3.36985e-07
3.74001e-08
0
0
0
0
0
0
0
0
0
0
3.43453e-07
2.3475e-06
1.7968e-06
8.33484e-07
0
0
5.06517e-07
1.3091e-06
1.41175e-06
1.2071e-06
9.19078e-07
4.30275e-07
7.67212e-08
5.83354e-08
0
0
0
0
0
0
4.38679e-07
4.06513e-08
0
0
0
0
0
0
0
2.75492e-07
7.20086e-07
5.6294e-07
3.60131e-07
2.63205e-07
2.56604e-07
2.61335e-07
3.07513e-07
1.96009e-07
0
0
2.64689e-07
5.78382e-07
3.81087e-07
2.63649e-07
2.01979e-07
1.80259e-07
1.76402e-07
1.73091e-07
1.67044e-07
1.62226e-07
1.56846e-07
1.4288e-07
1.24005e-07
1.07617e-07
1.02681e-07
1.15146e-07
1.32685e-07
1.36907e-07
1.18386e-07
9.45772e-08
8.41882e-08
9.50368e-08
1.15607e-07
1.12175e-07
7.47743e-08
2.91203e-08
2.77267e-09
0
0
3.1976e-09
4.96411e-08
9.97702e-08
1.1056e-07
9.94852e-08
9.23482e-08
9.95124e-08
1.20246e-07
1.36396e-07
1.09043e-07
0
0
0
0
0
1.28048e-07
0
0
0
6.09862e-08
1.2593e-07
1.46234e-07
6.48148e-08
0
0
5.67896e-08
4.63953e-07
1.41706e-07
0
0
0
0
0
0
0
0
0
0
0
0
0
0
0
0
0
0
0
0
0
0
0
0
0
0
0
0
0
0
0
0
0
0
0
0
0
0
0
0
0
0
0
0
5.86447e-10
6.34807e-09
9.89058e-09
1.52534e-08
2.74648e-08
1.20032e-08
0
2.56669e-08
8.60759e-08
9.85644e-08
0
0
0
4.06839e-09
0
0
0
0
3.15737e-08
1.19987e-07
2.23701e-07
2.22852e-07
3.04133e-07
6.54112e-07
1.09558e-06
1.30744e-06
8.71425e-07
3.25869e-07
8.0618e-08
0
0
0
0
0
0
0
0
0
0
5.99854e-07
2.19413e-06
1.26033e-06
3.92812e-07
0
0
1.16199e-06
1.6276e-06
1.68763e-06
1.27663e-06
9.69265e-07
5.03775e-07
1.20563e-07
4.73213e-08
0
0
0
0
0
0
5.60769e-07
1.07583e-07
2.08572e-08
1.19257e-07
1.76046e-06
1.3138e-07
0
0
0
6.46596e-07
8.03952e-07
5.83323e-07
3.53181e-07
2.13544e-07
1.63917e-07
1.52242e-07
1.65105e-07
1.74847e-07
1.44139e-07
1.66488e-07
3.23342e-07
3.18541e-07
2.47043e-07
1.90079e-07
1.56258e-07
1.46211e-07
1.47904e-07
1.51701e-07
1.52299e-07
1.52692e-07
1.5248e-07
1.45744e-07
1.27226e-07
1.07464e-07
9.33937e-08
9.7958e-08
1.12179e-07
1.23928e-07
1.14358e-07
9.32138e-08
8.1042e-08
8.58406e-08
1.01802e-07
1.06371e-07
8.43298e-08
4.28796e-08
8.11926e-09
0
0
1.98585e-08
8.83605e-08
1.20997e-07
1.19181e-07
1.0357e-07
9.18105e-08
9.23977e-08
1.03092e-07
1.03129e-07
5.69736e-08
0
0
0
0
1.48711e-08
8.19642e-08
0
0
0
0
6.10382e-08
8.93608e-08
0
0
0
0
2.88682e-07
1.58391e-07
1.35065e-09
0
0
0
0
0
0
0
0
0
0
0
0
0
0
0
0
0
0
0
0
0
0
0
0
0
0
0
0
0
0
0
0
0
0
0
0
0
0
0
0
0
0
0
0
0
0
0
0
0
6.2217e-08
1.65659e-07
2.3837e-07
2.33571e-07
6.23291e-08
0
0
0
0
0
0
0
0
0
0
0
8.89673e-08
3.89794e-07
7.74493e-07
9.26334e-07
6.80086e-07
3.2134e-07
9.82091e-08
0
0
0
0
0
0
0
0
0
0
1.31862e-06
2.00684e-06
9.49907e-07
0
0
6.40275e-07
1.35593e-06
1.73319e-06
1.77125e-06
1.49315e-06
9.92894e-07
3.12395e-07
4.38016e-08
0
0
0
0
0
0
0
1.33504e-07
1.14459e-07
8.90709e-08
4.33324e-07
3.24169e-06
1.66074e-06
1.45989e-07
7.49689e-09
4.56319e-07
8.72023e-07
7.87486e-07
5.31743e-07
3.13573e-07
1.80895e-07
1.23451e-07
1.12683e-07
1.1944e-07
1.47103e-07
1.67727e-07
1.97749e-07
2.2279e-07
2.063e-07
1.77908e-07
1.50201e-07
1.29375e-07
1.21927e-07
1.24912e-07
1.31422e-07
1.3602e-07
1.3884e-07
1.40606e-07
1.39152e-07
1.24786e-07
1.03042e-07
8.3763e-08
8.30757e-08
9.25548e-08
1.06662e-07
1.05306e-07
8.82453e-08
7.5491e-08
7.61557e-08
8.76041e-08
9.54362e-08
8.55708e-08
5.65789e-08
2.23215e-08
0
0
4.69165e-08
1.15505e-07
1.24921e-07
1.18714e-07
1.04956e-07
9.23247e-08
8.74169e-08
8.68138e-08
6.48989e-08
0
0
0
0
0
0
0
0
0
0
0
0
0
0
0
0
0
9.82318e-08
8.44433e-08
1.28793e-08
0
0
0
0
0
0
0
0
0
0
0
6.00363e-12
7.57844e-11
8.70543e-11
7.91831e-11
6.7247e-11
5.50308e-11
4.21552e-11
2.74192e-11
9.74477e-12
0
0
0
0
0
0
0
0
0
0
0
0
0
0
0
0
0
0
0
0
0
0
0
0
0
0
0
0
1.38144e-07
7.82945e-08
5.89018e-08
7.18669e-08
7.67877e-08
2.40746e-08
0
0
0
0
0
0
0
0
0
0
0
4.47952e-08
3.11585e-07
5.66508e-07
6.94684e-07
5.15916e-07
2.55178e-07
1.04165e-07
1.19198e-08
0
0
0
0
0
0
0
0
0
1.86188e-06
1.5139e-06
7.3619e-07
0
2.44028e-07
9.78414e-07
1.4046e-06
1.76528e-06
1.92019e-06
1.5024e-06
3.87398e-07
1.45549e-07
5.11722e-09
0
0
0
0
1.01539e-07
4.98681e-08
0
0
0
8.73069e-08
9.72632e-07
3.31968e-06
1.81209e-06
6.24423e-07
4.80674e-07
7.91245e-07
8.7805e-07
6.55575e-07
4.19666e-07
2.4881e-07
1.50909e-07
1.06338e-07
9.56108e-08
1.01846e-07
1.20146e-07
1.39184e-07
1.50857e-07
1.56042e-07
1.54422e-07
1.4274e-07
1.26783e-07
1.12374e-07
1.06807e-07
1.09169e-07
1.14616e-07
1.16543e-07
1.17634e-07
1.20285e-07
1.21747e-07
1.12646e-07
9.36372e-08
7.49244e-08
7.2101e-08
7.77559e-08
8.9505e-08
9.47692e-08
8.19232e-08
6.8362e-08
6.62712e-08
7.4133e-08
8.27401e-08
8.01239e-08
6.27953e-08
3.77584e-08
1.38018e-08
8.39257e-09
7.37336e-08
1.08058e-07
1.06577e-07
1.05808e-07
1.00351e-07
9.19861e-08
8.53204e-08
7.55772e-08
2.87146e-08
0
0
0
0
0
0
0
0
0
0
0
0
0
0
0
0
0
0
2.88067e-09
0
0
0
0
0
0
0
0
0
0
0
2.79952e-10
3.66356e-10
3.33691e-10
2.6932e-10
2.09611e-10
1.6476e-10
1.33039e-10
1.09081e-10
8.80434e-11
6.672e-11
4.31613e-11
1.58146e-11
0
0
0
0
0
0
0
0
0
0
0
0
0
0
0
0
0
0
0
0
0
0
0
0
0
2.44735e-07
1.56346e-07
4.57872e-08
3.66366e-08
6.73456e-08
9.62353e-08
1.06481e-07
9.08036e-08
4.97913e-08
1.28769e-08
0
0
0
0
0
0
0
0
0
4.12743e-08
1.05385e-07
3.08977e-07
1.98319e-07
1.0244e-07
6.39285e-08
2.57208e-08
0
0
0
0
0
0
0
0
4.12342e-07
1.39827e-06
1.06848e-06
1.13716e-06
1.20448e-06
5.45026e-07
6.90543e-07
1.05767e-06
1.30704e-06
1.36528e-06
2.01055e-07
9.58412e-08
5.26216e-08
0
0
0
0
0
2.88506e-07
8.64082e-08
0
0
0
0
1.90289e-06
2.99714e-06
1.60386e-06
7.20181e-07
6.35473e-07
8.27795e-07
6.87201e-07
4.43881e-07
2.63849e-07
1.6497e-07
1.17379e-07
9.56612e-08
8.68131e-08
8.61123e-08
9.201e-08
1.03806e-07
1.14264e-07
1.20991e-07
1.24694e-07
1.21321e-07
1.10503e-07
1.00295e-07
9.66054e-08
9.88195e-08
1.02381e-07
9.9838e-08
9.70784e-08
9.85326e-08
9.90219e-08
9.40235e-08
8.05798e-08
6.69865e-08
6.42631e-08
6.73309e-08
7.6744e-08
8.43423e-08
7.49302e-08
6.00988e-08
5.53128e-08
5.99697e-08
6.83531e-08
7.01387e-08
6.06556e-08
4.48501e-08
2.97901e-08
3.00765e-08
7.37612e-08
7.7476e-08
7.56092e-08
8.25916e-08
8.82588e-08
8.8727e-08
8.52909e-08
7.23529e-08
1.02345e-09
0
0
0
0
0
0
0
0
0
0
0
1.03006e-07
5.65977e-08
1.5772e-07
4.62938e-07
5.40998e-07
6.329e-08
0
0
0
0
0
0
0
0
0
0
0
0
6.23145e-10
8.17295e-10
7.58581e-10
6.10936e-10
4.59605e-10
3.38184e-10
2.52955e-10
1.97488e-10
1.61268e-10
1.3499e-10
1.1246e-10
9.01652e-11
6.59767e-11
3.7969e-11
3.52088e-12
0
0
0
0
0
0
0
0
0
0
0
0
0
0
0
0
0
0
0
0
0
0
0
2.78039e-07
1.47974e-07
9.54367e-08
1.07049e-07
1.31536e-07
1.35652e-07
1.1235e-07
7.45046e-08
3.92234e-08
9.14293e-09
0
0
0
0
0
0
0
0
0
0
0
6.0095e-08
4.82912e-08
3.26694e-08
3.83781e-08
4.03994e-08
0
0
0
0
3.04781e-08
1.56141e-07
2.33151e-07
6.61294e-07
1.22832e-06
1.31177e-06
2.07272e-06
3.73295e-06
9.84864e-07
1.34561e-07
1.71791e-07
4.00286e-07
3.70078e-07
1.0574e-07
1.61969e-07
8.69807e-08
4.37221e-08
6.01423e-09
0
0
0
0
3.80372e-07
6.68095e-08
0
0
0
0
2.12132e-06
2.35588e-06
1.28081e-06
6.19084e-07
5.89952e-07
6.12434e-07
4.3485e-07
2.58768e-07
1.53421e-07
1.07127e-07
9.09815e-08
8.39358e-08
7.91221e-08
7.64654e-08
7.84182e-08
8.61102e-08
9.4134e-08
1.00222e-07
1.04457e-07
1.04252e-07
9.74293e-08
9.04756e-08
8.79032e-08
8.97319e-08
9.19466e-08
8.78874e-08
8.38465e-08
8.30141e-08
8.11285e-08
7.77953e-08
6.87194e-08
6.0975e-08
5.91845e-08
6.05813e-08
6.7517e-08
7.57912e-08
6.91528e-08
5.29228e-08
4.4288e-08
4.50431e-08
5.21538e-08
5.75019e-08
5.39447e-08
4.47252e-08
3.86588e-08
4.6043e-08
6.39543e-08
5.42614e-08
4.84968e-08
5.6581e-08
7.00874e-08
8.06519e-08
8.5031e-08
7.74036e-08
0
0
0
0
0
1.01027e-08
1.00314e-08
0
0
0
0
0
4.50976e-08
0
0
1.6307e-07
4.94384e-07
2.30777e-07
0
0
0
2.06687e-08
2.95214e-08
1.96769e-08
8.49658e-09
1.82475e-09
0
0
3.39962e-10
1.08243e-09
1.41926e-09
1.39903e-09
1.183e-09
9.10796e-10
6.62412e-10
4.68789e-10
3.32705e-10
2.44892e-10
1.91239e-10
1.57804e-10
1.34468e-10
1.15244e-10
9.69859e-11
7.77961e-11
5.60875e-11
3.07954e-11
7.19976e-12
0
0
0
0
0
0
0
0
0
0
0
0
0
0
0
0
0
0
0
0
0
0
1.59237e-07
1.44545e-07
1.20625e-07
9.74514e-08
6.69398e-08
2.46955e-08
0
0
0
0
0
0
0
5.42374e-10
6.11662e-09
4.26211e-09
0
0
0
2.68076e-09
1.26307e-08
1.55822e-08
1.68574e-08
3.10431e-08
5.58414e-08
2.69787e-08
0
0
2.43221e-08
1.88994e-07
2.57913e-07
5.51979e-07
7.25022e-07
1.24371e-06
2.39457e-06
4.25724e-06
2.5257e-06
4.34678e-07
0
0
0
0
1.73823e-07
1.31127e-07
7.0825e-08
4.33028e-08
2.85371e-08
2.95684e-08
2.29063e-08
0
8.37743e-09
2.97306e-07
6.69073e-08
1.075e-08
6.80206e-09
0
0
6.50933e-07
1.3296e-06
8.93708e-07
4.72899e-07
3.97783e-07
3.38925e-07
2.2875e-07
1.3981e-07
9.1838e-08
7.34111e-08
6.90558e-08
6.82166e-08
6.78093e-08
6.8456e-08
7.37026e-08
7.97479e-08
8.38159e-08
8.69311e-08
8.98535e-08
9.02764e-08
8.68279e-08
8.28095e-08
8.08121e-08
8.18159e-08
8.30491e-08
7.8981e-08
7.55759e-08
7.37166e-08
7.00864e-08
6.57974e-08
5.97977e-08
5.67539e-08
5.57759e-08
5.59811e-08
6.08054e-08
6.95817e-08
6.66236e-08
4.90165e-08
3.42104e-08
2.94512e-08
3.31821e-08
4.18235e-08
4.56296e-08
4.41598e-08
4.65938e-08
5.84129e-08
6.4859e-08
4.93214e-08
3.6005e-08
3.74504e-08
5.07925e-08
6.74676e-08
8.175e-08
8.62041e-08
9.78549e-09
0
0
0
4.05522e-08
6.40053e-08
5.40479e-08
4.03389e-08
3.46717e-08
2.57411e-08
7.02542e-09
7.44891e-08
0
0
0
3.07346e-09
2.07728e-07
3.46128e-07
0
0
1.68128e-08
6.67956e-08
7.21466e-08
5.12848e-08
2.91319e-08
1.40318e-08
6.27112e-09
3.25037e-09
2.47343e-09
2.38924e-09
2.29905e-09
2.03088e-09
1.64294e-09
1.23761e-09
8.84694e-10
6.11519e-10
4.17297e-10
2.88102e-10
2.07646e-10
1.59908e-10
1.31327e-10
1.12593e-10
9.85888e-11
8.68341e-11
7.63206e-11
6.67489e-11
5.5935e-11
0
0
0
0
0
0
0
0
0
0
0
0
0
0
0
0
0
0
0
0
0
0
4.46165e-07
4.94994e-07
3.1823e-07
1.52609e-07
3.1815e-08
0
0
0
0
0
0
0
0
0
6.67195e-09
1.1517e-08
8.52981e-09
1.6949e-09
0
7.20105e-10
8.65255e-09
1.80713e-08
3.80249e-08
9.80408e-08
1.98484e-07
1.57358e-07
5.98198e-09
0
3.74785e-08
1.66513e-07
2.13489e-07
2.79856e-07
3.47128e-07
1.01638e-06
2.62122e-06
2.96745e-06
1.3401e-06
1.51245e-07
0
0
0
1.40667e-07
1.24988e-07
7.70776e-08
5.28412e-08
4.60709e-08
4.78073e-08
5.19864e-08
4.92594e-08
4.06416e-08
5.95444e-08
1.73959e-07
1.03326e-07
9.91731e-08
9.1725e-08
9.93028e-08
6.69491e-08
0
9.34971e-08
3.79744e-07
2.90788e-07
2.19013e-07
1.60261e-07
1.09969e-07
7.94848e-08
6.5285e-08
5.94137e-08
5.67658e-08
5.5981e-08
5.7559e-08
6.30599e-08
7.27264e-08
7.78253e-08
7.9072e-08
7.95609e-08
8.05169e-08
8.04268e-08
7.94086e-08
7.75432e-08
7.65902e-08
7.74562e-08
7.76922e-08
7.37867e-08
7.11108e-08
6.83892e-08
6.25852e-08
5.69868e-08
5.46738e-08
5.48395e-08
5.40334e-08
5.355e-08
5.70804e-08
6.59838e-08
6.81852e-08
5.27917e-08
2.85295e-08
1.45955e-08
1.24808e-08
2.23074e-08
3.70399e-08
4.74714e-08
5.80573e-08
7.04938e-08
7.23805e-08
5.6895e-08
3.89524e-08
3.12587e-08
3.68088e-08
5.30927e-08
7.36569e-08
8.82474e-08
4.58477e-08
0
0
2.92216e-08
9.14791e-08
1.0464e-07
9.16979e-08
7.6408e-08
7.57655e-08
9.08249e-08
1.2611e-07
2.6563e-08
0
0
0
0
2.95669e-08
2.37376e-07
0
1.75711e-08
1.12462e-07
1.44513e-07
1.28139e-07
8.59948e-08
4.94338e-08
2.55968e-08
1.28782e-08
7.09932e-09
4.79223e-09
3.85904e-09
3.28978e-09
2.73266e-09
2.14934e-09
1.59853e-09
1.13366e-09
7.75465e-10
5.18645e-10
3.45076e-10
2.33601e-10
1.65971e-10
1.26919e-10
1.04489e-10
9.09156e-11
8.19792e-11
7.59358e-11
7.11737e-11
5.48924e-11
0
0
0
0
0
0
0
0
0
0
0
0
0
0
0
0
0
4.98197e-07
3.00282e-07
1.16085e-07
3.39403e-08
6.17252e-08
1.34665e-07
1.84453e-07
1.73085e-07
1.07341e-07
2.3045e-08
0
0
0
0
0
0
0
0
7.73281e-09
1.40203e-08
1.69486e-08
1.48027e-08
7.12305e-09
0
0
0
1.64589e-08
7.41347e-08
2.27473e-07
4.64077e-07
4.50307e-07
1.29147e-07
0
4.62934e-10
6.27387e-08
1.17885e-07
6.14977e-08
1.84348e-07
5.10612e-07
1.30945e-06
1.32091e-06
5.95315e-07
0
0
0
6.52154e-08
7.92875e-08
5.4795e-08
4.303e-08
4.06441e-08
4.31163e-08
4.29288e-08
4.06202e-08
4.12668e-08
4.50164e-08
6.30136e-08
8.21392e-08
9.81614e-08
9.52549e-08
6.09506e-08
3.51586e-08
0
0
0
1.25595e-07
1.94748e-07
1.19371e-07
7.99268e-08
6.00715e-08
5.26071e-08
5.02277e-08
4.85151e-08
4.67058e-08
4.58174e-08
4.7297e-08
5.27866e-08
6.10354e-08
6.50635e-08
6.56036e-08
6.52154e-08
6.49489e-08
6.51734e-08
6.54846e-08
6.53582e-08
6.54899e-08
6.66041e-08
6.62777e-08
6.3012e-08
6.12166e-08
5.7409e-08
4.9909e-08
4.4409e-08
4.52503e-08
4.71978e-08
4.69853e-08
4.70048e-08
5.00397e-08
5.8013e-08
6.37476e-08
5.53356e-08
2.69181e-08
1.07753e-10
0
0
2.24979e-08
4.80526e-08
6.44014e-08
7.32631e-08
7.22934e-08
6.14159e-08
4.64044e-08
3.47508e-08
3.21757e-08
4.17605e-08
5.961e-08
6.98472e-08
5.91174e-08
1.73348e-08
2.5157e-08
8.36347e-08
1.19744e-07
1.24306e-07
1.13302e-07
9.95211e-08
1.00668e-07
1.22767e-07
1.29015e-07
2.73688e-08
0
0
0
0
0
6.3651e-08
1.00578e-07
2.06712e-07
2.4448e-07
2.37661e-07
1.8887e-07
1.1715e-07
6.37942e-08
3.29102e-08
1.73086e-08
1.004e-08
6.78987e-09
5.22129e-09
4.22902e-09
3.39323e-09
2.62085e-09
1.93431e-09
1.36797e-09
9.3347e-10
6.20227e-10
4.05944e-10
2.6607e-10
1.78561e-10
1.26665e-10
9.74669e-11
8.1504e-11
7.26354e-11
6.76392e-11
6.35044e-11
5.17323e-11
2.32381e-11
8.46895e-12
1.60764e-12
0
0
0
0
0
0
0
0
0
0
0
0
0
0
2.72827e-07
1.17821e-07
6.51297e-09
0
0
0
1.44353e-08
2.61261e-08
2.38463e-08
1.44217e-08
4.65517e-09
0
0
0
3.13756e-09
9.04225e-09
1.53973e-08
2.22993e-08
2.90972e-08
3.43157e-08
3.5323e-08
3.05963e-08
1.92414e-08
1.49784e-09
0
0
0
0
3.17767e-08
2.04238e-07
4.8975e-07
2.74351e-07
0
0
2.43062e-08
9.44618e-08
5.8237e-08
8.42418e-08
1.56341e-07
3.57901e-07
3.4766e-07
1.64189e-07
0
0
2.9175e-08
4.45752e-08
3.90641e-08
3.24297e-08
2.83121e-08
2.66257e-08
2.60797e-08
2.45938e-08
2.36312e-08
2.38757e-08
2.47293e-08
2.78205e-08
3.73063e-08
6.85449e-08
4.27973e-08
7.48131e-09
0
0
5.21347e-09
2.05242e-08
2.96122e-08
6.97617e-08
6.02369e-08
4.19527e-08
3.01813e-08
2.82374e-08
3.01796e-08
3.11533e-08
3.07637e-08
3.0052e-08
3.03166e-08
3.3255e-08
3.76515e-08
4.0234e-08
4.06586e-08
4.05426e-08
4.12465e-08
4.33082e-08
4.54511e-08
4.65807e-08
4.72952e-08
4.83546e-08
4.71892e-08
4.43904e-08
4.3015e-08
3.79495e-08
3.0354e-08
2.70502e-08
2.97857e-08
3.3126e-08
3.44204e-08
3.55976e-08
3.84062e-08
4.44952e-08
5.0249e-08
4.70472e-08
2.25026e-08
0
0
0
0
3.87387e-08
6.26186e-08
6.77054e-08
6.386e-08
5.74727e-08
4.93153e-08
4.02359e-08
3.42621e-08
3.67461e-08
4.36114e-08
3.74286e-08
3.84802e-08
6.27034e-08
8.3776e-08
1.10539e-07
1.26134e-07
1.27204e-07
1.20943e-07
1.12257e-07
1.15546e-07
1.19489e-07
7.10124e-08
3.21168e-08
1.40279e-08
0
0
0
0
5.75332e-08
2.51149e-07
2.81492e-07
2.99226e-07
2.94804e-07
2.38966e-07
1.39265e-07
6.79006e-08
3.37849e-08
1.8495e-08
1.15147e-08
8.18545e-09
6.35453e-09
5.08051e-09
4.01333e-09
3.06847e-09
2.25527e-09
1.59456e-09
1.08931e-09
7.23642e-10
4.71292e-10
3.04441e-10
1.98483e-10
1.33928e-10
9.64702e-11
7.60332e-11
6.52355e-11
5.94794e-11
5.48364e-11
4.65583e-11
3.13795e-11
1.87555e-11
1.06488e-11
6.07559e-12
3.16103e-12
1.54532e-12
3.15475e-13
0
0
0
0
0
0
0
0
0
0
0
0
0
0
0
0
0
0
0
0
0
7.22095e-09
1.53053e-08
2.34228e-08
3.13777e-08
3.88575e-08
4.62875e-08
5.4214e-08
6.27485e-08
7.13687e-08
7.17569e-08
6.01589e-08
3.40873e-08
0
0
0
0
0
0
0
0
0
0
0
2.4269e-08
5.12727e-08
5.57994e-08
4.00418e-08
5.64202e-08
1.04783e-07
1.2003e-07
9.17245e-08
6.15138e-08
4.32803e-08
2.66526e-08
1.35418e-08
4.64111e-09
0
0
0
0
0
0
0
0
0
0
0
0
0
0
1.22875e-08
6.33813e-08
5.58918e-08
0
0
0
0
0
0
0
0
1.01357e-09
1.1407e-09
6.85784e-10
6.34906e-10
1.08895e-09
1.35116e-09
1.04051e-09
1.5636e-09
4.48504e-09
8.95567e-09
1.29552e-08
1.55514e-08
1.69619e-08
1.76754e-08
1.60209e-08
1.39616e-08
1.32756e-08
9.02763e-09
4.93153e-09
3.62809e-09
6.5617e-09
1.13407e-08
1.42543e-08
1.6528e-08
1.92611e-08
2.3146e-08
2.62895e-08
2.41582e-08
6.49184e-09
0
0
0
0
9.43191e-09
4.57303e-08
5.13036e-08
4.57805e-08
4.24154e-08
4.08492e-08
3.68222e-08
3.1387e-08
2.96871e-08
2.70911e-08
1.11583e-08
6.11426e-09
4.33033e-08
8.28486e-08
9.63547e-08
1.05544e-07
1.09583e-07
1.09943e-07
1.10282e-07
1.18227e-07
9.48454e-08
4.48039e-08
2.99274e-08
3.13725e-08
2.42477e-08
5.50801e-09
0
2.58389e-08
1.20814e-07
2.04572e-07
2.43874e-07
2.6343e-07
2.72764e-07
2.39439e-07
1.35124e-07
5.50462e-08
2.61318e-08
1.54879e-08
1.10583e-08
8.75536e-09
7.1526e-09
5.79116e-09
4.56135e-09
3.4688e-09
2.54215e-09
1.79792e-09
1.23126e-09
8.20468e-10
5.35305e-10
3.45015e-10
2.22665e-10
1.47276e-10
1.03033e-10
7.86215e-11
6.56928e-11
5.88054e-11
5.34471e-11
4.64119e-11
3.54022e-11
2.50462e-11
1.68882e-11
1.18625e-11
8.2081e-12
6.09571e-12
4.30476e-12
3.26832e-12
2.07016e-12
1.33909e-12
1.30985e-13
0
0
0
0
0
0
0
0
0
0
0
0
0
0
0
4.25788e-08
9.79323e-08
1.43017e-07
1.75589e-07
1.91265e-07
1.91037e-07
1.78512e-07
1.5794e-07
1.33435e-07
1.11682e-07
9.41493e-08
8.14826e-08
7.4398e-08
6.9161e-08
4.7662e-08
0
0
0
0
0
0
0
0
0
0
2.95785e-08
8.02795e-08
1.2006e-07
1.18627e-07
1.24879e-07
1.49158e-07
1.59767e-07
1.43533e-07
1.09485e-07
6.46001e-08
2.41853e-08
0
0
0
0
0
0
0
0
0
0
0
0
0
0
0
0
0
0
0
0
0
0
0
0
0
0
0
0
0
0
0
0
0
0
0
0
0
0
0
0
0
0
0
0
0
0
0
0
0
0
0
0
0
0
0
0
0
0
0
0
0
1.44301e-08
2.66874e-08
2.20316e-08
2.03368e-08
2.33595e-08
2.32165e-08
1.8709e-08
1.52925e-08
1.43987e-08
4.15134e-09
0
0
3.24977e-08
5.21476e-08
6.30762e-08
7.36143e-08
8.21126e-08
9.41245e-08
1.11695e-07
8.35225e-08
4.38972e-08
2.87742e-08
2.56987e-08
2.23762e-08
1.85621e-08
2.56623e-08
4.6547e-08
8.1789e-08
1.51887e-07
2.31238e-07
2.79439e-07
2.9548e-07
2.72959e-07
1.43372e-07
4.24113e-08
1.57175e-08
1.06186e-08
9.85876e-09
9.23899e-09
8.14041e-09
6.75217e-09
5.32706e-09
4.02952e-09
2.93788e-09
2.0727e-09
1.42009e-09
9.48825e-10
6.21423e-10
4.0207e-10
2.601e-10
1.71861e-10
1.19602e-10
9.06186e-11
7.51608e-11
6.67957e-11
6.0213e-11
5.30562e-11
4.28852e-11
3.32472e-11
2.4723e-11
1.89409e-11
1.45201e-11
1.19731e-11
9.46746e-12
8.64857e-12
7.24963e-12
6.89301e-12
5.26217e-12
4.61341e-12
1.00591e-12
0
0
0
0
7.401e-08
1.1579e-07
1.12183e-07
8.57494e-08
4.34983e-08
0
0
0
0
0
4.96174e-08
1.50062e-07
2.40304e-07
2.80053e-07
2.6102e-07
2.00914e-07
1.22314e-07
5.35478e-08
2.75127e-09
0
0
0
0
3.2284e-08
8.14755e-08
1.20807e-07
1.28376e-07
8.88989e-08
0
0
0
0
0
0
0
0
5.76377e-08
1.16961e-07
1.72007e-07
2.07181e-07
2.15316e-07
1.91523e-07
1.47057e-07
9.56675e-08
4.78035e-08
1.21086e-08
0
0
0
0
0
1.04876e-08
1.46103e-08
8.33632e-09
0
0
0
0
0
0
0
0
0
0
0
0
0
0
0
0
0
0
0
0
0
0
0
0
0
0
0
0
0
0
0
0
0
0
0
0
0
0
0
0
0
0
0
0
0
0
0
0
0
0
0
0
0
0
0
0
0
2.11168e-09
0
0
3.51787e-09
3.75766e-09
0
0
0
0
7.13862e-09
1.96436e-08
3.73505e-08
6.47512e-08
1.04425e-07
9.00994e-08
5.07172e-08
2.79478e-08
1.92422e-08
1.83738e-08
2.72256e-08
3.93246e-08
4.64052e-08
6.15466e-08
9.83974e-08
1.51017e-07
1.9395e-07
2.01372e-07
1.52414e-07
7.42586e-08
2.33544e-08
7.19362e-09
6.94762e-09
9.2681e-09
1.01681e-08
9.51866e-09
8.04077e-09
6.34311e-09
4.76582e-09
3.44876e-09
2.41985e-09
1.65394e-09
1.10613e-09
7.27904e-10
4.757e-10
3.13456e-10
2.13737e-10
1.55617e-10
1.2375e-10
1.06253e-10
9.58918e-11
8.67601e-11
7.73107e-11
6.4627e-11
5.29968e-11
4.15468e-11
3.37168e-11
2.69601e-11
2.32364e-11
1.91778e-11
1.84884e-11
1.63692e-11
1.71124e-11
1.52307e-11
1.77525e-11
1.17538e-11
9.66345e-12
0
0
0
1.67927e-07
1.32967e-07
6.74749e-08
0
0
0
0
0
0
0
0
0
1.7622e-07
3.06366e-07
2.66103e-07
1.22168e-07
0
0
0
0
0
0
1.34425e-08
8.06978e-08
1.7315e-07
2.7415e-07
3.59265e-07
3.9681e-07
3.42822e-07
2.10693e-07
6.9653e-08
0
0
0
0
0
0
1.47344e-08
6.70388e-08
1.09187e-07
1.28037e-07
1.19118e-07
9.0506e-08
5.20219e-08
1.20621e-08
0
0
0
0
0
0
0
0
0
0
0
0
0
0
0
0
0
0
0
0
0
0
0
0
0
0
0
0
0
0
0
0
0
0
0
0
0
0
0
0
0
0
0
0
0
0
0
0
0
0
0
0
0
0
0
0
0
0
0
0
0
0
0
0
0
0
0
0
0
0
3.80425e-10
0
0
0
0
0
0
0
3.94353e-08
1.28775e-07
1.20808e-07
6.01823e-08
2.05853e-08
1.74012e-08
4.63114e-08
6.90571e-08
6.15762e-08
4.78884e-08
4.91816e-08
6.55889e-08
8.41186e-08
9.24656e-08
9.80869e-08
9.21744e-08
5.88334e-08
2.62356e-08
1.10977e-08
9.48994e-09
1.15914e-08
1.25457e-08
1.17191e-08
9.8583e-09
7.7226e-09
5.75544e-09
4.13469e-09
2.88691e-09
1.97083e-09
1.32374e-09
8.82574e-10
5.93143e-10
4.1146e-10
3.03456e-10
2.41926e-10
2.07224e-10
1.85327e-10
1.69503e-10
1.53299e-10
1.36809e-10
1.16067e-10
9.76365e-11
7.85322e-11
6.57632e-11
5.27915e-11
4.6898e-11
3.81805e-11
3.71553e-11
3.28276e-11
3.52639e-11
3.18118e-11
4.0349e-11
3.10868e-11
3.9107e-11
5.73595e-12
0
0
2.22427e-07
1.02621e-07
1.77511e-09
0
0
0
0
0
0
1.02132e-07
2.41556e-07
3.57877e-07
4.13467e-07
3.91883e-07
2.87187e-07
1.10623e-07
0
0
0
0
0
0
6.52808e-08
2.27003e-07
3.79775e-07
4.68704e-07
4.77199e-07
4.25043e-07
3.30234e-07
2.20494e-07
1.34019e-07
7.21103e-08
3.02885e-08
4.1968e-09
0
0
7.3841e-09
3.45959e-08
6.73742e-08
9.34415e-08
1.03567e-07
9.63663e-08
7.67078e-08
5.06058e-08
2.35988e-08
0
0
0
0
0
0
0
0
0
0
0
0
0
0
0
0
0
0
0
0
0
0
0
0
0
0
0
0
0
0
0
0
0
0
0
0
0
0
0
0
0
0
0
0
0
0
0
0
0
0
0
0
0
0
0
0
0
0
0
0
0
0
0
0
0
0
0
0
1.70174e-09
9.27641e-09
0
0
0
0
0
0
0
0
3.60938e-08
2.60642e-07
2.05374e-07
1.80296e-08
0
3.75007e-09
2.44976e-07
1.98355e-07
1.00333e-07
4.99729e-08
3.7755e-08
4.67749e-08
6.10264e-08
7.77186e-08
9.5095e-08
1.00094e-07
8.13259e-08
5.43895e-08
3.52109e-08
2.56662e-08
2.16719e-08
1.90616e-08
1.6166e-08
1.29743e-08
9.9072e-09
7.27063e-09
5.17452e-09
3.59859e-09
2.46414e-09
1.67841e-09
1.15517e-09
8.21966e-10
6.1928e-10
4.99902e-10
4.27902e-10
3.81075e-10
3.45098e-10
3.14689e-10
2.8251e-10
2.50844e-10
2.13528e-10
1.81747e-10
1.47445e-10
1.25648e-10
1.00558e-10
8.98157e-11
7.2938e-11
6.90708e-11
5.98322e-11
6.52039e-11
5.68799e-11
7.50823e-11
5.8853e-11
9.5175e-11
2.82632e-11
2.30582e-11
0
1.46439e-07
1.37705e-07
8.20356e-08
0
0
0
1.03912e-07
2.23727e-07
3.35069e-07
4.18467e-07
4.63361e-07
4.66457e-07
4.31188e-07
3.49825e-07
2.28911e-07
9.29225e-08
0
0
0
0
0
0
0
0
0
1.17743e-07
2.17522e-07
2.52189e-07
2.36513e-07
1.97441e-07
1.57611e-07
1.28981e-07
1.15763e-07
1.18669e-07
1.31177e-07
1.38961e-07
1.29846e-07
1.00465e-07
6.17323e-08
3.24967e-08
2.05077e-08
2.16718e-08
2.88294e-08
3.79822e-08
4.88019e-08
6.16618e-08
7.28433e-08
7.78e-08
7.10963e-08
4.68951e-08
5.15227e-10
0
0
0
0
0
0
0
0
0
0
0
0
0
0
0
0
0
0
0
0
0
0
0
0
0
0
0
0
0
0
0
0
0
0
0
0
0
0
0
0
0
0
0
0
0
0
0
0
0
0
0
0
0
0
1.3944e-08
1.03261e-08
0
0
0
0
0
8.73634e-08
1.1814e-07
5.64195e-08
0
0
0
0
0
0
0
0
2.52691e-07
3.6259e-07
3.91963e-07
4.33178e-07
1.13355e-08
0
5.30325e-07
5.02812e-07
1.57652e-07
3.24994e-08
1.03419e-08
3.08351e-08
7.14102e-08
1.14712e-07
1.47123e-07
1.63187e-07
1.5435e-07
1.20544e-07
8.8424e-08
6.40766e-08
4.73509e-08
3.57112e-08
2.69976e-08
2.01326e-08
1.47065e-08
1.05173e-08
7.38703e-09
5.12732e-09
3.55308e-09
2.49673e-09
1.81539e-09
1.39105e-09
1.12951e-09
9.6274e-10
8.46583e-10
7.57728e-10
6.81313e-10
6.12821e-10
5.42794e-10
4.766e-10
4.03498e-10
3.43309e-10
2.7851e-10
2.37239e-10
1.89617e-10
1.66764e-10
1.34437e-10
1.25214e-10
1.01953e-10
1.12145e-10
9.25613e-11
1.24273e-10
9.27629e-11
1.75304e-10
5.63421e-11
1.12946e-10
0
1.32442e-07
1.00513e-07
1.13397e-08
0
0
0
0
0
0
1.47971e-07
3.34854e-07
4.52521e-07
4.75158e-07
4.14986e-07
2.9601e-07
1.6139e-07
3.76362e-08
0
0
0
0
0
0
0
0
0
0
0
0
0
0
0
6.21979e-08
1.29068e-07
1.92653e-07
2.3504e-07
2.49238e-07
2.36417e-07
1.97387e-07
1.42823e-07
9.02046e-08
4.97827e-08
2.5725e-08
1.52183e-08
1.30728e-08
1.44138e-08
1.47999e-08
1.05844e-08
2.87203e-10
0
0
0
0
2.24478e-08
6.68091e-08
1.22283e-07
1.85984e-07
2.39398e-07
2.4087e-07
1.76032e-07
9.72518e-08
2.71589e-08
0
0
0
0
0
0
0
0
0
0
0
0
0
0
0
0
0
0
0
0
0
0
0
0
0
0
0
0
0
0
0
0
0
0
0
0
0
0
0
7.7847e-09
0
7.88865e-08
3.19156e-07
4.62715e-07
4.04521e-07
2.47622e-07
1.12725e-07
2.74004e-08
0
1.76741e-08
1.66629e-07
3.19997e-07
1.59807e-07
0
0
3.53427e-08
6.49703e-08
1.64731e-07
3.9545e-07
6.41229e-07
0
2.03004e-07
6.11358e-07
9.49132e-07
1.29141e-06
1.1243e-06
0
0
0
0
0
0
8.21106e-08
2.25464e-07
3.184e-07
3.45533e-07
3.32902e-07
2.89925e-07
2.15726e-07
1.53788e-07
1.09245e-07
7.8242e-08
5.64909e-08
4.08453e-08
2.938e-08
2.09484e-08
1.48062e-08
1.0415e-08
7.35321e-09
5.28135e-09
3.92001e-09
3.04345e-09
2.47599e-09
2.09305e-09
1.81551e-09
1.59736e-09
1.4151e-09
1.25313e-09
1.10679e-09
9.63962e-10
8.34028e-10
6.99047e-10
5.90946e-10
4.78768e-10
4.05942e-10
3.22888e-10
2.81864e-10
2.20359e-10
2.073e-10
1.5453e-10
1.69211e-10
1.28386e-10
1.72978e-10
1.12859e-10
2.50861e-10
6.60626e-11
2.8214e-10
0
6.20927e-08
0
0
0
0
0
0
0
0
0
2.03386e-07
4.2281e-07
5.46951e-07
4.80068e-07
2.2731e-07
0
0
0
0
0
2.76894e-08
1.21256e-07
1.81973e-07
1.91189e-07
1.28706e-07
0
0
0
0
0
0
0
0
4.14728e-08
1.17377e-07
1.57271e-07
1.68948e-07
1.66512e-07
1.60788e-07
1.56475e-07
1.53503e-07
1.47434e-07
1.30019e-07
9.5705e-08
4.52973e-08
0
0
0
0
0
0
0
6.28145e-08
1.43618e-07
2.25817e-07
2.99645e-07
3.55254e-07
3.55712e-07
1.77145e-07
0
4.2782e-08
8.27617e-08
5.23956e-08
0
0
0
0
0
0
0
0
0
0
0
0
0
0
0
0
0
0
0
0
0
0
0
0
0
0
0
0
0
1.5289e-08
1.09559e-07
1.66498e-07
1.52071e-07
1.04087e-07
4.89362e-08
3.06496e-08
1.92636e-07
4.52456e-07
5.02296e-07
3.37982e-07
2.53603e-07
4.2809e-07
7.28777e-07
7.91608e-07
5.17434e-07
2.49822e-07
9.97497e-08
7.43762e-08
2.15178e-07
4.73579e-07
7.38925e-07
8.38191e-07
4.59793e-07
3.11449e-07
2.24485e-07
2.18518e-07
4.22755e-07
8.4076e-07
5.35141e-07
0
1.38159e-07
6.7228e-07
9.16386e-07
8.9512e-07
7.06323e-07
3.83284e-07
1.25742e-07
2.31545e-08
0
0
0
3.30328e-07
6.07736e-07
6.42191e-07
5.60384e-07
4.61844e-07
3.67462e-07
2.6424e-07
1.88156e-07
1.36483e-07
1.00244e-07
7.39253e-08
5.42984e-08
3.95396e-08
2.85634e-08
2.05674e-08
1.48789e-08
1.09303e-08
8.24737e-09
6.43647e-09
5.19564e-09
4.30625e-09
3.62492e-09
3.05616e-09
2.54442e-09
2.06308e-09
1.62005e-09
1.24104e-09
9.46759e-10
7.40265e-10
5.99769e-10
5.10577e-10
4.40435e-10
3.95938e-10
3.40469e-10
3.11262e-10
2.51592e-10
2.38819e-10
1.7756e-10
1.87895e-10
1.36172e-10
1.85632e-10
1.03009e-10
2.72714e-10
3.66237e-11
4.2129e-10
0
3.13229e-07
2.23174e-07
3.53532e-08
0
0
0
0
0
0
0
1.00428e-07
2.00197e-07
2.51214e-07
2.31977e-07
1.48689e-07
1.89874e-08
0
0
0
0
0
5.41095e-09
0
0
0
0
0
1.05005e-09
3.58156e-08
5.70976e-08
6.11412e-08
5.04036e-08
3.45018e-08
2.83661e-08
4.49006e-08
7.98198e-08
1.08222e-07
1.15442e-07
1.09069e-07
1.01355e-07
9.90002e-08
1.02657e-07
1.09306e-07
1.09085e-07
8.95553e-08
5.75578e-08
3.2543e-08
1.60472e-08
4.06975e-09
0
7.59989e-09
3.97689e-08
9.33504e-08
1.47017e-07
1.81454e-07
1.76562e-07
1.36183e-07
4.36861e-08
0
0
4.31632e-08
2.34673e-07
2.22047e-07
0
0
0
0
0
0
0
0
0
0
0
0
0
0
0
0
0
2.00029e-07
5.98163e-07
3.5938e-07
3.63629e-08
0
0
0
0
9.86121e-08
1.91439e-07
2.6759e-07
4.18871e-07
7.11066e-07
9.59258e-07
9.58005e-07
8.1805e-07
7.11697e-07
7.99104e-07
1.0939e-06
1.35972e-06
1.58018e-06
1.49972e-06
1.22457e-06
1.02523e-06
1.10536e-06
1.41931e-06
1.46495e-06
1.07558e-06
6.70636e-07
3.98678e-07
4.22172e-07
7.94175e-07
1.15294e-06
1.16866e-06
6.57693e-07
2.50445e-07
3.33995e-07
4.38707e-07
4.07866e-07
5.89115e-07
5.83562e-07
6.70859e-08
0
2.17862e-07
5.07395e-07
6.39143e-07
6.85986e-07
7.51101e-07
7.97784e-07
6.92755e-07
3.79524e-07
9.3865e-08
8.69685e-10
2.68494e-08
9.21043e-08
2.13424e-07
3.77701e-07
4.56818e-07
4.39436e-07
3.81052e-07
2.95276e-07
2.27027e-07
1.75308e-07
1.34975e-07
1.02706e-07
7.61309e-08
5.36284e-08
3.47638e-08
2.01655e-08
1.04021e-08
4.85337e-09
2.09716e-09
8.40821e-10
2.98704e-10
7.46612e-11
0
0
0
0
0
0
0
0
0
0
1.60411e-12
3.52134e-12
6.50904e-12
9.19477e-12
1.19578e-11
1.63927e-11
1.75102e-11
2.50889e-11
2.00491e-11
3.72762e-11
1.78773e-11
8.04015e-11
0
2.39857e-10
0
0
0
0
8.10723e-08
2.09165e-07
1.54121e-09
0
0
0
0
0
0
0
0
0
0
0
0
0
0
0
0
0
0
0
0
0
0
0
0
0
0
0
1.23461e-08
3.08094e-08
4.29614e-08
3.23466e-08
0
0
0
0
0
0
2.86864e-08
1.95609e-07
2.43548e-07
2.18331e-07
1.90976e-07
1.73284e-07
1.77475e-07
2.45938e-07
4.21925e-07
5.56401e-07
5.19458e-07
4.15161e-07
1.88454e-07
0
0
0
0
0
0
5.90803e-08
0
0
0
4.86494e-07
1.02253e-06
1.15468e-06
1.01452e-06
7.37096e-07
4.62229e-07
2.688e-07
1.62594e-07
1.29738e-07
1.59793e-07
2.42132e-07
3.25502e-07
3.59576e-07
3.20946e-07
2.34428e-07
2.513e-07
2.90354e-07
2.59692e-07
3.32828e-07
3.91648e-07
3.01823e-07
2.26974e-07
3.09851e-07
5.14671e-07
7.38428e-07
8.39322e-07
7.24016e-07
6.03832e-07
6.81667e-07
8.72609e-07
1.04868e-06
1.02043e-06
5.24325e-07
0
0
3.12036e-07
8.08214e-07
1.16278e-06
1.33827e-06
1.28712e-06
1.06335e-06
7.78043e-07
5.24038e-07
3.35693e-07
1.74563e-07
5.22562e-08
3.18662e-08
4.45251e-08
6.86949e-09
0
0
8.50929e-08
2.09281e-07
1.10247e-07
0
0
0
8.5835e-08
1.48613e-07
2.46506e-07
3.59932e-07
3.67155e-07
2.49278e-07
1.03406e-07
8.94308e-09
0
9.27446e-09
2.70319e-08
3.19662e-08
3.77402e-08
5.12475e-08
6.91042e-08
8.53227e-08
9.01289e-08
7.837e-08
5.9067e-08
3.81897e-08
2.09887e-08
9.61887e-09
3.49536e-09
8.06309e-10
0
0
0
0
0
0
0
0
0
0
0
0
0
0
0
0
0
0
0
0
0
0
0
0
0
2.6346e-13
0
1.64726e-12
0
5.18941e-12
0
3.24264e-11
0
0
0
0
0
0
0
0
0
0
0
0
0
0
0
0
0
0
0
6.67874e-08
0
0
0
4.78995e-08
2.26963e-07
1.59885e-07
1.16935e-08
0
0
0
0
0
0
0
0
1.22169e-08
3.60636e-08
2.7682e-08
0
0
0
0
0
0
0
0
2.99803e-07
1.76126e-07
1.17448e-07
1.50746e-07
1.61316e-07
2.37403e-08
0
0
7.02451e-08
9.73597e-08
9.72225e-08
2.61992e-07
2.14834e-07
0
0
0
0
5.90028e-07
0
0
0
0
2.25919e-07
1.31252e-06
1.8602e-06
1.76162e-06
1.33145e-06
8.91931e-07
5.71462e-07
3.7714e-07
2.76357e-07
2.35336e-07
1.88008e-07
1.34423e-07
1.40854e-07
1.67205e-07
1.53646e-07
1.03576e-07
3.49832e-08
0
0
0
0
0
0
1.72949e-08
4.59668e-08
4.71268e-08
5.16484e-08
9.9694e-08
1.46463e-07
1.55365e-07
1.37062e-07
4.33169e-08
0
0
0
0
5.51195e-08
5.74661e-08
6.95904e-08
1.14287e-07
1.49142e-07
1.55252e-07
1.33353e-07
8.64105e-08
3.02381e-08
0
0
0
0
0
7.24725e-10
0
0
0
0
0
0
4.51382e-09
1.14276e-08
1.61846e-08
1.4646e-08
2.72372e-09
0
0
0
1.01703e-08
1.42029e-08
1.19781e-08
9.73608e-09
9.13191e-09
9.18226e-09
8.76391e-09
7.12125e-09
4.72882e-09
2.71205e-09
1.29982e-09
4.60949e-10
4.55802e-11
0
0
0
0
0
0
0
0
0
0
4.07934e-14
4.36417e-13
6.37811e-13
5.87807e-13
5.63173e-13
3.91759e-13
3.40834e-13
1.44725e-13
1.37952e-13
0
7.04762e-17
0
0
0
0
0
0
0
0
0
0
1.11622e-12
0
2.47165e-11
0
0
0
0
7.96634e-09
0
0
0
0
0
0
0
0
0
0
0
0
0
4.44617e-07
2.82696e-07
0
0
9.08909e-09
5.06734e-07
4.9527e-07
8.08416e-08
0
0
0
0
0
0
0
0
0
0
1.24541e-08
3.74635e-08
4.18937e-08
9.43873e-09
0
0
0
0
0
0
0
0
0
1.06644e-07
1.63516e-07
0
0
0
0
5.96818e-08
2.03448e-07
6.10687e-07
4.66418e-07
0
0
0
0
1.1836e-06
0
0
0
0
0
0
5.83358e-07
8.68762e-07
8.24395e-07
6.50406e-07
4.56019e-07
3.32743e-07
2.67741e-07
1.93086e-07
1.6732e-07
1.58144e-07
1.53138e-07
1.30631e-07
7.25142e-08
0
0
0
0
0
0
0
0
0
0
7.25658e-09
8.27166e-09
3.09571e-09
0
0
3.50758e-09
2.40887e-08
1.51027e-08
0
0
0
0
0
0
0
1.38885e-08
3.02373e-08
2.90125e-08
2.09521e-08
1.30221e-08
1.03324e-08
1.12874e-08
9.32568e-09
2.35641e-09
0
0
0
0
0
0
0
0
2.71658e-09
2.60453e-09
9.75996e-10
0
0
0
0
2.10864e-09
3.11959e-09
2.87184e-09
2.43127e-09
2.21491e-09
2.19429e-09
2.15222e-09
1.94235e-09
1.51774e-09
1.00913e-09
6.38185e-10
4.00114e-10
2.5532e-10
1.68072e-10
1.14192e-10
7.94979e-11
5.60965e-11
3.98415e-11
2.83363e-11
2.01771e-11
1.43864e-11
1.02883e-11
7.3903e-12
5.33295e-12
3.87364e-12
2.81634e-12
2.06365e-12
1.49472e-12
1.09958e-12
7.74243e-13
5.74048e-13
3.73598e-13
2.90498e-13
1.47073e-13
1.43277e-13
1.53232e-14
7.60592e-14
0
5.97049e-14
0
8.11313e-14
0
1.629e-13
0
7.73708e-14
0
0
3.22487e-11
0
0
0
0
0
0
0
0
0
0
0
0
0
0
0
0
0
0
0
0
0
6.43071e-09
4.30101e-08
5.35782e-08
3.41747e-08
0
0
0
0
3.06104e-08
6.4616e-08
7.72707e-08
6.74541e-08
4.37255e-08
1.61777e-08
0
0
0
0
0
0
9.42435e-10
2.94267e-08
6.41564e-08
6.44312e-08
2.78601e-08
0
0
9.02611e-08
5.43626e-07
3.51574e-07
0
0
0
0
0
1.81055e-07
9.62142e-07
4.45292e-07
0
0
0
0
1.58626e-06
0
0
0
0
0
0
0
1.78752e-07
3.21472e-07
3.21008e-07
2.49158e-07
2.53692e-07
2.77335e-07
2.26076e-07
2.08508e-07
1.98774e-07
1.35285e-07
3.97539e-08
0
0
0
0
0
0
0
2.5185e-09
2.96409e-08
5.2805e-08
6.54494e-08
5.40371e-08
2.51548e-08
0
0
0
4.32942e-09
2.83397e-08
3.36923e-08
1.41201e-08
0
0
0
0
0
0
0
0
0
0
8.64248e-10
5.48411e-09
6.13512e-09
3.50726e-09
3.34732e-11
0
0
0
0
0
0
1.31559e-09
2.15058e-09
2.03513e-09
1.57412e-09
1.32256e-09
1.51598e-09
1.89583e-09
2.09108e-09
1.9552e-09
1.55976e-09
1.14632e-09
8.90469e-10
7.93893e-10
7.9021e-10
7.91464e-10
7.47114e-10
6.45329e-10
5.06767e-10
3.97816e-10
3.17967e-10
2.56239e-10
2.03127e-10
1.56465e-10
1.16322e-10
8.39338e-11
5.90012e-11
4.08807e-11
2.79974e-11
1.91673e-11
1.30954e-11
9.01034e-12
6.20257e-12
4.30657e-12
2.98492e-12
2.08042e-12
1.44314e-12
9.97896e-13
6.89739e-13
4.63768e-13
3.2376e-13
2.01698e-13
1.5338e-13
7.47144e-14
8.24236e-14
1.13665e-14
6.3156e-14
0
7.9445e-14
0
1.6109e-13
0
6.87069e-13
0
3.63052e-12
0
0
4.50792e-11
0
0
1.01605e-09
2.54926e-09
3.27899e-09
3.207e-09
2.58668e-09
1.77091e-09
1.0787e-09
6.98952e-10
6.56183e-10
7.92406e-10
8.44759e-10
5.9238e-10
0
0
0
0
0
0
0
0
0
0
0
0
0
5.68815e-11
1.76244e-10
3.43251e-10
7.61447e-10
1.28389e-09
1.70343e-09
1.94175e-09
1.36888e-09
1.37107e-09
0
5.43445e-10
0
2.20245e-09
2.79327e-08
2.9686e-09
0
0
6.20718e-08
1.07527e-07
1.34556e-07
1.77421e-07
7.4308e-07
1.89268e-06
1.54971e-06
0
0
0
0
0
5.16694e-08
1.4398e-06
3.47724e-07
0
0
0
1.15498e-06
2.54434e-06
2.48906e-07
0
0
0
0
0
0
0
7.49549e-09
4.78558e-08
6.24784e-08
1.2701e-07
1.63802e-07
1.29336e-07
1.0869e-07
1.31666e-07
8.92945e-08
0
0
0
0
0
0
0
0
0
1.71633e-08
4.37923e-08
5.31866e-08
3.90334e-08
1.59942e-08
0
0
0
0
0
0
0
0
0
0
0
0
0
0
0
0
0
2.20011e-09
3.78667e-09
3.80877e-09
3.23827e-09
2.85218e-09
2.73997e-09
2.67165e-09
2.56782e-09
2.54244e-09
2.54849e-09
2.42218e-09
2.1307e-09
1.79223e-09
1.54704e-09
1.55483e-09
1.75984e-09
1.97812e-09
2.01456e-09
1.75309e-09
1.31398e-09
8.93634e-10
5.89614e-10
3.97792e-10
3.1526e-10
2.84636e-10
2.56638e-10
2.24052e-10
1.95627e-10
1.74467e-10
1.58458e-10
1.42309e-10
1.23369e-10
1.01537e-10
7.94352e-11
5.92606e-11
4.26463e-11
2.97812e-11
2.04359e-11
1.37913e-11
9.24834e-12
6.12426e-12
4.03568e-12
2.6076e-12
1.66525e-12
1.02576e-12
6.13896e-13
3.42012e-13
1.72409e-13
7.0096e-14
6.56014e-15
0
0
0
0
0
0
0
0
1.19456e-14
0
9.70125e-14
0
9.26336e-13
0
9.08696e-12
0
7.56461e-12
3.8456e-11
0
0
0
0
2.11954e-10
4.2739e-10
5.72615e-10
6.54454e-10
6.8748e-10
6.88432e-10
6.67867e-10
6.15384e-10
4.87937e-10
2.30151e-10
0
0
0
0
0
0
0
0
0
0
0
0
0
0
0
0
0
0
0
0
6.76049e-10
1.97009e-09
3.34011e-09
6.44624e-09
9.266e-09
5.25305e-08
3.17176e-07
3.06978e-07
0
0
0
0
0
1.19385e-07
1.85447e-06
4.81437e-06
4.89094e-06
9.92296e-07
0
0
0
0
0
2.69774e-06
1.52349e-06
0
0
0
5.65763e-06
6.38821e-06
3.39746e-06
1.42236e-06
7.46907e-08
0
0
0
0
0
0
0
0
0
0
0
0
0
9.26208e-08
1.21207e-07
9.8277e-08
5.963e-08
2.83245e-08
1.0317e-08
0
0
0
0
0
0
0
0
0
0
0
0
0
0
0
0
2.84616e-09
6.58087e-09
6.55904e-09
4.52193e-09
2.68874e-09
2.17155e-09
2.5502e-09
2.86434e-09
2.95871e-09
3.15571e-09
3.48315e-09
3.7961e-09
3.96922e-09
4.01025e-09
3.97807e-09
3.90522e-09
3.75618e-09
3.47878e-09
3.08256e-09
2.62289e-09
2.16523e-09
1.78641e-09
1.56832e-09
1.50548e-09
1.53301e-09
1.54748e-09
1.42244e-09
1.17535e-09
8.64507e-10
5.78874e-10
3.68273e-10
2.29867e-10
1.44132e-10
9.8857e-11
7.89614e-11
6.97096e-11
6.3735e-11
6.08847e-11
5.95359e-11
5.74769e-11
5.29807e-11
4.60298e-11
3.75628e-11
2.90136e-11
2.13488e-11
1.51168e-11
1.03345e-11
6.87059e-12
4.41591e-12
2.7464e-12
1.61876e-12
8.88273e-13
4.17382e-13
1.36451e-13
0
0
0
0
0
0
0
0
0
0
0
0
0
0
0
0
0
0
3.71208e-14
0
5.19224e-12
0
1.55329e-11
0
0
0
0
0
0
0
0
0
0
0
0
0
0
0
0
0
0
0
0
0
0
0
0
0
0
0
0
0
0
0
0
0
0
0
0
5.03752e-10
1.9559e-09
6.6405e-09
2.82943e-08
2.96429e-07
2.00034e-06
3.06533e-06
9.58817e-07
0
0
0
0
0
1.08429e-06
1.09514e-05
1.0776e-05
2.61705e-06
0
0
0
0
0
1.53307e-06
2.29627e-06
0
0
7.54452e-06
2.93412e-05
1.53569e-05
5.36552e-06
2.34011e-06
4.58843e-07
0
0
0
0
0
0
0
0
0
0
0
0
1.30212e-09
1.26502e-07
2.60084e-07
3.75555e-07
4.26443e-07
3.84585e-07
2.52137e-07
5.34986e-08
0
0
0
0
0
0
0
0
0
0
0
0
0
0
0
0
0
0
0
9.02736e-10
1.823e-09
2.54875e-09
2.99094e-09
3.29432e-09
3.63101e-09
3.97411e-09
4.18919e-09
4.14328e-09
3.84802e-09
3.41227e-09
2.93957e-09
2.46962e-09
2.00409e-09
1.54542e-09
1.15166e-09
8.94924e-10
7.5652e-10
6.80255e-10
6.23443e-10
5.57993e-10
4.82703e-10
3.84353e-10
2.74455e-10
1.76453e-10
1.0774e-10
6.90817e-11
4.91449e-11
4.24212e-11
3.56554e-11
3.07974e-11
2.76791e-11
2.47948e-11
2.22756e-11
2.00724e-11
1.78312e-11
1.52591e-11
1.24197e-11
9.57823e-12
7.01418e-12
4.888e-12
3.24246e-12
2.03555e-12
1.1992e-12
6.44163e-13
2.97416e-13
9.26854e-14
0
0
0
0
0
0
0
0
0
0
0
0
0
0
0
0
0
0
0
0
0
0
0
0
0
7.46987e-12
0
0
0
0
0
0
0
0
0
0
0
0
0
0
0
0
0
0
0
0
0
0
0
0
0
0
0
0
0
0
0
0
0
0
0
0
0
2.97532e-10
6.52325e-09
6.58478e-08
9.62506e-07
9.18844e-06
1.73375e-05
1.18981e-05
8.1582e-06
1.62402e-06
0
0
0
0
5.9676e-06
1.21357e-05
3.96656e-06
1.60782e-06
2.31719e-06
1.00974e-06
0
0
0
4.664e-06
1.223e-06
6.64928e-06
2.26022e-05
1.31977e-05
5.9409e-06
1.86811e-06
6.64879e-07
1.04191e-07
0
0
0
0
0
0
0
0
0
0
0
0
4.98043e-08
2.59947e-07
7.56247e-07
1.48953e-06
1.57537e-06
7.96216e-07
2.86817e-07
1.85396e-08
0
0
0
0
0
0
0
0
0
0
0
0
0
0
0
0
0
0
0
0
0
0
7.6091e-10
1.38016e-09
1.69977e-09
1.77428e-09
1.65645e-09
1.41549e-09
1.1403e-09
9.07048e-10
7.48052e-10
6.45771e-10
5.5396e-10
4.2276e-10
2.73e-10
1.65605e-10
1.05844e-10
7.36318e-11
5.92363e-11
5.14024e-11
4.59225e-11
3.5384e-11
2.08692e-11
8.25022e-12
1.73846e-12
1.69524e-12
5.51604e-12
1.25438e-11
1.46305e-11
1.41551e-11
1.26963e-11
1.06023e-11
8.37912e-12
6.42581e-12
4.84662e-12
3.59242e-12
2.59279e-12
1.8107e-12
1.21138e-12
7.71194e-13
4.5889e-13
2.49508e-13
1.16929e-13
3.91706e-14
0
0
0
0
0
0
0
0
0
0
0
0
0
0
0
0
0
0
0
0
0
0
0
0
0
0
0
0
0
0
3.43911e-08
8.50215e-09
8.90598e-09
1.29631e-08
1.04412e-08
6.6687e-09
4.43822e-09
3.04839e-09
2.0783e-09
1.33141e-09
8.18764e-10
3.8492e-10
1.66254e-10
0
5.32349e-11
6.22583e-11
5.08936e-10
6.04775e-12
1.82181e-10
0
0
0
1.85913e-10
0
0
4.56727e-09
8.96983e-10
1.09637e-09
1.79384e-09
1.50809e-09
1.02913e-09
6.89768e-10
4.76556e-10
3.30152e-10
1.97133e-10
1.03018e-10
1.65551e-11
0
0
0
1.92982e-11
2.24627e-10
1.50918e-11
1.05698e-10
0
3.64219e-11
0
1.58625e-10
0
0
5.62715e-10
6.94596e-11
6.14432e-11
2.05667e-10
1.77731e-10
1.34944e-10
6.4281e-11
2.5215e-11
5.1501e-13
0
0
0
0
0
0
1.35643e-11
1.0442e-10
3.23565e-11
6.39878e-11
0
4.40568e-11
0
1.09646e-10
0
0
2.01686e-10
0
0
0
2.23222e-11
1.23024e-11
0
0
0
0
2.53169e-12
7.10514e-12
2.2491e-11
3.68418e-11
6.37894e-11
1.01663e-10
1.87001e-10
1.54473e-10
1.80866e-10
8.50019e-11
2.6411e-10
0
3.56582e-10
0
1.61041e-10
9.95491e-11
0
0
0
0
0
0
0
0
0
0
0
0
0
0
0
0
0
0
0
0
0
0
0
0
0
0
0
0
0
0
0
0
0
0
0
0
0
0
0
0
0
0
0
0
0
0
0
0
0
0
0
0
0
0
0
0
0
0
0
0
0
0
0
0
0
0
0
0
0
0
0
0
0
0
0
0
0
0
0
0
0
0
0
0
0
0
0
0
0
0
0
0
0
0
0
0
0
0
0
0
0
0
0
0
0
0
0
0
0
0
0
0
0
0
0
0
0
0
0
0
0
0
0
0
0
0
0
0
0
0
0
0
0
0
0
0
0
0
0
0
0
0
0
0
0
0
0
0
0
0
0
0
0
0
0
0
0
0
0
0
0
0
0
0
0
0
0
0
0
0
0
0
0
0
0
0
0
0
0
0
0
0
0
0
0
0
0
0
0
0
0
0
0
0
0
0
0
0
0
0
0
0
0
0
0
0
0
0
0
0
0
0
0
0
0
0
0
0
0
0
0
0
0
0
0
0
0
0
0
0
0
0
0
0
0
0
0
0
0
0
0
0
0
0
0
0
0
0
0
0
0
0
0
0
0
0
0
0
0
0
0
0
0
0
0
0
0
0
0
0
0
0
0
0
0
0
0
0
0
0
0
0
0
0
0
0
0
0
0
0
0
0
0
0
0
0
0
0
0
0
0
0
0
0
0
0
0
0
0
0
0
0
0
0
0
0
0
0
0
0
0
0
0
0
0
0
0
0
0
0
0
0
0
0
0
0
0
0
0
0
0
0
0
0
0
0
0
0
0
0
0
0
0
0
0
0
0
0
0
0
0
0
0
0
0
0
0
0
0
0
0
0
0
0
0
0
0
0
0
0
0
0
0
0
0
0
0
0
0
0
0
0
0
0
0
0
0
0
0
0
0
0
0
0
0
0
0
0
0
0
0
0
0
0
0
0
0
0
0
0
0
0
0
0
0
0
0
0
0
0
0
0
0
0
0
0
0
0
0
0
0
0
0
0
0
0
0
0
0
0
0
0
0
0
0
0
0
0
0
0
0
0
0
0
0
0
0
0
0
0
0
0
0
0
0
0
0
0
0
0
0
0
0
0
0
0
0
0
0
0
0
0
0
0
0
0
0
0
0
0
0
0
0
0
0
0
0
0
0
0
0
0
0
0
0
0
0
0
0
0
0
0
0
0
0
0
0
0
0
0
0
0
0
0
0
0
0
0
0
0
0
0
0
0
0
0
0
0
0
0
0
0
0
0
0
0
0
0
0
0
0
0
0
0
0
0
0
0
0
0
0
0
0
0
0
0
0
0
0
0
0
0
0
0
0
0
0
0
0
0
0
0
0
0
0
0
0
0
0
0
0
0
0
0
0
0
0
0
0
0
0
0
0
0
0
0
0
0
0
0
0
0
0
0
0
0
0
0
0
0
0
0
0
0
0
0
0
0
0
0
0
0
0
0
0
0
0
0
0
0
0
0
0
0
0
0
0
0
0
0
0
0
0
0
0
0
0
0
0
0
0
0
0
0
0
0
0
0
0
0
0
0
0
0
0
0
0
0
0
0
0
0
0
0
0
0
0
0
0
0
0
0
0
0
0
0
0
0
0
0
0
0
0
0
0
0
0
0
0
0
0
0
0
0
0
0
0
0
0
0
0
0
0
0
0
0
0
0
0
0
0
0
0
0
0
0
0
0
0
0
0
0
0
0
0
0
0
0
0
0
0
0
0
0
0
0
0
0
0
0
0
0
0
0
0
0
0
0
0
0
0
0
0
0
0
0
0
0
0
0
0
0
0
0
0
0
0
0
0
0
0
0
0
0
0
0
0
0
0
0
0
0
0
0
0
0
0
0
0
0
0
0
0
0
0
0
0
0
0
0
0
0
0
0
0
0
0
0
0
0
0
0
0
0
0
0
0
0
0
0
0
0
0
0
0
0
0
0
0
0
0
0
0
0
0
0
0
0
0
0
0
0
0
0
0
0
0
0
0
0
0
0
0
0
0
0
0
0
0
0
0
0
0
0
0
0
0
0
0
0
0
0
0
0
0
0
0
0
0
0
0
0
0
0
0
0
0
0
0
0
0
0
0
0
0
0
0
0
0
0
0
0
0
0
0
0
0
0
0
0
0
0
0
0
0
0
0
0
0
0
0
0
0
0
0
0
0
0
0
0
0
0
0
0
0
0
0
0
0
0
0
0
0
0
0
0
0
0
0
0
0
0
0
0
0
0
0
0
0
0
0
0
0
0
0
0
0
0
0
0
0
0
0
0
0
0
0
0
0
0
0
0
0
0
0
0
0
0
0
0
0
0
0
0
0
0
0
0
0
0
0
0
0
0
0
0
0
0
0
0
0
0
0
0
0
0
0
0
0
0
0
0
0
0
0
0
0
0
0
0
0
0
0
0
0
0
0
0
0
0
0
0
0
0
0
0
0
0
0
0
0
0
0
0
0
0
0
0
0
0
0
0
0
0
0
0
0
0
0
9.98715e-11
0
0
0
0
0
0
0
0
0
0
0
0
0
0
0
0
0
0
0
0
0
0
0
0
9.917e-11
0
0
0
0
0
0
0
0
0
0
0
0
0
0
0
0
0
0
0
0
0
0
0
0
8.44169e-11
0
0
0
0
0
0
0
0
0
0
0
0
0
0
0
0
0
0
0
0
0
5.62763e-11
0
0
1.37191e-10
0
0
0
0
0
4.22951e-12
4.75612e-11
1.01509e-10
1.07155e-10
1.40247e-10
1.74683e-10
2.14915e-10
2.19688e-10
3.12366e-10
2.80317e-10
3.97501e-10
2.78872e-10
5.49876e-10
2.06469e-10
8.15202e-10
0
1.38911e-09
0
8.26033e-10
2.69996e-10
0
0
0
0
4.97226e-11
1.23392e-10
2.25707e-10
3.18524e-10
3.41453e-10
3.74597e-10
3.79709e-10
3.93829e-10
3.79084e-10
4.40329e-10
3.84898e-10
4.78321e-10
3.63983e-10
5.88514e-10
2.91638e-10
7.94416e-10
7.9851e-11
1.30503e-09
0
4.49749e-10
5.56441e-10
0
2.01451e-11
3.53316e-10
5.22049e-10
6.0227e-10
5.7598e-10
5.94407e-10
5.88194e-10
5.90207e-10
6.01059e-10
5.67787e-10
5.71568e-10
5.53118e-10
5.98535e-10
5.46294e-10
6.44225e-10
5.36367e-10
7.44515e-10
4.77409e-10
9.01304e-10
3.09519e-10
1.23855e-09
0
4.23008e-11
1.36631e-09
7.73391e-11
1.45257e-09
1.54832e-09
1.28682e-09
8.76187e-10
5.49572e-10
2.47458e-10
1.15221e-10
1.0478e-10
9.88575e-11
6.89083e-11
7.83441e-11
6.31218e-11
1.0299e-10
6.97935e-11
1.57343e-10
6.83533e-11
2.30358e-10
2.90532e-11
3.42405e-10
0
5.37034e-10
0
0
3.29828e-09
3.05627e-09
4.1567e-09
2.20229e-09
7.37455e-10
0
0
0
0
0
0
0
0
0
0
0
0
0
0
0
0
0
0
0
0
5.55257e-09
7.78973e-09
6.07275e-09
1.43379e-09
0
0
0
0
0
0
0
0
0
0
0
0
0
0
0
0
0
0
0
0
0
)
;

boundaryField
{
    inlet
    {
        type            zeroGradient;
    }
    outlet
    {
        type            zeroGradient;
    }
    upperWall
    {
        type            zeroGradient;
    }
    lowerWall
    {
        type            zeroGradient;
    }
    frontAndBack
    {
        type            empty;
    }
}


// ************************************************************************* //
