/*--------------------------------*- C++ -*----------------------------------*\
  =========                 |
  \\      /  F ield         | OpenFOAM: The Open Source CFD Toolbox
   \\    /   O peration     | Website:  https://openfoam.org
    \\  /    A nd           | Version:  9
     \\/     M anipulation  |
\*---------------------------------------------------------------------------*/
FoamFile
{
    format      ascii;
    class       volScalarField;
    location    "0.06";
    object      p;
}
// * * * * * * * * * * * * * * * * * * * * * * * * * * * * * * * * * * * * * //

dimensions      [0 2 -2 0 0 0 0];

internalField   nonuniform List<scalar> 
12225
(
165.784
154.289
146.458
140.303
135.347
131.272
127.882
125.012
122.56
120.485
118.729
117.241
115.975
114.916
114.054
113.373
112.84
112.24
164.786
154.074
146.391
140.242
135.293
131.225
127.84
124.975
122.525
120.446
118.688
117.196
115.928
114.861
113.983
113.269
112.666
111.95
164.551
153.756
146.23
140.122
135.198
131.15
127.771
124.91
122.464
120.385
118.623
117.122
115.84
114.749
113.83
113.042
112.311
111.403
161.807
153.188
145.967
139.943
135.05
131.013
127.64
124.792
122.361
120.29
118.53
117.024
115.728
114.614
113.653
112.795
111.958
110.995
161.033
152.6
145.599
139.673
134.827
130.826
127.479
124.65
122.232
120.165
118.402
116.889
115.58
114.441
113.439
112.525
111.628
110.672
158.856
151.779
145.133
139.319
134.537
130.564
127.234
124.431
122.037
119.986
118.234
116.725
115.407
114.248
113.212
112.257
111.329
110.381
156.33
150.834
144.561
138.859
134.148
130.229
126.944
124.176
121.808
119.772
118.021
116.507
115.178
114.002
112.943
111.964
111.024
110.092
157.686
150.172
143.859
138.275
133.663
129.798
126.552
123.825
121.494
119.484
117.754
116.251
114.922
113.734
112.657
111.66
110.71
109.788
154.88
149.029
143.055
137.569
133.042
129.245
126.076
123.417
121.132
119.15
117.434
115.935
114.604
113.409
112.323
111.318
110.368
109.459
153.136
148.756
142.133
136.697
132.267
128.564
125.477
122.885
120.654
118.715
117.036
115.566
114.252
113.06
111.97
110.96
110.009
109.108
153.689
147.773
141.02
135.638
131.316
127.727
124.761
122.272
120.113
118.226
116.578
115.124
113.82
112.635
111.551
110.547
109.604
108.716
159.629
147.348
139.765
134.389
130.23
126.809
123.969
121.57
119.489
117.668
116.073
114.659
113.384
112.219
111.147
110.15
109.214
108.332
158.856
145.93
138.185
132.916
128.962
125.73
123.056
120.799
118.825
117.08
115.534
114.15
112.895
111.748
110.69
109.704
108.774
107.894
160.356
143.989
135.737
130.822
127.233
124.301
121.846
119.737
117.883
116.243
114.782
113.464
112.26
111.153
110.126
109.162
108.248
107.379
149.54
136.756
131.593
127.799
124.826
122.342
120.242
118.392
116.721
115.218
113.861
112.617
111.465
110.395
109.396
108.456
107.565
106.716
126.636
127.957
125.957
123.768
121.699
119.798
118.101
116.545
115.112
113.803
112.596
111.468
110.411
109.418
108.48
107.588
106.733
105.909
108.045
117.23
119.052
118.728
117.766
116.658
115.505
114.334
113.205
112.133
111.1
110.104
109.15
108.236
107.357
106.511
105.696
104.914
109.252
110.52
112.439
113.18
113.189
112.837
112.206
111.449
110.684
109.911
109.115
108.313
107.524
106.75
105.987
105.235
104.496
103.768
96.7221
103.965
107.256
108.328
108.85
108.993
108.85
108.531
108.098
107.579
106.993
106.367
105.724
105.071
104.41
103.745
103.082
102.422
105.816
104.164
104.433
105.12
105.632
105.824
105.898
105.856
105.68
105.389
105.018
104.586
104.105
103.591
103.054
102.499
101.93
101.354
103.663
101.932
101.962
102.614
103.332
103.907
104.171
104.257
104.221
104.063
103.799
103.457
103.058
102.619
102.148
101.648
101.123
100.577
93.1434
96.3024
98.5714
100.052
101.222
102.023
102.542
102.838
102.967
102.931
102.777
102.536
102.223
101.855
101.448
101.015
100.557
100.077
91.5343
94.5792
97.0217
98.7371
99.943
100.84
101.486
101.934
102.152
102.188
102.094
101.908
101.648
101.323
100.947
100.536
100.096
99.6312
86.8777
92.4888
95.4613
97.3812
98.8821
99.9758
100.729
101.224
101.499
101.601
101.565
101.431
101.212
100.925
100.588
100.213
99.8074
99.3749
91.1812
92.118
94.553
96.6487
98.1794
99.3349
100.172
100.734
101.068
101.215
101.227
101.116
100.922
100.655
100.335
99.9771
99.5853
99.1624
88.4161
91.0943
93.8127
96.0673
97.6777
98.9079
99.8146
100.418
100.77
100.937
100.961
100.888
100.715
100.472
100.176
99.8398
99.4642
99.0548
85.8175
90.2403
93.2582
95.6075
97.3465
98.6257
99.5735
100.209
100.587
100.776
100.825
100.75
100.582
100.34
100.041
99.7226
99.3594
98.9587
84.1867
89.7066
92.9586
95.3657
97.1538
98.4648
99.4322
100.079
100.465
100.665
100.72
100.653
100.493
100.266
100.007
99.6799
99.3197
98.9193
83.7457
89.4262
92.7812
95.2282
97.0383
98.3707
99.3519
100.019
100.416
100.618
100.668
100.6
100.441
100.221
99.9525
99.6425
99.2906
98.8946
85.798
89.4513
92.7013
95.1716
97.0135
98.3497
99.323
99.9816
100.378
100.581
100.635
100.57
100.42
100.212
99.9535
99.6469
99.2923
98.892
89.5901
89.5747
89.7385
89.9493
89.8932
89.5587
89.0346
88.4684
87.9779
87.6336
87.3991
87.0914
86.661
86.1856
85.7457
85.368
84.9534
84.493
83.9956
83.3805
82.5526
81.7706
81.1554
80.549
79.9178
79.2885
78.5619
77.7175
76.7933
75.8038
74.7248
73.5399
72.2397
70.8302
69.3242
67.7425
66.1138
64.4728
62.8585
61.3119
59.8759
58.5936
57.5082
56.6582
56.0754
55.7804
55.7819
56.0868
56.7067
57.638
58.8567
60.3265
62.0004
63.8251
65.7375
67.6647
69.5287
71.257
72.7956
74.1239
75.2622
76.2604
77.1891
78.1205
79.0893
80.0878
81.092
82.131
83.167
84.0426
84.8035
85.4071
85.7174
85.5897
84.5969
82.6452
79.8305
76.3844
72.8566
70.3147
69.7639
71.5245
75.1542
79.3628
83.2928
84.4327
85.9299
85.4256
87.0716
86.2577
79.0382
69.1876
58.9599
49.343
41.0246
34.2117
29.0684
25.5778
23.7125
23.3603
24.4095
26.6671
29.9262
33.9577
38.5428
43.4783
48.5928
53.7449
58.8197
63.7202
68.3633
72.678
76.6095
80.1304
83.2409
85.9603
88.3199
90.353
92.0706
93.4549
94.4673
95.0634
95.2249
94.9798
94.4178
93.6635
92.7834
91.8233
90.7743
89.5813
88.1751
86.5087
84.5772
82.4114
80.0596
77.5707
74.9862
72.3412
69.6725
67.0251
64.4535
62.0169
59.775
57.788
56.1166
54.8203
53.934
53.503
53.6082
54.3557
55.6896
57.0243
57.597
57.5244
57.8599
59.1115
60.7491
62.3211
63.6681
64.6528
65.0707
64.9125
64.2369
63.1334
61.6318
59.7774
57.8316
56.1519
54.9297
54.2274
53.9767
54.0265
54.174
54.2676
54.2076
53.9686
53.5615
53.0335
52.4459
51.7458
89.0766
89.0496
89.197
89.2301
89.043
88.6385
88.1107
87.5814
87.1224
86.7745
86.5974
86.4428
86.2119
86.0761
85.9406
85.5914
85.1011
84.5471
83.8869
83.096
82.3277
81.6536
80.9482
79.9718
79.488
79.0488
78.4164
77.5761
76.6128
75.5651
74.4072
73.1189
71.699
70.1681
68.5508
66.8764
65.1771
63.4885
61.8472
60.2913
58.8596
57.593
56.533
55.7172
55.1764
54.9352
55.0112
55.4064
56.1212
57.121
58.3793
59.8657
61.5454
63.3699
65.2776
67.1977
69.0589
70.7942
72.3455
73.6835
74.8324
75.8492
76.8038
77.7646
78.7789
79.8517
80.985
82.1912
83.3457
84.3578
85.1902
85.6821
85.7415
85.2611
83.9145
81.6539
78.5253
74.6568
70.5575
67.3221
66.2005
67.8619
71.9406
77.2472
82.2662
85.1941
87.1225
85.6916
83.984
80.4429
72.3521
63.303
53.9266
45.3317
37.7822
31.5918
26.8906
23.7672
22.2075
22.1114
23.3414
25.7409
29.1168
33.2529
37.9286
42.9394
48.112
53.3074
58.4154
63.3449
68.0165
72.3605
76.3194
79.8591
82.9762
85.6911
88.0388
90.0629
91.7857
93.1947
94.2457
94.8803
95.0621
94.8189
94.2506
93.4775
92.5828
91.6182
90.5745
89.3924
87.998
86.3401
84.4127
82.2483
79.8974
77.4099
74.8271
72.183
69.5134
66.8635
64.2895
61.8505
59.6026
57.6085
55.9335
54.6088
53.6753
53.2092
53.2616
53.8561
54.9862
56.1974
56.7372
56.8807
57.6943
59.2705
61.0111
62.5615
63.8872
64.8381
65.2487
65.0326
64.3122
63.1775
61.6322
59.7174
57.7285
56.0466
54.8531
54.1672
53.9302
53.9948
54.1627
54.2691
54.2123
53.9652
53.5515
53.0152
52.4229
51.761
89.2419
89.0217
88.5915
88.0159
87.3339
86.6258
85.9808
85.463
85.1208
84.9735
85.0265
85.2316
85.5382
85.8974
86.0949
86.0184
85.7291
85.2147
84.5573
83.718
82.6996
82.0044
81.377
80.6594
79.8809
79.0631
78.176
77.174
76.0468
74.8029
73.444
71.9685
70.3789
68.6916
66.9323
65.1348
63.3361
61.5759
59.8933
58.3275
56.915
55.691
54.6895
53.9434
53.4844
53.3384
53.5137
53.9928
54.7192
55.712
56.9656
58.4546
60.1402
61.9738
63.8972
65.8459
67.7532
69.5513
71.1814
72.6139
73.8623
74.9724
76.013
77.0699
78.2273
79.5338
80.98
82.5113
84.0443
85.4216
86.5478
87.1893
87.1067
86.1276
84.1995
81.3291
77.3658
72.3943
67.0695
62.7084
60.6275
61.8711
66.2943
72.6525
79.6713
85.3035
86.1502
83.3069
78.0821
71.7459
64.1303
56.23
48.1728
40.6184
33.8273
28.1835
23.8838
21.084
19.7831
19.9159
21.3676
23.9864
27.5694
31.8949
36.7358
41.8832
47.1607
52.4333
57.6006
62.5819
67.3053
71.7041
75.7174
79.2986
82.4338
85.1427
87.4648
89.4602
91.1749
92.617
93.7401
94.4509
94.6858
94.468
93.8968
93.1037
92.1923
91.2232
90.1876
89.0206
87.6404
85.9914
84.068
81.9057
79.5574
77.0735
74.4937
71.8501
69.1765
66.5179
63.9314
61.48
59.2236
57.2147
55.5069
54.1563
53.2171
52.7191
52.689
53.1451
54.0539
55.1076
55.8954
56.6005
57.7619
59.4486
61.2723
62.9144
64.2296
65.1028
65.4312
65.166
64.3794
63.1394
61.4992
59.5887
57.6676
56.0166
54.7834
54.075
53.8238
53.9131
54.1114
54.2356
54.1874
53.9407
53.5349
52.9975
52.4143
51.7783
88.8364
88.351
87.4561
86.5456
85.7028
84.956
84.3309
83.8593
83.587
83.538
83.725
84.1353
84.7266
85.4257
86.0433
86.3522
86.2325
85.7992
85.1012
84.3588
83.5056
82.6213
81.7291
80.8245
79.8697
78.8206
77.6663
76.393
74.9978
73.478
71.8393
70.0927
68.2542
66.3448
64.3909
62.4243
60.4809
58.5993
56.8195
55.1814
53.7236
52.4827
51.4917
50.779
50.365
50.2511
50.4353
50.939
51.7977
52.9423
54.3279
55.9207
57.6876
59.5897
61.5818
63.6146
65.6346
67.5863
69.419
71.0999
72.623
74.0116
75.3179
76.6136
77.976
79.4717
81.1182
82.8644
84.6337
86.2762
87.5678
88.2629
88.0116
86.7187
84.4894
81.244
76.4735
70.1851
63.1323
57.0368
53.7536
54.5094
59.2899
66.4402
74.911
79.5841
79.8
75.689
69.8867
63.4243
56.3791
49.1982
42.007
35.2095
29.056
23.9067
20.0095
17.5455
16.5466
16.9838
18.7412
21.6484
25.4991
30.069
35.1223
40.4426
45.8485
51.2086
56.4372
61.4723
66.2551
70.7239
74.8146
78.4665
81.6466
84.3595
86.6447
88.5833
90.2598
91.7154
92.922
93.7363
94.0673
93.9054
93.3519
92.5521
91.6302
90.6585
89.6316
88.4795
87.1136
85.4746
83.5581
81.4025
79.0615
76.5844
74.009
71.3648
68.6835
66.0106
63.4063
60.9345
58.6542
56.6213
54.8908
53.5121
52.5289
51.9851
51.8939
52.2248
52.9463
53.9579
55.0233
56.1303
57.5857
59.476
61.4579
63.1872
64.5297
65.3902
65.6549
65.2972
64.4094
63.078
61.3726
59.428
57.49
55.8077
54.5562
53.8411
53.6413
53.7934
54.0496
54.211
54.1768
53.9297
53.5195
52.9781
52.3838
51.7359
87.3446
86.798
85.9954
85.2035
84.4767
83.8471
83.3469
82.9973
82.8229
82.8477
83.0877
83.5613
84.2455
85.0602
85.8245
86.2914
86.2863
85.9919
85.4512
84.7365
83.8875
82.9345
81.8843
80.7465
79.5139
78.1658
76.6922
75.0906
73.3661
71.5235
69.5733
67.5305
65.417
63.2582
61.083
58.9237
56.8156
54.7966
52.9064
51.1859
49.6759
48.4152
47.4407
46.7836
46.4643
46.491
46.8451
47.5225
48.4903
49.7454
51.2587
52.9883
54.8884
56.9132
59.0197
61.1687
63.3242
65.4539
67.5289
69.5248
71.4244
73.2252
74.9462
76.6248
78.3058
80.028
81.8076
83.6139
85.3548
86.8809
87.9856
88.4587
88.1679
87.0548
84.9593
81.6461
76.6541
69.8702
61.7685
54.072
49.055
48.6375
52.8015
59.799
66.8906
70.9279
70.687
66.9906
61.922
55.9693
49.3958
42.6905
36.0431
29.7575
24.0609
19.2829
15.7185
13.5901
12.9351
13.7005
15.7793
19.0008
23.1497
27.9949
33.2893
38.8034
44.3463
49.7863
55.0526
60.1096
64.9233
69.4463
73.6152
77.3589
80.6237
83.3856
85.6638
87.5292
89.1308
90.562
91.8214
92.7407
93.1884
93.1129
92.6076
91.8285
90.9146
89.9489
88.9308
87.7902
86.4352
84.806
82.9004
80.758
78.4301
75.962
73.3891
70.7407
68.0477
65.3542
62.7227
60.2231
57.9154
55.8517
54.0852
52.67
51.6506
51.058
50.8868
51.1116
51.728
52.7283
53.9976
55.4637
57.2752
59.415
61.5327
63.3415
64.742
65.6086
65.8108
65.363
64.378
62.9414
61.1408
59.1484
57.2057
55.5288
54.273
53.5732
53.4231
53.6533
53.9772
54.1767
54.1555
53.9126
53.5014
52.9607
52.3538
51.6963
86.0356
85.618
85.0579
84.4436
83.8337
83.2895
82.866
82.604
82.5175
82.6114
82.8988
83.3938
84.0761
84.832
85.5422
85.9425
86.0116
85.8094
85.3634
84.6945
83.8283
82.7827
81.5696
80.2027
78.6861
77.0214
75.2101
73.2588
71.1803
68.9908
66.7088
64.3548
61.9517
59.5247
57.1021
54.7157
52.4014
50.1993
48.1535
46.3096
44.7128
43.406
42.4293
41.8176
41.6014
41.8161
42.3159
43.1939
44.4087
45.9281
47.7104
49.7074
51.8665
54.1351
56.4649
58.8189
61.1725
63.5113
65.8252
68.1057
70.3475
72.5502
74.7144
76.8357
78.9041
80.9076
82.8272
84.6191
86.2105
87.5204
88.461
88.915
88.7748
87.9369
86.2419
83.4036
79.0175
72.8436
65.1943
57.4722
52.0151
50.4797
52.8492
57.7663
62.6849
65.0576
63.9724
60.4233
55.5968
49.8142
43.5056
37.0974
30.7676
24.7577
19.2906
14.7064
11.3547
9.49141
9.13845
10.2286
12.6425
16.1966
20.6618
25.7993
31.3524
37.0786
42.776
48.307
53.6074
58.6604
63.4588
67.9821
72.1846
75.9977
79.3578
82.2091
84.5335
86.3686
87.9024
89.2803
90.5388
91.5286
92.0809
92.1052
91.6773
90.9523
90.0731
89.127
88.12
86.9864
85.6373
84.016
82.1237
79.9992
77.6881
75.2282
72.6516
69.9899
67.2772
64.558
61.8944
59.3592
57.0163
54.9173
53.1139
51.6604
50.5976
49.953
49.7167
49.8607
50.3872
51.3677
52.825
54.6571
56.8185
59.2079
61.4927
63.4046
64.8466
65.7047
65.8632
65.3426
64.2516
62.7004
60.8246
58.8134
56.8789
55.2047
53.9517
53.2732
53.2072
53.521
53.9105
54.1448
54.1312
53.8855
53.469
52.9279
52.3154
51.6439
85.4978
85.2111
84.8213
84.3603
83.8897
83.4687
83.1491
82.966
82.9247
83.0211
83.2776
83.6993
84.2484
84.8393
85.3492
85.6116
85.6301
85.408
84.9446
84.2386
83.2949
82.1225
80.7342
79.1377
77.3411
75.3558
73.1955
70.8804
68.435
65.8872
63.2643
60.5911
57.8896
55.1809
52.4887
49.8422
47.2787
44.8433
42.5874
40.566
38.8335
37.4382
36.4219
35.8187
35.6413
35.8775
36.6303
37.799
39.3597
41.2607
43.4415
45.8375
48.3833
51.0188
53.6955
56.3751
59.0305
61.6466
64.2174
66.75
69.2614
71.765
74.2602
76.7257
79.121
81.3938
83.4884
85.352
86.9424
88.2275
89.1709
89.7225
89.8555
89.5301
88.5976
86.7986
83.7881
79.3595
73.6829
67.7376
63.2435
61.2027
61.547
63.2502
64.5571
63.8854
61.0391
56.6979
51.3783
45.3273
38.9935
32.645
26.4069
20.4666
15.0629
10.5632
7.34745
5.67446
5.58297
6.98076
9.71368
13.5694
18.303
23.6767
29.4424
35.3529
41.1955
46.8226
52.1683
57.2205
61.9904
66.4808
70.6712
74.4994
77.9129
80.8436
83.2367
85.0986
86.6072
87.9349
89.1683
90.187
90.8093
90.9249
90.5905
89.9471
89.1273
88.2149
87.2215
86.0913
84.7437
83.1279
81.2483
79.1419
76.8467
74.3916
71.8042
69.1192
66.3777
63.6281
60.9307
58.3571
55.9733
53.833
51.9879
50.4921
49.3832
48.6893
48.386
48.4406
48.8722
49.8397
51.4835
53.6754
56.1729
58.8252
61.3316
63.375
64.8396
65.6715
65.7941
65.2113
64.0275
62.3845
60.4532
58.4408
56.5428
54.9041
53.6737
53.0393
53.0317
53.4161
53.8518
54.1053
54.0945
53.8456
53.4244
52.8818
52.2667
51.5871
85.7163
85.5284
85.2676
84.9419
84.6086
84.3089
84.0892
83.9659
83.9347
83.9948
84.1583
84.4239
84.7618
85.1093
85.3628
85.4388
85.3146
84.9674
84.3815
83.5412
82.4403
81.0831
79.472
77.6063
75.4977
73.1659
70.6418
67.9653
65.1777
62.3169
59.4104
56.4759
53.5243
50.5644
47.6107
44.6894
41.8401
39.116
36.5804
34.3032
32.357
30.8109
29.713
29.0856
28.9507
29.3215
30.3208
31.8361
33.7879
36.1015
38.7046
41.5235
44.486
47.5291
50.6055
53.6735
56.6969
59.6514
62.5334
65.3548
68.1373
70.9039
73.6706
76.4261
79.1212
81.6787
84.0168
86.0729
87.8186
89.2505
90.3721
91.1917
91.7075
91.8936
91.6889
90.977
89.5515
87.2094
84.0331
80.5554
77.3473
74.8855
73.1962
71.6224
69.2644
65.6245
60.8801
55.3545
49.1989
42.6341
36.0421
29.568
23.2909
17.3488
11.9847
7.57382
4.50299
3.02489
3.17172
4.80509
7.74705
11.7725
16.6269
22.0783
27.9021
33.8659
39.7596
45.4277
50.7947
55.8384
60.572
65.0204
69.1817
72.9984
76.4081
79.3678
81.8189
83.7339
85.2495
86.5541
87.765
88.7873
89.445
89.6314
89.3926
88.8474
88.1044
87.2353
86.2565
85.1257
83.7749
82.162
80.293
78.2011
75.9166
73.4613
70.8584
68.1444
65.3681
62.5843
59.8516
57.2358
54.8042
52.615
50.7211
49.1763
48.0245
47.2628
46.8851
46.8502
47.1832
48.1118
49.9068
52.4567
55.325
58.2612
61.0191
63.2268
64.7269
65.5244
65.6044
64.9728
63.7222
62.011
60.0544
58.0812
56.2469
54.6486
53.4461
52.8509
52.9244
53.3566
53.806
54.0524
54.0318
53.7789
53.3579
52.8164
52.2016
51.5185
86.5343
86.4195
86.24
86.0099
85.7761
85.5689
85.4225
85.3365
85.3042
85.3121
85.3657
85.4585
85.5674
85.6502
85.643
85.4925
85.1597
84.6139
83.8283
82.7751
81.4429
79.8307
77.9307
75.7472
73.3049
70.642
67.8136
64.8785
61.8862
58.8648
55.8162
52.7273
49.5833
46.3807
43.1333
39.8733
36.6506
33.5335
30.6058
27.9611
25.697
23.9095
22.685
22.0871
22.1477
22.8436
24.1203
25.9549
28.2917
31.0499
34.1324
37.4396
40.8761
44.3539
47.7965
51.1566
54.4168
57.5882
60.695
63.7509
66.7748
69.8021
72.859
75.9336
78.9686
81.8705
84.5331
86.8788
88.879
90.543
91.9075
93.0203
93.9191
94.615
95.0841
95.2642
95.0505
94.3175
92.97
91.0187
88.5865
85.7567
82.4493
78.43
73.5602
67.9907
61.9578
55.5004
48.622
41.5668
34.667
28.0173
21.6793
15.7628
10.4872
6.19565
3.25172
1.89445
2.13857
3.86584
6.88733
10.9673
15.8361
21.2523
27.0041
32.8823
38.6971
44.2997
49.6107
54.6012
59.2745
63.6623
67.7723
71.5525
74.928
77.874
80.3532
82.3156
83.8552
85.161
86.3605
87.376
88.0465
88.2849
88.1361
87.6925
87.0318
86.2085
85.2429
84.1071
82.7492
81.1374
79.2782
77.1973
74.9172
72.4546
69.8322
67.0872
64.2716
61.4462
58.6711
56.0056
53.5147
51.2617
49.3028
47.6927
46.4747
45.6525
45.197
45.0707
45.3019
46.16
48.0542
50.9454
54.2265
57.4716
60.5014
62.9275
64.5112
65.2849
65.3167
64.6445
63.3487
61.6052
59.6668
57.7614
56.0067
54.4768
53.3403
52.8188
52.9339
53.3679
53.7827
53.9892
53.9453
53.686
53.2688
52.7355
52.1267
51.4488
87.7202
87.6489
87.5424
87.3984
87.254
87.1273
87.0397
86.9865
86.9402
86.8834
86.8159
86.7352
86.6281
86.4671
86.2085
85.8046
85.2193
84.4249
83.3843
82.061
80.4457
78.5341
76.3203
73.8288
71.1064
68.2145
65.2242
62.1897
59.1364
56.0541
52.9058
49.6435
46.2276
42.6426
38.9046
35.0628
31.1947
27.4016
23.8044
20.5344
17.7276
15.5194
14.0257
13.3445
13.541
14.4642
16.1403
18.5379
21.57
25.1096
29.0134
33.1326
37.324
41.4581
45.438
49.2034
52.7285
56.0249
59.1475
62.1869
65.2304
68.3474
71.5917
74.9716
78.4143
81.7699
84.8736
87.6159
89.9648
91.9403
93.5931
94.9876
96.1928
97.2494
98.1619
98.9054
99.4101
99.5629
99.1362
97.9664
95.8291
92.5788
88.1784
82.7413
76.5866
70.101
63.4242
56.4566
49.1518
41.7768
34.6513
27.8747
21.5152
15.6697
10.5226
6.37071
3.53474
2.20472
2.4522
4.16478
7.15377
11.1782
15.9527
21.2282
26.8
32.4814
38.1069
43.5443
48.7164
53.5984
58.1808
62.4773
66.5024
70.2124
73.529
76.4315
78.9054
80.8965
82.4649
83.7862
84.9828
85.9864
86.657
86.9347
86.8663
86.5172
85.9328
85.1517
84.1969
83.054
81.6875
80.0766
78.2268
76.154
73.8715
71.3926
68.7418
65.9588
63.0964
60.2168
57.3843
54.658
52.0975
49.7668
47.7267
46.033
44.732
43.8409
43.3097
43.0897
43.2019
43.941
45.8821
49.1024
52.8234
56.3935
59.7171
62.4354
64.1805
64.9684
64.9594
64.2515
62.9342
61.1982
59.3114
57.4946
55.8415
54.4055
53.3563
52.9095
53.0563
53.459
53.8029
53.9394
53.8523
53.5779
53.1636
52.6409
52.0414
51.3704
89.0744
89.0287
88.9679
88.8796
88.7935
88.7218
88.6769
88.647
88.6
88.5068
88.3514
88.1298
87.8417
87.4744
86.9894
86.3361
85.4907
84.4306
83.1112
81.496
79.5857
77.3794
74.8857
72.1547
69.2517
66.2483
63.2063
60.1499
57.0597
53.8721
50.5016
46.8704
42.9328
38.6836
34.1591
29.4384
24.6371
19.8985
15.3865
11.2774
7.74736
4.96238
3.06696
2.15685
2.26507
3.50211
5.73932
8.88271
12.8097
17.3635
22.3568
27.5881
32.8619
38.0078
42.8807
47.3717
51.4161
55.0107
58.2117
61.1364
63.955
66.8602
70.0196
73.5213
77.3112
81.184
84.8615
88.1292
90.902
93.2
95.1184
96.7496
98.1847
99.4626
100.597
101.575
102.336
102.74
102.622
101.65
99.5082
96.0017
91.1263
85.1478
78.5404
71.7782
64.9141
57.8223
50.4093
42.9659
35.7689
28.9568
22.632
16.9021
11.9335
7.96123
5.24126
3.93048
4.15993
5.77251
8.62342
12.4649
17.0127
22.0213
27.2955
32.6718
38.0123
43.2047
48.1737
52.8913
57.3417
61.5169
65.4247
69.0315
72.262
75.0934
77.5286
79.5252
81.1191
82.4614
83.6578
84.6457
85.3104
85.6195
85.6191
85.3489
84.8274
84.0812
83.1354
81.9868
80.614
79.0054
77.1635
75.0932
72.7986
70.291
67.5976
64.7623
61.8391
58.8902
55.9839
53.1847
50.5492
48.1346
46.0023
44.2171
42.8353
41.8739
41.2741
40.9408
40.874
41.4196
43.3485
46.886
51.0667
54.9698
58.6035
61.6938
63.7047
64.5751
64.5528
63.8243
62.5146
60.8242
59.0217
57.3166
55.7855
54.4732
53.5395
53.1656
53.2963
53.6194
53.8669
53.9236
53.7838
53.482
53.0605
52.544
51.9539
51.2928
90.4617
90.4312
90.3982
90.3424
90.2837
90.2323
90.198
90.1687
90.1166
90.0017
89.7935
89.4787
89.0612
88.5381
87.8677
86.9972
85.9195
84.6182
83.0395
81.1554
78.9821
76.5283
73.8231
70.9372
67.94
64.8954
61.8371
58.7463
55.5511
52.1381
48.3859
44.2032
39.5514
34.4498
28.9719
23.2347
17.3892
11.6141
6.11152
1.0977
-3.20987
-6.6006
-8.89387
-9.97468
-9.7749
-8.34311
-5.68269
-1.87562
2.92644
8.51379
14.6432
21.0585
27.5149
33.7979
39.7325
45.1761
50.0189
54.1914
57.6947
60.6382
63.2392
65.7765
68.5708
71.8918
75.8155
80.1255
84.4105
88.2849
91.5592
94.2082
96.349
98.0706
99.6116
101.001
102.214
103.224
103.977
104.353
104.14
103.057
100.82
97.2484
92.358
86.4322
79.7818
73.0754
66.2724
59.2943
52.1079
44.876
37.8361
31.1626
24.9929
19.4578
14.7175
10.9655
8.40685
7.2162
7.28114
8.6975
11.2805
14.7902
18.9647
23.5742
28.4393
33.4208
38.4046
43.2937
48.0131
52.5228
56.7983
60.8188
64.5782
68.0477
71.1623
73.8989
76.2673
78.2436
79.8533
81.2151
82.4082
83.3765
84.0324
84.366
84.4182
84.2069
83.7325
83.0143
82.0782
80.9284
79.5541
77.9491
76.1104
74.0323
71.7114
69.1582
66.4043
63.4991
60.5002
57.4696
54.477
51.5936
48.8758
46.3684
44.1301
42.2413
40.7843
39.7716
39.1111
38.6446
38.3485
38.647
40.4833
44.2386
48.8339
53.0937
57.0801
60.6324
63.0327
64.0825
64.1029
63.3877
62.1184
60.5131
58.8317
57.2621
55.8731
54.7061
53.8856
53.5455
53.6094
53.8192
53.9601
53.9401
53.7505
53.4178
52.9799
52.4608
51.8744
51.219
91.8084
91.7883
91.7652
91.7174
91.655
91.5876
91.5265
91.4652
91.3825
91.2424
91.0056
90.6465
90.1599
89.5414
88.7423
87.7089
86.4518
84.9676
83.1898
81.0973
78.7262
76.0963
73.2545
70.2845
67.246
64.1842
61.1004
57.9308
54.5597
50.8336
46.6092
41.7965
36.3703
30.3768
23.9193
17.1416
10.22
3.36335
-3.18806
-9.17039
-14.3179
-18.3834
-21.1567
-22.4993
-22.3393
-20.6413
-17.4668
-12.93
-7.21138
-0.554425
6.74859
14.3812
22.0359
29.4389
36.3816
42.7369
48.4092
53.296
57.3212
60.499
63.0276
65.2589
67.6212
70.5906
74.4049
78.9434
83.703
88.1067
91.8247
94.7839
97.1142
98.964
100.492
101.799
102.948
103.938
104.564
104.655
104.196
102.992
100.757
97.3014
92.6186
86.9356
80.6257
74.0958
67.4831
60.7762
53.964
47.1375
40.4718
34.1399
28.2936
23.0752
18.6368
15.1382
12.7249
11.4769
11.4374
12.5888
14.7976
17.862
21.5616
25.6943
30.0991
34.6514
39.2491
43.8038
48.2405
52.508
56.5722
60.404
63.985
67.2849
70.2531
72.8711
75.1502
77.0837
78.6953
80.0689
81.2528
82.1975
82.8411
83.1901
83.2781
83.1065
82.6661
81.9721
81.049
79.9041
78.5327
76.9296
75.0851
72.984
70.6183
68.0003
65.1672
62.1756
59.0877
55.9639
52.8705
49.8844
47.0661
44.4465
42.0757
40.0503
38.4834
37.4106
36.6996
36.1075
35.6116
35.6863
37.3418
41.1216
45.9384
50.5702
55.0159
59.1627
62.0975
63.4487
63.5948
62.938
61.7366
60.2478
58.7171
57.302
56.0655
55.0412
54.3118
53.971
53.9404
54.0284
54.067
53.9786
53.746
53.3845
52.9262
52.3963
51.8064
51.1535
93.0922
93.0895
93.0764
93.0177
92.9253
92.8041
92.674
92.5441
92.4029
92.2244
91.9685
91.5992
91.0946
90.4392
89.5775
88.4512
87.0842
85.4956
83.6039
81.3809
78.8894
76.1589
73.2417
70.2346
67.1789
64.1
60.9709
57.6896
54.1093
50.0491
45.3512
39.9293
33.7678
26.9348
19.5569
11.7998
3.86471
-4.00425
-11.5184
-18.3593
-24.2132
-28.8089
-31.938
-33.466
-33.3244
-31.4633
-27.9343
-22.8466
-16.3896
-8.82869
-0.494273
8.23932
17.0071
25.4718
33.3376
40.4418
46.7641
52.2847
56.8789
60.4264
63.0197
65.0524
67.0319
69.6768
73.3388
77.9473
82.9375
87.6367
91.6315
94.7999
97.2574
99.1938
100.753
102.006
102.984
103.693
104.13
104.174
103.595
102.187
99.8642
96.5691
92.2686
87.0592
81.2068
75.0169
68.6847
62.2933
55.8789
49.5096
43.309
37.4229
31.9941
27.1581
23.0504
19.8005
17.5173
16.2577
16.0764
16.9476
18.7671
21.3727
24.5872
28.2404
32.1875
36.3118
40.5177
44.7222
48.851
52.8458
56.6643
60.2724
63.6435
66.7449
69.5396
72.0175
74.1902
76.0641
77.6626
79.0361
80.2034
81.1196
81.7459
82.1007
82.2102
82.0645
81.6498
80.9794
80.0736
78.9387
77.5716
75.9645
74.1004
71.957
69.526
66.8243
63.8952
60.801
57.6076
54.3715
51.1507
48.0262
45.073
42.3181
39.7951
37.6096
35.8982
34.7182
33.9264
33.2289
32.6114
32.5185
33.9012
37.4113
42.2406
47.2068
52.2574
57.1865
60.8258
62.619
62.9869
62.4288
61.3007
59.9299
58.5598
57.3157
56.2432
55.3593
54.7115
54.3596
54.2442
54.2256
54.1762
54.0298
53.762
53.3767
52.8985
52.3538
51.7547
51.0998
94.3394
94.3626
94.366
94.2794
94.1451
93.9585
93.7499
93.5319
93.3154
93.084
92.8057
92.439
91.9472
91.2995
90.4393
89.2975
87.8952
86.2817
84.3659
82.0877
79.5419
76.7749
73.8227
70.7992
67.7356
64.6314
61.4411
58.0388
54.2595
49.912
44.8263
38.9174
32.1727
24.6785
16.5845
8.07937
-0.610924
-9.21307
-17.4031
-24.828
-31.1515
-36.1009
-39.4843
-41.1746
-41.0908
-39.1691
-35.4317
-29.9918
-23.0556
-14.9042
-5.8815
3.59112
13.1034
22.3262
30.9015
38.5625
45.2772
51.1749
56.1947
60.1515
62.9255
64.7936
66.5018
68.9159
72.4674
77.0784
82.0834
86.8151
90.9011
94.1978
96.7626
98.749
100.302
101.521
102.446
103.069
103.355
103.044
102.247
100.824
98.6293
95.561
91.6069
86.8828
81.5707
75.8761
69.9731
63.9802
57.9772
52.0472
46.2994
40.8589
35.8509
31.3951
27.6066
24.5914
22.4378
21.2017
20.9063
21.5289
22.9933
25.1775
27.9408
31.1404
34.6475
38.3535
42.1671
46.0088
49.8068
53.5007
57.0434
60.3977
63.5304
66.408
69.0068
71.3266
73.382
75.1873
76.7602
78.1212
79.2631
80.1457
80.7512
81.107
81.2305
81.1032
80.7102
80.0636
79.1777
78.0542
76.6879
75.0664
73.1656
70.9593
68.4421
65.6388
62.5971
59.3798
56.0537
52.6731
49.286
45.9758
42.8437
39.9322
37.2573
34.9129
33.0478
31.7289
30.8051
30.0416
29.3373
29.0758
30.0927
33.0909
37.6523
42.8643
48.6778
54.6153
59.149
61.5343
62.2155
61.7735
60.6911
59.4154
58.2166
57.1797
56.3042
55.5773
55.0226
54.6788
54.506
54.4068
54.2866
54.0909
53.7928
53.3879
52.8925
52.332
51.7207
51.0592
95.6028
95.6162
95.6067
95.5103
95.3649
95.1452
94.892
94.6184
94.3461
94.0742
93.7817
93.4292
92.9715
92.3625
91.5416
90.4508
89.0827
87.4999
85.6227
83.3572
80.7995
78.03
75.0683
72.0216
68.9336
65.7901
62.5277
59.0167
55.0802
50.5313
45.2046
39.005
31.9164
24.0323
15.5168
6.57611
-2.5471
-11.5654
-20.1422
-27.911
-34.5204
-39.6907
-43.2347
-45.0324
-45.0086
-43.0619
-39.2371
-33.6486
-26.5072
-18.1086
-8.78368
1.03901
10.8675
20.3669
29.2595
37.2023
44.0507
50.047
55.3251
59.6295
62.6567
64.5621
66.1137
68.3233
71.763
76.3244
81.2437
85.8443
89.8115
93.0635
95.667
97.7274
99.3274
100.523
101.34
101.785
101.817
101.552
100.701
99.2459
97.1192
94.2676
90.7022
86.4887
81.7363
76.5999
71.2376
65.7683
60.2749
54.8409
49.5696
44.5766
39.9777
35.8824
32.3914
29.5934
27.5601
26.347
25.9508
26.3542
27.5004
29.2998
31.6404
34.4027
37.4746
40.7572
44.165
47.623
51.0632
54.4258
57.6618
60.7306
63.5941
66.2227
68.6068
70.7574
72.6932
74.4296
75.9707
77.3083
78.4159
79.2625
79.8506
80.2105
80.3472
80.2346
79.8611
79.2375
78.3702
77.2549
75.882
74.2327
72.2766
69.9865
67.3624
64.437
61.26
57.8877
54.3852
50.8124
47.2151
43.6765
40.327
37.2419
34.4256
31.9406
29.9381
28.4971
27.4739
26.6089
25.778
25.2641
25.7609
28.0269
32.0466
37.4105
44.1608
51.3637
57.0031
60.1276
61.182
60.8316
59.746
58.5574
57.5811
56.8272
56.2082
55.6745
55.2383
54.929
54.7319
54.5764
54.3992
54.1599
53.8339
53.4119
52.9022
52.3274
51.7026
51.0316
96.6626
96.5734
96.5278
96.5402
96.4828
96.3382
96.1335
95.8878
95.6317
95.3776
95.1149
94.8074
94.4083
93.8614
93.1073
92.0954
90.8083
89.2754
87.4553
85.2569
82.7202
79.9463
76.9715
73.8776
70.7291
67.5201
64.1846
60.5972
56.5897
51.9841
46.6177
40.3855
33.2673
25.3473
16.7873
7.79925
-1.36741
-10.4234
-19.036
-26.8446
-33.502
-38.7219
-42.3124
-44.1773
-44.2396
-42.3892
-38.6554
-33.1746
-26.1472
-17.8828
-8.71576
0.984418
10.6862
19.9849
28.7462
36.6686
43.3884
49.1527
54.4279
59.029
62.3878
64.4535
66.0204
68.1436
71.4739
75.8925
80.6453
85.08
88.8887
92.0057
94.5073
96.4971
98.0486
99.2038
99.981
100.374
100.36
99.9353
99.0346
97.6032
95.5891
92.9666
89.7447
85.96
81.6986
77.0909
72.2665
67.331
62.3768
57.4916
52.7594
48.2678
44.1109
40.3873
37.1902
34.5994
32.6776
31.4629
30.9655
31.1748
32.0444
33.5003
35.4527
37.8038
40.458
43.3274
46.3331
49.405
52.4788
55.4976
58.412
61.1782
63.7579
66.1314
68.3053
70.3003
72.1356
73.8159
75.3231
76.6258
77.6935
78.5107
79.0918
79.4598
79.6059
79.5035
79.1466
78.5426
77.6891
76.5759
75.1872
73.4963
71.4674
69.0751
66.3253
63.2549
59.9122
56.3445
52.613
48.7935
44.945
41.1504
37.5639
34.2999
31.3552
28.749
26.6287
25.0986
23.9986
23.0119
21.9892
21.1268
20.918
22.1856
25.4103
30.8713
38.7417
47.4565
54.3875
58.3424
59.7628
59.4452
58.3366
57.2971
56.6568
56.2878
55.989
55.6828
55.3856
55.135
54.9329
54.739
54.5156
54.2368
53.8835
53.4444
52.9221
52.3349
51.6973
51.016
97.7855
97.5017
97.423
97.5242
97.5826
97.5533
97.4476
97.2908
97.1079
96.923
96.7325
96.5021
96.1778
95.7111
95.032
94.0921
92.8693
91.3916
89.6406
87.5183
85.0157
82.226
79.2159
76.0556
72.8183
69.5207
66.1133
62.4857
58.4842
53.9405
48.6973
42.647
35.761
28.1036
19.8204
11.1165
2.23818
-6.53445
-14.8879
-22.4869
-29.0062
-34.1673
-37.7661
-39.6851
-39.844
-38.1469
-34.628
-29.4349
-22.7596
-14.9113
-6.24391
2.93499
12.1471
20.9202
29.1578
36.7313
43.2452
48.7566
53.8207
58.4919
62.1276
64.39
66.0169
68.1215
71.3969
75.6971
80.3034
84.6029
88.292
91.2955
93.6741
95.5319
96.9557
97.9929
98.6564
98.944
98.8555
98.3759
97.4584
96.0641
94.174
91.7725
88.8543
85.4458
81.6164
77.4611
73.0841
68.593
64.0892
59.6587
55.3786
51.3296
47.5952
44.2526
41.3731
39.018
37.2304
36.0177
35.4474
35.5081
36.1571
37.3309
38.956
40.9531
43.2407
45.7412
48.3828
51.1003
53.8341
56.5301
59.1389
61.616
63.9305
66.0794
68.0836
69.9657
71.7338
73.3712
74.8378
76.0957
77.1254
77.9244
78.5053
78.8772
79.0251
78.9292
78.5873
77.9994
77.1554
76.0392
74.6281
72.886
70.7723
68.2653
65.3756
62.1386
58.5992
54.7973
50.7917
46.6791
42.5454
38.4778
34.6445
31.1985
28.135
25.429
23.2186
21.6222
20.4506
19.3495
18.1115
16.7852
15.6906
15.7074
17.9416
23.5052
32.6642
43.0686
51.3913
56.1812
57.9155
57.6051
56.5434
55.7903
55.612
55.693
55.7351
55.6603
55.5019
55.3144
55.1186
54.899
54.6374
54.3219
53.9405
53.4831
52.9483
52.3501
51.7014
51.0095
99.4393
99.1353
98.9428
98.9381
98.9682
98.9396
98.8748
98.7873
98.6855
98.5848
98.4794
98.3343
98.0893
97.6917
97.082
96.2061
95.0391
93.6104
91.9281
89.8989
87.4599
84.6661
81.6118
78.3755
75.033
71.6232
68.1253
64.4548
60.4803
56.0489
51.0137
45.2681
38.7719
31.5664
23.7723
15.5753
7.20715
-1.06854
-8.96408
-16.1764
-22.4066
-27.3913
-30.916
-32.8395
-33.0928
-31.6181
-28.4223
-23.6568
-17.5159
-10.2842
-2.30966
6.11927
14.5873
22.6557
30.2448
37.2914
43.429
48.6557
53.5262
58.1612
61.9086
64.3126
66.019
68.1362
71.3703
75.5635
80.0306
84.187
87.7451
90.638
92.9144
94.6619
95.9637
96.8745
97.4223
97.6174
97.4544
96.9215
95.9971
94.6568
92.8814
90.6619
88.0029
84.9292
81.4883
77.747
73.7888
69.7046
65.5827
61.5101
57.575
53.8621
50.4461
47.3934
44.7656
42.6155
40.9863
39.8122
39.2242
39.1932
39.6838
40.6437
42.0105
43.7186
45.6996
47.8858
50.2124
52.6194
55.0517
57.4573
59.7879
62.0053
64.0948
66.0713
67.9605
69.7726
71.4931
73.084
74.4978
75.7062
76.7033
77.4889
78.0656
78.4327
78.5779
78.4897
78.1635
77.5905
76.7541
75.6329
74.1957
72.3962
70.1891
67.5571
64.513
61.0862
57.3154
53.2385
48.9152
44.4634
40.004
35.6389
31.5452
27.9068
24.7283
21.9526
19.7007
18.0778
16.8515
15.6628
14.2096
12.3309
10.13
8.68512
9.82573
15.5571
26.1624
38.3718
48.1147
53.7049
55.7247
55.4871
54.628
54.3176
54.6719
55.1911
55.5361
55.6608
55.6215
55.4876
55.2996
55.0609
54.7665
54.416
54.0056
53.528
52.9799
52.3709
51.7121
51.0105
101.342
101.027
100.722
100.558
100.463
100.375
100.313
100.269
100.239
100.22
100.196
100.124
99.9367
99.5787
99.0124
98.1864
97.0745
95.7013
94.0925
92.1732
89.8395
87.0885
84.0083
80.6966
77.2411
73.7013
70.0863
66.3447
62.3752
58.0481
53.232
47.8234
41.7726
35.0989
27.8952
20.3192
12.5789
4.91517
-2.40964
-9.12223
-14.9503
-19.6514
-23.0208
-24.9126
-25.261
-24.0226
-21.1967
-16.9225
-11.3903
-4.86944
2.31367
9.89201
17.5061
24.7809
31.6624
38.1234
43.8459
48.7988
53.4823
58.0225
61.7719
64.2495
66.0507
68.2277
71.4365
75.5062
79.7979
83.7613
87.1318
89.8668
92.0245
93.6826
94.9103
95.7545
96.2351
96.3612
96.1417
95.5809
94.6664
93.3776
91.7045
89.6444
87.2046
84.4072
81.2909
77.9113
74.3364
70.6383
66.8897
63.1665
59.5465
56.1063
52.9227
50.0671
47.6013
45.5725
44.0198
42.9326
42.3475
42.2501
42.6208
43.4179
44.5867
46.0691
47.8051
49.7344
51.7992
53.9445
56.1186
58.2721
60.3618
62.3644
64.2861
66.1509
67.972
69.7349
71.4044
72.9351
74.2876
75.4469
76.4121
77.1783
77.7409
78.0975
78.2415
78.1645
77.8563
77.2998
76.4726
75.3476
73.8834
72.0228
69.7169
66.9509
63.7373
60.0963
56.0575
51.6602
46.9717
42.1303
37.296
32.6004
28.232
24.3957
21.1106
18.3056
16.0815
14.5114
13.2991
12.007
10.3384
7.80737
4.32286
1.30896
1.35813
7.37428
19.5519
33.6038
44.7311
51.082
53.4205
53.4119
52.9377
53.169
54.029
54.8947
55.4575
55.7231
55.7678
55.6702
55.4845
55.2279
54.9038
54.5197
54.0798
53.5804
53.0174
52.3972
51.7288
51.0179
103.083
102.713
102.324
102.038
101.833
101.692
101.622
101.614
101.655
101.724
101.781
101.766
101.605
101.242
100.676
99.8756
98.8195
97.5252
96.0095
94.2103
92.0082
89.3473
86.2803
82.9126
79.3513
75.6786
71.9317
68.0927
64.0937
59.8338
55.2017
50.1023
44.4807
38.3385
31.7421
24.8194
17.7482
10.7424
4.03734
-2.12214
-7.49139
-11.8517
-15.0163
-16.8445
-17.2681
-16.2493
-13.7922
-10.0208
-5.11861
0.662271
7.03269
13.7458
20.4903
26.9876
33.2168
39.1255
44.4282
49.1252
53.6431
58.0354
61.69
64.195
66.1031
68.3604
71.5477
75.4976
79.6146
83.3805
86.5506
89.1027
91.1122
92.6619
93.8124
94.6008
95.0449
95.1496
94.9164
94.3503
93.4541
92.2212
90.6431
88.7215
86.466
83.8963
81.0477
77.9693
74.7187
71.3586
67.954
64.569
61.2655
58.1075
55.1618
52.493
50.1564
48.1972
46.6381
45.6406
45.0403
44.8712
45.1293
45.7822
46.7833
48.0791
49.6135
51.3311
53.1791
55.1068
57.0648
59.0072
60.9031
62.7496
64.565
66.3631
68.1329
69.8402
71.443
72.9019
74.1903
75.2995
76.2257
76.9617
77.5039
77.8515
77.9995
77.9382
77.6514
77.1151
76.3011
75.1757
73.6858
71.7628
69.355
66.4477
63.0487
59.1671
54.8206
50.0521
44.9437
39.6567
34.3927
29.3307
24.6787
20.649
17.2742
14.4841
12.3695
10.9587
9.86638
8.56293
6.62148
3.30306
-1.59838
-6.1573
-7.07532
-0.617633
13.2023
29.0445
41.4641
48.5468
51.3016
51.7101
51.7565
52.5302
53.7781
54.8528
55.5291
55.8662
55.9538
55.8712
55.6788
55.402
55.0494
54.6333
54.1638
53.6413
53.0621
52.4299
51.7515
51.0315
104.684
104.231
103.728
103.303
102.989
102.789
102.717
102.756
102.882
103.052
103.204
103.243
103.078
102.64
102.008
101.184
100.178
98.9952
97.6141
95.9568
93.8995
91.3558
88.3405
84.9491
81.3036
77.5105
73.6346
69.6883
65.635
61.4028
56.904
52.057
46.8082
41.148
35.121
28.8267
22.4118
16.0598
9.97696
4.37906
-0.517595
-4.51771
-7.45246
-9.19244
-9.67134
-8.8586
-6.75366
-3.4683
0.821889
5.88546
11.4755
17.3733
23.3207
29.1271
34.784
40.1973
45.1199
49.5967
53.9609
58.1663
61.6632
64.1609
66.1694
68.5087
71.6832
75.5264
79.4752
83.0485
86.0315
88.4161
90.2827
91.715
92.7751
93.5012
93.9085
93.9974
93.7651
93.2135
92.3486
91.1731
89.6847
87.8857
85.7872
83.41
80.7866
77.9603
74.9818
71.907
68.7941
65.7013
62.6857
59.8027
57.1047
54.643
52.4663
50.6173
49.1241
48.1217
47.4855
47.243
47.3916
47.907
48.7518
49.8783
51.2341
52.7676
54.4303
56.1742
57.9524
59.7269
61.482
63.2265
64.9728
66.7136
68.4205
70.0544
71.5776
72.9597
74.1819
75.2352
76.1141
76.8152
77.3382
77.682
77.8398
77.7987
77.5378
77.0266
76.2317
75.1111
73.5987
71.6143
69.1035
66.0483
62.4469
58.295
53.5973
48.4016
42.8123
37.0184
31.2664
25.7994
20.8558
16.6399
13.1922
10.4634
8.5485
7.42733
6.59076
5.37394
3.16095
-1.03935
-7.40925
-13.4656
-15.0843
-7.97554
7.49427
24.9769
38.5427
46.3354
49.6316
50.6035
51.2138
52.4344
53.9074
55.0542
55.7479
56.0923
56.1831
56.0943
55.8849
55.584
55.2029
54.7561
54.2576
53.7113
53.1148
52.4696
51.7808
51.0515
106.131
105.576
104.941
104.379
103.942
103.688
103.619
103.706
103.916
104.205
104.482
104.59
104.39
103.812
103.013
102.087
101.115
100.08
98.8907
97.4114
95.5002
93.0681
90.1185
86.7361
83.0451
79.1655
75.1835
71.1377
67.0205
62.7879
58.376
53.7201
48.7731
43.5212
37.9937
32.2663
26.4569
20.718
15.2251
10.1646
5.72411
2.07567
-0.631819
-2.28057
-2.80665
-2.17676
-0.393513
2.4413
6.1619
10.5637
15.4469
20.625
25.8894
31.1183
36.2976
41.2912
45.8954
50.192
54.4061
58.3956
61.7008
64.1671
66.2606
68.6834
71.8604
75.602
79.3729
82.7429
85.5391
87.7705
89.5174
90.8569
91.8414
92.505
92.8676
92.9349
92.7033
92.1699
91.3393
90.2189
88.8128
87.1253
85.1663
82.9554
80.5236
77.9111
75.1645
72.3332
69.4686
66.6234
63.8507
61.2018
58.7255
56.4673
54.4678
52.7663
51.4194
50.3741
49.7178
49.4261
49.4871
49.8837
50.5885
51.562
52.7574
54.1278
55.6286
57.215
58.8453
60.4911
62.1455
63.8145
65.4948
67.1636
68.7893
70.3376
71.7758
73.0785
74.2303
75.2232
76.0543
76.7241
77.2334
77.5789
77.7513
77.7353
77.5056
77.0259
76.2575
75.1487
73.6188
71.5758
68.9625
65.7531
61.931
57.4757
52.3787
46.6966
40.5589
34.1862
27.8775
21.9598
16.7121
12.3113
8.80044
6.18635
4.58408
3.90727
3.5071
2.51899
0.0556352
-5.07284
-12.8651
-20.2919
-22.2457
-14.2681
2.77049
21.6464
36.1623
44.6365
48.5705
50.1561
51.2721
52.7844
54.3283
55.4433
56.0865
56.3906
56.4529
56.3391
56.1032
55.7738
55.3633
54.8868
54.3602
53.7902
53.1754
52.5164
51.8165
51.0777
107.377
106.644
105.893
105.193
104.619
104.308
104.243
104.382
104.699
105.165
105.643
105.874
105.637
104.837
103.731
102.567
101.567
100.711
99.7912
98.5581
96.8185
94.4929
91.6006
88.2341
84.5242
80.5982
76.5514
72.4369
68.2682
64.0256
59.6684
55.1504
50.4354
45.5109
40.3974
35.1529
29.8714
24.6767
19.7146
15.1424
11.1206
7.79837
5.30796
3.75019
3.19077
3.66478
5.16304
7.58861
10.7951
14.6158
18.8943
23.4714
28.1813
32.9461
37.7309
42.3742
46.7224
50.8764
54.9547
58.7348
61.8414
64.2429
66.3859
68.8853
72.0737
75.7119
79.2953
82.4577
85.0695
87.1545
88.7918
90.0529
90.9802
91.5982
91.9248
91.9701
91.7347
91.216
90.417
89.3477
88.0162
86.4288
84.5947
82.5312
80.2665
77.8385
75.2912
72.6702
70.0215
67.3913
64.8267
62.3758
60.0854
57.9986
56.1536
54.5827
53.3102
52.3357
51.6988
51.3908
51.3999
51.7122
52.3068
53.1529
54.2116
55.4422
56.8043
58.2577
59.7673
61.3118
62.8836
64.4772
66.0773
67.6593
69.1954
70.6546
72.0058
73.2273
74.3084
75.2443
76.0345
76.6801
77.1807
77.5317
77.7229
77.7374
77.5452
77.1049
76.3721
75.2833
73.7424
71.6458
68.9322
65.5619
61.4993
56.7051
51.1565
44.9229
38.1578
31.1168
24.1672
17.748
12.1832
7.59143
4.01905
1.58082
0.430785
0.386435
0.633802
0.0369448
-2.63084
-8.68054
-17.7307
-26.0936
-28.1172
-19.122
-0.701868
19.231
34.4613
43.5667
48.1595
50.2965
51.7867
53.4252
54.9246
55.9496
56.5073
56.7436
56.7558
56.6027
56.3322
55.9705
55.5294
55.0241
54.4706
53.8771
53.2436
52.5701
51.8585
51.1099
108.063
107.351
106.767
105.993
105.21
104.69
104.643
104.875
105.348
106.023
106.738
107.181
106.899
105.801
104.204
102.654
101.552
100.905
100.33
99.4109
97.8656
95.6357
92.7873
89.4399
85.7327
81.7935
77.7197
73.5727
69.3791
65.1361
60.8213
56.4055
51.8652
47.1938
42.4092
37.5585
32.7175
27.9863
23.4846
19.3423
15.6939
12.6682
10.3796
8.90984
8.32048
8.65514
9.89794
11.9629
14.7309
18.0713
21.8576
25.9499
30.2165
34.6051
39.0612
43.4174
47.5665
51.6133
55.586
59.1868
62.0949
64.3928
66.5559
69.1325
72.3307
75.8471
79.2249
82.1768
84.6141
86.5659
88.105
89.2963
90.1757
90.7586
91.0581
91.0861
90.8478
90.3429
89.5738
88.5507
87.2859
85.7883
84.0662
82.1347
80.0187
77.7533
75.3798
72.9412
70.4805
68.0393
65.6593
63.3825
61.2518
59.3087
57.5907
56.1255
54.9335
54.0245
53.4192
53.1134
53.0972
53.3578
53.8761
54.6266
55.5777
56.6949
57.9427
59.2866
60.6973
62.1546
63.6446
65.1543
66.6664
68.1592
69.6061
70.9764
72.2422
73.3873
74.4052
75.2931
76.0499
76.6762
77.1711
77.53
77.7438
77.7945
77.6473
77.2559
76.5689
75.5098
73.9658
71.8225
69.0123
65.4741
61.1507
55.9798
49.92
43.0574
35.5679
27.7525
20.0766
13.1265
7.25758
2.47201
-1.17666
-3.3931
-3.95075
-3.14465
-2.01677
-2.07535
-4.8983
-11.7783
-21.8066
-30.6633
-32.3712
-22.2827
-2.76447
17.8274
33.515
43.1606
48.3311
50.8746
52.5807
54.2068
55.5953
56.5107
56.9744
57.1326
57.0828
56.8808
56.5696
56.1726
55.7004
55.1669
54.5874
53.971
53.3188
52.6303
51.9065
51.1479
108.879
108.359
107.531
106.461
105.189
104.742
104.929
105.213
105.632
106.477
107.574
108.46
108.197
106.78
104.533
102.36
100.965
100.524
100.387
99.891
98.6112
96.5066
93.6987
90.3613
86.6676
82.7472
78.6877
74.5472
70.3587
66.1317
61.8591
57.5265
53.1223
48.6474
44.1208
39.5841
35.1001
30.7509
26.6341
22.8558
19.5267
16.7538
14.6343
13.2411
12.6315
12.8483
13.8787
15.6514
18.0687
21.0263
24.4159
28.1121
32.0145
36.0914
40.2773
44.4062
48.4013
52.365
56.2558
59.7018
62.4147
64.596
66.7798
69.438
72.6251
75.9887
79.1452
81.8889
84.1633
85.9963
87.451
88.5825
89.4201
89.9737
90.2523
90.2681
90.0297
89.5392
88.7994
87.8199
86.6152
85.1978
83.5767
81.7643
79.7817
77.6611
75.4413
73.1634
70.8674
68.5921
66.3753
64.2547
62.268
60.4525
58.8421
57.4669
56.3469
55.4917
54.9147
54.6161
54.5865
54.8123
55.2762
55.9566
56.8264
57.8548
59.0112
60.2655
61.591
62.9663
64.3745
65.8008
67.2289
68.6372
69.9992
71.2863
72.4758
73.556
74.5215
75.3683
76.0955
76.7045
77.1952
77.5642
77.8046
77.8975
77.8037
77.4713
76.8414
75.8228
74.2851
72.1044
69.2022
65.4885
60.8856
55.293
48.6462
41.0611
32.7431
24.0621
15.6189
8.17113
2.06558
-2.88635
-6.6408
-8.64822
-8.53663
-6.68471
-4.46945
-3.86633
-6.79025
-14.3128
-24.9319
-33.7933
-34.7982
-23.6298
-3.38119
17.4439
33.3196
43.3701
48.9439
51.72
53.4952
55.0159
56.2698
57.0808
57.4581
57.5397
57.4241
57.1681
56.8126
56.3788
55.8757
55.3142
54.7096
54.071
53.4001
52.6963
51.9602
51.1915
109.539
108.419
108.025
107.04
105.394
104.444
104.337
104.849
105.784
107.058
108.652
109.934
109.613
107.839
104.767
101.724
99.9223
99.7398
100.126
100.101
99.0838
97.0946
94.3326
91.0228
87.3594
83.4747
79.4548
75.3547
71.2048
67.0179
62.7961
58.5379
54.2434
49.922
45.5964
41.3055
37.1044
33.0623
29.2589
25.7815
22.7198
20.1611
18.1891
16.8779
16.2652
16.3922
17.2469
18.7799
20.9174
23.5703
26.6345
29.9975
33.5934
37.4145
41.3897
45.3484
49.225
53.1119
56.9084
60.1938
62.7311
64.8349
67.0728
69.8039
72.936
76.1126
79.0424
81.59
83.7174
85.4454
86.826
87.9057
88.707
89.2359
89.4978
89.5051
89.2691
88.7946
88.0848
87.1481
85.9993
84.6536
83.123
81.4182
79.5568
77.5665
75.4838
73.3484
71.1984
69.0697
66.9971
65.0153
63.1585
61.4602
59.9498
58.6573
57.6004
56.7897
56.2354
55.941
55.8996
56.0981
56.5197
57.1445
57.9487
58.9052
59.9863
61.1643
62.4138
63.7138
65.047
66.398
67.7504
69.0822
70.3682
71.5838
72.7101
73.7365
74.6567
75.4658
76.1647
76.7573
77.2449
77.6266
77.8981
78.0393
78.0073
77.7447
77.184
76.2175
74.6973
72.4908
69.5006
65.6058
60.7043
54.6244
47.2991
38.9096
29.7005
20.1299
10.962
3.12423
-3.10589
-8.16783
-12.0576
-13.9369
-13.184
-10.1877
-6.74788
-5.40867
-8.36961
-16.2556
-26.9982
-35.3549
-35.353
-23.1986
-2.6325
18.0076
33.8093
44.0854
49.8204
52.6768
54.4109
55.785
56.9111
57.634
57.9392
57.9515
57.7711
57.4598
57.0587
56.5874
56.0531
55.4648
54.8361
54.1761
53.4868
52.7678
52.0192
51.2403
110.506
109.349
108.603
107.397
105.238
104.018
104.748
105.793
106.13
106.721
108.741
111.062
111.409
109.292
105.129
100.775
98.0992
98.0129
99.1533
99.8662
99.2566
97.4477
94.726
91.4393
87.8294
84.0127
80.0592
76.0205
71.9295
67.8026
63.6473
59.469
55.2763
51.0863
46.9266
42.837
38.8679
35.0794
31.5379
28.314
25.4816
23.1102
21.2676
20.0178
19.4084
19.4653
20.1869
21.5375
23.4536
25.8507
28.6274
31.6941
35.0295
38.6502
42.4712
46.3039
50.0805
53.869
57.5214
60.6243
63.0298
65.1296
67.4559
70.2245
73.2436
76.2031
78.9066
81.2697
83.2619
84.894
86.207
87.2388
88.0055
88.5103
88.7574
88.7585
88.5268
88.0699
87.3913
86.4984
85.4051
84.1281
82.682
81.0786
79.3326
77.4672
75.5151
73.5139
71.5009
69.5101
67.5734
65.7224
63.9886
62.403
60.992
59.7823
58.7892
58.0233
57.4929
57.2022
57.148
57.3198
57.7027
58.278
59.0236
59.9148
60.9262
62.0325
63.2101
64.439
65.7019
66.9828
68.2646
69.5257
70.7431
71.8952
72.9648
73.9412
74.8167
75.5873
76.2568
76.8326
77.3185
77.7167
78.0261
78.2259
78.2699
78.0944
77.6227
76.726
75.2407
73.0206
69.9398
65.8462
60.585
53.8881
45.7618
36.5003
26.358
15.8854
6.04876
-2.06128
-8.30361
-13.4206
-17.4891
-19.3737
-18.0396
-13.7924
-9.03379
-6.92126
-9.8158
-17.706
-27.9958
-35.323
-34.0243
-20.9853
-0.547481
19.4794
34.9505
45.2084
50.8867
53.7274
55.342
56.5521
57.5594
58.2054
58.4482
58.3955
58.1498
57.7797
57.3291
56.8172
56.2494
55.6327
54.9788
54.2962
53.5872
52.8518
52.0895
51.2994
110.582
109.302
108.358
107.473
105.938
104.885
104.772
104.747
105.177
107.251
110.764
113.979
114.198
110.809
105.251
99.0553
95.3074
95.7991
98.0449
99.4371
99.1296
97.5048
94.881
91.6672
88.1293
84.3987
80.5447
76.6048
72.6025
68.556
64.4809
60.3912
56.303
52.239
48.2308
44.3189
40.5507
36.9794
33.6617
30.6567
28.0237
25.8207
24.0957
22.909
22.3194
22.3403
22.9684
24.1674
25.8765
28.0181
30.5099
33.3061
36.4341
39.9161
43.6276
47.3523
51.0162
54.6539
58.0987
61.0124
63.3549
65.5238
67.9394
70.6783
73.5222
76.2437
78.7265
80.9159
82.7802
84.321
85.5697
86.5558
87.289
87.7698
88.0028
87.9996
87.7744
87.3371
86.6925
85.8465
84.811
83.6032
82.24
80.7352
79.1023
77.3607
75.5384
73.6692
71.7891
69.9315
68.1265
66.4026
64.788
63.3102
61.9992
60.8731
59.9464
59.2288
58.7265
58.4431
58.3776
58.5232
58.8677
59.3944
60.0832
60.9112
61.855
62.8915
63.9993
65.1596
66.3554
67.5702
68.7865
69.983
71.138
72.2318
73.2475
74.1738
75.0029
75.7329
76.3717
76.9304
77.4164
77.8359
78.1914
78.4633
78.602
78.5385
78.1833
77.3833
75.9607
73.7446
70.5746
66.2538
60.5215
53.061
44.0894
34.013
22.9788
11.6245
1.18091
-7.08326
-13.2097
-18.2824
-22.5147
-24.5094
-22.6671
-17.2172
-11.2685
-8.48226
-11.0863
-18.4538
-27.5653
-33.2265
-30.4069
-16.7522
2.99496
21.9518
36.7568
46.6154
52.0458
54.7653
56.2148
57.2817
58.1916
58.7754
58.9691
58.8608
58.5533
58.1242
57.6223
57.0676
56.4645
55.8182
55.138
54.4321
53.7027
52.9499
52.1729
51.3706
110.26
109.289
108.423
107.561
106.425
105.419
105.054
105.519
106.716
108.262
110.116
111.94
112.782
110.636
104.667
97.7418
94.0257
94.6108
96.8155
98.7079
98.9565
97.4031
94.7675
91.6432
88.2454
84.6481
80.9176
77.1024
73.2252
69.2976
65.3329
61.3489
57.3696
53.4266
49.5583
45.8082
42.2232
38.8514
35.7415
32.9416
30.4976
28.4625
26.8739
25.7724
25.1901
25.1521
25.6626
26.7086
28.223
30.1126
32.333
34.9118
37.9131
41.3184
44.9346
48.5296
52.0326
55.4521
58.6474
61.402
63.753
66.0201
68.4729
71.103
73.7329
76.2215
78.5038
80.5353
82.2796
83.7328
84.9195
85.8617
86.5633
87.0219
87.2424
87.2375
87.0217
86.6062
85.9974
85.2005
84.2252
83.0872
81.8049
80.3945
78.8702
77.2487
75.5532
73.8131
72.0611
70.3298
68.6485
67.0448
65.5424
64.1706
62.9523
61.9054
61.0431
60.3739
59.9023
59.6302
59.5576
59.6803
59.989
60.4696
61.104
61.8716
62.751
63.7213
64.763
65.8589
66.9924
68.1469
69.3038
70.4419
71.5402
72.5797
73.5435
74.4197
75.2022
75.8919
76.5003
77.0427
77.5302
77.9739
78.3807
78.7348
78.9839
79.0554
78.8416
78.1673
76.8377
74.6439
71.4026
66.8125
60.5082
52.2544
42.5859
31.8616
19.9745
7.69796
-3.36443
-11.7054
-17.5859
-22.4655
-26.695
-28.6468
-26.3518
-19.968
-13.2179
-9.95507
-12.035
-18.3186
-25.7108
-29.343
-25.0419
-11.1443
7.48528
25.0731
38.8985
48.0237
53.0895
55.6195
56.9349
57.9134
58.7564
59.2964
59.4564
59.3049
58.9446
58.4621
57.9124
57.3171
56.68
56.0051
55.3001
54.5722
53.8232
53.0536
52.2623
51.4479
110.031
109.217
108.374
107.54
106.678
105.918
105.629
105.952
106.642
107.584
108.881
110.216
110.549
108.343
103.39
97.9263
94.7018
94.9113
96.9034
98.2108
97.9544
96.5209
94.2521
91.3494
88.1163
84.719
81.1829
77.5291
73.7919
69.9987
66.1674
62.316
58.4708
54.6682
50.9518
47.3679
43.9614
40.776
37.8513
35.2262
32.9362
31.0241
29.5329
28.4913
27.9214
27.8567
28.2989
29.2024
30.5021
32.139
34.1447
36.6193
39.5966
42.9517
46.4339
49.8383
53.1153
56.2668
59.2116
61.8483
64.2305
66.5546
68.9656
71.4366
73.855
76.1413
78.2521
80.142
81.7728
83.1403
84.2656
85.1641
85.835
86.2735
86.4842
86.4804
86.2767
85.8848
85.3126
84.5655
83.6513
82.5836
81.3806
80.0605
78.6392
77.1325
75.5597
73.9456
72.3186
70.7086
69.1441
67.6514
66.2582
64.9857
63.8553
62.8834
62.0826
61.4604
61.0198
60.7619
60.6866
60.7911
61.0687
61.5077
62.0923
62.8039
63.6231
64.5309
65.5103
66.5454
67.6205
68.7185
69.8198
70.903
71.9476
72.9349
73.8474
74.6744
75.4114
76.0619
76.6403
77.1658
77.6541
78.1228
78.5846
79.0314
79.4081
79.6411
79.5948
79.0854
77.8768
75.7324
72.4366
67.5115
60.5797
51.603
41.4659
30.159
17.2736
3.87397
-7.90379
-16.2366
-21.7011
-26.2211
-30.21
-31.8164
-28.9259
-21.9096
-14.8039
-11.2487
-12.5529
-17.3515
-22.6719
-24.1513
-18.5642
-4.76707
12.4869
28.4986
41.0441
49.2736
53.9351
56.2793
57.521
58.4597
59.2623
59.775
59.9124
59.7265
59.3207
58.7909
58.1976
57.5643
56.8952
56.193
55.4644
54.7153
53.9477
53.162
52.3568
51.5305
109.797
109.052
108.278
107.542
106.857
106.265
105.946
106.022
106.441
107.113
107.901
108.456
108.091
106.206
102.835
98.9551
96.3983
96.2278
97.0401
97.2952
96.6971
95.3659
93.3439
90.7396
87.7565
84.5723
81.2675
77.8468
74.3145
70.6924
67.0106
63.301
59.5978
55.9401
52.3708
48.9344
45.6762
42.6401
39.8692
37.3993
35.2565
33.474
32.0823
31.1542
30.6436
30.5861
30.9482
31.6463
32.6597
34.1024
36.0871
38.6317
41.631
44.8729
48.1287
51.2676
54.2699
57.1442
59.8635
62.392
64.7571
67.0565
69.3658
71.6694
73.9061
76.0271
77.9917
79.7514
81.2723
82.5549
83.618
84.4718
85.1116
85.5314
85.7346
85.7344
85.5453
85.179
84.6439
83.9463
83.0928
82.0949
80.9699
79.7367
78.4128
77.0143
75.5584
74.0659
72.5606
71.0685
69.6169
68.2319
66.9385
65.7584
64.7104
63.81
63.0681
62.4909
62.0806
61.838
61.7627
61.8532
62.1043
62.5069
63.0472
63.7083
64.4722
65.322
66.2428
67.2205
68.2398
69.2838
70.3324
71.3636
72.3573
73.2944
74.1577
74.9372
75.6304
76.2422
76.7891
77.2944
77.7802
78.2721
78.7919
79.3418
79.8649
80.2873
80.439
80.1414
79.0771
77.0381
73.6563
68.3576
60.8075
51.2339
40.812
28.8596
14.7558
0.0569356
-12.4651
-20.6683
-25.5743
-29.6222
-33.1327
-34.0639
-30.43
-23.0451
-15.961
-12.2053
-12.5392
-15.6294
-18.7411
-18.1553
-11.564
1.80662
17.5564
31.8611
42.9648
50.3232
54.5883
56.7834
58.0046
58.9399
59.7255
60.2234
60.3434
60.1269
59.6807
59.1089
58.4764
57.8084
57.1093
56.3814
55.6301
54.8607
54.0751
53.274
52.4555
51.6178
109.556
108.87
108.172
107.508
106.894
106.369
106.033
105.969
106.164
106.507
106.811
106.804
106.216
104.807
102.426
99.5741
97.5029
96.7558
96.6618
96.3964
95.6312
94.3128
92.4226
90.0461
87.3336
84.3713
81.2364
78.0174
74.72
71.3246
67.8409
64.2977
60.7339
57.1996
53.7512
50.4466
47.3387
44.4751
41.8992
39.631
37.6917
36.065
34.8046
33.835
33.3084
33.125
33.2657
33.7913
34.7833
36.3429
38.4901
41.1047
43.9943
46.9733
49.9071
52.7377
55.4634
58.0932
60.6187
63.0198
65.3023
67.5133
69.6955
71.8448
73.9282
75.9082
77.7394
79.3741
80.7876
81.9866
82.987
83.7941
84.4013
84.8019
84.9988
85.0039
84.8312
84.4918
83.9943
83.3453
82.5515
81.6229
80.5745
79.4254
78.1941
76.8972
75.5512
74.174
72.7856
71.4084
70.0665
68.7844
67.586
66.4923
65.5217
64.6885
64.002
63.4675
63.0866
62.8596
62.7862
62.8653
63.0936
63.4638
63.9641
64.5791
65.2922
66.0883
66.9542
67.8778
68.8449
69.8385
70.8381
71.8215
72.7681
73.6584
74.475
75.209
75.859
76.4307
76.9424
77.4222
77.8999
78.4106
78.9892
79.6509
80.3415
80.9809
81.3708
81.3262
80.4382
78.5754
75.037
69.3737
61.2234
51.1989
40.5968
27.9279
12.5663
-3.34748
-16.4959
-24.4983
-28.8706
-32.4824
-35.3436
-35.3498
-30.9271
-23.4435
-16.6279
-12.6747
-11.9364
-13.2504
-14.2006
-11.751
-4.30846
8.01324
22.3539
34.9073
44.6346
51.2131
55.105
57.1904
58.4246
59.3795
60.1651
60.6545
60.7559
60.5081
60.0245
59.4153
58.748
58.0485
57.3216
56.5694
55.7963
55.0074
54.2048
53.389
52.5579
51.7093
109.312
108.672
108.025
107.404
106.834
106.349
105.991
105.802
105.776
105.817
105.775
105.501
104.831
103.587
101.723
99.591
97.8343
96.8329
96.3139
95.7195
94.7405
93.3512
91.5638
89.3921
86.8822
84.1322
81.2384
78.2074
75.0676
71.8655
68.5962
65.2546
61.8719
58.5076
55.2325
52.1113
49.1873
46.486
44.0203
41.8109
39.8823
38.2261
36.9174
36.0433
35.5382
35.3821
35.6138
36.2921
37.4839
39.2031
41.371
43.8263
46.4143
49.0331
51.625
54.1661
56.6522
59.0789
61.4309
63.6899
65.8551
67.9508
70.0013
72.0086
73.9534
75.8
77.5006
79.0133
80.3238
81.4421
82.3803
83.1396
83.7121
84.0919
84.2818
84.2922
84.136
83.8238
83.3638
82.7628
82.0275
81.1669
80.1944
79.1275
77.9849
76.784
75.5408
74.2716
72.9938
71.7264
70.4905
69.3083
68.2015
67.1908
66.2937
65.5234
64.8887
64.3941
64.0411
63.8295
63.759
63.8288
64.0368
64.3775
64.8407
65.4126
66.0783
66.8243
67.6396
68.5137
69.4334
70.3817
71.3373
72.2778
73.1821
74.0294
74.8023
75.4924
76.0987
76.6268
77.0971
77.5436
78.0043
78.5245
79.1583
79.9384
80.8199
81.7048
82.3836
82.6177
81.9651
80.2884
76.5825
70.5601
61.7863
51.4687
40.72
27.3297
10.9544
-5.82951
-19.385
-27.196
-31.2032
-34.5248
-36.6424
-35.615
-30.5099
-23.1831
-16.7485
-12.5599
-10.7498
-10.3524
-9.3338
-5.35203
2.55867
13.8553
26.6439
37.5809
46.1269
52.0085
55.5621
57.5627
58.8187
59.8026
60.5973
61.0776
61.1539
60.8713
60.352
59.7097
59.0115
58.2834
57.5309
56.7556
55.9619
55.1545
54.3358
53.5061
52.6633
51.8042
109.032
108.419
107.806
107.22
106.679
106.2
105.802
105.506
105.3
105.113
104.852
104.403
103.642
102.507
101.023
99.3246
97.7787
96.7082
95.942
95.0761
93.93
92.5082
90.7959
88.7689
86.4632
83.9351
81.2169
78.3786
75.4693
72.4659
69.3695
66.2149
63.0343
59.8668
56.7586
53.7393
50.8285
48.0659
45.5203
43.2882
41.4308
40.0141
39.0169
38.3911
38.0979
38.1552
38.5848
39.4278
40.7061
42.3772
44.3409
46.4806
48.7128
50.9932
53.2926
55.5881
57.8617
60.0958
62.2731
64.3804
66.4143
68.3841
70.3033
72.1759
73.9864
75.6994
77.2704
78.6668
79.8815
80.9241
81.8023
82.5136
83.05
83.4069
83.5878
83.6021
83.4612
83.175
82.7517
82.1977
81.5197
80.726
79.8283
78.8424
77.7859
76.676
75.5291
74.3608
73.1866
72.0232
70.8888
69.8028
68.7854
67.8555
67.0294
66.3195
65.7339
65.2769
64.9501
64.7533
64.686
64.7479
64.9376
65.2507
65.679
66.2104
66.832
67.5323
68.3021
69.1318
70.0089
70.9163
71.833
72.736
73.603
74.4119
75.1447
75.793
76.3543
76.8334
77.2529
77.6536
78.0816
78.5951
79.2754
80.1788
81.2759
82.4385
83.4562
83.9876
83.6476
82.0848
78.2683
71.8553
62.4163
51.9112
40.9944
26.9863
9.96817
-7.30162
-20.9956
-28.617
-32.397
-35.5408
-36.87
-34.8318
-29.2933
-22.3269
-16.2878
-11.821
-9.0353
-7.14372
-4.46252
0.648553
8.72815
19.0651
30.3591
39.9552
47.5155
52.7786
56.0271
57.9424
59.2127
60.2276
61.0334
61.4978
61.539
61.2173
60.6636
59.9915
59.2658
58.5117
57.7352
56.9385
56.1256
55.3008
54.4672
53.6246
52.771
51.9019
108.723
108.131
107.541
106.972
106.434
105.939
105.495
105.107
104.755
104.397
103.969
103.394
102.608
101.58
100.312
98.8931
97.549
96.4378
95.4566
94.4035
93.1867
91.7819
90.1449
88.2515
86.1237
83.7901
81.2822
78.6393
75.8939
73.0821
70.2145
67.2657
64.2259
61.1224
57.9981
54.9058
51.9302
49.1837
46.7979
44.8627
43.3793
42.349
41.662
41.278
41.1837
41.3926
41.9234
42.7927
43.9849
45.4476
47.1182
48.9433
50.8797
52.8918
54.9492
57.0239
59.0908
61.1306
63.1304
65.0794
66.9711
68.8077
70.5967
72.3384
74.0157
75.5959
77.0427
78.3317
79.4588
80.431
81.2517
81.9158
82.4157
82.7487
82.9191
82.9357
82.8086
82.5468
82.1581
81.6496
81.0275
80.2993
79.4752
78.5692
77.5968
76.5744
75.5181
74.4437
73.3663
72.3009
71.263
70.2696
69.3388
68.4876
67.731
67.0801
66.5424
66.1219
65.8203
65.6376
65.5737
65.6282
65.8006
66.0878
66.4833
66.9772
67.5584
68.2172
68.9456
69.7347
70.5727
71.4436
72.3266
73.1982
74.034
74.8098
75.5067
76.1149
76.6294
77.0526
77.4093
77.7456
78.1164
78.5978
79.3089
80.3395
81.6757
83.1522
84.5405
85.3892
85.4029
83.9025
80.0096
73.1232
62.9754
52.3068
41.2913
26.8904
9.54221
-7.91322
-21.4891
-28.8491
-32.4311
-35.4142
-35.9658
-33.0626
-27.4116
-20.9151
-15.229
-10.5094
-6.8468
-3.74969
0.168632
6.03856
14.0752
23.5779
33.6008
42.1162
48.854
53.5728
56.5272
58.3436
59.6216
60.6682
61.4812
61.9171
61.9114
61.5463
60.9594
60.2603
59.5098
58.7318
57.9331
57.1164
56.2857
55.445
54.5976
53.7433
52.88
52.0015
108.384
107.804
107.226
106.663
106.122
105.608
105.121
104.655
104.196
103.718
103.177
102.528
101.725
100.748
99.6154
98.3907
97.1642
96.0136
94.925
93.7993
92.5532
91.1529
89.572
87.7948
85.8308
83.6942
81.3984
78.9641
76.42
73.7927
71.0913
68.3068
65.4194
62.4214
59.3515
56.3162
53.469
50.9755
48.9566
47.3641
46.211
45.3887
44.8672
44.598
44.5703
44.7941
45.2765
46.0208
47.0207
48.2548
49.6883
51.2779
52.9812
54.7644
56.5996
58.4599
60.3233
62.1733
63.9967
65.782
67.5234
69.222
70.8799
72.4909
74.0363
75.4881
76.818
78.0076
79.0534
79.9587
80.7232
81.3405
81.8046
82.1144
82.2748
82.2938
82.1799
81.9414
81.5858
81.1206
80.5522
79.8873
79.135
78.307
77.4172
76.48
75.5102
74.5239
73.5365
72.5628
71.6163
70.7115
69.8639
69.0888
68.3996
67.8065
67.316
66.9318
66.6551
66.4864
66.4257
66.4732
66.6292
66.8921
67.2571
67.7161
68.2597
68.8795
69.5684
70.3192
71.1218
71.9616
72.8178
73.6654
74.477
75.2258
75.8908
76.4596
76.9237
77.2834
77.5631
77.8118
78.0917
78.5023
79.2155
80.3712
81.9668
83.7897
85.5521
86.7278
87.0595
85.6281
81.6504
74.1678
63.2462
52.4904
41.5415
27.0646
9.72403
-7.64663
-21.001
-27.9684
-31.3309
-34.0816
-33.9452
-30.3968
-24.9454
-19.0624
-13.5635
-8.62542
-4.30917
-0.279945
4.52801
10.8558
18.7193
27.4898
36.4614
44.114
50.1704
54.3902
57.048
58.766
60.0574
61.1367
61.9458
62.3341
62.2695
61.8582
61.2395
60.5157
59.7421
58.9419
58.1227
57.2874
56.4401
55.5848
54.7253
53.8609
52.989
52.1022
108.001
107.428
106.855
106.292
105.741
105.204
104.676
104.153
103.624
103.067
102.454
101.754
100.942
100.008
98.968
97.846
96.6881
95.5526
94.4396
93.2777
92.0065
90.6114
89.0833
87.4061
85.579
83.6146
81.522
79.3088
76.989
74.5776
72.0842
69.5089
66.8419
64.0854
61.2907
58.5729
56.0814
53.943
52.1859
50.7518
49.6312
48.8374
48.2983
47.9781
47.8769
48.0068
48.3808
49.0033
49.8619
50.9258
52.1573
53.5252
55.005
56.5725
58.2003
59.8627
61.5385
63.2098
64.8616
66.4851
68.0776
69.6385
71.1639
72.6432
74.0581
75.3853
76.6027
77.6969
78.6639
79.5033
80.2116
80.7823
81.2114
81.5
81.6525
81.6757
81.5765
81.3617
81.0388
80.6153
80.0981
79.4937
78.8098
78.0568
77.2468
76.3923
75.5065
74.6043
73.7019
72.8141
71.9537
71.1326
70.364
69.6613
69.0367
68.4993
68.0549
67.7063
67.4545
67.2996
67.2421
67.2831
67.4238
67.664
68.0003
68.4262
68.9336
69.5154
70.1663
70.8815
71.6533
72.4685
73.306
74.1379
74.9329
75.6612
76.2987
76.8284
77.2387
77.5257
77.7109
77.8443
77.9893
78.2714
78.9341
80.1943
82.0594
84.2469
86.3577
87.8328
88.3863
86.9966
82.9061
74.6703
63.1171
52.4094
41.552
27.471
10.5991
-6.40569
-19.448
-26.0445
-29.2443
-31.5669
-30.8861
-27.0245
-21.9857
-16.6895
-11.3721
-6.26063
-1.49552
3.21281
8.61466
15.1587
22.7445
30.8487
38.9976
45.9745
51.4476
55.1829
57.5663
59.2144
60.5349
61.6431
62.4257
62.7446
62.6116
62.153
61.5038
60.7566
59.9614
59.1406
58.3023
57.4494
56.5864
55.7182
54.8484
53.9758
53.0971
52.2037
107.628
107.056
106.479
105.909
105.343
104.782
104.221
103.655
103.074
102.461
101.798
101.066
100.252
99.3479
98.359
97.3031
96.2102
95.1072
93.988
92.8141
91.5529
90.1937
88.7263
87.1358
85.4205
83.5904
81.6552
79.623
77.5046
75.3117
73.0538
70.7347
68.3544
65.9232
63.4844
61.1194
58.9295
56.9981
55.3865
53.8989
52.7714
51.9277
51.3161
50.9246
50.7605
50.8321
51.135
51.653
52.3668
53.2581
54.3096
55.5027
56.812
58.2075
59.6609
61.1494
62.6539
64.1589
65.6541
67.1339
68.5941
70.0293
71.4315
72.7886
74.0836
75.2971
76.4125
77.4191
78.3125
79.0892
79.7439
80.271
80.6685
80.9385
81.0851
81.1135
81.0293
80.8381
80.5464
80.1617
79.6911
79.1409
78.5183
77.8325
77.0944
76.3152
75.5064
74.6817
73.857
73.0473
72.2645
71.5189
70.8216
70.1844
69.6183
69.1316
68.7295
68.4142
68.186
68.0446
67.9908
68.0264
68.1535
68.3729
68.6826
69.0774
69.5508
70.0973
70.714
71.3988
72.1464
72.9447
73.772
74.5968
75.3843
76.1009
76.7173
77.2128
77.5714
77.7801
77.8547
77.8437
77.8007
77.8702
78.3932
79.6993
81.8165
84.3527
86.7495
88.4351
89.0785
87.6203
83.3237
74.3183
62.5053
51.9573
41.2826
28.119
12.1624
-4.15186
-16.8048
-23.1134
-26.1931
-28.0474
-26.9973
-23.1509
-18.6458
-13.8969
-8.77271
-3.56085
1.47298
6.60414
12.3222
18.8741
26.12
33.6816
41.2458
47.6901
52.6122
55.8951
58.0726
59.6985
61.0642
62.1853
62.9096
63.139
62.9327
62.4282
61.7502
60.9807
60.1655
59.3256
58.4689
57.5992
56.7219
55.8429
54.9654
54.087
53.2035
52.306
107.183
106.61
106.033
105.457
104.881
104.304
103.721
103.126
102.512
101.866
101.178
100.435
99.6265
98.747
97.8006
96.7985
95.7527
94.6722
93.5565
92.3903
91.1537
89.8354
88.428
86.923
85.3172
83.6158
81.827
79.96
78.0256
76.035
73.9974
71.9184
69.8029
67.662
65.5238
63.4368
61.4578
59.6331
57.9764
56.7097
55.6292
54.7637
54.1185
53.6945
53.4888
53.4914
53.6919
54.0864
54.6709
55.433
56.3512
57.3993
58.5503
59.7796
61.0654
62.387
63.7276
65.076
66.4256
67.7699
69.1016
70.4128
71.6939
72.9322
74.1121
75.2181
76.2372
77.1607
77.9829
78.6986
79.3018
79.7879
80.1561
80.4087
80.5498
80.5834
80.514
80.3461
80.0853
79.7384
79.3124
78.8133
78.2481
77.625
76.9542
76.2455
75.5094
74.7586
74.0084
73.2733
72.5641
71.8893
71.2585
70.6822
70.1704
69.7309
69.3684
69.0846
68.879
68.7508
68.7006
68.731
68.8447
69.0435
69.3262
69.6893
70.1284
70.6404
71.2252
71.8834
72.6118
73.3996
74.2239
75.0496
75.8379
76.5506
77.1531
77.6229
77.9367
78.0657
78.0177
77.8299
77.5172
77.2323
77.469
78.7295
81.0732
83.9274
86.5299
88.2951
88.8702
87.2141
82.2684
72.7195
61.2619
51.0707
40.8547
28.9568
14.3864
-0.847226
-12.9054
-19.255
-22.3002
-23.7167
-22.5174
-18.9757
-15.041
-10.7995
-5.88951
-0.654536
4.52042
9.86677
15.6863
22.1035
29.0324
36.2478
43.2952
49.2484
53.6045
56.5195
58.5851
60.2419
61.658
62.7562
63.3854
63.5117
63.2327
62.6849
61.9793
61.1885
60.3543
59.4957
58.6208
57.7351
56.8456
55.9586
55.076
54.1945
53.3088
52.4098
106.674
106.099
105.517
104.932
104.343
103.748
103.142
102.522
101.88
101.21
100.503
99.7509
98.9481
98.0908
97.1795
96.2175
95.2088
94.1584
93.0677
91.9292
90.7304
89.4634
88.1246
86.7108
85.2202
83.6558
82.0239
80.331
78.5852
76.795
74.9692
73.1151
71.24
69.3561
67.4837
65.6586
63.9236
62.3097
60.8574
59.6179
58.5641
57.7027
57.0416
56.5786
56.3086
56.2307
56.3454
56.6473
57.1235
57.7572
58.5281
59.4135
60.3924
61.445
62.552
63.6963
64.8669
66.0565
67.2572
68.4598
69.6553
70.8346
71.9867
73.0992
74.1585
75.1522
76.0702
76.9053
77.6516
78.3031
78.8538
79.2992
79.6386
79.8741
80.009
80.0472
79.9925
79.8486
79.6203
79.3131
78.9332
78.4864
77.9791
77.4194
76.8165
76.179
75.5163
74.8409
74.1676
73.5098
72.8762
72.2734
71.7091
71.1931
70.7348
70.3418
70.0185
69.7659
69.5827
69.4674
69.4204
69.4444
69.543
69.7184
69.9704
70.2972
70.6975
71.172
71.7239
72.3566
73.0693
73.853
74.6829
75.519
76.3174
77.034
77.6312
78.0864
78.3626
78.4119
78.232
77.8159
77.0727
76.1607
75.8494
76.9332
79.4996
82.6505
85.3601
87.0205
87.2635
85.0334
78.8396
68.9713
58.7019
49.4699
40.2493
29.9005
17.3155
3.57898
-7.78429
-14.3923
-17.5114
-18.5005
-17.3287
-14.4263
-11.1083
-7.34893
-2.71505
2.43417
7.66164
13.066
18.8428
25.0833
31.783
38.7148
45.258
50.5853
54.4101
57.0973
59.1579
60.8857
62.3207
63.3392
63.8424
63.8614
63.5134
62.9244
62.1922
61.3812
60.528
59.6502
58.757
57.8569
56.9582
56.066
55.181
54.2988
53.4135
52.5157
106.026
105.46
104.882
104.298
103.708
103.107
102.493
101.861
101.206
100.524
99.8084
99.0563
98.2632
97.4263
96.5445
95.6184
94.6499
93.6406
92.5901
91.4943
90.3475
89.1461
87.8886
86.5741
85.2023
83.7753
82.2975
80.7742
79.2115
77.6166
75.9973
74.3621
72.7194
71.0797
69.4582
67.8731
66.3506
64.9255
63.6307
62.484
61.4893
60.6636
60.0138
59.5395
59.2407
59.1155
59.1577
59.3582
59.7057
60.1867
60.7867
61.4919
62.2868
63.1539
64.0781
65.0492
66.0577
67.0916
68.1394
69.1928
70.2443
71.2852
72.3046
73.2898
74.2281
75.1083
75.9221
76.6641
77.3295
77.9132
78.4095
78.8141
79.1252
79.3438
79.4724
79.5144
79.4735
79.3535
79.158
78.8916
78.5593
78.1661
77.7179
77.2222
76.6874
76.1214
75.5326
74.933
74.3375
73.7584
73.202
72.6722
72.1748
71.7191
71.3141
70.9675
70.6831
70.4614
70.3003
70.1974
70.1527
70.1689
70.2498
70.3978
70.6132
70.8966
71.251
71.6824
72.1985
72.8055
73.5056
74.2935
75.1422
76.0033
76.825
77.5569
78.1629
78.6199
78.8667
78.8406
78.5217
77.7845
76.337
74.4048
73.2334
74.0074
76.8076
80.213
82.8949
84.1984
83.7507
80.1362
71.8981
61.8056
53.6032
46.6533
39.4487
31.0614
20.9307
9.07607
-1.56701
-8.60907
-12.0655
-12.8389
-11.7282
-9.57773
-6.88908
-3.54407
0.756982
5.70615
10.8836
16.225
21.8957
27.9955
34.5033
41.0444
46.9451
51.6282
55.0937
57.7189
59.8504
61.6314
63.0173
63.9043
64.268
64.1843
63.773
63.1462
62.3893
61.5581
60.6849
59.7872
58.8773
57.9657
57.0609
56.1662
55.2811
54.4004
53.5181
52.624
105.229
104.671
104.099
103.517
102.926
102.323
101.707
101.073
100.419
99.7416
99.0365
98.3006
97.5305
96.7238
95.8794
94.9971
94.0772
93.1198
92.1244
91.0898
90.014
88.8953
87.7328
86.5265
85.2769
83.9857
82.6563
81.2927
79.8999
78.4839
77.0511
75.6093
74.1677
72.737
71.3355
69.9825
68.6992
67.4306
66.2865
65.2664
64.3704
63.6072
62.9836
62.5017
62.1615
61.9624
61.9028
61.9795
62.1876
62.5196
62.9655
63.5117
64.1438
64.8491
65.6147
66.4263
67.2706
68.1395
69.0283
69.9312
70.8395
71.7428
72.6298
73.4884
74.3071
75.0759
75.7882
76.4394
77.0255
77.5421
77.9841
78.3474
78.6297
78.8309
78.9528
78.9983
78.9711
78.8747
78.7122
78.487
78.2032
77.8647
77.4766
77.0457
76.5794
76.0849
75.5699
75.0458
74.5264
74.0229
73.5403
73.0807
72.6486
72.2519
71.8997
71.5992
71.354
71.1632
71.0238
70.9329
70.8897
70.8962
70.9559
71.0711
71.243
71.4746
71.773
72.1501
72.6208
73.1962
73.8857
74.6898
75.5776
76.4872
77.3529
78.1208
78.7633
79.2505
79.4909
79.417
78.9641
77.7633
75.2676
71.9377
69.7022
70.0936
73.0881
76.6182
79.124
79.7938
78.278
72.4371
61.2465
50.5614
45.0929
42.4256
38.7487
32.9344
25.3221
15.5966
5.69438
-1.88742
-6.19004
-7.42469
-6.70934
-5.10489
-2.93753
0.070672
4.12896
8.94626
14.0476
19.2922
24.8468
30.7834
36.9692
42.9527
48.2098
52.4517
55.779
58.4516
60.6522
62.413
63.678
64.408
64.6392
64.467
64.0024
63.3429
62.5627
61.7112
60.8184
59.9031
58.9801
58.0606
57.1521
56.2566
55.3729
54.4956
53.6187
52.7307
104.268
103.734
103.186
102.626
102.054
101.465
100.858
100.232
99.5849
98.915
98.2211
97.5018
96.7555
95.9806
95.1763
94.3417
93.4762
92.5795
91.6509
90.6898
89.6956
88.6675
87.6059
86.5116
85.386
84.2313
83.0504
81.8467
80.6239
79.3862
78.1382
76.8852
75.6332
74.3895
73.1606
71.9582
70.7961
69.7538
68.7649
67.8503
67.0296
66.312
65.7038
65.2109
64.8377
64.5866
64.4578
64.4491
64.5556
64.77
65.0835
65.4864
65.968
66.516
67.1187
67.7676
68.4569
69.1799
69.9275
70.6901
71.4589
72.2249
72.9785
73.7092
74.4067
75.0629
75.6729
76.2339
76.7428
77.195
77.5851
77.9084
78.1621
78.3458
78.4609
78.5101
78.4964
78.4227
78.292
78.1074
77.8722
77.5897
77.2636
76.8987
76.5013
76.078
75.6363
75.1864
74.74
74.3066
73.8914
73.497
73.1272
72.7883
72.4883
72.2339
72.0279
71.8684
71.7512
71.6726
71.6304
71.6248
71.6585
71.7338
71.853
72.0221
72.25
72.553
72.9543
73.4792
74.1565
74.9982
75.96
76.9528
77.8911
78.7262
79.4459
80.0056
80.2965
80.2672
79.739
77.9932
74.2721
69.5019
66.2995
66.3327
69.2468
72.716
74.7184
74.4595
71.4709
62.9531
46.2563
36.1922
34.3465
37.7193
38.966
36.2391
30.7459
23.0127
13.9186
5.89876
0.513721
-1.91743
-2.27856
-1.245
0.48735
3.23516
7.1869
12.0125
17.0739
22.2286
27.6186
33.2687
38.9888
44.4216
49.2303
53.2588
56.5762
59.2926
61.48
63.1355
64.2441
64.8254
64.9471
64.7051
64.1976
63.5102
62.7091
61.8391
60.9292
59.9997
59.0667
58.1414
57.2305
56.3348
55.4534
54.5806
53.7107
52.8308
103.158
102.648
102.122
101.582
101.029
100.46
99.8747
99.2731
98.6541
98.0163
97.359
96.6812
95.9818
95.2598
94.5142
93.744
92.9484
92.1264
91.2774
90.4008
89.4962
88.5638
87.6043
86.619
85.6099
84.5792
83.5297
82.4647
81.388
80.3037
79.2167
78.132
77.0562
75.9965
74.96
73.9351
72.956
72.0318
71.1601
70.3485
69.6076
68.9437
68.3615
67.8661
67.4619
67.1521
66.9389
66.8234
66.8058
66.8847
67.0564
67.3148
67.6524
68.0614
68.5333
69.0577
69.6225
70.2163
70.83
71.4561
72.0878
72.7178
73.3383
73.9411
74.519
75.0663
75.5793
76.055
76.4899
76.8794
77.2187
77.5035
77.7312
77.9007
78.0125
78.068
78.0689
78.0177
77.9172
77.7703
77.5808
77.3516
77.0856
76.7856
76.4558
76.1017
75.7305
75.3506
74.9716
74.6022
74.2491
73.9169
73.6089
73.3296
73.0849
72.8801
72.7168
72.5923
72.5012
72.4378
72.3972
72.3769
72.378
72.4007
72.4489
72.5306
72.6569
72.8501
73.1392
73.575
74.2348
75.156
76.2572
77.3884
78.436
79.3741
80.2048
80.8682
81.2813
81.4343
80.9874
78.9599
74.5146
69.0049
65.2682
64.8974
67.3237
69.8671
70.9187
69.6295
65.3029
54.4788
34.4872
23.3302
25.2371
35.3346
41.7042
41.7013
37.4994
31.1633
22.9045
14.8021
8.47124
4.65731
3.11902
3.1506
4.3098
6.71278
10.4359
15.1196
20.0547
25.0436
30.1735
35.4536
40.7263
45.7455
50.2859
54.2148
57.5038
60.1652
62.2468
63.7525
64.709
65.1676
65.2045
64.908
64.3656
63.6546
62.8349
61.948
61.0231
60.0819
59.141
58.211
57.298
56.4023
55.5238
54.656
53.795
52.9242
101.862
101.398
100.917
100.42
99.9085
99.3821
98.8405
98.2834
97.71
97.1196
96.5118
95.8858
95.2407
94.5757
93.8902
93.1838
92.4561
91.7067
90.9355
90.1426
89.3282
88.493
87.6381
86.7649
85.8751
84.9705
84.0532
83.1255
82.1901
81.2501
80.3081
79.3675
78.4313
77.502
76.5861
75.708
74.8551
74.0323
73.248
72.5095
71.8223
71.1916
70.6228
70.1213
69.6924
69.3409
69.0711
68.8862
68.7887
68.7786
68.8538
69.0098
69.24
69.536
69.8878
70.285
70.7176
71.1769
71.6554
72.1464
72.6433
73.1402
73.632
74.114
74.5823
75.0338
75.4653
75.8724
76.2493
76.5901
76.8894
77.1438
77.3522
77.5144
77.6301
77.6985
77.7197
77.695
77.6273
77.519
77.3718
77.1879
76.9706
76.7235
76.4506
76.1568
75.8488
75.5335
75.2181
74.9105
74.6184
74.3473
74.1002
73.8803
73.6915
73.5375
73.4191
73.3335
73.2739
73.2319
73.1978
73.1651
73.1308
73.0882
73.041
72.9908
72.9449
72.9456
73.0358
73.3165
73.9616
75.0516
76.4149
77.7753
78.9828
80.0505
80.9842
81.739
82.3155
82.6925
82.367
80.4414
76.3092
71.3615
67.8529
66.8634
67.9397
69.0535
68.8949
66.6116
61.5369
49.7367
30.9334
19.8319
24.274
39.1459
48.4156
49.6015
45.4791
39.648
32.1727
24.3082
17.4325
12.4871
9.65372
8.56131
8.95001
10.8304
14.1207
18.3914
23.0054
27.7218
32.5544
37.4914
42.4184
47.1558
51.4934
55.2775
58.4412
60.9759
62.9046
64.2604
65.0897
65.453
65.424
65.084
64.5132
63.782
62.9453
62.043
61.105
60.1536
59.2058
58.2712
57.3564
56.4607
55.5855
54.723
53.8724
53.0117
100.858
100.439
99.9996
99.5432
99.0723
98.5866
98.0854
97.5677
97.0331
96.4817
95.9133
95.3275
94.7242
94.1033
93.4648
92.8089
92.1355
91.4447
90.7367
90.0119
89.271
88.5147
87.744
86.9599
86.1635
85.3559
84.5383
83.7123
82.8793
82.0411
81.2004
80.3604
79.5248
78.7009
77.8896
77.0916
76.3072
75.5432
74.8059
74.0989
73.4257
72.7916
72.2027
71.6665
71.1913
70.7864
70.4604
70.2201
70.0694
70.0082
70.0326
70.1351
70.3057
70.5335
70.8078
71.1196
71.4614
71.8266
72.2096
72.606
73.0111
73.4195
73.826
74.2271
74.6208
75.0052
75.377
75.7317
76.0639
76.3684
76.6405
76.8768
77.0752
77.2357
77.3582
77.4419
77.4862
77.4921
77.46
77.388
77.2743
77.1215
76.9359
76.723
76.4868
76.232
75.9646
75.6913
75.4201
75.1593
74.9164
74.6961
74.501
74.3334
74.1964
74.092
74.0201
73.9766
73.9532
73.9401
73.9218
73.8867
73.8226
73.7171
73.5754
73.3707
73.0885
72.7664
72.4643
72.4607
73.1173
74.5344
76.3232
78.0101
79.4104
80.5699
81.5158
82.2657
82.8784
83.2268
82.8396
81.2161
78.1537
74.5139
71.7029
70.4259
70.3875
70.107
68.9402
66.1968
61.583
51.8695
36.7035
27.7016
32.7453
47.3582
57.3979
58.1093
52.7932
46.6674
39.7155
32.34
25.4068
19.7835
15.9298
13.8809
13.5543
14.8089
17.5492
21.3048
25.5377
29.9768
34.5744
39.2791
43.9734
48.4798
52.6019
56.1995
59.2033
61.5974
63.3931
64.6355
65.3755
65.673
65.5984
65.2279
64.6363
63.8886
63.0369
62.1212
61.1723
60.2124
59.2585
58.3201
57.404
56.5087
55.6375
54.7805
53.9419
53.0919
100.099
99.7106
99.307
98.8858
98.4486
97.9968
97.5299
97.0467
96.5468
96.0297
95.4951
94.9425
94.3716
93.7828
93.1768
92.5544
91.9164
91.2637
90.5971
89.9175
89.2256
88.5223
87.8085
87.0853
86.3533
85.6133
84.8663
84.1133
83.3558
82.5954
81.8342
81.0741
80.317
79.5633
78.8153
78.0746
77.3423
76.6199
75.9089
75.2112
74.5308
73.8733
73.2458
72.6576
72.1207
71.6492
71.2585
70.9621
70.7685
70.678
70.6818
70.766
70.9151
71.1152
71.3542
71.6226
71.9133
72.2212
72.5419
72.8715
73.2081
73.5517
73.9017
74.256
74.6107
74.961
75.3014
75.6259
75.9296
76.2092
76.4633
76.6911
76.8913
77.0619
77.2001
77.3025
77.3665
77.3925
77.3811
77.3298
77.2372
77.1073
76.9469
76.7602
76.5494
76.3183
76.0731
75.8215
75.5729
75.3371
75.1225
74.9346
74.7764
74.6501
74.5566
74.4953
74.4659
74.4656
74.49
74.5267
74.549
74.533
74.4466
74.2908
74.0822
73.7372
73.2202
72.4992
71.561
71.064
71.7516
73.6831
76.0575
78.1364
79.7101
80.8975
81.8072
82.5118
83.0616
83.2827
82.8428
81.3933
78.9842
76.2709
74.0691
72.7433
72.0398
71.0924
69.5162
66.8044
63.0201
56.1937
45.6393
38.8852
42.6211
55.2166
65.0719
65.184
58.3057
51.6901
45.039
38.1294
31.3675
25.4362
20.9624
18.2401
17.3037
18.035
20.2884
23.6032
27.5154
31.7319
36.1554
40.6843
45.1893
49.4972
53.4338
56.8724
59.744
62.0296
63.733
64.9012
65.5839
65.839
65.7344
65.3429
64.7353
63.9736
63.1095
62.1831
61.2256
60.2589
59.3004
58.3591
57.4424
56.5479
55.6812
54.8298
54.0047
53.1658
99.6559
99.288
98.8985
98.4931
98.0724
97.6359
97.1839
96.7163
96.233
95.7337
95.2186
94.687
94.1384
93.5739
92.9943
92.3999
91.7908
91.1681
90.5332
89.887
89.2306
88.5649
87.8911
87.2102
86.5233
85.8319
85.1366
84.4381
83.7373
83.0348
82.3314
81.6276
80.9245
80.2227
79.5227
78.8245
78.1275
77.4305
76.7326
76.0337
75.3352
74.6411
73.9596
73.3031
72.6884
72.1361
71.6711
71.3189
71.0965
71.0051
71.03
71.1438
71.3157
71.5215
71.7476
71.9871
72.2366
72.4953
72.7638
73.0419
73.3284
73.6226
73.9253
74.2379
74.5594
74.8855
75.2082
75.5198
75.8151
76.0905
76.3425
76.568
76.7675
76.9437
77.0955
77.2155
77.2977
77.3428
77.3515
77.3196
77.245
77.1329
76.9894
76.8169
76.6174
76.3963
76.1604
75.9183
75.6805
75.4592
75.2654
75.1059
74.9822
74.8933
74.8382
74.8171
74.8332
74.8853
74.9728
75.0724
75.1441
75.1547
75.052
74.8853
74.656
74.1923
73.4199
72.1065
70.1783
68.9715
69.7409
72.4712
75.6632
78.2456
79.9723
81.1354
81.9718
82.5829
83.062
83.2134
82.7165
81.267
79.2164
77.121
75.3822
74.0901
73.0311
71.7289
70.0195
67.5247
64.3741
59.9287
53.1547
48.2618
51.1296
61.4367
70.5757
70.6133
62.3921
55.349
49.0547
42.4908
35.9205
29.7997
24.9433
21.731
20.3072
20.6109
22.4613
25.4262
29.0744
33.1062
37.3803
41.7595
46.1065
50.2532
54.0436
57.3603
60.1349
62.3442
63.9845
65.103
65.7463
65.9708
65.8436
65.4354
64.8145
64.0411
63.1667
62.2318
61.2676
60.2957
59.3336
58.3902
57.4733
56.5801
55.7179
54.8722
54.0611
53.2333
99.2151
98.8646
98.4983
98.1169
97.7194
97.3043
96.8713
96.4218
95.9572
95.4775
94.9825
94.4729
93.947
93.4054
92.8484
92.2773
91.6935
91.0974
90.4898
89.8715
89.2437
88.6078
87.9654
87.3175
86.665
86.01
85.3536
84.6975
84.0414
83.3859
82.7313
82.0777
81.4249
80.772
80.1177
79.4601
78.7963
78.123
77.4356
76.7291
75.9993
75.2461
74.477
73.7098
72.9717
72.2995
71.7377
71.329
71.0967
71.0355
71.1163
71.2969
71.531
71.7799
72.0232
72.2552
72.4769
72.6922
72.9079
73.1331
73.3744
73.6341
73.9094
74.1966
74.4931
74.7961
75.1008
75.4005
75.6886
75.9617
76.2197
76.4636
76.6923
76.901
77.0775
77.2062
77.2828
77.3204
77.3305
77.3111
77.2576
77.1714
77.0537
76.9008
76.7112
76.4905
76.2488
75.999
75.7568
75.5387
75.3571
75.2189
75.1238
75.0685
75.0494
75.0662
75.1266
75.2327
75.3891
75.5569
75.6801
75.7017
75.5876
75.4917
75.325
74.8376
73.8064
71.453
67.8926
65.777
66.8698
70.7961
75.1567
78.3615
80.2371
81.3589
82.0753
82.5535
82.9822
82.9886
82.3476
80.7924
79.1154
77.5365
76.1092
74.8253
73.5822
72.1203
70.385
68.1324
65.4143
62.4262
58.2876
55.0524
57.3716
65.4007
73.5172
73.8444
64.8432
57.7567
52.1949
45.885
39.4382
33.0948
27.936
24.3354
22.554
22.5361
24.0865
26.7928
30.2397
34.1284
38.2828
42.5453
46.7718
50.8001
54.4856
57.7159
60.423
62.5796
64.1751
65.2577
65.8712
66.0727
65.9286
65.5078
64.8763
64.0934
63.2107
62.2693
61.3001
60.3244
59.3595
58.4148
57.498
56.6065
55.7484
54.9087
54.1108
53.294
98.9892
98.6591
98.3075
97.936
97.5455
97.1372
96.7126
96.2716
95.8157
95.3449
94.8608
94.3668
93.8453
93.3153
92.7726
92.2169
91.6479
91.0673
90.4753
89.8729
89.2619
88.6439
88.0209
87.396
86.7694
86.1436
85.5183
84.8949
84.2747
83.6587
83.0471
82.4398
81.8356
81.2327
80.6284
80.0182
79.3959
78.7532
78.0806
77.3677
76.6047
75.7848
74.9094
73.9948
73.0804
72.2356
71.5474
71.0861
70.8785
70.9011
71.0893
71.3647
71.6678
71.9613
72.2241
72.4515
72.6524
72.8393
73.022
73.208
73.4047
73.6199
73.8579
74.1194
74.4014
74.6965
74.9957
75.2924
75.5827
75.863
76.1309
76.3873
76.6319
76.8591
77.0548
77.2016
77.2926
77.3381
77.3528
77.3402
77.301
77.2346
77.1321
76.9832
76.79
76.5634
76.314
76.054
75.8034
75.5856
75.4154
75.2975
75.2267
75.1969
75.204
75.252
75.3549
75.523
75.7612
76.0007
76.1749
76.1538
76.0261
76.0981
76.0979
75.8844
74.741
70.8178
64.8054
61.4636
63.0945
68.8019
74.5749
78.4998
80.537
81.5882
82.1315
82.4825
82.7209
82.6245
81.5689
80.2528
78.8948
77.7697
76.6195
75.3259
73.9015
72.3799
70.6487
68.6105
66.2224
63.97
61.4403
59.3429
61.3156
67.4261
74.2765
74.7927
65.3693
58.947
54.7317
48.6909
42.2558
35.6267
30.1578
26.2399
24.1832
23.9249
25.2581
27.7775
31.0807
34.8653
38.9316
43.1101
47.2505
51.1961
54.808
57.9778
60.6368
62.7552
64.3166
65.3723
65.9641
66.1493
65.9933
65.5632
64.9232
64.1327
63.2437
62.2976
61.3248
60.3465
59.3797
58.4343
57.5177
56.6283
55.7735
54.9403
54.1538
53.3477
98.7775
98.4499
98.1044
97.7417
97.3609
96.962
96.5462
96.1088
95.6663
95.2095
94.7353
94.2407
93.7464
93.2327
92.7038
92.1603
91.6032
91.0388
90.4621
89.8756
89.2812
88.6807
88.0756
87.4679
86.8631
86.2571
85.6575
85.063
84.4734
83.8896
83.3114
82.7388
82.1718
81.6096
81.0504
80.4896
79.9186
79.3238
78.6868
77.9852
77.1981
76.3089
75.3099
74.2093
73.0451
71.9315
71.0434
70.5126
70.3698
70.5545
70.938
71.3822
71.7978
72.1492
72.4305
72.6464
72.8117
72.9501
73.0846
73.2315
73.3978
73.5846
73.7938
74.0288
74.2919
74.579
74.8773
75.1737
75.4646
75.7551
76.049
76.3449
76.6299
76.8823
77.0829
77.2166
77.2961
77.3414
77.3651
77.3764
77.3702
77.3342
77.2508
77.1052
76.901
76.6525
76.3754
76.0875
75.816
75.5901
75.4286
75.3349
75.2943
75.2951
75.3221
75.3865
75.5136
75.735
76.0799
76.4327
76.6658
76.5273
76.3605
76.6569
76.8754
77.2616
76.2956
70.7314
62.1347
57.7314
59.996
67.1775
74.1412
78.7052
80.893
81.8618
82.2468
82.424
82.5881
82.4102
81.3517
79.9289
78.7575
77.931
76.9933
75.7071
74.1815
72.5724
70.8472
68.9708
66.8287
64.9206
63.2701
61.8748
63.7198
68.2572
73.5577
73.9349
64.2534
59.1567
56.9417
51.2666
44.5241
37.6132
31.8036
27.6253
25.3473
24.9118
26.0881
28.4739
31.6771
35.3882
39.393
43.5121
47.5919
51.4802
55.0403
58.1669
60.7911
62.8814
64.4176
65.4545
66.0316
66.2059
66.0416
65.6044
64.9577
64.1611
63.2674
62.3182
61.3432
60.3634
59.3952
58.4497
57.5332
56.646
55.7939
54.9676
54.1896
53.3935
98.6812
98.3604
98.0183
97.6559
97.2751
96.8774
96.4664
96.0486
95.6086
95.1639
94.6951
94.2113
93.7158
93.2056
92.6817
92.1452
91.5978
91.0341
90.4611
89.879
89.2911
88.6989
88.1019
87.5078
86.9166
86.3335
85.7558
85.186
84.6247
84.0716
83.5266
82.9899
82.4615
81.941
81.4267
80.9151
80.3981
79.8605
79.2768
78.6098
77.8157
76.8556
75.708
74.3711
72.9006
71.4672
70.3468
69.74
69.6874
70.0801
70.7012
71.3501
71.9132
72.3536
72.6722
72.8851
73.0167
73.0979
73.1637
73.2454
73.3601
73.5106
73.6963
73.9206
74.1843
74.4781
74.7838
75.0833
75.3693
75.6494
75.9399
76.2505
76.5619
76.8496
77.0853
77.2504
77.3438
77.3891
77.4087
77.4142
77.4172
77.4045
77.3452
77.2122
77.0064
76.7404
76.4335
76.1127
75.8168
75.5817
75.4291
75.3591
75.3442
75.3658
75.3974
75.4631
75.6129
75.8931
76.3722
76.8869
77.1249
76.7862
76.5799
77.0081
77.5518
78.5416
77.8802
71.1058
61.1744
56.3615
58.8401
66.6051
74.0806
78.9725
81.2527
82.1295
82.3506
82.4001
82.5276
82.3499
81.3084
79.8701
78.7631
78.05
77.2165
75.9521
74.3735
72.7093
70.9926
69.2143
67.2597
65.5195
64.3153
63.327
65.2009
68.4024
71.9768
72.0724
62.4233
59.0178
59.2344
53.7903
46.3726
39.1651
33.0084
28.6158
26.1597
25.6003
26.6636
28.9563
32.0893
35.7502
39.7133
43.7906
47.8287
51.6777
55.2019
58.2981
60.898
62.9688
64.4876
65.5125
66.08
66.2467
66.0762
65.6334
64.9814
64.1804
63.2837
62.333
61.3569
60.3762
59.4071
58.4615
57.5452
56.6602
55.8098
54.9902
54.2177
53.4296
98.5896
98.2701
97.9302
97.5718
97.195
96.8006
96.3898
95.9666
95.5286
95.0704
94.6108
94.1388
93.6546
93.1575
92.647
92.1226
91.5839
91.0313
90.4671
89.8929
89.3091
88.7203
88.1334
87.5471
86.9671
86.396
85.8339
85.2817
84.7406
84.2109
83.6931
83.1872
82.6939
82.2137
81.7465
81.29
80.8358
80.3682
79.8555
79.2498
78.4794
77.4613
76.1354
74.4474
72.5067
70.6919
69.368
68.7409
68.854
69.5292
70.4468
71.3362
72.0542
72.5684
72.8999
73.0867
73.1727
73.2008
73.2121
73.2418
73.3108
73.4247
73.5836
73.7923
74.0541
74.3577
74.6764
74.989
75.292
75.5942
75.9012
76.2416
76.5803
76.8796
77.1115
77.2578
77.3503
77.4029
77.4425
77.4823
77.5142
77.5146
77.4632
77.3313
77.1139
76.8219
76.477
76.1145
75.7856
75.5364
75.395
75.3535
75.3716
75.4156
75.4427
75.4878
75.6175
75.9596
76.611
77.3326
77.5178
76.8282
76.7072
77.0805
77.601
79.5604
78.6104
71.5724
61.4034
56.623
59.1248
66.8848
74.3469
79.2437
81.4907
82.2588
82.3881
82.4357
82.6135
82.4516
81.4004
79.9806
78.8286
78.0925
77.2666
76.0273
74.4579
72.7866
71.0885
69.3648
67.552
65.904
64.9311
64.2145
66.2041
68.274
70.2391
70.6059
61.5688
59.457
61.5882
56.0744
47.9922
40.3559
33.8885
29.3063
26.7102
26.0618
27.0479
29.2783
32.3633
35.9912
39.9265
43.9757
47.9864
51.8092
55.3097
58.3857
60.9696
63.0278
64.535
65.5523
66.1131
66.2744
66.0993
65.6524
64.9966
64.1926
63.2941
62.3429
61.3667
60.3857
59.4159
58.4703
57.5539
56.6704
55.8212
55.0065
54.2369
53.4543
98.548
98.2266
97.8844
97.5247
97.1481
96.756
96.351
95.9356
95.5088
95.0675
94.6143
94.147
93.665
93.1678
92.6553
92.129
91.589
91.0346
90.4676
89.8902
89.3058
88.7184
88.1338
87.5549
86.9859
86.4294
85.886
85.355
84.8362
84.3291
83.8336
83.3504
82.8816
82.4304
82.0012
81.5961
81.211
80.8323
80.4228
79.9292
79.2654
78.3095
76.8498
74.6468
71.9369
69.5574
68.0226
67.5127
67.9589
69.0024
70.2303
71.3619
72.2524
72.8505
73.1891
73.3269
73.3405
73.2932
73.2407
73.2221
73.2523
73.335
73.4753
73.6826
73.9586
74.2803
74.6071
74.9069
75.1831
75.463
75.7933
76.166
76.5532
76.901
77.168
77.3412
77.4143
77.442
77.4567
77.4841
77.5297
77.5702
77.5478
77.4344
77.2148
76.9007
76.5226
76.1277
75.7742
75.5133
75.3769
75.345
75.3807
75.4378
75.4524
75.5001
75.582
75.9721
76.8678
77.6903
77.7957
76.7602
76.5857
77.3914
77.62
78.6787
78.5337
72.2394
62.3012
57.5812
60.0239
67.4579
74.6469
79.4013
81.5901
82.3113
82.4396
82.5358
82.7567
82.5648
81.4705
80.02
78.843
78.0632
77.2104
75.9868
74.4557
72.8106
71.1413
69.451
67.7334
66.1462
65.2946
64.8041
66.9815
68.2898
68.7384
70.1441
62.2191
60.4131
63.3924
57.7749
49.3993
41.2775
34.536
29.772
27.0671
26.3562
27.2927
29.4819
32.5357
36.1427
40.0603
44.0921
48.0854
51.892
55.3778
58.4411
61.015
63.0652
64.565
65.5772
66.1335
66.2911
66.1128
65.6631
65.0051
64.1997
63.3006
62.3496
61.3733
60.3918
59.4213
58.4756
57.5595
56.6766
55.8279
55.0157
54.2475
53.4685
98.5259
98.2065
97.8624
97.4977
97.1154
96.7182
96.3085
95.8883
95.458
95.0175
94.567
94.1052
93.6309
93.1435
92.6423
92.1253
91.593
91.0456
90.4833
89.9077
89.3225
88.7328
88.1451
87.5656
86.9999
86.451
85.9193
85.4044
84.905
84.42
83.9484
83.4903
83.0476
82.6238
82.2279
81.8659
81.5443
81.2541
80.9588
80.5981
80.072
79.294
77.8468
75.1791
71.5907
68.3386
66.4468
66.1056
67.0771
68.6235
70.16
71.4531
72.4205
73.0555
73.3845
73.4982
73.4697
73.3682
73.2709
73.2226
73.234
73.3027
73.429
73.6262
73.9002
74.2331
74.5761
74.8928
75.1831
75.4734
75.8013
76.1708
76.5575
76.899
77.1503
77.3168
77.4103
77.4578
77.4999
77.5502
77.6025
77.6291
77.6004
77.485
77.2589
76.9256
76.5183
76.0998
75.7379
75.4841
75.3645
75.3498
75.397
75.4543
75.4484
75.4579
75.5076
75.8478
76.8576
77.8442
77.867
76.8353
76.5513
77.134
77.6785
78.6728
78.3136
72.8498
63.4388
58.7118
60.9433
67.9661
74.85
79.458
81.6028
82.3229
82.5169
82.6809
82.8893
82.6271
81.469
79.9966
78.8016
78.0033
77.1484
75.9468
74.4374
72.8059
71.1627
69.4949
67.83
66.2888
65.5084
65.2967
67.6633
68.5602
67.95
70.5012
63.0983
61.187
64.0463
58.5129
50.3735
42.0096
35.0005
30.0754
27.299
26.5387
27.4388
29.5997
32.6347
36.2287
40.1357
44.1578
48.1411
51.9384
55.4161
58.472
61.04
63.0851
64.5813
65.5903
66.1439
66.2993
66.1193
65.6678
65.0081
64.2018
63.3029
62.3529
61.3773
60.3952
59.4239
58.4776
57.5615
56.6789
55.8305
55.0192
54.2516
53.4749
98.5184
98.1946
97.8458
97.4765
97.0915
96.6944
96.2883
95.8747
95.4532
95.0222
94.58
94.1243
93.6531
93.1655
92.6612
92.1405
91.6041
91.051
90.4824
89.9015
89.3127
88.7216
88.1349
87.559
86.999
86.4576
85.9348
85.4291
84.9386
84.4621
83.9984
83.5484
83.1147
82.7029
82.3232
81.9818
81.6896
81.4326
81.1814
80.8707
80.4043
79.685
78.2071
75.5651
72.0949
68.6884
66.5853
66.0586
66.9273
68.4857
70.0977
71.4404
72.4251
73.0443
73.3559
73.4603
73.4382
73.3601
73.2758
73.2274
73.2377
73.3077
73.4418
73.6467
73.923
74.2431
74.5736
74.883
75.1703
75.4635
75.7966
76.1707
76.5584
76.904
77.1645
77.3304
77.417
77.4594
77.4906
77.5313
77.5814
77.6184
77.5967
77.4847
77.2643
76.938
76.5371
76.1186
75.7524
75.4922
75.3639
75.347
75.3938
75.4489
75.4597
75.4727
75.5252
75.935
76.8508
77.7237
77.7812
76.8413
76.5976
77.3687
77.7086
78.5017
78.1392
73.1159
64.0758
59.416
61.4562
68.2222
74.9277
79.4533
81.6049
82.3291
82.5521
82.7202
82.9106
82.6423
81.4872
80.0014
78.7905
77.9817
77.1258
75.9354
74.4388
72.8149
71.1753
69.5176
67.8731
66.3501
65.6207
65.6148
68.009
68.9355
68.0937
71.1022
63.4743
61.3095
63.6998
58.4255
50.6299
42.3719
35.2329
30.2288
27.4047
26.6202
27.5001
29.6481
32.6751
36.2627
40.1654
44.1829
48.1621
51.9557
55.4299
58.4827
61.0481
63.0906
64.5868
65.5936
66.1462
66.3007
66.1201
65.6687
65.0091
64.2025
63.3026
62.3514
61.3752
60.3936
59.423
58.4772
57.5613
56.6787
55.8303
55.0189
54.2516
53.4752
51.4527
50.8449
50.0128
49.0472
47.9973
46.8751
45.6745
44.3854
43.0017
41.5251
39.9607
38.3093
36.5649
34.7141
32.7424
30.6328
28.3752
25.951
23.354
20.5457
17.5336
14.2391
10.696
6.68812
2.34855
51.4244
50.7772
49.9291
48.971
47.9318
46.817
45.6202
44.3328
42.9503
41.4748
39.9116
38.2612
36.5171
34.6667
32.6953
30.5868
28.3307
25.9094
23.3146
20.5126
17.5002
14.2131
10.6612
6.67631
2.32627
51.2688
50.6195
49.7951
48.8589
47.8407
46.7417
45.5536
44.2714
42.895
41.4262
39.8682
38.2211
36.4784
34.6285
32.6575
30.5495
28.2943
25.874
23.2807
20.4794
17.4668
14.1755
10.626
6.63885
2.32012
51.154
50.4961
49.6877
48.7643
47.7586
46.6707
45.4893
44.2105
42.8362
41.3696
39.8136
38.1678
36.4259
34.5765
32.6046
30.4957
28.2401
25.82
23.2273
20.4262
17.4121
14.1189
10.5684
6.59508
2.29096
51.0648
50.3791
49.5703
48.6562
47.6629
46.5872
45.4146
44.1413
42.772
41.3115
39.7634
38.1248
36.3873
34.5379
32.5648
30.4557
28.2006
25.7816
23.1901
20.3906
17.3781
14.086
10.5373
6.57239
2.2909
50.9818
50.2688
49.454
48.5483
47.5686
46.5058
45.342
44.074
42.7092
41.2546
39.713
38.0803
36.3456
34.4957
32.5224
30.4116
28.1557
25.7368
23.1456
20.346
17.3321
14.0391
10.4926
6.53245
2.27065
50.9031
50.169
49.3449
48.4424
47.4722
46.42
45.2642
44.0017
42.6425
41.1948
39.6613
38.0362
36.3067
34.4582
32.4841
30.3727
28.1171
25.6988
23.1081
20.3093
17.2964
14.0047
10.4592
6.50969
2.27879
50.8239
50.0778
49.2455
48.3422
47.3785
46.3356
45.1877
43.931
42.5775
41.1369
39.6116
37.9937
36.2691
34.4223
32.4477
30.335
28.0792
25.6615
23.071
20.2716
17.2574
13.9653
10.4232
6.47839
2.26012
50.746
49.993
49.1564
48.2522
47.2922
46.2559
45.1144
43.8629
42.5149
41.0812
39.5633
37.9519
36.2318
34.3873
32.4124
30.2991
28.0436
25.6265
23.036
20.2369
17.2229
13.9321
10.3917
6.45687
2.25906
50.6677
49.9128
49.0764
48.1727
47.2142
46.1819
45.0458
43.7995
42.4564
41.0285
39.517
37.9113
36.1953
34.3534
32.379
30.2655
28.0104
25.5937
23.0038
20.2041
17.1896
13.8987
10.3611
6.4319
2.25136
50.5917
49.8383
49.0049
48.1028
47.1448
46.1144
44.9823
43.7402
42.4011
40.978
39.4719
37.8711
36.1592
34.3202
32.347
30.2337
27.9791
25.5627
22.9727
20.1728
17.1579
13.8679
10.3333
6.41195
2.25108
50.519
49.7685
48.9397
48.0408
47.0826
46.0522
44.9226
43.6841
42.3485
40.9295
39.4279
37.8314
36.1235
34.2879
32.3167
30.204
27.9497
25.5335
22.9437
20.1433
17.1283
13.8389
10.3066
6.39208
2.24516
50.4534
49.7058
48.8818
47.9862
47.0272
45.9952
44.8667
43.6312
42.2991
40.8835
39.3856
37.7924
36.0881
34.2563
32.2875
30.1757
27.9219
25.5059
22.916
20.1153
17.1001
13.8115
10.2826
6.37421
2.24352
50.3975
49.6508
48.8302
47.9374
46.9773
45.943
44.8147
43.582
42.2533
40.841
39.3457
37.7548
36.0532
34.2249
32.2591
30.1508
27.8956
25.4799
22.8899
20.089
17.0739
13.7862
10.2594
6.35769
2.24069
50.3528
49.6046
48.7856
47.8943
46.9328
45.8959
44.7674
43.537
42.2117
40.8025
39.309
37.7192
36.0193
34.194
32.2312
30.1243
27.8705
25.4555
22.8655
20.0644
17.0495
13.763
10.2395
6.34275
2.23829
50.3199
49.5679
48.7482
47.8569
46.8934
45.8538
44.7249
43.4966
42.1744
40.7679
39.2759
37.6864
35.9871
34.1638
32.2036
30.0986
27.8467
25.4327
22.8427
20.0415
17.0271
13.7419
10.2207
6.32906
2.23583
50.2978
49.5404
48.718
47.8253
46.8594
45.8171
44.6876
43.4608
42.1411
40.7369
39.2461
37.6566
35.9571
34.1346
32.1765
30.0738
27.8242
25.4115
22.8217
20.0206
17.0067
13.7228
10.2043
6.3171
2.23344
50.2848
49.5213
48.6947
47.7994
46.8307
45.7858
44.6555
43.43
42.1117
40.7092
39.2193
37.6295
35.9294
34.1069
32.1503
30.05
27.8032
25.3921
22.8026
20.0015
16.9885
13.7061
10.1899
6.30652
2.23108
50.2794
49.5095
48.678
47.7794
46.8076
45.7599
44.6288
43.4038
42.0864
40.6847
39.1952
37.605
35.904
34.081
32.1254
30.0277
27.7839
25.3744
22.7853
19.9845
16.9726
13.6916
10.1774
6.29734
2.22881
50.2803
49.5042
48.6675
47.765
46.79
45.7397
44.6075
43.3826
42.0653
40.6637
39.1738
37.5829
35.8808
34.0572
32.1024
30.0073
27.7663
25.3586
22.77
19.9696
16.959
13.6795
10.1669
6.28952
2.22664
50.2871
49.5052
48.663
47.7562
46.7778
45.7251
44.5918
43.3667
42.0488
40.6463
39.1554
37.5634
35.86
34.0356
32.0816
29.989
27.7508
25.3446
22.7564
19.9568
16.9477
13.6697
10.1583
6.28301
2.22458
50.2998
49.5121
48.6644
47.7529
46.7711
45.716
44.5815
43.3559
42.0372
40.633
39.1402
37.5465
35.8418
34.0165
32.0634
29.9731
27.7373
25.3324
22.7447
19.9461
16.9388
13.6621
10.1516
6.27777
2.22267
50.3184
49.5248
48.6714
47.755
46.7696
45.7122
44.5763
43.3498
42.0293
40.6235
39.1283
37.5326
35.8263
34.0001
32.0477
29.9597
27.7259
25.322
22.7349
19.9376
16.9322
13.657
10.1468
6.27383
2.22098
50.3428
49.5431
48.6839
47.7623
46.7733
45.7133
44.5754
43.3473
42.0246
40.6173
39.1196
37.5217
35.8136
33.9865
32.0349
29.9488
27.7166
25.3133
22.7269
19.9311
16.9278
13.6541
10.1438
6.27124
2.2192
50.3727
49.5666
48.7015
47.7746
46.7816
45.7186
44.5779
43.3477
42.0223
40.614
39.1139
37.5139
35.8039
33.9757
32.0247
29.9404
27.7094
25.3066
22.7208
19.9267
16.9257
13.6534
10.1428
6.27004
2.2175
50.4081
49.5952
48.7238
47.7914
46.7941
45.7273
44.583
43.3505
42.0286
40.6134
39.111
37.509
35.7971
33.9678
32.0174
29.9345
27.7045
25.3018
22.7167
19.9245
16.9258
13.6548
10.1436
6.27024
2.21597
50.4485
49.6284
48.7505
47.8123
46.8101
45.7389
44.5903
43.3546
42.0302
40.6148
39.1108
37.507
35.7932
33.9629
32.0128
29.9312
27.7017
25.2991
22.7147
19.9244
16.9278
13.6581
10.1461
6.27181
2.21477
50.4984
49.67
48.7846
47.8396
46.8313
45.7543
44.6005
43.361
42.0342
40.6187
39.1135
37.5079
35.7921
33.9606
32.0108
29.9301
27.7011
25.2985
22.7149
19.9266
16.9321
13.6636
10.1507
6.27496
2.21399
50.5592
49.7214
48.8274
47.8744
46.8587
45.7745
44.6145
43.3707
42.0419
40.6262
39.12
37.5125
35.7947
33.9621
32.0126
29.9325
27.7035
25.3008
22.7183
19.932
16.9392
13.6717
10.1577
6.28003
2.21407
50.626
49.7785
48.8755
47.9141
46.8901
45.7982
44.6317
43.3839
42.0535
40.6373
39.13
37.5206
35.801
33.9676
32.0182
29.9382
27.7089
25.3063
22.7249
19.9403
16.9485
13.6815
10.1664
6.28655
2.21512
50.698
49.8407
48.9287
47.9583
46.9256
45.8257
44.6525
43.4015
42.0693
40.6523
39.1433
37.5319
35.8107
33.9768
32.0274
29.9471
27.7172
25.3147
22.7345
19.9513
16.96
13.6929
10.1768
6.29443
2.21707
50.7748
49.9078
48.9866
48.0068
46.9653
45.8578
44.6788
43.4241
42.0898
40.671
39.1598
37.5461
35.8237
33.9895
32.04
29.9591
27.7284
25.3261
22.747
19.965
16.9736
13.706
10.1889
6.30364
2.21982
50.8558
49.9793
49.0491
48.0596
47.0094
45.8949
44.7104
43.4518
42.1149
40.6936
39.1795
37.5634
35.8398
34.0055
32.056
29.9742
27.7426
25.3404
22.7624
19.9811
16.9892
13.7207
10.2027
6.31419
2.22327
50.9408
50.0549
49.1161
48.1165
47.0583
45.9371
44.7475
43.4848
42.1445
40.72
39.2026
37.5839
35.8591
34.0247
32.0751
29.9923
27.7597
25.3576
22.7804
19.9995
17.0069
13.7372
10.2183
6.32612
2.22726
51.029
50.134
49.1832
48.1775
47.1121
45.9847
44.7898
43.5226
42.1784
40.75
39.229
37.6075
35.8815
34.047
32.0971
30.0133
27.7797
25.3775
22.8009
20.0201
17.0266
13.7557
10.2359
6.33955
2.23165
51.1201
50.2171
49.2582
48.2437
47.1713
46.0376
44.837
43.5648
42.216
40.7835
39.2587
37.6344
35.9071
34.0723
32.1219
30.0369
27.8024
25.4
22.8238
20.0428
17.0485
13.7763
10.2558
6.35456
2.23629
51.2138
50.3038
49.3374
48.3151
47.2358
46.0954
44.8886
43.6109
42.2572
40.8201
39.2914
37.6645
35.9357
34.1003
32.1492
30.0629
27.8276
25.425
22.8489
20.0677
17.0727
13.7992
10.2781
6.37127
2.24103
51.3099
50.3942
49.4211
48.3918
47.3052
46.1576
44.9442
43.6607
42.3016
40.8596
39.3269
37.6974
35.9674
34.1311
32.1789
30.0914
27.8553
25.4525
22.8765
20.0948
17.0994
13.8245
10.3028
6.38978
2.24575
51.4089
50.4886
49.5098
48.4734
47.379
46.2235
45.0032
43.7138
42.3493
40.902
39.365
37.733
36.0017
34.1645
32.211
30.1221
27.8855
25.4824
22.9063
20.1242
17.1284
13.8522
10.3301
6.41016
2.25043
51.5111
50.5875
49.6034
48.5596
47.4565
46.2926
45.0654
43.7701
42.4001
40.9473
39.4058
37.7712
36.0384
34.2
32.2453
30.1553
27.9182
25.5148
22.9387
20.1558
17.16
13.8823
10.3598
6.43243
2.25506
51.617
50.6914
49.7023
48.6502
47.5373
46.3647
45.1305
43.8295
42.454
40.9956
39.4493
37.812
36.0773
34.2376
32.2818
30.1907
27.9534
25.5498
22.9735
20.1899
17.1941
13.9147
10.3919
6.45665
2.25987
51.7274
50.8012
49.8067
48.7449
47.6212
46.4396
45.1983
43.8914
42.5105
41.0468
39.4958
37.8537
36.1185
34.2773
32.3204
30.2285
27.9913
25.5874
23.0109
20.2263
17.2307
13.9493
10.4262
6.48262
2.2649
51.8383
50.9128
49.9124
48.8393
47.7043
46.5138
45.2654
43.9525
42.5664
41.0981
39.543
37.8979
36.1603
34.3173
32.3595
30.2669
28.0299
25.6259
23.0493
20.2635
17.268
13.9845
10.4611
6.50953
2.27045
51.9448
51.0215
50.014
48.9284
47.7823
46.5832
45.328
44.009
42.6181
41.1461
39.5878
37.9401
36.2003
34.3558
32.397
30.3037
28.0671
25.663
23.0863
20.2992
17.3039
14.0182
10.4943
6.53508
2.27595
52.0474
51.1271
50.1105
49.0113
47.8547
46.6477
45.3854
44.0604
42.6652
41.1901
39.6294
37.9796
36.2383
34.3923
32.4328
30.3387
28.1024
25.6983
23.1216
20.3332
17.3378
14.0503
10.5261
6.56021
2.28225
52.1475
51.2303
50.2014
49.0882
47.9221
46.7073
45.4379
44.1071
42.708
41.2303
39.6678
38.0165
36.274
34.4269
32.4666
30.3716
28.1355
25.7314
23.1548
20.3651
17.3697
14.0807
10.556
6.58352
2.28881
52.2467
51.3312
50.286
49.1595
47.9848
46.7621
45.4856
44.1494
42.7469
41.267
39.7031
38.0506
36.3074
34.4592
32.4983
30.4026
28.1667
25.7625
23.1857
20.3948
17.3995
14.1096
10.5843
6.60648
2.29669
52.3467
51.4288
50.3639
49.2256
48.043
46.8122
45.5287
44.1878
42.7823
41.3006
39.7355
38.0821
36.3383
34.4891
32.5277
30.4315
28.1956
25.7913
23.2144
20.4224
17.4269
14.1366
10.6102
6.62744
2.30523
52.4492
51.5213
50.4354
49.2872
48.0969
46.8578
45.5678
44.2228
42.8147
41.3315
39.7654
38.1112
36.3667
34.5168
32.555
30.4585
28.2226
25.8182
23.241
20.4482
17.4525
14.1625
10.6351
6.64782
2.31507
52.5557
51.6071
50.5012
49.3449
48.1463
46.8988
45.6031
44.2546
42.8444
41.3598
39.7928
38.1378
36.3925
34.5421
32.5798
30.4832
28.2473
25.8428
23.2653
20.4717
17.4755
14.1861
10.657
6.66541
2.32552
52.6651
51.685
50.5625
49.399
48.1914
46.9357
45.635
44.2835
42.8715
41.3859
39.8182
38.1627
36.4169
34.5661
32.6034
30.5068
28.2707
25.8663
23.2884
20.4942
17.4976
14.2093
10.6788
6.68321
2.33714
52.7735
51.7532
50.6194
49.449
48.2318
46.9688
45.6637
44.3096
42.8957
41.4091
39.8406
38.1846
36.4381
34.5872
32.6241
30.5277
28.2913
25.8871
23.3086
20.5139
17.5162
14.2294
10.6966
6.69768
2.34897
52.8705
51.8096
50.6706
49.4936
48.2669
46.9981
45.6896
44.3336
42.9185
41.4313
39.8625
38.2063
36.4593
34.6085
32.6448
30.5486
28.3119
25.9079
23.329
20.5341
17.5357
14.2508
10.7163
6.71359
2.36235
52.9422
51.853
50.7137
49.53
48.2955
47.022
45.7107
44.353
42.9368
41.4491
39.8798
38.2234
36.4758
34.6252
32.6609
30.565
28.3279
25.924
23.3445
20.5489
17.5493
14.2665
10.7292
6.72389
2.37416
52.9868
51.8849
50.7481
49.5593
48.3204
47.0448
45.7318
44.373
42.9562
41.4685
39.899
38.2425
36.4943
34.6439
32.6791
30.5836
28.3462
25.9423
23.3625
20.5662
17.5656
14.2842
10.7452
6.73662
2.3902
53.0115
51.9073
50.7708
49.5776
48.3367
47.0609
45.7479
44.3888
42.9717
41.4846
39.9164
38.2613
36.5127
34.6629
32.6971
30.6022
28.3639
25.9611
23.3803
20.5858
17.5824
14.3033
10.7607
6.74906
2.40393
53.0253
51.9258
50.7889
49.5925
48.3465
47.0644
45.7476
44.3884
42.9708
41.4835
39.915
38.2601
36.5108
34.6617
32.695
30.6009
28.3623
25.96
23.3786
20.5838
17.5791
14.301
10.7569
6.74148
2.4055
)
;

boundaryField
{
    inlet
    {
        type            zeroGradient;
    }
    outlet
    {
        type            fixedValue;
        value           uniform 0;
    }
    upperWall
    {
        type            zeroGradient;
    }
    lowerWall
    {
        type            zeroGradient;
    }
    frontAndBack
    {
        type            empty;
    }
}


// ************************************************************************* //
