/*--------------------------------*- C++ -*----------------------------------*\
  =========                 |
  \\      /  F ield         | OpenFOAM: The Open Source CFD Toolbox
   \\    /   O peration     | Website:  https://openfoam.org
    \\  /    A nd           | Version:  9
     \\/     M anipulation  |
\*---------------------------------------------------------------------------*/
FoamFile
{
    format      ascii;
    class       volScalarField;
    location    "0.072";
    object      nut;
}
// * * * * * * * * * * * * * * * * * * * * * * * * * * * * * * * * * * * * * //

dimensions      [0 2 -1 0 0 0 0];

internalField   nonuniform List<scalar> 
12225
(
3.80429e-10
0
0
0
0
0
0
0
0
0
0
0
0
0
0
1.2432e-09
2.59784e-09
2.65137e-08
3.86044e-10
0
0
0
0
0
0
0
0
0
0
0
0
0
0
1.13865e-09
1.15512e-09
5.769e-09
2.88294e-10
0
0
0
0
0
0
3.2342e-11
0
0
0
0
0
1.118e-10
0
1.57009e-09
2.19462e-10
5.20288e-09
0
0
0
0
1.10883e-09
2.49768e-09
2.45096e-09
1.88164e-09
4.34965e-10
0
0
0
0
3.40084e-10
0
4.76112e-09
0
1.80942e-08
0
2.10239e-08
0
0
0
0
0
0
0
0
0
0
0
0
0
0
0
0
0
0
3.58257e-09
0
0
0
0
0
0
0
0
0
0
0
0
0
0
0
0
6.73403e-08
1.1509e-07
0
0
0
0
0
0
0
0
0
0
0
0
0
0
0
2.22125e-07
7.3657e-07
1.64601e-06
0
0
0
0
0
0
0
0
0
0
0
0
0
0
0
0
1.74495e-07
2.07204e-06
0
0
0
0
0
0
0
0
0
0
0
0
0
0
0
0
0
0
0
0
0
0
0
0
0
0
0
0
0
0
0
0
0
0
0
0
0
0
0
0
0
0
0
0
0
0
0
0
0
0
5.66156e-09
0
0
0
0
0
0
2.77519e-07
5.17467e-07
1.00805e-07
0
1.44897e-07
2.74604e-07
2.06258e-07
1.25713e-07
5.66347e-08
1.75038e-08
6.46934e-09
1.16746e-08
0
0
0
0
0
0
3.29854e-07
2.28631e-07
0
1.76729e-08
4.55899e-07
9.82196e-07
9.78982e-07
7.27199e-07
3.73045e-07
7.2729e-08
0
0
0
3.0923e-07
0
0
0
2.58914e-07
2.42515e-07
0
0
0
1.66993e-07
8.15627e-07
1.45842e-06
1.58735e-06
8.48071e-07
1.42816e-07
0
0
0
0
2.38291e-06
0
0
0
0
0
0
0
0
1.65581e-07
5.46932e-07
6.07422e-07
4.46776e-07
2.21849e-07
5.09378e-08
0
0
0
0
4.50495e-07
0
0
0
0
0
0
0
0
2.21995e-07
2.79186e-07
2.58555e-07
2.0954e-07
1.49068e-07
9.38634e-08
0
0
2.83646e-07
1.41328e-07
3.60279e-07
0
0
0
0
0
3.05091e-08
1.40196e-07
1.98334e-07
1.91169e-07
1.36935e-07
8.32643e-08
6.85365e-08
9.094e-08
0
0
2.68025e-07
1.21785e-07
0
0
0
0
1.3163e-07
2.56074e-07
3.34194e-07
4.5959e-07
5.5109e-07
5.06295e-07
3.86979e-07
2.82538e-07
2.2221e-07
1.89075e-07
0
3.67261e-07
8.96233e-07
5.13674e-07
0
0
0
0
0
0
0
0
1.38876e-07
3.66308e-07
5.20404e-07
5.64708e-07
5.12301e-07
4.14342e-07
0
1.13295e-07
6.57945e-07
7.75443e-07
0
0
0
0
0
0
0
1.41584e-08
3.23687e-07
5.41581e-07
4.6886e-07
2.29335e-07
2.51646e-08
0
0
0
4.23504e-07
1.75051e-06
0
0
0
0
0
0
0
6.62471e-08
1.64716e-07
3.05645e-07
4.17444e-07
3.61271e-07
2.02796e-07
9.70365e-08
0
6.02618e-08
1.31424e-06
1.45095e-06
0
0
0
0
0
0
0
8.18695e-08
2.95613e-08
1.67309e-08
8.08569e-08
1.79789e-07
2.73771e-07
3.32941e-07
3.30018e-07
4.36346e-07
1.24747e-06
1.34914e-06
0
0
0
0
0
0
2.63759e-08
1.30302e-07
1.90315e-08
7.18971e-08
3.32584e-07
7.14674e-07
1.10379e-06
1.45524e-06
3.5757e-07
4.57644e-07
7.00321e-07
6.68574e-07
1.2697e-07
0
5.65741e-07
0
0
0
0
1.21012e-07
6.6395e-08
1.37987e-07
3.51916e-07
5.74473e-07
8.02333e-07
1.02602e-06
0
0
4.08811e-07
4.31863e-07
1.7412e-07
3.25011e-08
4.82196e-07
7.63161e-08
1.17431e-07
4.34569e-07
5.80353e-07
6.32249e-07
6.25398e-07
3.44299e-07
1.3781e-07
2.03777e-07
5.93683e-07
1.12163e-06
0
2.54837e-07
2.59648e-07
1.1616e-07
0
0
1.26649e-07
6.21736e-08
2.23301e-07
5.33545e-07
7.48201e-07
8.30243e-07
7.093e-07
2.6514e-07
0
2.8338e-09
3.40606e-07
9.31e-07
0
0
1.78619e-08
3.98632e-09
2.49777e-09
5.44407e-09
9.90357e-09
1.21627e-08
5.95955e-09
0
0
0
0
2.21479e-09
3.89731e-09
2.74406e-09
2.12935e-11
0
6.99686e-10
0
0
0
0
0
1.09177e-10
4.28611e-10
0
0
0
0
0
0
5.70254e-12
2.22961e-11
0
0
4.55203e-10
0
0
0
0
0
0
0
0
0
0
0
0
0
0
0
0
0
4.84359e-10
0
0
0
0
0
0
0
0
0
0
0
0
0
0
0
0
0
0
8.91995e-06
2.70096e-05
2.20829e-06
0
0
0
0
2.11002e-06
2.59987e-06
1.31175e-06
0
0
0
0
0
0
0
0
0
0
0
0
0
0
0
0
0
0
0
1.82907e-08
1.08372e-07
1.6745e-07
1.42937e-07
7.25126e-08
1.07869e-07
1.22484e-07
0
0
0
0
0
0
0
0
0
1.81059e-06
0
0
0
0
0
4.58419e-07
3.54195e-06
6.46862e-06
1.03049e-05
1.04371e-05
5.38621e-06
0
0
0
0
0
2.47898e-08
2.1025e-06
1.48047e-06
1.40982e-06
1.25458e-06
1.08311e-06
9.06653e-07
7.22615e-07
5.85533e-07
4.61361e-07
3.68535e-07
2.85379e-07
2.18516e-07
1.56803e-07
1.00613e-07
4.81712e-08
0
0
0
0
0
0
0
0
0
0
0
0
0
0
0
0
0
0
0
0
0
0
0
0
0
0
0
0
0
0
0
0
0
0
0
0
0
3.05362e-07
1.60264e-07
0
0
0
0
0
0
0
0
0
0
0
0
0
0
0
0
0
6.68651e-10
2.0661e-09
4.14583e-09
7.12477e-09
1.01764e-08
1.23422e-08
1.32341e-08
1.21678e-08
8.58385e-09
2.96661e-09
0
0
0
0
0
4.88202e-10
8.56596e-09
1.4491e-08
1.58711e-08
9.95179e-09
0
0
0
0
0
0
0
3.83495e-09
3.05038e-08
4.65651e-08
2.64288e-08
2.18534e-08
7.44803e-10
0
0
0
0
0
0
0
0
0
2.37256e-07
2.01632e-10
0
0
0
1.43802e-07
0
0
0
0
0
2.25939e-06
3.04444e-06
2.03415e-06
3.955e-07
0
0
0
0
0
0
0
0
0
0
0
0
0
0
0
0
0
2.68703e-09
1.62328e-07
2.75362e-07
3.43057e-07
2.82119e-07
1.00283e-07
4.96308e-08
6.77762e-08
0
0
0
0
0
0
0
0
0
0
0
0
0
0
0
4.05814e-06
1.00424e-05
1.58988e-05
2.06376e-05
1.2827e-05
2.53167e-07
0
0
0
0
0
0
2.64671e-06
1.81063e-06
1.96267e-06
1.8098e-06
1.59146e-06
1.3497e-06
1.10616e-06
9.11111e-07
7.31277e-07
5.91092e-07
4.65179e-07
3.60643e-07
2.63737e-07
1.74309e-07
9.10028e-08
1.40324e-08
0
0
0
0
0
0
0
0
0
0
0
0
0
0
0
0
0
0
0
0
0
0
0
0
0
0
0
0
0
0
0
0
0
0
0
0
4.22358e-07
5.7564e-07
3.5452e-07
1.06218e-07
0
0
0
0
0
0
0
0
0
0
0
0
0
0
0
0
0
2.77823e-09
1.30086e-08
2.1297e-08
2.6894e-08
3.03039e-08
3.16543e-08
3.08269e-08
2.82559e-08
2.38543e-08
1.78483e-08
1.18005e-08
6.70404e-09
4.07667e-09
5.00982e-09
6.99265e-09
1.02005e-08
1.54689e-08
1.85767e-08
1.37736e-08
3.97577e-09
0
0
0
0
0
0
2.33119e-08
4.82381e-08
1.7941e-08
0
0
0
0
0
0
0
0
0
0
0
0
0
0
1.02805e-05
9.54798e-06
6.39931e-06
4.51668e-06
1.87769e-06
0
0
7.25147e-07
2.38364e-06
2.87848e-06
2.42811e-06
1.62323e-06
6.8622e-07
0
0
0
0
0
0
0
0
0
0
0
0
0
0
0
2.19816e-07
1.28901e-06
2.07489e-06
2.5117e-06
2.52999e-06
2.09706e-06
1.05383e-06
0
0
0
0
0
0
0
1.48294e-06
5.73935e-06
6.784e-06
5.63956e-06
2.92686e-06
0
0
0
4.48633e-06
1.19114e-05
2.1995e-05
2.88848e-05
2.29266e-05
8.80731e-06
0
0
0
0
0
0
0
1.06511e-06
4.27426e-06
4.44676e-06
7.08662e-06
6.77e-06
5.96787e-06
4.88484e-06
3.90491e-06
3.07877e-06
2.41499e-06
1.89879e-06
1.46693e-06
1.10412e-06
7.94189e-07
5.36344e-07
3.04963e-07
1.04734e-07
0
0
0
0
0
0
0
0
0
0
0
0
0
0
0
0
0
0
0
0
0
0
0
0
0
0
0
0
0
0
0
0
0
0
0
0
0
0
0
3.39212e-08
6.64435e-08
1.71958e-08
0
0
0
0
0
0
0
0
0
0
0
0
0
0
0
0
2.59714e-08
6.35898e-08
8.8955e-08
1.0325e-07
1.09634e-07
1.14172e-07
1.2328e-07
1.33643e-07
1.34555e-07
1.19419e-07
8.78142e-08
5.06622e-08
2.19177e-08
9.34565e-10
0
2.28768e-08
9.09878e-08
1.37822e-07
1.42689e-07
1.30629e-07
8.64585e-08
3.65664e-08
3.28902e-08
3.31348e-08
0
0
4.87331e-08
0
0
0
0
0
0
0
0
0
0
0
0
0
0
7.00898e-07
1.86342e-05
6.56445e-06
4.43833e-06
3.79486e-06
3.00504e-06
2.3237e-06
1.82513e-06
2.29136e-06
3.97917e-06
5.50363e-06
6.7235e-06
7.62613e-06
8.23387e-06
8.54125e-06
8.40405e-06
7.62818e-06
5.99502e-06
3.42726e-06
6.61704e-08
0
0
0
0
0
0
0
0
1.96555e-06
5.11317e-06
5.51485e-06
4.31778e-06
2.81822e-06
1.4856e-06
1.03452e-06
1.39831e-06
1.14043e-06
0
0
0
0
1.5356e-06
1.2518e-05
1.74435e-05
1.45662e-05
9.54985e-06
4.40074e-06
1.17761e-07
0
0
0
0
0
0
1.75163e-09
1.60462e-06
0
0
0
0
0
0
0
0
0
4.60358e-06
5.80563e-06
6.78636e-06
4.74453e-06
3.89549e-06
2.61188e-06
2.21614e-06
1.7277e-06
1.53601e-06
1.43903e-06
1.32822e-06
1.31589e-06
1.19873e-06
1.13206e-06
9.45943e-07
6.24936e-07
7.65085e-08
0
0
0
0
0
0
0
0
0
0
0
0
0
0
0
0
0
0
0
0
0
0
0
0
0
0
0
0
0
0
0
0
0
0
0
0
0
0
0
0
0
0
0
0
0
0
0
0
0
0
0
0
0
0
0
0
0
0
0
6.64801e-08
1.25781e-07
1.08737e-07
6.40642e-09
0
0
0
2.32107e-08
2.01726e-07
3.26691e-07
2.02766e-07
0
0
1.71845e-06
2.18822e-06
1.03784e-06
8.81586e-08
0
0
0
0
8.08141e-07
1.46996e-06
1.81989e-06
2.32634e-06
0
0
0
5.62309e-06
1.49946e-06
0
0
0
0
0
0
0
0
5.76838e-07
2.01642e-06
1.5522e-05
7.34495e-06
3.15719e-06
1.95109e-06
2.40732e-06
3.60128e-06
6.04675e-06
8.35157e-06
9.53154e-06
9.92599e-06
9.79911e-06
8.92204e-06
6.82437e-06
3.04801e-06
0
0
0
0
0
0
0
0
0
0
0
0
0
1.75163e-06
3.27952e-06
3.4267e-06
2.73348e-06
1.83631e-06
7.97215e-07
4.94834e-08
0
0
0
0
0
0
0
4.11547e-08
2.6096e-06
4.04798e-06
1.63506e-06
0
0
0
0
0
0
0
0
0
0
0
0
0
0
0
0
0
0
1.12343e-06
4.43861e-06
3.2639e-06
2.80484e-06
1.25992e-06
7.00148e-07
1.55455e-07
6.76637e-09
0
0
0
0
0
0
9.13136e-09
9.56087e-08
1.29185e-07
1.52631e-08
0
0
0
0
0
0
0
0
0
0
0
0
0
0
0
0
0
0
0
0
0
0
0
0
0
0
0
0
0
0
0
0
0
0
0
0
0
0
0
0
0
0
0
0
0
0
0
0
0
0
0
0
0
0
0
0
0
0
0
0
1.56261e-10
1.12166e-07
9.92479e-08
0
0
0
0
8.28978e-08
4.36898e-07
4.19227e-07
0
7.60632e-07
3.25641e-06
2.533e-06
1.00708e-06
0
0
0
0
0
1.75283e-06
2.71074e-06
3.63919e-06
3.84038e-06
8.02691e-07
0
0
3.29014e-06
1.42598e-05
0
0
0
0
0
0
0
1.14832e-07
1.57912e-06
3.19628e-06
3.09071e-06
3.40377e-06
2.51464e-06
2.72106e-06
4.21233e-06
6.34454e-06
8.15171e-06
8.82997e-06
8.47902e-06
6.52273e-06
2.16398e-06
0
0
0
0
0
0
0
0
0
0
0
0
0
0
0
9.96587e-07
1.87865e-06
1.98951e-06
1.50707e-06
9.16316e-07
5.76302e-07
3.14818e-07
0
0
0
0
0
0
0
0
0
0
0
0
0
0
0
0
0
0
0
0
0
0
0
0
0
0
0
0
0
0
2.89226e-06
3.06109e-06
2.79243e-06
2.61267e-06
1.51061e-06
9.41211e-07
4.28993e-07
1.56333e-07
3.94004e-08
6.15882e-09
6.2482e-08
1.89152e-07
3.88037e-07
6.26083e-07
8.8168e-07
1.03609e-06
9.01332e-07
3.60777e-07
0
0
0
0
0
0
0
0
0
0
0
0
0
0
0
0
0
0
0
0
0
0
0
0
0
0
0
0
0
0
0
0
0
0
0
0
0
0
0
0
0
0
0
0
0
0
0
0
0
0
0
0
0
0
0
0
0
0
0
0
0
0
0
0
0
0
0
0
3.54772e-07
3.37935e-07
4.0208e-08
1.92371e-06
4.01738e-06
2.95103e-06
1.347e-06
5.10194e-07
0
0
0
4.661e-07
1.68414e-06
2.38248e-06
2.84523e-06
1.31081e-06
0
0
0
6.89754e-06
1.29263e-05
4.69306e-06
0
0
0
0
0
0
0
3.13905e-06
5.03262e-06
2.91843e-07
6.2774e-07
1.16017e-06
3.38306e-06
5.70393e-06
7.00359e-06
6.72696e-06
4.69881e-06
0
0
0
0
0
0
0
0
0
0
0
0
0
0
0
0
0
0
0
0
0
8.75252e-08
2.64274e-07
9.50588e-08
1.15923e-07
5.93085e-07
7.7197e-07
1.79953e-07
0
0
0
0
0
0
0
0
0
0
0
3.40936e-06
0
0
0
0
0
0
0
0
0
0
0
0
0
0
0
2.87139e-06
1.56215e-06
2.42973e-06
2.48881e-06
1.75409e-06
1.27112e-06
6.89179e-07
4.01273e-07
2.82067e-07
2.86027e-07
4.14522e-07
6.3591e-07
9.63504e-07
1.37214e-06
1.85531e-06
2.24622e-06
2.0913e-06
8.71084e-07
0
0
0
0
0
0
0
0
0
0
0
0
0
0
0
0
0
0
0
0
0
0
0
0
0
0
0
0
0
0
0
0
0
0
0
0
0
0
0
0
0
0
0
0
0
0
0
0
0
0
0
0
0
0
0
0
0
0
0
0
0
0
0
0
0
0
0
0
0
2.4393e-10
3.31465e-07
3.25417e-06
4.74006e-06
3.22486e-06
1.58236e-06
1.16256e-06
3.52795e-07
0
0
7.03624e-07
9.02224e-07
1.25177e-06
9.66815e-07
0
0
0
1.58342e-06
1.01451e-05
1.18918e-05
7.21226e-06
0
0
0
0
0
0
0
4.95535e-06
7.60844e-06
0
0
3.21866e-07
4.24128e-06
5.58978e-06
4.35762e-06
4.27811e-08
0
0
0
0
8.88164e-07
2.06609e-07
0
0
0
0
0
0
0
0
0
0
0
0
0
0
0
0
0
0
2.87308e-07
9.47571e-07
5.32189e-07
0
0
0
0
0
0
0
0
7.03711e-07
1.73978e-06
2.31886e-06
3.50188e-06
5.82282e-06
4.94467e-06
5.77147e-07
0
0
0
0
0
0
0
0
0
0
0
0
0
4.74294e-07
2.00267e-06
6.39572e-07
2.19861e-06
2.13419e-06
1.69986e-06
1.27253e-06
7.22668e-07
4.99056e-07
3.99689e-07
4.59496e-07
6.34083e-07
9.12364e-07
1.33818e-06
1.91998e-06
2.74051e-06
3.75587e-06
4.60665e-06
3.50761e-06
0
0
0
0
0
0
0
0
1.11742e-07
2.01809e-07
2.30306e-07
2.38337e-07
2.55274e-07
2.65191e-07
2.17277e-07
1.56146e-07
9.37406e-08
0
0
0
0
0
0
0
0
0
0
0
0
0
0
0
0
0
0
0
0
0
0
0
0
0
0
0
0
0
0
0
0
0
0
0
0
0
0
0
0
0
0
0
0
0
0
0
0
0
0
0
0
0
1.54987e-06
5.26358e-06
5.56394e-06
3.44676e-06
1.78301e-06
2.00816e-06
1.25952e-06
3.10108e-07
5.66621e-07
3.44684e-07
7.66178e-08
0
0
0
0
1.8017e-07
6.54968e-06
1.27275e-05
1.20309e-05
7.44007e-06
1.85883e-06
0
0
0
0
0
0
5.66478e-06
1.04956e-05
0
0
8.78237e-08
2.62481e-06
0
0
0
0
2.20826e-06
2.99749e-06
2.68378e-06
1.96443e-06
1.2882e-06
8.07684e-07
6.41179e-07
7.19864e-07
7.57459e-07
6.02259e-07
3.35965e-07
0
0
0
0
0
0
0
0
0
0
0
4.27394e-07
6.00797e-07
0
0
0
0
0
0
0
3.01322e-06
4.89819e-06
5.58015e-06
5.70047e-06
5.67236e-06
5.77848e-06
6.31796e-06
6.5459e-06
2.92299e-06
0
0
0
0
0
0
0
0
0
0
0
0
0
0
1.24882e-06
8.58256e-07
3.16285e-07
2.02792e-06
1.64815e-06
1.4959e-06
1.09866e-06
6.10378e-07
4.51356e-07
3.42612e-07
3.78752e-07
4.12434e-07
4.2785e-07
4.38263e-07
4.38258e-07
4.64422e-07
4.82197e-07
4.61295e-07
3.40165e-07
5.85175e-08
0
0
1.79657e-07
3.77598e-07
4.10761e-07
3.15297e-07
1.52208e-07
0
0
0
0
0
0
0
0
0
0
0
0
0
0
0
0
0
0
0
0
0
0
0
0
0
0
0
0
0
0
0
0
0
0
0
0
0
0
0
0
0
0
0
0
0
0
0
0
0
0
0
0
0
0
0
0
0
0
0
0
0
2.49628e-07
4.16321e-06
6.23103e-06
6.02666e-06
3.79679e-06
2.08084e-06
3.14618e-06
2.35617e-06
1.16246e-06
2.69615e-07
0
0
0
0
0
4.90122e-07
3.47568e-06
9.742e-06
1.44177e-05
1.28836e-05
7.37405e-06
1.90305e-06
0
0
0
0
0
0
3.93173e-06
1.30262e-05
0
0
0
0
0
0
0
1.49005e-06
2.73745e-06
3.33859e-06
3.18368e-06
2.39469e-06
1.29712e-06
2.46642e-07
0
0
0
0
0
0
0
0
0
0
0
0
0
0
0
0
0
0
0
0
0
0
6.22727e-07
3.68233e-06
5.31124e-06
6.04773e-06
6.35507e-06
6.46899e-06
6.37848e-06
6.25468e-06
6.19644e-06
5.7131e-06
3.22008e-06
6.45709e-07
0
0
0
0
0
0
0
0
0
0
0
0
0
0
1.27676e-06
0
3.82485e-07
1.91529e-06
1.28557e-06
1.39566e-06
9.49566e-07
5.14043e-07
3.46319e-07
1.68307e-07
9.0364e-08
0
0
0
0
0
1.32059e-07
2.65694e-07
0
0
0
0
0
0
0
0
0
0
0
0
0
0
0
0
0
0
0
0
0
0
0
0
0
0
0
0
0
0
0
0
0
0
0
0
0
0
0
0
0
0
0
0
0
0
0
0
0
0
0
0
0
0
0
0
0
0
0
0
0
0
0
0
0
0
0
0
0
0
1.74962e-06
4.65334e-06
4.78369e-06
5.3475e-06
4.01466e-06
2.36877e-06
2.94016e-06
2.70796e-06
2.23238e-06
0
0
0
0
0
0
1.55501e-06
6.28371e-06
1.21669e-05
1.53849e-05
1.35647e-05
7.48074e-06
1.58912e-06
0
0
0
2.70515e-06
2.24896e-06
0
1.56066e-06
1.45256e-05
0
0
0
0
0
0
0
0
0
0
0
0
0
0
0
0
0
0
0
0
0
0
0
0
0
0
0
0
0
0
0
0
0
0
1.0453e-06
2.96014e-06
4.09782e-06
5.13609e-06
6.01894e-06
6.30643e-06
6.07978e-06
5.61311e-06
4.99142e-06
3.98721e-06
2.43311e-06
1.02605e-06
5.50559e-07
2.95548e-07
0
0
0
0
0
0
0
0
0
0
0
0
0
0
1.02587e-06
0
5.81748e-07
1.79326e-06
1.08317e-06
1.41992e-06
8.82398e-07
4.84797e-07
2.71165e-07
4.24066e-08
0
0
0
8.76785e-08
4.34943e-07
1.0317e-06
1.8816e-06
2.29365e-06
0
0
0
0
0
0
0
0
0
0
0
0
0
0
0
0
0
0
0
0
0
0
0
0
0
0
0
0
0
0
0
0
0
0
0
0
0
0
0
0
0
0
0
0
0
0
0
0
0
0
0
0
0
0
0
0
0
0
0
0
0
0
0
0
0
0
0
0
0
0
1.80992e-06
2.28847e-06
2.02308e-06
2.57464e-06
1.84004e-06
7.99112e-08
0
1.17766e-06
2.51821e-06
0
0
0
0
0
0
1.59745e-06
7.35332e-06
1.30349e-05
1.54629e-05
1.34281e-05
7.07508e-06
1.29599e-06
0
0
7.64411e-07
4.75328e-06
8.10345e-06
3.40782e-06
1.929e-06
1.47087e-05
0
0
0
0
0
0
0
0
0
0
0
0
0
0
0
0
0
0
0
0
0
0
0
0
0
0
0
0
0
0
0
0
2.73481e-07
2.1866e-06
2.96161e-06
3.52333e-06
4.33816e-06
5.33834e-06
5.8607e-06
5.49015e-06
4.513e-06
3.48224e-06
2.26067e-06
3.73018e-07
0
0
0
6.5302e-07
6.16588e-07
3.72868e-08
0
0
0
0
0
0
0
0
0
0
0
0
6.8605e-07
0
7.12189e-07
1.62815e-06
9.85322e-07
1.61171e-06
1.02437e-06
6.35619e-07
3.45055e-07
1.21231e-07
1.47755e-07
2.76376e-07
5.39808e-07
1.01086e-06
1.86774e-06
3.3838e-06
5.85798e-06
4.63445e-06
0
0
0
0
0
0
0
0
0
0
0
0
0
0
0
0
0
0
0
0
4.98778e-07
4.08309e-07
0
0
0
0
0
0
0
0
0
0
0
0
0
0
0
0
8.69335e-08
6.22581e-08
0
0
0
0
0
0
0
0
0
0
0
0
0
0
0
0
0
0
0
0
0
0
0
0
0
0
0
0
0
0
0
0
0
0
0
0
0
1.34989e-07
1.38469e-06
0
0
0
0
0
0
0
5.56321e-06
1.09992e-05
1.36467e-05
1.20527e-05
5.96691e-06
6.33231e-07
0
6.06522e-07
1.81681e-06
5.42181e-06
1.12564e-05
8.74123e-06
4.88025e-06
1.38966e-05
0
0
0
0
0
0
0
0
0
0
0
0
0
0
0
8.49922e-08
8.14436e-07
1.55192e-06
2.08095e-06
2.25561e-06
1.98413e-06
1.16635e-06
0
0
0
0
0
3.2936e-06
5.56255e-06
3.70869e-06
9.15203e-07
9.73459e-07
1.44209e-06
1.97538e-06
2.53115e-06
3.20293e-06
4.29236e-06
5.3805e-06
5.50929e-06
4.33035e-06
3.09434e-06
2.37188e-06
6.81736e-07
0
0
0
0
1.03491e-06
1.48929e-06
8.73358e-07
0
0
0
0
0
0
0
0
0
0
0
1.21347e-07
3.6702e-07
0
9.26477e-07
1.65151e-06
1.23379e-06
2.32665e-06
1.45576e-06
8.56055e-07
4.71945e-07
3.38055e-07
5.37538e-07
8.47571e-07
1.30083e-06
2.02609e-06
3.144e-06
4.25513e-06
4.08062e-06
0
0
0
0
0
0
0
0
0
0
0
0
0
0
0
0
0
0
0
0
7.62436e-07
1.75147e-06
1.35201e-06
9.27928e-08
0
0
0
0
0
0
0
0
0
0
0
0
0
0
0
2.32993e-07
9.43092e-08
0
0
0
0
0
0
0
0
0
0
0
0
0
0
0
0
0
0
0
0
0
0
0
0
0
0
0
0
0
0
0
0
0
0
0
0
0
0
7.05122e-07
1.71166e-08
0
0
0
0
0
0
1.60713e-08
5.08623e-06
8.46632e-06
8.35738e-06
4.29241e-06
0
0
1.25532e-06
2.67675e-06
5.40095e-06
1.23047e-05
1.24375e-05
8.3707e-06
1.27283e-05
0
0
0
0
0
0
0
0
0
0
0
0
0
1.50718e-07
1.41983e-06
2.55414e-06
3.48983e-06
4.08785e-06
4.15261e-06
3.58062e-06
2.57292e-06
1.3621e-06
2.37616e-07
0
3.48223e-07
2.00038e-06
3.86755e-06
5.08415e-06
5.21973e-06
4.05308e-06
1.7794e-06
3.52187e-07
3.60466e-07
1.01105e-06
1.8851e-06
2.84611e-06
4.23969e-06
5.63251e-06
5.3475e-06
3.6464e-06
2.67745e-06
1.72747e-06
0
0
0
0
0
6.72696e-07
2.00643e-06
1.77165e-06
7.43745e-07
0
0
0
0
0
0
0
0
0
0
6.49435e-07
1.16384e-07
0
1.24695e-06
1.80589e-06
1.60725e-06
3.37448e-06
1.69979e-06
8.53806e-07
4.96435e-07
4.65054e-07
7.72734e-07
1.15747e-06
1.54651e-06
1.80053e-06
1.79617e-06
1.29431e-06
3.15678e-08
0
0
0
0
1.09291e-06
1.76848e-06
1.9056e-06
1.79596e-06
1.57527e-06
1.30249e-06
1.02539e-06
7.81809e-07
5.82078e-07
3.65232e-07
1.09185e-07
0
0
0
0
6.35969e-07
2.16401e-06
2.61515e-06
1.82418e-06
4.0293e-08
0
0
0
4.43529e-08
0
0
0
0
0
0
0
0
0
0
0
6.02444e-08
2.00374e-07
0
0
0
0
0
0
0
0
0
0
0
0
0
0
0
0
0
0
0
0
0
0
0
0
0
0
0
0
0
0
0
0
0
0
0
0
0
0
4.00183e-07
5.82036e-08
0
0
0
0
0
0
0
0
4.83533e-07
2.37989e-06
1.10603e-06
0
0
1.37228e-06
3.32671e-06
5.04091e-06
1.17109e-05
1.48469e-05
1.13204e-05
1.18115e-05
0
0
0
0
0
0
0
0
0
0
0
0
0
0
1.05206e-06
3.39026e-06
5.52749e-06
7.13291e-06
7.8032e-06
7.29274e-06
6.14392e-06
5.17876e-06
4.65683e-06
4.54063e-06
4.75043e-06
5.09366e-06
5.28216e-06
5.0413e-06
4.27439e-06
2.97463e-06
1.22675e-06
0
0
0
8.0699e-07
2.08486e-06
3.72931e-06
5.7225e-06
5.55994e-06
3.25164e-06
1.72982e-06
0
0
0
0
0
0
0
1.00285e-06
1.2766e-06
8.0868e-07
1.15139e-07
0
0
0
0
0
0
0
0
0
1.03299e-06
0
0
1.65642e-06
1.98891e-06
1.74671e-06
4.30694e-06
1.23425e-06
5.39928e-07
2.81042e-07
2.75244e-07
5.5335e-07
7.86483e-07
7.03286e-07
2.78044e-07
0
0
0
0
0
0
0
0
0
0
2.84341e-08
5.46324e-07
6.97435e-07
6.30795e-07
4.77906e-07
3.25639e-07
1.66077e-07
0
0
0
0
0
6.09415e-07
1.66585e-06
2.40432e-06
1.80632e-06
0
0
0
0
0
0
0
0
0
0
1.16008e-08
0
0
0
0
0
0
3.62684e-07
3.75756e-08
0
0
0
0
0
0
0
0
0
0
0
0
0
0
0
0
0
0
0
0
0
0
0
0
0
0
0
0
0
0
0
0
0
0
0
0
0
2.37214e-07
1.23526e-07
0
0
0
0
0
0
0
0
0
0
0
0
0
9.88978e-07
3.60999e-06
4.51609e-06
1.00741e-05
1.59883e-05
1.3506e-05
1.13539e-05
0
0
0
0
0
0
0
0
0
1.42483e-06
3.32441e-06
2.51895e-06
0
0
0
0
2.14307e-06
6.437e-06
9.19069e-06
9.9214e-06
8.99073e-06
7.8585e-06
7.23383e-06
6.82573e-06
6.43521e-06
6.02393e-06
5.56576e-06
4.89286e-06
3.94015e-06
2.70243e-06
1.24746e-06
0
0
0
1.00826e-06
1.92854e-06
2.79213e-06
4.91521e-06
7.03853e-06
3.82376e-06
9.28139e-08
0
0
0
0
0
0
0
0
0
0
0
0
0
0
0
0
0
0
0
0
1.22317e-06
0
0
1.97235e-06
2.10581e-06
1.11291e-06
0
0
0
0
0
0
0
0
0
0
0
0
0
0
0
0
0
0
0
0
0
0
2.92619e-07
2.30306e-07
4.42377e-08
0
0
0
0
0
0
1.2029e-07
7.23911e-07
1.39444e-06
1.4507e-06
1.94586e-07
0
0
0
0
0
0
4.56487e-09
1.02365e-07
2.6811e-07
5.72524e-07
4.93624e-07
0
0
0
0
0
0
1.87967e-07
3.76945e-09
0
0
0
0
0
0
0
0
0
0
0
0
0
0
0
0
0
0
0
0
0
0
0
0
0
0
0
0
0
0
0
0
0
0
0
0
1.46727e-07
2.4261e-07
0
0
0
0
0
0
0
0
0
0
0
0
0
4.66467e-07
3.31419e-06
3.70199e-06
7.85626e-06
1.57971e-05
1.50669e-05
1.12589e-05
0
0
0
0
0
0
0
2.30695e-06
5.7597e-06
9.90855e-06
1.44866e-05
9.12013e-06
0
0
0
0
0
0
2.17359e-06
4.23212e-06
4.72278e-06
4.72361e-06
4.95971e-06
5.20864e-06
5.32712e-06
5.17127e-06
4.75275e-06
4.19103e-06
3.56841e-06
2.66932e-06
1.37199e-06
0
0
5.60935e-06
4.10882e-06
2.37436e-06
1.63557e-06
1.6853e-06
3.67281e-06
6.31648e-06
1.10099e-06
0
0
0
0
0
0
0
0
0
0
0
0
1.77994e-07
0
0
0
0
0
0
0
1.22088e-06
0
0
1.92746e-06
1.87262e-06
3.104e-07
0
0
2.19684e-08
0
0
0
0
0
0
0
0
0
0
0
0
0
0
0
0
0
0
0
3.8339e-07
4.58269e-07
2.36968e-07
2.36801e-08
0
0
0
0
0
8.20989e-08
2.97111e-07
5.95506e-07
9.403e-07
7.32412e-07
0
0
0
0
0
6.82591e-09
3.38937e-07
4.5062e-07
5.24728e-07
6.63592e-07
7.2214e-07
3.57507e-07
0
0
0
0
0
0
5.76506e-09
0
0
0
0
0
1.36836e-08
1.85091e-08
0
0
0
0
0
0
0
0
0
0
0
0
0
0
0
0
0
0
0
0
0
0
0
0
0
0
0
0
0
7.88614e-08
3.76594e-07
0
0
0
0
0
0
0
0
0
0
0
0
0
1.19471e-07
2.22306e-06
2.15103e-06
4.91899e-06
1.40048e-05
1.59395e-05
1.12896e-05
0
0
0
0
0
0
7.68376e-07
3.05893e-06
6.10181e-06
9.63487e-06
9.84054e-06
0
0
0
0
0
0
0
0
6.69531e-07
1.41461e-06
1.23114e-06
1.29576e-06
2.09087e-06
3.09338e-06
3.66854e-06
3.69473e-06
3.39265e-06
3.07525e-06
2.64771e-06
1.40227e-06
0
0
2.39632e-06
2.3661e-06
1.27103e-06
5.56615e-07
1.04477e-07
1.05897e-07
1.11051e-06
3.49643e-06
0
0
0
0
0
0
0
0
0
0
0
0
3.43333e-07
0
0
0
0
0
0
0
1.0352e-06
0
0
1.49001e-06
1.5142e-06
6.58028e-07
0
2.85623e-07
6.51978e-07
3.30825e-07
0
0
0
0
0
0
0
0
0
0
0
0
0
0
0
0
0
0
0
3.95809e-07
2.27567e-07
0
0
0
0
0
0
8.87019e-08
1.82678e-07
0
0
0
0
0
0
0
0
3.40463e-07
5.93638e-07
6.84247e-07
7.23038e-07
7.74774e-07
8.30942e-07
7.76966e-07
2.68058e-07
0
0
0
0
0
0
0
0
0
0
0
0
2.82595e-08
4.49182e-08
0
0
0
0
0
0
0
0
0
0
0
0
0
0
0
0
0
0
0
0
0
0
0
0
0
0
0
0
0
4.65595e-07
0
0
0
0
0
0
0
0
0
0
0
0
1.68862e-06
1.36621e-07
1.64686e-07
0
6.81207e-07
1.0231e-05
1.57872e-05
1.12855e-05
0
0
0
0
0
0
0
0
0
0
0
0
0
0
0
6.73364e-07
0
0
0
0
5.22719e-07
5.67025e-07
3.38553e-07
3.23354e-07
7.1762e-07
1.68276e-06
2.3073e-06
2.31529e-06
2.25166e-06
2.24466e-06
1.39221e-06
0
0
0
5.58857e-07
3.7626e-07
6.75651e-08
0
0
0
0
5.89611e-07
0
0
0
0
0
0
0
0
0
0
0
0
5.95313e-08
0
0
0
0
0
0
8.96039e-07
0
0
1.13284e-06
1.37692e-06
2.96399e-06
1.50223e-06
8.10197e-07
7.63215e-07
6.19221e-07
4.00457e-07
2.04255e-07
0
0
0
0
0
0
0
0
0
0
0
0
0
0
0
0
0
1.91047e-07
1.60191e-07
0
0
0
0
0
0
0
2.62089e-07
9.60921e-08
0
0
0
3.45288e-07
8.99501e-07
9.938e-07
6.9051e-07
4.27929e-07
5.5149e-07
7.29565e-07
8.27285e-07
8.54765e-07
8.62091e-07
8.54396e-07
6.69579e-07
1.35601e-07
0
0
0
0
0
0
0
3.69181e-08
2.58154e-08
0
0
0
3.83517e-08
5.41938e-08
0
0
0
0
0
0
0
0
0
0
3.7604e-07
0
0
0
0
0
0
0
0
0
0
0
0
1.43679e-08
1.59436e-08
0
0
0
4.17643e-07
6.7222e-07
1.2244e-07
0
0
0
0
0
0
0
0
0
1.70743e-06
6.61648e-06
4.95125e-07
0
0
0
3.95122e-06
1.38791e-05
1.08518e-05
0
2.31386e-08
5.81326e-08
0
0
0
0
0
0
0
0
0
0
0
1.8155e-06
3.47408e-06
1.86595e-06
0
0
3.54773e-07
6.10858e-07
3.43681e-07
9.56307e-08
3.99437e-08
6.22569e-08
1.90609e-07
6.82194e-07
1.13225e-06
1.26777e-06
1.50874e-06
1.26084e-06
0
0
0
0
0
0
0
0
0
0
0
0
0
0
0
0
0
0
0
0
0
0
0
0
1.37541e-07
0
0
0
0
0
9.51596e-07
3.48249e-07
5.21608e-07
1.79905e-06
3.19894e-06
7.34418e-06
4.02416e-06
1.46668e-06
7.35287e-07
5.66215e-07
5.74364e-07
5.72955e-07
4.39173e-07
1.37521e-07
0
0
0
0
0
0
0
0
0
0
0
0
0
0
0
1.53469e-08
1.64963e-07
2.83291e-09
0
0
0
0
0
0
3.06853e-07
4.62165e-07
2.21066e-07
2.69759e-08
6.74768e-07
1.56952e-06
1.99182e-06
2.02213e-06
1.72666e-06
1.06245e-06
7.59799e-07
8.27514e-07
8.89004e-07
8.03676e-07
7.11331e-07
6.94545e-07
5.81726e-07
3.80521e-07
9.65917e-08
0
0
0
0
0
0
4.66444e-08
9.54568e-08
7.37507e-08
2.83965e-08
6.68024e-09
1.72855e-08
5.37567e-08
5.14103e-08
0
0
0
0
0
0
0
0
3.28188e-08
2.39902e-07
2.2433e-07
0
0
0
0
0
0
0
0
0
0
6.59401e-08
1.38551e-07
4.20652e-08
0
0
0
0
0
0
0
0
0
0
0
0
0
0
0
8.57466e-06
1.37279e-05
8.48418e-07
0
0
0
0
8.90557e-06
9.15814e-06
1.65521e-07
3.80425e-07
9.49196e-07
1.63382e-06
2.01833e-06
1.76826e-06
4.8782e-07
0
0
0
0
0
2.14033e-07
7.25174e-06
5.46481e-06
4.77147e-06
4.28187e-06
1.89315e-06
1.93164e-06
1.62096e-06
1.05659e-06
3.89277e-07
1.3283e-08
0
1.04454e-08
1.85206e-08
3.85271e-08
1.88703e-07
4.21831e-07
7.51966e-07
1.02247e-06
0
0
0
0
0
5.62235e-08
5.18538e-08
6.08096e-08
1.46201e-07
1.72779e-07
0
0
0
0
0
0
0
6.92597e-07
8.46609e-07
5.14856e-07
9.55143e-08
0
0
3.47546e-08
6.0792e-07
4.16925e-07
0
0
0
2.11991e-07
1.39911e-06
1.68647e-06
2.19358e-06
4.17461e-06
8.09046e-06
1.11788e-05
6.12648e-06
2.64299e-06
1.1837e-06
5.95294e-07
4.01883e-07
3.85385e-07
3.70804e-07
2.63537e-07
5.31752e-08
0
0
0
3.21901e-07
2.40436e-07
0
0
0
4.91004e-08
0
0
0
0
0
0
1.50513e-07
9.05345e-08
0
0
7.04726e-09
4.64218e-08
5.17842e-08
1.42431e-07
3.72986e-07
6.2415e-07
7.43351e-07
9.34974e-07
1.77771e-06
2.54639e-06
2.73698e-06
2.62762e-06
2.40557e-06
1.78251e-06
1.25286e-06
1.11981e-06
1.10385e-06
8.77993e-07
5.36493e-07
4.37544e-07
4.02755e-07
3.30809e-07
2.53645e-07
1.73699e-07
9.04871e-08
7.70724e-08
8.31956e-08
2.7793e-08
2.38637e-09
3.48368e-08
9.50855e-08
1.11827e-07
7.95991e-08
4.31661e-08
2.53736e-08
3.41752e-08
7.19487e-08
2.86563e-08
0
0
0
0
5.39108e-08
7.79878e-08
6.96374e-08
0
0
0
0
0
0
0
0
1.7536e-07
3.62366e-09
0
0
4.23995e-08
2.25626e-07
4.08095e-08
0
0
0
0
0
0
0
0
0
0
0
0
0
0
0
0
1.66351e-05
2.36083e-05
3.7237e-07
0
0
0
0
0
4.34203e-06
3.87943e-07
7.34604e-07
1.12109e-06
1.62386e-06
2.59699e-06
3.18177e-06
3.14173e-06
2.24521e-06
6.74728e-07
0
0
0
3.06707e-06
7.7034e-06
6.86625e-06
6.33824e-06
4.4159e-06
3.0397e-06
2.95506e-06
1.9281e-06
1.12288e-06
4.30166e-07
3.56251e-08
0
2.56743e-08
3.96746e-08
3.84712e-08
1.6409e-08
0
1.64681e-07
7.21548e-07
2.46736e-07
0
0
0
2.02961e-08
2.19052e-07
2.81658e-07
2.97175e-07
4.83258e-07
7.17111e-07
7.87054e-07
0
0
0
0
0
0
6.03539e-07
1.10594e-06
9.969e-07
4.22997e-07
0
0
8.76483e-08
8.17687e-07
1.28823e-06
5.13257e-06
1.60027e-06
4.25292e-07
1.14828e-06
2.31539e-06
3.72078e-06
4.78957e-06
8.40174e-06
1.35775e-05
1.31904e-05
7.84265e-06
4.12442e-06
2.111e-06
1.01839e-06
4.13583e-07
9.36577e-08
0
0
0
0
0
2.87971e-07
1.08245e-06
1.67438e-06
1.63485e-06
7.54853e-07
0
0
0
0
0
0
0
0
1.65219e-07
2.40765e-07
1.92483e-07
1.70117e-07
1.98026e-07
2.52503e-07
3.23167e-07
4.47942e-07
6.49546e-07
8.80874e-07
1.13199e-06
1.61404e-06
2.21842e-06
2.38005e-06
2.3625e-06
2.37086e-06
2.39127e-06
2.0206e-06
1.51402e-06
1.29924e-06
1.30607e-06
1.12581e-06
5.7385e-07
2.21044e-07
2.16631e-07
2.54292e-07
2.66115e-07
2.64518e-07
2.72761e-07
2.80033e-07
2.70685e-07
1.8133e-07
9.57951e-08
6.92498e-08
8.71146e-08
1.07705e-07
9.84924e-08
7.01908e-08
4.36012e-08
2.76785e-08
5.06484e-08
7.1189e-08
0
0
0
1.16414e-08
1.69405e-07
1.76375e-07
9.09763e-08
0
0
0
0
0
0
0
3.73754e-08
2.99745e-07
5.19956e-09
0
3.87555e-09
7.31444e-08
4.15663e-08
0
0
0
0
0
0
0
0
0
0
0
0
0
0
0
0
0
2.70573e-05
3.69484e-05
0
0
0
0
0
0
0
6.65473e-07
9.92155e-07
5.63997e-07
5.63291e-07
1.18839e-06
2.0567e-06
2.53622e-06
2.40583e-06
1.70033e-06
7.64533e-07
1.77002e-07
3.89065e-07
1.90922e-06
3.16716e-06
3.00154e-06
2.29536e-06
2.08433e-06
3.14546e-06
2.52291e-06
1.6305e-06
9.78934e-07
3.60919e-07
4.46557e-08
1.1137e-08
5.03941e-08
5.56302e-08
5.70469e-08
7.07979e-08
0
0
3.35257e-07
5.17727e-07
0
0
0
1.93662e-07
4.12037e-07
5.2497e-07
5.51559e-07
7.29617e-07
1.10729e-06
1.40218e-06
1.42461e-06
0
0
0
0
0
1.69102e-07
8.65705e-07
9.26404e-07
4.00418e-07
0
0
1.15999e-07
8.91007e-07
1.97913e-06
1.03575e-05
3.17028e-06
1.01643e-06
1.92784e-06
3.25907e-06
5.6055e-06
7.74349e-06
1.27042e-05
1.69328e-05
1.42553e-05
9.29741e-06
5.64053e-06
3.28169e-06
1.77746e-06
8.22751e-07
2.04236e-07
0
0
0
0
0
0
9.24989e-07
2.18926e-06
4.06216e-06
5.90533e-06
4.05002e-06
1.02686e-07
0
0
0
0
0
0
1.99197e-07
4.84796e-07
4.74071e-07
4.4732e-07
4.71726e-07
5.35671e-07
6.40635e-07
8.16739e-07
1.02975e-06
1.22091e-06
1.41279e-06
1.77148e-06
2.02826e-06
1.88894e-06
1.75138e-06
1.84453e-06
2.09449e-06
2.06119e-06
1.66299e-06
1.38231e-06
1.37308e-06
1.32271e-06
7.69436e-07
1.72466e-07
5.68436e-08
1.75042e-07
2.49769e-07
2.88595e-07
3.14209e-07
3.43201e-07
3.47624e-07
2.86823e-07
1.82529e-07
1.2396e-07
1.06256e-07
1.02719e-07
9.99126e-08
8.70893e-08
6.50724e-08
3.97157e-08
2.83473e-08
4.77228e-08
0
0
0
8.25471e-08
3.30339e-07
2.76088e-07
7.27371e-08
0
0
0
0
0
0
0
1.04451e-07
1.49821e-07
1.55032e-08
1.64947e-08
2.68187e-09
3.67792e-08
0
0
0
0
0
0
0
0
0
0
0
0
0
0
0
0
0
4.39977e-06
4.0577e-05
5.68402e-05
0
0
0
0
0
0
0
2.23827e-06
1.93385e-06
0
0
0
0
0
0
0
0
0
0
0
0
3.52682e-07
7.93535e-07
1.91664e-06
2.64708e-06
1.8348e-06
1.20394e-06
6.4056e-07
2.51998e-07
8.00315e-08
8.06199e-08
9.77327e-08
7.41205e-08
5.18399e-08
7.06228e-08
4.24262e-08
0
2.21736e-08
4.72161e-07
0
0
0
4.38801e-07
6.34786e-07
7.4449e-07
8.06194e-07
9.06667e-07
1.3341e-06
1.81776e-06
2.16258e-06
1.05629e-06
0
0
0
0
0
4.80102e-07
5.33259e-07
1.96313e-07
0
0
1.32326e-07
8.95746e-07
2.53927e-06
1.4076e-05
4.11119e-06
1.37599e-06
2.46505e-06
3.71326e-06
6.10688e-06
9.15227e-06
1.44e-05
1.785e-05
1.50014e-05
1.05239e-05
7.06364e-06
4.5152e-06
2.70534e-06
1.48093e-06
6.64305e-07
1.02166e-07
0
0
0
0
0
4.00875e-07
1.62533e-06
4.42693e-06
1.0758e-05
1.50312e-05
3.7935e-06
0
0
0
0
0
0
3.34546e-07
8.07505e-07
8.13762e-07
7.57783e-07
7.46882e-07
7.80061e-07
8.57806e-07
9.99212e-07
1.10696e-06
1.11757e-06
1.13635e-06
1.38242e-06
1.66266e-06
1.57655e-06
1.42966e-06
1.46117e-06
1.72284e-06
1.96572e-06
1.79188e-06
1.4981e-06
1.40526e-06
1.39983e-06
9.56154e-07
2.44296e-07
0
1.00162e-07
2.19329e-07
2.85635e-07
3.20804e-07
3.46483e-07
3.58786e-07
3.27432e-07
2.43068e-07
1.6933e-07
1.31678e-07
1.0509e-07
9.26731e-08
9.03024e-08
8.05655e-08
6.10268e-08
2.8398e-08
1.63625e-08
0
0
0
5.60305e-08
4.82425e-07
4.14757e-07
2.95698e-08
0
0
0
0
0
0
0
3.26117e-08
0
0
0
0
0
0
0
0
0
0
0
0
0
0
0
0
0
0
0
0
0
0
1.07135e-05
5.93644e-05
9.17518e-05
0
0
0
0
0
0
0
2.26906e-06
6.47425e-07
0
0
0
0
0
0
0
0
0
0
0
0
9.41632e-08
1.01342e-06
2.06337e-06
1.80575e-06
1.2466e-06
7.74275e-07
4.32762e-07
2.27115e-07
1.72198e-07
1.64723e-07
1.53038e-07
1.20228e-07
8.65096e-08
7.76318e-08
8.8863e-08
0
0
3.85897e-07
1.03572e-07
0
0
7.21458e-07
8.79889e-07
9.36904e-07
1.02516e-06
1.09533e-06
1.44023e-06
2.05603e-06
2.53982e-06
2.68187e-06
0
0
0
0
0
1.18277e-07
1.08302e-07
0
0
0
1.4073e-07
8.73654e-07
3.00877e-06
1.66791e-05
4.77699e-06
1.63562e-06
2.82131e-06
3.76807e-06
5.47292e-06
8.63226e-06
1.34292e-05
1.6815e-05
1.5223e-05
1.15833e-05
8.38017e-06
5.77491e-06
3.71793e-06
2.26254e-06
1.29573e-06
6.59619e-07
2.59486e-07
0
0
0
0
3.49189e-07
1.21467e-06
3.74973e-06
1.01459e-05
1.88314e-05
1.15591e-05
0
2.8347e-06
2.31266e-05
0
0
0
6.62227e-07
1.17872e-06
1.13695e-06
1.02109e-06
9.40848e-07
8.87854e-07
8.36636e-07
8.09291e-07
8.25269e-07
8.03686e-07
7.78041e-07
8.77305e-07
1.08273e-06
1.105e-06
1.0217e-06
1.03755e-06
1.26468e-06
1.69795e-06
1.80118e-06
1.57755e-06
1.43307e-06
1.41814e-06
1.10288e-06
3.97482e-07
3.25045e-08
6.47889e-08
1.72232e-07
2.54332e-07
3.02151e-07
3.28012e-07
3.43945e-07
3.28037e-07
2.67768e-07
2.05746e-07
1.64059e-07
1.2188e-07
8.80961e-08
8.07081e-08
7.93739e-08
6.9165e-08
3.70959e-08
0
0
0
0
0
2.52056e-07
6.25529e-07
0
0
0
0
0
0
0
0
0
0
0
0
0
0
0
0
0
0
0
0
0
0
0
0
0
0
0
0
0
0
0
1.87725e-05
8.43818e-05
0.000157106
0
0
0
0
0
0
0
0
0
0
0
0
0
0
0
0
0
0
0
0
0
5.47861e-07
1.38663e-06
1.53479e-06
1.11372e-06
6.96406e-07
4.6975e-07
3.4087e-07
3.01748e-07
2.67404e-07
2.11086e-07
1.76655e-07
1.48897e-07
1.27805e-07
1.23163e-07
1.50684e-07
9.17428e-08
0
2.47153e-07
3.26694e-07
0
0
1.04391e-06
1.16339e-06
1.11944e-06
1.18629e-06
1.26777e-06
1.47644e-06
2.14031e-06
2.71586e-06
3.23036e-06
1.58492e-06
0
0
0
0
0
0
0
0
0
1.35892e-07
8.38541e-07
3.40763e-06
1.84041e-05
5.36372e-06
1.86965e-06
3.11444e-06
3.77704e-06
4.54246e-06
7.15465e-06
1.11277e-05
1.45044e-05
1.4564e-05
1.21721e-05
9.39301e-06
6.81044e-06
4.58964e-06
2.96273e-06
1.88774e-06
1.23756e-06
8.91073e-07
6.48326e-07
3.40259e-07
1.5634e-07
4.00666e-07
8.12939e-07
1.34316e-06
3.43037e-06
8.4377e-06
1.58175e-05
1.5377e-05
8.93667e-06
3.11344e-05
4.50253e-05
1.17751e-05
0
0
1.14165e-06
1.50837e-06
1.33414e-06
1.10393e-06
9.21169e-07
7.76279e-07
6.8586e-07
6.39217e-07
6.31187e-07
6.21976e-07
6.1096e-07
6.62738e-07
8.00066e-07
8.5064e-07
7.99448e-07
7.96418e-07
9.40307e-07
1.32215e-06
1.67353e-06
1.56543e-06
1.40642e-06
1.36861e-06
1.18206e-06
5.88773e-07
1.53254e-07
8.13206e-08
1.28524e-07
1.97328e-07
2.53343e-07
2.86429e-07
3.11204e-07
3.0566e-07
2.65064e-07
2.21914e-07
1.90229e-07
1.51984e-07
1.04566e-07
7.9926e-08
7.43737e-08
6.83118e-08
4.23531e-08
0
0
0
0
0
0
3.66583e-07
0
0
0
0
0
0
0
0
0
0
0
0
0
0
0
0
0
0
0
0
0
0
0
0
0
0
0
0
0
0
0
2.75536e-05
0.000107987
0.000245343
0
0
0
0
0
0
0
0
0
0
0
0
0
0
0
0
0
0
0
0
3.40949e-07
8.46644e-07
1.10022e-06
8.3173e-07
5.26748e-07
4.03945e-07
3.65139e-07
3.80052e-07
3.59531e-07
2.82281e-07
1.76922e-07
1.34558e-07
1.27397e-07
1.38175e-07
1.59828e-07
2.1436e-07
2.53296e-07
2.81099e-07
3.16758e-07
2.68989e-07
0
0
1.34633e-06
1.48123e-06
1.2982e-06
1.27942e-06
1.34501e-06
1.47986e-06
2.0377e-06
2.69418e-06
3.18826e-06
3.13434e-06
0
0
0
0
0
0
0
0
0
1.52075e-07
7.99885e-07
3.71791e-06
1.91606e-05
5.91164e-06
2.09455e-06
3.43616e-06
3.96405e-06
3.79676e-06
5.60077e-06
8.71629e-06
1.16601e-05
1.24875e-05
1.12671e-05
9.30794e-06
7.12622e-06
5.01455e-06
3.381e-06
2.28249e-06
1.65097e-06
1.3331e-06
1.08416e-06
7.76389e-07
6.57421e-07
9.21257e-07
1.23836e-06
1.58522e-06
3.28285e-06
7.07398e-06
1.2623e-05
1.33267e-05
1.65548e-05
2.56946e-05
3.49435e-05
1.18454e-05
0
0
1.5428e-06
1.60185e-06
1.29861e-06
9.78685e-07
7.66818e-07
6.39711e-07
5.60587e-07
5.19145e-07
5.07598e-07
5.01163e-07
4.92186e-07
5.23713e-07
6.2781e-07
6.93978e-07
6.67206e-07
6.53422e-07
7.43653e-07
9.85187e-07
1.40233e-06
1.43783e-06
1.29931e-06
1.23252e-06
1.13894e-06
7.09971e-07
2.92423e-07
1.33701e-07
1.14639e-07
1.46481e-07
1.89574e-07
2.16728e-07
2.50348e-07
2.6753e-07
2.48878e-07
2.17582e-07
1.94266e-07
1.68984e-07
1.26864e-07
9.14868e-08
7.5655e-08
6.89684e-08
5.07656e-08
0
0
0
8.25688e-09
0
0
9.41468e-08
5.75099e-08
0
0
0
0
0
0
0
0
0
0
0
0
0
0
0
0
0
0
0
0
0
0
0
0
0
0
0
0
0
3.05613e-06
3.36027e-05
0.000107347
0.000111004
0
0
0
0
0
0
0
0
0
0
0
0
0
0
0
0
0
0
0
2.49708e-07
5.1639e-07
5.92046e-07
4.58695e-07
3.40063e-07
3.40325e-07
3.35679e-07
3.67586e-07
3.81135e-07
3.08137e-07
1.98015e-07
1.21186e-07
1.00673e-07
1.15057e-07
1.41842e-07
1.82461e-07
2.64823e-07
3.24213e-07
4.73189e-07
6.23975e-07
5.10921e-07
5.05744e-08
0
1.3693e-06
1.72067e-06
1.43343e-06
1.30421e-06
1.32097e-06
1.43231e-06
1.80815e-06
2.50384e-06
2.87032e-06
3.28419e-06
1.01376e-06
0
0
0
0
0
0
0
0
2.2862e-07
8.01029e-07
4.07468e-06
1.87496e-05
6.64468e-06
2.49336e-06
3.95517e-06
4.52549e-06
3.68753e-06
4.78999e-06
7.0737e-06
9.05093e-06
9.80605e-06
9.57356e-06
8.68336e-06
7.05075e-06
5.1574e-06
3.4478e-06
2.22371e-06
1.52316e-06
1.17271e-06
9.20181e-07
6.74414e-07
6.55753e-07
9.36766e-07
1.21236e-06
1.57786e-06
3.20728e-06
6.30271e-06
9.97415e-06
1.02433e-05
1.42364e-05
1.96299e-05
2.81859e-05
2.39309e-06
0
9.23065e-07
1.76754e-06
1.50939e-06
1.1015e-06
8.30713e-07
6.59588e-07
5.48147e-07
4.75723e-07
4.38532e-07
4.3062e-07
4.30822e-07
4.25895e-07
4.49959e-07
5.31188e-07
6.00833e-07
5.95056e-07
5.77373e-07
6.32167e-07
7.95242e-07
1.13476e-06
1.27599e-06
1.18427e-06
1.10543e-06
1.06078e-06
7.76569e-07
4.16541e-07
2.1121e-07
1.42367e-07
1.38226e-07
1.532e-07
1.5092e-07
1.76913e-07
2.20281e-07
2.30664e-07
2.13602e-07
1.95276e-07
1.80905e-07
1.5218e-07
1.15848e-07
9.00679e-08
7.75691e-08
6.42013e-08
0
0
4.84243e-08
9.54662e-08
5.85694e-08
0
1.12575e-07
2.48315e-07
9.2655e-09
0
0
0
0
0
0
0
0
0
0
0
0
0
0
0
0
0
0
1.54669e-06
0
0
0
0
0
0
0
0
0
6.94157e-06
3.62795e-05
7.02268e-05
0
0
0
0
0
0
0
0
0
0
0
0
0
0
0
0
0
0
3.34682e-10
1.28296e-07
2.33254e-07
2.18869e-07
2.03678e-07
2.23041e-07
2.54684e-07
2.93221e-07
3.31285e-07
3.3477e-07
2.76899e-07
1.91606e-07
1.25641e-07
9.06672e-08
9.47169e-08
1.21865e-07
1.37464e-07
1.78712e-07
2.95368e-07
3.63279e-07
3.89475e-07
5.88928e-07
4.76937e-07
3.17723e-07
1.55812e-07
1.30753e-06
1.81999e-06
1.52713e-06
1.30498e-06
1.25014e-06
1.32754e-06
1.57003e-06
2.13778e-06
2.47908e-06
2.81335e-06
2.30816e-06
0
0
0
0
0
0
0
1.50025e-07
2.68589e-07
7.46783e-07
4.23259e-06
1.71878e-05
7.49142e-06
3.0942e-06
4.63097e-06
5.50674e-06
4.40121e-06
4.75436e-06
5.93549e-06
6.93695e-06
7.66575e-06
8.05554e-06
7.5507e-06
6.05892e-06
3.95502e-06
2.24257e-06
1.27717e-06
8.26574e-07
6.44096e-07
5.27265e-07
4.41159e-07
5.5744e-07
8.70175e-07
1.1718e-06
1.77336e-06
3.43436e-06
5.66228e-06
6.89839e-06
7.86675e-06
1.11817e-05
1.5746e-05
2.22178e-05
0
0
1.54585e-06
1.55098e-06
1.17294e-06
8.77543e-07
6.82077e-07
5.52764e-07
4.62026e-07
3.99079e-07
3.6611e-07
3.6122e-07
3.6471e-07
3.67631e-07
3.93663e-07
4.55603e-07
5.17173e-07
5.23583e-07
5.04455e-07
5.33467e-07
6.43617e-07
8.63957e-07
1.01661e-06
9.73917e-07
9.11772e-07
9.01817e-07
7.50315e-07
4.69583e-07
2.68051e-07
1.77383e-07
1.5077e-07
1.42528e-07
1.05984e-07
1.03422e-07
1.50289e-07
1.90762e-07
1.95681e-07
1.82979e-07
1.75078e-07
1.63131e-07
1.39025e-07
1.13351e-07
9.62087e-08
8.50192e-08
2.28418e-08
0
1.0669e-07
1.53438e-07
1.49397e-07
7.55789e-08
1.82531e-07
2.99703e-07
6.61685e-08
0
0
0
0
0
0
0
0
0
0
0
0
0
0
0
0
0
2.25384e-06
2.54609e-06
0
0
0
0
0
0
0
0
0
8.98569e-06
2.83387e-05
3.34078e-06
0
0
0
0
0
0
0
0
0
0
0
0
0
0
0
0
0
1.58846e-08
5.82103e-08
8.03526e-08
1.00974e-07
1.20247e-07
1.59457e-07
2.00209e-07
2.26572e-07
2.57715e-07
2.27933e-07
1.88716e-07
1.47998e-07
1.07728e-07
8.13231e-08
7.68378e-08
9.49218e-08
1.24267e-07
1.0931e-07
1.27223e-07
2.33106e-07
2.84348e-07
2.10757e-07
5.55082e-07
2.21659e-07
0
0
8.96425e-07
1.87661e-06
1.6067e-06
1.28361e-06
1.15053e-06
1.17359e-06
1.31464e-06
1.58836e-06
1.99028e-06
2.20473e-06
2.46432e-06
3.49344e-07
0
0
0
0
0
0
7.10321e-08
1.09672e-07
4.92329e-07
3.79886e-06
1.43215e-05
8.09826e-06
3.83135e-06
5.49789e-06
7.02788e-06
5.82561e-06
5.1756e-06
5.36192e-06
5.90191e-06
6.52563e-06
6.55551e-06
5.59307e-06
3.76304e-06
2.11473e-06
1.16523e-06
7.17267e-07
5.50141e-07
5.27814e-07
5.39474e-07
5.98263e-07
8.24808e-07
1.1583e-06
1.49978e-06
2.16431e-06
3.2246e-06
4.0314e-06
4.61264e-06
6.40328e-06
9.27788e-06
1.35137e-05
1.28326e-05
0
1.00805e-06
1.48792e-06
1.20228e-06
9.02085e-07
6.94129e-07
5.60357e-07
4.6754e-07
3.95279e-07
3.41744e-07
3.15825e-07
3.15752e-07
3.2289e-07
3.35945e-07
3.64726e-07
4.11937e-07
4.65423e-07
4.79625e-07
4.61078e-07
4.72333e-07
5.54987e-07
6.95039e-07
7.7811e-07
7.59728e-07
7.23512e-07
7.32979e-07
6.77301e-07
4.66401e-07
2.89767e-07
1.98981e-07
1.62751e-07
1.43006e-07
9.19721e-08
6.44015e-08
9.67847e-08
1.48638e-07
1.7752e-07
1.71707e-07
1.63322e-07
1.61297e-07
1.53386e-07
1.39903e-07
1.26765e-07
1.19907e-07
9.38463e-08
5.91028e-08
1.56378e-07
1.88577e-07
1.94279e-07
1.63366e-07
2.33905e-07
2.04305e-07
5.48811e-09
0
0
0
0
0
0
0
0
0
0
0
0
0
0
0
0
0
3.94565e-06
3.01082e-06
0
0
0
0
0
0
0
0
0
8.50213e-06
1.20167e-05
0
0
0
0
0
0
0
0
0
0
0
0
0
0
0
0
1.48028e-08
2.2697e-08
2.81542e-08
3.4716e-08
4.85323e-08
7.48816e-08
1.04838e-07
1.36853e-07
1.48842e-07
1.44207e-07
1.27224e-07
1.10517e-07
9.72744e-08
8.43584e-08
7.61608e-08
7.48234e-08
7.27517e-08
8.03246e-08
9.96839e-08
7.37461e-08
5.6121e-08
1.13332e-07
2.74319e-08
0
0
5.76193e-07
3.88358e-08
0
3.95267e-07
2.10414e-06
1.90519e-06
1.34839e-06
1.01624e-06
9.61106e-07
1.03071e-06
1.12843e-06
1.3711e-06
1.65524e-06
2.03823e-06
1.57171e-06
0
0
0
0
0
0
0
0
1.71562e-08
2.7709e-06
1.06414e-05
8.06897e-06
4.7013e-06
6.69045e-06
8.87856e-06
7.41164e-06
5.96521e-06
5.63973e-06
5.78815e-06
5.60761e-06
4.73747e-06
3.32564e-06
2.00807e-06
1.13773e-06
6.86975e-07
4.98036e-07
4.70122e-07
5.25245e-07
5.87758e-07
6.74324e-07
8.2878e-07
9.66661e-07
1.11601e-06
1.46128e-06
1.89155e-06
2.4048e-06
3.50315e-06
5.46618e-06
8.22046e-06
1.15577e-05
0
3.65567e-07
1.31438e-06
1.16999e-06
8.92764e-07
6.89478e-07
5.54997e-07
4.63771e-07
3.96217e-07
3.39297e-07
2.96869e-07
2.80625e-07
2.83864e-07
2.97831e-07
3.2312e-07
3.48324e-07
3.82442e-07
4.2599e-07
4.44966e-07
4.30517e-07
4.32869e-07
5.05218e-07
5.93781e-07
6.16217e-07
5.74588e-07
5.40327e-07
5.52262e-07
5.55013e-07
4.15468e-07
2.77092e-07
1.99031e-07
1.60903e-07
1.37642e-07
9.03917e-08
5.0191e-08
6.5531e-08
1.09788e-07
1.58384e-07
1.64114e-07
1.51292e-07
1.49923e-07
1.51717e-07
1.51402e-07
1.50798e-07
1.50409e-07
1.49494e-07
1.36363e-07
1.88967e-07
2.03171e-07
2.017e-07
1.9058e-07
2.1251e-07
1.11053e-08
0
0
6.41792e-08
6.56057e-08
0
0
0
0
0
0
0
0
0
0
0
0
0
1.35055e-06
5.0021e-06
3.32738e-06
0
0
0
0
0
0
0
0
0
4.88486e-06
0
0
0
0
0
0
0
0
0
1.54099e-07
0
0
0
6.8225e-10
6.17281e-09
7.70947e-09
1.04302e-08
1.50424e-08
2.21255e-08
3.13658e-08
3.98812e-08
4.71469e-08
5.18582e-08
5.74701e-08
6.25058e-08
6.6561e-08
6.88548e-08
7.09449e-08
7.21232e-08
7.15215e-08
6.8671e-08
6.63056e-08
6.73595e-08
6.15383e-08
5.14339e-08
6.10662e-08
4.88448e-08
1.29334e-08
1.09615e-08
0
0
0
0
1.55507e-06
2.09878e-06
1.82906e-06
2.22184e-06
2.02033e-06
1.38738e-06
8.61641e-07
6.83125e-07
6.8877e-07
7.19128e-07
8.61263e-07
1.18241e-06
1.48534e-06
1.62409e-06
4.26313e-07
0
0
0
0
0
0
0
0
1.51296e-06
7.10967e-06
7.23998e-06
5.57914e-06
7.9725e-06
1.03652e-05
8.91849e-06
7.28698e-06
6.50116e-06
5.57618e-06
4.23663e-06
2.82719e-06
1.73768e-06
9.43775e-07
4.09034e-07
1.1105e-07
0
0
0
0
4.44898e-08
1.15436e-07
1.95488e-07
3.57761e-07
6.52561e-07
1.08348e-06
1.8491e-06
3.22686e-06
5.21161e-06
7.59285e-06
3.21947e-06
1.13955e-07
1.05113e-06
1.04411e-06
8.29655e-07
6.42614e-07
5.20536e-07
4.46241e-07
3.91832e-07
3.4185e-07
2.9634e-07
2.66854e-07
2.56348e-07
2.63779e-07
2.84054e-07
3.17838e-07
3.38399e-07
3.60084e-07
3.92646e-07
4.13404e-07
4.05086e-07
4.05343e-07
4.62926e-07
5.22316e-07
5.27704e-07
4.75394e-07
4.33182e-07
4.33871e-07
4.24636e-07
3.38266e-07
2.43325e-07
1.8343e-07
1.51351e-07
1.31656e-07
9.52691e-08
5.08103e-08
5.18136e-08
8.12469e-08
1.32993e-07
1.57402e-07
1.40813e-07
1.35912e-07
1.42074e-07
1.49894e-07
1.56543e-07
1.60936e-07
1.66375e-07
1.79535e-07
1.99945e-07
1.98848e-07
1.83049e-07
1.58695e-07
1.13507e-07
0
0
3.98724e-08
1.54623e-07
1.01842e-07
0
0
0
0
0
0
0
0
0
0
0
0
0
3.94047e-06
5.92979e-06
3.73871e-06
3.92506e-07
0
0
0
0
0
6.99593e-07
5.64223e-07
5.66648e-07
0
0
0
0
0
0
0
0
0
1.79306e-06
0
0
0
0
4.49719e-10
7.21569e-09
9.03553e-09
1.00422e-08
1.15279e-08
1.40164e-08
1.7694e-08
2.20184e-08
2.62836e-08
3.03216e-08
3.54304e-08
4.1857e-08
5.0009e-08
5.77499e-08
6.15855e-08
6.09153e-08
5.45996e-08
4.86576e-08
4.43517e-08
4.5598e-08
4.41153e-08
2.99294e-08
3.10555e-08
3.0306e-08
5.09336e-09
0
0
0
0
0
0
3.00114e-06
4.32725e-06
4.13469e-06
3.47941e-06
2.84897e-06
2.09203e-06
8.45039e-07
3.3663e-07
3.59535e-07
5.03379e-07
7.48258e-07
1.05581e-06
1.19223e-06
9.14584e-07
0
0
0
0
0
0
0
0
3.81144e-07
4.22517e-06
5.68344e-06
5.82484e-06
8.45654e-06
1.10135e-05
1.04772e-05
8.9061e-06
6.87956e-06
4.43409e-06
2.49303e-06
1.42197e-06
7.5202e-07
1.65668e-07
0
0
0
0
0
0
0
0
4.26518e-08
3.18605e-07
7.07548e-07
1.28011e-06
2.15552e-06
3.43066e-06
4.66748e-06
2.61914e-06
2.26504e-07
7.67358e-07
8.22019e-07
6.97034e-07
5.60985e-07
4.61603e-07
4.01484e-07
3.62701e-07
3.28344e-07
2.92784e-07
2.63543e-07
2.44656e-07
2.42278e-07
2.523e-07
2.75575e-07
3.11912e-07
3.2778e-07
3.40243e-07
3.64006e-07
3.84802e-07
3.8155e-07
3.75572e-07
4.12695e-07
4.62303e-07
4.71044e-07
4.19143e-07
3.72539e-07
3.63357e-07
3.49813e-07
2.91179e-07
2.14701e-07
1.64383e-07
1.37906e-07
1.23791e-07
1.01864e-07
5.95403e-08
4.82884e-08
6.37425e-08
1.07965e-07
1.46118e-07
1.31258e-07
1.19087e-07
1.25228e-07
1.38116e-07
1.48687e-07
1.53115e-07
1.56031e-07
1.70086e-07
1.9439e-07
1.8062e-07
1.49132e-07
1.03037e-07
4.11889e-08
0
2.56158e-08
1.3686e-07
1.80678e-07
9.42691e-08
0
0
0
0
0
0
1.94604e-08
0
0
0
0
0
1.44291e-07
5.86444e-06
7.03342e-06
4.30715e-06
7.69229e-07
0
0
0
0
9.3281e-07
2.44766e-06
2.41625e-06
9.64264e-07
0
0
0
0
0
0
0
0
0
3.66129e-06
0
0
0
0
5.21153e-09
8.08863e-09
8.78202e-09
9.74252e-09
1.18296e-08
1.49882e-08
1.9044e-08
2.37653e-08
2.87076e-08
3.34931e-08
3.79667e-08
4.1644e-08
4.34651e-08
4.33391e-08
4.09327e-08
3.70597e-08
3.2698e-08
3.05323e-08
2.96431e-08
3.02382e-08
3.10905e-08
1.98567e-08
1.12628e-08
1.28243e-08
7.43101e-09
0
0
0
0
0
0
2.12739e-06
1.06744e-05
8.77637e-06
6.48843e-06
5.37527e-06
4.88449e-06
4.25908e-06
0
0
6.50899e-08
3.62553e-07
6.19634e-07
7.665e-07
7.11619e-07
2.46405e-07
0
0
0
0
0
0
0
0
2.16178e-06
3.83475e-06
5.09034e-06
7.94228e-06
1.12095e-05
1.20673e-05
9.67724e-06
5.2596e-06
2.09777e-06
1.13286e-06
8.14233e-07
3.47669e-07
0
0
0
0
0
0
0
0
0
6.28565e-08
3.97818e-07
8.07581e-07
1.32847e-06
1.95269e-06
2.29387e-06
6.91439e-07
2.25977e-07
4.97924e-07
5.60038e-07
5.14532e-07
4.44929e-07
3.84894e-07
3.43772e-07
3.20068e-07
3.04e-07
2.82971e-07
2.60502e-07
2.40959e-07
2.31918e-07
2.34036e-07
2.42926e-07
2.65262e-07
2.99845e-07
3.11807e-07
3.18436e-07
3.37184e-07
3.58677e-07
3.58996e-07
3.46538e-07
3.60543e-07
4.03084e-07
4.22534e-07
3.84526e-07
3.338e-07
3.1463e-07
3.01699e-07
2.65438e-07
2.02556e-07
1.53826e-07
1.27248e-07
1.16232e-07
1.08343e-07
7.36938e-08
5.12447e-08
5.52858e-08
8.84871e-08
1.35036e-07
1.28139e-07
1.06273e-07
1.0802e-07
1.21125e-07
1.34094e-07
1.36951e-07
1.381e-07
1.46534e-07
1.76708e-07
1.59998e-07
1.09783e-07
5.71895e-08
4.52704e-08
1.20012e-07
1.3633e-07
1.72415e-07
1.65547e-07
4.04986e-08
0
0
0
0
0
0
1.54127e-07
0
0
0
0
0
3.72382e-06
7.92541e-06
8.45296e-06
4.86159e-06
6.75087e-07
0
0
0
4.93685e-07
2.42925e-06
4.18628e-06
4.22747e-06
1.29657e-06
0
0
0
0
0
0
0
0
0
3.64153e-06
0
0
0
0
5.65572e-09
9.84382e-09
1.21705e-08
1.41136e-08
1.61948e-08
1.82866e-08
2.01155e-08
2.14408e-08
2.17374e-08
2.13355e-08
2.05472e-08
2.01113e-08
2.07849e-08
2.27892e-08
2.51099e-08
2.69123e-08
2.71688e-08
2.56553e-08
2.39422e-08
2.14498e-08
2.12979e-08
1.44731e-08
0
0
0
0
1.77459e-09
1.10253e-07
0
0
0
6.62124e-06
1.68083e-05
1.25402e-05
8.74987e-06
6.63067e-06
4.26736e-06
0
0
0
0
0
1.32187e-07
2.97107e-07
3.11477e-07
1.44895e-07
0
0
0
0
0
0
0
0
9.34097e-07
2.41941e-06
4.15831e-06
7.2944e-06
1.1166e-05
1.21993e-05
6.04444e-06
9.60289e-07
9.52232e-07
1.19767e-06
8.39858e-07
3.21985e-07
0
0
0
0
0
0
0
0
0
0
3.60096e-08
2.75083e-07
4.19893e-07
1.81265e-07
0
1.6949e-07
3.05873e-07
3.47857e-07
3.41892e-07
3.20861e-07
2.99711e-07
2.82967e-07
2.71705e-07
2.66499e-07
2.59837e-07
2.4775e-07
2.32815e-07
2.23384e-07
2.21564e-07
2.2424e-07
2.2991e-07
2.48221e-07
2.79339e-07
2.89694e-07
2.93744e-07
3.09566e-07
3.3141e-07
3.36126e-07
3.21999e-07
3.14331e-07
3.41775e-07
3.72127e-07
3.51825e-07
2.98785e-07
2.70353e-07
2.6101e-07
2.44498e-07
1.96471e-07
1.49129e-07
1.20755e-07
1.11146e-07
1.13978e-07
9.10736e-08
6.03994e-08
5.36064e-08
7.39033e-08
1.22641e-07
1.27503e-07
9.87431e-08
9.29165e-08
1.03284e-07
1.15027e-07
1.19736e-07
1.22058e-07
1.28159e-07
1.53751e-07
1.47137e-07
7.59446e-08
4.16102e-08
8.8871e-08
1.80683e-07
1.86216e-07
1.63692e-07
1.03493e-07
0
0
0
0
0
0
7.47613e-08
1.18357e-07
0
0
0
0
0
6.19298e-06
1.06186e-05
9.92566e-06
5.20153e-06
9.52746e-08
0
0
0
1.47747e-06
3.9666e-06
5.93424e-06
6.09567e-06
2.18624e-06
0
0
0
0
0
0
0
0
7.60563e-06
2.65259e-06
0
0
0
0
8.65754e-09
1.40254e-08
1.67468e-08
1.74251e-08
1.62804e-08
1.3573e-08
9.8679e-09
6.10803e-09
3.22337e-09
2.65895e-09
5.31085e-09
1.05516e-08
1.66e-08
2.12552e-08
2.32706e-08
2.24179e-08
1.9948e-08
1.62281e-08
1.34193e-08
1.02163e-08
8.17346e-09
5.67675e-09
0
0
0
0
2.15328e-09
1.35872e-07
6.81179e-07
1.63148e-06
2.72168e-06
5.90027e-06
1.02304e-05
1.12272e-05
8.15276e-06
2.97993e-06
0
0
0
0
0
0
0
0
0
0
0
0
0
0
0
0
0
0
2.35701e-07
1.4718e-06
3.28683e-06
6.39482e-06
9.9766e-06
7.25143e-06
0
1.13596e-06
1.40357e-06
8.99653e-07
5.39204e-07
2.63467e-07
0
0
0
0
0
0
0
0
0
0
0
0
0
3.27155e-10
1.23179e-07
1.83549e-07
2.07123e-07
2.13825e-07
2.16948e-07
2.2032e-07
2.23382e-07
2.255e-07
2.2763e-07
2.2783e-07
2.24977e-07
2.18357e-07
2.09454e-07
2.0672e-07
2.08021e-07
2.09563e-07
2.12197e-07
2.24587e-07
2.50667e-07
2.61706e-07
2.664e-07
2.79644e-07
2.99761e-07
3.08339e-07
2.96891e-07
2.81442e-07
2.85833e-07
3.14434e-07
3.11014e-07
2.61996e-07
2.23162e-07
2.13839e-07
2.14893e-07
1.86162e-07
1.45205e-07
1.1709e-07
1.08426e-07
1.18192e-07
1.08235e-07
7.5782e-08
5.89849e-08
6.67845e-08
1.12287e-07
1.29362e-07
9.87549e-08
8.34342e-08
8.88555e-08
9.88764e-08
1.05389e-07
1.14002e-07
1.2133e-07
1.40463e-07
1.48299e-07
6.3731e-08
6.21774e-08
1.3827e-07
2.00459e-07
1.88414e-07
1.16463e-07
0
0
0
0
0
0
0
1.93289e-07
7.13622e-09
0
0
0
0
2.71714e-06
8.54661e-06
1.3652e-05
1.04786e-05
5.23858e-06
0
0
0
0
2.61742e-06
5.62619e-06
7.69949e-06
7.96219e-06
3.99008e-06
0
0
0
0
0
0
0
0
1.77262e-05
4.6187e-07
0
0
0
0
4.59464e-10
3.94111e-09
7.67295e-09
1.03988e-08
1.00887e-08
5.99229e-09
0
0
0
0
6.17946e-10
5.33239e-09
9.05111e-09
1.08284e-08
1.07716e-08
9.01622e-09
6.63342e-09
4.006e-09
1.44021e-09
0
0
0
0
0
0
0
0
0
1.26098e-07
8.0927e-07
1.9671e-06
2.35571e-06
1.86191e-06
6.45884e-07
0
0
0
3.70703e-07
4.7339e-08
0
0
0
0
0
0
0
0
0
0
0
0
0
0
0
0
8.63423e-07
2.58082e-06
5.49564e-06
8.32566e-06
1.49763e-06
1.7167e-06
1.26201e-06
4.14539e-07
4.19945e-07
5.57078e-07
3.92733e-07
3.82668e-08
0
0
0
0
0
0
0
0
0
0
0
1.19484e-08
6.32054e-08
9.46872e-08
1.13053e-07
1.27153e-07
1.40338e-07
1.55582e-07
1.70382e-07
1.83786e-07
1.94232e-07
2.0046e-07
2.00456e-07
1.96637e-07
1.9084e-07
1.87564e-07
1.89252e-07
1.91866e-07
1.92796e-07
1.93319e-07
1.99314e-07
2.18568e-07
2.31208e-07
2.38206e-07
2.49132e-07
2.6537e-07
2.77359e-07
2.7066e-07
2.55327e-07
2.54846e-07
2.70709e-07
2.74545e-07
2.34006e-07
1.80698e-07
1.6266e-07
1.73744e-07
1.66347e-07
1.3743e-07
1.12971e-07
1.06894e-07
1.21781e-07
1.24037e-07
9.63391e-08
7.16827e-08
6.82734e-08
1.04893e-07
1.33205e-07
1.07391e-07
8.2082e-08
7.98327e-08
8.74369e-08
9.77461e-08
1.14526e-07
1.26284e-07
1.42012e-07
1.61547e-07
8.40096e-08
1.1009e-07
1.78179e-07
2.00445e-07
1.56997e-07
4.3232e-08
0
0
0
0
0
0
0
0
0
0
0
0
0
5.08123e-06
1.099e-05
1.57783e-05
8.60157e-06
3.53277e-06
0
0
0
0
4.18212e-06
7.51636e-06
9.54702e-06
9.98446e-06
6.77143e-06
0
0
0
0
0
0
0
5.67837e-05
1.90727e-05
0
0
1.62227e-08
2.50657e-08
3.05944e-08
3.37569e-08
3.678e-08
4.10175e-08
4.48102e-08
4.49569e-08
4.0149e-08
3.124e-08
2.11072e-08
1.25557e-08
6.64323e-09
3.56155e-09
2.93252e-09
3.92022e-09
5.199e-09
5.68361e-09
4.72367e-09
2.11728e-09
0
0
0
0
0
0
0
0
0
0
0
0
0
0
0
0
0
0
0
1.67335e-07
7.04342e-07
5.80618e-07
8.47806e-08
0
0
0
0
0
0
0
0
0
0
0
0
0
0
0
3.49314e-07
1.94348e-06
4.76889e-06
6.49654e-06
1.94512e-06
1.01265e-06
0
0
7.015e-07
1.1289e-06
8.65316e-07
2.94063e-07
0
0
0
0
0
0
0
0
0
0
0
2.67948e-08
4.60565e-08
6.21596e-08
7.69653e-08
9.16988e-08
1.12184e-07
1.36445e-07
1.5791e-07
1.73907e-07
1.82817e-07
1.83237e-07
1.79044e-07
1.72499e-07
1.68404e-07
1.69785e-07
1.73925e-07
1.77017e-07
1.77733e-07
1.76909e-07
1.77825e-07
1.90214e-07
2.04432e-07
2.12076e-07
2.21116e-07
2.36025e-07
2.50833e-07
2.50664e-07
2.42859e-07
2.42996e-07
2.55595e-07
2.64702e-07
2.35095e-07
1.6743e-07
1.31087e-07
1.39496e-07
1.45619e-07
1.29023e-07
1.09393e-07
1.06537e-07
1.25363e-07
1.38278e-07
1.19323e-07
9.08284e-08
7.82723e-08
1.02741e-07
1.37375e-07
1.23092e-07
9.19899e-08
7.89198e-08
8.13929e-08
9.6917e-08
1.25203e-07
1.44093e-07
1.59254e-07
1.85198e-07
1.33556e-07
1.66382e-07
2.03903e-07
1.88378e-07
1.07317e-07
0
0
0
0
0
0
0
0
0
0
0
0
0
0
6.2306e-06
1.30009e-05
1.60991e-05
1.79037e-06
0
9.32325e-08
0
0
0
6.74121e-06
9.74166e-06
1.14688e-05
1.21167e-05
9.96436e-06
0
0
0
0
0
0
2.39793e-05
7.08771e-05
7.62893e-06
0
0
2.46451e-08
3.52653e-08
4.13982e-08
4.38154e-08
4.45576e-08
4.5864e-08
4.74783e-08
4.71687e-08
4.36714e-08
3.68919e-08
2.7196e-08
1.64371e-08
6.86223e-09
0
0
0
0
0
0
0
0
0
0
0
0
0
0
0
0
0
0
0
0
0
0
0
0
0
0
4.74189e-07
6.48814e-07
4.80811e-07
2.5566e-07
0
0
0
0
0
0
0
0
0
0
0
0
0
0
0
0
1.12376e-06
3.57335e-06
2.6863e-06
1.1491e-06
0
0
0
1.15047e-06
1.6891e-06
1.31394e-06
5.7952e-07
0
0
0
0
0
0
0
0
0
3.38861e-12
1.94999e-08
3.23856e-08
4.42533e-08
5.71929e-08
7.14392e-08
8.8e-08
1.1265e-07
1.36556e-07
1.54114e-07
1.61387e-07
1.59253e-07
1.51924e-07
1.40988e-07
1.34984e-07
1.35971e-07
1.40688e-07
1.45476e-07
1.47781e-07
1.47944e-07
1.46706e-07
1.45092e-07
1.52356e-07
1.6461e-07
1.71375e-07
1.80129e-07
1.94997e-07
2.12944e-07
2.23246e-07
2.24045e-07
2.25943e-07
2.36345e-07
2.48531e-07
2.33054e-07
1.64624e-07
1.07106e-07
1.06628e-07
1.1953e-07
1.14054e-07
9.98337e-08
9.97337e-08
1.20315e-07
1.39834e-07
1.31557e-07
1.04288e-07
8.59293e-08
9.79951e-08
1.31704e-07
1.32824e-07
1.07343e-07
8.59796e-08
7.94953e-08
9.70843e-08
1.40171e-07
1.68136e-07
1.8217e-07
2.08351e-07
1.86547e-07
2.06e-07
2.07938e-07
1.59421e-07
4.84503e-08
0
0
0
0
0
0
0
0
0
0
7.48161e-07
0
0
2.59312e-06
6.4898e-06
1.36105e-05
1.38993e-05
0
0
0
4.88067e-06
0
1.10555e-06
1.10347e-05
1.22023e-05
1.31874e-05
1.39122e-05
1.25532e-05
1.62358e-06
0
0
0
0
0
6.11971e-05
3.07583e-05
0
0
0
0
0
0
0
8.10976e-09
1.85008e-08
2.63267e-08
3.10684e-08
3.26914e-08
2.99986e-08
2.19155e-08
1.06514e-08
0
0
0
0
0
0
0
0
0
0
0
0
0
0
0
0
0
0
0
0
0
0
0
0
0
0
1.07496e-07
7.35988e-07
4.64164e-07
1.53539e-07
1.50913e-08
0
0
0
0
0
0
0
0
0
0
0
0
0
0
0
0
5.94305e-07
7.76151e-07
1.1549e-06
1.79207e-07
0
0
0
7.95603e-08
1.18359e-06
1.2181e-06
5.9318e-07
1.72868e-08
0
0
0
0
0
0
0
4.80436e-08
5.19501e-08
4.26759e-08
4.26585e-08
4.83827e-08
5.68717e-08
6.68587e-08
8.15238e-08
1.01762e-07
1.19555e-07
1.27221e-07
1.24901e-07
1.14702e-07
9.99259e-08
9.10128e-08
8.99457e-08
9.50009e-08
1.03155e-07
1.0973e-07
1.13224e-07
1.13242e-07
1.11277e-07
1.07777e-07
1.06719e-07
1.14706e-07
1.21714e-07
1.30963e-07
1.47728e-07
1.6974e-07
1.88898e-07
1.9757e-07
2.02234e-07
2.11275e-07
2.23372e-07
2.18972e-07
1.61739e-07
8.39745e-08
6.99339e-08
8.41668e-08
8.8522e-08
8.21667e-08
8.52361e-08
1.07325e-07
1.31658e-07
1.32513e-07
1.09063e-07
8.67633e-08
8.89096e-08
1.17302e-07
1.32885e-07
1.23416e-07
1.05135e-07
8.94876e-08
9.67789e-08
1.54397e-07
1.96444e-07
2.07688e-07
2.26254e-07
2.20484e-07
2.18673e-07
1.93168e-07
1.22525e-07
0
0
0
0
0
0
0
0
0
0
1.57326e-07
2.07387e-06
1.69779e-08
0
3.6761e-06
6.3474e-06
1.2777e-05
8.06718e-06
0
0
0
3.72525e-06
7.33635e-06
1.33127e-05
1.51576e-05
1.47778e-05
1.47608e-05
1.54084e-05
1.46849e-05
8.35713e-06
0
0
0
0
2.23663e-05
3.327e-05
6.02101e-06
0
0
0
0
0
0
0
0
7.80393e-09
3.49468e-08
5.11122e-08
5.64629e-08
4.91734e-08
3.17416e-08
7.48134e-09
0
0
0
0
0
0
0
0
0
0
0
0
0
0
0
0
0
0
0
0
5.78852e-09
3.62034e-08
1.26582e-07
3.19427e-07
5.08114e-07
4.03042e-07
3.99752e-07
6.35239e-07
1.17698e-07
0
0
0
0
0
0
0
0
0
0
0
0
0
0
0
0
0
0
0
0
0
0
0
0
0
0
0
2.74308e-07
4.159e-07
8.05966e-08
0
0
0
0
0
0
0
2.02149e-07
1.46084e-07
4.86557e-08
1.68596e-08
1.29072e-08
2.1154e-08
3.35918e-08
4.77549e-08
6.12593e-08
6.82392e-08
6.69898e-08
5.59532e-08
4.06779e-08
3.18269e-08
3.05661e-08
3.48871e-08
4.37218e-08
5.3865e-08
6.24947e-08
6.79634e-08
6.95187e-08
6.76867e-08
6.30985e-08
5.74704e-08
5.56983e-08
5.73039e-08
6.47481e-08
8.30425e-08
1.08561e-07
1.33645e-07
1.49493e-07
1.57849e-07
1.67018e-07
1.78119e-07
1.80538e-07
1.3985e-07
4.80167e-08
1.11887e-08
2.83877e-08
4.18077e-08
4.8789e-08
5.96377e-08
8.50686e-08
1.12863e-07
1.19485e-07
1.01135e-07
7.6847e-08
7.25778e-08
9.44952e-08
1.19437e-07
1.29378e-07
1.26895e-07
1.16219e-07
1.04427e-07
1.51562e-07
2.06893e-07
2.17265e-07
2.24175e-07
2.129e-07
1.87018e-07
1.50287e-07
7.43216e-08
0
0
0
0
0
0
0
0
0
0
1.03776e-06
2.3218e-06
4.61413e-07
1.74916e-06
3.86578e-06
6.03617e-06
1.13099e-05
0
0
0
0
0
0
7.888e-06
1.40362e-05
1.64117e-05
1.62558e-05
1.64323e-05
1.6075e-05
1.24619e-05
0
0
0
0
2.31653e-05
1.4857e-05
0
0
0
0
0
0
0
3.77102e-08
9.14019e-08
1.48859e-07
1.9541e-07
2.11867e-07
1.8609e-07
1.19728e-07
3.15004e-08
0
0
0
0
0
0
0
0
0
0
0
0
0
0
0
0
0
0
0
3.2216e-10
1.44061e-08
3.13221e-08
5.40871e-08
9.56016e-08
1.84338e-07
3.46199e-07
3.98586e-07
3.80243e-07
0
0
0
0
0
0
0
0
0
0
0
0
0
0
2.52085e-07
3.91119e-07
3.5607e-07
1.74507e-07
0
0
0
0
0
0
0
0
0
0
0
1.96936e-06
1.28446e-06
1.88689e-07
0
0
0
0
0
4.11237e-08
1.07411e-07
8.24454e-08
0
0
0
0
3.14864e-09
1.64379e-08
2.70288e-08
3.1816e-08
2.80199e-08
1.10344e-08
0
0
0
0
0
0
8.75032e-10
1.2214e-08
2.11018e-08
2.62971e-08
2.63076e-08
2.04755e-08
8.77518e-09
0
0
0
1.2732e-08
4.29396e-08
7.22738e-08
9.34905e-08
1.05536e-07
1.16425e-07
1.28439e-07
1.35746e-07
1.11578e-07
1.05234e-08
0
0
0
0
2.91349e-08
6.80459e-08
1.00108e-07
1.05375e-07
8.49076e-08
6.02352e-08
5.48704e-08
7.42423e-08
1.04475e-07
1.3036e-07
1.46619e-07
1.5316e-07
1.42554e-07
1.49449e-07
1.97114e-07
2.08906e-07
2.09453e-07
1.8524e-07
1.27542e-07
8.15352e-08
2.03934e-08
0
0
0
0
0
0
0
0
0
0
2.44796e-06
2.07613e-06
1.54344e-06
2.05804e-06
3.78746e-06
5.85416e-06
1.17719e-05
0
0
0
0
0
0
6.36786e-06
1.17379e-05
1.65818e-05
1.78172e-05
1.73486e-05
1.71445e-05
1.50743e-05
8.01321e-06
0
0
1.4963e-06
1.57525e-05
4.40553e-06
0
0
0
0
5.65764e-08
5.5457e-08
5.83635e-08
6.28225e-08
7.50646e-08
9.67801e-08
1.22569e-07
1.41943e-07
1.43063e-07
1.15844e-07
5.96033e-08
0
0
0
0
0
0
0
0
0
0
0
0
0
0
0
0
0
0
0
0
6.57728e-09
3.12512e-08
6.18862e-08
9.47815e-08
1.31165e-07
1.82978e-07
2.15546e-07
2.22234e-07
1.50766e-07
0
0
0
0
0
0
1.53407e-08
1.76989e-08
0
0
0
0
2.85727e-08
8.18233e-07
1.71671e-06
2.34449e-06
2.67075e-06
2.676e-06
2.36374e-06
1.74239e-06
6.23178e-07
0
0
0
0
0
0
1.12238e-06
2.1318e-06
3.56335e-07
0
0
0
0
0
0
0
4.58361e-09
0
0
0
0
0
6.70437e-09
1.98189e-08
3.26058e-08
4.93499e-08
4.39696e-08
0
0
0
0
0
0
0
0
0
0
0
0
0
0
0
0
0
0
0
5.01056e-09
3.14824e-08
4.84363e-08
6.40718e-08
8.13579e-08
9.54613e-08
8.8945e-08
0
0
0
0
0
0
5.95638e-08
1.0897e-07
9.86414e-08
5.65386e-08
2.63791e-08
2.75941e-08
5.35776e-08
9.13486e-08
1.29899e-07
1.61489e-07
1.85822e-07
1.92096e-07
1.74075e-07
1.79463e-07
1.82988e-07
1.80997e-07
1.45887e-07
6.23789e-08
0
0
0
0
0
0
0
0
0
0
0
0
3.01091e-06
1.64028e-06
1.70431e-06
6.91503e-07
3.33341e-06
5.05587e-06
1.53888e-05
0
0
0
0
0
6.50982e-06
1.20357e-05
1.13231e-05
1.60514e-05
1.81648e-05
1.81236e-05
1.73183e-05
1.62105e-05
1.25907e-05
1.37248e-06
0
0
7.68581e-06
0
0
0
0
0
8.6733e-08
5.43645e-08
0
0
0
0
0
0
0
0
0
0
0
0
0
0
0
0
0
0
0
0
0
0
0
0
0
0
0
2.1781e-09
2.47792e-08
5.14994e-08
8.1859e-08
1.14901e-07
1.45697e-07
1.70512e-07
1.8512e-07
1.84973e-07
1.82561e-07
1.85316e-07
1.40525e-07
7.61868e-08
4.71296e-08
4.62504e-08
6.2179e-08
9.11134e-08
1.34072e-07
1.96642e-07
2.9243e-07
4.20878e-07
6.03583e-07
7.06194e-07
7.83947e-07
1.10483e-06
1.76116e-06
2.76377e-06
4.23879e-06
5.40338e-06
6.08815e-06
5.92632e-06
4.73522e-06
2.82457e-06
6.29947e-07
0
0
0
0
0
0
0
0
0
0
0
0
0
0
0
0
0
0
0
0
8.41888e-09
5.27045e-08
1.02718e-07
1.00228e-07
7.0402e-09
0
0
0
0
0
0
0
0
0
0
0
0
0
0
0
0
0
0
0
0
0
0
0
2.25254e-08
6.27306e-08
8.65093e-08
0
0
0
0
0
0
2.97523e-08
1.44502e-07
1.04917e-07
0
0
0
1.23405e-08
6.98262e-08
1.30111e-07
1.79654e-07
2.14976e-07
2.3369e-07
2.25466e-07
1.97335e-07
1.65079e-07
1.50025e-07
1.08485e-07
3.50528e-09
0
0
0
0
0
0
0
0
0
0
0
5.03996e-07
2.40349e-06
8.00072e-07
0
0
2.04524e-06
2.95579e-06
2.2986e-05
6.86798e-05
0
0
0
0
2.10939e-05
2.02013e-05
1.34556e-05
1.64773e-05
1.83839e-05
1.88759e-05
1.7649e-05
1.64411e-05
1.42064e-05
8.43555e-06
0
0
1.38576e-06
0
0
0
0
0
1.27427e-07
9.3467e-08
4.12893e-08
0
0
0
0
0
0
0
0
0
0
0
0
0
0
0
0
0
0
0
0
0
0
0
0
0
0
0
3.571e-08
8.60063e-08
1.34311e-07
1.70395e-07
1.93499e-07
2.07448e-07
2.21327e-07
2.51955e-07
3.1402e-07
3.95975e-07
4.55203e-07
4.59982e-07
4.22529e-07
3.75116e-07
3.38133e-07
3.20021e-07
3.22339e-07
3.47517e-07
4.01406e-07
4.82974e-07
6.16731e-07
8.15314e-07
1.02639e-06
1.22097e-06
1.45995e-06
1.94891e-06
2.79641e-06
4.2177e-06
6.1951e-06
7.16344e-06
6.8936e-06
5.74914e-06
4.14983e-06
2.30587e-06
6.34761e-07
0
0
0
0
0
0
0
0
0
0
0
0
0
0
0
0
0
0
8.55771e-08
2.23319e-07
3.38907e-07
2.96238e-07
1.64911e-07
3.3823e-08
0
0
0
0
0
0
0
0
0
0
0
0
0
0
0
0
0
0
0
0
0
0
0
2.65551e-08
1.84269e-07
4.46048e-07
1.51383e-07
0
0
0
0
1.5857e-08
2.90684e-07
1.6457e-07
0
0
0
0
3.536e-08
1.43532e-07
2.20839e-07
2.61633e-07
2.71428e-07
2.65687e-07
2.53196e-07
2.08658e-07
1.62381e-07
1.03199e-07
0
0
0
0
0
0
0
0
0
0
0
0
6.92239e-07
3.97851e-07
0
0
0
0
1.06342e-06
3.44733e-05
9.96747e-05
4.6266e-05
0
0
9.14792e-06
3.24284e-05
2.73168e-05
1.64247e-05
1.76406e-05
1.93358e-05
1.95751e-05
1.90994e-05
1.68234e-05
1.46325e-05
1.05502e-05
2.51173e-06
0
0
0
0
0
0
0
2.87317e-07
2.01011e-07
1.25426e-07
4.12989e-08
0
0
0
0
0
0
0
0
0
0
0
0
0
0
0
0
0
0
0
0
0
0
0
8.18005e-09
5.0508e-08
1.01478e-07
1.55926e-07
2.0698e-07
2.48033e-07
2.74792e-07
2.88917e-07
2.99679e-07
3.19516e-07
3.52852e-07
4.00503e-07
4.57355e-07
5.15726e-07
5.61317e-07
5.91258e-07
6.04174e-07
6.03536e-07
6.05158e-07
6.06355e-07
6.08934e-07
6.25086e-07
6.64924e-07
7.24424e-07
8.07403e-07
9.28337e-07
1.05767e-06
1.18139e-06
1.3431e-06
1.62708e-06
2.11507e-06
3.11025e-06
3.88051e-06
3.90615e-06
3.43561e-06
2.69468e-06
1.70602e-06
6.65498e-07
0
0
0
0
0
0
0
0
0
0
0
0
0
0
0
0
0
0
5.6361e-08
1.43253e-07
2.22706e-07
3.29327e-07
4.23688e-07
3.46039e-07
0
0
0
0
0
0
0
0
0
0
8.43668e-08
9.49037e-07
0
0
0
0
0
0
0
0
0
0
0
3.64254e-08
3.595e-07
1.11405e-06
1.5826e-06
0
0
0
0
6.88877e-07
1.41923e-06
9.85272e-07
0
0
0
0
1.03936e-07
3.51462e-07
4.87656e-07
5.24497e-07
5.00209e-07
4.6637e-07
4.25031e-07
3.36743e-07
2.14198e-07
9.05833e-08
0
0
0
0
0
0
0
0
1.81975e-07
0
0
1.04983e-07
0
0
0
0
0
0
3.43691e-06
3.07746e-05
5.59607e-05
4.00874e-05
0
0
2.25319e-05
3.94436e-05
3.13805e-05
1.80806e-05
1.82139e-05
2.08121e-05
2.12011e-05
2.08572e-05
1.94903e-05
1.60053e-05
1.18876e-05
5.39109e-06
0
0
0
0
0
0
0
0
0
0
0
0
0
0
0
0
0
0
0
0
0
0
0
0
0
0
0
0
0
0
0
1.40643e-08
4.67169e-08
6.61738e-08
7.56698e-08
7.82954e-08
8.06993e-08
8.90569e-08
1.06187e-07
1.31212e-07
1.57541e-07
1.773e-07
1.90059e-07
2.04685e-07
2.20011e-07
2.35748e-07
2.56326e-07
2.81486e-07
3.07392e-07
3.30107e-07
3.50172e-07
3.70236e-07
3.94402e-07
4.25006e-07
4.61994e-07
5.1001e-07
5.60725e-07
6.01103e-07
6.47955e-07
7.04589e-07
7.60572e-07
8.05469e-07
8.38623e-07
8.78849e-07
9.56463e-07
1.16659e-06
1.34769e-06
1.32129e-06
1.16749e-06
9.29444e-07
6.13746e-07
2.9416e-07
5.74858e-08
0
0
0
0
0
0
0
0
0
0
0
0
0
0
0
0
0
0
4.64394e-08
1.57321e-07
4.76642e-07
9.21783e-07
1.14262e-06
5.28989e-07
0
0
0
0
0
0
0
0
0
7.46336e-07
2.21225e-06
1.29156e-06
0
0
0
3.98379e-07
8.13569e-07
6.26309e-07
2.33368e-07
0
0
0
8.2881e-08
2.56784e-07
9.97187e-07
1.63852e-06
0
0
0
1.0321e-06
2.69906e-06
3.38356e-06
2.57826e-06
3.8147e-07
0
0
0
4.77644e-07
1.02294e-06
1.23283e-06
1.2312e-06
1.12954e-06
9.91211e-07
8.18223e-07
5.85312e-07
3.24607e-07
2.74298e-08
0
0
0
0
5.95267e-08
0
0
6.86812e-07
8.95733e-07
1.0631e-07
9.42861e-07
5.70428e-07
0
0
0
0
0
0
3.6369e-06
9.19257e-06
2.09917e-05
1.87657e-05
0
0
2.83705e-05
3.91239e-05
3.06047e-05
1.7362e-05
1.62563e-05
1.98889e-05
2.13658e-05
2.16533e-05
2.08967e-05
1.87555e-05
1.41554e-05
7.87829e-06
0
0
0
0
0
0
0
3.72003e-08
7.19162e-08
1.33087e-07
1.87423e-07
2.17668e-07
2.11351e-07
1.63628e-07
8.57059e-08
7.32078e-09
0
0
0
0
0
0
0
0
0
0
0
0
0
0
6.36074e-09
7.06072e-08
1.11435e-07
1.17436e-07
8.76014e-08
3.23545e-08
0
0
0
0
0
4.81801e-08
9.22282e-08
1.24932e-07
1.61451e-07
2.06317e-07
2.40756e-07
2.57683e-07
2.55719e-07
2.40674e-07
2.19816e-07
1.98766e-07
1.9405e-07
2.04294e-07
2.25007e-07
2.54228e-07
2.9242e-07
3.4137e-07
3.86377e-07
4.27976e-07
4.66458e-07
4.94097e-07
5.0667e-07
5.12009e-07
5.25972e-07
5.45047e-07
5.40449e-07
5.06905e-07
4.49666e-07
3.62781e-07
2.53044e-07
1.51387e-07
6.10354e-08
0
0
0
0
0
0
0
0
0
0
0
0
0
0
0
0
0
0
0
9.3898e-08
2.99243e-07
6.18993e-07
0
0
0
0
1.48956e-06
3.03355e-06
3.08737e-06
1.98591e-06
7.9472e-07
5.29177e-08
0
1.98901e-06
3.8569e-06
2.67375e-06
9.79567e-07
0
0
3.90651e-06
4.38278e-06
3.06445e-06
1.5542e-06
6.49423e-07
3.04393e-07
2.87823e-07
9.89525e-08
0
7.72467e-07
1.41895e-06
8.88082e-07
0
0
0
8.79328e-07
1.80736e-06
1.08807e-06
5.1911e-07
1.84621e-07
0
0
1.18381e-07
1.08833e-06
1.35084e-06
1.26153e-06
1.10685e-06
9.87681e-07
8.40187e-07
5.96253e-07
2.73257e-07
0
0
0
0
0
0
0
4.72785e-07
1.32594e-06
6.48954e-07
5.67991e-07
1.21021e-06
6.60479e-07
0
4.81452e-08
0
0
0
6.1756e-06
0
0
1.921e-06
2.04562e-06
0
0
3.11505e-05
3.82057e-05
2.92906e-05
1.57118e-05
1.43109e-05
1.78783e-05
2.06659e-05
2.18159e-05
2.19826e-05
2.05259e-05
1.74255e-05
1.14563e-05
2.49215e-06
0
0
0
0
0
0
2.453e-07
3.00921e-07
3.63048e-07
4.03354e-07
4.18693e-07
4.06142e-07
3.63258e-07
2.866e-07
1.7985e-07
6.39447e-08
0
0
0
0
0
0
0
0
0
0
3.61129e-09
1.03599e-07
1.61054e-07
1.82781e-07
1.88941e-07
1.88371e-07
1.61571e-07
9.10186e-08
4.73645e-09
0
0
0
1.13556e-08
4.43331e-08
5.91272e-08
5.80042e-08
5.36073e-08
5.9001e-08
7.69789e-08
9.95057e-08
1.16895e-07
1.24665e-07
1.24278e-07
1.20121e-07
1.16734e-07
1.16788e-07
1.21371e-07
1.31196e-07
1.42065e-07
1.53115e-07
1.64037e-07
1.752e-07
1.88166e-07
2.03102e-07
2.17724e-07
2.2917e-07
2.3604e-07
2.37629e-07
2.32973e-07
2.22391e-07
2.05064e-07
1.78609e-07
1.41133e-07
1.00717e-07
6.00298e-08
1.98375e-08
0
0
0
0
0
0
0
0
0
0
0
0
0
0
0
0
0
0
0
0
0
0
0
0
0
0
0
1.98255e-07
3.77552e-06
3.37472e-06
1.99766e-06
9.54174e-08
0
4.31208e-06
6.9346e-06
1.5075e-06
0
0
0
6.25914e-07
5.46799e-06
4.88713e-06
2.74734e-06
1.29297e-06
5.92975e-07
3.88041e-07
0
0
6.57373e-07
1.05649e-06
0
0
0
0
2.62265e-07
1.16169e-06
5.58909e-07
3.78778e-07
2.24424e-07
0
0
0
3.82236e-07
6.83234e-07
6.43376e-07
5.08955e-07
4.15369e-07
3.11112e-07
9.83579e-08
0
0
0
0
0
1.03957e-07
1.85121e-07
0
0
2.73221e-07
2.74261e-07
0
4.93166e-07
1.13338e-06
8.21286e-07
1.20917e-06
2.35929e-06
0
0
4.16191e-05
0
0
0
0
0
0
3.03199e-05
3.54446e-05
2.57908e-05
1.11158e-05
8.73554e-06
1.56107e-05
1.8793e-05
2.05721e-05
2.14063e-05
2.09151e-05
1.87729e-05
1.39165e-05
5.52454e-06
0
0
0
0
0
0
1.49709e-06
1.67645e-06
1.78457e-06
1.82461e-06
1.78403e-06
1.66622e-06
1.48127e-06
1.2351e-06
9.41917e-07
6.43486e-07
4.18218e-07
3.38537e-07
4.61804e-07
8.06183e-07
1.18988e-06
1.09515e-06
6.68088e-07
4.03228e-07
2.73839e-07
2.02546e-07
1.89154e-07
2.27408e-07
2.96026e-07
3.72936e-07
4.24994e-07
3.80052e-07
2.36157e-07
1.04726e-07
2.23052e-08
0
0
0
0
0
0
0
0
0
0
1.52901e-08
3.64702e-08
5.14431e-08
6.14542e-08
6.96872e-08
7.96986e-08
9.22823e-08
1.04693e-07
1.13234e-07
1.14774e-07
1.08457e-07
9.60325e-08
7.94222e-08
6.56998e-08
5.70159e-08
5.28154e-08
5.24734e-08
5.51629e-08
5.86016e-08
6.01649e-08
5.94503e-08
5.69353e-08
5.31175e-08
4.90522e-08
4.33675e-08
3.36094e-08
2.19503e-08
9.13333e-09
0
0
0
0
3.16488e-08
4.01614e-08
3.73975e-08
2.56478e-08
2.05717e-08
2.06564e-08
1.75547e-08
9.47252e-09
0
3.68569e-08
2.71238e-08
0
0
0
0
1.56449e-06
2.59717e-06
0
0
0
0
0
0
1.51447e-07
1.87442e-06
2.2732e-06
0
6.51319e-07
9.73347e-06
9.96093e-06
0
0
0
0
0
5.89753e-07
2.10338e-06
1.56244e-06
7.2168e-07
3.43248e-07
2.20915e-07
0
4.27669e-07
1.61001e-06
1.4133e-06
0
0
0
0
3.69618e-07
1.03776e-06
4.69972e-07
2.92179e-07
1.76404e-08
0
0
0
5.53864e-08
2.12348e-07
1.62507e-07
5.42001e-08
0
0
0
0
0
0
0
0
1.86653e-07
1.38119e-07
0
0
1.0718e-07
2.57431e-08
0
1.28021e-07
1.22945e-06
1.10223e-06
1.11143e-06
3.14848e-06
0
0
1.88297e-05
0
0
0
0
0
1.14364e-05
2.71379e-05
3.1869e-05
1.99507e-05
3.96994e-06
2.58179e-06
9.14009e-06
1.77771e-05
1.93209e-05
2.02723e-05
2.03001e-05
1.88814e-05
1.5043e-05
7.19874e-06
0
0
0
0
0
0
8.18082e-07
9.29801e-07
1.06112e-06
1.1591e-06
1.17615e-06
1.04757e-06
8.35218e-07
6.03842e-07
4.16401e-07
3.36533e-07
4.01172e-07
5.79802e-07
7.74061e-07
8.52077e-07
7.27246e-07
4.88845e-07
2.8718e-07
1.58679e-07
9.13116e-08
5.98579e-08
4.15694e-08
2.19849e-08
7.05535e-10
0
0
0
0
0
0
0
0
0
0
0
0
0
0
0
0
0
2.59252e-09
2.10292e-08
3.18298e-08
3.88878e-08
4.51782e-08
5.30421e-08
5.95241e-08
6.17525e-08
5.80776e-08
4.90846e-08
3.65457e-08
2.3436e-08
1.3114e-08
7.11503e-09
5.34083e-09
6.74799e-09
9.87201e-09
1.31934e-08
1.60074e-08
1.76241e-08
1.80276e-08
1.80488e-08
1.96222e-08
2.24221e-08
2.103e-08
1.69273e-08
3.32372e-09
0
0
0
1.12459e-07
1.21871e-07
1.0847e-07
1.04267e-07
8.23089e-08
1.21783e-07
1.93323e-07
2.3032e-07
1.73626e-07
0
3.52465e-07
5.87255e-07
2.57655e-07
0
7.93594e-08
1.73311e-06
8.60423e-06
8.21786e-06
1.34789e-07
0
0
0
0
0
0
7.52987e-07
2.26605e-06
2.42884e-07
1.9984e-06
1.64852e-05
7.91042e-06
0
0
0
0
0
0
0
0
0
0
0
1.41997e-07
1.74101e-06
3.90409e-06
2.2443e-06
0
0
0
0
4.65086e-07
9.03714e-07
3.91521e-07
6.39139e-08
0
0
0
0
0
0
0
0
0
0
0
0
0
0
0
8.94057e-09
2.50394e-07
1.02412e-07
0
0
1.32148e-08
0
0
5.19238e-08
9.96008e-07
8.97647e-07
5.26178e-07
2.5844e-06
0
0
0
0
0
0
0
0
1.11609e-05
1.97643e-05
2.85098e-05
1.23592e-05
0
2.67072e-07
5.1363e-06
1.22402e-05
1.83273e-05
1.96616e-05
1.98818e-05
1.8956e-05
1.5982e-05
8.53307e-06
0
0
0
0
0
0
1.25419e-06
1.40054e-06
1.45046e-06
1.37139e-06
1.13719e-06
7.94791e-07
4.35076e-07
1.79154e-07
1.57151e-07
3.58675e-07
6.16694e-07
7.848e-07
8.14406e-07
7.27837e-07
5.79671e-07
4.36465e-07
3.20927e-07
2.3521e-07
1.72715e-07
1.23744e-07
7.93186e-08
3.2252e-08
0
0
0
0
0
0
0
0
0
0
0
0
0
0
0
0
0
0
0
0
0
0
0
0
3.36792e-10
7.55367e-10
0
0
0
0
0
0
0
0
0
0
0
0
0
0
0
0
0
0
0
0
0
0
0
1.24896e-07
1.45723e-07
1.49569e-07
5.24567e-10
7.47751e-08
1.8691e-07
2.32827e-07
0
0
1.21061e-06
5.21783e-07
9.22587e-08
0
3.72217e-07
3.89503e-06
1.29976e-05
1.02749e-05
1.01515e-07
0
0
0
0
0
0
4.47762e-07
1.91183e-06
2.08098e-07
2.61533e-06
1.66969e-05
5.2408e-06
0
0
0
0
0
0
0
0
0
0
0
3.08176e-07
2.82984e-06
6.08991e-06
3.44027e-06
0
0
0
0
4.84354e-07
8.0852e-07
2.40556e-07
0
0
0
0
0
0
0
0
0
0
0
0
0
0
0
0
1.17587e-07
2.84759e-07
1.01215e-07
0
0
0
0
0
2.08702e-08
6.57211e-07
5.47614e-07
0
1.26302e-06
0
0
0
0
0
0
0
0
0
4.12626e-06
2.07071e-05
4.47712e-06
0
4.4605e-07
4.79264e-06
6.51129e-06
1.19459e-05
1.7555e-05
1.92203e-05
1.90954e-05
1.73296e-05
1.07574e-05
0
0
0
0
0
0
1.21304e-06
1.67291e-06
1.95896e-06
1.94641e-06
1.66959e-06
1.17126e-06
7.95053e-07
5.4205e-07
2.90915e-07
1.10375e-07
3.41731e-08
3.96015e-08
1.07414e-07
2.47048e-07
4.2685e-07
5.92001e-07
7.03367e-07
7.45052e-07
7.08597e-07
5.73188e-07
3.79898e-07
1.88155e-07
2.47822e-08
0
0
0
0
0
0
0
0
0
0
0
0
0
0
0
0
0
0
0
0
0
0
0
0
0
0
0
0
0
0
0
0
0
0
0
0
0
0
0
0
0
0
0
0
4.0873e-08
5.46935e-08
0
0
1.2798e-08
1.17053e-07
1.46085e-07
0
4.00575e-07
6.05809e-07
4.60699e-07
0
0
1.89241e-06
0
0
0
0
2.2399e-06
1.3745e-05
1.20117e-05
1.22201e-06
0
0
0
0
8.7581e-07
5.11874e-07
0
2.90307e-07
0
2.37938e-07
1.32843e-05
6.08436e-06
0
0
0
4.28458e-07
7.00242e-07
0
0
0
0
0
0
0
2.96072e-06
7.67727e-06
4.91762e-06
4.28879e-07
0
0
0
5.4757e-07
6.10262e-07
3.81127e-08
0
0
0
0
0
0
0
0
0
0
0
0
0
0
2.57259e-08
8.39677e-09
1.22689e-07
1.56438e-07
0
0
0
0
0
0
0
2.82235e-07
1.3914e-07
0
0
0
0
0
0
0
0
0
0
0
0
7.09834e-07
0
0
2.30533e-06
7.24238e-06
4.63701e-06
4.80826e-06
7.51987e-06
1.26242e-05
1.60755e-05
1.70458e-05
1.38767e-05
0
0
0
0
0
0
0
0
0
0
0
0
2.21331e-11
0
0
0
0
0
0
0
0
0
1.08048e-10
6.14109e-11
0
0
0
0
0
0
0
0
0
8.99701e-10
1.81963e-09
2.43215e-09
2.59695e-09
2.29635e-09
1.741e-09
1.08896e-09
3.96648e-10
0
0
0
0
0
0
0
0
0
0
0
0
0
0
0
0
0
0
0
0
0
0
0
0
0
0
0
0
0
0
6.12949e-08
0
0
0
0
0
0
1.2643e-07
8.91452e-08
0
1.07004e-06
1.73024e-06
1.7079e-06
0
0
1.31452e-06
0
0
0
0
2.16598e-09
2.45827e-05
2.57252e-05
1.23736e-05
6.56061e-07
0
0
5.48657e-07
1.70663e-06
5.22207e-09
0
0
0
0
1.78166e-05
1.40298e-05
1.2353e-06
0
0
1.04569e-06
8.63895e-07
0
0
0
0
0
0
0
1.98755e-06
1.22644e-05
1.29845e-05
4.93429e-06
0
0
0
4.56681e-07
6.92454e-07
2.58317e-07
0
0
0
3.57085e-08
0
0
0
0
0
0
0
0
0
7.04273e-08
5.92267e-09
0
4.48372e-09
1.45372e-08
0
0
0
0
0
0
0
9.39331e-08
0
0
0
0
0
0
0
0
0
0
0
0
0
0
0
0
8.10397e-06
1.14085e-05
7.07604e-06
3.29959e-06
2.41024e-06
1.97839e-06
1.47371e-06
7.85646e-07
1.99158e-07
0
0
0
0
0
0
0
0
0
0
0
0
0
0
0
0
0
0
0
0
0
0
0
0
0
0
0
0
0
0
0
0
0
2.76246e-10
8.24408e-10
1.37542e-09
1.8596e-09
2.1916e-09
2.30343e-09
2.19552e-09
1.91672e-09
1.5351e-09
1.13159e-09
7.83052e-10
5.42866e-10
4.38084e-10
4.61222e-10
5.7835e-10
7.39302e-10
8.87006e-10
9.85241e-10
1.0028e-09
9.48759e-10
8.43805e-10
6.87125e-10
5.33367e-10
3.66363e-10
2.31404e-10
1.45694e-10
7.48264e-12
8.74686e-12
0
0
0
0
0
0
0
0
0
2.61413e-08
3.83204e-07
1.52257e-07
0
0
0
0
0
2.54896e-08
0
0
1.42161e-06
3.289e-06
4.14532e-06
7.35541e-07
0
0
0
0
0
0
0
5.33941e-05
5.18071e-05
2.34601e-05
1.16789e-05
4.54925e-06
1.04999e-06
0
0
0
0
0
0
0
5.80722e-05
2.55399e-05
8.49456e-06
2.385e-06
2.98594e-07
0
0
0
0
0
0
0
0
0
0
2.83287e-05
2.83941e-05
1.38285e-05
3.57233e-06
5.38222e-08
0
0
2.02968e-06
1.49427e-06
4.85233e-07
0
0
0
0
0
0
0
0
0
2.41194e-08
9.05422e-08
0
0
0
0
0
0
0
0
0
0
2.75652e-08
5.62208e-08
1.73163e-07
2.47059e-07
1.22611e-07
1.93732e-07
1.56887e-07
1.537e-09
6.88983e-08
0
0
0
0
0
0
0
0
0
0
0
2.97196e-06
1.24931e-05
1.68802e-05
9.17258e-06
2.71398e-06
7.90933e-07
9.88695e-08
0
0
0
0
0
0
0
0
0
0
0
0
0
0
0
0
0
0
0
0
0
0
0
0
0
0
0
0
0
0
0
0
0
0
0
2.77007e-10
6.30893e-10
1.07356e-09
1.54276e-09
1.90859e-09
2.06866e-09
2.03488e-09
1.87036e-09
1.62426e-09
1.33943e-09
1.08047e-09
9.03255e-10
8.11629e-10
7.89669e-10
8.13356e-10
8.53952e-10
8.82246e-10
8.83767e-10
8.49295e-10
7.88977e-10
7.1341e-10
6.2411e-10
5.47388e-10
4.54632e-10
3.81925e-10
3.1021e-10
2.05896e-10
1.56654e-10
0
0
0
0
0
0
0
0
0
8.78163e-08
1.40992e-06
1.53042e-06
0
0
0
0
0
0
0
0
0
2.76223e-06
4.99504e-06
1.75275e-06
0
0
0
0
0
0
0
2.82791e-05
7.18222e-05
2.01848e-05
3.25421e-06
8.45147e-07
1.39586e-07
0
0
0
0
0
0
0
7.32802e-05
2.34614e-05
1.83433e-06
4.19315e-07
1.83293e-08
0
0
0
0
0
0
0
0
0
0
7.19575e-06
3.313e-05
8.62484e-06
5.87506e-07
5.33812e-08
0
0
2.3675e-07
7.51517e-08
0
0
0
0
0
0
0
0
0
1.27562e-07
2.25309e-07
1.08823e-07
0
0
0
0
0
0
0
0
2.30615e-08
1.14712e-07
1.7681e-07
2.0426e-07
2.34795e-07
2.16869e-07
1.20735e-07
1.52047e-07
1.11011e-07
2.03329e-08
1.03385e-07
0
0
0
0
0
0
0
0
5.93105e-07
4.41828e-08
0
2.98169e-07
1.76152e-06
6.62912e-06
2.13948e-05
6.62774e-06
5.99955e-07
0
0
0
0
5.25201e-10
8.53887e-09
1.04952e-08
2.45109e-10
0
0
0
0
0
0
0
0
0
0
0
0
0
0
0
0
0
0
0
0
0
0
0
0
0
0
0
2.07084e-10
6.90974e-10
1.3524e-09
2.07503e-09
2.71866e-09
3.15544e-09
3.23916e-09
3.04772e-09
2.79177e-09
2.52361e-09
2.28428e-09
2.11313e-09
2.02017e-09
1.98655e-09
1.99233e-09
2.01569e-09
2.01037e-09
1.95553e-09
1.82297e-09
1.62238e-09
1.41437e-09
1.20792e-09
1.00412e-09
8.43349e-10
6.74625e-10
5.51263e-10
4.19134e-10
2.64166e-10
1.63856e-10
0
0
0
0
0
0
0
0
0
1.93102e-07
3.59372e-06
5.34771e-06
1.76788e-06
2.5186e-07
0
0
0
0
0
0
0
0
4.67137e-06
5.23295e-06
0
0
0
0
0
0
0
1.11529e-05
5.48384e-05
1.25704e-05
1.18666e-06
1.87158e-07
0
0
0
0
0
0
0
0
5.25116e-05
1.14876e-05
6.38178e-07
9.23088e-08
0
0
0
0
0
0
0
0
0
0
0
2.39975e-06
1.90955e-05
4.40529e-06
0
0
1.08299e-07
0
0
0
0
0
0
0
0
0
0
0
0
2.37122e-07
1.74348e-07
6.22114e-08
0
0
0
0
0
0
0
0
1.08065e-07
1.95954e-07
2.20603e-07
1.96723e-07
1.91379e-07
1.68959e-07
1.00718e-07
1.2727e-07
8.44089e-08
1.94981e-08
8.77475e-08
6.58383e-08
1.12111e-08
0
0
0
5.1238e-08
0
3.43664e-07
6.46367e-07
1.39565e-07
0
1.25835e-08
5.66766e-07
1.95437e-06
6.0249e-06
7.99306e-06
3.38775e-07
0
0
0
0
1.63942e-10
6.30408e-09
9.39861e-09
7.46074e-09
1.10867e-08
8.20798e-08
3.55814e-08
2.19941e-07
1.34827e-06
5.15985e-06
1.54344e-06
1.44522e-07
0
0
0
0
0
2.19668e-07
1.78263e-07
1.24044e-07
8.17147e-08
5.42236e-08
3.08595e-08
1.9245e-08
6.00503e-09
4.71875e-09
0
0
0
0
1.89336e-07
1.61529e-07
7.22431e-07
2.32329e-06
5.03138e-06
3.36181e-06
5.36643e-07
0
0
0
0
0
0
7.28966e-08
6.95119e-08
4.85566e-08
3.1983e-08
1.75392e-08
1.06443e-08
3.11914e-09
2.82808e-09
0
0
0
0
1.45144e-06
1.70234e-06
2.78143e-06
3.46067e-06
3.86478e-06
4.42564e-06
2.61661e-06
0
0
0
0
0
0
0
0
2.2438e-08
3.46278e-08
2.12011e-08
1.2742e-08
2.64686e-09
2.84133e-09
0
0
0
0
3.61891e-06
3.38173e-06
3.63262e-06
3.74449e-06
3.33122e-06
1.67629e-06
0
2.86098e-06
1.66063e-07
0
0
0
0
0
0
0
0
0
0
0
0
0
0
0
0
4.83088e-06
4.10445e-06
3.77687e-06
3.53644e-06
2.6858e-06
3.82411e-07
0
2.59048e-06
2.83564e-06
0
0
0
0
0
0
0
0
0
0
0
0
0
0
0
0
6.13718e-06
4.93009e-06
4.12327e-06
3.57887e-06
2.41789e-06
0
0
3.12036e-06
3.66111e-06
0
0
0
0
0
0
0
0
0
0
0
0
0
0
0
0
8.04784e-06
6.07413e-06
4.80993e-06
4.08391e-06
2.79371e-06
0
0
6.71803e-06
4.18645e-06
6.0448e-07
0
0
0
0
0
0
0
0
0
0
0
0
0
0
0
1.05564e-05
7.75737e-06
5.99492e-06
5.37381e-06
4.35257e-06
3.37155e-07
0
1.59749e-05
5.39207e-06
1.08293e-06
0
0
0
0
0
0
0
0
0
0
0
0
0
0
0
1.32225e-05
9.83434e-06
8.03972e-06
7.94396e-06
6.78747e-06
1.41183e-06
0
1.75233e-05
6.15329e-06
1.04267e-06
0
0
0
0
0
0
0
0
0
0
0
0
0
0
0
1.54304e-05
1.20423e-05
1.00801e-05
9.8368e-06
7.30708e-06
0
0
1.65935e-05
4.60163e-06
5.38147e-08
0
0
0
0
0
0
0
0
0
0
0
0
0
0
0
1.68215e-05
1.39829e-05
1.15707e-05
1.01536e-05
5.24005e-06
0
0
2.27856e-05
3.16436e-06
0
0
0
0
0
0
0
0
0
0
0
0
0
0
0
0
1.74215e-05
1.54177e-05
1.24434e-05
9.17231e-06
1.26037e-06
0
0
3.45647e-05
4.19913e-06
0
0
0
0
0
0
0
0
0
0
0
0
0
0
0
0
1.71991e-05
1.62529e-05
1.26918e-05
7.36251e-06
0
0
0
3.60398e-05
6.60321e-06
0
0
0
0
0
0
0
0
0
0
0
0
0
0
0
0
1.6354e-05
1.64247e-05
1.27009e-05
5.08722e-06
0
0
0
2.02404e-05
7.62989e-06
0
0
0
3.533e-08
0
0
0
0
0
0
0
0
0
0
0
0
1.49911e-05
1.60183e-05
1.22161e-05
2.53201e-06
0
0
0
2.89598e-06
5.72715e-06
0
0
0
3.87504e-07
0
0
0
0
0
0
0
0
0
0
0
0
1.33329e-05
1.52315e-05
1.12066e-05
0
0
0
0
0
1.59415e-06
0
0
8.84782e-07
8.83247e-07
0
0
0
0
0
0
0
0
0
0
0
0
1.14706e-05
1.39687e-05
9.74031e-06
0
0
0
0
0
0
6.76758e-07
1.05646e-06
2.42395e-06
1.55412e-06
0
0
0
0
0
0
0
0
0
0
0
0
9.52922e-06
1.21494e-05
7.69847e-06
0
0
0
0
0
0
3.36553e-06
4.79257e-06
4.51507e-06
2.38804e-06
0
0
0
0
0
0
0
0
0
0
0
0
7.32928e-06
9.3717e-06
4.73689e-06
0
0
0
0
0
0
7.09899e-06
9.31913e-06
7.05602e-06
3.33656e-06
0
0
0
0
0
0
0
0
0
0
0
0
4.22944e-06
4.92088e-06
5.07285e-07
0
0
0
0
0
0
1.21154e-05
1.43816e-05
9.86317e-06
4.32446e-06
0
0
0
0
0
0
0
0
0
0
0
0
0
0
0
0
0
0
0
0
0
1.82118e-05
1.95961e-05
1.26765e-05
5.25655e-06
0
0
0
0
0
0
0
0
0
0
0
0
0
7.18332e-06
1.59876e-05
2.75852e-05
0
0
0
0
5.32094e-06
2.47165e-05
2.44887e-05
1.52512e-05
6.04039e-06
0
0
0
0
0
0
0
0
0
0
0
0
0
1.03761e-05
0
1.32237e-05
5.71539e-06
0
0
0
1.51815e-05
3.06693e-05
2.85956e-05
1.74212e-05
6.61363e-06
0
0
0
0
0
0
0
0
0
0
0
0
0
0
0
0
3.16218e-06
0
0
0
2.39188e-05
3.5098e-05
3.15028e-05
1.90466e-05
6.92232e-06
0
0
0
0
0
0
0
0
0
0
0
0
0
0
0
0
0
0
0
6.61194e-06
2.96032e-05
3.74335e-05
3.29722e-05
2.0012e-05
6.93093e-06
0
0
0
3.27647e-07
0
0
0
0
0
0
0
0
0
0
0
0
0
0
2.19402e-07
1.27059e-05
3.1487e-05
3.74192e-05
3.2801e-05
2.01661e-05
6.59641e-06
0
0
0
7.19836e-07
0
0
0
0
0
0
0
0
0
0
0
0
0
0
1.74927e-06
1.4491e-05
2.97032e-05
3.49045e-05
3.07795e-05
1.92821e-05
5.86499e-06
0
0
0
5.65869e-07
0
0
0
0
0
0
0
0
0
0
0
0
0
0
1.4561e-06
1.40826e-05
2.75394e-05
3.30156e-05
2.93686e-05
1.89968e-05
5.31802e-06
0
0
0
0
0
0
0
0
0
0
0
0
0
0
0
0
0
0
0
1.12117e-05
2.22273e-05
2.71926e-05
2.41968e-05
1.63566e-05
4.10019e-06
0
0
0
0
0
0
0
0
0
0
0
0
0
0
0
0
0
0
0
8.20733e-06
1.71059e-05
2.12225e-05
1.87516e-05
1.35753e-05
3.05765e-06
0
0
0
0
0
0
0
0
0
0
0
0
0
0
0
0
0
0
0
5.23515e-06
1.20621e-05
1.4801e-05
1.28356e-05
1.04619e-05
2.25295e-06
0
0
0
0
0
0
0
0
0
0
0
0
0
0
0
0
0
0
0
2.11565e-06
6.8381e-06
7.85532e-06
6.41018e-06
6.94351e-06
1.7254e-06
0
0
0
0
0
0
0
0
0
0
0
0
0
0
0
0
0
0
0
0
1.15604e-06
6.76705e-07
3.12365e-08
3.12958e-06
1.35092e-06
0
0
0
0
0
2.02192e-06
0
0
0
0
0
0
0
0
0
0
0
0
0
0
0
0
0
0
8.15557e-07
0
1.37069e-06
9.66203e-06
0
7.01541e-07
4.22969e-06
0
0
0
0
0
0
0
0
0
0
0
0
0
0
0
0
0
0
0
9.40493e-08
1.11498e-05
4.2914e-05
0
2.3339e-06
6.34721e-06
9.97545e-07
0
0
0
0
0
0
0
0
0
0
0
0
0
0
0
0
0
0
1.84569e-06
1.76639e-05
5.90755e-05
0
4.3751e-06
8.37181e-06
3.18356e-06
0
0
0
0
0
0
0
0
0
0
0
0
0
0
0
0
0
0
2.16493e-06
2.07745e-05
6.31767e-05
0
6.61613e-06
1.03341e-05
5.47649e-06
5.08265e-07
0
0
0
0
0
0
0
0
0
0
0
0
0
0
0
0
0
1.0182e-06
2.10376e-05
5.93151e-05
0
8.87217e-06
1.21241e-05
7.85058e-06
3.61809e-06
0
0
0
0
0
0
0
0
0
0
0
0
0
0
0
0
0
0
1.91581e-05
5.03092e-05
0
1.10061e-05
1.37687e-05
1.01067e-05
6.95618e-06
0
0
0
0
0
0
0
0
0
0
0
0
0
0
0
0
0
0
1.5585e-05
3.8776e-05
0
1.28595e-05
1.51558e-05
1.22074e-05
1.03194e-05
0
0
0
0
0
0
0
0
0
0
0
0
0
0
0
0
0
0
1.06506e-05
2.68812e-05
2.2294e-06
1.44233e-05
1.63879e-05
1.42567e-05
1.36224e-05
1.93603e-06
0
0
0
0
0
0
0
0
0
0
0
0
0
0
0
0
0
4.96305e-06
1.63761e-05
6.73116e-06
1.58547e-05
1.77693e-05
1.64908e-05
1.68299e-05
7.12248e-06
0
0
0
0
0
0
0
0
0
0
0
0
0
0
0
0
0
0
7.57229e-06
1.00267e-05
1.64735e-05
1.84569e-05
1.79946e-05
1.879e-05
1.12263e-05
0
0
0
0
0
0
0
0
0
0
0
0
0
0
0
0
0
0
0
1.23783e-05
1.68676e-05
1.91675e-05
1.92438e-05
1.95945e-05
1.4138e-05
0
0
0
0
0
0
0
0
0
0
0
0
0
0
0
0
0
0
0
1.38056e-05
1.71381e-05
1.97643e-05
1.98523e-05
1.88296e-05
1.57545e-05
0
0
0
0
0
0
0
0
0
0
0
0
0
0
0
0
0
0
0
1.46409e-05
1.73429e-05
1.96719e-05
1.84565e-05
1.57956e-05
1.58345e-05
0
0
0
0
0
0
0
0
0
0
0
0
0
0
0
0
0
0
0
1.57162e-05
1.62994e-05
1.46044e-05
1.06941e-05
7.3202e-06
5.88377e-06
0
0
0
0
0
0
0
0
0
0
0
0
0
0
0
0
0
0
0
7.44987e-06
3.70144e-06
2.18626e-06
9.79615e-07
3.31963e-07
6.94973e-08
0
0
0
0
0
0
0
0
0
0
0
0
0
0
0
0
0
0
0
1.05561e-07
1.14618e-08
3.59658e-11
0
0
0
4.50438e-08
0
0
0
0
0
0
0
0
0
0
0
0
0
0
0
0
0
0
0
0
0
0
0
0
4.3546e-08
0
0
0
0
0
0
0
0
0
0
0
0
0
0
0
0
0
0
0
0
0
0
3.71655e-09
0
3.48924e-08
0
2.79518e-08
0
0
0
0
0
0
0
0
0
0
0
0
0
0
0
0
0
0
0
0
1.40296e-08
2.35378e-09
2.96969e-08
0
1.94287e-08
0
0
0
0
0
0
0
0
0
0
0
0
0
0
0
0
0
0
9.26875e-10
2.55874e-09
1.27582e-08
4.66432e-09
1.89867e-08
0
6.35669e-09
0
0
0
0
0
0
0
0
0
0
0
0
0
0
0
0
0
1.80721e-10
5.41016e-09
3.90778e-09
7.69402e-09
2.70981e-09
9.98368e-09
0
5.85754e-10
0
0
0
0
0
0
0
0
0
0
0
0
0
0
0
0
0
1.78192e-09
3.94914e-09
2.45355e-09
3.83105e-09
1.23107e-09
4.83893e-09
0
0
0
0
0
0
0
2.4986e-08
5.89063e-08
3.22887e-08
6.47452e-09
0
0
0
0
0
0
0
0
0
8.69864e-10
3.68079e-10
1.13851e-09
0
1.73842e-09
0
0
0
0
0
0
0
9.0066e-08
5.13066e-08
2.15474e-08
4.9226e-09
0
0
0
0
0
0
0
0
0
0
0
7.23962e-11
0
4.16426e-10
0
0
)
;

boundaryField
{
    inlet
    {
        type            zeroGradient;
    }
    outlet
    {
        type            zeroGradient;
    }
    upperWall
    {
        type            zeroGradient;
    }
    lowerWall
    {
        type            zeroGradient;
    }
    frontAndBack
    {
        type            empty;
    }
}


// ************************************************************************* //
