/*--------------------------------*- C++ -*----------------------------------*\
  =========                 |
  \\      /  F ield         | OpenFOAM: The Open Source CFD Toolbox
   \\    /   O peration     | Website:  https://openfoam.org
    \\  /    A nd           | Version:  9
     \\/     M anipulation  |
\*---------------------------------------------------------------------------*/
FoamFile
{
    format      ascii;
    class       volScalarField;
    location    "0.062";
    object      s;
}
// * * * * * * * * * * * * * * * * * * * * * * * * * * * * * * * * * * * * * //

dimensions      [0 0 0 0 0 0 0];

internalField   nonuniform List<scalar> 
12225
(
1
1
1
1
1
1
1
1
1
1
1
1
1
1
1
1
1
0.99999
1
1
1
1
1
1
1
1
1
1
1
1
1
1
1
1
1
1
1
1
1
1
1
1
1
1
1
1
1
1
1
1
1
1
1
1
1
1
1
1
1
1
1
1
1
1
1
1
1
1
1
1
1
1
1
1
1
1
1
1
1
1
1
1
1
1
1
1
1
1
1
1
1
1
1
1
1
1
1
1
1
1
1
1
1
1
1
1
1
1
1
1
1
1
1
1
1
1
1
1
1
1
1
1
1
1
1
1
1
1
1
1
1
1
1
1
1
1
1
1
1
1
1
1
1
1
1
1
1
1
1
1
1
1
1
1
1
1
1
1
1
1
1
1
1
1
1
1
1
1
1
1
1
1
1
1
1
1
1
1
1
1
1
1
1
1
1
1
1
1
1
1
1
1
1
1
1
1
1
1
1
1
1
1
1
1
1
1
1
1
1
1
1
1
1
1
1
1
1
1
1
1
1
1
1
1
1
1
1
1
1
1
1
1
1
1
1
1
1
1
1
1
1
1
1
1
1
1
1
1
1
1
1
1
1
1
1
1
1
1
1
1
1
1
1
1
1
1
1
1
1
1
1
1
1
1
1
1
1
1
1
1
1
1
1
1
1
1
1
1
1
1
1
1
1
1
1
1
1
1
1
1
1
1
1
1
1
1
1
1
1
1
1
1
1
1
1
1
1
1
1
1
1
1
1
1
1
1
1
1
1
1
1
1
1
1
1
1
1
1
1
1
1
1
1
1
1
1
1
1
1
1
1
1
1
1
1
1
1
1
1
1
1
1
1
1
1
1
1
1
1
1
1
1
1
1
1
1
1
1
1
1
1
1
1
1
1
1
1
1
1
1
1
1
1
1
1
1
1
1
1
1
1
1
1
1
1
1
1
1
1
1
1
1
1
1
1
1
1
1
1
1
1
1
1
1
1
1
1
1
1
1
1
1
1
1
1
1
1
1
1
1
1
1
1
1
1
1
1
1
1
1
1
1
1
1
1
1
1
1
1
1
1
1
1
1
1
1
1
1
1
1
1
1
1
1
1
1
1
1
1
1
1
1
1
1
1
1
1
1
1
1
1
1
1
1
1
1
1
1
1
1
1
1
1
1
1
1
1
1
1
1
1
1
1
1
1
1
1
1
1
1
1
1
1
1
1
1
1
1
1
1
1
1
1
1
1
1
1
1
1
1
0.641216
0.633841
0.635397
0.6408
0.646523
0.646098
0.643883
0.639356
0.633894
0.628565
0.622956
0.617202
0.612015
0.608779
0.608073
0.609712
0.621169
0.630508
0.632886
0.635882
0.636665
0.635833
0.63059
0.622408
0.617266
0.607596
0.600368
0.600036
0.610485
0.667718
0.709212
0.705762
0.680835
0.65616
0.643422
0.642697
0.646425
0.655903
0.669507
0.68389
0.6965
0.706966
0.715856
0.723288
0.72869
0.730802
0.731366
0.731387
0.73083
0.72866
0.723577
0.715131
0.703745
0.689373
0.67155
0.649846
0.635735
0.632552
0.632263
0.633701
0.637707
0.642321
0.646276
0.649846
0.65396
0.659517
0.666777
0.675502
0.68659
0.699723
0.712805
0.725569
0.737481
0.744117
0.750835
0.754102
0.752727
0.747721
0.736828
0.718256
0.701741
0.697876
0.705751
0.749172
0.822404
0.841294
0.834481
0.788738
0.786922
0.78746
0.787662
0.78784
0.787987
0.788276
0.78866
0.789052
0.789236
0.789323
0.789391
0.790493
0.791719
0.793774
0.795986
0.798678
0.801809
0.804844
0.807948
0.810634
0.813104
0.815668
0.818278
0.821436
0.824392
0.827189
0.829898
0.831934
0.834195
0.836692
0.838996
0.840883
0.842503
0.843309
0.843465
0.843606
0.843461
0.843403
0.843486
0.843736
0.844233
0.845063
0.846236
0.847734
0.849476
0.851239
0.853024
0.854692
0.855694
0.85597
0.855926
0.855701
0.855037
0.853963
0.853011
0.852096
0.851442
0.850786
0.850215
0.849533
0.848219
0.846718
0.845316
0.844038
0.841919
0.838161
0.834695
0.834244
0.844228
0.894799
0.920259
0.924626
0.92623
0.928281
0.929835
0.930613
0.930465
0.926131
0.899867
0.875901
0.874262
0.877692
0.880054
0.880697
0.879371
0.87425
0.859122
0.814974
0.679525
0.467101
0.335967
0.212375
0.643543
0.645049
0.658383
0.675398
0.672715
0.665004
0.652536
0.642271
0.630423
0.619159
0.614191
0.612541
0.608227
0.597718
0.594056
0.594632
0.599019
0.613221
0.625283
0.630293
0.630485
0.629888
0.627791
0.61814
0.607481
0.607777
0.619848
0.652117
0.680314
0.702585
0.702925
0.683414
0.66193
0.652035
0.65021
0.660152
0.683729
0.720369
0.765982
0.786168
0.796778
0.806307
0.810999
0.812883
0.813386
0.812894
0.809628
0.805297
0.802358
0.798651
0.793595
0.788943
0.783438
0.777467
0.770524
0.763072
0.755727
0.749244
0.743731
0.738184
0.730917
0.726139
0.72619
0.730203
0.739011
0.752478
0.768988
0.78554
0.79797
0.804158
0.806221
0.806117
0.803612
0.802783
0.803203
0.803796
0.805477
0.809444
0.807408
0.796192
0.76481
0.725737
0.715558
0.73046
0.789399
0.813361
0.795093
0.781032
0.775599
0.763387
0.748918
0.741406
0.733573
0.729794
0.727071
0.725945
0.725631
0.726545
0.728542
0.729609
0.732036
0.733523
0.73626
0.738074
0.74108
0.744111
0.748601
0.75352
0.759149
0.765773
0.773435
0.782308
0.791246
0.801396
0.811604
0.821022
0.829103
0.837434
0.844452
0.851929
0.858668
0.865364
0.871537
0.87634
0.878833
0.878984
0.878383
0.877762
0.877792
0.878877
0.881878
0.886018
0.890916
0.895996
0.900674
0.904254
0.906437
0.907281
0.90735
0.907142
0.906302
0.904552
0.902605
0.900542
0.898894
0.897857
0.897175
0.896593
0.895789
0.893663
0.891233
0.888298
0.880173
0.872603
0.860107
0.844771
0.844195
0.853037
0.868903
0.877125
0.890525
0.903205
0.912247
0.920129
0.926145
0.927797
0.925194
0.912056
0.907411
0.910344
0.918824
0.923608
0.926177
0.92769
0.928499
0.928631
0.927959
0.925646
0.913246
0.868855
0.653865
0.674389
0.69753
0.691383
0.676586
0.646623
0.612
0.586539
0.571343
0.558414
0.550839
0.550645
0.552521
0.555337
0.558094
0.561833
0.566241
0.575621
0.601457
0.616317
0.621263
0.628289
0.649185
0.687497
0.689447
0.684725
0.690018
0.695941
0.697175
0.69527
0.681584
0.670803
0.666247
0.668152
0.697131
0.753526
0.798252
0.817487
0.825042
0.827408
0.82787
0.827184
0.824137
0.822164
0.820977
0.817777
0.813367
0.810087
0.80733
0.803859
0.800692
0.798431
0.79752
0.797492
0.798036
0.799426
0.801885
0.805691
0.810999
0.817647
0.825516
0.834281
0.842134
0.84508
0.845545
0.844783
0.842144
0.837569
0.831802
0.825177
0.818145
0.809435
0.799671
0.794086
0.79173
0.794435
0.801773
0.810111
0.817042
0.816312
0.807414
0.782731
0.741825
0.744989
0.802064
0.801204
0.771545
0.75483
0.732284
0.719283
0.714321
0.712344
0.711833
0.712559
0.713937
0.715417
0.717589
0.718888
0.721021
0.722876
0.725575
0.72775
0.729193
0.729877
0.730112
0.729798
0.730276
0.731442
0.732722
0.734408
0.737135
0.740173
0.74448
0.750344
0.758022
0.768287
0.781702
0.798187
0.814853
0.831863
0.847691
0.861876
0.87399
0.884357
0.893106
0.899749
0.904017
0.906502
0.908163
0.909792
0.911944
0.914666
0.917578
0.920266
0.922429
0.923992
0.925001
0.925551
0.925735
0.925732
0.925599
0.925156
0.924918
0.924919
0.92518
0.926657
0.927941
0.92985
0.932595
0.933394
0.933144
0.932175
0.929523
0.922514
0.913716
0.892547
0.861956
0.856198
0.856486
0.856588
0.856315
0.856512
0.861846
0.882821
0.904881
0.919618
0.924634
0.924508
0.923108
0.92315
0.924263
0.926091
0.92739
0.928256
0.929271
0.930797
0.932468
0.934925
0.940778
0.94302
0.713824
0.723912
0.714524
0.687029
0.623775
0.566197
0.543335
0.53063
0.522458
0.515735
0.512396
0.512595
0.514299
0.519424
0.524971
0.529966
0.541239
0.573681
0.599902
0.612542
0.643694
0.709053
0.722662
0.714119
0.703591
0.700125
0.697834
0.69626
0.692571
0.686607
0.682736
0.681696
0.700148
0.749316
0.79588
0.819994
0.831491
0.836617
0.83896
0.841118
0.842471
0.843576
0.844142
0.845234
0.847211
0.848617
0.849756
0.851847
0.853753
0.856097
0.85899
0.86204
0.864622
0.867305
0.870478
0.874546
0.879487
0.88517
0.888852
0.8899
0.89014
0.889584
0.88711
0.883056
0.877528
0.870503
0.862794
0.854479
0.846282
0.836949
0.82604
0.811088
0.795554
0.788423
0.786435
0.792822
0.812632
0.827143
0.826452
0.823934
0.818694
0.804843
0.76709
0.768118
0.796648
0.774809
0.736346
0.721352
0.712517
0.709935
0.709698
0.710988
0.711442
0.711961
0.712074
0.711934
0.711232
0.710827
0.712295
0.71807
0.723409
0.731241
0.738214
0.742892
0.747032
0.748944
0.749522
0.747448
0.743746
0.741367
0.739975
0.739414
0.74079
0.743101
0.746469
0.75152
0.758704
0.768925
0.784084
0.801535
0.82136
0.842151
0.862181
0.879242
0.893021
0.903496
0.910798
0.915515
0.918462
0.920533
0.922353
0.924135
0.925743
0.927056
0.928048
0.928711
0.929189
0.929559
0.929891
0.930164
0.930466
0.930962
0.931645
0.932692
0.934728
0.939696
0.946174
0.95115
0.955798
0.960768
0.963676
0.964027
0.963507
0.961402
0.956086
0.946305
0.920844
0.882347
0.866398
0.860505
0.856795
0.854045
0.85393
0.856976
0.872666
0.899485
0.917065
0.922936
0.92387
0.923768
0.923207
0.92137
0.917625
0.915388
0.916095
0.920933
0.926774
0.93087
0.93286
0.936534
0.755318
0.745763
0.715591
0.627875
0.560164
0.534289
0.525646
0.515745
0.507729
0.503107
0.501932
0.502278
0.503645
0.507298
0.515598
0.529154
0.555794
0.587982
0.611903
0.676374
0.725603
0.72508
0.71441
0.706453
0.702277
0.700098
0.697748
0.695729
0.694063
0.693812
0.703794
0.73358
0.77471
0.804581
0.826246
0.837568
0.84846
0.855386
0.863277
0.873743
0.883625
0.894289
0.902711
0.910255
0.915803
0.920536
0.923865
0.926013
0.927691
0.928973
0.930073
0.931296
0.932631
0.93357
0.934424
0.934798
0.934869
0.934771
0.934401
0.933155
0.932351
0.930657
0.928195
0.924721
0.919801
0.912954
0.905594
0.897077
0.887967
0.874623
0.855314
0.827701
0.798725
0.788344
0.786751
0.803846
0.838692
0.848482
0.845661
0.837023
0.826649
0.811822
0.779502
0.777968
0.783027
0.736476
0.716498
0.709423
0.707093
0.706731
0.706705
0.705084
0.6972
0.681697
0.657486
0.630149
0.616504
0.611598
0.61201
0.628638
0.647667
0.671782
0.703007
0.726053
0.745137
0.753603
0.758411
0.762006
0.764313
0.765012
0.764148
0.761919
0.759406
0.757629
0.756709
0.75645
0.759905
0.767411
0.781071
0.797632
0.817046
0.838416
0.859814
0.87822
0.894012
0.906085
0.914595
0.92018
0.923588
0.925721
0.927177
0.928235
0.929025
0.929605
0.930066
0.930394
0.930704
0.931011
0.931444
0.932018
0.932664
0.93368
0.935754
0.939829
0.944965
0.950833
0.957426
0.963556
0.968475
0.972787
0.9763
0.977954
0.978066
0.977634
0.976047
0.972134
0.962922
0.94092
0.905371
0.881989
0.868164
0.859134
0.855415
0.855441
0.858971
0.876818
0.903034
0.917593
0.921753
0.921566
0.91651
0.907136
0.901583
0.89821
0.898336
0.905655
0.918959
0.928839
0.933181
0.935106
0.790684
0.759293
0.702347
0.599594
0.540859
0.526014
0.519967
0.508199
0.501029
0.498976
0.498821
0.500797
0.505335
0.512799
0.528659
0.557727
0.591868
0.637011
0.707637
0.730354
0.722524
0.712973
0.707617
0.705056
0.703027
0.701982
0.701487
0.703344
0.710243
0.728146
0.760072
0.789659
0.815579
0.836516
0.85497
0.868851
0.884893
0.898288
0.914241
0.925539
0.933558
0.941338
0.945161
0.949299
0.951328
0.95364
0.954804
0.956199
0.957063
0.958226
0.959285
0.960546
0.961818
0.963023
0.964132
0.96542
0.966626
0.967887
0.969082
0.97008
0.971108
0.972043
0.972764
0.973194
0.973175
0.971321
0.967029
0.958454
0.942948
0.922552
0.897003
0.861593
0.81241
0.791376
0.78968
0.811331
0.84585
0.852491
0.851482
0.839796
0.827547
0.81
0.780255
0.774354
0.756397
0.717147
0.707114
0.704379
0.703612
0.702705
0.696512
0.676983
0.629472
0.559966
0.530479
0.518202
0.515097
0.517909
0.531826
0.545857
0.563522
0.586922
0.616169
0.653586
0.700056
0.73534
0.75279
0.761945
0.767736
0.771542
0.773329
0.774067
0.77439
0.774499
0.775105
0.776138
0.77733
0.781157
0.793429
0.810881
0.830058
0.851621
0.872076
0.88901
0.900943
0.9104
0.917798
0.923091
0.926501
0.928509
0.929616
0.930199
0.930542
0.930802
0.931034
0.931302
0.931815
0.932413
0.933303
0.934803
0.936626
0.940062
0.945804
0.952835
0.960004
0.966447
0.971875
0.976202
0.979416
0.981855
0.983614
0.984382
0.984435
0.984287
0.983731
0.982273
0.97876
0.969337
0.950895
0.935995
0.907312
0.880036
0.864031
0.858219
0.858569
0.864673
0.888834
0.908613
0.914625
0.91319
0.905384
0.899238
0.888538
0.877002
0.873711
0.881385
0.908307
0.926819
0.936373
0.938755
0.804099
0.765996
0.697361
0.589927
0.533475
0.523933
0.518069
0.505626
0.499669
0.500018
0.503383
0.510092
0.522825
0.545689
0.581981
0.62337
0.688221
0.72344
0.731462
0.721692
0.714623
0.711643
0.709957
0.709837
0.711215
0.714369
0.721247
0.736246
0.759767
0.787402
0.810751
0.835654
0.858251
0.879159
0.898438
0.913843
0.928066
0.939818
0.948472
0.953398
0.956514
0.958772
0.95983
0.960983
0.961646
0.962598
0.963315
0.96416
0.964828
0.965357
0.965818
0.96638
0.967154
0.967721
0.968469
0.969603
0.970644
0.971808
0.973033
0.974302
0.975754
0.977147
0.979014
0.981081
0.983437
0.985446
0.986501
0.985507
0.980981
0.969397
0.944747
0.903769
0.840639
0.797843
0.79061
0.812768
0.846505
0.851757
0.849768
0.838154
0.825386
0.80573
0.777261
0.765638
0.732027
0.708169
0.703364
0.701975
0.700302
0.693335
0.667715
0.594648
0.524682
0.500773
0.493853
0.492886
0.498229
0.513402
0.5245
0.5372
0.553213
0.57254
0.596411
0.626313
0.668995
0.714728
0.743996
0.759802
0.76885
0.774784
0.778096
0.779687
0.780769
0.7814
0.782395
0.784641
0.788832
0.797142
0.816223
0.841022
0.863528
0.878364
0.88736
0.894329
0.902288
0.910556
0.917767
0.923211
0.926818
0.928942
0.930193
0.930887
0.93121
0.931528
0.931952
0.932717
0.934026
0.936014
0.938634
0.942668
0.948759
0.955665
0.962351
0.96844
0.973918
0.978438
0.982015
0.984813
0.986858
0.987865
0.988069
0.988035
0.987872
0.987483
0.987069
0.986337
0.984795
0.980563
0.971412
0.963483
0.952479
0.92816
0.889379
0.867771
0.861607
0.863008
0.875821
0.899249
0.906972
0.906577
0.901715
0.888669
0.866101
0.852566
0.851668
0.864527
0.903449
0.930515
0.943942
0.946186
0.807132
0.782271
0.700247
0.589254
0.531887
0.524406
0.520349
0.51018
0.507889
0.511717
0.523603
0.545383
0.583422
0.623902
0.672433
0.714565
0.729761
0.732862
0.725812
0.720269
0.718045
0.720062
0.725326
0.733319
0.744292
0.758686
0.775865
0.796812
0.818037
0.839652
0.86069
0.883078
0.902614
0.920525
0.934719
0.944375
0.952497
0.956476
0.958467
0.959231
0.959441
0.95936
0.959196
0.958699
0.957884
0.957345
0.956789
0.956495
0.956351
0.956319
0.956691
0.957261
0.958214
0.958719
0.959402
0.960102
0.960843
0.961734
0.962714
0.96389
0.965223
0.966942
0.969635
0.973295
0.978549
0.98457
0.98829
0.990443
0.991282
0.989444
0.980847
0.952265
0.885656
0.811725
0.78989
0.797041
0.839066
0.84846
0.846869
0.834174
0.819307
0.796976
0.768915
0.74974
0.715818
0.702732
0.699368
0.697595
0.691564
0.667947
0.607232
0.532327
0.505207
0.499219
0.499436
0.514266
0.541036
0.557299
0.564088
0.569303
0.575853
0.585775
0.599468
0.622883
0.663285
0.711112
0.742733
0.761966
0.774591
0.782768
0.787624
0.7902
0.791801
0.793285
0.794203
0.795623
0.79893
0.807188
0.827509
0.859092
0.879075
0.888073
0.8916
0.895025
0.900559
0.907783
0.915373
0.921734
0.926068
0.928574
0.930109
0.930938
0.931623
0.932432
0.933673
0.935853
0.939405
0.944105
0.951428
0.959778
0.968508
0.976182
0.982267
0.986889
0.989902
0.991737
0.992868
0.993161
0.99308
0.992822
0.992203
0.991438
0.990587
0.989734
0.989088
0.988418
0.987169
0.983752
0.978641
0.974623
0.969505
0.958698
0.929431
0.889228
0.869034
0.865333
0.869478
0.888092
0.899152
0.900071
0.896449
0.8784
0.852288
0.842593
0.843732
0.859257
0.905548
0.941885
0.9582
0.960481
0.807551
0.795085
0.721936
0.610805
0.536375
0.528955
0.532644
0.527047
0.526452
0.542753
0.572698
0.609279
0.648862
0.701391
0.73019
0.737329
0.737034
0.731045
0.728511
0.729365
0.739607
0.759261
0.778839
0.796001
0.807184
0.820652
0.834238
0.850374
0.869808
0.886155
0.904677
0.920741
0.935317
0.944787
0.952733
0.956483
0.958399
0.958997
0.959041
0.958368
0.956659
0.954982
0.953309
0.952499
0.952173
0.952091
0.952155
0.95275
0.953785
0.95496
0.956237
0.957544
0.958514
0.959099
0.959571
0.959849
0.959953
0.96011
0.960437
0.960748
0.961004
0.961157
0.961248
0.961578
0.963394
0.969022
0.979678
0.988325
0.992006
0.993001
0.992082
0.983474
0.949414
0.851406
0.792886
0.786586
0.820865
0.843349
0.843752
0.830234
0.810868
0.786453
0.756512
0.735709
0.707052
0.699229
0.696827
0.694197
0.68316
0.649882
0.582976
0.52578
0.511021
0.514497
0.561961
0.6434
0.679872
0.690165
0.664385
0.641589
0.627235
0.624566
0.629913
0.643148
0.67735
0.726665
0.756789
0.776943
0.789753
0.796561
0.800536
0.804324
0.807295
0.809808
0.812013
0.815014
0.820925
0.83429
0.859137
0.878649
0.889466
0.89374
0.893306
0.893788
0.895873
0.901229
0.90943
0.917603
0.923361
0.926927
0.929297
0.930634
0.932231
0.933965
0.937577
0.942618
0.950763
0.961558
0.972738
0.982088
0.988172
0.991924
0.994299
0.995783
0.99667
0.997097
0.997127
0.997044
0.996751
0.996121
0.995326
0.994196
0.992834
0.991648
0.990798
0.989875
0.988062
0.984407
0.980649
0.978141
0.975417
0.96986
0.955249
0.913861
0.880126
0.868442
0.868626
0.878152
0.888705
0.889978
0.886233
0.865407
0.843574
0.838588
0.841417
0.86182
0.914247
0.953449
0.973436
0.97743
0.806831
0.799206
0.751118
0.641906
0.543781
0.530575
0.542037
0.552472
0.55581
0.581589
0.617875
0.660347
0.710238
0.74032
0.746136
0.744265
0.738848
0.737192
0.745275
0.76687
0.809205
0.830121
0.841288
0.853089
0.860312
0.871339
0.881704
0.894786
0.909749
0.921385
0.934758
0.943409
0.951798
0.955794
0.958407
0.959256
0.959459
0.958901
0.957892
0.956189
0.955157
0.954297
0.953993
0.954548
0.956552
0.959483
0.962302
0.964983
0.967332
0.968979
0.969965
0.970485
0.970965
0.971292
0.971453
0.971423
0.971057
0.970314
0.968987
0.967261
0.964906
0.962595
0.960961
0.959922
0.959195
0.958884
0.96165
0.972963
0.986158
0.992162
0.993816
0.992873
0.982002
0.931046
0.817472
0.783424
0.789021
0.831122
0.837949
0.82921
0.806752
0.781436
0.747524
0.720533
0.702002
0.69733
0.696084
0.69424
0.683965
0.652852
0.589837
0.534573
0.524616
0.544196
0.63569
0.714833
0.743281
0.746772
0.731195
0.68557
0.648755
0.638852
0.640665
0.652143
0.688621
0.73761
0.769731
0.788057
0.80148
0.808724
0.813139
0.818525
0.824908
0.83033
0.834177
0.838824
0.848897
0.869569
0.890587
0.898989
0.900315
0.897411
0.892799
0.889859
0.888968
0.890194
0.89735
0.909472
0.917784
0.923737
0.928146
0.930743
0.934095
0.93861
0.946322
0.95788
0.97222
0.98398
0.990484
0.994155
0.996284
0.997548
0.998304
0.998737
0.998923
0.998933
0.998885
0.998721
0.998242
0.997152
0.996131
0.995043
0.9939
0.992996
0.992364
0.991509
0.989507
0.985369
0.981498
0.978956
0.977099
0.973782
0.965735
0.9389
0.895478
0.873591
0.869517
0.872406
0.878096
0.878314
0.873178
0.852361
0.839159
0.837878
0.843743
0.875736
0.927376
0.961584
0.980775
0.98695
0.802783
0.800479
0.782429
0.683859
0.55832
0.531405
0.543856
0.57005
0.583813
0.607963
0.6466
0.699383
0.742195
0.752537
0.752637
0.748723
0.747963
0.761677
0.801495
0.848228
0.869328
0.87978
0.88763
0.895157
0.900725
0.909079
0.916217
0.925912
0.934907
0.942652
0.950264
0.95425
0.958
0.959448
0.960054
0.960143
0.959778
0.958908
0.957801
0.95716
0.957218
0.95909
0.961992
0.964924
0.967566
0.968892
0.97003
0.97081
0.971275
0.971529
0.97163
0.972099
0.972589
0.973119
0.973675
0.974003
0.974191
0.97425
0.974084
0.973425
0.971775
0.968625
0.963986
0.960159
0.958437
0.956597
0.955528
0.95637
0.965332
0.982722
0.991246
0.994194
0.993209
0.979838
0.914015
0.797905
0.772919
0.789292
0.823578
0.824219
0.801397
0.772602
0.739893
0.71142
0.699598
0.696807
0.696226
0.695157
0.687882
0.664224
0.614111
0.560929
0.554443
0.58531
0.660586
0.723646
0.750981
0.752914
0.743775
0.70153
0.660387
0.649948
0.651032
0.661874
0.699844
0.749048
0.779462
0.797242
0.810757
0.821355
0.830096
0.84011
0.850901
0.860671
0.867931
0.875953
0.888676
0.898714
0.904274
0.905563
0.904086
0.897877
0.885926
0.877936
0.87461
0.874718
0.878725
0.895357
0.910698
0.921771
0.927722
0.93339
0.939918
0.950024
0.965625
0.981506
0.990053
0.994552
0.996931
0.998214
0.998916
0.999307
0.999511
0.999596
0.9996
0.999573
0.999482
0.999254
0.998644
0.997355
0.996272
0.995362
0.994418
0.993679
0.993227
0.992701
0.991557
0.987968
0.982886
0.97966
0.977723
0.97572
0.971493
0.958172
0.916737
0.883009
0.871189
0.869974
0.870613
0.869765
0.861814
0.844559
0.838268
0.838846
0.848333
0.887211
0.934708
0.965667
0.983617
0.991068
0.79405
0.800098
0.791049
0.717852
0.586047
0.532173
0.538602
0.575722
0.599649
0.631544
0.672484
0.727934
0.755533
0.759805
0.759454
0.759658
0.774756
0.820413
0.871504
0.895281
0.906691
0.913711
0.919394
0.923536
0.928014
0.933295
0.938144
0.944214
0.948892
0.95353
0.956905
0.958802
0.960322
0.960766
0.960894
0.960864
0.960394
0.959908
0.959936
0.961806
0.963608
0.965296
0.966398
0.967143
0.967526
0.967662
0.966919
0.965719
0.964593
0.964139
0.964279
0.965332
0.966888
0.96884
0.970906
0.972589
0.973722
0.974259
0.974418
0.974239
0.973432
0.970779
0.965196
0.95979
0.957413
0.95573
0.953363
0.951328
0.950453
0.956762
0.97637
0.989674
0.994455
0.993857
0.980086
0.906907
0.782728
0.757441
0.778465
0.80209
0.792871
0.75486
0.724377
0.705064
0.697898
0.696244
0.696734
0.699115
0.69708
0.688733
0.668829
0.634856
0.638264
0.658931
0.701748
0.738055
0.750629
0.749678
0.736367
0.691618
0.663385
0.659262
0.663791
0.684889
0.740524
0.781996
0.807076
0.821937
0.834592
0.847874
0.859462
0.869283
0.877227
0.883758
0.889486
0.895885
0.902051
0.906261
0.907703
0.907398
0.904692
0.892597
0.869953
0.855054
0.849312
0.850018
0.862267
0.889226
0.908426
0.922158
0.931613
0.942323
0.955119
0.974047
0.986898
0.993437
0.996694
0.998299
0.999101
0.999503
0.999702
0.999794
0.999823
0.999816
0.999787
0.999724
0.999594
0.999291
0.998508
0.997394
0.996211
0.995334
0.994663
0.993999
0.993597
0.9933
0.992723
0.991123
0.985989
0.981165
0.979268
0.978514
0.976852
0.969973
0.939372
0.895156
0.87454
0.868966
0.86746
0.864704
0.854638
0.842503
0.839685
0.842174
0.858798
0.904001
0.942044
0.96821
0.984526
0.992546
0.78729
0.796716
0.791966
0.729734
0.630347
0.535005
0.530933
0.570353
0.601437
0.638889
0.693131
0.750572
0.76826
0.771369
0.772905
0.785117
0.821307
0.870832
0.908449
0.923126
0.930278
0.935041
0.939075
0.941501
0.944812
0.947504
0.95064
0.953728
0.955933
0.958762
0.960407
0.961409
0.962307
0.962623
0.962728
0.962683
0.962586
0.962969
0.963925
0.964885
0.965323
0.96551
0.965572
0.964376
0.961544
0.956517
0.952003
0.94861
0.946744
0.946097
0.94698
0.949188
0.952834
0.957068
0.961693
0.966046
0.969928
0.972542
0.973841
0.974286
0.974094
0.97257
0.967067
0.959028
0.954724
0.952872
0.952241
0.950194
0.947155
0.94501
0.949703
0.968927
0.987855
0.994781
0.995409
0.985726
0.924535
0.771512
0.734009
0.749355
0.763439
0.747177
0.718153
0.703382
0.697206
0.69565
0.696472
0.700572
0.705811
0.709753
0.709067
0.704725
0.707543
0.717628
0.734314
0.74514
0.745286
0.738403
0.705602
0.674281
0.664429
0.666068
0.67829
0.71906
0.768386
0.797916
0.81989
0.838389
0.854621
0.866287
0.873493
0.878972
0.883757
0.888347
0.893328
0.898888
0.903932
0.906952
0.907557
0.906512
0.899928
0.876058
0.84422
0.83045
0.829115
0.834343
0.857552
0.887836
0.911071
0.930128
0.945233
0.964166
0.981961
0.991113
0.995723
0.997972
0.999038
0.999532
0.999765
0.999862
0.9999
0.999899
0.999886
0.999856
0.999797
0.999695
0.999484
0.998937
0.997949
0.996984
0.996007
0.995162
0.99463
0.994236
0.993779
0.99351
0.993185
0.992402
0.989454
0.984702
0.982936
0.982474
0.981598
0.977518
0.957144
0.908258
0.879784
0.86932
0.865864
0.862288
0.851706
0.843438
0.843238
0.848593
0.872865
0.91196
0.944618
0.96883
0.984547
0.992837
0.784657
0.791428
0.787559
0.733326
0.662677
0.544853
0.525931
0.553684
0.600236
0.636133
0.693218
0.761133
0.78189
0.78658
0.791531
0.807369
0.847903
0.902837
0.927685
0.938603
0.944147
0.948175
0.950794
0.952157
0.954088
0.955409
0.957363
0.958944
0.960049
0.961716
0.962749
0.963481
0.9643
0.964607
0.964768
0.964805
0.964857
0.964979
0.965136
0.965059
0.964855
0.963547
0.959724
0.95265
0.945345
0.940228
0.936427
0.934111
0.932742
0.932234
0.932763
0.934383
0.937481
0.942993
0.949691
0.956095
0.962156
0.967715
0.971721
0.973651
0.97425
0.973949
0.971322
0.961907
0.954736
0.952011
0.951217
0.950381
0.947449
0.943451
0.942653
0.946864
0.963099
0.985112
0.995202
0.997514
0.992867
0.943732
0.781889
0.730598
0.726783
0.725321
0.707634
0.700744
0.696436
0.694523
0.695119
0.698745
0.705396
0.712271
0.71796
0.72185
0.726706
0.732061
0.736251
0.735798
0.728168
0.699972
0.677036
0.667938
0.669125
0.679099
0.711229
0.765315
0.803665
0.829717
0.848167
0.861248
0.868726
0.873463
0.877012
0.880519
0.884197
0.887942
0.892077
0.896763
0.900702
0.90222
0.901974
0.898118
0.882005
0.843049
0.825349
0.821462
0.823165
0.831558
0.860171
0.896032
0.9273
0.951509
0.975395
0.988067
0.994286
0.997333
0.998788
0.99946
0.999757
0.999884
0.999933
0.99994
0.999933
0.999913
0.999869
0.999775
0.999577
0.999339
0.998858
0.998084
0.997202
0.996362
0.995583
0.994912
0.994485
0.994241
0.993968
0.993586
0.993295
0.992817
0.991371
0.987866
0.986092
0.985564
0.984792
0.981906
0.968264
0.922818
0.886097
0.870445
0.865967
0.860609
0.85106
0.848223
0.849955
0.858207
0.88248
0.915087
0.94529
0.968705
0.984151
0.992706
0.78151
0.784289
0.776308
0.73573
0.685838
0.563661
0.524087
0.533815
0.591111
0.627714
0.684188
0.762653
0.796729
0.799823
0.803167
0.825317
0.865897
0.916457
0.940024
0.948558
0.952454
0.954962
0.957074
0.958194
0.959279
0.95984
0.960748
0.961641
0.962401
0.963691
0.964795
0.965454
0.965961
0.966169
0.966264
0.966284
0.9661
0.965754
0.965245
0.964645
0.962753
0.957015
0.948248
0.941133
0.935562
0.931778
0.929191
0.927749
0.927056
0.926813
0.927264
0.928355
0.930322
0.933849
0.94035
0.948848
0.95627
0.962094
0.967338
0.971889
0.973899
0.974208
0.973522
0.968559
0.958828
0.954249
0.953417
0.953443
0.951904
0.946917
0.943164
0.943412
0.948526
0.961442
0.981413
0.993985
0.998282
0.998653
0.981348
0.85748
0.743575
0.724059
0.706708
0.698834
0.694065
0.690638
0.688573
0.689639
0.693479
0.701394
0.708374
0.714477
0.716909
0.716391
0.712624
0.700396
0.682843
0.671665
0.669821
0.67271
0.685067
0.717458
0.774947
0.814594
0.837199
0.85474
0.865727
0.871392
0.874297
0.876241
0.877679
0.879323
0.880077
0.880509
0.881597
0.883415
0.884894
0.885357
0.88384
0.873237
0.842807
0.824706
0.819267
0.819332
0.82284
0.83846
0.881556
0.925348
0.960853
0.982504
0.992142
0.996452
0.998412
0.999306
0.999705
0.999876
0.999942
0.999963
0.999961
0.999949
0.999915
0.999835
0.999673
0.999316
0.998676
0.997984
0.997422
0.996919
0.996365
0.995774
0.995186
0.994658
0.994299
0.994147
0.994005
0.993728
0.99327
0.992845
0.991978
0.989688
0.987968
0.987294
0.98649
0.984232
0.974927
0.937517
0.893235
0.872806
0.865963
0.858959
0.854127
0.854385
0.857091
0.865046
0.885383
0.915612
0.944781
0.967803
0.983318
0.992247
0.774142
0.773293
0.770383
0.742108
0.70443
0.596731
0.52525
0.520496
0.56034
0.6141
0.661829
0.74543
0.804722
0.819169
0.817748
0.828828
0.867255
0.914336
0.941414
0.952234
0.957313
0.959648
0.960835
0.96145
0.962078
0.962504
0.963014
0.963544
0.964098
0.964945
0.96595
0.966808
0.967296
0.967413
0.967393
0.967168
0.966738
0.966043
0.965095
0.962777
0.956402
0.947419
0.939873
0.934164
0.930252
0.927705
0.92618
0.925374
0.925039
0.925122
0.925464
0.926273
0.927783
0.930224
0.9353
0.944431
0.953556
0.960001
0.964709
0.969025
0.972651
0.974088
0.974032
0.972028
0.964615
0.959379
0.958507
0.959815
0.963188
0.962421
0.955191
0.949561
0.948672
0.954393
0.96631
0.980087
0.991855
0.997847
0.998869
0.986461
0.921386
0.800449
0.736282
0.709717
0.698272
0.692016
0.688103
0.685014
0.68292
0.682978
0.683414
0.684563
0.683961
0.682225
0.678398
0.674225
0.674204
0.67673
0.685321
0.703787
0.744088
0.797582
0.830806
0.851078
0.864212
0.87203
0.875295
0.87706
0.877548
0.878166
0.877845
0.876704
0.873753
0.869631
0.865494
0.861736
0.858902
0.855809
0.850037
0.837115
0.824875
0.819378
0.818551
0.820807
0.832513
0.871696
0.928645
0.969106
0.987078
0.994673
0.997797
0.999084
0.999623
0.999848
0.999939
0.999971
0.999978
0.999974
0.999956
0.999903
0.999764
0.999478
0.998962
0.99762
0.995959
0.99516
0.994951
0.995062
0.995144
0.995064
0.994785
0.994438
0.994164
0.99403
0.993954
0.993798
0.993337
0.992752
0.992109
0.990557
0.988896
0.98802
0.987225
0.985424
0.978997
0.950898
0.902112
0.876492
0.8655
0.859109
0.85767
0.858208
0.860807
0.867266
0.882911
0.912026
0.941739
0.965579
0.981836
0.991424
0.770826
0.767769
0.770487
0.755029
0.718851
0.618754
0.531474
0.516979
0.530248
0.584637
0.632562
0.696808
0.794821
0.82858
0.838022
0.836947
0.862205
0.907058
0.938938
0.951582
0.957632
0.961085
0.962902
0.963699
0.964064
0.964222
0.964528
0.965012
0.965642
0.966318
0.966972
0.967579
0.968016
0.96817
0.968127
0.967867
0.967301
0.966452
0.964949
0.960788
0.953062
0.945009
0.9384
0.933508
0.930064
0.927695
0.926237
0.925337
0.924954
0.92498
0.925216
0.925884
0.927382
0.929525
0.933821
0.942857
0.952711
0.959517
0.964038
0.967961
0.971611
0.973735
0.974149
0.973384
0.967869
0.961332
0.959539
0.960593
0.966009
0.97464
0.9789
0.974879
0.967362
0.962712
0.964994
0.974386
0.983178
0.991225
0.997268
0.998294
0.992243
0.96691
0.899043
0.807383
0.749038
0.719988
0.704567
0.695401
0.689357
0.686018
0.683942
0.683084
0.682826
0.68285
0.683638
0.687279
0.697417
0.715643
0.748909
0.792754
0.825557
0.846856
0.86098
0.871159
0.877346
0.88123
0.883079
0.883716
0.883661
0.883135
0.881585
0.878208
0.873938
0.868624
0.862765
0.857134
0.851885
0.845504
0.836942
0.828579
0.8222
0.820943
0.822861
0.832737
0.86489
0.933384
0.972415
0.989154
0.995881
0.998459
0.999423
0.999784
0.99992
0.99997
0.999986
0.999986
0.999981
0.999957
0.999881
0.999684
0.999196
0.998313
0.996712
0.992571
0.989091
0.988784
0.989312
0.990874
0.9928
0.993826
0.994161
0.994173
0.994086
0.993977
0.993915
0.99381
0.993451
0.992741
0.992137
0.990868
0.989276
0.988245
0.987498
0.986054
0.981504
0.96172
0.911625
0.880192
0.865688
0.859945
0.858979
0.859447
0.861377
0.86501
0.87339
0.899836
0.934946
0.961679
0.979603
0.990234
0.770411
0.767201
0.774164
0.771113
0.736984
0.642812
0.541205
0.517592
0.518147
0.549885
0.599976
0.646834
0.744973
0.823787
0.845237
0.853876
0.859283
0.891329
0.931587
0.948507
0.956543
0.960822
0.963051
0.964361
0.965136
0.965477
0.965646
0.965987
0.966589
0.967276
0.967875
0.968391
0.968639
0.968693
0.968643
0.968421
0.967846
0.967022
0.965358
0.961369
0.953799
0.945981
0.939433
0.934535
0.931018
0.928597
0.927127
0.926064
0.925834
0.925962
0.92638
0.927313
0.92941
0.932033
0.936849
0.945875
0.956179
0.962403
0.965034
0.9678
0.971293
0.973596
0.974199
0.973828
0.970378
0.962578
0.959595
0.959417
0.961994
0.973303
0.983924
0.989526
0.990981
0.98971
0.98455
0.981114
0.982419
0.98806
0.992789
0.997208
0.998261
0.996126
0.985759
0.961261
0.909265
0.851847
0.804029
0.766994
0.742759
0.729014
0.718572
0.714373
0.715199
0.718866
0.72759
0.747516
0.773239
0.801747
0.828074
0.846896
0.860376
0.870805
0.879328
0.886257
0.891919
0.896318
0.899616
0.901009
0.901084
0.900553
0.898348
0.893198
0.886844
0.879586
0.871327
0.863095
0.8553
0.846783
0.838386
0.831226
0.830529
0.832284
0.840774
0.867562
0.935135
0.973604
0.989847
0.996293
0.998696
0.99955
0.999847
0.999948
0.999982
0.999992
0.999991
0.999986
0.99996
0.999869
0.999612
0.998982
0.99753
0.994802
0.989707
0.978391
0.972025
0.972144
0.974113
0.979577
0.986606
0.990876
0.992895
0.993687
0.993893
0.993899
0.993881
0.99382
0.993611
0.992892
0.992183
0.990987
0.989425
0.988287
0.987584
0.986447
0.983139
0.968773
0.921627
0.883813
0.866246
0.860153
0.859011
0.858991
0.85791
0.856917
0.861371
0.887493
0.927969
0.957633
0.977289
0.98896
0.770569
0.767934
0.781306
0.783008
0.755571
0.669238
0.555204
0.520602
0.516404
0.52898
0.567835
0.606961
0.665706
0.794286
0.842135
0.858385
0.863205
0.881226
0.914809
0.941039
0.952615
0.959347
0.962605
0.964261
0.965235
0.965881
0.966268
0.966579
0.966976
0.967551
0.968173
0.968744
0.96916
0.969199
0.969155
0.968993
0.968576
0.967831
0.966319
0.962938
0.955988
0.948656
0.942301
0.937349
0.933546
0.930979
0.929407
0.928135
0.928038
0.928263
0.928914
0.930354
0.93304
0.936767
0.94464
0.954333
0.961715
0.966003
0.967514
0.968827
0.971449
0.973672
0.974325
0.974005
0.970977
0.96307
0.958891
0.958403
0.9608
0.971218
0.983587
0.991508
0.995453
0.997099
0.997385
0.996809
0.994031
0.991651
0.992168
0.99496
0.997695
0.998678
0.997977
0.994625
0.985641
0.967514
0.942509
0.918732
0.889804
0.869299
0.847672
0.834235
0.83288
0.835561
0.841238
0.848354
0.857207
0.866759
0.876622
0.886544
0.896041
0.904906
0.912799
0.919687
0.9259
0.931594
0.936587
0.939877
0.940753
0.940504
0.939066
0.933873
0.924447
0.914847
0.902925
0.889251
0.875462
0.862809
0.854354
0.853425
0.85459
0.861054
0.882892
0.941532
0.975825
0.990605
0.996569
0.998812
0.999605
0.999872
0.99996
0.999987
0.999994
0.999994
0.99999
0.999966
0.999877
0.999589
0.9988
0.996899
0.99274
0.984387
0.967821
0.945087
0.933814
0.934352
0.939007
0.951227
0.969523
0.982586
0.989428
0.992376
0.993438
0.993769
0.993833
0.993816
0.993683
0.993116
0.992277
0.991053
0.989484
0.988287
0.987616
0.986762
0.984361
0.973613
0.931112
0.887334
0.866848
0.860262
0.858493
0.854521
0.848866
0.848448
0.854585
0.883163
0.924349
0.955511
0.976214
0.988365
0.771978
0.770167
0.788173
0.792901
0.774955
0.70448
0.579987
0.527945
0.519014
0.521712
0.544273
0.575065
0.610856
0.702876
0.822726
0.855521
0.868467
0.879449
0.897146
0.927579
0.945015
0.955357
0.960926
0.963616
0.965028
0.96584
0.966345
0.966747
0.967031
0.967538
0.968158
0.968748
0.969227
0.969523
0.969542
0.969479
0.969265
0.968782
0.967787
0.965682
0.960511
0.953319
0.946757
0.941635
0.937559
0.934817
0.933146
0.93192
0.931946
0.932385
0.933536
0.935929
0.939938
0.946466
0.955058
0.962226
0.966228
0.967814
0.968417
0.969411
0.971994
0.97415
0.974663
0.974186
0.970665
0.961992
0.958028
0.957994
0.961034
0.973107
0.985204
0.992576
0.996681
0.99851
0.999186
0.999287
0.999192
0.998662
0.99707
0.996366
0.996803
0.998328
0.999124
0.998986
0.998051
0.995433
0.989422
0.982759
0.97188
0.961696
0.95189
0.94466
0.938424
0.934216
0.934782
0.936808
0.941287
0.945552
0.949889
0.954451
0.959361
0.963906
0.968369
0.972558
0.976196
0.979514
0.982375
0.98432
0.985049
0.985035
0.984637
0.982915
0.977985
0.971625
0.959766
0.940096
0.91732
0.901884
0.896785
0.89657
0.899302
0.914004
0.955436
0.980782
0.992239
0.997071
0.998962
0.999652
0.999889
0.999966
0.99999
0.999996
0.999996
0.999993
0.999975
0.999903
0.999637
0.998797
0.996523
0.991056
0.978892
0.954659
0.918242
0.8915
0.883579
0.883996
0.887968
0.89934
0.931144
0.962371
0.980478
0.988885
0.992223
0.993397
0.993765
0.993833
0.993779
0.993433
0.992486
0.991132
0.989513
0.98828
0.98768
0.987098
0.985399
0.977071
0.939062
0.890112
0.867266
0.860149
0.854228
0.846382
0.843832
0.844943
0.852908
0.881373
0.92246
0.954684
0.975924
0.988229
0.775431
0.774744
0.796463
0.803533
0.791335
0.737915
0.624042
0.542201
0.524104
0.522318
0.532614
0.553226
0.574643
0.624213
0.755675
0.839382
0.866578
0.878616
0.889474
0.912197
0.933757
0.948217
0.957039
0.961785
0.964222
0.965513
0.966237
0.966715
0.967023
0.967401
0.968016
0.968648
0.969176
0.969525
0.969737
0.969766
0.969705
0.969498
0.968998
0.967913
0.965497
0.960543
0.954262
0.949284
0.944345
0.94144
0.938988
0.93815
0.938461
0.939519
0.9418
0.945766
0.951912
0.959318
0.96408
0.966842
0.968241
0.968744
0.969351
0.97083
0.973515
0.975069
0.97528
0.97438
0.968441
0.959989
0.95746
0.957839
0.962986
0.97868
0.989449
0.995007
0.997767
0.999067
0.999601
0.999769
0.999778
0.999731
0.99954
0.998992
0.998564
0.99856
0.998951
0.999474
0.9995
0.999311
0.998651
0.997464
0.994793
0.992618
0.989387
0.985755
0.983268
0.982376
0.981289
0.981539
0.9823
0.983814
0.98588
0.987976
0.989866
0.991437
0.992785
0.993945
0.994919
0.995735
0.996391
0.996842
0.997033
0.997043
0.996974
0.996644
0.995708
0.994428
0.991968
0.985376
0.971561
0.961508
0.957667
0.957672
0.961229
0.974835
0.987915
0.994693
0.997849
0.99919
0.999715
0.999906
0.999971
0.999991
0.999997
0.999997
0.999995
0.999984
0.999935
0.999735
0.998999
0.996708
0.990654
0.975946
0.942511
0.896078
0.876615
0.87009
0.869206
0.870377
0.873331
0.877914
0.889027
0.925048
0.961302
0.980901
0.989251
0.992412
0.993515
0.993849
0.993876
0.99371
0.992943
0.991298
0.989546
0.988301
0.987828
0.987494
0.986323
0.979529
0.944874
0.892241
0.867582
0.856922
0.846658
0.842197
0.842322
0.845715
0.855449
0.881495
0.921787
0.95457
0.976166
0.988454
0.780738
0.781894
0.804435
0.812249
0.806814
0.773112
0.684234
0.57005
0.534393
0.528092
0.530071
0.543642
0.555547
0.581349
0.648503
0.793501
0.854881
0.875783
0.887347
0.902148
0.920676
0.937361
0.949963
0.957955
0.962232
0.964537
0.965795
0.966519
0.966942
0.967273
0.967638
0.968258
0.968954
0.969434
0.96972
0.969866
0.969901
0.969854
0.969678
0.969236
0.968252
0.966185
0.962228
0.958516
0.95446
0.951946
0.949697
0.949695
0.950315
0.951867
0.955
0.959756
0.963436
0.965917
0.967572
0.968632
0.969103
0.96957
0.970517
0.972688
0.975051
0.97592
0.975867
0.974449
0.966891
0.95915
0.957222
0.958078
0.965529
0.981095
0.990833
0.995892
0.998263
0.9993
0.999727
0.999884
0.999919
0.999913
0.999873
0.999753
0.999592
0.999438
0.999418
0.999508
0.99972
0.999788
0.999759
0.999651
0.999324
0.998985
0.998207
0.997413
0.996999
0.996397
0.996139
0.996207
0.99641
0.996627
0.996923
0.997329
0.997749
0.998126
0.998462
0.998751
0.998985
0.999172
0.999314
0.999408
0.999448
0.999451
0.999438
0.999378
0.999202
0.998931
0.998392
0.99691
0.993477
0.99093
0.989967
0.98996
0.990855
0.994204
0.997105
0.998688
0.999457
0.999793
0.999927
0.999976
0.999993
0.999998
0.999998
0.999997
0.999991
0.99996
0.999835
0.999317
0.997415
0.991705
0.977045
0.940367
0.890177
0.87194
0.86724
0.867114
0.868178
0.871578
0.876142
0.878171
0.882322
0.89583
0.933144
0.965312
0.982812
0.990101
0.992804
0.993704
0.993919
0.993877
0.993428
0.991729
0.989638
0.988432
0.988185
0.988098
0.987235
0.981273
0.94922
0.89427
0.866219
0.849872
0.841695
0.840763
0.844034
0.85078
0.859757
0.881704
0.921718
0.955136
0.976868
0.988959
0.787561
0.791246
0.812926
0.821091
0.820326
0.804591
0.748938
0.633385
0.555928
0.537755
0.535074
0.540664
0.550378
0.561956
0.594292
0.685283
0.819982
0.866348
0.884012
0.897502
0.911602
0.925974
0.939171
0.950498
0.958183
0.962331
0.96464
0.965935
0.966666
0.967095
0.967425
0.967774
0.96833
0.969074
0.969559
0.969821
0.969926
0.969958
0.969928
0.969805
0.969479
0.968771
0.967183
0.965136
0.962993
0.961318
0.960196
0.960325
0.960941
0.962426
0.964429
0.966189
0.967431
0.96831
0.969008
0.969406
0.969837
0.970704
0.97264
0.974844
0.975953
0.976241
0.976058
0.974259
0.965707
0.958501
0.956981
0.958235
0.967828
0.982815
0.99174
0.996331
0.998467
0.999394
0.999773
0.999916
0.99996
0.999965
0.999957
0.999921
0.999864
0.999815
0.99978
0.999771
0.999805
0.99988
0.999921
0.999922
0.999908
0.999875
0.999769
0.999674
0.999601
0.999486
0.999444
0.999447
0.999458
0.999478
0.999522
0.999579
0.999635
0.999688
0.99974
0.999788
0.999829
0.999861
0.999886
0.999901
0.999907
0.999907
0.999904
0.999892
0.999861
0.999805
0.999689
0.99936
0.998489
0.997823
0.997584
0.997587
0.99783
0.99865
0.999313
0.999683
0.999866
0.999948
0.999982
0.999994
0.999998
0.999999
0.999999
0.999995
0.999978
0.999907
0.999613
0.998335
0.993814
0.981065
0.94882
0.894378
0.872586
0.866842
0.866741
0.869496
0.876949
0.891727
0.89716
0.89566
0.892103
0.894057
0.911044
0.946182
0.971716
0.985301
0.991131
0.993235
0.993848
0.993923
0.993728
0.99236
0.989913
0.988907
0.988885
0.988836
0.987938
0.982404
0.952985
0.895411
0.861678
0.844283
0.839223
0.840738
0.849135
0.856026
0.863929
0.882723
0.922278
0.955978
0.977677
0.989521
0.795843
0.802436
0.822502
0.832328
0.83363
0.82649
0.793057
0.721003
0.605278
0.558572
0.547186
0.545576
0.550356
0.556696
0.571688
0.614849
0.743019
0.841361
0.876357
0.893682
0.906647
0.918418
0.929634
0.94005
0.949862
0.957801
0.962095
0.964547
0.965949
0.966709
0.967186
0.967538
0.967852
0.9683
0.968983
0.969564
0.969838
0.969945
0.969965
0.96995
0.969876
0.96968
0.969229
0.968391
0.967551
0.96674
0.966315
0.966409
0.966743
0.967395
0.968014
0.968539
0.968947
0.969319
0.969658
0.970167
0.971123
0.973067
0.974709
0.975713
0.976201
0.976293
0.976056
0.973968
0.964881
0.957882
0.95645
0.957961
0.968714
0.983832
0.992532
0.996841
0.99874
0.999509
0.999812
0.999932
0.999974
0.999983
0.999983
0.999975
0.999952
0.999929
0.999914
0.999909
0.999913
0.999934
0.999956
0.999972
0.999978
0.999978
0.999974
0.999968
0.999956
0.999951
0.999949
0.999942
0.99994
0.999941
0.999946
0.999951
0.999956
0.999961
0.999966
0.999972
0.999977
0.999981
0.999984
0.999986
0.999986
0.999986
0.999985
0.999982
0.999976
0.999965
0.999939
0.999865
0.999642
0.999464
0.999403
0.999405
0.99947
0.999674
0.999832
0.999921
0.999966
0.999987
0.999995
0.999998
0.999999
0.999999
0.999998
0.999989
0.99995
0.999799
0.99914
0.996153
0.986479
0.961517
0.909258
0.878363
0.868314
0.866835
0.870786
0.884095
0.909446
0.932783
0.935829
0.931902
0.916177
0.907195
0.910368
0.929495
0.957933
0.977892
0.987942
0.992132
0.99357
0.99389
0.993852
0.993246
0.991004
0.989993
0.989864
0.989548
0.988337
0.98292
0.955375
0.895036
0.85708
0.840598
0.838008
0.842525
0.85428
0.860975
0.868156
0.884809
0.923421
0.95723
0.978669
0.990154
0.805085
0.819259
0.839579
0.853248
0.857299
0.854019
0.824812
0.793159
0.720034
0.622559
0.590561
0.580648
0.568794
0.560039
0.565367
0.585931
0.649049
0.793044
0.859769
0.886798
0.902375
0.913933
0.92377
0.932547
0.940739
0.948537
0.956428
0.961481
0.964307
0.965847
0.966713
0.967253
0.967615
0.96792
0.968334
0.968856
0.969426
0.969775
0.96991
0.969942
0.969933
0.969892
0.969788
0.969546
0.969256
0.968961
0.96877
0.968793
0.968882
0.969011
0.969156
0.969373
0.969569
0.969888
0.970604
0.971855
0.973478
0.97452
0.975266
0.975855
0.976096
0.976053
0.975645
0.973215
0.963667
0.956722
0.955268
0.95698
0.968808
0.984101
0.992749
0.996993
0.99885
0.999585
0.999854
0.999948
0.999981
0.999991
0.999992
0.999991
0.999984
0.999973
0.999964
0.99996
0.99996
0.999966
0.999976
0.999984
0.99999
0.999994
0.999995
0.999995
0.999996
0.999996
0.999996
0.999996
0.999996
0.999995
0.999995
0.999996
0.999996
0.999996
0.999997
0.999997
0.999997
0.999998
0.999998
0.999998
0.999998
0.999998
0.999998
0.999997
0.999996
0.999993
0.999987
0.999969
0.99991
0.999861
0.999845
0.999846
0.999864
0.999917
0.999957
0.99998
0.999991
0.999997
0.999999
1
1
0.999999
0.999995
0.999976
0.999897
0.999594
0.998183
0.99158
0.973536
0.932931
0.893419
0.87289
0.867986
0.870711
0.884892
0.919843
0.941839
0.952151
0.957054
0.956375
0.947361
0.925409
0.920266
0.926488
0.945271
0.965924
0.981813
0.989781
0.992827
0.993727
0.993825
0.99364
0.99272
0.991335
0.990702
0.990044
0.988495
0.982963
0.956056
0.892755
0.852897
0.838175
0.837331
0.845451
0.859028
0.865821
0.872532
0.887951
0.92564
0.959155
0.979975
0.990912
0.819575
0.844462
0.87066
0.893374
0.902622
0.901947
0.859852
0.831485
0.808849
0.769461
0.747154
0.741272
0.685889
0.603714
0.57212
0.577179
0.607978
0.712579
0.828036
0.874045
0.895798
0.909351
0.91954
0.927998
0.935061
0.941528
0.947605
0.954404
0.960654
0.963947
0.965715
0.966705
0.96731
0.967711
0.968037
0.968373
0.968756
0.969223
0.969607
0.969805
0.969878
0.969873
0.969839
0.96977
0.969654
0.969563
0.969467
0.969427
0.969435
0.969471
0.969563
0.969778
0.970252
0.971239
0.97278
0.973757
0.974238
0.97475
0.97525
0.9754
0.975281
0.974991
0.97433
0.971617
0.961801
0.954832
0.953357
0.955413
0.968835
0.98453
0.993094
0.997176
0.998925
0.999618
0.999871
0.999958
0.999986
0.999994
0.999996
0.999996
0.999994
0.99999
0.999986
0.999983
0.999982
0.999983
0.999986
0.999991
0.999994
0.999996
0.999998
0.999999
0.999999
0.999999
1
1
1
1
1
1
1
1
1
1
1
1
1
1
1
1
1
0.999999
0.999999
0.999999
0.999997
0.999992
0.999976
0.999962
0.999958
0.999958
0.999964
0.999978
0.999988
0.999995
0.999998
0.999999
1
1
1
0.999998
0.99999
0.999952
0.999801
0.999232
0.996332
0.982619
0.954805
0.920127
0.885822
0.871389
0.871114
0.879651
0.913464
0.943175
0.9523
0.956838
0.961274
0.962712
0.960573
0.945504
0.93265
0.932683
0.942331
0.955955
0.972205
0.985154
0.99116
0.993227
0.993725
0.993708
0.993422
0.992611
0.99129
0.990295
0.988501
0.982863
0.955881
0.889575
0.84929
0.836523
0.836919
0.848627
0.863487
0.870358
0.876828
0.891798
0.928971
0.961649
0.981519
0.991752
0.842408
0.849559
0.861747
0.885548
0.937881
0.959156
0.940956
0.889976
0.873442
0.888233
0.932576
0.954909
0.937837
0.806127
0.62365
0.585418
0.593333
0.641845
0.769502
0.850192
0.88385
0.901424
0.913074
0.922225
0.929821
0.936706
0.942538
0.947903
0.95312
0.959469
0.963504
0.96558
0.966731
0.967405
0.967846
0.968187
0.968477
0.968783
0.969099
0.969364
0.969587
0.969687
0.969726
0.969713
0.96968
0.969627
0.969598
0.969602
0.96964
0.969779
0.970155
0.971011
0.972195
0.973008
0.973581
0.974023
0.974141
0.974172
0.974048
0.973703
0.972883
0.972173
0.971339
0.968581
0.958926
0.952194
0.95093
0.953731
0.969364
0.985168
0.993564
0.997452
0.999064
0.999675
0.999891
0.999965
0.999989
0.999996
0.999998
0.999998
0.999998
0.999996
0.999994
0.999993
0.999993
0.999993
0.999994
0.999996
0.999997
0.999998
0.999999
0.999999
1
1
1
1
1
1
1
1
1
1
1
1
1
1
1
1
1
1
1
1
1
1
0.999999
0.999998
0.999993
0.999989
0.999988
0.999988
0.99999
0.999994
0.999997
0.999998
0.999999
1
1
1
0.999999
0.999997
0.999981
0.999907
0.99964
0.998627
0.99292
0.96658
0.943213
0.913926
0.882017
0.871682
0.874726
0.895528
0.938166
0.952008
0.955118
0.957581
0.961516
0.964247
0.964157
0.957689
0.944574
0.941644
0.944956
0.95334
0.963895
0.977719
0.987913
0.992042
0.993386
0.993649
0.993562
0.993138
0.991692
0.990334
0.988389
0.982551
0.954791
0.885789
0.846096
0.835093
0.836642
0.851857
0.86802
0.87503
0.881361
0.896197
0.93301
0.964494
0.983192
0.992626
0.994378
0.986445
0.968505
0.945553
0.94723
0.952038
0.963423
0.978182
0.972202
0.95864
0.968196
0.988863
0.993834
0.984275
0.829891
0.626977
0.600818
0.617139
0.686548
0.787061
0.851453
0.881177
0.897293
0.909055
0.919092
0.928037
0.936005
0.942738
0.948551
0.953505
0.958372
0.963016
0.9655
0.966797
0.967535
0.968028
0.968374
0.968634
0.968892
0.969101
0.969302
0.969451
0.969557
0.969619
0.969647
0.96966
0.969695
0.969804
0.970123
0.970889
0.971979
0.972561
0.972951
0.973178
0.973309
0.973087
0.972286
0.971234
0.970568
0.969183
0.967106
0.966108
0.965693
0.963693
0.95508
0.948904
0.9481
0.952469
0.970567
0.985745
0.993798
0.997559
0.999119
0.999705
0.999907
0.999971
0.999991
0.999997
0.999999
0.999999
0.999999
0.999998
0.999998
0.999997
0.999997
0.999997
0.999997
0.999998
0.999999
0.999999
0.999999
1
1
1
1
1
1
1
1
1
1
1
1
1
1
1
1
1
1
1
1
1
1
1
1
0.999999
0.999998
0.999997
0.999997
0.999997
0.999997
0.999998
0.999999
1
1
1
1
1
0.999999
0.999993
0.999962
0.999826
0.99937
0.997598
0.986508
0.952025
0.937167
0.910972
0.88016
0.874604
0.882734
0.922382
0.949977
0.955629
0.955654
0.95631
0.959243
0.963838
0.965281
0.963567
0.955605
0.951571
0.951734
0.955233
0.96082
0.970347
0.981561
0.98923
0.992336
0.993352
0.993465
0.993177
0.991752
0.990146
0.988022
0.981834
0.95145
0.880491
0.84251
0.833543
0.836699
0.856435
0.873648
0.880504
0.8866
0.901461
0.93804
0.967895
0.9851
0.993579
0.999896
0.999607
0.998789
0.997118
0.993222
0.991939
0.992421
0.993549
0.994451
0.995091
0.995873
0.997686
0.998831
0.998573
0.97855
0.769752
0.629458
0.624362
0.658582
0.724
0.773354
0.806171
0.823053
0.842237
0.856337
0.884509
0.913224
0.929811
0.940489
0.947885
0.954145
0.958389
0.962387
0.965307
0.966823
0.967697
0.968212
0.968589
0.968877
0.969081
0.969273
0.969431
0.969556
0.969648
0.969738
0.969902
0.97025
0.971131
0.971885
0.972316
0.972645
0.972571
0.972148
0.971197
0.970283
0.96871
0.965528
0.963641
0.962283
0.959148
0.955655
0.95484
0.955799
0.955685
0.949894
0.944742
0.944597
0.951839
0.972791
0.986982
0.994385
0.997786
0.999195
0.999728
0.999914
0.999975
0.999993
0.999998
0.999999
1
1
0.999999
0.999999
0.999999
0.999999
0.999999
0.999999
0.999999
0.999999
1
1
1
1
1
1
1
1
1
1
1
1
1
1
1
1
1
1
1
1
1
1
1
1
1
1
1
1
0.999999
0.999999
0.999999
0.999999
1
1
1
1
1
1
1
0.999997
0.999986
0.999923
0.999677
0.998923
0.995831
0.97468
0.944408
0.93424
0.910003
0.879584
0.877081
0.894217
0.940347
0.956374
0.957232
0.95444
0.952602
0.953321
0.959333
0.965016
0.965813
0.963835
0.9612
0.960841
0.961215
0.962678
0.966701
0.974298
0.982344
0.988984
0.992291
0.993031
0.992876
0.991347
0.989264
0.987006
0.980186
0.945825
0.873653
0.83865
0.832384
0.838134
0.863677
0.880522
0.886519
0.892227
0.907481
0.943991
0.971714
0.987134
0.99455
0.999998
0.999991
0.999963
0.999892
0.999702
0.999474
0.999482
0.999537
0.999584
0.999645
0.999685
0.999785
0.999868
0.99981
0.996664
0.936698
0.716238
0.652294
0.667631
0.718667
0.757595
0.784626
0.80351
0.820092
0.826174
0.833829
0.847277
0.868834
0.907284
0.931527
0.944875
0.95277
0.95852
0.962193
0.965062
0.966843
0.96783
0.968446
0.968874
0.969227
0.969454
0.969667
0.969849
0.970188
0.970635
0.971179
0.971857
0.972316
0.972212
0.97167
0.97046
0.968793
0.965259
0.962096
0.959833
0.955403
0.949863
0.947352
0.944922
0.939733
0.936221
0.93624
0.940495
0.94351
0.941928
0.93926
0.940973
0.954215
0.975683
0.988695
0.995277
0.998197
0.99936
0.999786
0.999932
0.999979
0.999994
0.999998
1
1
1
1
1
1
1
1
1
1
1
1
1
1
1
1
1
1
1
1
1
1
1
1
1
1
1
1
1
1
1
1
1
1
1
1
1
1
1
1
1
1
1
1
1
1
1
1
1
0.999999
0.999994
0.999971
0.999849
0.999421
0.998259
0.993032
0.960736
0.940913
0.933475
0.91002
0.880014
0.880118
0.910643
0.951688
0.9595
0.958251
0.953718
0.951628
0.951516
0.953354
0.960882
0.965821
0.966676
0.966206
0.965492
0.965319
0.965494
0.966696
0.970179
0.978206
0.986135
0.990399
0.991698
0.991477
0.988792
0.985942
0.984064
0.977411
0.938011
0.86563
0.835319
0.832115
0.842679
0.873359
0.887751
0.892385
0.897662
0.914022
0.950329
0.975552
0.989085
0.995446
1
1
0.999999
0.999997
0.999992
0.99998
0.999979
0.99998
0.999982
0.999984
0.999985
0.999987
0.999988
0.999978
0.999351
0.987213
0.902667
0.753337
0.716969
0.739039
0.783165
0.827952
0.872365
0.895391
0.902605
0.898848
0.870687
0.86214
0.865337
0.877007
0.909445
0.936263
0.94963
0.957143
0.961913
0.964853
0.966762
0.967914
0.968678
0.969178
0.96965
0.970089
0.970505
0.97092
0.971377
0.971613
0.971474
0.97044
0.966888
0.961421
0.957407
0.953105
0.94808
0.944402
0.941051
0.936274
0.931579
0.928633
0.925816
0.922795
0.921226
0.921242
0.924024
0.928766
0.93009
0.931641
0.938444
0.960266
0.97982
0.990848
0.996255
0.998603
0.999521
0.999847
0.999954
0.999986
0.999996
0.999999
1
1
1
1
1
1
1
1
1
1
1
1
1
1
1
1
1
1
1
1
1
1
1
1
1
1
1
1
1
1
1
1
1
1
1
1
1
1
1
1
1
1
1
1
1
1
1
1
1
0.999998
0.999988
0.99994
0.999705
0.999012
0.997355
0.988892
0.95287
0.939633
0.934701
0.91285
0.881269
0.883267
0.923092
0.957797
0.961564
0.959325
0.954173
0.952117
0.951508
0.952078
0.954388
0.959406
0.96368
0.964845
0.965017
0.965232
0.965594
0.966556
0.969273
0.975588
0.98156
0.98583
0.986675
0.985221
0.981956
0.981602
0.981105
0.974072
0.926383
0.856491
0.833008
0.832826
0.853053
0.884195
0.894988
0.898016
0.902789
0.921323
0.956798
0.979319
0.99093
0.996269
1
1
1
1
1
1
0.999999
0.999999
0.999999
0.999999
0.999999
0.999999
0.999999
0.999998
0.999894
0.997704
0.980307
0.909903
0.841984
0.832089
0.84835
0.890436
0.93085
0.958865
0.97223
0.973499
0.96623
0.936996
0.889314
0.875529
0.877084
0.88757
0.919709
0.942821
0.954279
0.960456
0.964183
0.966493
0.967968
0.968894
0.969565
0.970149
0.970593
0.970778
0.970682
0.969603
0.962922
0.952862
0.948447
0.946785
0.946199
0.945035
0.942626
0.939695
0.936263
0.931996
0.927803
0.92442
0.921678
0.91954
0.918344
0.918124
0.918847
0.920826
0.923068
0.92786
0.94296
0.967821
0.984437
0.993335
0.997406
0.999063
0.999684
0.999899
0.999969
0.999991
0.999998
0.999999
1
1
1
1
1
1
1
1
1
1
1
1
1
1
1
1
1
1
1
1
1
1
1
1
1
1
1
1
1
1
1
1
1
1
1
1
1
1
1
1
1
1
1
1
1
1
1
1
0.999999
0.999994
0.999972
0.999876
0.999425
0.99839
0.996216
0.983183
0.946182
0.939435
0.939027
0.918646
0.882444
0.885226
0.931552
0.961772
0.96446
0.962836
0.958122
0.955622
0.953585
0.952885
0.953141
0.953835
0.955185
0.957136
0.958848
0.960868
0.962848
0.964437
0.966737
0.969532
0.972895
0.975587
0.976374
0.976597
0.977945
0.979669
0.979401
0.969914
0.909687
0.847061
0.832116
0.836216
0.86946
0.895636
0.901615
0.903089
0.907564
0.929771
0.96341
0.982955
0.992657
0.997023
1
1
1
1
1
1
1
1
1
1
1
1
1
1
0.999987
0.99967
0.996711
0.982659
0.943867
0.927392
0.929111
0.940726
0.961855
0.977994
0.988271
0.992148
0.991955
0.987851
0.971469
0.91886
0.886719
0.879558
0.882501
0.897382
0.930166
0.948431
0.957965
0.963198
0.96619
0.967976
0.969148
0.96974
0.969759
0.968622
0.960449
0.94788
0.943724
0.944171
0.946913
0.951735
0.955057
0.956339
0.955666
0.950535
0.944316
0.937927
0.931641
0.92691
0.923849
0.921383
0.919294
0.918315
0.918368
0.91937
0.921949
0.928774
0.951565
0.975034
0.988853
0.995609
0.998439
0.999486
0.999838
0.99995
0.999985
0.999995
0.999999
1
1
1
1
1
1
1
1
1
1
1
1
1
1
1
1
1
1
1
1
1
1
1
1
1
1
1
1
1
1
1
1
1
1
1
1
1
1
1
1
1
1
1
1
1
1
1
1
1
0.999997
0.999985
0.999935
0.999739
0.998855
0.997543
0.994873
0.975802
0.942989
0.94133
0.942927
0.922216
0.884192
0.886191
0.936337
0.965035
0.968966
0.97099
0.966718
0.963745
0.96034
0.958024
0.956171
0.955167
0.954931
0.955302
0.956596
0.958268
0.959979
0.961596
0.963396
0.965373
0.967804
0.970028
0.971539
0.973887
0.977233
0.979018
0.978197
0.962195
0.887033
0.839147
0.832832
0.846649
0.889779
0.906088
0.907162
0.907332
0.912564
0.939419
0.969955
0.986372
0.994244
0.997705
1
1
1
1
1
1
1
1
1
1
1
1
1
1
0.999999
0.999962
0.999575
0.997403
0.988266
0.978852
0.978308
0.98042
0.986855
0.992428
0.995987
0.99771
0.997982
0.99749
0.994455
0.98346
0.942708
0.899075
0.881818
0.880422
0.885582
0.90848
0.937854
0.95308
0.960955
0.965285
0.967219
0.967345
0.964217
0.95398
0.948753
0.948926
0.956
0.969139
0.978386
0.984444
0.987916
0.989249
0.989183
0.986831
0.979527
0.967189
0.953738
0.945081
0.940139
0.934419
0.927817
0.923226
0.921684
0.921919
0.924593
0.936351
0.963635
0.982803
0.992969
0.997435
0.999134
0.999721
0.999913
0.999974
0.999992
0.999998
0.999999
1
1
1
1
1
1
1
1
1
1
1
1
1
1
1
1
1
1
1
1
1
1
1
1
1
1
1
1
1
1
1
1
1
1
1
1
1
1
1
1
1
1
1
1
1
1
1
1
0.999999
0.999992
0.999962
0.999845
0.999432
0.99788
0.996406
0.993337
0.970538
0.941564
0.941889
0.945727
0.929966
0.887248
0.886532
0.938412
0.967601
0.973848
0.978102
0.976735
0.974707
0.972226
0.97036
0.968322
0.967185
0.966534
0.964982
0.963527
0.962562
0.962426
0.962865
0.963961
0.965485
0.967548
0.969514
0.971243
0.974066
0.977483
0.978736
0.976022
0.944243
0.862567
0.835282
0.836671
0.870908
0.907836
0.914529
0.911251
0.910556
0.918516
0.950061
0.976175
0.989484
0.995662
0.998305
1
1
1
1
1
1
1
1
1
1
1
1
1
1
1
0.999997
0.999959
0.999714
0.998514
0.995967
0.995554
0.995871
0.997017
0.998248
0.999032
0.999447
0.999548
0.999492
0.998994
0.996791
0.988693
0.961769
0.911386
0.886781
0.87903
0.88032
0.888487
0.915292
0.941731
0.956249
0.961159
0.960795
0.954019
0.948723
0.948854
0.956726
0.970228
0.98082
0.988318
0.993071
0.995773
0.997031
0.997398
0.99739
0.997036
0.99493
0.98768
0.981974
0.976599
0.964783
0.948797
0.937895
0.934139
0.934323
0.938023
0.955786
0.978907
0.991356
0.996804
0.998882
0.999624
0.999878
0.999961
0.999988
0.999996
0.999999
1
1
1
1
1
1
1
1
1
1
1
1
1
1
1
1
1
1
1
1
1
1
1
1
1
1
1
1
1
1
1
1
1
1
1
1
1
1
1
1
1
1
1
1
1
1
1
1
0.999999
0.999996
0.999978
0.999899
0.999616
0.9987
0.996285
0.994936
0.991675
0.964427
0.940443
0.942023
0.946987
0.940172
0.892139
0.88632
0.938719
0.96861
0.975671
0.98018
0.980412
0.978905
0.977055
0.975906
0.975267
0.975339
0.975764
0.976143
0.976754
0.97591
0.974247
0.972528
0.971414
0.971102
0.971471
0.972405
0.973944
0.976589
0.978498
0.978279
0.970376
0.906293
0.845301
0.835602
0.849941
0.901632
0.922107
0.920929
0.912915
0.913261
0.926737
0.960705
0.981799
0.992215
0.996883
0.998808
1
1
1
1
1
1
1
1
1
1
1
1
1
1
1
1
0.999997
0.999977
0.999874
0.99951
0.999376
0.999402
0.999525
0.999703
0.999826
0.999894
0.999913
0.999906
0.999833
0.999446
0.997883
0.992202
0.976546
0.928609
0.894376
0.881556
0.879981
0.884181
0.910446
0.939639
0.948879
0.948624
0.942373
0.939314
0.941559
0.955822
0.971642
0.983574
0.991487
0.995978
0.998131
0.99904
0.999375
0.999452
0.999433
0.999194
0.997954
0.996763
0.995438
0.992464
0.979305
0.965706
0.961671
0.962124
0.967518
0.983004
0.992404
0.996901
0.998823
0.999578
0.999855
0.999952
0.999985
0.999995
0.999999
1
1
1
1
1
1
1
1
1
1
1
1
1
1
1
1
1
1
1
1
1
1
1
1
1
1
1
1
1
1
1
1
1
1
1
1
1
1
1
1
1
1
1
1
1
1
1
1
1
0.999999
0.999989
0.999939
0.999728
0.99901
0.996757
0.994115
0.993152
0.989941
0.961399
0.939786
0.94186
0.947404
0.947743
0.896495
0.886197
0.933401
0.96895
0.976585
0.981012
0.981669
0.980068
0.977746
0.976452
0.975772
0.975824
0.976531
0.978259
0.98039
0.980813
0.980525
0.97995
0.979253
0.978665
0.97828
0.978157
0.978407
0.978895
0.978756
0.97625
0.949072
0.86603
0.838929
0.841668
0.885521
0.925995
0.93214
0.922437
0.914005
0.916524
0.938536
0.969932
0.986687
0.994509
0.997885
0.999184
1
1
1
1
1
1
1
1
1
1
1
1
1
1
1
1
1
0.999999
0.999992
0.999961
0.999938
0.999938
0.999945
0.999962
0.999976
0.999984
0.999986
0.999985
0.999975
0.999916
0.999647
0.998589
0.995069
0.985066
0.953254
0.908184
0.888524
0.886449
0.892326
0.910592
0.917851
0.917454
0.914917
0.916494
0.934393
0.960099
0.978573
0.989842
0.995641
0.998237
0.999295
0.999706
0.999854
0.999898
0.999902
0.999875
0.999725
0.999532
0.999205
0.998447
0.99495
0.990611
0.989369
0.989494
0.991198
0.995181
0.997734
0.999039
0.999624
0.999862
0.999952
0.999984
0.999995
0.999998
1
1
1
1
1
1
1
1
1
1
1
1
1
1
1
1
1
1
1
1
1
1
1
1
1
1
1
1
1
1
1
1
1
1
1
1
1
1
1
1
1
1
1
1
1
1
1
1
1
1
0.999996
0.999969
0.999827
0.999252
0.997394
0.993223
0.991299
0.991017
0.988497
0.959968
0.939246
0.940348
0.947432
0.952956
0.90405
0.886953
0.921567
0.968762
0.977118
0.981418
0.982221
0.980457
0.977548
0.975389
0.973264
0.973101
0.974131
0.977343
0.980068
0.981017
0.981309
0.981325
0.981179
0.980888
0.980489
0.980032
0.979591
0.979076
0.977575
0.964925
0.890952
0.84569
0.840778
0.867642
0.92412
0.941725
0.937596
0.919467
0.915057
0.921872
0.952459
0.978197
0.990756
0.996347
0.998633
0.999393
1
1
1
1
1
1
1
1
1
1
1
1
1
1
1
1
1
1
1
0.999998
0.999996
0.999995
0.999995
0.999996
0.999997
0.999998
0.999998
0.999998
0.999997
0.999989
0.999949
0.999777
0.999137
0.997133
0.99105
0.973585
0.926614
0.900247
0.89667
0.89797
0.899725
0.900567
0.902551
0.916931
0.951979
0.976735
0.9901
0.996099
0.998536
0.999469
0.999811
0.999931
0.999972
0.999984
0.999986
0.999983
0.999971
0.999943
0.999883
0.999707
0.998821
0.997859
0.997568
0.99758
0.997922
0.998822
0.999428
0.99975
0.999899
0.999962
0.999986
0.999995
0.999999
1
1
1
1
1
1
1
1
1
1
1
1
1
1
1
1
1
1
1
1
1
1
1
1
1
1
1
1
1
1
1
1
1
1
1
1
1
1
1
1
1
1
1
1
1
1
1
1
1
1
0.999999
0.999987
0.99991
0.999503
0.997937
0.993249
0.988993
0.988343
0.988845
0.986824
0.959096
0.937926
0.935997
0.946447
0.955007
0.914875
0.888191
0.911224
0.966281
0.977354
0.981657
0.982529
0.980647
0.977106
0.973713
0.969368
0.966329
0.966629
0.970361
0.976313
0.979083
0.980385
0.980917
0.981048
0.980902
0.98051
0.979918
0.978996
0.976654
0.966721
0.911884
0.855093
0.843618
0.85732
0.917718
0.948335
0.95038
0.934185
0.916793
0.916668
0.932345
0.96599
0.985026
0.993962
0.997709
0.999069
0.999385
1
1
1
1
1
1
1
1
1
1
1
1
1
1
1
1
1
1
1
1
1
1
1
1
1
1
1
1
1
0.999999
0.999993
0.999968
0.999864
0.999502
0.998347
0.994522
0.982436
0.942196
0.914488
0.90649
0.90612
0.908159
0.92364
0.959088
0.981479
0.992452
0.997148
0.998981
0.999652
0.999884
0.999962
0.999988
0.999995
0.999998
0.999998
0.999998
0.999997
0.999993
0.999982
0.999938
0.999721
0.999512
0.999444
0.999443
0.999513
0.999717
0.99986
0.999937
0.999974
0.99999
0.999996
0.999999
1
1
1
1
1
1
1
1
1
1
1
1
1
1
1
1
1
1
1
1
1
1
1
1
1
1
1
1
1
1
1
1
1
1
1
1
1
1
1
1
1
1
1
1
1
1
1
1
1
1
1
0.999996
0.999965
0.999747
0.99862
0.994406
0.987969
0.985628
0.985608
0.986808
0.985194
0.959122
0.935516
0.929597
0.942243
0.955765
0.929884
0.890215
0.90138
0.961306
0.977403
0.981897
0.982945
0.981204
0.977147
0.973439
0.968653
0.961459
0.956163
0.956752
0.964229
0.972082
0.975684
0.977851
0.978768
0.979029
0.97843
0.976758
0.97248
0.959386
0.913561
0.865075
0.848274
0.855136
0.911019
0.951871
0.960069
0.951199
0.923652
0.915576
0.920395
0.948753
0.976749
0.990381
0.996326
0.998534
0.99912
0.999066
1
1
1
1
1
1
1
1
1
1
1
1
1
1
1
1
1
1
1
1
1
1
1
1
1
1
1
1
1
1
0.999999
0.999996
0.999982
0.999928
0.999736
0.999035
0.996504
0.984604
0.96369
0.955878
0.956152
0.962005
0.979023
0.990321
0.995986
0.998464
0.999448
0.999811
0.999938
0.99998
0.999994
0.999998
0.999999
1
1
1
1
0.999999
0.999996
0.999986
0.999934
0.999885
0.999869
0.999868
0.999883
0.999931
0.999965
0.999984
0.999993
0.999997
0.999999
1
1
1
1
1
1
1
1
1
1
1
1
1
1
1
1
1
1
1
1
1
1
1
1
1
1
1
1
1
1
1
1
1
1
1
1
1
1
1
1
1
1
1
1
1
1
1
1
1
1
1
0.999999
0.999991
0.999908
0.99932
0.996404
0.988452
0.984738
0.983995
0.984167
0.985533
0.983926
0.959741
0.93223
0.927009
0.935133
0.95587
0.947789
0.895264
0.896964
0.95318
0.976996
0.982276
0.983713
0.982681
0.978806
0.974608
0.969261
0.961
0.949463
0.943124
0.942837
0.948296
0.956481
0.963321
0.966313
0.967241
0.964366
0.955833
0.934606
0.898839
0.869059
0.85532
0.858888
0.909077
0.954375
0.967119
0.96302
0.937503
0.916445
0.915846
0.931303
0.965867
0.98536
0.994308
0.997796
0.998761
0.9988
0.99828
1
1
1
1
1
1
1
1
1
1
1
1
1
1
1
1
1
1
1
1
1
1
1
1
1
1
1
1
1
1
1
1
0.999998
0.999992
0.999969
0.999875
0.999507
0.997284
0.993033
0.991817
0.992071
0.994016
0.997137
0.998784
0.999524
0.999825
0.999939
0.99998
0.999994
0.999998
0.999999
1
1
1
1
1
1
1
0.999999
0.999997
0.999988
0.99998
0.999977
0.999977
0.999979
0.999988
0.999994
0.999997
0.999999
0.999999
1
1
1
1
1
1
1
1
1
1
1
1
1
1
1
1
1
1
1
1
1
1
1
1
1
1
1
1
1
1
1
1
1
1
1
1
1
1
1
1
1
1
1
1
1
1
1
1
1
1
1
1
0.999998
0.999977
0.999764
0.998227
0.990848
0.984534
0.983126
0.983176
0.983461
0.98478
0.983044
0.960984
0.931264
0.926414
0.932021
0.954501
0.958715
0.902999
0.894837
0.938449
0.975185
0.982461
0.984792
0.985009
0.983253
0.980371
0.974296
0.963164
0.949062
0.9365
0.928071
0.923367
0.922015
0.922434
0.923678
0.921778
0.914003
0.900079
0.884053
0.870598
0.863743
0.868823
0.916499
0.958468
0.972157
0.970317
0.951676
0.919648
0.913481
0.920259
0.952333
0.979024
0.991645
0.996802
0.998353
0.998475
0.998014
0.996773
1
1
1
1
1
1
1
1
1
1
1
1
1
1
1
1
1
1
1
1
1
1
1
1
1
1
1
1
1
1
1
1
1
0.999999
0.999998
0.999989
0.999955
0.999718
0.999304
0.999217
0.999262
0.999518
0.999794
0.999918
0.99997
0.999989
0.999996
0.999999
1
1
1
1
1
1
1
1
1
1
1
1
0.999998
0.999998
0.999997
0.999997
0.999998
0.999999
0.999999
1
1
1
1
1
1
1
1
1
1
1
1
1
1
1
1
1
1
1
1
1
1
1
1
1
1
1
1
1
1
1
1
1
1
1
1
1
1
1
1
1
1
1
1
1
1
1
1
1
1
1
1
1
1
1
0.999996
0.999943
0.999423
0.995531
0.984833
0.981909
0.982411
0.982896
0.983345
0.98444
0.98259
0.962921
0.932374
0.926524
0.930983
0.949831
0.963704
0.913512
0.894229
0.915668
0.970271
0.982193
0.985365
0.986842
0.987459
0.987458
0.984403
0.972532
0.953625
0.935762
0.92491
0.915267
0.9063
0.899787
0.89513
0.890681
0.8854
0.879735
0.875707
0.873713
0.887017
0.93253
0.964859
0.975698
0.974333
0.959697
0.923097
0.911491
0.914584
0.939653
0.97212
0.98857
0.995604
0.997903
0.998199
0.997731
0.996282
0.995452
1
1
1
1
1
1
1
1
1
1
1
1
1
1
1
1
1
1
1
1
1
1
1
1
1
1
1
1
1
1
1
1
1
1
1
0.999999
0.999998
0.999984
0.999964
0.999962
0.999966
0.999981
0.999992
0.999997
0.999999
1
1
1
1
1
1
1
1
1
1
1
1
1
1
1
1
1
1
1
1
1
1
1
1
1
1
1
1
1
1
1
1
1
1
1
1
1
1
1
1
1
1
1
1
1
1
1
1
1
1
1
1
1
1
1
1
1
1
1
1
1
1
1
1
1
1
1
1
1
1
1
1
1
1
1
1
0.999999
0.999991
0.999873
0.998716
0.99036
0.980608
0.979992
0.982248
0.983134
0.983585
0.984136
0.982308
0.965361
0.934859
0.927516
0.930841
0.947136
0.965705
0.930749
0.895782
0.901003
0.957216
0.980337
0.985355
0.987284
0.988824
0.989769
0.989122
0.983388
0.966885
0.942994
0.925203
0.916209
0.905851
0.897471
0.891912
0.887988
0.885695
0.884961
0.891562
0.916366
0.951489
0.971666
0.977753
0.975903
0.96137
0.924166
0.909413
0.91084
0.929431
0.965409
0.985314
0.994265
0.997431
0.997995
0.997639
0.99596
0.994761
0.994414
1
1
1
1
1
1
1
1
1
1
1
1
1
1
1
1
1
1
1
1
1
1
1
1
1
1
1
1
1
1
1
1
1
1
1
1
1
0.999999
0.999999
0.999999
0.999999
1
1
1
1
1
1
1
1
1
1
1
1
1
1
1
1
1
1
1
1
1
1
1
1
1
1
1
1
1
1
1
1
1
1
1
1
1
1
1
1
1
1
1
1
1
1
1
1
1
1
1
1
1
1
1
1
1
1
1
1
1
1
1
1
1
1
1
1
1
1
1
1
1
1
1
1
1
1
1
1
0.999999
0.999981
0.99975
0.99755
0.98515
0.976069
0.977185
0.982846
0.983882
0.984004
0.984117
0.982302
0.968163
0.938384
0.930223
0.932736
0.946464
0.966095
0.952524
0.905109
0.895403
0.925366
0.972936
0.983791
0.987088
0.988939
0.990388
0.990483
0.98858
0.980953
0.963564
0.941104
0.925323
0.91513
0.907408
0.904344
0.904645
0.911811
0.927303
0.948971
0.966268
0.975707
0.977848
0.97446
0.955672
0.920735
0.906797
0.907789
0.922481
0.959502
0.982143
0.99285
0.996935
0.997856
0.997657
0.996034
0.994259
0.993684
0.993708
1
1
1
1
1
1
1
1
1
1
1
1
1
1
1
1
1
1
1
1
1
1
1
1
1
1
1
1
1
1
1
1
1
1
1
1
1
1
1
1
1
1
1
1
1
1
1
1
1
1
1
1
1
1
1
1
1
1
1
1
1
1
1
1
1
1
1
1
1
1
1
1
1
1
1
1
1
1
1
1
1
1
1
1
1
1
1
1
1
1
1
1
1
1
1
1
1
1
1
1
1
1
1
1
1
1
1
1
1
1
1
1
1
1
1
1
1
1
1
1
1
0.999998
0.999967
0.9996
0.996307
0.979709
0.969571
0.972814
0.982783
0.9846
0.984536
0.984348
0.982562
0.971766
0.943462
0.935394
0.938364
0.947988
0.965925
0.96194
0.924603
0.894837
0.896653
0.948528
0.975311
0.983661
0.98696
0.989166
0.989998
0.990057
0.987923
0.98214
0.972392
0.961203
0.953606
0.950012
0.949172
0.954245
0.960948
0.967922
0.972953
0.975288
0.974446
0.965533
0.939718
0.91271
0.903853
0.905622
0.919774
0.956039
0.979915
0.991688
0.996485
0.997767
0.997718
0.996392
0.994052
0.993071
0.992964
0.993419
1
1
1
1
1
1
1
1
1
1
1
1
1
1
1
1
1
1
1
1
1
1
1
1
1
1
1
1
1
1
1
1
1
1
1
1
1
1
1
1
1
1
1
1
1
1
1
1
1
1
1
1
1
1
1
1
1
1
1
1
1
1
1
1
1
1
1
1
1
1
1
1
1
1
1
1
1
1
1
1
1
1
1
1
1
1
1
1
1
1
1
1
1
1
1
1
1
1
1
1
1
1
1
1
1
1
1
1
1
1
1
1
1
1
1
1
1
0.999999
0.999999
0.999999
0.999999
0.999996
0.999957
0.99952
0.995707
0.974448
0.958468
0.96269
0.98047
0.986354
0.986234
0.985411
0.9834
0.975616
0.951349
0.943781
0.947348
0.953871
0.965471
0.965596
0.953042
0.908262
0.888954
0.895834
0.942877
0.965516
0.973716
0.97768
0.980924
0.983868
0.985035
0.983796
0.979892
0.975587
0.972384
0.969857
0.96903
0.969279
0.969549
0.969421
0.967268
0.95902
0.940066
0.917659
0.90456
0.90174
0.90539
0.92255
0.956967
0.979598
0.991211
0.996214
0.997723
0.997781
0.996828
0.994107
0.992616
0.992294
0.992506
0.993933
1
1
1
1
1
1
1
1
1
1
1
1
1
1
1
1
1
1
1
1
1
1
1
1
1
1
1
1
1
1
1
1
1
1
1
1
1
1
1
1
1
1
1
1
1
1
1
1
1
1
1
1
1
1
1
1
1
1
1
1
1
1
1
1
1
1
1
1
1
1
1
1
1
1
1
1
1
1
1
1
1
1
1
1
1
1
1
1
1
1
1
1
1
1
1
1
1
1
1
1
1
1
1
1
1
1
1
1
1
1
1
1
0.999999
0.999997
0.999997
0.999997
0.999998
0.999998
0.999998
0.999997
0.999997
0.999993
0.99995
0.999489
0.995527
0.969481
0.940189
0.942389
0.969744
0.986572
0.988682
0.988083
0.986013
0.980719
0.962282
0.956051
0.959114
0.961716
0.965518
0.966246
0.960837
0.952782
0.894544
0.880072
0.883766
0.909477
0.924944
0.93344
0.940479
0.94902
0.960455
0.966464
0.968523
0.96878
0.967051
0.964393
0.961831
0.958456
0.952318
0.941221
0.926232
0.911434
0.903148
0.899909
0.901352
0.907939
0.930047
0.961515
0.981005
0.99144
0.996169
0.997725
0.997855
0.99718
0.994419
0.992316
0.991694
0.991778
0.992688
0.995394
1
1
1
1
1
1
1
1
1
1
1
1
1
1
1
1
1
1
1
1
1
1
1
1
1
1
1
1
1
1
1
1
1
1
1
1
1
1
1
1
1
1
1
1
1
1
1
1
1
1
1
1
1
1
1
1
1
1
1
1
1
1
1
1
1
1
1
1
1
1
1
1
1
1
1
1
1
1
1
1
1
1
1
1
1
1
1
1
1
1
1
1
1
1
1
1
1
1
1
1
1
1
1
1
1
1
1
1
1
1
0.999999
0.999997
0.999985
0.999979
0.99998
0.999982
0.999986
0.999988
0.99999
0.999991
0.999991
0.999987
0.99994
0.999457
0.995368
0.968316
0.925305
0.918335
0.943448
0.979834
0.988833
0.989621
0.988854
0.985982
0.97466
0.968674
0.97002
0.968911
0.96691
0.963189
0.959892
0.968901
0.940822
0.884626
0.872994
0.871622
0.874171
0.876843
0.881117
0.887954
0.898562
0.909607
0.920246
0.925338
0.92704
0.925016
0.920406
0.913642
0.906249
0.901189
0.898523
0.897737
0.899357
0.903475
0.915648
0.941892
0.967792
0.983512
0.992208
0.996323
0.997761
0.997921
0.99742
0.994842
0.992146
0.991158
0.991134
0.991762
0.994508
0.996335
1
1
1
1
1
1
1
1
1
1
1
1
1
1
1
1
1
1
1
1
1
1
1
1
1
1
1
1
1
1
1
1
1
1
1
1
1
1
1
1
1
1
1
1
1
1
1
1
1
1
1
1
1
1
1
1
1
1
1
1
1
1
1
1
1
1
1
1
1
1
1
1
1
1
1
1
1
1
1
1
1
1
1
1
1
1
1
1
1
1
1
1
1
1
1
1
1
1
1
1
1
1
1
1
1
1
1
1
1
0.999998
0.999991
0.999965
0.999875
0.999863
0.999875
0.999904
0.999937
0.999955
0.999964
0.999971
0.999973
0.999969
0.999917
0.999393
0.995099
0.968231
0.922746
0.907288
0.911555
0.955828
0.983644
0.989101
0.98951
0.988743
0.984218
0.979416
0.97955
0.975848
0.969528
0.958025
0.940643
0.97016
0.976281
0.928296
0.883439
0.871148
0.868424
0.867806
0.868934
0.871438
0.875441
0.879475
0.884266
0.888407
0.890857
0.892149
0.89295
0.893445
0.894415
0.896151
0.898631
0.903401
0.913373
0.93331
0.957649
0.975507
0.986945
0.993478
0.996673
0.997815
0.997943
0.997515
0.99512
0.991981
0.990642
0.990496
0.991099
0.993392
0.996
0.995996
1
1
1
1
1
1
1
1
1
1
1
1
1
1
1
1
1
1
1
1
1
1
1
1
1
1
1
1
1
1
1
1
1
1
1
1
1
1
1
1
1
1
1
1
1
1
1
1
1
1
1
1
1
1
1
1
1
1
1
1
1
1
1
1
1
1
1
1
1
1
1
1
1
1
1
1
1
1
1
1
1
1
1
1
1
1
1
1
1
1
1
1
1
1
1
1
1
1
1
1
1
1
1
1
1
1
1
0.999999
0.999998
0.999986
0.999927
0.999718
0.999328
0.999336
0.999427
0.99963
0.999782
0.999862
0.9999
0.999926
0.999936
0.999933
0.999885
0.99942
0.995906
0.975317
0.930464
0.907688
0.902732
0.916556
0.965518
0.98409
0.98843
0.988693
0.987674
0.985715
0.984029
0.977487
0.970274
0.959168
0.932168
0.95608
0.98211
0.975666
0.932024
0.897331
0.885534
0.880509
0.878426
0.877685
0.878776
0.879999
0.883548
0.886388
0.889139
0.891697
0.894389
0.897627
0.902367
0.909433
0.920948
0.937979
0.9569
0.972224
0.983319
0.990631
0.994956
0.997096
0.997836
0.997892
0.997426
0.995018
0.991643
0.990103
0.989877
0.990359
0.992578
0.994877
0.995052
0.99189
1
1
1
1
1
1
1
1
1
1
1
1
1
1
1
1
1
1
1
1
1
1
1
1
1
1
1
1
1
1
1
1
1
1
1
1
1
1
1
1
1
1
1
1
1
1
1
1
1
1
1
1
1
1
1
1
1
1
1
1
1
1
1
1
1
1
1
1
1
1
1
1
1
1
1
1
1
1
1
1
1
1
1
1
1
1
1
1
1
1
1
1
1
1
1
1
1
1
1
1
1
1
1
1
0.999999
0.999999
0.999997
0.999993
0.999983
0.999904
0.99954
0.998549
0.997831
0.997873
0.998174
0.99894
0.999437
0.99967
0.999776
0.999843
0.999874
0.999874
0.999832
0.999453
0.996973
0.984307
0.952947
0.92612
0.905314
0.902474
0.92942
0.968044
0.982747
0.986572
0.986726
0.986152
0.984112
0.976619
0.969389
0.961232
0.934689
0.931438
0.98171
0.985347
0.978161
0.955825
0.936274
0.926048
0.920049
0.915087
0.911252
0.908535
0.907109
0.908092
0.910529
0.915476
0.922232
0.930902
0.942155
0.954214
0.966274
0.975769
0.983848
0.98978
0.99383
0.996236
0.997392
0.99775
0.997715
0.99702
0.99427
0.990971
0.989447
0.989221
0.989751
0.992215
0.993125
0.992467
0.989674
0.973969
1
1
1
1
1
1
1
1
1
1
1
1
1
1
1
1
1
1
1
1
1
1
1
1
1
1
1
1
1
1
1
1
1
1
1
1
1
1
1
1
1
1
1
1
1
1
1
1
1
1
1
1
1
1
1
1
1
1
1
1
1
1
1
1
1
1
1
1
1
1
1
1
1
1
1
1
1
1
1
1
1
1
1
1
1
1
1
1
1
1
1
1
1
1
1
1
1
1
1
1
0.999999
0.999999
0.999999
0.999997
0.999994
0.999986
0.999969
0.999955
0.999906
0.999459
0.997798
0.997269
0.996993
0.996998
0.9972
0.997806
0.998726
0.999252
0.99951
0.999681
0.999762
0.999768
0.999726
0.999349
0.996948
0.984043
0.963499
0.948916
0.923269
0.901882
0.904452
0.936847
0.968228
0.978834
0.982021
0.981851
0.977057
0.964896
0.963709
0.95875
0.937001
0.918161
0.970739
0.986465
0.987452
0.9843
0.978418
0.973942
0.970613
0.967257
0.964008
0.961085
0.9599
0.960105
0.961016
0.964419
0.968942
0.973519
0.978748
0.9837
0.987953
0.991454
0.994106
0.995881
0.996893
0.997349
0.997451
0.997184
0.995838
0.992582
0.989817
0.988726
0.988712
0.989971
0.991291
0.990893
0.988012
0.977305
0.962667
0.918607
1
1
1
1
1
1
1
1
1
1
1
1
1
1
1
1
1
1
1
1
1
1
1
1
1
1
1
1
1
1
1
1
1
1
1
1
1
1
1
1
1
1
1
1
1
1
1
1
1
1
1
1
1
1
1
1
1
1
1
1
1
1
1
1
1
1
1
1
1
1
1
1
1
1
1
1
1
1
1
1
1
1
1
1
1
1
1
1
1
1
1
1
1
1
0.999999
0.999999
0.999998
0.999997
0.999996
0.999995
0.999994
0.999991
0.999985
0.999964
0.999941
0.999876
0.999795
0.999765
0.999573
0.99738
0.996683
0.997096
0.996939
0.996858
0.997013
0.997634
0.998425
0.998922
0.99928
0.999521
0.999597
0.999593
0.999514
0.999022
0.996446
0.984457
0.959943
0.94761
0.936411
0.908792
0.895404
0.90291
0.939371
0.96158
0.970589
0.969583
0.949504
0.94015
0.948992
0.94762
0.93049
0.908562
0.947769
0.984034
0.988488
0.98933
0.988934
0.988251
0.987866
0.987479
0.986791
0.985963
0.985702
0.986151
0.986552
0.987338
0.989251
0.990896
0.992271
0.99392
0.994994
0.99585
0.996408
0.996714
0.996826
0.996546
0.995418
0.992988
0.990246
0.988621
0.9882
0.988557
0.989546
0.989304
0.986544
0.977272
0.954824
0.908513
0.877313
0.79795
1
1
1
1
1
1
1
1
1
1
1
1
1
1
1
1
1
1
1
1
1
1
1
1
1
1
1
1
1
1
1
1
1
1
1
1
1
1
1
1
1
1
1
1
1
1
1
1
1
1
1
1
1
1
1
1
1
1
1
1
1
1
1
1
1
1
1
1
1
1
1
1
1
1
1
1
1
1
1
1
1
1
1
1
1
1
1
1
1
1
0.999999
0.999997
0.999995
0.999991
0.999987
0.999978
0.999971
0.999958
0.999953
0.99995
0.999944
0.999924
0.999854
0.999676
0.999549
0.999197
0.999046
0.999102
0.997997
0.995275
0.996266
0.997459
0.99725
0.996989
0.99721
0.997853
0.998507
0.998972
0.999297
0.999424
0.99942
0.999337
0.99903
0.998059
0.994698
0.981896
0.957723
0.943733
0.936302
0.919677
0.891672
0.884759
0.894598
0.926848
0.944278
0.936891
0.893563
0.889618
0.917905
0.923442
0.908224
0.892343
0.917104
0.972994
0.986035
0.989553
0.990725
0.991275
0.991867
0.992436
0.992651
0.992766
0.992869
0.993206
0.993378
0.993598
0.994182
0.994597
0.994878
0.995258
0.995451
0.995599
0.995494
0.99503
0.99403
0.992378
0.990521
0.989005
0.987901
0.987409
0.987132
0.986501
0.983513
0.973191
0.945201
0.891052
0.828197
0.758448
0.716037
0.617394
1
1
1
1
1
1
1
1
1
1
1
1
1
1
1
1
1
1
1
1
1
1
1
1
1
1
1
1
1
1
1
1
1
1
1
1
1
1
1
1
1
1
1
1
1
1
1
1
1
1
1
1
1
1
1
1
1
1
1
1
1
1
1
1
1
1
1
1
1
1
1
1
1
1
1
1
1
1
1
1
1
1
1
1
1
1
0.999999
0.999998
0.999995
0.999986
0.999965
0.999931
0.999891
0.999842
0.999792
0.999725
0.999669
0.999613
0.999618
0.999629
0.999606
0.999393
0.998553
0.997868
0.997577
0.997066
0.997169
0.997135
0.995013
0.994045
0.995495
0.997284
0.997819
0.997878
0.998066
0.998472
0.998819
0.999069
0.999137
0.998999
0.998447
0.997083
0.995249
0.992307
0.985492
0.96767
0.947385
0.936607
0.931805
0.923275
0.896569
0.869665
0.863232
0.871395
0.881319
0.859836
0.813256
0.816638
0.863987
0.882033
0.868097
0.86579
0.881925
0.94747
0.976855
0.984435
0.987727
0.989273
0.990231
0.991006
0.991585
0.992044
0.992325
0.992598
0.99275
0.992909
0.993078
0.993157
0.99308
0.992895
0.992483
0.991789
0.99075
0.989427
0.987745
0.98615
0.984439
0.983031
0.98129
0.978192
0.97146
0.95689
0.919443
0.851644
0.764539
0.684689
0.612916
0.556005
0.520574
0.436699
1
1
1
1
1
1
1
1
1
1
1
1
1
1
1
1
1
1
1
1
1
1
1
1
1
1
1
1
1
1
1
1
1
1
1
1
1
1
1
1
1
1
1
1
1
1
1
1
1
1
1
1
1
1
1
1
1
1
1
1
1
1
1
1
1
1
1
1
1
1
1
1
1
1
1
1
1
1
1
1
1
1
1
1
0.999998
0.99999
0.999965
0.999912
0.999822
0.999617
0.99918
0.998753
0.998431
0.99811
0.99795
0.997855
0.997653
0.997678
0.997869
0.99831
0.997957
0.994163
0.994365
0.995503
0.995958
0.995895
0.995783
0.995199
0.993919
0.99252
0.992257
0.99476
0.996923
0.997911
0.998035
0.998156
0.99805
0.997389
0.995631
0.992448
0.985203
0.976938
0.971593
0.966719
0.956105
0.938789
0.924379
0.919362
0.916409
0.909174
0.885473
0.850167
0.827871
0.824194
0.815829
0.789549
0.785095
0.789466
0.832385
0.844968
0.835721
0.836225
0.852302
0.924135
0.9651
0.972825
0.976912
0.979104
0.980532
0.981565
0.982508
0.983457
0.984039
0.98436
0.984469
0.984313
0.983997
0.983442
0.982773
0.981688
0.980102
0.978318
0.975361
0.972156
0.966711
0.961194
0.951622
0.941711
0.921284
0.890892
0.83133
0.753986
0.658948
0.575465
0.509539
0.464666
0.429752
0.39808
0.370813
0.303196
1
1
1
1
1
1
1
1
1
1
1
1
1
1
1
1
1
1
1
1
1
1
1
1
1
1
1
1
1
1
1
1
1
1
1
1
1
1
1
1
1
1
1
1
1
1
1
1
1
1
1
1
1
1
1
1
1
1
1
1
1
1
1
1
1
1
1
1
1
1
1
1
1
1
1
1
1
1
1
1
1
1
0.999999
0.999991
0.999928
0.999631
0.999276
0.998939
0.998085
0.9954
0.993396
0.992981
0.993006
0.993422
0.993961
0.994404
0.994739
0.995006
0.99512
0.994879
0.993139
0.992357
0.994366
0.995285
0.995403
0.995355
0.995199
0.994791
0.993922
0.992244
0.990279
0.989203
0.988838
0.988608
0.988047
0.98603
0.982414
0.97725
0.971013
0.964854
0.95944
0.954633
0.945823
0.924233
0.898348
0.878773
0.867068
0.860299
0.848747
0.823444
0.801655
0.783646
0.774849
0.772606
0.771225
0.771728
0.785527
0.797833
0.828032
0.828422
0.823854
0.825775
0.852113
0.924102
0.960796
0.967669
0.967459
0.9666
0.965621
0.96453
0.963297
0.962315
0.961663
0.960686
0.959292
0.957349
0.954935
0.951545
0.948388
0.944198
0.936453
0.928399
0.913337
0.896265
0.867625
0.835439
0.78824
0.739075
0.677416
0.621228
0.560904
0.512939
0.464953
0.430526
0.398087
0.3719
0.347224
0.316424
0.292237
0.228727
0.333951
0.408462
0.423685
0.418658
0.40963
0.397825
0.383947
0.372194
0.358891
0.341193
0.323696
0.30649
0.288657
0.267264
0.243862
0.217207
0.190624
0.163417
0.138662
0.115215
0.0937376
0.0753513
0.0564168
0.0442731
0.0278667
0.871597
0.876427
0.877985
0.876597
0.873472
0.867469
0.855824
0.839957
0.822145
0.800908
0.777398
0.752904
0.73046
0.710427
0.698491
0.691939
0.688126
0.683221
0.669533
0.651109
0.601588
0.557633
0.457574
0.401634
0.269518
0.944461
0.947004
0.950454
0.952855
0.954072
0.954525
0.95433
0.952397
0.947552
0.938598
0.922994
0.900882
0.877294
0.858021
0.846394
0.841736
0.841093
0.841909
0.844216
0.850452
0.858272
0.861777
0.860742
0.847564
0.741954
0.940895
0.94584
0.951186
0.956135
0.959659
0.961962
0.963286
0.963776
0.963709
0.962782
0.959098
0.947042
0.924969
0.903001
0.885946
0.875733
0.871557
0.871001
0.872164
0.878948
0.901072
0.922451
0.933705
0.936195
0.913678
0.93751
0.939419
0.941776
0.946153
0.952595
0.958548
0.962438
0.964473
0.965076
0.965005
0.964059
0.959998
0.94615
0.924241
0.904383
0.889425
0.880425
0.876733
0.876305
0.877818
0.88714
0.916331
0.942594
0.956728
0.952965
0.940727
0.941183
0.941725
0.943247
0.947378
0.954018
0.960428
0.964237
0.965651
0.965758
0.965114
0.96188
0.951519
0.934733
0.916474
0.899711
0.887048
0.879718
0.877171
0.877195
0.880042
0.895148
0.929281
0.957109
0.9641
0.949177
0.949594
0.949229
0.948574
0.948807
0.951862
0.959749
0.965354
0.967551
0.967705
0.966587
0.960891
0.94973
0.937419
0.922876
0.907277
0.893451
0.883942
0.879593
0.878906
0.880233
0.889099
0.918457
0.952147
0.969204
0.962677
0.962517
0.961363
0.958444
0.957009
0.957116
0.960146
0.96718
0.970244
0.970437
0.968537
0.959103
0.94644
0.936165
0.924914
0.911777
0.898707
0.888717
0.883591
0.882486
0.883393
0.890298
0.915828
0.948712
0.972174
0.979538
0.979293
0.977537
0.971921
0.967422
0.966055
0.966436
0.969848
0.972846
0.972984
0.970647
0.959412
0.945632
0.935361
0.925226
0.913692
0.902022
0.892912
0.888214
0.88725
0.888216
0.895269
0.920636
0.949668
0.974934
0.989572
0.989672
0.989023
0.985528
0.978454
0.974716
0.973998
0.974615
0.975755
0.97557
0.972798
0.961268
0.947888
0.937037
0.926151
0.914598
0.903801
0.895981
0.892358
0.891875
0.893343
0.902555
0.930443
0.955108
0.978565
0.994155
0.99467
0.994466
0.993041
0.98729
0.981816
0.979855
0.979631
0.979599
0.979127
0.975936
0.965123
0.953701
0.942588
0.930154
0.917289
0.906234
0.899003
0.89611
0.895964
0.898141
0.910184
0.939284
0.960518
0.981593
0.996057
0.997058
0.997083
0.996571
0.993584
0.987772
0.984688
0.98373
0.98334
0.982426
0.978611
0.968287
0.960099
0.951665
0.939772
0.925353
0.912166
0.903453
0.899974
0.899765
0.902142
0.9151
0.943816
0.963444
0.983233
0.996667
0.998081
0.998322
0.998156
0.996867
0.992288
0.98862
0.987187
0.98659
0.985509
0.98181
0.971225
0.964489
0.961016
0.954876
0.94101
0.924306
0.911566
0.90566
0.904763
0.906608
0.917881
0.945679
0.964834
0.984084
0.996752
0.998444
0.998905
0.99888
0.99831
0.995422
0.991711
0.989987
0.989253
0.988163
0.984985
0.976139
0.96974
0.967133
0.965115
0.960298
0.944976
0.926245
0.915948
0.913331
0.914325
0.922558
0.947599
0.966474
0.985026
0.996605
0.998512
0.999164
0.999227
0.998977
0.997352
0.994043
0.992231
0.991417
0.990339
0.987346
0.980306
0.975644
0.973917
0.973221
0.971796
0.96634
0.948283
0.93341
0.928392
0.928534
0.933532
0.952927
0.970174
0.98683
0.996232
0.998427
0.999248
0.999406
0.999296
0.998401
0.995747
0.994001
0.99319
0.992127
0.989104
0.984133
0.981345
0.980573
0.980522
0.980337
0.978691
0.96951
0.95451
0.948216
0.947723
0.950221
0.96257
0.976211
0.989557
0.995657
0.998215
0.999237
0.999493
0.999453
0.998924
0.996922
0.995344
0.994601
0.993508
0.990535
0.987511
0.986396
0.986363
0.986731
0.986896
0.98636
0.982392
0.97161
0.965989
0.965211
0.966386
0.973288
0.982781
0.992455
0.995015
0.997941
0.999171
0.99953
0.999532
0.999196
0.997686
0.996398
0.995729
0.994385
0.992004
0.990562
0.990293
0.990475
0.991321
0.991726
0.991534
0.989679
0.98322
0.979079
0.978361
0.978902
0.98249
0.988498
0.994959
0.994708
0.997789
0.999125
0.999551
0.999582
0.999339
0.998197
0.997349
0.996487
0.994937
0.993535
0.993013
0.993026
0.993421
0.994459
0.994864
0.994794
0.993859
0.990248
0.987699
0.987222
0.98748
0.989304
0.992848
0.996863
0.994635
0.997746
0.999113
0.999572
0.999621
0.999446
0.998723
0.997901
0.996846
0.995665
0.994937
0.99479
0.994889
0.995513
0.996451
0.996797
0.996777
0.996288
0.994369
0.993043
0.99281
0.992948
0.99389
0.995857
0.998182
0.994754
0.997791
0.999133
0.999598
0.999665
0.999569
0.999058
0.998181
0.997243
0.996446
0.996074
0.996044
0.996191
0.996888
0.997671
0.997975
0.997982
0.99774
0.9968
0.996225
0.996149
0.996234
0.996743
0.997771
0.99902
0.995032
0.997913
0.999181
0.99963
0.999708
0.999642
0.999234
0.998433
0.997695
0.997165
0.996963
0.996965
0.997124
0.997761
0.998418
0.998704
0.998735
0.998631
0.998232
0.998034
0.998026
0.998088
0.998387
0.998888
0.999508
0.995343
0.998057
0.999241
0.999664
0.999742
0.99969
0.99935
0.998696
0.998145
0.997786
0.997667
0.997677
0.997818
0.998339
0.998884
0.99916
0.999218
0.999186
0.99905
0.999003
0.999013
0.999072
0.999259
0.999483
0.999769
0.995683
0.998216
0.999307
0.999697
0.999772
0.999731
0.999453
0.998946
0.998543
0.998297
0.998223
0.998235
0.998352
0.998755
0.999185
0.999439
0.999523
0.999524
0.999501
0.999499
0.999517
0.999584
0.999677
0.999773
0.999897
0.99607
0.998392
0.99938
0.999732
0.999801
0.999769
0.999547
0.999166
0.998877
0.99871
0.998663
0.998673
0.998765
0.999071
0.999398
0.999611
0.999707
0.99973
0.999735
0.999744
0.999776
0.999828
0.999863
0.999906
0.999956
0.996482
0.998576
0.999455
0.999766
0.999829
0.999805
0.999631
0.999351
0.99915
0.999039
0.999008
0.999016
0.999082
0.99931
0.999562
0.999729
0.99981
0.999835
0.999848
0.999877
0.99991
0.999933
0.999946
0.999965
0.999982
0.996899
0.998759
0.999529
0.9998
0.999856
0.999838
0.999707
0.999505
0.999368
0.999295
0.999274
0.999279
0.999324
0.99949
0.999686
0.999811
0.999872
0.999898
0.99992
0.999944
0.999963
0.999974
0.999979
0.999988
0.999993
0.997337
0.998947
0.999604
0.999834
0.999883
0.999871
0.999777
0.999638
0.999549
0.999503
0.999489
0.999492
0.999519
0.999635
0.99978
0.999871
0.999919
0.999944
0.999962
0.999976
0.999986
0.999991
0.999993
0.999996
0.999997
0.99777
0.999128
0.999675
0.999866
0.999908
0.999902
0.999839
0.999744
0.999685
0.999654
0.999644
0.999645
0.999663
0.999745
0.999852
0.999917
0.999952
0.999971
0.999982
0.99999
0.999994
0.999997
0.999998
0.999999
0.999999
0.998156
0.999286
0.999736
0.999893
0.999931
0.999928
0.999887
0.999817
0.999772
0.999749
0.999741
0.999742
0.999756
0.999822
0.999901
0.999947
0.999971
0.999984
0.999991
0.999995
0.999998
0.999999
0.999999
1
0.999999
0.998503
0.999424
0.999788
0.999915
0.999946
0.999945
0.999916
0.999859
0.999822
0.999803
0.999797
0.999799
0.999816
0.999878
0.999935
0.999967
0.999983
0.999991
0.999996
0.999998
0.999999
0.999999
1
1
1
0.998814
0.999545
0.999831
0.99993
0.999953
0.999952
0.999925
0.999874
0.999845
0.999832
0.999829
0.999833
0.99986
0.999918
0.999958
0.999979
0.99999
0.999995
0.999998
0.999999
1
1
1
1
1
0.999092
0.999651
0.999866
0.999938
0.999953
0.99995
0.999919
0.999876
0.999854
0.999847
0.999847
0.999858
0.999899
0.999944
0.999972
0.999986
0.999994
0.999997
0.999999
0.999999
1
1
1
1
1
0.999332
0.999737
0.999889
0.999936
0.999943
0.999934
0.999897
0.999866
0.999854
0.999853
0.999857
0.999883
0.999929
0.999961
0.999981
0.999991
0.999996
0.999998
0.999999
1
1
1
1
1
1
0.999523
0.999794
0.99989
0.999913
0.999912
0.999889
0.999858
0.999845
0.999844
0.999847
0.999867
0.999912
0.999948
0.999972
0.999986
0.999993
0.999997
0.999999
0.999999
1
1
1
1
1
1
0.99964
0.999802
0.999845
0.999847
0.999827
0.999799
0.999791
0.999792
0.999801
0.999838
0.999891
0.999931
0.99996
0.999979
0.999989
0.999995
0.999998
0.999999
0.999999
1
1
1
1
1
1
0.999646
0.999705
0.999703
0.999664
0.999633
0.99963
0.99964
0.999688
0.999775
0.999847
0.999902
0.999941
0.999967
0.999983
0.999991
0.999995
0.999998
0.999999
0.999999
0.999999
0.999999
1
1
1
0.999999
0.999448
0.999416
0.999306
0.99926
0.999262
0.999311
0.999474
0.999635
0.999756
0.999844
0.999905
0.999946
0.99997
0.999984
0.999992
0.999995
0.999997
0.999998
0.999999
0.999999
0.999999
0.999999
0.999999
0.999999
0.999999
0.998931
0.998664
0.998569
0.998573
0.998696
0.999056
0.999363
0.999583
0.999735
0.999837
0.999905
0.999947
0.999971
0.999984
0.999991
0.999994
0.999996
0.999997
0.999997
0.999997
0.999998
0.999998
0.999998
0.999998
0.999998
0.997775
0.997607
0.99761
0.997812
0.998408
0.998921
0.999288
0.999544
0.999716
0.99983
0.999903
0.999947
0.999971
0.999984
0.999989
0.999992
0.999993
0.999994
0.999994
0.999995
0.999995
0.999996
0.999996
0.999996
0.999996
0.996536
0.996536
0.996776
0.997581
0.998334
0.998882
0.99927
0.999537
0.999715
0.999832
0.999905
0.999948
0.999972
0.999982
0.999986
0.999987
0.999988
0.999988
0.999988
0.999989
0.99999
0.999991
0.999992
0.999992
0.999991
0.995442
0.99566
0.996562
0.99759
0.998353
0.998903
0.999289
0.999554
0.99973
0.999844
0.999913
0.999952
0.999972
0.999979
0.99998
0.99998
0.999978
0.999977
0.999977
0.999978
0.99998
0.999982
0.999982
0.999982
0.99998
0.994593
0.995422
0.996713
0.997718
0.998455
0.998983
0.999354
0.999604
0.999767
0.999867
0.999926
0.999957
0.99997
0.999973
0.999972
0.999966
0.999958
0.999955
0.999955
0.999956
0.999959
0.999962
0.999963
0.999962
0.999956
0.994326
0.995782
0.997047
0.997984
0.99866
0.999139
0.999466
0.99968
0.999813
0.999892
0.999935
0.999956
0.999962
0.999962
0.999957
0.99994
0.999923
0.999914
0.999912
0.999912
0.999916
0.999921
0.999923
0.99992
0.999908
0.994816
0.996384
0.997528
0.998351
0.998934
0.999333
0.999594
0.999757
0.999853
0.999906
0.999932
0.999941
0.999941
0.999936
0.999918
0.999887
0.999852
0.999828
0.99982
0.99982
0.999825
0.999834
0.999837
0.999832
0.999818
0.995791
0.997146
0.998112
0.998781
0.99923
0.999522
0.999704
0.999811
0.99987
0.999896
0.999902
0.999899
0.999874
0.999843
0.999822
0.999773
0.999699
0.99964
0.999617
0.999616
0.999623
0.999641
0.999653
0.999649
0.999646
0.996891
0.997916
0.998633
0.999114
0.999427
0.999625
0.999745
0.999808
0.999832
0.999834
0.999822
0.999755
0.999658
0.999608
0.999572
0.999485
0.99933
0.999208
0.999159
0.999157
0.99917
0.999214
0.999267
0.999283
0.999308
0.997476
0.998235
0.998759
0.999132
0.999391
0.999549
0.999626
0.99965
0.999649
0.999614
0.999465
0.999262
0.999131
0.999062
0.998942
0.998706
0.998426
0.998234
0.99817
0.998173
0.998206
0.998327
0.998484
0.998538
0.998623
0.996964
0.997625
0.998094
0.998456
0.998695
0.998808
0.998844
0.998847
0.998791
0.998546
0.9982
0.997945
0.997763
0.997549
0.997204
0.996764
0.996379
0.996185
0.996152
0.996183
0.996286
0.996618
0.996891
0.996958
0.996905
0.993024
0.99372
0.994232
0.994706
0.995073
0.995256
0.995324
0.995326
0.995153
0.994719
0.994387
0.994149
0.99381
0.993297
0.992672
0.992116
0.991777
0.991689
0.991716
0.991823
0.992101
0.992529
0.992531
0.992369
0.991174
0.976295
0.977875
0.979417
0.980697
0.981739
0.982585
0.983138
0.983386
0.983399
0.98337
0.983402
0.983317
0.982762
0.982016
0.981278
0.980826
0.980558
0.980517
0.980508
0.980616
0.980444
0.980294
0.978541
0.977002
0.97166
0.924824
0.932033
0.937829
0.941957
0.945198
0.948021
0.950153
0.95166
0.953088
0.954471
0.955233
0.955461
0.954855
0.954249
0.953051
0.952824
0.951684
0.951465
0.949983
0.949314
0.946119
0.943749
0.935658
0.930839
0.917342
0.815553
0.83386
0.848242
0.858687
0.866948
0.873846
0.879044
0.883298
0.887276
0.89062
0.891972
0.892309
0.891155
0.890297
0.887285
0.886173
0.882327
0.880457
0.874471
0.870844
0.859977
0.853022
0.834841
0.825763
0.802881
0.649615
0.681244
0.704425
0.719408
0.731077
0.74126
0.749181
0.756483
0.76311
0.767137
0.768141
0.768018
0.765244
0.762991
0.756964
0.753861
0.745753
0.740968
0.728756
0.721023
0.701953
0.690947
0.667594
0.656341
0.6292
0.476826
0.512904
0.535246
0.547669
0.557267
0.564508
0.571066
0.578196
0.583466
0.585475
0.585566
0.5849
0.581881
0.579033
0.572812
0.568534
0.558701
0.552042
0.537231
0.528088
0.508681
0.498093
0.477011
0.466206
0.441368
0.325387
0.351794
0.365207
0.374629
0.383568
0.391852
0.400632
0.408916
0.414456
0.416945
0.417488
0.417234
0.416277
0.414058
0.408138
0.402811
0.392165
0.38534
0.371697
0.363585
0.347851
0.339099
0.322475
0.313583
0.293654
0.232238
0.246116
0.262065
0.277095
0.29095
0.304243
0.315762
0.323531
0.327771
0.329794
0.330481
0.330252
0.3286
0.32426
0.316501
0.310696
0.300433
0.29408
0.2818
0.274971
0.261711
0.254487
0.240845
0.233725
0.21704
)
;

boundaryField
{
    inlet
    {
        type            fixedValue;
        value           uniform 1;
    }
    outlet
    {
        type            inletOutlet;
        inletValue      uniform 0;
        value           nonuniform List<scalar> 
57
(
0.0278667
0.269518
0.741954
0.913678
0.952965
0.9641
0.969204
0.972174
0.974934
0.978565
0.981593
0.983233
0.984084
0.985026
0.98683
0.989557
0.992455
0.994959
0.996863
0.998182
0.99902
0.999508
0.999769
0.999897
0.999956
0.999982
0.999993
0.999997
0.999999
0.999999
1
1
1
1
1
1
0.999999
0.999999
0.999998
0.999996
0.999991
0.99998
0.999956
0.999908
0.999818
0.999646
0.999308
0.998623
0.996905
0.991174
0.97166
0.917342
0.802881
0.6292
0.441368
0.293654
0.21704
)
;
    }
    upperWall
    {
        type            zeroGradient;
    }
    lowerWall
    {
        type            zeroGradient;
    }
    frontAndBack
    {
        type            empty;
    }
}


// ************************************************************************* //
