/*--------------------------------*- C++ -*----------------------------------*\
  =========                 |
  \\      /  F ield         | OpenFOAM: The Open Source CFD Toolbox
   \\    /   O peration     | Website:  https://openfoam.org
    \\  /    A nd           | Version:  9
     \\/     M anipulation  |
\*---------------------------------------------------------------------------*/
FoamFile
{
    format      ascii;
    class       volScalarField;
    location    "0.062";
    object      s_0;
}
// * * * * * * * * * * * * * * * * * * * * * * * * * * * * * * * * * * * * * //

dimensions      [0 0 0 0 0 0 0];

internalField   nonuniform List<scalar> 
12225
(
1
1
1
1
1
1
1
1
1
1
1
1
1
1
1
1
1
0.99999
1
1
1
1
1
1
1
1
1
1
1
1
1
1
1
1
1
1
1
1
1
1
1
1
1
1
1
1
1
1
1
1
1
1
1
1
1
1
1
1
1
1
1
1
1
1
1
1
1
1
1
1
1
1
1
1
1
1
1
1
1
1
1
1
1
1
1
1
1
1
1
1
1
1
1
1
1
1
1
1
1
1
1
1
1
1
1
1
1
1
1
1
1
1
1
1
1
1
1
1
1
1
1
1
1
1
1
1
1
1
1
1
1
1
1
1
1
1
1
1
1
1
1
1
1
1
1
1
1
1
1
1
1
1
1
1
1
1
1
1
1
1
1
1
1
1
1
1
1
1
1
1
1
1
1
1
1
1
1
1
1
1
1
1
1
1
1
1
1
1
1
1
1
1
1
1
1
1
1
1
1
1
1
1
1
1
1
1
1
1
1
1
1
1
1
1
1
1
1
1
1
1
1
1
1
1
1
1
1
1
1
1
1
1
1
1
1
1
1
1
1
1
1
1
1
1
1
1
1
1
1
1
1
1
1
1
1
1
1
1
1
1
1
1
1
1
1
1
1
1
1
1
1
1
1
1
1
1
1
1
1
1
1
1
1
1
1
1
1
1
1
1
1
1
1
1
1
1
1
1
1
1
1
1
1
1
1
1
1
1
1
1
1
1
1
1
1
1
1
1
1
1
1
1
1
1
1
1
1
1
1
1
1
1
1
1
1
1
1
1
1
1
1
1
1
1
1
1
1
1
1
1
1
1
1
1
1
1
1
1
1
1
1
1
1
1
1
1
1
1
1
1
1
1
1
1
1
1
1
1
1
1
1
1
1
1
1
1
1
1
1
1
1
1
1
1
1
1
1
1
1
1
1
1
1
1
1
1
1
1
1
1
1
1
1
1
1
1
1
1
1
1
1
1
1
1
1
1
1
1
1
1
1
1
1
1
1
1
1
1
1
1
1
1
1
1
1
1
1
1
1
1
1
1
1
1
1
1
1
1
1
1
1
1
1
1
1
1
1
1
1
1
1
1
1
1
1
1
1
1
1
1
1
1
1
1
1
1
1
1
1
1
1
1
1
1
1
1
1
1
1
1
1
1
1
1
1
1
1
1
1
1
1
1
1
1
1
1
1
1
1
1
1
1
1
1
1
1
1
1
1
1
1
1
1
1
1
1
1
1
1
1
0.641256
0.633832
0.63532
0.640643
0.646298
0.645864
0.643647
0.6391
0.633621
0.62827
0.622622
0.616865
0.61176
0.608665
0.608055
0.60988
0.621754
0.630708
0.63296
0.635932
0.636678
0.6358
0.630345
0.622201
0.617013
0.607301
0.600234
0.600009
0.610957
0.669107
0.709602
0.70571
0.680774
0.656352
0.643446
0.642642
0.646201
0.655446
0.668877
0.683218
0.695875
0.706404
0.715356
0.722847
0.728432
0.730717
0.731352
0.731399
0.730915
0.728903
0.724043
0.715826
0.70466
0.690532
0.672996
0.651481
0.636226
0.632596
0.632203
0.633456
0.637304
0.641901
0.645885
0.649446
0.653488
0.65894
0.666102
0.674731
0.685629
0.698705
0.711832
0.724665
0.736725
0.743482
0.750302
0.753612
0.752226
0.747181
0.736157
0.717577
0.701414
0.697829
0.705827
0.748989
0.822481
0.841341
0.834643
0.788787
0.786907
0.787446
0.787652
0.78783
0.787971
0.788247
0.788621
0.789022
0.789229
0.789322
0.78939
0.790483
0.791704
0.793753
0.795964
0.798643
0.801773
0.804817
0.807929
0.810625
0.813076
0.815636
0.818228
0.821375
0.824338
0.827135
0.829851
0.831889
0.83414
0.836632
0.838933
0.840812
0.842425
0.843225
0.843369
0.843515
0.843384
0.843339
0.843431
0.84369
0.844198
0.845038
0.84622
0.847723
0.849464
0.851223
0.852994
0.854635
0.855605
0.855859
0.85581
0.855577
0.854896
0.853834
0.852901
0.852006
0.851367
0.85072
0.850155
0.849461
0.848134
0.846634
0.84524
0.843945
0.841771
0.837994
0.834611
0.834235
0.844672
0.895478
0.920332
0.92463
0.926249
0.928302
0.929852
0.930622
0.930466
0.926091
0.899723
0.875853
0.874256
0.877693
0.880051
0.880693
0.879365
0.874232
0.859065
0.814796
0.679005
0.46642
0.335586
0.211973
0.643562
0.644967
0.658212
0.675086
0.672403
0.664685
0.652297
0.642018
0.630029
0.61888
0.61412
0.612415
0.607689
0.59714
0.593765
0.594437
0.599159
0.613763
0.625591
0.630369
0.630498
0.629848
0.627604
0.617556
0.60727
0.60779
0.620745
0.653285
0.681183
0.702923
0.702831
0.683364
0.662108
0.652098
0.650183
0.659823
0.68305
0.719093
0.765089
0.785919
0.796678
0.806229
0.811116
0.813088
0.813631
0.813227
0.810093
0.805729
0.802746
0.799123
0.79411
0.789485
0.784051
0.77816
0.7713
0.763876
0.756462
0.749816
0.744124
0.7385
0.731237
0.7258
0.725531
0.729153
0.737623
0.750876
0.767381
0.784175
0.797084
0.803718
0.806027
0.806071
0.803669
0.802889
0.803358
0.803992
0.805644
0.809542
0.807469
0.796177
0.764677
0.726013
0.715734
0.730541
0.789355
0.813528
0.795133
0.78105
0.775591
0.763415
0.74888
0.741351
0.733475
0.729675
0.72693
0.725796
0.725477
0.726381
0.728388
0.729449
0.731875
0.733374
0.736127
0.737967
0.740979
0.744025
0.748528
0.753493
0.759163
0.765799
0.773472
0.782381
0.791331
0.801481
0.811702
0.821112
0.829125
0.837447
0.844461
0.851927
0.85866
0.865354
0.87151
0.876264
0.878686
0.878807
0.878195
0.877596
0.87765
0.878796
0.881851
0.886014
0.890926
0.896002
0.90066
0.904204
0.906341
0.907144
0.907199
0.906974
0.906088
0.904325
0.902376
0.900329
0.898729
0.89774
0.897088
0.896519
0.895705
0.893547
0.891149
0.888158
0.879876
0.872341
0.859697
0.844585
0.844177
0.853289
0.868949
0.877246
0.890742
0.903389
0.912405
0.920249
0.926206
0.927809
0.925157
0.911965
0.907433
0.91043
0.918914
0.923656
0.926202
0.927703
0.928508
0.928638
0.927959
0.925628
0.913099
0.86845
0.653732
0.674145
0.697091
0.690979
0.676237
0.646359
0.611792
0.586479
0.571278
0.558296
0.550877
0.550702
0.552544
0.555234
0.557961
0.561689
0.566212
0.576085
0.602342
0.616675
0.621491
0.628583
0.650218
0.688104
0.689633
0.685106
0.690563
0.696183
0.697276
0.695189
0.681616
0.670947
0.666391
0.668113
0.696687
0.752359
0.797684
0.817383
0.825173
0.827662
0.828162
0.827564
0.82456
0.822458
0.821299
0.818238
0.813825
0.810458
0.807708
0.804258
0.801028
0.798676
0.797547
0.797457
0.7979
0.799155
0.801445
0.805052
0.81016
0.816631
0.824352
0.833024
0.841162
0.844525
0.84512
0.844482
0.841986
0.837507
0.831769
0.82516
0.818186
0.80958
0.799946
0.794392
0.79206
0.794657
0.801936
0.810322
0.81723
0.816482
0.807569
0.783099
0.742236
0.744909
0.802144
0.801371
0.77162
0.754772
0.732244
0.719124
0.714134
0.712146
0.711633
0.712356
0.713732
0.715193
0.717393
0.718718
0.720848
0.722686
0.725365
0.727542
0.728981
0.729661
0.729892
0.72957
0.73007
0.731246
0.732556
0.734246
0.736983
0.740045
0.744388
0.750304
0.758047
0.768394
0.781921
0.798448
0.815118
0.832124
0.847922
0.862062
0.874132
0.884468
0.893186
0.899778
0.903998
0.906453
0.90811
0.909754
0.911932
0.914676
0.917598
0.920284
0.922436
0.923986
0.92498
0.925515
0.925686
0.925679
0.925533
0.92508
0.924858
0.924867
0.925161
0.926713
0.927986
0.929957
0.93269
0.933436
0.933174
0.932178
0.929448
0.922307
0.913409
0.891828
0.861592
0.856156
0.856418
0.856513
0.85625
0.856503
0.862128
0.883434
0.905254
0.919797
0.924679
0.924519
0.923107
0.923164
0.92429
0.926109
0.9274
0.928265
0.929296
0.930829
0.932502
0.934979
0.940862
0.943066
0.713266
0.723248
0.713928
0.686577
0.623514
0.566085
0.543275
0.530597
0.522452
0.515718
0.512411
0.512619
0.514343
0.519498
0.524962
0.53003
0.541661
0.574748
0.600495
0.613109
0.645365
0.710182
0.722848
0.71396
0.703573
0.700198
0.697897
0.696304
0.692594
0.686686
0.68288
0.681873
0.700174
0.748954
0.79522
0.819694
0.831437
0.836754
0.839179
0.841378
0.842763
0.843908
0.844509
0.845547
0.847517
0.849001
0.850102
0.852068
0.853866
0.856057
0.858807
0.861781
0.864294
0.866865
0.869891
0.873804
0.8786
0.884204
0.888225
0.889368
0.889633
0.889154
0.8868
0.882821
0.877347
0.870349
0.862624
0.85426
0.846013
0.836688
0.825886
0.811136
0.795684
0.788454
0.786426
0.792786
0.812427
0.827091
0.826537
0.824075
0.818886
0.805206
0.767641
0.767914
0.796743
0.774983
0.736295
0.72121
0.712346
0.709744
0.70951
0.710876
0.711375
0.711934
0.712056
0.711946
0.711289
0.71088
0.712306
0.71804
0.723354
0.731101
0.738071
0.74272
0.74684
0.748717
0.749269
0.74719
0.743473
0.741072
0.73971
0.739184
0.74057
0.742907
0.746303
0.751392
0.758605
0.768887
0.784115
0.80164
0.821533
0.842365
0.8624
0.879441
0.893184
0.903608
0.910858
0.915534
0.918459
0.920527
0.922356
0.924145
0.925755
0.927066
0.928051
0.928709
0.929183
0.929552
0.92988
0.93015
0.930456
0.93096
0.931655
0.932736
0.934867
0.94003
0.946489
0.951422
0.956091
0.961029
0.963823
0.96412
0.963572
0.961395
0.955933
0.946003
0.920005
0.881839
0.866177
0.860373
0.856653
0.853977
0.853913
0.857137
0.873311
0.899963
0.917281
0.922994
0.923881
0.923766
0.923183
0.921298
0.917555
0.915379
0.916149
0.921059
0.926864
0.930921
0.9329
0.936604
0.754261
0.744892
0.714985
0.627549
0.560027
0.534239
0.525612
0.515728
0.50772
0.503097
0.501939
0.502289
0.503673
0.50737
0.515756
0.529468
0.556693
0.588826
0.612826
0.678266
0.726291
0.725098
0.714255
0.706389
0.702295
0.700143
0.697805
0.695809
0.69417
0.694034
0.7041
0.733804
0.774444
0.804185
0.825952
0.837438
0.848473
0.85553
0.863387
0.873842
0.883715
0.894434
0.902904
0.91049
0.91604
0.920744
0.924066
0.926201
0.92783
0.92905
0.930062
0.931182
0.932437
0.933304
0.934085
0.934432
0.93441
0.934236
0.933818
0.932471
0.931559
0.929794
0.927254
0.923706
0.918727
0.91182
0.904452
0.896077
0.8871
0.873928
0.854843
0.827542
0.798726
0.788309
0.786625
0.803394
0.83842
0.848449
0.845732
0.837156
0.826803
0.812262
0.779808
0.777982
0.783149
0.736447
0.716345
0.709246
0.706931
0.706582
0.706602
0.705134
0.697447
0.682219
0.658261
0.63105
0.617033
0.611997
0.612264
0.628646
0.647785
0.671691
0.702982
0.725914
0.744986
0.753489
0.75829
0.76187
0.764144
0.764824
0.763911
0.761617
0.759088
0.757309
0.756392
0.756173
0.759706
0.767282
0.781007
0.797633
0.81713
0.838566
0.859999
0.878413
0.894172
0.906213
0.914682
0.920225
0.923603
0.925722
0.927176
0.928237
0.929026
0.929606
0.930065
0.930391
0.9307
0.931008
0.931445
0.932018
0.93267
0.933715
0.935867
0.940024
0.945219
0.951153
0.957779
0.963878
0.96876
0.973046
0.97649
0.978053
0.978136
0.97768
0.97604
0.972028
0.962615
0.940181
0.904803
0.881694
0.867918
0.858962
0.855366
0.85544
0.859163
0.877494
0.903473
0.917757
0.921769
0.921526
0.916289
0.906965
0.901484
0.898195
0.898416
0.905942
0.919181
0.928964
0.933223
0.935136
0.789873
0.75845
0.701876
0.599241
0.54076
0.525975
0.519934
0.508162
0.501001
0.498957
0.49881
0.500817
0.505374
0.512921
0.529004
0.55857
0.592742
0.638253
0.708853
0.730634
0.722469
0.712898
0.707632
0.705101
0.703115
0.702127
0.70168
0.70364
0.710678
0.728805
0.76043
0.789751
0.81551
0.836446
0.855038
0.868985
0.885031
0.898418
0.914295
0.925727
0.9337
0.941518
0.945343
0.949458
0.951471
0.953749
0.954896
0.956254
0.957082
0.958187
0.959197
0.960404
0.961649
0.962845
0.963935
0.965202
0.966397
0.967646
0.968839
0.969821
0.97082
0.971732
0.972387
0.972765
0.972647
0.970659
0.966225
0.957454
0.94189
0.92165
0.896274
0.861237
0.812388
0.791192
0.789401
0.810688
0.845662
0.852501
0.851581
0.839973
0.827778
0.810436
0.780478
0.774386
0.756521
0.717062
0.706962
0.704234
0.703488
0.702652
0.696658
0.677553
0.631018
0.560836
0.53075
0.518116
0.51489
0.517376
0.531026
0.54509
0.562663
0.586059
0.61538
0.652886
0.699534
0.735032
0.752615
0.761786
0.767571
0.771364
0.773141
0.773863
0.774169
0.774265
0.774864
0.775866
0.777036
0.780894
0.793228
0.81068
0.829908
0.851558
0.872133
0.889137
0.901136
0.910597
0.917962
0.923207
0.926571
0.928546
0.929629
0.9302
0.930541
0.930799
0.93103
0.931301
0.931812
0.932405
0.933302
0.934804
0.936651
0.940181
0.946031
0.953129
0.960311
0.966734
0.972129
0.976412
0.979586
0.981996
0.983712
0.984433
0.984473
0.984316
0.98374
0.982241
0.978643
0.968896
0.950685
0.935757
0.906789
0.879601
0.86378
0.858172
0.858595
0.864995
0.889494
0.908858
0.914612
0.91304
0.905159
0.899045
0.888312
0.876913
0.873808
0.881791
0.908832
0.927048
0.93645
0.938774
0.803893
0.765252
0.696909
0.589555
0.533395
0.523893
0.518028
0.505572
0.499622
0.499978
0.503348
0.510074
0.522888
0.546017
0.58264
0.623983
0.688855
0.723878
0.731664
0.721704
0.71465
0.711719
0.710078
0.710077
0.711599
0.714902
0.721975
0.73729
0.760714
0.788083
0.811255
0.835969
0.858498
0.879376
0.898686
0.914107
0.928225
0.939946
0.948587
0.953541
0.956613
0.958852
0.95989
0.961012
0.961655
0.962577
0.963284
0.964116
0.96479
0.965319
0.965768
0.966314
0.967117
0.967719
0.968468
0.969618
0.970682
0.971857
0.973096
0.974361
0.975802
0.977178
0.979027
0.98107
0.983395
0.985352
0.986394
0.985267
0.980552
0.968611
0.94383
0.903314
0.840761
0.797698
0.790329
0.812081
0.84635
0.851806
0.849918
0.838388
0.825638
0.806144
0.777459
0.765682
0.732144
0.708035
0.703216
0.70185
0.700255
0.693486
0.668386
0.596221
0.525229
0.500865
0.493702
0.492635
0.497645
0.512539
0.523621
0.536192
0.552135
0.571451
0.595345
0.625291
0.66802
0.713967
0.743573
0.759541
0.768639
0.774568
0.777873
0.779456
0.78053
0.781152
0.782157
0.784426
0.788642
0.797011
0.816203
0.840923
0.863421
0.878342
0.887417
0.894484
0.902511
0.910791
0.917968
0.923357
0.926912
0.928999
0.930227
0.930904
0.931214
0.93153
0.931954
0.932721
0.934031
0.936013
0.938632
0.942716
0.948858
0.955787
0.962488
0.968591
0.974069
0.978582
0.982149
0.984935
0.986944
0.987906
0.988088
0.98805
0.987878
0.987487
0.987069
0.98632
0.98474
0.980304
0.971253
0.963403
0.952283
0.927412
0.888698
0.867469
0.861579
0.863096
0.876398
0.899552
0.906973
0.906477
0.901489
0.888247
0.865724
0.852461
0.851732
0.865077
0.904149
0.930844
0.94403
0.946192
0.807105
0.781512
0.699724
0.588862
0.531808
0.52434
0.520265
0.510066
0.507762
0.511564
0.523417
0.545212
0.583419
0.62405
0.672501
0.714828
0.729966
0.733007
0.725885
0.720383
0.718176
0.72038
0.725912
0.734303
0.745686
0.760251
0.777361
0.79796
0.819106
0.840475
0.861346
0.88353
0.902981
0.920756
0.934954
0.944529
0.9526
0.95656
0.95854
0.959293
0.959495
0.959384
0.959194
0.958647
0.957803
0.957248
0.956691
0.9564
0.956262
0.95624
0.956616
0.957177
0.958135
0.958656
0.959333
0.960046
0.960808
0.961731
0.962744
0.963972
0.965374
0.96714
0.96987
0.973538
0.97875
0.984647
0.988319
0.990413
0.991254
0.98933
0.980572
0.951724
0.885768
0.811808
0.789667
0.7964
0.838768
0.848536
0.847112
0.834576
0.819627
0.797353
0.769063
0.749904
0.715804
0.702614
0.699265
0.69752
0.691633
0.668446
0.60858
0.533121
0.505443
0.499197
0.499278
0.513687
0.540033
0.55614
0.562861
0.568038
0.574541
0.584523
0.59833
0.621863
0.662297
0.710294
0.742226
0.761567
0.774209
0.782415
0.787282
0.789834
0.791418
0.792886
0.793802
0.795242
0.798595
0.806966
0.827557
0.859226
0.879132
0.88807
0.891623
0.895159
0.900803
0.908092
0.915663
0.921952
0.926208
0.928659
0.930159
0.930973
0.931644
0.932453
0.933693
0.935883
0.939424
0.944134
0.951485
0.959856
0.968575
0.976237
0.982315
0.986925
0.989924
0.991747
0.992863
0.993138
0.993054
0.992792
0.992165
0.991404
0.990555
0.989712
0.989074
0.988389
0.987088
0.983523
0.9785
0.974556
0.969383
0.958369
0.928389
0.888438
0.868746
0.865326
0.8697
0.888508
0.899173
0.89996
0.896191
0.877747
0.851895
0.842511
0.843808
0.859847
0.90647
0.942329
0.958293
0.960456
0.807572
0.794836
0.721153
0.610297
0.53625
0.528864
0.532468
0.526827
0.526196
0.542354
0.572279
0.608934
0.648514
0.701051
0.730309
0.737529
0.737209
0.731158
0.72862
0.729626
0.740157
0.76053
0.78037
0.797807
0.808854
0.82228
0.835712
0.851525
0.870828
0.88696
0.905283
0.921108
0.935617
0.944939
0.952847
0.956561
0.958457
0.959045
0.959084
0.958409
0.956689
0.954987
0.953276
0.952447
0.952118
0.95203
0.952079
0.952638
0.953657
0.954828
0.956097
0.957365
0.958324
0.958894
0.959353
0.959634
0.959743
0.959923
0.960286
0.960624
0.960925
0.961124
0.961257
0.961651
0.96352
0.969294
0.979918
0.988447
0.992061
0.993035
0.992084
0.983386
0.949158
0.85214
0.792728
0.786085
0.819919
0.843405
0.843992
0.830852
0.811461
0.787049
0.756764
0.735794
0.706992
0.699157
0.696802
0.694297
0.683571
0.650874
0.584613
0.52651
0.511327
0.51447
0.561444
0.64272
0.679194
0.689492
0.66321
0.640576
0.626432
0.623861
0.629274
0.642505
0.676729
0.726123
0.756335
0.776547
0.789347
0.796164
0.800153
0.803907
0.80681
0.809278
0.811468
0.81449
0.820439
0.833947
0.858853
0.878484
0.889393
0.893668
0.893301
0.893875
0.896111
0.901641
0.909876
0.91795
0.923597
0.927078
0.929389
0.930692
0.932276
0.934014
0.937636
0.942678
0.950849
0.961646
0.972788
0.982101
0.988176
0.991925
0.994298
0.995779
0.996661
0.997077
0.997102
0.997015
0.996707
0.996071
0.995267
0.994124
0.992767
0.991605
0.990769
0.98982
0.987923
0.984213
0.980513
0.978059
0.975309
0.969648
0.954591
0.912581
0.879506
0.868304
0.868639
0.878454
0.888689
0.889816
0.885885
0.864653
0.843256
0.838539
0.841533
0.862593
0.915254
0.954012
0.973613
0.977428
0.806926
0.799147
0.750007
0.641384
0.543625
0.530484
0.541843
0.552195
0.555477
0.581092
0.61731
0.659744
0.709617
0.740323
0.746312
0.744502
0.73901
0.737336
0.745536
0.767514
0.810389
0.831534
0.842819
0.854642
0.861854
0.87275
0.882952
0.895761
0.910524
0.921992
0.935179
0.943656
0.951955
0.95589
0.95848
0.959316
0.959514
0.95896
0.957951
0.95625
0.955219
0.95434
0.95402
0.954563
0.956567
0.959489
0.962293
0.964942
0.967269
0.968907
0.969883
0.970412
0.970886
0.971199
0.971355
0.971303
0.970911
0.970127
0.968773
0.967061
0.964748
0.962502
0.960941
0.959948
0.959261
0.958986
0.961818
0.973333
0.986389
0.992284
0.993889
0.992941
0.982086
0.931477
0.817549
0.782979
0.788251
0.830865
0.838053
0.829786
0.807439
0.782073
0.74798
0.720492
0.70195
0.697293
0.696093
0.694357
0.684406
0.653881
0.591557
0.535511
0.525131
0.544365
0.635433
0.714625
0.743193
0.746674
0.730817
0.684827
0.648159
0.638408
0.640293
0.651927
0.688615
0.737607
0.769617
0.78791
0.801262
0.808377
0.812711
0.818034
0.824313
0.829618
0.833413
0.838102
0.848178
0.869115
0.890401
0.898857
0.900175
0.897241
0.892769
0.889977
0.889195
0.890583
0.898084
0.910072
0.918196
0.924006
0.928303
0.930837
0.934179
0.938697
0.946432
0.958027
0.972325
0.984022
0.990496
0.994155
0.996282
0.997544
0.998299
0.99873
0.998911
0.998918
0.998867
0.998693
0.998179
0.997075
0.996059
0.994971
0.993841
0.992962
0.992339
0.99146
0.989353
0.985176
0.981352
0.978861
0.977001
0.973626
0.965368
0.937724
0.894597
0.873262
0.86948
0.872505
0.878011
0.878137
0.872717
0.851712
0.838976
0.837862
0.844005
0.87685
0.928289
0.96215
0.98103
0.987013
0.803029
0.800501
0.782043
0.683331
0.558135
0.531312
0.543653
0.569718
0.583479
0.607487
0.645888
0.698434
0.741953
0.75266
0.752849
0.748916
0.74811
0.76182
0.801871
0.849096
0.870389
0.880985
0.88888
0.896377
0.901917
0.910139
0.917132
0.926614
0.935413
0.94302
0.950486
0.954384
0.958079
0.959506
0.960108
0.960197
0.959845
0.95898
0.957887
0.957251
0.957328
0.959221
0.962097
0.96499
0.967573
0.968891
0.970013
0.97079
0.971253
0.971518
0.971622
0.972094
0.972595
0.973124
0.97368
0.974005
0.974191
0.974253
0.97408
0.973419
0.971774
0.968646
0.964066
0.960248
0.958524
0.956707
0.955656
0.956611
0.965905
0.983103
0.991462
0.994311
0.993318
0.979995
0.914576
0.797772
0.772365
0.788298
0.823413
0.824399
0.801974
0.772831
0.74005
0.711356
0.699548
0.696784
0.696253
0.695282
0.688305
0.665205
0.615857
0.562458
0.555738
0.586839
0.661555
0.724105
0.751138
0.752948
0.743594
0.700853
0.659823
0.649495
0.650628
0.661624
0.699858
0.74899
0.77923
0.796951
0.810419
0.820864
0.829495
0.839335
0.850074
0.859807
0.867062
0.875198
0.888308
0.898567
0.904204
0.905493
0.903962
0.897601
0.885867
0.878154
0.875025
0.875215
0.87952
0.896331
0.911303
0.922105
0.927919
0.933512
0.940027
0.950166
0.965801
0.981596
0.990089
0.994564
0.996932
0.998213
0.998914
0.999304
0.999508
0.999591
0.999593
0.999565
0.999468
0.999226
0.998569
0.99727
0.996202
0.995299
0.994367
0.993648
0.993208
0.992672
0.991489
0.987768
0.982719
0.979557
0.977653
0.97565
0.971362
0.957607
0.915475
0.882397
0.87101
0.869916
0.870522
0.869583
0.861243
0.844194
0.838186
0.838875
0.848761
0.888419
0.935608
0.966227
0.983905
0.991176
0.794383
0.800186
0.79112
0.717901
0.58597
0.532089
0.538398
0.575338
0.599219
0.630986
0.671733
0.727113
0.755502
0.759979
0.759667
0.759825
0.774773
0.820267
0.871813
0.895917
0.907479
0.914576
0.920302
0.924402
0.92883
0.933989
0.938733
0.94465
0.949196
0.953743
0.957035
0.958884
0.960397
0.960838
0.960963
0.960938
0.960488
0.960015
0.960088
0.961938
0.963725
0.965331
0.966414
0.96713
0.967497
0.967624
0.966868
0.965676
0.964562
0.964117
0.96431
0.965383
0.966955
0.968908
0.970972
0.972646
0.973757
0.974281
0.974435
0.974256
0.973446
0.970832
0.965311
0.959933
0.957601
0.955869
0.953483
0.951469
0.950674
0.957467
0.977088
0.989979
0.994606
0.993978
0.980246
0.9075
0.782679
0.756871
0.777238
0.801546
0.793084
0.755077
0.72427
0.704978
0.697848
0.69621
0.696754
0.699327
0.697532
0.689609
0.67041
0.63733
0.640723
0.660997
0.703102
0.738709
0.750818
0.749721
0.735997
0.690678
0.662822
0.658903
0.663545
0.684939
0.740894
0.782111
0.806943
0.82156
0.834157
0.847339
0.858877
0.868926
0.87703
0.883657
0.889447
0.895919
0.902122
0.90632
0.90773
0.907385
0.904573
0.892159
0.869807
0.85535
0.849881
0.850721
0.863422
0.890207
0.909061
0.922539
0.931822
0.942436
0.955252
0.974173
0.98696
0.993464
0.996704
0.998301
0.999101
0.999502
0.999701
0.999793
0.99982
0.999813
0.999783
0.999717
0.99958
0.999255
0.998433
0.99731
0.996137
0.995279
0.994619
0.993969
0.993581
0.993283
0.992693
0.991032
0.985771
0.981066
0.97929
0.978573
0.976889
0.969719
0.938036
0.89422
0.87417
0.868833
0.86734
0.864504
0.854173
0.842285
0.839662
0.842305
0.859582
0.90514
0.94284
0.968736
0.984824
0.992681
0.787447
0.796899
0.792182
0.730089
0.630697
0.534957
0.53075
0.569933
0.600939
0.638151
0.691979
0.750104
0.768366
0.771586
0.773086
0.785023
0.82093
0.87045
0.908616
0.923549
0.930817
0.935616
0.939663
0.942062
0.945322
0.947933
0.950995
0.953995
0.956117
0.958881
0.960506
0.961489
0.962392
0.962718
0.96284
0.96281
0.962729
0.963104
0.964012
0.96493
0.965345
0.965512
0.965534
0.964288
0.9614
0.956331
0.951844
0.948529
0.946697
0.946066
0.947008
0.949252
0.952926
0.957182
0.961818
0.966171
0.970035
0.972609
0.973876
0.974305
0.974101
0.97256
0.967079
0.959105
0.954793
0.95298
0.952332
0.950225
0.947204
0.94511
0.950121
0.969744
0.988236
0.994946
0.995518
0.985847
0.925361
0.772151
0.733692
0.748246
0.762508
0.747047
0.717975
0.703304
0.697159
0.6956
0.696466
0.700709
0.706122
0.710298
0.709964
0.705954
0.708811
0.71882
0.73501
0.74537
0.745377
0.738163
0.704568
0.673707
0.664112
0.66585
0.67836
0.719723
0.768772
0.798016
0.819891
0.838257
0.854451
0.866225
0.87351
0.879067
0.883912
0.888543
0.893551
0.899122
0.904128
0.907082
0.907638
0.906544
0.899753
0.875469
0.844021
0.830574
0.829398
0.834917
0.858848
0.888837
0.911716
0.930466
0.945373
0.964253
0.982003
0.991135
0.995734
0.997976
0.999039
0.999532
0.999765
0.999861
0.999899
0.999898
0.999885
0.999854
0.999794
0.999687
0.999465
0.998878
0.997877
0.996911
0.995939
0.99511
0.994598
0.99421
0.99376
0.993496
0.993165
0.992355
0.989293
0.984662
0.98301
0.982563
0.981666
0.977378
0.955968
0.907013
0.879209
0.869089
0.86573
0.862075
0.851345
0.843341
0.843263
0.848902
0.873873
0.912907
0.945369
0.969346
0.984848
0.992985
0.784759
0.791662
0.787981
0.733757
0.663433
0.545002
0.52579
0.553248
0.599693
0.635379
0.691934
0.760518
0.78202
0.786793
0.791658
0.807169
0.847113
0.902404
0.927761
0.93885
0.944464
0.948511
0.95115
0.952506
0.954391
0.955664
0.95756
0.959104
0.960173
0.961802
0.962838
0.963563
0.964386
0.964697
0.964867
0.964909
0.964959
0.965055
0.965178
0.965072
0.964839
0.963469
0.95948
0.952394
0.945118
0.940092
0.936328
0.934062
0.932727
0.932233
0.932798
0.934447
0.937585
0.943142
0.949846
0.95625
0.962316
0.967889
0.971816
0.973692
0.974261
0.97394
0.971205
0.961787
0.954699
0.951976
0.951178
0.950328
0.947384
0.943394
0.942622
0.947049
0.963953
0.985689
0.995383
0.997596
0.992989
0.944231
0.782947
0.730595
0.726361
0.724807
0.707352
0.700577
0.696326
0.694423
0.695041
0.698776
0.705594
0.712568
0.71832
0.722301
0.72717
0.732412
0.736369
0.73578
0.727726
0.698903
0.676426
0.66761
0.668929
0.679214
0.712036
0.765867
0.803936
0.829672
0.848006
0.861128
0.868689
0.873501
0.877129
0.8807
0.884427
0.888233
0.892438
0.897163
0.901077
0.902536
0.902245
0.898226
0.881636
0.842589
0.825224
0.821502
0.823327
0.83211
0.861454
0.896953
0.927798
0.951705
0.975444
0.988079
0.994289
0.997334
0.998788
0.99946
0.999757
0.999883
0.999933
0.999939
0.999932
0.999913
0.999868
0.999772
0.999575
0.99933
0.998824
0.998029
0.997138
0.996299
0.995526
0.994869
0.994458
0.994223
0.99395
0.993568
0.993274
0.992783
0.991273
0.987813
0.986132
0.985621
0.984821
0.981792
0.967482
0.921259
0.885289
0.870135
0.865802
0.86033
0.850861
0.848265
0.8501
0.85865
0.883394
0.915967
0.946022
0.969219
0.984461
0.992864
0.781686
0.78461
0.776825
0.736074
0.686591
0.564123
0.524015
0.533442
0.590491
0.626985
0.682903
0.761617
0.796889
0.800167
0.803269
0.82495
0.86512
0.915717
0.939959
0.948698
0.952665
0.955166
0.957269
0.95839
0.959454
0.959998
0.960868
0.961738
0.962482
0.963751
0.964862
0.965532
0.966037
0.966245
0.966341
0.966358
0.966166
0.9658
0.965266
0.964631
0.962645
0.95672
0.947998
0.940921
0.935424
0.931685
0.929136
0.927718
0.927046
0.926815
0.927281
0.928392
0.930392
0.933982
0.940564
0.949031
0.956416
0.96224
0.967534
0.972017
0.97394
0.974211
0.973476
0.968299
0.958609
0.954067
0.953189
0.953126
0.951478
0.946523
0.942919
0.943297
0.948521
0.961967
0.982052
0.994227
0.998351
0.998664
0.981215
0.858402
0.74386
0.723858
0.706505
0.698645
0.693861
0.690413
0.688311
0.689357
0.693183
0.701135
0.708175
0.714367
0.716623
0.71596
0.71198
0.699363
0.682012
0.671177
0.669584
0.672625
0.685363
0.718594
0.775824
0.814852
0.837185
0.854721
0.865652
0.871314
0.874256
0.876242
0.877753
0.879499
0.880385
0.880969
0.882221
0.884168
0.885664
0.886062
0.884412
0.873381
0.842444
0.824494
0.819195
0.819321
0.823008
0.839126
0.882729
0.925982
0.961102
0.982588
0.992164
0.996456
0.998412
0.999306
0.999705
0.999876
0.999941
0.999963
0.99996
0.999949
0.999915
0.999835
0.999672
0.999313
0.998676
0.997982
0.997412
0.996891
0.996323
0.995726
0.99514
0.994622
0.994278
0.994133
0.993992
0.993708
0.993242
0.992809
0.991916
0.989623
0.987965
0.987307
0.986478
0.984127
0.974393
0.935919
0.892219
0.872392
0.865716
0.858742
0.854143
0.854466
0.857284
0.865455
0.886203
0.916469
0.94551
0.968327
0.983642
0.992419
0.77435
0.773602
0.770536
0.74224
0.70492
0.597634
0.525302
0.520298
0.559655
0.613371
0.660676
0.743753
0.804434
0.819562
0.818188
0.828625
0.866616
0.913528
0.941174
0.952183
0.957371
0.959762
0.960959
0.961571
0.962185
0.962604
0.9631
0.963621
0.964173
0.965006
0.966002
0.966861
0.967351
0.96747
0.967449
0.967219
0.96678
0.966072
0.965092
0.962652
0.9561
0.947132
0.93966
0.934018
0.930162
0.92765
0.926149
0.925358
0.925032
0.925123
0.925471
0.926293
0.927816
0.9303
0.935489
0.944669
0.953723
0.960119
0.964846
0.969193
0.972758
0.974112
0.97402
0.971861
0.964314
0.959219
0.958412
0.959751
0.962888
0.961505
0.954127
0.948902
0.948322
0.954386
0.966551
0.980558
0.992184
0.997943
0.998883
0.986482
0.921888
0.801579
0.736685
0.709794
0.698203
0.69186
0.6879
0.684783
0.682686
0.682712
0.683107
0.684152
0.68353
0.681856
0.678012
0.674025
0.674078
0.67677
0.685619
0.704395
0.745567
0.798635
0.831181
0.851176
0.864152
0.871877
0.875122
0.876901
0.877413
0.878066
0.877752
0.876578
0.873569
0.869515
0.865493
0.861872
0.859181
0.856181
0.850331
0.836944
0.824622
0.819219
0.818472
0.820823
0.832878
0.872846
0.929399
0.969439
0.987205
0.994715
0.997808
0.999087
0.999623
0.999848
0.999939
0.999971
0.999978
0.999973
0.999956
0.999903
0.999764
0.999481
0.998964
0.997618
0.996012
0.995234
0.995015
0.995103
0.995151
0.995043
0.994752
0.99441
0.994147
0.994021
0.993944
0.993784
0.993304
0.992713
0.992057
0.990489
0.98886
0.987999
0.987189
0.985331
0.978628
0.949396
0.900935
0.875914
0.865176
0.858987
0.857694
0.858276
0.86097
0.867585
0.883637
0.912912
0.942511
0.966137
0.982186
0.991615
0.770865
0.767783
0.77052
0.754989
0.719304
0.619788
0.531698
0.516909
0.529819
0.58381
0.631594
0.694861
0.793872
0.828554
0.838461
0.837327
0.861721
0.906304
0.938612
0.951475
0.95762
0.961109
0.962951
0.963768
0.964139
0.964295
0.964594
0.965075
0.965709
0.966383
0.96703
0.967629
0.968058
0.96821
0.968165
0.967901
0.967328
0.966467
0.964904
0.960601
0.9528
0.944785
0.938234
0.933395
0.929988
0.927645
0.926207
0.925319
0.924948
0.924978
0.92522
0.925901
0.927409
0.92958
0.933974
0.943107
0.952894
0.959619
0.96415
0.96811
0.971741
0.973789
0.97415
0.973298
0.967499
0.961155
0.959514
0.960669
0.966313
0.974803
0.978387
0.973581
0.966096
0.961842
0.964808
0.974548
0.98343
0.991505
0.997398
0.998327
0.992296
0.96727
0.899947
0.808812
0.74982
0.720428
0.70479
0.695476
0.689359
0.685956
0.683849
0.683025
0.682807
0.68287
0.683775
0.687637
0.698219
0.716854
0.7507
0.79413
0.826166
0.847075
0.861072
0.871127
0.877188
0.88097
0.882707
0.883298
0.883233
0.882685
0.881088
0.877724
0.873474
0.868164
0.862346
0.85678
0.851556
0.845131
0.836523
0.828196
0.821905
0.820729
0.822721
0.832896
0.865979
0.934306
0.972818
0.989313
0.995937
0.998477
0.999429
0.999786
0.99992
0.99997
0.999986
0.999986
0.999981
0.999957
0.999881
0.999686
0.999201
0.998335
0.996738
0.992641
0.989361
0.989095
0.98961
0.991126
0.99293
0.993869
0.994162
0.994166
0.994073
0.993969
0.993909
0.9938
0.993418
0.992702
0.992087
0.990798
0.989221
0.988207
0.987455
0.985976
0.98124
0.960498
0.910166
0.879433
0.865328
0.859845
0.858976
0.859488
0.861482
0.865171
0.873819
0.900925
0.935843
0.962306
0.979994
0.99045
0.770422
0.76714
0.774057
0.77103
0.737427
0.644012
0.541656
0.517574
0.51796
0.549215
0.59908
0.645443
0.742346
0.823395
0.845333
0.854299
0.859231
0.890822
0.931122
0.948302
0.956473
0.960821
0.963072
0.964389
0.965172
0.965523
0.965695
0.966036
0.966637
0.967323
0.967922
0.968435
0.968679
0.968727
0.968675
0.968448
0.967867
0.967027
0.965317
0.96119
0.953556
0.945769
0.939272
0.934424
0.930942
0.928551
0.927095
0.926046
0.925832
0.925963
0.926387
0.927337
0.92945
0.932086
0.936964
0.946094
0.956363
0.962431
0.965044
0.967926
0.971428
0.973659
0.974207
0.973781
0.97004
0.962327
0.959554
0.959472
0.962346
0.973951
0.984242
0.989494
0.990637
0.988977
0.983606
0.980543
0.982401
0.988248
0.992978
0.997323
0.998307
0.996179
0.985912
0.961555
0.910395
0.853365
0.805531
0.768283
0.743753
0.729844
0.719221
0.715108
0.715999
0.71981
0.728838
0.749253
0.774825
0.802981
0.828713
0.847092
0.86035
0.870641
0.879042
0.885859
0.891385
0.895641
0.898765
0.900006
0.90004
0.899455
0.897094
0.89191
0.885631
0.878426
0.870268
0.862199
0.85454
0.846104
0.837745
0.830677
0.830048
0.831866
0.840622
0.86812
0.936156
0.974002
0.990007
0.996353
0.998716
0.999557
0.999849
0.999949
0.999982
0.999992
0.999991
0.999986
0.99996
0.99987
0.999616
0.998996
0.99756
0.994895
0.989861
0.978777
0.972869
0.973042
0.975019
0.980425
0.987107
0.991101
0.992978
0.993709
0.993892
0.993895
0.993877
0.993813
0.993592
0.99285
0.992131
0.990915
0.989358
0.988242
0.987543
0.986383
0.982946
0.967872
0.919907
0.882868
0.865833
0.860031
0.858992
0.858977
0.857806
0.856886
0.861673
0.888711
0.928968
0.958319
0.977715
0.989198
0.77056
0.767801
0.781116
0.782965
0.756046
0.670635
0.555969
0.520688
0.516326
0.528579
0.567063
0.605927
0.663702
0.792586
0.841993
0.858528
0.863581
0.881265
0.914202
0.94069
0.952382
0.959289
0.962604
0.964279
0.965256
0.965904
0.966296
0.96661
0.967002
0.967578
0.968202
0.968773
0.969188
0.969228
0.969184
0.969019
0.968598
0.967837
0.966288
0.962785
0.955776
0.948467
0.942154
0.93724
0.933465
0.930937
0.929372
0.928121
0.928039
0.928267
0.928927
0.930395
0.933085
0.936862
0.944835
0.954484
0.961818
0.966026
0.96751
0.968902
0.971575
0.973737
0.974329
0.973958
0.970674
0.962777
0.95882
0.958431
0.961029
0.971822
0.984023
0.991712
0.995498
0.997045
0.997264
0.996577
0.993584
0.991441
0.992205
0.995115
0.997784
0.998718
0.998017
0.994686
0.985826
0.96793
0.943158
0.919587
0.891018
0.870519
0.848676
0.835492
0.834015
0.836526
0.841623
0.848393
0.856989
0.866374
0.876156
0.885982
0.895351
0.904082
0.911825
0.918545
0.924623
0.930188
0.935027
0.938128
0.938889
0.938601
0.937034
0.931491
0.922146
0.912669
0.900815
0.887328
0.873833
0.861449
0.853268
0.852457
0.853692
0.860412
0.882915
0.94221
0.976106
0.990729
0.99662
0.99883
0.999611
0.999874
0.99996
0.999987
0.999994
0.999994
0.99999
0.999966
0.999877
0.999594
0.998817
0.996952
0.992877
0.984695
0.968388
0.946208
0.935764
0.936425
0.941144
0.953286
0.970949
0.983312
0.98973
0.99248
0.993468
0.993776
0.993833
0.993813
0.993671
0.993076
0.992223
0.990978
0.989412
0.988238
0.987582
0.986716
0.984225
0.972925
0.929262
0.886201
0.866366
0.860118
0.858383
0.854229
0.84871
0.848429
0.854964
0.884391
0.925364
0.956221
0.976654
0.98861
0.771923
0.769959
0.787906
0.792837
0.775411
0.705954
0.581396
0.52819
0.518997
0.521522
0.543733
0.574287
0.609565
0.699823
0.821893
0.855509
0.868753
0.879636
0.89696
0.927293
0.944795
0.955188
0.960872
0.96361
0.965041
0.965858
0.966364
0.966765
0.967049
0.967561
0.968183
0.968775
0.969249
0.969543
0.969565
0.969501
0.969286
0.968796
0.967782
0.965617
0.960334
0.953136
0.946606
0.941531
0.937474
0.93478
0.93311
0.931915
0.931949
0.932402
0.933576
0.935991
0.940048
0.946616
0.955195
0.962318
0.966255
0.96781
0.968416
0.969458
0.972116
0.974196
0.97465
0.974109
0.970323
0.96169
0.957956
0.958014
0.961309
0.973647
0.985505
0.992772
0.996778
0.998536
0.999176
0.999259
0.99915
0.998554
0.996933
0.99633
0.996861
0.998403
0.999155
0.999013
0.998085
0.995492
0.989578
0.982945
0.972093
0.961959
0.952202
0.944888
0.938435
0.934157
0.934636
0.936536
0.940801
0.944773
0.948904
0.953336
0.958156
0.962651
0.967129
0.971393
0.97513
0.978571
0.98153
0.983503
0.984209
0.984181
0.983728
0.981776
0.976411
0.969601
0.957124
0.93711
0.914744
0.899852
0.895109
0.895001
0.897966
0.913296
0.955587
0.980887
0.992301
0.997102
0.998975
0.999657
0.99989
0.999967
0.99999
0.999996
0.999996
0.999993
0.999975
0.999903
0.99964
0.998813
0.996579
0.991225
0.979339
0.95563
0.91946
0.89259
0.884744
0.88528
0.88959
0.90194
0.934403
0.964192
0.981296
0.989197
0.992329
0.993431
0.993776
0.993837
0.993776
0.993407
0.992426
0.991054
0.989437
0.988232
0.987656
0.987073
0.985309
0.976521
0.937116
0.888808
0.866728
0.859913
0.853815
0.84612
0.843767
0.845009
0.853344
0.882527
0.92348
0.955409
0.97637
0.988476
0.775328
0.77445
0.796113
0.803469
0.791758
0.739301
0.626224
0.542818
0.524164
0.52224
0.53231
0.552731
0.573881
0.622663
0.752933
0.838921
0.866757
0.878817
0.889649
0.912098
0.933573
0.948039
0.956901
0.961734
0.964211
0.965519
0.966252
0.96673
0.967039
0.967415
0.968032
0.968669
0.969196
0.969544
0.969753
0.969782
0.969722
0.969513
0.969006
0.967901
0.965421
0.96043
0.954167
0.949211
0.94429
0.941426
0.938979
0.938189
0.938513
0.939591
0.941894
0.945912
0.952078
0.959433
0.964137
0.966866
0.968238
0.968732
0.969355
0.970902
0.973582
0.975074
0.975244
0.974245
0.967936
0.959711
0.957403
0.957888
0.963487
0.979357
0.989786
0.995158
0.997837
0.999099
0.999611
0.999766
0.99977
0.999717
0.999508
0.998947
0.998549
0.998563
0.998991
0.999496
0.999516
0.999327
0.998675
0.997485
0.994833
0.992684
0.989381
0.985726
0.98327
0.982304
0.98112
0.981338
0.982055
0.98355
0.985617
0.987708
0.989594
0.991167
0.99253
0.993711
0.994709
0.995548
0.996223
0.99668
0.996868
0.996873
0.996794
0.996418
0.995402
0.994027
0.991352
0.984023
0.969584
0.959522
0.955884
0.95599
0.959934
0.974544
0.987863
0.994693
0.997857
0.999196
0.999718
0.999907
0.999971
0.999992
0.999997
0.999997
0.999995
0.999984
0.999934
0.999736
0.999009
0.996754
0.990804
0.976398
0.943636
0.897072
0.877
0.870219
0.869306
0.870541
0.873624
0.878508
0.890834
0.928365
0.963106
0.981645
0.98952
0.992504
0.993547
0.993861
0.99388
0.9937
0.992885
0.991214
0.989467
0.98826
0.987821
0.987493
0.986266
0.979056
0.942855
0.890821
0.866944
0.856338
0.84626
0.842082
0.842329
0.845916
0.85591
0.882525
0.922799
0.955304
0.976614
0.988698
0.780607
0.781532
0.804038
0.812167
0.807076
0.774275
0.686913
0.571482
0.534664
0.528098
0.529916
0.543368
0.555202
0.580647
0.646986
0.792297
0.854794
0.875974
0.887608
0.902279
0.92062
0.937205
0.949795
0.957846
0.962182
0.964523
0.965799
0.966529
0.966955
0.967284
0.967646
0.968263
0.968967
0.969449
0.969734
0.969877
0.969912
0.969864
0.969688
0.969241
0.968242
0.966137
0.962201
0.958491
0.954479
0.951981
0.949783
0.949796
0.950434
0.952002
0.955171
0.959876
0.963497
0.965946
0.967586
0.968634
0.969095
0.969568
0.970532
0.97276
0.975098
0.975914
0.975827
0.974226
0.966251
0.95886
0.957173
0.95819
0.966341
0.9818
0.991242
0.996089
0.998351
0.999337
0.999741
0.999887
0.999917
0.99991
0.999866
0.99974
0.99958
0.999435
0.999422
0.999523
0.999733
0.999795
0.999766
0.999657
0.999333
0.998993
0.998189
0.997413
0.996984
0.996351
0.996095
0.996162
0.996346
0.996549
0.996842
0.997252
0.997678
0.998062
0.998405
0.998701
0.998942
0.999135
0.999281
0.999376
0.999416
0.999418
0.999404
0.999335
0.999142
0.998848
0.998261
0.99661
0.993007
0.990433
0.989502
0.989521
0.990543
0.994128
0.99708
0.998683
0.999457
0.999794
0.999927
0.999976
0.999993
0.999998
0.999998
0.999997
0.999991
0.99996
0.999835
0.999321
0.997443
0.991815
0.977395
0.941382
0.890594
0.872027
0.86717
0.867024
0.868055
0.871385
0.875941
0.878202
0.882818
0.897843
0.935762
0.966745
0.983405
0.99031
0.992876
0.993728
0.993928
0.993877
0.993397
0.991632
0.989557
0.988412
0.988209
0.988122
0.987189
0.980834
0.947191
0.892725
0.865285
0.849234
0.841453
0.840738
0.844265
0.851026
0.860142
0.882643
0.922737
0.95588
0.977313
0.989196
0.78743
0.790868
0.812482
0.820968
0.820378
0.805323
0.75105
0.63655
0.556816
0.537907
0.535051
0.540501
0.55023
0.56172
0.593793
0.683892
0.81969
0.866504
0.88429
0.897776
0.911733
0.925936
0.939038
0.950327
0.958082
0.962283
0.964624
0.965935
0.966673
0.967104
0.967433
0.967782
0.96833
0.969074
0.969567
0.96983
0.969934
0.969964
0.969934
0.969811
0.969482
0.968765
0.967177
0.965143
0.963037
0.961375
0.96029
0.960424
0.961044
0.962527
0.9645
0.966227
0.967444
0.968316
0.969007
0.969401
0.969835
0.97071
0.972675
0.974885
0.975982
0.976245
0.976022
0.973962
0.964969
0.958216
0.956952
0.958464
0.968866
0.983562
0.992143
0.996524
0.998554
0.999431
0.999787
0.999921
0.99996
0.999964
0.999955
0.999916
0.999859
0.999812
0.99978
0.999774
0.999811
0.999885
0.999924
0.999925
0.99991
0.999876
0.999767
0.999674
0.999596
0.999476
0.999436
0.999437
0.999445
0.999463
0.999507
0.999565
0.999621
0.999675
0.999729
0.999779
0.999821
0.999855
0.99988
0.999895
0.999901
0.999901
0.999898
0.999884
0.999849
0.999789
0.999662
0.999294
0.99837
0.9977
0.99747
0.99748
0.997757
0.99863
0.999305
0.999681
0.999866
0.999948
0.999982
0.999994
0.999998
0.999999
0.999999
0.999995
0.999978
0.999906
0.999613
0.998347
0.99388
0.981276
0.949532
0.894593
0.872531
0.866682
0.866565
0.869207
0.876419
0.890781
0.896108
0.894664
0.89177
0.894431
0.913401
0.947993
0.972701
0.985724
0.991282
0.993285
0.993862
0.993927
0.993716
0.992267
0.989851
0.988939
0.988933
0.988862
0.987877
0.981979
0.950957
0.893675
0.860538
0.843741
0.839095
0.840843
0.849479
0.856253
0.864267
0.883592
0.923302
0.956726
0.978118
0.989751
0.795744
0.802131
0.822017
0.832111
0.833531
0.82686
0.794508
0.724159
0.60795
0.559246
0.547257
0.545454
0.550225
0.556654
0.571657
0.61481
0.742813
0.841517
0.876653
0.893963
0.906885
0.91854
0.929629
0.939952
0.949715
0.957699
0.962046
0.964532
0.965949
0.966716
0.967195
0.967546
0.967857
0.968301
0.968978
0.969566
0.969842
0.969949
0.969968
0.969952
0.969878
0.96968
0.969226
0.968401
0.967576
0.966775
0.966366
0.96646
0.966793
0.967427
0.968032
0.968546
0.968947
0.969318
0.969657
0.970167
0.971129
0.973091
0.974764
0.975768
0.976232
0.976306
0.976022
0.973607
0.964082
0.957603
0.956456
0.958303
0.970037
0.984719
0.992992
0.997047
0.998821
0.999539
0.999824
0.999936
0.999975
0.999983
0.999982
0.999973
0.999949
0.999927
0.999913
0.99991
0.999915
0.999937
0.999958
0.999973
0.999978
0.999978
0.999975
0.999968
0.999956
0.999951
0.999948
0.99994
0.999938
0.99994
0.999945
0.999949
0.999954
0.99996
0.999965
0.99997
0.999976
0.99998
0.999983
0.999985
0.999985
0.999985
0.999984
0.999981
0.999974
0.999962
0.999934
0.99985
0.999612
0.999433
0.999375
0.999378
0.999453
0.999669
0.99983
0.999921
0.999966
0.999987
0.999995
0.999998
0.999999
0.999999
0.999998
0.999989
0.99995
0.999798
0.99914
0.996184
0.986606
0.961844
0.909347
0.878204
0.868081
0.866609
0.870463
0.883448
0.908388
0.931639
0.934305
0.930212
0.914641
0.906996
0.910928
0.931433
0.959184
0.978514
0.988196
0.992224
0.993598
0.993896
0.99385
0.993216
0.991006
0.990048
0.989906
0.989549
0.988247
0.982496
0.953314
0.893089
0.855923
0.840174
0.837944
0.842876
0.854614
0.86119
0.868465
0.885575
0.924485
0.957975
0.979101
0.990375
0.805039
0.819036
0.839146
0.852924
0.8571
0.854167
0.825549
0.794756
0.723706
0.624795
0.590775
0.579679
0.56773
0.559676
0.565441
0.586318
0.649851
0.793849
0.860161
0.88707
0.902613
0.914129
0.92389
0.932588
0.940691
0.948433
0.956322
0.961443
0.964298
0.965851
0.966721
0.967262
0.967625
0.967931
0.96834
0.968849
0.969415
0.969773
0.96991
0.969943
0.969932
0.969891
0.969785
0.969546
0.96926
0.968969
0.968783
0.968806
0.968891
0.969014
0.96916
0.969373
0.969568
0.969891
0.970613
0.971859
0.973522
0.974587
0.975342
0.975917
0.976143
0.976094
0.975629
0.97281
0.962845
0.956466
0.955328
0.957451
0.970296
0.985043
0.99323
0.997211
0.998939
0.999618
0.999865
0.999952
0.999982
0.999991
0.999992
0.99999
0.999983
0.999972
0.999964
0.99996
0.999961
0.999967
0.999977
0.999985
0.999991
0.999994
0.999995
0.999996
0.999996
0.999996
0.999996
0.999996
0.999996
0.999995
0.999995
0.999995
0.999996
0.999996
0.999996
0.999997
0.999997
0.999998
0.999998
0.999998
0.999998
0.999998
0.999997
0.999997
0.999995
0.999993
0.999986
0.999966
0.999903
0.999853
0.999838
0.999839
0.99986
0.999916
0.999956
0.99998
0.999991
0.999997
0.999999
1
1
0.999999
0.999995
0.999976
0.999896
0.999592
0.998183
0.991653
0.973729
0.93297
0.893158
0.872594
0.867704
0.870375
0.884376
0.918952
0.941452
0.952095
0.956796
0.955892
0.94566
0.924542
0.920436
0.927448
0.946513
0.966677
0.98221
0.989937
0.992879
0.99374
0.993825
0.993633
0.992728
0.991373
0.99071
0.990011
0.988382
0.982531
0.953989
0.890548
0.851772
0.83785
0.837304
0.845959
0.85937
0.866032
0.872823
0.888658
0.926711
0.959887
0.980392
0.99112
0.819703
0.844491
0.870524
0.893126
0.902603
0.902279
0.86016
0.831959
0.80991
0.771084
0.746563
0.736945
0.6789
0.599572
0.571561
0.577389
0.608981
0.713823
0.828596
0.874278
0.895924
0.90945
0.919624
0.928063
0.935095
0.94154
0.947591
0.954377
0.960648
0.963953
0.965727
0.966718
0.967325
0.967726
0.968051
0.968383
0.968761
0.969216
0.969596
0.969798
0.969874
0.969868
0.969832
0.969762
0.969648
0.969559
0.969462
0.969425
0.969433
0.96947
0.969565
0.969786
0.970269
0.971269
0.972831
0.973811
0.974307
0.974836
0.975339
0.975494
0.975385
0.975102
0.974386
0.971214
0.960991
0.954609
0.953473
0.956019
0.970488
0.985506
0.993571
0.997384
0.99901
0.99965
0.999883
0.999961
0.999987
0.999995
0.999996
0.999996
0.999994
0.999989
0.999986
0.999983
0.999982
0.999983
0.999987
0.999991
0.999994
0.999997
0.999998
0.999999
0.999999
0.999999
1
1
1
1
1
1
1
1
1
1
1
1
1
1
1
1
1
0.999999
0.999999
0.999998
0.999997
0.999991
0.999974
0.99996
0.999956
0.999956
0.999962
0.999978
0.999988
0.999994
0.999998
0.999999
1
1
1
0.999998
0.99999
0.999951
0.999799
0.999227
0.996331
0.982765
0.955019
0.919715
0.885402
0.871064
0.870747
0.879232
0.912855
0.942939
0.952268
0.956993
0.961408
0.962632
0.960163
0.944324
0.932479
0.933114
0.943355
0.956667
0.972693
0.985408
0.991249
0.99325
0.993729
0.993708
0.993422
0.992612
0.991258
0.990231
0.988373
0.982422
0.953797
0.887273
0.848229
0.836262
0.836951
0.849249
0.863852
0.870568
0.877111
0.892488
0.93003
0.962358
0.981914
0.991946
0.842505
0.849617
0.861827
0.885975
0.938583
0.959324
0.941132
0.889856
0.873137
0.887895
0.931379
0.953289
0.932756
0.791837
0.617571
0.584915
0.593791
0.643271
0.769755
0.8501
0.883632
0.901189
0.912873
0.922078
0.929747
0.936682
0.942569
0.94793
0.953158
0.959517
0.963535
0.965607
0.966756
0.967427
0.967868
0.968208
0.968495
0.968794
0.969103
0.969356
0.969576
0.969675
0.969716
0.969704
0.969674
0.969622
0.969597
0.969603
0.969646
0.969794
0.970188
0.971054
0.972248
0.973084
0.973661
0.974097
0.974233
0.974321
0.974212
0.973884
0.973125
0.972457
0.971542
0.968252
0.958174
0.952029
0.951102
0.954566
0.971139
0.986173
0.994051
0.997661
0.999145
0.999703
0.999901
0.999968
0.99999
0.999996
0.999998
0.999998
0.999998
0.999996
0.999994
0.999993
0.999993
0.999993
0.999994
0.999996
0.999997
0.999998
0.999999
0.999999
1
1
1
1
1
1
1
1
1
1
1
1
1
1
1
1
1
1
1
1
1
1
0.999999
0.999998
0.999992
0.999989
0.999987
0.999988
0.999989
0.999994
0.999997
0.999998
0.999999
1
1
1
0.999999
0.999997
0.99998
0.999906
0.999635
0.998617
0.992911
0.966791
0.943155
0.91332
0.881548
0.871314
0.874371
0.895119
0.93787
0.951918
0.955173
0.957782
0.961742
0.964323
0.964085
0.956953
0.944308
0.941837
0.945634
0.953918
0.964385
0.978049
0.988056
0.992082
0.993395
0.993649
0.993557
0.993116
0.991616
0.990251
0.988237
0.982084
0.952563
0.883425
0.845095
0.834865
0.836754
0.85259
0.868415
0.875245
0.881639
0.896887
0.934047
0.965171
0.983561
0.992803
0.994476
0.986551
0.968017
0.945743
0.947556
0.952412
0.964274
0.978605
0.971603
0.958295
0.968729
0.989117
0.993551
0.981564
0.810353
0.621782
0.600689
0.618236
0.687741
0.785051
0.848624
0.879243
0.895839
0.908093
0.918585
0.927833
0.935977
0.942782
0.948619
0.953561
0.958459
0.963091
0.96555
0.966835
0.967567
0.968058
0.9684
0.968659
0.968912
0.969116
0.969314
0.969459
0.969564
0.969623
0.969648
0.969664
0.969705
0.969827
0.970172
0.970975
0.972049
0.972634
0.973022
0.973273
0.973436
0.973227
0.972481
0.97155
0.970914
0.969536
0.967622
0.966732
0.966196
0.963595
0.95441
0.948826
0.948338
0.953545
0.972351
0.986718
0.99428
0.99777
0.999202
0.999734
0.999916
0.999974
0.999992
0.999997
0.999999
0.999999
0.999999
0.999998
0.999998
0.999997
0.999997
0.999997
0.999998
0.999998
0.999999
0.999999
0.999999
1
1
1
1
1
1
1
1
1
1
1
1
1
1
1
1
1
1
1
1
1
1
1
1
0.999999
0.999998
0.999997
0.999997
0.999997
0.999997
0.999998
0.999999
1
1
1
1
1
0.999999
0.999993
0.999961
0.999823
0.999362
0.997577
0.98647
0.951996
0.936984
0.91025
0.87967
0.874226
0.882373
0.922018
0.949812
0.955556
0.95571
0.956579
0.959684
0.964059
0.965314
0.963362
0.955334
0.951703
0.952054
0.955756
0.961221
0.970682
0.981722
0.989266
0.992345
0.99335
0.993454
0.993147
0.991651
0.990031
0.98784
0.981316
0.948926
0.878182
0.841582
0.833358
0.836933
0.857311
0.874068
0.880716
0.886871
0.902164
0.939047
0.96853
0.985437
0.993737
0.999899
0.999611
0.99877
0.9971
0.993248
0.992124
0.992603
0.993694
0.994579
0.995171
0.99595
0.997764
0.998824
0.998423
0.973541
0.753216
0.627091
0.624989
0.661204
0.72407
0.7709
0.801765
0.818584
0.838619
0.853531
0.883274
0.912941
0.929873
0.940631
0.948036
0.954256
0.958476
0.962498
0.965381
0.966879
0.967744
0.96825
0.968631
0.96891
0.969108
0.969296
0.969451
0.969573
0.969665
0.969765
0.96995
0.970348
0.971244
0.971964
0.972388
0.972719
0.972649
0.972261
0.97141
0.970564
0.969012
0.96603
0.96434
0.962977
0.959802
0.956599
0.95596
0.956782
0.956131
0.949419
0.944803
0.944919
0.953444
0.97443
0.987869
0.994813
0.997971
0.999268
0.999755
0.999923
0.999977
0.999994
0.999998
0.999999
1
1
0.999999
0.999999
0.999999
0.999999
0.999999
0.999999
0.999999
0.999999
1
1
1
1
1
1
1
1
1
1
1
1
1
1
1
1
1
1
1
1
1
1
1
1
1
1
1
1
0.999999
0.999999
0.999999
0.999999
1
1
1
1
1
1
1
0.999997
0.999986
0.999921
0.99967
0.998909
0.995789
0.974555
0.944314
0.933975
0.909207
0.879092
0.876755
0.893984
0.94025
0.956257
0.957143
0.954422
0.952711
0.953588
0.959886
0.965186
0.965827
0.963746
0.961278
0.961022
0.961477
0.962976
0.966974
0.974417
0.982417
0.989053
0.992298
0.992999
0.992817
0.99117
0.989074
0.986759
0.979566
0.943063
0.871436
0.837844
0.832267
0.838612
0.864684
0.880932
0.886716
0.892484
0.908225
0.944952
0.972297
0.987434
0.994687
0.999998
0.999991
0.999962
0.999891
0.999701
0.999488
0.999498
0.999548
0.999596
0.999652
0.99969
0.999791
0.999866
0.99979
0.995985
0.928053
0.710158
0.65338
0.670299
0.720528
0.758098
0.784571
0.803527
0.819932
0.825765
0.833297
0.846645
0.869093
0.908164
0.932092
0.945221
0.95302
0.958679
0.962314
0.965174
0.966923
0.967894
0.968499
0.96893
0.96928
0.969506
0.969724
0.96992
0.970283
0.970742
0.971289
0.971945
0.972365
0.972249
0.971712
0.970559
0.968887
0.965592
0.962741
0.960566
0.956125
0.950899
0.948639
0.94608
0.940855
0.937662
0.937885
0.942301
0.944395
0.942092
0.939542
0.941751
0.956192
0.977133
0.989488
0.995648
0.99835
0.999418
0.999806
0.999939
0.999982
0.999995
0.999999
1
1
1
1
1
1
1
1
1
1
1
1
1
1
1
1
1
1
1
1
1
1
1
1
1
1
1
1
1
1
1
1
1
1
1
1
1
1
1
1
1
1
1
1
1
1
1
1
1
0.999999
0.999994
0.99997
0.999845
0.99941
0.998236
0.992947
0.960461
0.94079
0.933177
0.909171
0.879564
0.879801
0.910641
0.951584
0.959385
0.958104
0.953594
0.951586
0.951522
0.953587
0.961302
0.965951
0.9667
0.966215
0.96553
0.965383
0.965578
0.966816
0.970366
0.978487
0.986243
0.99037
0.991578
0.991281
0.988302
0.985591
0.983758
0.976746
0.934968
0.863494
0.834691
0.832065
0.843621
0.874337
0.888106
0.892557
0.897902
0.914851
0.951212
0.976075
0.989346
0.995563
1
1
0.999999
0.999997
0.999992
0.999981
0.999979
0.999981
0.999983
0.999984
0.999985
0.999987
0.999988
0.999975
0.999218
0.985632
0.896093
0.755504
0.723118
0.745033
0.790124
0.835659
0.879838
0.900761
0.906374
0.90078
0.869462
0.861542
0.864982
0.877328
0.911332
0.93723
0.950113
0.957454
0.962104
0.964964
0.966852
0.967987
0.968744
0.969246
0.969725
0.970166
0.970584
0.970999
0.971437
0.971633
0.971452
0.970321
0.96662
0.961399
0.957526
0.953167
0.948065
0.944502
0.941106
0.936198
0.931616
0.928871
0.926015
0.922983
0.921592
0.921762
0.92534
0.92982
0.930859
0.932374
0.939753
0.962366
0.981059
0.991491
0.99655
0.998725
0.999567
0.999862
0.999958
0.999988
0.999997
0.999999
1
1
1
1
1
1
1
1
1
1
1
1
1
1
1
1
1
1
1
1
1
1
1
1
1
1
1
1
1
1
1
1
1
1
1
1
1
1
1
1
1
1
1
1
1
1
1
1
1
0.999997
0.999987
0.999938
0.999697
0.998993
0.997321
0.988725
0.952538
0.939503
0.934323
0.911823
0.880826
0.88309
0.923327
0.957783
0.961398
0.959061
0.953952
0.951972
0.951449
0.952085
0.954558
0.959654
0.96379
0.964844
0.965008
0.965238
0.965623
0.966622
0.969454
0.975668
0.981395
0.985426
0.98609
0.984491
0.981558
0.981423
0.980926
0.973283
0.922968
0.85455
0.832601
0.832895
0.854531
0.88503
0.895261
0.898157
0.903009
0.92224
0.957607
0.979779
0.991152
0.996366
1
1
1
1
1
1
0.999999
0.999999
0.999999
0.999999
0.999999
0.999999
0.999999
0.999997
0.999873
0.997427
0.979052
0.908252
0.847045
0.840595
0.856657
0.898083
0.936207
0.962288
0.973983
0.974584
0.966433
0.934068
0.88709
0.874643
0.876678
0.888336
0.921927
0.943849
0.954788
0.960748
0.964367
0.966629
0.968073
0.968983
0.969652
0.970228
0.97064
0.97078
0.970616
0.969182
0.961484
0.952064
0.948051
0.946512
0.945859
0.944466
0.94187
0.938922
0.935461
0.931205
0.927153
0.923927
0.92129
0.91927
0.918231
0.918116
0.919156
0.921229
0.92359
0.928726
0.94514
0.969575
0.98546
0.993828
0.997614
0.999143
0.999712
0.999909
0.999973
0.999992
0.999998
0.999999
1
1
1
1
1
1
1
1
1
1
1
1
1
1
1
1
1
1
1
1
1
1
1
1
1
1
1
1
1
1
1
1
1
1
1
1
1
1
1
1
1
1
1
1
1
1
1
1
0.999999
0.999994
0.999971
0.999873
0.999409
0.998363
0.99617
0.982885
0.945911
0.939296
0.938652
0.917631
0.882003
0.88517
0.931937
0.961747
0.964182
0.962346
0.957644
0.955243
0.953342
0.952757
0.9531
0.953837
0.95522
0.957144
0.958812
0.96081
0.962775
0.964368
0.966664
0.969349
0.972597
0.975139
0.975908
0.976291
0.977916
0.979636
0.979277
0.968807
0.905907
0.84549
0.831891
0.836723
0.871213
0.896304
0.901782
0.903172
0.907805
0.930771
0.964149
0.983348
0.992841
0.997102
1
1
1
1
1
1
1
1
1
1
1
1
1
1
0.999984
0.99963
0.996502
0.981961
0.945091
0.931725
0.933914
0.94577
0.965475
0.980288
0.989488
0.992631
0.992227
0.987528
0.969237
0.914518
0.884778
0.878874
0.88235
0.899478
0.931886
0.949417
0.958514
0.963518
0.966387
0.968119
0.969243
0.969741
0.969676
0.967973
0.958245
0.946606
0.943348
0.943966
0.946883
0.951288
0.954085
0.954951
0.953667
0.947996
0.942226
0.93604
0.930164
0.925831
0.922974
0.920651
0.918829
0.918128
0.918342
0.919564
0.922379
0.929989
0.954089
0.976625
0.989679
0.995973
0.998579
0.999535
0.999853
0.999955
0.999986
0.999996
0.999999
1
1
1
1
1
1
1
1
1
1
1
1
1
1
1
1
1
1
1
1
1
1
1
1
1
1
1
1
1
1
1
1
1
1
1
1
1
1
1
1
1
1
1
1
1
1
1
1
1
0.999997
0.999985
0.999933
0.999733
0.998829
0.99751
0.994811
0.975324
0.942795
0.94125
0.942636
0.921232
0.883721
0.886185
0.936807
0.96497
0.968574
0.970305
0.965978
0.963096
0.959815
0.957638
0.955916
0.955009
0.954848
0.955288
0.956615
0.958282
0.959981
0.961592
0.96338
0.965343
0.967743
0.969924
0.971478
0.97395
0.977332
0.979025
0.978004
0.960321
0.883285
0.838142
0.83282
0.84818
0.891299
0.906493
0.907222
0.907357
0.912896
0.940475
0.970604
0.986697
0.994391
0.997767
1
1
1
1
1
1
1
1
1
1
1
1
1
1
0.999998
0.999958
0.99955
0.99732
0.988323
0.980325
0.980119
0.982337
0.98845
0.993362
0.996492
0.997924
0.998083
0.997488
0.994007
0.981868
0.937569
0.896107
0.880493
0.879886
0.885986
0.911393
0.939613
0.953983
0.961465
0.965549
0.967183
0.967097
0.962543
0.952438
0.948318
0.949094
0.95775
0.970398
0.979067
0.984653
0.987703
0.988702
0.988337
0.984737
0.976109
0.963235
0.950434
0.942648
0.938005
0.932381
0.926302
0.922392
0.921266
0.921691
0.924863
0.938414
0.965581
0.983979
0.993528
0.99766
0.999215
0.999748
0.999922
0.999977
0.999993
0.999998
0.999999
1
1
1
1
1
1
1
1
1
1
1
1
1
1
1
1
1
1
1
1
1
1
1
1
1
1
1
1
1
1
1
1
1
1
1
1
1
1
1
1
1
1
1
1
1
1
1
1
0.999999
0.999992
0.999961
0.999842
0.999419
0.997845
0.996369
0.993254
0.969994
0.941397
0.941876
0.945552
0.928845
0.886641
0.886542
0.93896
0.967612
0.973655
0.977854
0.976296
0.974244
0.971735
0.969888
0.967902
0.966848
0.966304
0.964864
0.963527
0.962647
0.962533
0.962976
0.964062
0.965573
0.967624
0.969581
0.97134
0.974235
0.977612
0.978728
0.9756
0.940368
0.85988
0.834869
0.83707
0.873283
0.908841
0.914736
0.911163
0.910562
0.919024
0.951092
0.976716
0.989743
0.995776
0.998351
1
1
1
1
1
1
1
1
1
1
1
1
1
1
1
0.999996
0.999957
0.999708
0.998477
0.996283
0.996007
0.996325
0.997415
0.998485
0.999163
0.999507
0.999577
0.999502
0.998923
0.996424
0.98752
0.956968
0.907785
0.884789
0.878308
0.88012
0.889489
0.918575
0.943843
0.957146
0.961015
0.959959
0.952379
0.948217
0.949156
0.959024
0.97217
0.982215
0.989188
0.993535
0.995952
0.997014
0.997273
0.997218
0.996684
0.993629
0.985561
0.979717
0.973581
0.960901
0.945761
0.936052
0.933086
0.93352
0.937955
0.957642
0.98015
0.991946
0.997042
0.998972
0.999657
0.999889
0.999965
0.999989
0.999997
0.999999
1
1
1
1
1
1
1
1
1
1
1
1
1
1
1
1
1
1
1
1
1
1
1
1
1
1
1
1
1
1
1
1
1
1
1
1
1
1
1
1
1
1
1
1
1
1
1
1
0.999999
0.999996
0.999978
0.999897
0.999608
0.998674
0.996247
0.994905
0.991567
0.963799
0.940312
0.942043
0.946924
0.939233
0.891475
0.886329
0.939323
0.968645
0.975585
0.980091
0.980288
0.978799
0.976992
0.975865
0.97523
0.975312
0.975735
0.976097
0.976731
0.975978
0.97444
0.972839
0.971807
0.97153
0.971896
0.972798
0.974328
0.97688
0.97858
0.978206
0.969281
0.901756
0.843906
0.835557
0.851767
0.903706
0.922654
0.920878
0.912749
0.91331
0.927565
0.961547
0.982227
0.992413
0.996967
0.998841
1
1
1
1
1
1
1
1
1
1
1
1
1
1
1
1
0.999997
0.999977
0.999873
0.999544
0.999447
0.999474
0.999591
0.999745
0.99985
0.999906
0.999919
0.99991
0.999823
0.999377
0.997617
0.991275
0.973552
0.923328
0.891728
0.880515
0.879697
0.88538
0.915364
0.941469
0.948472
0.947293
0.940845
0.938911
0.942934
0.958926
0.973961
0.985174
0.992435
0.996445
0.998319
0.999099
0.999372
0.999424
0.999386
0.999032
0.997556
0.996329
0.99482
0.99095
0.975725
0.963219
0.960022
0.960788
0.967577
0.983667
0.992791
0.997093
0.998906
0.99961
0.999867
0.999956
0.999986
0.999996
0.999999
1
1
1
1
1
1
1
1
1
1
1
1
1
1
1
1
1
1
1
1
1
1
1
1
1
1
1
1
1
1
1
1
1
1
1
1
1
1
1
1
1
1
1
1
1
1
1
1
1
0.999998
0.999989
0.999937
0.999721
0.99899
0.99671
0.994093
0.993133
0.989806
0.960713
0.939665
0.941914
0.947397
0.947052
0.895816
0.886147
0.934314
0.968997
0.97653
0.980967
0.981623
0.98005
0.977767
0.976487
0.975813
0.975858
0.976547
0.978251
0.980389
0.980821
0.980568
0.980044
0.979405
0.978862
0.9785
0.97837
0.978589
0.97898
0.978758
0.975873
0.944916
0.863054
0.838534
0.842395
0.888526
0.927163
0.932376
0.922032
0.913895
0.916709
0.939563
0.970606
0.987018
0.994655
0.997944
0.999205
1
1
1
1
1
1
1
1
1
1
1
1
1
1
1
1
1
0.999999
0.999992
0.999964
0.999945
0.999946
0.999952
0.999967
0.999979
0.999986
0.999987
0.999986
0.999974
0.999905
0.999596
0.998404
0.994413
0.983434
0.947688
0.904421
0.887363
0.886419
0.894326
0.911464
0.916899
0.916001
0.914159
0.917598
0.939407
0.963894
0.981004
0.99115
0.996242
0.998481
0.999388
0.999737
0.999862
0.999896
0.999896
0.999855
0.99967
0.999456
0.999073
0.998131
0.993915
0.9897
0.988686
0.988921
0.99116
0.995313
0.997834
0.999093
0.999649
0.999872
0.999956
0.999985
0.999995
0.999999
1
1
1
1
1
1
1
1
1
1
1
1
1
1
1
1
1
1
1
1
1
1
1
1
1
1
1
1
1
1
1
1
1
1
1
1
1
1
1
1
1
1
1
1
1
1
1
1
1
1
0.999995
0.999968
0.999822
0.999234
0.99734
0.993181
0.9913
0.99102
0.988358
0.959241
0.939126
0.940491
0.947457
0.952652
0.903169
0.886835
0.922539
0.968847
0.977073
0.981389
0.982204
0.980469
0.977605
0.975509
0.973415
0.973225
0.974213
0.977366
0.980073
0.981017
0.981312
0.981338
0.981206
0.980929
0.980538
0.98008
0.979623
0.979076
0.977359
0.962957
0.886649
0.844733
0.84098
0.870793
0.926046
0.942257
0.937373
0.918977
0.91501
0.922328
0.9535
0.978724
0.990997
0.996448
0.998671
0.999406
1
1
1
1
1
1
1
1
1
1
1
1
1
1
1
1
1
1
1
0.999998
0.999996
0.999996
0.999996
0.999997
0.999998
0.999998
0.999998
0.999998
0.999997
0.999987
0.999941
0.999745
0.999018
0.99676
0.990011
0.969026
0.921851
0.898776
0.896635
0.897984
0.899485
0.900461
0.903318
0.922903
0.957322
0.979872
0.99157
0.996703
0.998768
0.999554
0.99984
0.999941
0.999974
0.999984
0.999985
0.999981
0.999965
0.999932
0.999861
0.999633
0.998581
0.997656
0.997414
0.99745
0.997908
0.998852
0.999452
0.999763
0.999906
0.999965
0.999988
0.999996
0.999999
1
1
1
1
1
1
1
1
1
1
1
1
1
1
1
1
1
1
1
1
1
1
1
1
1
1
1
1
1
1
1
1
1
1
1
1
1
1
1
1
1
1
1
1
1
1
1
1
1
1
0.999999
0.999987
0.999906
0.999488
0.997893
0.993162
0.988976
0.988364
0.988868
0.986683
0.958337
0.937783
0.936242
0.946621
0.954923
0.913729
0.887993
0.911999
0.966495
0.977317
0.98163
0.982521
0.98067
0.977165
0.973809
0.969521
0.96654
0.966795
0.970442
0.976325
0.979068
0.980362
0.980902
0.981041
0.980903
0.980512
0.979906
0.978923
0.976327
0.965213
0.907065
0.853521
0.843525
0.859493
0.92055
0.949242
0.95051
0.933356
0.916534
0.916699
0.933314
0.966742
0.985406
0.994129
0.997773
0.999091
0.99939
1
1
1
1
1
1
1
1
1
1
1
1
1
1
1
1
1
1
1
1
1
1
1
1
1
1
1
1
1
0.999998
0.999992
0.999962
0.999844
0.999431
0.998118
0.993724
0.97913
0.937318
0.912891
0.906615
0.906633
0.909648
0.930438
0.964422
0.984255
0.993675
0.997633
0.99916
0.999714
0.999905
0.999969
0.99999
0.999996
0.999998
0.999998
0.999998
0.999996
0.999992
0.999978
0.999919
0.999667
0.999467
0.99941
0.999414
0.999509
0.999725
0.999865
0.99994
0.999976
0.999991
0.999997
0.999999
1
1
1
1
1
1
1
1
1
1
1
1
1
1
1
1
1
1
1
1
1
1
1
1
1
1
1
1
1
1
1
1
1
1
1
1
1
1
1
1
1
1
1
1
1
1
1
1
1
1
1
0.999996
0.999964
0.999738
0.998578
0.994288
0.987912
0.985632
0.985627
0.98685
0.985061
0.958327
0.935299
0.929764
0.942675
0.955785
0.928468
0.889849
0.901724
0.961636
0.97737
0.981863
0.982929
0.981212
0.977191
0.973512
0.968782
0.961698
0.956414
0.956889
0.964207
0.97201
0.975577
0.977738
0.978653
0.978907
0.978263
0.976468
0.971814
0.957415
0.909482
0.86321
0.848062
0.856664
0.914524
0.953184
0.960357
0.950713
0.922924
0.915466
0.920729
0.94984
0.977329
0.990643
0.996431
0.998569
0.999127
0.999067
1
1
1
1
1
1
1
1
1
1
1
1
1
1
1
1
1
1
1
1
1
1
1
1
1
1
1
1
1
1
0.999999
0.999995
0.999979
0.999917
0.999696
0.998878
0.995872
0.98195
0.962871
0.957133
0.957971
0.96565
0.98195
0.991843
0.996666
0.998737
0.99955
0.999847
0.99995
0.999984
0.999995
0.999998
0.999999
1
1
1
0.999999
0.999999
0.999996
0.999981
0.999921
0.999875
0.999861
0.999862
0.999882
0.999933
0.999966
0.999985
0.999994
0.999998
0.999999
1
1
1
1
1
1
1
1
1
1
1
1
1
1
1
1
1
1
1
1
1
1
1
1
1
1
1
1
1
1
1
1
1
1
1
1
1
1
1
1
1
1
1
1
1
1
1
1
1
1
1
0.999999
0.99999
0.999904
0.999293
0.996294
0.988329
0.984721
0.984009
0.984189
0.98557
0.983789
0.958937
0.931937
0.927022
0.935543
0.955941
0.94658
0.894676
0.897005
0.953677
0.976988
0.982229
0.983681
0.982657
0.978791
0.974611
0.969348
0.961232
0.949808
0.943327
0.942964
0.948164
0.956087
0.962809
0.965741
0.966563
0.963389
0.954119
0.931959
0.895907
0.867736
0.855016
0.860199
0.912755
0.955941
0.967515
0.962849
0.936274
0.916104
0.915851
0.932298
0.96666
0.98575
0.994471
0.997853
0.998774
0.998802
0.998265
1
1
1
1
1
1
1
1
1
1
1
1
1
1
1
1
1
1
1
1
1
1
1
1
1
1
1
1
1
1
1
1
0.999998
0.999991
0.999964
0.999854
0.999413
0.996748
0.993001
0.992192
0.992559
0.994795
0.997593
0.998993
0.99961
0.999858
0.999951
0.999984
0.999995
0.999998
1
1
1
1
1
1
1
1
0.999999
0.999996
0.999986
0.999978
0.999976
0.999976
0.999979
0.999988
0.999994
0.999997
0.999999
1
1
1
1
1
1
1
1
1
1
1
1
1
1
1
1
1
1
1
1
1
1
1
1
1
1
1
1
1
1
1
1
1
1
1
1
1
1
1
1
1
1
1
1
1
1
1
1
1
1
1
1
1
0.999998
0.999975
0.999753
0.998155
0.990655
0.984486
0.983137
0.983192
0.983483
0.984812
0.982906
0.960167
0.930912
0.92638
0.932195
0.954767
0.958257
0.902329
0.894714
0.939215
0.97524
0.982416
0.984743
0.984945
0.983156
0.98026
0.974306
0.963382
0.949414
0.936847
0.928364
0.923494
0.921892
0.921929
0.9228
0.920502
0.912444
0.898535
0.882832
0.870031
0.863578
0.870347
0.91991
0.96002
0.972574
0.970274
0.9504
0.918977
0.91339
0.92072
0.953445
0.979575
0.991884
0.996888
0.998374
0.998477
0.997993
0.996757
1
1
1
1
1
1
1
1
1
1
1
1
1
1
1
1
1
1
1
1
1
1
1
1
1
1
1
1
1
1
1
1
1
0.999999
0.999997
0.999987
0.999946
0.999666
0.999314
0.999262
0.99932
0.999594
0.99983
0.999933
0.999975
0.999991
0.999997
0.999999
1
1
1
1
1
1
1
1
1
1
1
0.999999
0.999998
0.999997
0.999997
0.999997
0.999998
0.999999
0.999999
1
1
1
1
1
1
1
1
1
1
1
1
1
1
1
1
1
1
1
1
1
1
1
1
1
1
1
1
1
1
1
1
1
1
1
1
1
1
1
1
1
1
1
1
1
1
1
1
1
1
1
1
1
1
1
0.999996
0.99994
0.999393
0.995328
0.984677
0.98193
0.982448
0.982912
0.98337
0.984456
0.982454
0.962115
0.931997
0.926462
0.931089
0.950254
0.963556
0.912693
0.894047
0.916337
0.970468
0.98217
0.98533
0.986795
0.987393
0.987392
0.9844
0.97275
0.954041
0.936185
0.925261
0.915609
0.906551
0.89985
0.894988
0.890387
0.885069
0.879461
0.875589
0.873981
0.889132
0.935361
0.966117
0.976033
0.974311
0.958587
0.922121
0.911297
0.914775
0.940835
0.972829
0.988893
0.995727
0.997936
0.998203
0.997709
0.996254
0.995447
1
1
1
1
1
1
1
1
1
1
1
1
1
1
1
1
1
1
1
1
1
1
1
1
1
1
1
1
1
1
1
1
1
1
1
0.999999
0.999997
0.999981
0.999966
0.999964
0.999969
0.999984
0.999994
0.999998
0.999999
1
1
1
1
1
1
1
1
1
1
1
1
1
1
1
1
1
1
1
1
1
1
1
1
1
1
1
1
1
1
1
1
1
1
1
1
1
1
1
1
1
1
1
1
1
1
1
1
1
1
1
1
1
1
1
1
1
1
1
1
1
1
1
1
1
1
1
1
1
1
1
1
1
1
1
1
0.999999
0.99999
0.999865
0.998647
0.990032
0.980546
0.980057
0.98232
0.983147
0.983602
0.984141
0.982185
0.96458
0.934417
0.927412
0.93091
0.947415
0.965741
0.929639
0.895393
0.901104
0.957717
0.980386
0.98533
0.987255
0.988783
0.989747
0.989147
0.983551
0.967334
0.943579
0.925644
0.916559
0.906194
0.897717
0.892056
0.888091
0.885763
0.885293
0.892585
0.918611
0.953285
0.972484
0.977976
0.975849
0.960223
0.922951
0.909134
0.910904
0.930574
0.966248
0.985721
0.994427
0.997478
0.998002
0.997621
0.995917
0.994746
0.994414
1
1
1
1
1
1
1
1
1
1
1
1
1
1
1
1
1
1
1
1
1
1
1
1
1
1
1
1
1
1
1
1
1
1
1
1
1
0.999999
0.999999
0.999999
0.999999
1
1
1
1
1
1
1
1
1
1
1
1
1
1
1
1
1
1
1
1
1
1
1
1
1
1
1
1
1
1
1
1
1
1
1
1
1
1
1
1
1
1
1
1
1
1
1
1
1
1
1
1
1
1
1
1
1
1
1
1
1
1
1
1
1
1
1
1
1
1
1
1
1
1
1
1
1
1
1
1
0.999999
0.99998
0.999735
0.997412
0.984748
0.976057
0.977362
0.982977
0.983885
0.984008
0.984118
0.982192
0.967435
0.937902
0.930088
0.932724
0.946712
0.966194
0.951882
0.904449
0.895225
0.926267
0.973195
0.983843
0.98708
0.988911
0.990394
0.990512
0.98868
0.981226
0.964121
0.941783
0.925869
0.915664
0.907917
0.904831
0.90536
0.912934
0.928753
0.950494
0.967151
0.976108
0.977945
0.9742
0.954207
0.919553
0.906496
0.907816
0.923447
0.960477
0.982628
0.993055
0.997
0.997867
0.997646
0.99598
0.994234
0.99368
0.993715
1
1
1
1
1
1
1
1
1
1
1
1
1
1
1
1
1
1
1
1
1
1
1
1
1
1
1
1
1
1
1
1
1
1
1
1
1
1
1
1
1
1
1
1
1
1
1
1
1
1
1
1
1
1
1
1
1
1
1
1
1
1
1
1
1
1
1
1
1
1
1
1
1
1
1
1
1
1
1
1
1
1
1
1
1
1
1
1
1
1
1
1
1
1
1
1
1
1
1
1
1
1
1
1
1
1
1
1
1
1
1
1
1
1
1
1
1
1
1
1
1
0.999998
0.999965
0.999574
0.996093
0.979201
0.96959
0.973153
0.982961
0.984594
0.984534
0.984347
0.982484
0.971223
0.9429
0.935261
0.938351
0.948131
0.966064
0.961777
0.923611
0.894505
0.896814
0.949343
0.975593
0.983787
0.987025
0.989225
0.990055
0.990117
0.988051
0.98238
0.972771
0.961719
0.954193
0.950659
0.949854
0.954959
0.961527
0.968402
0.973255
0.975422
0.974357
0.96479
0.938259
0.911888
0.90361
0.905663
0.920679
0.957118
0.98045
0.991924
0.996567
0.997784
0.997714
0.996332
0.994014
0.99306
0.992966
0.99344
1
1
1
1
1
1
1
1
1
1
1
1
1
1
1
1
1
1
1
1
1
1
1
1
1
1
1
1
1
1
1
1
1
1
1
1
1
1
1
1
1
1
1
1
1
1
1
1
1
1
1
1
1
1
1
1
1
1
1
1
1
1
1
1
1
1
1
1
1
1
1
1
1
1
1
1
1
1
1
1
1
1
1
1
1
1
1
1
1
1
1
1
1
1
1
1
1
1
1
1
1
1
1
1
1
1
1
1
1
1
1
1
1
1
1
1
1
0.999999
0.999999
0.999999
0.999999
0.999996
0.999954
0.999489
0.995457
0.973724
0.958459
0.963173
0.980872
0.986389
0.986224
0.985397
0.983343
0.975287
0.950839
0.94368
0.947399
0.953888
0.965579
0.965601
0.952723
0.907454
0.888764
0.896355
0.943723
0.966041
0.974118
0.97799
0.981115
0.983975
0.985117
0.983883
0.980025
0.975743
0.972562
0.970033
0.969182
0.969412
0.96964
0.969454
0.96705
0.958314
0.938851
0.916567
0.90407
0.901605
0.90554
0.923599
0.957997
0.980132
0.991456
0.996306
0.997744
0.997782
0.996778
0.994048
0.992596
0.992293
0.992516
0.993981
1
1
1
1
1
1
1
1
1
1
1
1
1
1
1
1
1
1
1
1
1
1
1
1
1
1
1
1
1
1
1
1
1
1
1
1
1
1
1
1
1
1
1
1
1
1
1
1
1
1
1
1
1
1
1
1
1
1
1
1
1
1
1
1
1
1
1
1
1
1
1
1
1
1
1
1
1
1
1
1
1
1
1
1
1
1
1
1
1
1
1
1
1
1
1
1
1
1
1
1
1
1
1
1
1
1
1
1
1
1
1
1
0.999999
0.999997
0.999997
0.999997
0.999998
0.999998
0.999998
0.999997
0.999997
0.999993
0.999947
0.999456
0.995269
0.968377
0.940015
0.942868
0.970627
0.98674
0.988693
0.988073
0.985982
0.980572
0.961958
0.956005
0.959137
0.961662
0.965555
0.966308
0.960944
0.951868
0.893865
0.879935
0.884137
0.910478
0.925881
0.934228
0.941002
0.949204
0.960382
0.966388
0.96846
0.96873
0.967023
0.96434
0.961705
0.958207
0.951838
0.94037
0.925256
0.910616
0.90269
0.899695
0.90132
0.908292
0.931217
0.962416
0.981493
0.991673
0.996261
0.997748
0.997857
0.997144
0.994341
0.992284
0.991689
0.991783
0.992727
0.995447
1
1
1
1
1
1
1
1
1
1
1
1
1
1
1
1
1
1
1
1
1
1
1
1
1
1
1
1
1
1
1
1
1
1
1
1
1
1
1
1
1
1
1
1
1
1
1
1
1
1
1
1
1
1
1
1
1
1
1
1
1
1
1
1
1
1
1
1
1
1
1
1
1
1
1
1
1
1
1
1
1
1
1
1
1
1
1
1
1
1
1
1
1
1
1
1
1
1
1
1
1
1
1
1
1
1
1
1
1
1
0.999999
0.999997
0.999985
0.999979
0.99998
0.999983
0.999987
0.999989
0.99999
0.999991
0.999991
0.999987
0.999937
0.999423
0.995104
0.966995
0.924695
0.918585
0.944762
0.98035
0.988913
0.989628
0.988842
0.985922
0.974492
0.968642
0.969982
0.968757
0.96685
0.963271
0.960203
0.968969
0.939397
0.884058
0.872871
0.871619
0.874341
0.877036
0.881245
0.887954
0.898427
0.909309
0.919835
0.924909
0.9266
0.924517
0.919857
0.913049
0.905686
0.900806
0.898229
0.897568
0.899293
0.903633
0.916343
0.943017
0.968517
0.983925
0.992413
0.996407
0.997784
0.997923
0.997393
0.994754
0.9921
0.991146
0.991134
0.991791
0.994572
0.996372
1
1
1
1
1
1
1
1
1
1
1
1
1
1
1
1
1
1
1
1
1
1
1
1
1
1
1
1
1
1
1
1
1
1
1
1
1
1
1
1
1
1
1
1
1
1
1
1
1
1
1
1
1
1
1
1
1
1
1
1
1
1
1
1
1
1
1
1
1
1
1
1
1
1
1
1
1
1
1
1
1
1
1
1
1
1
1
1
1
1
1
1
1
1
1
1
1
1
1
1
1
1
1
1
1
1
1
1
1
0.999998
0.999991
0.999964
0.999874
0.999864
0.999875
0.999905
0.999938
0.999955
0.999964
0.999971
0.999973
0.999969
0.999914
0.999356
0.994821
0.966888
0.92195
0.907116
0.912051
0.957134
0.98398
0.989156
0.989515
0.988727
0.984134
0.979393
0.979503
0.975612
0.969323
0.957826
0.941142
0.970444
0.976047
0.926961
0.882876
0.87091
0.868272
0.867683
0.868816
0.871302
0.875294
0.879321
0.884069
0.88819
0.890639
0.891934
0.892746
0.893266
0.894278
0.896059
0.898587
0.903568
0.913897
0.934286
0.958562
0.976058
0.987263
0.99364
0.996741
0.997834
0.997945
0.997491
0.995025
0.991923
0.990624
0.990495
0.991127
0.993457
0.996035
0.996021
1
1
1
1
1
1
1
1
1
1
1
1
1
1
1
1
1
1
1
1
1
1
1
1
1
1
1
1
1
1
1
1
1
1
1
1
1
1
1
1
1
1
1
1
1
1
1
1
1
1
1
1
1
1
1
1
1
1
1
1
1
1
1
1
1
1
1
1
1
1
1
1
1
1
1
1
1
1
1
1
1
1
1
1
1
1
1
1
1
1
1
1
1
1
1
1
1
1
1
1
1
1
1
1
1
1
1
0.999999
0.999998
0.999986
0.999925
0.999711
0.999329
0.999339
0.999432
0.999635
0.999784
0.999863
0.9999
0.999926
0.999936
0.999933
0.999881
0.999387
0.995678
0.97413
0.929483
0.907274
0.902659
0.917541
0.966485
0.984337
0.98847
0.988696
0.98764
0.98568
0.983947
0.977228
0.970026
0.958802
0.931826
0.957032
0.982172
0.975301
0.930916
0.896621
0.885036
0.880146
0.87816
0.877482
0.878645
0.879889
0.88343
0.886285
0.889042
0.891609
0.894336
0.897638
0.902483
0.909721
0.921574
0.938776
0.957699
0.972755
0.983679
0.990847
0.995068
0.997143
0.997849
0.997893
0.997399
0.994918
0.991578
0.99008
0.989874
0.99038
0.992646
0.994914
0.995073
0.991894
1
1
1
1
1
1
1
1
1
1
1
1
1
1
1
1
1
1
1
1
1
1
1
1
1
1
1
1
1
1
1
1
1
1
1
1
1
1
1
1
1
1
1
1
1
1
1
1
1
1
1
1
1
1
1
1
1
1
1
1
1
1
1
1
1
1
1
1
1
1
1
1
1
1
1
1
1
1
1
1
1
1
1
1
1
1
1
1
1
1
1
1
1
1
1
1
1
1
1
1
1
1
1
1
0.999999
0.999999
0.999997
0.999993
0.999983
0.999901
0.999532
0.998531
0.997832
0.997878
0.998186
0.998955
0.999444
0.999673
0.999778
0.999844
0.999875
0.999874
0.999829
0.999426
0.99681
0.983521
0.951981
0.925253
0.904862
0.90247
0.930631
0.968676
0.982929
0.986596
0.986717
0.98612
0.984022
0.976369
0.969142
0.960901
0.934106
0.932164
0.981928
0.985308
0.977839
0.954947
0.93556
0.925477
0.919646
0.914861
0.911157
0.908557
0.907149
0.908197
0.910674
0.915699
0.922564
0.931316
0.942662
0.95478
0.966733
0.976162
0.984144
0.989982
0.993953
0.9963
0.997417
0.997756
0.997711
0.996982
0.994165
0.990905
0.989423
0.989217
0.989776
0.992275
0.993147
0.992474
0.989654
0.973906
1
1
1
1
1
1
1
1
1
1
1
1
1
1
1
1
1
1
1
1
1
1
1
1
1
1
1
1
1
1
1
1
1
1
1
1
1
1
1
1
1
1
1
1
1
1
1
1
1
1
1
1
1
1
1
1
1
1
1
1
1
1
1
1
1
1
1
1
1
1
1
1
1
1
1
1
1
1
1
1
1
1
1
1
1
1
1
1
1
1
1
1
1
1
1
1
1
1
1
1
0.999999
0.999999
0.999999
0.999997
0.999994
0.999986
0.999969
0.999955
0.999904
0.999446
0.997776
0.997262
0.996989
0.996998
0.997205
0.997823
0.998738
0.999258
0.999514
0.999684
0.999763
0.999768
0.999723
0.999322
0.996788
0.983309
0.962898
0.948212
0.922302
0.90153
0.904725
0.937957
0.968671
0.978958
0.982027
0.981818
0.976869
0.96472
0.963503
0.958465
0.936351
0.918255
0.971582
0.986493
0.987412
0.984147
0.978179
0.973692
0.970403
0.967123
0.96396
0.961114
0.959954
0.960256
0.961211
0.964612
0.969147
0.973747
0.978969
0.983906
0.988121
0.991586
0.994196
0.995935
0.996919
0.997359
0.997453
0.997167
0.995769
0.992482
0.989761
0.988708
0.988711
0.990016
0.991312
0.990896
0.987966
0.977146
0.96249
0.918433
1
1
1
1
1
1
1
1
1
1
1
1
1
1
1
1
1
1
1
1
1
1
1
1
1
1
1
1
1
1
1
1
1
1
1
1
1
1
1
1
1
1
1
1
1
1
1
1
1
1
1
1
1
1
1
1
1
1
1
1
1
1
1
1
1
1
1
1
1
1
1
1
1
1
1
1
1
1
1
1
1
1
1
1
1
1
1
1
1
1
1
1
1
1
0.999999
0.999999
0.999998
0.999997
0.999996
0.999995
0.999994
0.999991
0.999985
0.999964
0.999941
0.999875
0.999795
0.999765
0.999564
0.997342
0.996694
0.997095
0.996933
0.996857
0.997017
0.997649
0.998436
0.99893
0.999287
0.999525
0.999597
0.999592
0.999508
0.998989
0.99628
0.983713
0.959265
0.94718
0.935825
0.907994
0.89528
0.903386
0.94024
0.961911
0.970656
0.969554
0.949119
0.940088
0.948876
0.947395
0.929924
0.908453
0.94884
0.984218
0.988503
0.989325
0.988886
0.988192
0.987811
0.987445
0.986788
0.985975
0.985715
0.986192
0.986619
0.987403
0.989314
0.990969
0.992335
0.993971
0.995034
0.995876
0.996423
0.996721
0.996825
0.996526
0.995358
0.992901
0.990171
0.988586
0.988189
0.988573
0.989565
0.989306
0.986484
0.977078
0.954338
0.908103
0.876979
0.797726
1
1
1
1
1
1
1
1
1
1
1
1
1
1
1
1
1
1
1
1
1
1
1
1
1
1
1
1
1
1
1
1
1
1
1
1
1
1
1
1
1
1
1
1
1
1
1
1
1
1
1
1
1
1
1
1
1
1
1
1
1
1
1
1
1
1
1
1
1
1
1
1
1
1
1
1
1
1
1
1
1
1
1
1
1
1
1
1
1
1
0.999999
0.999997
0.999995
0.999991
0.999987
0.999978
0.999971
0.999958
0.999953
0.999951
0.999944
0.999925
0.999853
0.999675
0.999549
0.999195
0.999048
0.999102
0.997944
0.995277
0.996296
0.997465
0.997241
0.996989
0.997216
0.997867
0.998517
0.998981
0.999303
0.999424
0.999419
0.999332
0.999014
0.998004
0.994497
0.981145
0.957048
0.943356
0.935924
0.918931
0.891171
0.884725
0.895077
0.927535
0.944433
0.93683
0.893158
0.889589
0.918002
0.923251
0.907868
0.892226
0.91812
0.973545
0.986145
0.989581
0.990733
0.991273
0.991857
0.992434
0.992653
0.992769
0.992867
0.99321
0.99339
0.993608
0.994189
0.994607
0.994886
0.995262
0.995452
0.995596
0.995478
0.994998
0.993974
0.992307
0.990456
0.988956
0.987874
0.987401
0.987129
0.986493
0.983437
0.972959
0.944545
0.890232
0.827407
0.757928
0.715661
0.617199
1
1
1
1
1
1
1
1
1
1
1
1
1
1
1
1
1
1
1
1
1
1
1
1
1
1
1
1
1
1
1
1
1
1
1
1
1
1
1
1
1
1
1
1
1
1
1
1
1
1
1
1
1
1
1
1
1
1
1
1
1
1
1
1
1
1
1
1
1
1
1
1
1
1
1
1
1
1
1
1
1
1
1
1
1
1
0.999999
0.999998
0.999994
0.999986
0.999965
0.999932
0.999891
0.999842
0.999792
0.999726
0.99967
0.999614
0.999619
0.99963
0.999607
0.999392
0.998545
0.997864
0.997575
0.997069
0.997172
0.997117
0.994983
0.994062
0.995538
0.997304
0.997824
0.997878
0.998074
0.998479
0.998825
0.999072
0.999135
0.998991
0.998425
0.997046
0.995188
0.992157
0.985086
0.966915
0.946885
0.936374
0.9316
0.922904
0.895717
0.86926
0.863191
0.871686
0.881439
0.859527
0.813087
0.816731
0.864529
0.88197
0.867982
0.865752
0.882629
0.948707
0.977077
0.984529
0.987777
0.989301
0.990246
0.991014
0.991588
0.992044
0.992322
0.992596
0.992747
0.992905
0.993071
0.993149
0.993067
0.992875
0.992455
0.991749
0.990701
0.989371
0.98769
0.986104
0.984403
0.983007
0.981262
0.978131
0.971323
0.956561
0.918579
0.850465
0.763363
0.683748
0.612268
0.555668
0.520354
0.436599
1
1
1
1
1
1
1
1
1
1
1
1
1
1
1
1
1
1
1
1
1
1
1
1
1
1
1
1
1
1
1
1
1
1
1
1
1
1
1
1
1
1
1
1
1
1
1
1
1
1
1
1
1
1
1
1
1
1
1
1
1
1
1
1
1
1
1
1
1
1
1
1
1
1
1
1
1
1
1
1
1
1
1
1
0.999998
0.999989
0.999965
0.999912
0.999821
0.999616
0.99918
0.998755
0.998432
0.998112
0.997953
0.997858
0.997655
0.99768
0.997872
0.998311
0.99795
0.994153
0.994363
0.995503
0.995956
0.995895
0.995783
0.995188
0.993908
0.992518
0.9923
0.994816
0.996946
0.997918
0.998037
0.998157
0.998042
0.997362
0.995569
0.992338
0.985018
0.976777
0.97145
0.966472
0.955634
0.938328
0.924179
0.919312
0.916324
0.908909
0.884684
0.849505
0.827611
0.824047
0.815685
0.789406
0.785027
0.789528
0.832767
0.844916
0.835636
0.836211
0.852952
0.925478
0.965403
0.972922
0.976996
0.979173
0.980587
0.981608
0.982536
0.983476
0.98405
0.984363
0.984469
0.984308
0.983986
0.983425
0.982751
0.981662
0.980068
0.978282
0.97532
0.972108
0.966649
0.961109
0.951505
0.941533
0.920948
0.89023
0.830245
0.752656
0.657621
0.574452
0.508882
0.464259
0.42949
0.397884
0.370629
0.303003
1
1
1
1
1
1
1
1
1
1
1
1
1
1
1
1
1
1
1
1
1
1
1
1
1
1
1
1
1
1
1
1
1
1
1
1
1
1
1
1
1
1
1
1
1
1
1
1
1
1
1
1
1
1
1
1
1
1
1
1
1
1
1
1
1
1
1
1
1
1
1
1
1
1
1
1
1
1
1
1
1
1
0.999999
0.999991
0.999928
0.999629
0.999275
0.998938
0.998084
0.9954
0.993394
0.992977
0.993001
0.993416
0.993955
0.994399
0.994734
0.995002
0.995117
0.994873
0.993125
0.992355
0.994366
0.995284
0.995403
0.995355
0.995199
0.994789
0.993913
0.992232
0.990277
0.989205
0.988839
0.988614
0.988016
0.985967
0.982307
0.97711
0.970856
0.964713
0.959342
0.95453
0.945647
0.923886
0.898005
0.878525
0.866906
0.860139
0.848404
0.822923
0.801186
0.783354
0.774714
0.772513
0.771174
0.77172
0.785567
0.797906
0.828063
0.828373
0.823755
0.825814
0.852912
0.92513
0.961082
0.967685
0.967453
0.966599
0.965624
0.964538
0.963303
0.962313
0.961661
0.960693
0.959299
0.957355
0.954941
0.951537
0.948363
0.944184
0.936423
0.928352
0.913247
0.896103
0.867349
0.835007
0.787643
0.738327
0.676591
0.620414
0.560175
0.512306
0.464432
0.430133
0.397777
0.371651
0.346994
0.316209
0.292025
0.228519
0.333396
0.407905
0.423137
0.418132
0.409155
0.397394
0.383548
0.37182
0.358507
0.340814
0.323348
0.306165
0.288327
0.266914
0.243485
0.216812
0.190223
0.163027
0.13829
0.114864
0.0934186
0.075052
0.0561613
0.0440533
0.0277012
0.871255
0.876203
0.877768
0.876387
0.873275
0.867224
0.855498
0.839572
0.821715
0.800445
0.776939
0.752489
0.73011
0.710177
0.698355
0.691871
0.688077
0.68311
0.669327
0.650676
0.600901
0.55665
0.456397
0.400424
0.26833
0.944508
0.947067
0.950508
0.952881
0.954077
0.954517
0.954302
0.952319
0.947408
0.938346
0.922617
0.900445
0.876905
0.857755
0.846263
0.841701
0.841098
0.841935
0.844283
0.85062
0.858388
0.861841
0.8607
0.847257
0.740678
0.941
0.945961
0.951309
0.956229
0.959719
0.961998
0.963304
0.963779
0.963703
0.962746
0.958971
0.94668
0.924557
0.902651
0.885709
0.875612
0.87152
0.871
0.8722
0.879151
0.901485
0.922714
0.93382
0.936225
0.913359
0.937538
0.939454
0.941839
0.946269
0.952729
0.958645
0.962494
0.964497
0.965079
0.965
0.964023
0.959861
0.945775
0.923864
0.904076
0.889218
0.880318
0.876699
0.876302
0.877867
0.887416
0.916837
0.942908
0.95684
0.95291
0.940712
0.941165
0.941726
0.943288
0.947488
0.954151
0.960525
0.964282
0.965661
0.965755
0.965087
0.961774
0.951247
0.93442
0.916165
0.899456
0.886877
0.879634
0.87715
0.877196
0.880131
0.895585
0.929771
0.957375
0.964153
0.949137
0.94954
0.949172
0.948541
0.948804
0.951977
0.95989
0.965422
0.967565
0.967699
0.966541
0.960716
0.949528
0.937184
0.922612
0.907022
0.893251
0.883825
0.879552
0.8789
0.880275
0.88936
0.919022
0.952533
0.969333
0.962594
0.962426
0.96125
0.958351
0.956968
0.957105
0.960263
0.967276
0.970266
0.970431
0.96846
0.958858
0.946241
0.93598
0.924703
0.911552
0.89851
0.88859
0.88354
0.882477
0.883422
0.890502
0.91636
0.949139
0.972352
0.979462
0.979204
0.977395
0.971737
0.967327
0.96602
0.966438
0.969928
0.972868
0.972977
0.970553
0.959131
0.945421
0.935185
0.925042
0.913496
0.901846
0.892797
0.888168
0.887244
0.888248
0.895478
0.921133
0.950079
0.975125
0.98955
0.989631
0.988954
0.985341
0.978303
0.974649
0.973976
0.974627
0.975756
0.975553
0.972689
0.960989
0.94767
0.936847
0.925959
0.914409
0.903645
0.895886
0.892325
0.891872
0.893391
0.902825
0.93091
0.955471
0.978743
0.994172
0.994654
0.994438
0.992955
0.987106
0.981718
0.979821
0.979618
0.979587
0.979099
0.975815
0.964879
0.953495
0.942376
0.929932
0.917084
0.906079
0.898919
0.896086
0.895964
0.898211
0.910534
0.939698
0.960838
0.981753
0.996103
0.99706
0.997075
0.996537
0.993444
0.987659
0.984635
0.983708
0.983319
0.982391
0.978474
0.968093
0.959945
0.951477
0.939532
0.925106
0.911975
0.90335
0.899944
0.899765
0.902219
0.915476
0.944196
0.963742
0.983383
0.99673
0.998096
0.998321
0.998144
0.996802
0.992164
0.988557
0.987159
0.986566
0.985471
0.98168
0.971034
0.964392
0.960922
0.954696
0.940719
0.924042
0.911406
0.905604
0.904757
0.906667
0.918211
0.946068
0.965124
0.984231
0.996823
0.99847
0.998908
0.998877
0.99828
0.995321
0.991645
0.989957
0.98923
0.988126
0.984878
0.975973
0.969653
0.967083
0.965047
0.960141
0.944622
0.925993
0.915841
0.913312
0.914358
0.922804
0.947994
0.966757
0.985167
0.996686
0.998544
0.999171
0.999227
0.998964
0.997279
0.993982
0.992199
0.991395
0.990304
0.987246
0.980187
0.975581
0.973887
0.97319
0.97174
0.966151
0.947943
0.933245
0.928355
0.928541
0.933686
0.953275
0.970431
0.986957
0.996325
0.998465
0.99926
0.999408
0.99929
0.998359
0.995688
0.993971
0.993168
0.992092
0.989017
0.984058
0.981308
0.980558
0.98051
0.980317
0.978622
0.96925
0.954334
0.948165
0.947721
0.950299
0.962824
0.976416
0.989659
0.995765
0.998262
0.999252
0.999496
0.999451
0.998899
0.996871
0.995317
0.99458
0.993474
0.990469
0.987472
0.986383
0.986358
0.986731
0.986886
0.98633
0.982256
0.971456
0.965941
0.965206
0.966422
0.973449
0.982927
0.992529
0.995136
0.997995
0.999191
0.999534
0.999532
0.99918
0.997645
0.996376
0.995707
0.994347
0.991967
0.990546
0.990289
0.990478
0.99133
0.991722
0.99152
0.989613
0.983112
0.979042
0.978356
0.978918
0.982584
0.988594
0.995009
0.994833
0.997847
0.999147
0.999557
0.999582
0.999328
0.998167
0.99733
0.996461
0.994907
0.993517
0.993009
0.993026
0.993433
0.99447
0.994862
0.994787
0.993825
0.990184
0.987676
0.987218
0.987488
0.989357
0.992906
0.996895
0.99476
0.997804
0.999136
0.999578
0.999621
0.999438
0.998701
0.99788
0.996822
0.995646
0.994929
0.994789
0.994893
0.995529
0.996459
0.996797
0.996774
0.99627
0.994335
0.993032
0.992808
0.992952
0.993919
0.995891
0.9982
0.994876
0.997847
0.999155
0.999604
0.999665
0.999564
0.999039
0.998161
0.997224
0.996434
0.996071
0.996044
0.996196
0.996904
0.99768
0.997976
0.997981
0.997731
0.996784
0.99622
0.996149
0.996237
0.996759
0.99779
0.99903
0.995148
0.997967
0.999202
0.999637
0.999708
0.999639
0.999218
0.998417
0.997681
0.997158
0.996962
0.996966
0.997129
0.997776
0.998426
0.998705
0.998734
0.998627
0.998226
0.998032
0.998026
0.99809
0.998395
0.998897
0.999513
0.995454
0.998108
0.999261
0.99967
0.999743
0.999688
0.999336
0.998683
0.998135
0.997782
0.997666
0.997678
0.997823
0.998351
0.998891
0.999162
0.999218
0.999184
0.999048
0.999003
0.999014
0.999074
0.999263
0.999487
0.999771
0.995788
0.998262
0.999326
0.999703
0.999773
0.999729
0.999442
0.998936
0.998536
0.998294
0.998223
0.998236
0.998356
0.998764
0.999191
0.999442
0.999523
0.999523
0.999501
0.999499
0.999517
0.999585
0.999678
0.999775
0.999898
0.996167
0.998434
0.999396
0.999737
0.999802
0.999768
0.999539
0.999158
0.998872
0.998708
0.998662
0.998674
0.998768
0.999078
0.999403
0.999614
0.999708
0.99973
0.999735
0.999744
0.999776
0.999829
0.999864
0.999907
0.999957
0.996571
0.998614
0.99947
0.999771
0.99983
0.999804
0.999625
0.999346
0.999147
0.999037
0.999008
0.999016
0.999084
0.999316
0.999566
0.999731
0.999811
0.999836
0.999849
0.999877
0.99991
0.999934
0.999946
0.999965
0.999982
0.996978
0.998792
0.999541
0.999804
0.999857
0.999838
0.999702
0.999501
0.999366
0.999294
0.999274
0.99928
0.999325
0.999493
0.999688
0.999813
0.999873
0.999899
0.999921
0.999945
0.999963
0.999974
0.99998
0.999988
0.999993
0.997407
0.998976
0.999615
0.999837
0.999883
0.999871
0.999774
0.999636
0.999548
0.999502
0.999489
0.999492
0.99952
0.999638
0.999782
0.999873
0.99992
0.999944
0.999962
0.999976
0.999986
0.999991
0.999993
0.999996
0.999997
0.997829
0.999152
0.999684
0.999868
0.999909
0.999902
0.999837
0.999742
0.999684
0.999654
0.999644
0.999645
0.999664
0.999747
0.999853
0.999918
0.999952
0.999971
0.999982
0.99999
0.999994
0.999997
0.999998
0.999999
0.999999
0.998206
0.999306
0.999743
0.999895
0.999931
0.999928
0.999886
0.999815
0.999771
0.999748
0.999741
0.999742
0.999757
0.999824
0.999902
0.999948
0.999972
0.999984
0.999991
0.999996
0.999998
0.999999
0.999999
1
0.999999
0.998544
0.99944
0.999794
0.999917
0.999947
0.999945
0.999915
0.999858
0.999821
0.999803
0.999797
0.999799
0.999817
0.99988
0.999936
0.999967
0.999983
0.999991
0.999996
0.999998
0.999999
0.999999
1
1
1
0.998847
0.999558
0.999836
0.999931
0.999953
0.999951
0.999924
0.999874
0.999844
0.999832
0.999829
0.999833
0.999861
0.999919
0.999958
0.999979
0.99999
0.999995
0.999998
0.999999
1
1
1
1
1
0.999118
0.999661
0.99987
0.999939
0.999954
0.99995
0.999918
0.999875
0.999853
0.999847
0.999847
0.999858
0.9999
0.999945
0.999972
0.999987
0.999994
0.999997
0.999999
0.999999
1
1
1
1
1
0.999351
0.999745
0.999891
0.999936
0.999943
0.999934
0.999896
0.999866
0.999854
0.999853
0.999858
0.999883
0.999929
0.999962
0.999981
0.999991
0.999996
0.999998
0.999999
1
1
1
1
1
1
0.999535
0.999799
0.999891
0.999913
0.999912
0.999888
0.999857
0.999845
0.999844
0.999847
0.999868
0.999913
0.999949
0.999972
0.999986
0.999994
0.999997
0.999999
0.999999
1
1
1
1
1
1
0.999648
0.999804
0.999846
0.999847
0.999827
0.999798
0.999791
0.999792
0.999802
0.999839
0.999891
0.999932
0.999961
0.999979
0.99999
0.999995
0.999998
0.999999
0.999999
1
1
1
1
1
1
0.99965
0.999706
0.999703
0.999663
0.999633
0.99963
0.99964
0.999689
0.999776
0.999848
0.999903
0.999942
0.999967
0.999983
0.999991
0.999996
0.999998
0.999999
0.999999
0.999999
0.999999
1
1
1
0.999999
0.999449
0.999415
0.999304
0.99926
0.999262
0.999313
0.999479
0.999638
0.999758
0.999846
0.999906
0.999946
0.999971
0.999984
0.999992
0.999995
0.999997
0.999998
0.999999
0.999999
0.999999
0.999999
0.999999
0.999999
0.999999
0.998924
0.99866
0.998569
0.998574
0.998702
0.999065
0.999369
0.999587
0.999737
0.999839
0.999906
0.999947
0.999972
0.999984
0.999991
0.999994
0.999996
0.999997
0.999997
0.999997
0.999998
0.999998
0.999998
0.999998
0.999998
0.997766
0.997605
0.997611
0.997822
0.998423
0.998931
0.999295
0.999548
0.999719
0.999832
0.999904
0.999948
0.999972
0.999984
0.999989
0.999992
0.999993
0.999994
0.999994
0.999995
0.999995
0.999996
0.999996
0.999996
0.999996
0.996533
0.996537
0.996788
0.997603
0.998349
0.998892
0.999277
0.999541
0.999718
0.999834
0.999906
0.999949
0.999972
0.999982
0.999986
0.999987
0.999988
0.999988
0.999988
0.999989
0.99999
0.999991
0.999992
0.999992
0.999991
0.995442
0.995671
0.99659
0.997611
0.998368
0.998913
0.999296
0.999559
0.999733
0.999845
0.999914
0.999953
0.999972
0.999979
0.99998
0.99998
0.999978
0.999977
0.999977
0.999978
0.99998
0.999982
0.999982
0.999982
0.99998
0.994602
0.995454
0.99674
0.997738
0.998469
0.998993
0.99936
0.999609
0.999769
0.999869
0.999926
0.999957
0.99997
0.999973
0.999972
0.999966
0.999958
0.999955
0.999955
0.999956
0.999959
0.999962
0.999963
0.999962
0.999955
0.994354
0.995818
0.997073
0.998003
0.998673
0.999148
0.999472
0.999684
0.999815
0.999893
0.999936
0.999956
0.999962
0.999962
0.999957
0.99994
0.999923
0.999914
0.999912
0.999912
0.999916
0.999921
0.999923
0.99992
0.999908
0.994862
0.996417
0.997551
0.998367
0.998945
0.99934
0.999598
0.999759
0.999854
0.999907
0.999933
0.999941
0.999941
0.999936
0.999918
0.999886
0.999852
0.999828
0.99982
0.99982
0.999825
0.999834
0.999837
0.999832
0.999817
0.995832
0.997175
0.998131
0.998794
0.999239
0.999527
0.999707
0.999813
0.99987
0.999896
0.999902
0.999899
0.999873
0.999843
0.999821
0.999772
0.999698
0.99964
0.999617
0.999616
0.999623
0.999642
0.999653
0.999649
0.999646
0.996924
0.997938
0.998648
0.999124
0.999432
0.999629
0.999747
0.999809
0.999832
0.999834
0.999821
0.999753
0.999657
0.999608
0.999572
0.999483
0.999328
0.999207
0.999159
0.999157
0.99917
0.999215
0.999267
0.999284
0.999308
0.997501
0.998251
0.99877
0.99914
0.999396
0.999552
0.999627
0.99965
0.999649
0.999613
0.999462
0.999259
0.99913
0.999061
0.99894
0.998702
0.998422
0.998233
0.99817
0.998174
0.998207
0.99833
0.998485
0.998539
0.998624
0.996982
0.997638
0.998104
0.998463
0.9987
0.99881
0.998846
0.998847
0.99879
0.99854
0.998195
0.997942
0.99776
0.997545
0.997199
0.996758
0.996375
0.996184
0.996153
0.996184
0.99629
0.996625
0.996895
0.99696
0.996906
0.99303
0.993727
0.99424
0.994715
0.995081
0.995262
0.995328
0.995329
0.99515
0.994714
0.994384
0.994146
0.993806
0.99329
0.992666
0.992112
0.991778
0.991692
0.99172
0.991829
0.992113
0.992538
0.992536
0.992371
0.99117
0.976262
0.977871
0.97943
0.980717
0.981763
0.982607
0.983154
0.983397
0.983407
0.983378
0.983409
0.98332
0.982759
0.982013
0.981279
0.980832
0.980568
0.98053
0.980522
0.980631
0.98046
0.980305
0.978536
0.976988
0.971638
0.924763
0.932039
0.937867
0.942011
0.945261
0.948082
0.950204
0.951706
0.953133
0.954509
0.955261
0.955482
0.954864
0.95426
0.953069
0.952845
0.951708
0.951489
0.950006
0.949333
0.946123
0.943739
0.935614
0.930786
0.917283
0.81551
0.833898
0.848329
0.858807
0.867081
0.873971
0.879155
0.883402
0.887375
0.890698
0.892027
0.892354
0.891184
0.890325
0.887315
0.886203
0.882352
0.880475
0.874473
0.870832
0.859926
0.852948
0.83473
0.82565
0.802764
0.649638
0.681323
0.70453
0.719533
0.731223
0.741408
0.749322
0.756625
0.763234
0.767222
0.7682
0.768064
0.76526
0.763001
0.756968
0.753858
0.745732
0.740933
0.728685
0.720928
0.701808
0.690786
0.667424
0.656166
0.629009
0.476784
0.512905
0.535265
0.547712
0.557327
0.564571
0.571138
0.578265
0.583502
0.585476
0.585554
0.584873
0.581824
0.57897
0.572736
0.568447
0.558585
0.551909
0.537064
0.527904
0.508471
0.497878
0.476786
0.465974
0.441117
0.325249
0.351688
0.365128
0.374582
0.383535
0.391826
0.400609
0.408879
0.41439
0.416854
0.417381
0.41712
0.416154
0.41392
0.407971
0.402634
0.391968
0.385133
0.371471
0.363352
0.347607
0.338849
0.322216
0.313318
0.293375
0.232059
0.245981
0.261964
0.27701
0.29087
0.304161
0.315667
0.323414
0.327635
0.329646
0.330325
0.330089
0.328421
0.324056
0.316288
0.310472
0.300202
0.29384
0.281551
0.274718
0.261449
0.254222
0.240572
0.233447
0.216751
)
;

boundaryField
{
    inlet
    {
        type            fixedValue;
        value           uniform 1;
    }
    outlet
    {
        type            inletOutlet;
        inletValue      uniform 0;
        value           nonuniform List<scalar> 
57
(
0.0277012
0.26833
0.740678
0.913359
0.95291
0.964153
0.969333
0.972352
0.975125
0.978743
0.981753
0.983383
0.984231
0.985167
0.986957
0.989659
0.992529
0.995009
0.996895
0.9982
0.99903
0.999513
0.999771
0.999898
0.999957
0.999982
0.999993
0.999997
0.999999
0.999999
1
1
1
1
1
1
0.999999
0.999999
0.999998
0.999996
0.999991
0.99998
0.999955
0.999908
0.999817
0.999646
0.999308
0.998624
0.996906
0.99117
0.971638
0.917283
0.802764
0.629009
0.441117
0.293375
0.216751
)
;
    }
    upperWall
    {
        type            zeroGradient;
    }
    lowerWall
    {
        type            zeroGradient;
    }
    frontAndBack
    {
        type            empty;
    }
}


// ************************************************************************* //
