/*--------------------------------*- C++ -*----------------------------------*\
  =========                 |
  \\      /  F ield         | OpenFOAM: The Open Source CFD Toolbox
   \\    /   O peration     | Website:  https://openfoam.org
    \\  /    A nd           | Version:  9
     \\/     M anipulation  |
\*---------------------------------------------------------------------------*/
FoamFile
{
    format      ascii;
    class       volScalarField;
    location    "0.015";
    object      pPrime2Mean;
}
// * * * * * * * * * * * * * * * * * * * * * * * * * * * * * * * * * * * * * //

dimensions      [0 4 -4 0 0 0 0];

internalField   nonuniform List<scalar> 
12225
(
316110
312902
309202
305267
301215
297122
293038
288995
285010
281091
277238
273443
269693
265964
262219
258401
254386
249903
316149
312931
309223
305284
301229
297134
293049
289005
285020
281102
277250
273457
269711
265987
262253
258454
254493
250185
316270
312995
309270
305322
301260
297161
293073
289027
285042
281125
277276
273488
269749
266039
262327
258570
254703
250664
316463
313100
309349
305385
301312
297205
293112
289064
285079
281164
277319
273539
269813
266123
262445
258750
255007
251230
316641
313250
309466
305479
301389
297270
293170
289119
285133
281221
277383
273614
269905
266243
262611
258992
255386
251840
316901
313452
309627
305607
301495
297360
293250
289194
285207
281299
277469
273715
270029
266402
262825
259293
255822
252473
317268
313720
309836
305777
301635
297480
293356
289293
285305
281401
277582
273846
270188
266603
263087
259647
256305
253117
317680
314060
310110
305997
301815
297632
293491
289419
285429
281531
277725
274010
270385
266846
263397
260047
256823
253769
318213
314482
310449
306269
302039
297823
293660
289576
285584
281691
277899
274209
270620
267131
263750
260488
257369
254427
318829
315008
310870
306607
302316
298055
293865
289766
285771
281885
278109
274446
270894
267458
264144
260964
257938
255090
319556
315641
311381
307015
302648
298337
294113
289996
285995
282115
278356
274720
271209
267825
264575
261470
258526
255758
320455
316362
311945
307462
303010
298640
294380
290243
286235
282360
278617
275008
271532
268195
265001
261959
259080
256373
321578
317199
312591
307969
303419
298984
294681
290522
286505
282634
278906
275322
271882
268589
265446
262461
259639
256985
323075
318343
313449
308635
303953
299431
295072
290881
286853
282984
279273
275717
272316
269070
265981
263052
260286
257685
325219
319852
314564
309489
304636
299999
295571
291339
287294
283428
279734
276207
272846
269648
266613
263739
261028
258476
328244
321843
315983
310561
305484
300708
296193
291910
287843
283977
280300
276803
273481
270330
267346
264525
261864
259357
331570
324149
317622
311799
306474
301540
296928
292592
288502
284634
280972
277504
274220
271113
268176
265403
262787
260321
334637
326306
319223
313046
307498
302425
297729
293349
289241
285377
281733
278294
275047
271981
269086
266354
263777
261347
336561
327630
320284
313959
308321
303196
298476
294090
289990
286146
282530
279125
275915
272888
270032
267337
264795
262395
334730
326883
320039
313985
308514
303499
298857
294531
290482
286680
283105
279738
276563
273568
270742
268074
265556
263177
332460
325592
319344
313651
308405
303538
298996
294744
290751
286995
283456
280119
276971
274000
271195
268547
266044
263680
330411
324290
318542
313192
308172
303457
299022
294844
290907
287193
283688
280379
277254
274302
271514
268879
266389
264034
328529
323124
317821
312750
307922
303340
298997
294885
290996
287318
283841
280555
277448
274511
271735
269111
266629
264282
327226
322220
317223
312375
307703
303224
298955
294897
291046
287397
283942
280673
277580
274655
271888
269271
266796
264455
326209
321507
316761
312086
307526
303129
298915
294896
291074
287447
284008
280751
277669
274752
271992
269381
266910
264573
325315
320974
316425
311871
307396
303056
298882
294892
291090
287478
284051
280803
277728
274816
272061
269454
266986
264651
324697
320592
316191
311727
307308
303006
298859
294887
291099
287497
284077
280836
277765
274857
272105
269501
267035
264702
324267
320350
316044
311635
307252
302974
298843
294883
291104
287508
284093
280855
277787
274882
272132
269529
267065
264733
323984
320209
315963
311585
307222
302956
298835
294881
291106
287514
284102
280866
277799
274896
272146
269544
267081
264749
323826
320150
315929
311564
307209
302949
298831
294880
291107
287516
284105
280870
277804
274901
272152
269551
267088
264756
211441
211424
211389
211338
211268
211180
211073
210948
210804
210640
210457
210255
210033
209790
209528
209246
208943
208621
208278
207915
207532
207128
206704
206260
205796
205312
204809
204287
203747
203189
202613
202022
201416
200796
200163
199518
198862
198196
197519
196832
196133
195422
194697
193955
193196
192418
191618
190796
189950
189082
188190
187277
186341
185386
184412
183420
182413
181391
180357
179311
178256
177193
176121
175043
173958
172867
171770
170668
169559
168445
167324
166198
165065
163926
162781
161630
160472
159308
158137
156960
155776
154586
153389
152185
150976
149760
148538
147310
146075
144835
143589
142338
141081
139818
138550
137277
135999
134716
133428
132135
130838
129536
128230
126920
125605
124287
122964
121638
120308
118975
117638
116299
114955
113609
112261
110909
109555
108198
106839
105478
104115
102750
101384
100015
98645.7
97274.7
95902.5
94529.3
93155.4
91780.8
90405.6
89030.2
87654.7
86279.1
84903.8
83528.9
82154.6
80781
79408.5
78037.1
76667
75298.6
73931.9
72567.3
71204.9
69844.8
68487.5
67133
65781.6
64433.6
63089.2
61748.6
60412.1
59080
57752.5
56429.9
55112.5
53800.6
52494.5
51194.4
49900.7
48613.8
47333.8
46061.2
44796.4
43539.6
42291.4
41052
39821.9
38601.6
37391.5
36192.3
35004.5
33828.8
32666.1
31517.3
30383.9
29267.8
28172.7
27106.2
211517
211500
211466
211413
211343
211255
211148
211022
210876
210712
210528
210324
210101
209857
209593
209310
209005
208681
208336
207971
207586
207180
206754
206307
205841
205355
204849
204325
203782
203221
202644
202051
201442
200821
200186
199541
198884
198218
197541
196854
196156
195445
194720
193979
193221
192442
191642
190820
189974
189105
188213
187299
186363
185407
184432
183439
182431
181409
180373
179327
178271
177206
176134
175054
173969
172877
171780
170676
169567
168452
167331
166204
165071
163932
162787
161635
160477
159312
158141
156963
155779
154589
153392
152188
150978
149762
148540
147312
146077
144837
143591
142339
141082
139820
138552
137278
136000
134717
133429
132136
130839
129537
128231
126920
125606
124287
122965
121639
120309
118976
117639
116299
114956
113610
112261
110909
109555
108198
106840
105478
104115
102750
101384
100015
98645.8
97274.7
95902.6
94529.4
93155.4
91780.8
90405.7
89030.3
87654.7
86279.2
84903.8
83528.9
82154.6
80781.1
79408.5
78037.1
76667.1
75298.6
73932
72567.3
71204.9
69844.8
68487.5
67133
65781.6
64433.6
63089.2
61748.6
60412.1
59080
57752.5
56429.9
55112.5
53800.6
52494.5
51194.4
49900.7
48613.7
47333.8
46061.2
44796.4
43539.6
42291.3
41051.9
39821.8
38601.5
37391.4
36192.1
35004.2
33828.4
32665.6
31516.6
30382.9
29266.5
28170.3
27101.1
211670
211653
211618
211565
211494
211404
211296
211168
211022
210855
210669
210463
210237
209990
209724
209437
209129
208801
208453
208084
207694
207284
206853
206403
205932
205441
204931
204402
203855
203290
202708
202110
201498
200872
200235
199586
198927
198259
197581
196894
196197
195487
194763
194024
193267
192489
191690
190868
190022
189152
188259
187343
186406
185448
184471
183477
182468
181444
180407
179358
178300
177233
176159
175078
173991
172897
171798
170694
169583
168467
167345
166217
165083
163943
162797
161645
160486
159321
158149
156971
155786
154595
153398
152194
150984
149767
148545
147316
146081
144841
143594
142343
141085
139822
138554
137281
136002
134719
133431
132138
130840
129539
128232
126922
125607
124288
122966
121640
120310
118976
117639
116299
114956
113610
112261
110910
109555
108199
106840
105479
104116
102751
101384
100016
98645.9
97274.9
95902.7
94529.5
93155.5
91780.9
90405.7
89030.3
87654.7
86279.2
84903.9
83529
82154.6
80781.1
79408.5
78037.1
76667.1
75298.6
73932
72567.3
71204.9
69844.9
68487.5
67133
65781.6
64433.6
63089.2
61748.6
60412.1
59080
57752.5
56429.9
55112.5
53800.6
52494.5
51194.4
49900.7
48613.7
47333.7
46061.1
44796.3
43539.5
42291.2
41051.7
39821.6
38601.2
37391
36191.6
35003.6
33827.6
32664.5
31515.2
30380.9
29263.6
28165.5
27091
211900
211882
211846
211792
211720
211628
211518
211388
211238
211069
210880
210670
210440
210190
209919
209627
209314
208981
208627
208253
207857
207441
207004
206547
206070
205572
205055
204519
203964
203392
202802
202197
201578
200946
200303
199649
198986
198316
197637
196950
196253
195546
194825
194089
193334
192559
191761
190939
190093
189222
188327
187409
186469
185509
184531
183535
182523
181497
180457
179406
178345
177275
176198
175114
174024
172928
171827
170720
169607
168489
167365
166236
165101
163960
162812
161659
160499
159333
158161
156982
155797
154605
153407
152202
150992
149775
148552
147322
146087
144846
143600
142347
141090
139826
138558
137284
136006
134722
133434
132141
130843
129541
128234
126924
125609
124290
122967
121641
120311
118977
117640
116300
114957
113611
112262
110910
109556
108199
106840
105479
104116
102751
101384
100016
98646.1
97275.1
95902.9
94529.7
93155.7
91781
90405.9
89030.4
87654.8
86279.3
84903.9
83529
82154.7
80781.1
79408.5
78037.1
76667.1
75298.7
73932
72567.4
71204.9
69844.9
68487.5
67133
65781.7
64433.6
63089.2
61748.6
60412.1
59080
57752.5
56429.9
55112.5
53800.6
52494.5
51194.4
49900.7
48613.6
47333.7
46061
44796.1
43539.3
42291
41051.5
39821.2
38600.8
37390.5
36190.9
35002.7
33826.5
32662.9
31513.1
30378
29259.2
28158.5
27078.1
212207
212188
212151
212096
212022
211928
211815
211682
211529
211355
211161
210947
210712
210456
210179
209881
209562
209222
208861
208479
208076
207652
207207
206741
206254
205747
205220
204674
204108
203524
202923
202307
201677
201035
200383
199723
199054
198380
197700
197013
196319
195615
194899
194168
193418
192647
191852
191031
190184
189312
188414
187493
186551
185588
184608
183610
182596
181567
180526
179471
178406
177332
176250
175162
174068
172969
171865
170755
169639
168519
167393
166261
165124
163982
162833
161678
160517
159350
158177
156997
155811
154618
153419
152214
151002
149785
148561
147331
146095
144854
143606
142354
141095
139832
138563
137289
136010
134726
133437
132144
130846
129544
128237
126926
125611
124292
122969
121643
120312
118979
117642
116302
114958
113612
112263
110911
109557
108200
106841
105480
104117
102751
101385
100016
98646.5
97275.3
95903.1
94529.9
93155.8
91781.2
90406
89030.5
87654.9
86279.4
84904
83529.1
82154.7
80781.2
79408.6
78037.2
76667.1
75298.7
73932.1
72567.4
71204.9
69844.9
68487.6
67133.1
65781.7
64433.7
63089.2
61748.6
60412.1
59080
57752.5
56429.9
55112.5
53800.6
52494.4
51194.3
49900.6
48613.6
47333.6
46060.9
44796
43539.1
42290.7
41051.1
39820.8
38600.2
37389.8
36190
35001.5
33824.9
32660.9
31510.3
30374.1
29253.7
28150
27064
212594
212574
212536
212479
212402
212305
212188
212051
211894
211715
211516
211295
211054
210791
210506
210201
209873
209525
209155
208763
208350
207916
207460
206983
206484
205964
205423
204862
204280
203681
203064
202432
201787
201132
200467
199796
199120
198440
197758
197071
196381
195683
194974
194251
193509
192744
191953
191134
190287
189413
188514
187590
186644
185679
184696
183697
182682
181652
180609
179552
178483
177404
176317
175224
174125
173022
171913
170798
169680
168556
167427
166293
165154
164009
162858
161702
160540
159371
158196
157015
155828
154634
153434
152228
151015
149797
148572
147341
146105
144863
143615
142362
141103
139839
138569
137295
136015
134731
133442
132148
130850
129547
128240
126929
125614
124294
122971
121645
120314
118980
117643
116303
114960
113613
112264
110912
109558
108201
106842
105480
104117
102752
101385
100017
98646.8
97275.7
95903.4
94530.1
93156.1
91781.4
90406.2
89030.7
87655
86279.5
84904.1
83529.2
82154.8
80781.2
79408.6
78037.2
76667.2
75298.8
73932.1
72567.4
71205
69845
68487.6
67133.1
65781.7
64433.7
63089.2
61748.6
60412.2
59080
57752.5
56429.9
55112.5
53800.6
52494.4
51194.3
49900.5
48613.5
47333.4
46060.8
44795.8
43538.9
42290.4
41050.7
39820.3
38599.5
37388.9
36188.9
35000.1
33823
32658.4
31507
30369.6
29247.2
28140.4
27049.5
213064
213043
213003
212944
212864
212763
212642
212499
212336
212151
211945
211717
211467
211195
210902
210586
210249
209890
209509
209105
208680
208233
207764
207272
206758
206221
205661
205079
204477
203856
203218
202565
201901
201227
200547
199861
199174
198486
197799
197113
196428
195739
195042
194331
193600
192845
192062
191247
190402
189526
188623
187695
186745
185777
184791
183790
182773
181743
180699
179642
178571
177488
176397
175298
174193
173084
171970
170851
169728
168600
167468
166331
165189
164041
162889
161730
160566
159396
158220
157037
155848
154653
153452
152244
151031
149811
148586
147354
146117
144874
143625
142371
141111
139847
138577
137302
136022
134737
133447
132153
130854
129551
128244
126933
125617
124297
122974
121647
120317
118983
117645
116305
114961
113615
112265
110913
109559
108202
106843
105481
104118
102753
101386
100017
98647.3
97276.1
95903.7
94530.4
93156.3
91781.6
90406.4
89030.8
87655.2
86279.6
84904.2
83529.3
82154.9
80781.3
79408.7
78037.3
76667.3
75298.8
73932.2
72567.5
71205.1
69845
68487.7
67133.1
65781.8
64433.7
63089.3
61748.7
60412.2
59080
57752.5
56429.9
55112.5
53800.5
52494.3
51194.2
49900.5
48613.4
47333.3
46060.6
44795.5
43538.6
42290
41050.2
39819.7
38598.7
37387.9
36187.6
34998.4
33820.8
32655.5
31503.2
30364.4
29240
28130.3
27034.9
213620
213599
213556
213494
213410
213304
213178
213029
212858
212666
212451
212213
211954
211671
211367
211040
210690
210318
209924
209507
209067
208604
208118
207608
207074
206515
205931
205324
204695
204047
203384
202706
202018
201321
200618
199912
199206
198506
197812
197128
196451
195778
195102
194412
193702
192964
192192
191384
190539
189660
188751
187816
186859
185884
184893
183889
182870
181838
180793
179735
178663
177579
176484
175380
174271
173156
172037
170913
169784
168652
167515
166374
165229
164079
162924
161763
160597
159425
158247
157062
155872
154675
153472
152264
151049
149828
148601
147368
146130
144886
143637
142382
141121
139856
138585
137310
136029
134744
133454
132159
130860
129556
128249
126937
125621
124301
122977
121650
120319
118985
117647
116307
114963
113616
112267
110915
109560
108203
106844
105482
104119
102753
101386
100018
98647.8
97276.5
95904.1
94530.8
93156.6
91781.9
90406.6
89031.1
87655.4
86279.8
84904.4
83529.4
82155
80781.4
79408.8
78037.4
76667.4
75298.9
73932.2
72567.6
71205.1
69845.1
68487.7
67133.2
65781.8
64433.8
63089.3
61748.7
60412.2
59080.1
57752.5
56429.9
55112.5
53800.5
52494.3
51194.2
49900.4
48613.3
47333.1
46060.4
44795.3
43538.2
42289.6
41049.7
39819
38597.8
37386.7
36186.1
34996.5
33818.4
32652.4
31499
30358.8
29232.4
28119.8
27020.6
214268
214245
214200
214134
214045
213934
213800
213644
213465
213262
213037
212788
212517
212222
211904
211563
211199
210812
210402
209969
209512
209031
208525
207993
207434
206848
206235
205598
204939
204262
203569
202861
202141
201410
200672
199932
199197
198474
197769
197087
196425
195777
195133
194479
193803
193093
192340
191542
190700
189817
188901
187956
186990
186006
185007
183996
182973
181938
180891
179832
178759
177673
176575
175468
174354
173235
172110
170981
169848
168710
167569
166423
165275
164121
162964
161801
160632
159457
158277
157091
155898
154700
153496
152285
151069
149847
148619
147385
146145
144900
143650
142394
141133
139866
138595
137318
136037
134751
133461
132165
130866
129562
128254
126941
125625
124305
122981
121653
120322
118988
117650
116309
114965
113618
112269
110916
109561
108204
106845
105483
104120
102754
101387
100018
98648.4
97277.1
95904.6
94531.2
93157
91782.2
90406.9
89031.3
87655.6
86279.9
84904.5
83529.5
82155.1
80781.5
79408.9
78037.5
76667.5
75299
73932.3
72567.7
71205.2
69845.2
68487.8
67133.3
65781.9
64433.8
63089.4
61748.7
60412.2
59080.1
57752.5
56429.9
55112.5
53800.5
52494.3
51194.1
49900.3
48613.1
47333
46060.1
44795
43537.8
42289.1
41049.1
39818.2
38596.9
37385.5
36184.5
34994.5
33815.8
32648.9
31494.5
30352.9
29224.5
28109.3
27006.7
215013
214987
214939
214868
214774
214656
214514
214348
214159
213945
213707
213445
213160
212850
212517
212160
211780
211376
210948
210497
210020
209518
208989
208432
207845
207228
206584
205914
205222
204511
203781
203034
202268
201487
200694
199900
199116
198357
197633
196950
196308
195697
195102
194502
193876
193209
192488
191710
190875
189991
189067
188112
187134
186139
185131
184112
183083
182044
180994
179933
178859
177772
176671
175560
174441
173317
172188
171055
169917
168774
167628
166478
165325
164169
163008
161842
160670
159494
158311
157122
155928
154728
153521
152309
151091
149867
148638
147403
146162
144916
143664
142407
141145
139878
138606
137328
136046
134760
133468
132173
130872
129568
128259
126946
125630
124309
122985
121657
120326
118991
117653
116312
114967
113620
112270
110918
109563
108206
106846
105484
104121
102755
101388
100019
98649.1
97277.6
95905.1
94531.6
93157.4
91782.5
90407.2
89031.5
87655.8
86280.1
84904.7
83529.7
82155.3
80781.6
79409
78037.6
76667.6
75299.1
73932.4
72567.8
71205.3
69845.2
68487.8
67133.3
65781.9
64433.9
63089.4
61748.8
60412.3
59080.1
57752.6
56429.9
55112.5
53800.5
52494.2
51194
49900.2
48613
47332.8
46059.9
44794.7
43537.4
42288.6
41048.4
39817.4
38595.8
37384.2
36182.8
34992.3
33813
32645.3
31489.8
30346.8
29216.5
28098.8
26993.3
215861
215833
215781
215705
215603
215477
215325
215148
214946
214718
214466
214189
213887
213561
213210
212836
212437
212015
211569
211098
210601
210077
209524
208940
208324
207675
206997
206292
205563
204811
204036
203235
202407
201554
200685
199813
198961
198150
197398
196712
196094
195530
194997
194466
193907
193297
192620
191870
191049
190168
189238
188274
187286
186281
185264
184236
183200
182156
181101
180037
178963
177876
176774
175658
174533
173404
172270
171132
169989
168842
167692
166538
165381
164220
163056
161887
160713
159533
158348
157157
155960
154758
153549
152335
151116
149890
148659
147422
146180
144933
143680
142422
141159
139890
138617
137339
136056
134769
133477
132180
130880
129575
128265
126952
125635
124314
122989
121661
120329
118994
117656
116314
114970
113623
112272
110920
109565
108207
106847
105486
104122
102756
101389
100020
98649.8
97278.3
95905.7
94532.1
93157.8
91782.9
90407.5
89031.8
87656.1
86280.3
84904.9
83529.8
82155.4
80781.8
79409.2
78037.7
76667.7
75299.2
73932.5
72567.9
71205.4
69845.3
68487.9
67133.4
65782
64433.9
63089.4
61748.8
60412.3
59080.1
57752.6
56429.9
55112.4
53800.4
52494.2
51193.9
49900.1
48612.8
47332.6
46059.7
44794.4
43537
42288
41047.7
39816.5
38594.7
37382.8
36181.1
34990
33810.1
32641.6
31485
30340.6
29208.5
28088.6
26980.4
216821
216790
216733
216650
216540
216403
216240
216049
215832
215589
215320
215025
214705
214360
213991
213598
213182
212742
212278
211790
211275
210731
210155
209545
208900
208219
207506
206763
205992
205194
204365
203501
202599
201661
200700
199737
198801
197926
197135
196442
195845
195326
194856
194395
193904
193353
192722
192003
191201
190328
189399
188430
187437
186425
185400
184366
183325
182275
181215
180147
179071
177983
176880
175763
174634
173497
172356
171212
170064
168914
167759
166601
165441
164276
163108
161936
160758
159576
158388
157194
155995
154790
153580
152363
151142
149915
148682
147444
146200
144951
143697
142438
141173
139904
138630
137351
136067
134779
133486
132189
130888
129582
128272
126958
125641
124319
122994
121665
120333
118998
117659
116317
114973
113625
112275
110922
109567
108209
106849
105487
104123
102757
101390
100021
98650.5
97279
95906.3
94532.7
93158.3
91783.3
90407.9
89032.1
87656.3
86280.6
84905.1
83530
82155.6
80782
79409.3
78037.9
76667.8
75299.4
73932.7
72568
71205.5
69845.4
68488
67133.5
65782.1
64434
63089.5
61748.9
60412.3
59080.1
57752.6
56429.9
55112.4
53800.4
52494.1
51193.8
49899.9
48612.7
47332.4
46059.4
44794
43536.6
42287.5
41047
39815.6
38593.6
37381.3
36179.2
34987.7
33807.1
32637.8
31480.2
30334.4
29200.7
28078.8
26968.2
217903
217868
217806
217714
217594
217445
217267
217061
216827
216565
216277
215963
215624
215261
214874
214466
214035
213583
213107
212606
212077
211517
210921
210288
209615
208904
208157
207376
206564
205718
204833
203900
202919
201892
200837
199784
198768
197830
197000
196293
195705
195214
194784
194369
193922
193410
192810
192115
191329
190466
189542
188575
187582
186568
185539
184501
183455
182401
181338
180264
179183
178092
176989
175870
174738
173596
172447
171296
170143
168988
167830
166669
165504
164336
163164
161988
160807
159621
158430
157234
156032
154825
153612
152393
151170
149941
148706
147466
146221
144971
143715
142455
141189
139919
138643
137363
136079
134790
133496
132198
130896
129590
128279
126965
125647
124325
122999
121670
120337
119002
117663
116320
114975
113628
112277
110924
109569
108211
106851
105488
104124
102758
101391
100022
98651.4
97279.7
95906.9
94533.2
93158.8
91783.7
90408.2
89032.5
87656.6
86280.8
84905.3
83530.2
82155.8
80782.1
79409.5
78038.1
76668
75299.5
73932.8
72568.1
71205.6
69845.5
68488.1
67133.6
65782.1
64434.1
63089.6
61748.9
60412.4
59080.2
57752.6
56429.9
55112.4
53800.4
52494
51193.8
49899.8
48612.5
47332.2
46059.1
44793.7
43536.1
42286.9
41046.3
39814.7
38592.4
37379.8
36177.4
34985.3
33804.1
32634
31475.4
30328.4
29193.1
28069.3
26956.7
219119
219080
219010
218909
218776
218612
218418
218194
217940
217659
217351
217018
216662
216285
215888
215472
215037
214581
214103
213597
213060
212488
211876
211222
210526
209786
209005
208184
207322
206417
205464
204457
203398
202295
201171
200056
198990
198010
197150
196425
195826
195328
194893
194474
194028
193516
192918
192227
191446
190590
189674
188712
187722
186710
185681
184638
183588
182532
181466
180388
179300
178203
177095
175974
174840
173694
172541
171384
170225
169065
167903
166738
165570
164399
163223
162043
160859
159669
158475
157276
156071
154861
153646
152425
151199
149968
148732
147490
146243
144991
143735
142473
141206
139934
138658
137377
136091
134801
133507
132208
130905
129598
128287
126972
125653
124330
123004
121675
120342
119006
117666
116324
114979
113630
112280
110926
109571
108213
106852
105490
104126
102760
101392
100023
98652.2
97280.4
95907.6
94533.8
93159.3
91784.2
90408.6
89032.8
87656.9
86281.1
84905.6
83530.5
82156
80782.4
79409.7
78038.2
76668.2
75299.7
73933
72568.2
71205.7
69845.7
68488.2
67133.7
65782.2
64434.1
63089.6
61749
60412.4
59080.2
57752.6
56429.9
55112.4
53800.3
52494
51193.7
49899.7
48612.4
47332
46058.9
44793.3
43535.7
42286.3
41045.6
39813.8
38591.2
37378.4
36175.5
34983
33801.1
32630.3
31470.7
30322.5
29185.7
28060.3
26945.8
220485
220441
220362
220249
220101
219920
219707
219463
219191
218891
218568
218223
217860
217480
217085
216675
216247
215799
215324
214818
214274
213689
213058
212376
211641
210853
210012
209122
208185
207202
206174
205104
203994
202854
201707
200582
199510
198522
197647
196898
196263
195717
195226
194751
194254
193701
193073
192362
191573
190716
189804
188848
187861
186853
185825
184780
183725
182665
181596
180514
179420
178315
177201
176076
174939
173791
172634
171472
170308
169144
167978
166810
165638
164463
163284
162100
160912
159719
158522
157319
156112
154899
153682
152459
151230
149997
148759
147515
146267
145013
143755
142491
141223
139950
138673
137391
136104
134813
133518
132218
130914
129606
128295
126979
125660
124337
123010
121680
120347
119010
117670
116327
114982
113633
112282
110929
109573
108215
106854
105492
104127
102761
101393
100024
98653.1
97281.3
95908.3
94534.5
93159.9
91784.7
90409.1
89033.2
87657.3
86281.4
84905.9
83530.7
82156.3
80782.6
79409.9
78038.4
76668.3
75299.8
73933.1
72568.4
71205.9
69845.8
68488.3
67133.8
65782.3
64434.2
63089.7
61749
60412.5
59080.2
57752.6
56429.9
55112.4
53800.3
52494
51193.6
49899.6
48612.2
47331.8
46058.6
44793
43535.3
42285.8
41044.9
39812.9
38590.1
37376.9
36173.7
34980.7
33798.2
32626.6
31466.1
30316.8
29178.7
28051.8
26935.7
222069
222019
221929
221801
221635
221436
221204
220944
220660
220354
220030
219689
219333
218964
218581
218182
217761
217312
216828
216301
215723
215087
214388
213627
212803
211921
210987
210011
208999
207954
206878
205778
204658
203528
202406
201314
200276
199310
198433
197654
196964
196341
195759
195189
194604
193977
193292
192543
191730
190863
189950
188996
188010
187002
185975
184928
183868
182802
181729
180644
179544
178434
177314
176184
175042
173889
172727
171561
170394
169226
168056
166884
165709
164530
163347
162160
160968
159772
158572
157366
156155
154940
153720
152494
151264
150028
148788
147542
146292
145037
143776
142512
141242
139968
138689
137406
136118
134826
133529
132229
130924
129616
128303
126987
125667
124343
123016
121685
120352
119015
117674
116331
114985
113637
112285
110931
109575
108217
106856
105493
104129
102762
101394
100025
98654.2
97282.2
95909.1
94535.2
93160.5
91785.3
90409.6
89033.7
87657.7
86281.8
84906.2
83531.1
82156.6
80782.9
79410.2
78038.7
76668.6
75300.1
73933.3
72568.6
71206.1
69846
68488.5
67133.9
65782.5
64434.4
63089.8
61749.2
60412.6
59080.3
57752.7
56430
55112.5
53800.4
52494
51193.6
49899.6
48612.2
47331.7
46058.4
44792.7
43534.9
42285.3
41044.2
39812
38589
37375.6
36171.9
34978.5
33795.5
32623.2
31461.8
30311.5
29172.2
28043.9
26926.4
223826
223769
223666
223521
223338
223123
222884
222627
222354
222066
221762
221437
221088
220713
220309
219872
219398
218878
218307
217676
216985
216230
215417
214553
213642
212687
211694
210673
209628
208564
207484
206394
205303
204219
203151
202115
201126
200190
199314
198505
197755
197050
196372
195701
195020
194311
193561
192764
191921
191037
190115
189156
188167
187156
186126
185076
184010
182937
181857
180767
179666
178552
177427
176291
175143
173984
172818
171648
170478
169307
168134
166959
165780
164597
163411
162220
161025
159826
158622
157413
156200
154981
153758
152530
151297
150060
148817
147570
146317
145060
143799
142532
141261
139985
138705
137421
136132
134839
133541
132240
130934
129625
128312
126995
125674
124350
123022
121691
120357
119019
117679
116335
114989
113640
112288
110934
109578
108219
106858
105495
104130
102764
101396
100026
98655
97282.9
95909.8
94535.8
93161
91785.7
90410
89034
87658
86282.1
84906.5
83531.3
82156.8
80783.1
79410.4
78038.8
76668.7
75300.2
73933.4
72568.7
71206.1
69846
68488.5
67133.9
65782.5
64434.3
63089.8
61749.1
60412.5
59080.3
57752.7
56429.9
55112.4
53800.2
52493.8
51193.4
49899.4
48611.9
47331.4
46058.1
44792.3
43534.4
42284.7
41043.5
39811.1
38587.8
37374.1
36170.1
34976.2
33792.7
32619.7
31457.5
30306.2
29165.9
28036.4
26917.6
225601
225536
225422
225264
225074
224862
224638
224406
224162
223897
223595
223244
222837
222373
221855
221287
220671
220009
219299
218542
217739
216891
216004
215084
214136
213160
212158
211138
210104
209059
208005
206948
205896
204856
203834
202841
201883
200963
200082
199244
198445
197675
196921
196171
195415
194639
193835
192997
192124
191220
190284
189316
188321
187304
186270
185215
184143
183061
181974
180880
179775
178659
177530
176387
175233
174069
172901
171730
170557
169383
168207
167028
165846
164660
163470
162276
161078
159876
158669
157457
156241
155020
153795
152565
151330
150090
148845
147596
146342
145083
143820
142552
141279
140002
138721
137435
136145
134851
133553
132251
130944
129634
128320
127002
125681
124356
123028
121696
120362
119024
117683
116339
114992
113643
112291
110936
109580
108221
106860
105497
104132
102765
101397
100027
98655.9
97283.7
95910.5
94536.4
93161.5
91786.2
90410.4
89034.4
87658.3
86282.4
84906.7
83531.5
82157
80783.2
79410.5
78039
76668.8
75300.3
73933.5
72568.7
71206.2
69846
68488.5
67133.9
65782.5
64434.3
63089.8
61749.1
60412.5
59080.2
57752.6
56429.8
55112.3
53800.1
52493.7
51193.3
49899.2
48611.7
47331.1
46057.7
44791.9
43533.9
42284.1
41042.7
39810.2
38586.7
37372.7
36168.4
34974.1
33790
32616.5
31453.6
30301.4
29160.1
28029.6
26909.7
227386
227314
227190
227030
226849
226658
226459
226242
225986
225668
225272
224790
224230
223605
222930
222214
221463
220684
219877
219043
218182
217296
216384
215452
214501
213533
212548
211550
210542
209526
208502
207477
206457
205447
204454
203482
202535
201615
200722
199857
199018
198198
197389
196583
195771
194945
194098
193226
192327
191402
190450
189471
188469
187447
186406
185345
184266
183178
182085
180985
179876
178756
177622
176474
175314
174147
172977
171805
170631
169455
168276
167094
165908
164719
163526
162329
161128
159923
158713
157499
156280
155057
153829
152597
151360
150118
148871
147620
146365
145104
143840
142570
141296
140018
138736
137449
136158
134863
133564
132261
130954
129643
128328
127010
125688
124362
123034
121702
120366
119028
117687
116342
114995
113646
112294
110939
109582
108223
106861
105498
104133
102766
101398
100028
98656.8
97284.5
95911.1
94537
93162.1
91786.6
90410.8
89034.7
87658.6
86282.6
84907
83531.8
82157.2
80783.4
79410.7
78039.1
76669
75300.4
73933.6
72568.8
71206.2
69846.1
68488.6
67134
65782.5
64434.3
63089.8
61749.1
60412.4
59080.2
57752.5
56429.8
55112.2
53800
52493.6
51193.2
49899
48611.5
47330.9
46057.5
44791.6
43533.5
42283.6
41042.1
39809.4
38585.7
37371.5
36166.8
34972.1
33787.6
32613.5
31449.9
30297
29154.8
28023.3
26902.4
229174
229096
228969
228817
228656
228470
228246
227953
227571
227090
226518
225869
225161
224405
223619
222813
221989
221151
220299
219433
218551
217652
216736
215807
214865
213910
212943
211966
210980
209986
208986
207983
206983
205990
205009
204044
203097
202169
201260
200370
199499
198641
197791
196942
196089
195224
194344
193444
192522
191577
190610
189621
188611
187583
186535
185466
184381
183287
182189
181084
179971
178846
177706
176551
175387
174219
173048
171875
170699
169520
168339
167154
165966
164774
163578
162378
161175
159967
158755
157538
156317
155092
153862
152627
151388
150145
148896
147644
146386
145125
143859
142588
141313
140034
138750
137462
136170
134874
133574
132270
130963
129651
128336
127017
125694
124368
123039
121707
120371
119032
117690
116346
114999
113649
112296
110941
109584
108225
106863
105500
104134
102767
101399
100029
98657.6
97285.2
95911.8
94537.5
93162.6
91787.1
90411.2
89035.1
87659
86283
84907.2
83532
82157.4
80783.6
79410.9
78039.3
76669.1
75300.5
73933.7
72568.9
71206.3
69846.1
68488.6
67134
65782.5
64434.3
63089.8
61749
60412.4
59080.1
57752.5
56429.7
55112.1
53799.9
52493.5
51193
49898.9
48611.3
47330.7
46057.2
44791.3
43533.1
42283.1
41041.5
39808.6
38584.8
37370.3
36165.4
34970.4
33785.5
32610.8
31446.7
30293.1
29150.1
28017.8
26896
230974
230897
230772
230619
230432
230166
229798
229319
228748
228096
227381
226617
225820
224998
224162
223314
222457
221593
220721
219841
218948
218043
217127
216201
215264
214316
213358
212392
211417
210434
209445
208454
207464
206479
205503
204537
203584
202644
201718
200807
199909
199021
198139
197258
196372
195479
194571
193648
192706
191745
190764
189766
188748
187711
186653
185577
184487
183389
182287
181177
180059
178928
177781
176622
175456
174286
173114
171939
170761
169581
168397
167210
166019
164825
163626
162424
161218
160008
158793
157574
156351
155124
153892
152656
151415
150170
148920
147666
146407
145144
143876
142605
141328
140048
138763
137475
136182
134885
133584
132280
130971
129659
128343
127023
125700
124374
123044
121711
120375
119036
117694
116349
115002
113651
112299
110943
109586
108226
106865
105501
104136
102769
101400
100030
98658.5
97286
95912.5
94538.1
93163.1
91787.6
90411.6
89035.5
87659.3
86283.3
84907.5
83532.3
82157.7
80783.8
79411.1
78039.5
76669.2
75300.6
73933.8
72569
71206.4
69846.2
68488.7
67134
65782.5
64434.3
63089.8
61749
60412.4
59080.1
57752.5
56429.7
55112.1
53799.9
52493.4
51192.9
49898.8
48611.2
47330.5
46057
44791
43532.8
42282.7
41041
39808
38584
37369.3
36164.2
34968.8
33783.5
32608.5
31443.8
30289.6
29145.9
28012.9
26890.4
232798
232730
232591
232373
232054
231595
231019
230359
229641
228877
228079
227255
226414
225559
224696
223827
222952
222072
221185
220291
219389
218477
217556
216626
215685
214735
213777
212811
211837
210856
209871
208883
207897
206914
205937
204967
204005
203053
202112
201182
200262
199350
198443
197536
196627
195709
194779
193836
192878
191904
190914
189906
188878
187829
186761
185678
184584
183484
182377
181262
180137
178999
177847
176686
175520
174350
173176
172000
170820
169637
168451
167262
166069
164872
163671
162467
161258
160046
158829
157609
156384
155154
153920
152682
151440
150193
148942
147686
146426
145162
143893
142620
141343
140062
138776
137487
136193
134895
133594
132288
130979
129666
128350
127030
125706
124379
123049
121716
120379
119040
117698
116352
115005
113654
112301
110946
109588
108228
106866
105503
104137
102770
101401
100031
98659.3
97286.7
95913.2
94538.8
93163.7
91788.1
90412.1
89035.9
87659.7
86283.6
84907.9
83532.6
82157.9
80784.1
79411.3
78039.6
76669.4
75300.8
73933.9
72569.1
71206.4
69846.3
68488.7
67134.1
65782.5
64434.3
63089.8
61749
60412.4
59080.1
57752.4
56429.6
55112
53799.8
52493.3
51192.9
49898.7
48611.1
47330.4
46056.8
44790.8
43532.5
42282.3
41040.6
39807.5
38583.3
37368.5
36163.1
34967.5
33781.9
32606.4
31441.3
30286.6
29142.4
28008.7
26885.5
234636
234557
234339
233945
233406
232752
232018
231238
230430
229600
228752
227892
227021
226144
225260
224371
223478
222580
221677
220767
219850
218926
217994
217054
216104
215146
214181
213209
212231
211247
210260
209272
208284
207299
206317
205340
204370
203406
202452
201506
200568
199637
198711
197784
196854
195917
194969
194010
193038
192056
191057
190038
188998
187937
186859
185770
184675
183572
182460
181338
180206
179063
177909
176747
175580
174408
173234
172056
170874
169690
168502
167310
166115
164916
163713
162507
161296
160082
158863
157640
156414
155182
153947
152707
151463
150215
148963
147706
146444
145179
143909
142635
141357
140075
138788
137498
136203
134905
133603
132297
130987
129674
128357
127036
125712
124385
123054
121720
120384
119044
117701
116356
115007
113657
112303
110948
109590
108230
106868
105504
104138
102771
101402
100032
98660.2
97287.5
95913.9
94539.4
93164.2
91788.6
90412.6
89036.3
87660.1
86284
84908.2
83532.9
82158.2
80784.3
79411.5
78039.8
76669.6
75300.9
73934
72569.2
71206.5
69846.3
68488.8
67134.1
65782.6
64434.4
63089.8
61749
60412.4
59080.1
57752.4
56429.6
55112
53799.8
52493.3
51192.8
49898.6
48611
47330.2
46056.7
44790.6
43532.3
42282.1
41040.2
39807
38582.8
37367.8
36162.2
34966.4
33780.5
32604.7
31439.2
30284.1
29139.4
28005.2
26881.5
236456
236291
235890
235289
234566
233769
232932
232074
231206
230328
229442
228549
227649
226744
225835
224923
224009
223091
222168
221239
220306
219367
218421
217466
216504
215535
214560
213579
212594
211605
210614
209622
208630
207641
206653
205668
204688
203714
202747
201788
200836
199891
198948
198005
197058
196105
195143
194171
193189
192198
191191
190161
189107
188034
186949
185858
184759
183652
182534
181407
180270
179123
177967
176804
175636
174463
173287
172108
170925
169738
168548
167355
166158
164957
163752
162544
161332
160115
158895
157670
156442
155209
153972
152731
151486
150236
148982
147724
146462
145195
143924
142649
141370
140087
138800
137508
136213
134914
133611
132305
130994
129680
128363
127042
125717
124390
123059
121725
120387
119047
117704
116359
115010
113659
112306
110950
109592
108232
106870
105505
104140
102772
101403
100033
98661.1
97288.3
95914.6
94540
93164.8
91789.1
90413.1
89036.8
87660.5
86284.4
84908.5
83533.2
82158.5
80784.6
79411.7
78040
76669.7
75301
73934.2
72569.3
71206.6
69846.4
68488.8
67134.2
65782.6
64434.4
63089.8
61749.1
60412.4
59080.1
57752.4
56429.6
55112
53799.8
52493.3
51192.8
49898.6
48610.9
47330.2
46056.6
44790.5
43532.1
42281.9
41039.9
39806.7
38582.4
37367.2
36161.5
34965.5
33779.4
32603.4
31437.6
30282.1
29137
28002.4
26878.3
238295
237925
237301
236508
235639
234735
233817
232898
231978
231056
230130
229201
228269
227332
226394
225457
224520
223582
222639
221691
220739
219784
218822
217853
216877
215895
214909
213919
212927
211931
210935
209938
208941
207946
206951
205959
204970
203986
203009
202039
201076
200117
199161
198203
197242
196276
195303
194321
193330
192331
191315
190273
189206
188124
187034
185939
184836
183723
182601
181469
180329
179180
178022
176858
175688
174515
173338
172157
170972
169784
168592
167397
166198
164995
163789
162579
161364
160146
158924
157698
156468
155234
153996
152753
151506
150256
149000
147741
146478
145210
143938
142663
141383
140099
138811
137519
136223
134923
133620
132312
131001
129687
128369
127048
125723
124395
123063
121729
120391
119051
117708
116362
115013
113662
112308
110952
109594
108233
106871
105507
104141
102773
101404
100034
98662
97289.1
95915.3
94540.7
93165.5
91789.7
90413.6
89037.3
87661
86284.8
84908.9
83533.5
82158.7
80784.8
79411.9
78040.2
76669.9
75301.2
73934.3
72569.4
71206.7
69846.5
68488.9
67134.2
65782.7
64434.4
63089.8
61749.1
60412.4
59080.1
57752.4
56429.6
55112
53799.8
52493.2
51192.7
49898.5
48610.9
47330.1
46056.5
44790.4
43532
42281.7
41039.8
39806.4
38582.1
37366.8
36161.1
34964.9
33778.6
32602.4
31436.4
30280.6
29135.2
28000.3
26875.9
240233
239551
238636
237661
236661
235661
234670
233692
232721
231753
230785
229820
228853
227884
226916
225954
224997
224041
223079
222112
221141
220169
219193
218211
217220
216224
215228
214229
213229
212227
211224
210222
209220
208218
207218
206218
205221
204229
203243
202265
201291
200321
199352
198383
197411
196434
195451
194458
193460
192452
191427
190374
189298
188209
187114
186014
184906
183789
182662
181528
180384
179233
178074
176908
175738
174563
173385
172202
171016
169826
168633
167436
166235
165031
163823
162611
161395
160176
158952
157725
156493
155257
154018
152774
151526
150274
149018
147758
146493
145225
143952
142675
141394
140110
138821
137528
136232
134931
133627
132320
131008
129693
128375
127053
125728
124399
123068
121733
120395
119054
117711
116364
115016
113664
112310
110954
109596
108235
106873
105508
104142
102774
101405
100035
98662.9
97290
95916.1
94541.4
93166.1
91790.3
90414.1
89037.8
87661.4
86285.2
84909.3
83533.8
82159
80785.1
79412.1
78040.4
76670.1
75301.4
73934.4
72569.5
71206.8
69846.6
68489
67134.3
65782.7
64434.5
63089.9
61749.1
60412.4
59080.1
57752.4
56429.6
55112
53799.8
52493.2
51192.7
49898.5
48610.9
47330.1
46056.5
44790.3
43532
42281.6
41039.7
39806.3
38581.9
37366.6
36160.8
34964.5
33778.2
32601.8
31435.6
30279.6
29134.1
27998.9
26874.3
242447
241158
239931
238754
237623
236532
235470
234433
233409
232397
231391
230387
229387
228390
227395
226409
225434
224461
223482
222496
221507
220521
219532
218536
217532
216525
215517
214512
213505
212495
211487
210478
209471
208465
207458
206453
205449
204448
203456
202468
201486
200505
199528
198550
197567
196580
195587
194586
193580
192563
191527
190465
189381
188287
187188
186083
184971
183850
182720
181582
180436
179283
178122
176956
175785
174609
173429
172245
171057
169866
168671
167472
166270
165064
163855
162641
161424
160203
158978
157749
156516
155279
154039
152794
151545
150291
149034
147773
146508
145238
143965
142687
141406
140120
138831
137537
136240
134939
133635
132327
131015
129699
128380
127058
125733
124404
123072
121737
120399
119058
117714
116367
115018
113667
112312
110956
109598
108237
106874
105510
104144
102776
101406
100036
98663.8
97290.8
95916.9
94542.1
93166.8
91790.9
90414.7
89038.3
87661.9
86285.6
84909.6
83534.2
82159.3
80785.4
79412.4
78040.6
76670.3
75301.5
73934.6
72569.6
71206.9
69846.7
68489.1
67134.4
65782.8
64434.5
63089.9
61749.1
60412.5
59080.1
57752.5
56429.6
55112
53799.8
52493.3
51192.7
49898.5
48610.9
47330.1
46056.5
44790.3
43532
42281.6
41039.7
39806.3
38581.8
37366.6
36160.7
34964.4
33778
32601.6
31435.3
30279.2
29133.5
27998.3
26873.6
244655
242605
241070
239722
238481
237312
236191
235103
234038
232986
231942
230909
229883
228858
227833
226825
225837
224855
223859
222851
221843
220840
219841
218837
217821
216804
215785
214772
213756
212742
211727
210713
209702
208692
207682
206671
205661
204656
203654
202658
201666
200679
199693
198708
197715
196717
195714
194707
193693
192668
191621
190550
189460
188362
187259
186150
185034
183910
182777
181636
180488
179332
178170
177003
175830
174653
173472
172287
171097
169905
168708
167508
166304
165097
163886
162671
161453
160230
159004
157774
156539
155301
154059
152813
151563
150309
149051
147788
146522
145252
143977
142699
141417
140131
138841
137547
136249
134947
133642
132334
131021
129705
128386
127063
125737
124408
123076
121741
120402
119061
117717
116370
115021
113669
112315
110958
109599
108239
106876
105511
104145
102777
101407
100037
98664.7
97291.7
95917.6
94542.8
93167.4
91791.5
90415.2
89038.8
87662.3
86286
84910
83534.5
82159.6
80785.6
79412.6
78040.8
76670.4
75301.6
73934.7
72569.7
71207
69846.7
68489.1
67134.3
65782.7
64434.5
63089.9
61749.1
60412.4
59080.1
57752.4
56429.6
55111.9
53799.7
52493.2
51192.7
49898.5
48610.8
47330.1
46056.5
44790.3
43531.9
42281.6
41039.7
39806.3
38581.9
37366.6
36160.7
34964.5
33778.1
32601.6
31435.3
30279.3
29133.6
27998.4
26873.6
246106
243875
242141
240657
239323
238076
236895
235754
234642
233552
232480
231420
230365
229309
228266
227247
226249
225245
224228
223201
222182
221169
220160
219143
218117
217087
216061
215035
214010
212988
211966
210949
209936
208924
207910
206893
205876
204862
203853
202849
201849
200854
199863
198867
197864
196855
195842
194827
193806
192770
191713
190634
189540
188438
187331
186219
185099
183970
182834
181691
180541
179384
178220
177051
175877
174699
173516
172329
171139
169945
168747
167545
166340
165131
163918
162702
161482
160258
159030
157799
156563
155324
154081
152833
151582
150327
149068
147804
146537
145266
143991
142712
141429
140142
138851
137556
136258
134956
133650
132341
131028
129712
128392
127069
125743
124413
123081
121745
120406
119065
117720
116373
115024
113672
112317
110961
109602
108241
106878
105513
104147
102778
101409
100038
98666
97292.8
95918.7
94543.9
93168.3
91792.3
90416
89039.5
87663
86286.6
84910.5
83535
82160.1
80786
79413
78041.1
76670.7
75301.9
73934.9
72570
71207.2
69846.9
68489.3
67134.5
65782.9
64434.7
63090
61749.2
60412.5
59080.2
57752.5
56429.7
55112
53799.8
52493.3
51192.8
49898.6
48611
47330.2
46056.6
44790.5
43532.2
42281.9
41039.9
39806.6
38582.2
37367
36161.2
34965
33778.7
32602.4
31436.2
30280.3
29134.7
27999.6
26875
247227
245012
243188
241611
240190
238873
237630
236436
235280
234152
233044
231952
230872
229800
228736
227691
226664
225646
224616
223574
222534
221503
220483
219462
218434
217400
216359
215315
214278
213246
212222
211203
210186
209170
208149
207122
206094
205074
204058
203048
202043
201041
200039
199033
198018
196998
195975
194951
193919
192873
191807
190721
189622
188517
187406
186290
185166
184034
182895
181749
180597
179438
178272
177102
175926
174746
173562
172374
171181
169986
168786
167583
166376
165166
163951
162734
161512
160287
159058
157825
156588
155347
154103
152854
151602
150345
149085
147821
146553
145281
144005
142725
141441
140153
138862
137566
136268
134965
133659
132349
131036
129719
128399
127075
125748
124418
123085
121749
120410
119069
117724
116377
115027
113675
112320
110963
109604
108243
106880
105515
104148
102780
101410
100039
98667.3
97294.1
95919.9
94544.9
93169.3
91793.2
90416.8
89040.3
87663.7
86287.3
84911.1
83535.5
82160.6
80786.5
79413.4
78041.5
76671.1
75302.2
73935.2
72570.2
71207.5
69847.1
68489.5
67134.7
65783.1
64434.8
63090.2
61749.4
60412.7
59080.4
57752.7
56429.8
55112.2
53800
52493.5
51193
49898.8
48611.1
47330.4
46056.8
44790.7
43532.4
42282.2
41040.3
39807.1
38582.8
37367.6
36162
34965.9
33779.8
32603.7
31437.7
30282
29136.8
28001.9
26877.6
248180
246048
244198
242560
241073
239695
238395
237153
235953
234785
233642
232520
231413
230317
229233
228167
227117
226069
225017
223963
222911
221869
220838
219804
218769
217725
216672
215618
214565
213526
212495
211472
210451
209430
208400
207361
206323
205295
204273
203255
202242
201231
200219
199200
198177
197148
196115
195078
194034
192977
191901
190810
189708
188599
187484
186363
185236
184101
182959
181810
180655
179494
178326
177154
175977
174795
173609
172419
171225
170028
168827
167622
166413
165201
163985
162766
161543
160316
159086
157851
156613
155371
154125
152876
151622
150364
149103
147838
146569
145296
144019
142738
141453
140165
138873
137577
136277
134974
133667
132357
131043
129726
128405
127081
125754
124424
123090
121754
120415
119073
117728
116380
115030
113678
112323
110966
109606
108245
106882
105517
104150
102782
101412
100041
98668.7
97295.4
95921.1
94546
93170.4
91794.2
90417.7
89041.1
87664.4
86287.9
84911.8
83536.1
82161.1
80786.9
79413.8
78041.9
76671.4
75302.6
73935.5
72570.5
71207.7
69847.4
68489.7
67134.9
65783.3
64435
63090.3
61749.5
60412.8
59080.5
57752.8
56430
55112.3
53800.1
52493.6
51193.1
49898.9
48611.3
47330.6
46057.1
44791
43532.8
42282.6
41040.8
39807.6
38583.5
37368.5
36163
34967.2
33781.3
32605.4
31439.8
30284.6
29139.7
28005.3
26881.4
249042
247001
245161
243492
241960
240532
239184
237895
236653
235448
234271
233118
231982
230862
229757
228666
227588
226518
225450
224382
223318
222261
221212
220165
219115
218059
217000
215939
214882
213829
212786
211753
210730
209702
208661
207613
206567
205529
204497
203470
202447
201427
200403
199373
198340
197302
196258
195209
194152
193083
191999
190902
189796
188684
187565
186441
185309
184171
183026
181874
180716
179552
178383
177208
176029
174845
173658
172466
171270
170071
168868
167662
166452
165238
164020
162799
161575
160346
159114
157878
156639
155395
154148
152897
151643
150384
149121
147855
146585
145311
144033
142751
141466
140177
138884
137587
136287
134983
133676
132365
131051
129733
128412
127087
125760
124429
123095
121759
120419
119077
117732
116384
115034
113681
112326
110968
109609
108248
106884
105519
104152
102784
101414
100043
98670.2
97296.7
95922.4
94547.2
93171.5
91795.2
90418.7
89041.9
87665.2
86288.6
84912.4
83536.7
82161.6
80787.4
79414.3
78042.3
76671.8
75302.9
73935.8
72570.8
71208
69847.6
68489.9
67135.1
65783.5
64435.2
63090.5
61749.7
60413
59080.6
57752.9
56430.1
55112.5
53800.3
52493.8
51193.3
49899.1
48611.5
47330.9
46057.4
44791.4
43533.2
42283.1
41041.4
39808.4
38584.3
37369.5
36164.3
34968.7
33783.2
32607.7
31442.6
30287.8
29143.5
28009.7
26886.4
249850
247892
246079
244401
242840
241375
239986
238658
237379
236137
234927
233743
232579
231434
230304
229189
228088
226996
225908
224824
223744
222671
221604
220540
219477
218411
217343
216275
215210
214148
213095
212053
211017
209977
208929
207875
206822
205770
204726
203689
202655
201625
200590
199548
198504
197456
196401
195339
194271
193192
192100
190999
189889
188772
187650
186521
185386
184243
183095
181940
180779
179613
178441
177264
176083
174898
173708
172514
171317
170116
168911
167703
166491
165275
164056
162833
161607
160377
159143
157906
156665
155420
154172
152920
151664
150404
149140
147873
146601
145326
144048
142765
141479
140189
138895
137598
136297
134993
133685
132373
131058
129740
128419
127094
125766
124435
123101
121764
120424
119081
117736
116388
115037
113684
112329
110971
109612
108250
106886
105521
104154
102786
101416
100044
98671.7
97298.2
95923.7
94548.4
93172.6
91796.3
90419.6
89042.8
87666
86289.4
84913.1
83537.3
82162.2
80787.9
79414.7
78042.8
76672.2
75303.3
73936.2
72571.1
71208.2
69847.8
68490.1
67135.3
65783.7
64435.4
63090.7
61749.9
60413.1
59080.8
57753.1
56430.3
55112.6
53800.4
52493.9
51193.5
49899.3
48611.8
47331.1
46057.7
44791.8
43533.6
42283.6
41042
39809.2
38585.3
37370.8
36165.8
34970.6
33785.4
32610.5
31445.9
30291.8
29148.2
28015.1
26892.6
250625
248739
246960
245286
243711
242220
240799
239438
238124
236849
235608
234393
233202
232031
230876
229737
228612
227497
226389
225287
224190
223100
222016
220937
219859
218781
217704
216628
215554
214483
213419
212363
211311
210258
209202
208141
207080
206023
204967
203918
202875
201829
200778
199728
198673
197612
196544
195473
194394
193305
192207
191100
189986
188865
187738
186605
185465
184319
183167
182009
180845
179676
178502
177323
176139
174952
173760
172564
171365
170162
168955
167745
166531
165314
164093
162868
161640
160408
159173
157935
156692
155446
154196
152942
151685
150424
149159
147890
146618
145342
144062
142779
141492
140201
138907
137609
136307
135002
133694
132382
131066
129747
128425
127100
125772
124440
123106
121768
120428
119085
117740
116391
115041
113687
112332
110974
109614
108253
106889
105523
104156
102788
101417
100046
98673.3
97299.6
95925.1
94549.7
93173.8
91797.3
90420.6
89043.7
87666.8
86290.1
84913.8
83537.9
82162.8
80788.5
79415.2
78043.2
76672.6
75303.6
73936.5
72571.4
71208.5
69848.1
68490.4
67135.6
65783.9
64435.6
63090.9
61750
60413.3
59081
57753.2
56430.4
55112.8
53800.6
52494.1
51193.7
49899.6
48612
47331.4
46058
44792.2
43534.1
42284.2
41042.8
39810.1
38586.5
37372.2
36167.5
34972.7
33788
32613.7
31449.8
30296.4
29153.6
28021.5
26899.9
251380
249555
247810
246149
244568
243060
241616
240226
238883
237579
236308
235066
233847
232650
231471
230307
229158
228021
226892
225771
224657
223550
222449
221352
220259
219168
218079
216993
215909
214827
213751
212682
211615
210550
209484
208416
207347
206280
205214
204154
203096
202036
200975
199910
198842
197769
196692
195610
194521
193424
192319
191207
190088
188962
187830
186692
185548
184398
183242
182081
180914
179742
178565
177383
176197
175007
173813
172615
171414
170209
169000
167788
166572
165353
164130
162904
161674
160441
159204
157963
156719
155472
154220
152966
151707
150444
149178
147909
146635
145358
144078
142793
141505
140214
138919
137620
136318
135012
133703
132390
131074
129755
128432
127107
125778
124446
123111
121774
120433
119090
117744
116395
115044
113691
112335
110977
109617
108255
106891
105526
104158
102790
101419
100048
98675
97301.2
95926.5
94551
93175
91798.4
90421.6
89044.7
87667.7
86290.9
84914.5
83538.6
82163.4
80789
79415.7
78043.6
76673
75304
73936.8
72571.7
71208.8
69848.4
68490.6
67135.8
65784.1
64435.8
63091.1
61750.2
60413.5
59081.1
57753.4
56430.6
55112.9
53800.8
52494.3
51193.9
49899.8
48612.3
47331.7
46058.4
44792.6
43534.7
42284.9
41043.6
39811.1
38587.7
37373.7
36169.4
34975.1
33791
32617.3
31454.1
30301.7
29159.9
28028.9
26908.4
252120
250347
248636
246991
245411
243894
242433
241021
239653
238323
237025
235757
234513
233290
232086
230899
229727
228567
227417
226277
225144
224019
222900
221786
220678
219573
218471
217371
216275
215183
214095
213011
211931
210854
209776
208698
207620
206543
205467
204394
203322
202250
201175
200098
199019
197935
196847
195754
194656
193550
192438
191320
190195
189064
187927
186784
185635
184481
183321
182156
180986
179810
178630
177446
176257
175065
173869
172668
171465
170257
169046
167832
166614
165393
164168
162940
161709
160474
159235
157993
156747
155498
154246
152989
151729
150465
149198
147927
146653
145375
144093
142808
141519
140227
138931
137631
136328
135022
133712
132399
131082
129763
128440
127113
125784
124452
123117
121779
120438
119094
117748
116399
115048
113694
112338
110980
109620
108258
106894
105528
104161
102792
101421
100050
98676.7
97302.7
95927.9
94552.4
93176.2
91799.6
90422.7
89045.6
87668.6
86291.7
84915.2
83539.3
82164
80789.6
79416.2
78044.1
76673.5
75304.4
73937.2
72572
71209.1
69848.7
68490.9
67136
65784.3
64436
63091.3
61750.4
60413.7
59081.3
57753.6
56430.8
55113.1
53800.9
52494.5
51194.1
49900
48612.6
47332.1
46058.8
44793.1
43535.3
42285.6
41044.5
39812.2
38589.1
37375.4
36171.5
34977.7
33794.2
32621.2
31458.9
30307.5
29166.9
28037.1
26918
252851
251122
249441
247814
246240
244719
243246
241818
240430
239077
237756
236463
235195
233948
232721
231510
230315
229133
227962
226801
225649
224506
223369
222238
221113
219993
218877
217764
216655
215549
214448
213352
212258
211167
210077
208987
207899
206811
205724
204639
203554
202469
201382
200293
199202
198107
197008
195905
194797
193683
192563
191438
190306
189170
188027
186879
185725
184566
183402
182233
181060
179881
178698
177511
176320
175124
173925
172723
171517
170307
169094
167877
166657
165434
164207
162977
161744
160507
159267
158023
156776
155525
154271
153013
151752
150487
149218
147946
146671
145392
144109
142823
141533
140240
138943
137643
136339
135032
133721
132408
131091
129770
128447
127120
125791
124458
123122
121784
120443
119099
117752
116403
115052
113698
112342
110983
109623
108261
106896
105531
104163
102794
101423
100051
98678.4
97304.3
95929.4
94553.7
93177.5
91800.7
90423.7
89046.6
87669.5
86292.6
84916
83540
82164.6
80790.2
79416.8
78044.6
76673.9
75304.8
73937.6
72572.4
71209.4
69849
68491.2
67136.3
65784.6
64436.2
63091.5
61750.6
60413.9
59081.5
57753.8
56430.9
55113.3
53801.1
52494.7
51194.3
49900.3
48612.9
47332.4
46059.2
44793.6
43535.9
42286.4
41045.4
39813.4
38590.5
37377.2
36173.7
34980.4
33797.6
32625.4
31464.1
30313.9
29174.6
28046.3
26928.6
253575
251883
250231
248621
247056
245534
244054
242613
241209
239837
238496
237181
235890
234621
233371
232138
230921
229717
228525
227344
226173
225010
223855
222707
221565
220429
219297
218170
217047
215928
214813
213702
212595
211490
210387
209285
208185
207085
205987
204889
203791
202693
201594
200494
199391
198285
197176
196062
194945
193822
192694
191561
190423
189280
188131
186978
185819
184656
183487
182314
181136
179954
178768
177578
176384
175186
173984
172779
171570
170358
169142
167924
166701
165476
164247
163015
161780
160541
159299
158054
156805
155553
154297
153038
151775
150508
149239
147965
146689
145409
144125
142838
141547
140253
138955
137654
136350
135042
133731
132417
131099
129778
128454
127127
125797
124464
123128
121789
120448
119103
117757
116407
115056
113701
112345
110987
109626
108264
106899
105533
104165
102796
101425
100053
98680.2
97306
95930.9
94555.1
93178.8
91801.9
90424.8
89047.6
87670.4
86293.4
84916.8
83540.7
82165.3
80790.8
79417.3
78045.1
76674.4
75305.3
73938
72572.7
71209.8
69849.3
68491.4
67136.6
65784.8
64436.4
63091.7
61750.8
60414
59081.7
57753.9
56431.1
55113.5
53801.3
52494.9
51194.6
49900.6
48613.2
47332.8
46059.7
44794.1
43536.5
42287.2
41046.4
39814.6
38592
37379
36176
34983.3
33801.1
32629.9
31469.7
30320.7
29182.9
28056.3
26940.4
254235
252572
250943
249349
247793
246273
244790
243342
241926
240540
239182
237850
236540
235252
233983
232730
231494
230271
229060
227861
226672
225492
224320
223156
221998
220846
219699
218558
217421
216289
215161
214037
212917
211799
210683
209570
208458
207347
206236
205127
204018
202908
201798
200687
199573
198457
197338
196215
195088
193957
192821
191681
190537
189387
188233
187074
185911
184742
183570
182393
181211
180026
178836
177643
176446
175245
174041
172833
171622
170407
169189
167968
166744
165516
164286
163052
161815
160574
159330
158083
156833
155579
154322
153061
151797
150529
149258
147984
146706
145425
144140
142852
141560
140265
138967
137665
136360
135052
133740
132425
131107
129786
128461
127134
125803
124470
123133
121794
120452
119108
117761
116411
115059
113705
112348
110990
109629
108266
106902
105535
104167
102798
101427
100055
98681.8
97307.5
95932.3
94556.4
93179.9
91803
90425.8
89048.5
87671.3
86294.2
84917.5
83541.3
82165.8
80791.3
79417.8
78045.5
76674.7
75305.6
73938.3
72573
71210
69849.5
68491.6
67136.7
65784.9
64436.6
63091.8
61750.9
60414.1
59081.8
57754
56431.2
55113.6
53801.4
52495.1
51194.7
49900.7
48613.4
47333.1
46060
44794.6
43537.1
42287.8
41047.3
39815.6
38593.4
37380.8
36178.2
34986.1
33804.7
32634.4
31475.3
30327.7
29191.6
28066.9
26953.1
254885
253249
251640
250061
248514
246998
245513
244059
242634
241236
239864
238516
237190
235884
234597
233326
232071
230829
229601
228384
227177
225980
224791
223610
222437
221270
220108
218953
217802
216656
215514
214377
213243
212112
210984
209858
208733
207610
206489
205368
204247
203126
202005
200882
199758
198631
197502
196370
195234
194095
192951
191804
190653
189497
188337
187173
186004
184831
183654
182473
181288
180098
178905
177709
176509
175305
174098
172888
171674
170457
169237
168013
166787
165557
164324
163089
161850
160607
159362
158113
156861
155605
154347
153085
151819
150550
149278
148003
146724
145441
144156
142866
141574
140278
138979
137676
136371
135062
133749
132434
131115
129793
128468
127140
125809
124476
123139
121799
120457
119113
117765
116415
115063
113709
112352
110993
109632
108269
106904
105538
104170
102800
101429
100057
98683.6
97309.2
95933.9
94557.9
93181.3
91804.3
90427
89049.6
87672.3
86295.1
84918.4
83542.1
82166.6
80792
79418.4
78046.2
76675.3
75306.1
73938.8
72573.5
71210.4
69849.9
68492
67137.1
65785.3
64436.9
63092.1
61751.2
60414.4
59082.1
57754.3
56431.5
55113.9
53801.7
52495.4
51195.1
49901.1
48613.8
47333.5
46060.5
44795.2
43537.8
42288.7
41048.3
39816.9
38594.9
37382.7
36180.6
34989.1
33808.5
32639.1
31481.2
30335.2
29200.9
28078.3
26966.9
255622
254011
252422
250858
249320
247809
246324
244865
243431
242022
240637
239273
237929
236605
235298
234007
232732
231470
230221
228984
227758
226541
225333
224133
222942
221757
220578
219405
218238
217076
215918
214765
213616
212470
211326
210186
209047
207911
206775
205641
204507
203373
202239
201103
199967
198829
197689
196546
195400
194252
193100
191944
190785
189622
188455
187285
186110
184932
183749
182563
181374
180180
178983
177783
176579
175372
174162
172949
171732
170512
169289
168063
166834
165602
164367
163129
161888
160644
159396
158145
156891
155634
154374
153110
151843
150573
149300
148023
146743
145459
144172
142882
141589
140292
138992
137689
136382
135072
133759
132443
131124
129801
128476
127147
125816
124482
123145
121805
120463
119117
117770
116420
115067
113713
112356
110996
109635
108272
106907
105541
104172
102803
101432
100059
98685.5
97311
95935.6
94559.5
93182.8
91805.7
90428.3
89050.8
87673.4
86296.2
84919.3
83543
82167.5
80792.8
79419.2
78046.8
76675.9
75306.7
73939.3
72574
71210.9
69850.3
68492.4
67137.5
65785.7
64437.3
63092.5
61751.5
60414.8
59082.4
57754.6
56431.8
55114.2
53802.1
52495.7
51195.4
49901.5
48614.2
47334
46061.1
44795.8
43538.5
42289.6
41049.3
39818.2
38596.5
37384.6
36183
34992.1
33812.2
32643.8
31487.3
30342.8
29210.5
28090.3
26981.6
256448
254860
253290
251741
250213
248706
247222
245759
244319
242899
241500
240120
238759
237416
236089
234777
233480
232197
230926
229667
228418
227180
225951
224730
223518
222312
221114
219921
218735
217554
216378
215207
214039
212876
211716
210558
209403
208251
207099
205949
204800
203652
202503
201354
200205
199054
197901
196746
195590
194430
193268
192103
190935
189764
188589
187411
186230
185045
183857
182666
181471
180273
179071
177866
176658
175448
174233
173016
171796
170573
169347
168118
166887
165652
164414
163174
161930
160683
159434
158181
156925
155666
154404
153138
151870
150598
149323
148045
146763
145478
144190
142899
141605
140307
139006
137702
136394
135084
133770
132453
131133
129810
128484
127155
125823
124489
123151
121811
120468
119123
117775
116424
115072
113717
112359
111000
109639
108275
106910
105544
104175
102805
101434
100061
98687.6
97312.9
95937.4
94561.1
93184.3
91807.1
90429.7
89052.1
87674.6
86297.3
84920.4
83544
82168.3
80793.6
79419.9
78047.5
76676.6
75307.3
73939.9
72574.5
71211.4
69850.8
68492.9
67137.9
65786.1
64437.7
63092.8
61751.9
60415.1
59082.7
57755
56432.2
55114.5
53802.4
52496.1
51195.8
49901.9
48614.7
47334.5
46061.6
44796.4
43539.2
42290.4
41050.4
39819.4
38598
37386.5
36185.4
34995
33815.9
32648.5
31493.2
30350.4
29220.3
28102.8
26997.2
257361
255794
254242
252706
251187
249686
248202
246737
245289
243860
242449
241054
239676
238314
236966
235634
234315
233008
231714
230431
229159
227897
226644
225401
224165
222937
221716
220502
219294
218091
216894
215702
214515
213332
212152
210976
209802
208631
207462
206295
205129
203964
202800
201635
200470
199305
198139
196971
195802
194630
193457
192282
191103
189923
188740
187553
186365
185173
183978
182780
181579
180375
179168
177959
176746
175530
174312
173091
171867
170640
169411
168179
166944
165706
164466
163222
161976
160727
159474
158219
156961
155700
154435
153168
151898
150624
149348
148068
146785
145499
144210
142917
141621
140323
139021
137715
136407
135096
133781
132463
131143
129819
128493
127163
125831
124496
123158
121817
120474
119128
117780
116429
115076
113721
112364
111004
109642
108279
106914
105547
104178
102808
101436
100064
98689.7
97314.9
95939.2
94562.9
93186
91808.7
90431.1
89053.5
87675.9
86298.5
84921.5
83545.1
82169.3
80794.5
79420.8
78048.4
76677.4
75308.1
73940.6
72575.2
71212.1
69851.4
68493.5
67138.5
65786.6
64438.2
63093.3
61752.4
60415.6
59083.2
57755.4
56432.6
55115
53802.9
52496.5
51196.3
49902.4
48615.2
47335.1
46062.2
44797.1
43540
42291.4
41051.4
39820.7
38599.5
37388.4
36187.6
34997.8
33819.4
32653
31498.9
30357.8
29229.8
28115.1
27012.9
258353
256804
255267
253743
252232
250735
249252
247785
246332
244894
243471
242062
240668
239287
237920
236566
235225
233895
232577
231270
229973
228686
227409
226140
224879
223627
222381
221143
219911
218685
217465
216250
215040
213835
212634
211437
210242
209051
207863
206676
205492
204309
203126
201945
200764
199583
198402
197219
196036
194852
193666
192479
191290
190099
188906
187710
186513
185313
184110
182905
181698
180487
179275
178059
176841
175621
174398
173172
171944
170713
169480
168244
167006
165765
164521
163274
162025
160773
159518
158260
156999
155736
154469
153200
151927
150652
149374
148092
146808
145520
144230
142936
141639
140339
139036
137730
136420
135108
133793
132474
131153
129829
128501
127171
125838
124503
123164
121824
120480
119134
117785
116434
115081
113725
112368
111008
109646
108282
106917
105550
104181
102810
101439
100066
98691.8
97316.9
95941.1
94564.6
93187.6
91810.2
90432.6
89054.8
87677.1
86299.7
84922.6
83546.1
82170.4
80795.5
79421.7
78049.2
76678.2
75308.8
73941.3
72575.9
71212.7
69852.1
68494.1
67139.1
65787.2
64438.7
63093.9
61752.9
60416.1
59083.7
57755.9
56433.1
55115.5
53803.4
52497.1
51196.8
49903
48615.8
47335.7
46062.9
44797.9
43540.9
42292.3
41052.5
39821.9
38601
37390.1
36189.7
35000.4
33822.6
32656.9
31504
30364.3
29238.5
28126.5
27027.9
259403
257869
256344
254830
253326
251833
250351
248881
247423
245978
244544
243123
241713
240316
238930
237556
236193
234841
233499
232168
230846
229534
228231
226936
225650
224371
223100
221836
220579
219328
218083
216844
215610
214381
213156
211936
210720
209507
208297
207090
205885
204683
203482
202282
201083
199885
198688
197490
196292
195094
193894
192694
191493
190291
189087
187881
186674
185465
184254
183041
181826
180609
179390
178168
176944
175718
174490
173260
172027
170791
169554
168314
167071
165827
164579
163329
162077
160821
159563
158303
157040
155774
154505
153233
151959
150681
149401
148118
146832
145543
144251
142955
141657
140356
139052
137744
136434
135121
133804
132485
131163
129838
128510
127180
125846
124510
123171
121830
120486
119139
117790
116439
115085
113730
112372
111012
109650
108286
106920
105552
104183
102813
101441
100068
98693.9
97318.8
95942.9
94566.3
93189.2
91811.7
90434
89056.2
87678.4
86300.9
84923.7
83547.2
82171.3
80796.4
79422.6
78050.1
76679
75309.6
73942
72576.6
71213.4
69852.7
68494.7
67139.6
65787.7
64439.2
63094.4
61753.4
60416.6
59084.2
57756.4
56433.6
55116
53803.9
52497.6
51197.4
49903.5
48616.4
47336.3
46063.6
44798.6
43541.7
42293.2
41053.5
39823.1
38602.3
37391.7
36191.6
35002.7
33825.4
32660.5
31508.5
30370.2
29246.3
28137
27042
260472
258950
257435
255928
254430
252940
251459
249987
248525
247073
245630
244198
242775
241363
239960
238567
237184
235811
234447
233093
231747
230410
229082
227762
226449
225145
223848
222558
221275
219999
218729
217464
216206
214952
213704
212460
211221
209985
208754
207525
206300
205077
203856
202638
201421
200205
198990
197776
196563
195350
194136
192923
191709
190494
189279
188063
186846
185627
184407
183186
181963
180738
179512
178283
177053
175821
174587
173351
172113
170873
169631
168387
167140
165891
164640
163386
162130
160872
159611
158347
157081
155813
154542
153268
151991
150712
149429
148144
146856
145566
144272
142975
141675
140373
139067
137759
136448
135133
133816
132496
131173
129848
128519
127188
125854
124517
123178
121836
120492
119145
117795
116444
115090
113734
112376
111015
109653
108289
106923
105555
104186
102815
101443
100070
98695.8
97320.6
95944.6
94567.9
93190.7
91813.1
90435.3
89057.4
87679.6
86302
84924.8
83548.2
82172.3
80797.3
79423.4
78050.8
76679.7
75310.3
73942.7
72577.2
71214
69853.3
68495.3
67140.2
65788.3
64439.8
63094.9
61753.9
60417.1
59084.7
57756.9
56434.1
55116.5
53804.4
52498.1
51197.9
49904.1
48617
47337
46064.3
44799.4
43542.5
42294.1
41054.5
39824.2
38603.6
37393.2
36193.4
35004.8
33828
32663.7
31512.5
30375.4
29253.2
28146.5
27055.2
261269
259755
258247
256745
255250
253763
252283
250810
249345
247889
246441
245001
243570
242148
240734
239329
237933
236545
235166
233796
232433
231079
229733
228395
227064
225741
224425
223117
221814
220519
219230
217947
216669
215397
214131
212869
211612
210360
209111
207867
206625
205387
204152
202918
201687
200458
199230
198003
196778
195553
194329
193105
191881
190657
189433
188208
186983
185757
184530
183302
182072
180842
179609
178376
177141
175904
174665
173425
172183
170939
169693
168445
167195
165943
164688
163432
162173
160912
159649
158383
157115
155844
154571
153295
152016
150735
149452
148165
146876
145583
144288
142991
141690
140386
139080
137771
136458
135143
133826
132505
131181
129855
128526
127194
125860
124523
123183
121841
120496
119149
117799
116447
115093
113737
112378
111018
109655
108291
106925
105557
104187
102817
101445
100071
98696.9
97321.6
95945.6
94568.8
93191.5
91813.9
90436
89058
87680.1
86302.5
84925.2
83548.5
82172.6
80797.6
79423.7
78051
76679.9
75310.4
73942.8
72577.3
71214
69853.3
68495.2
67140.1
65788.2
64439.7
63094.8
61753.8
60417
59084.5
57756.8
56433.9
55116.3
53804.2
52497.9
51197.7
49903.9
48616.8
47336.8
46064.1
44799.2
43542.4
42294
41054.6
39824.3
38603.9
37393.6
36194
35005.6
33829.1
32665.3
31514.8
30378.7
29258.1
28153.8
27066.1
261780
260272
258768
257270
255778
254292
252813
251340
249874
248416
246964
245521
244085
242657
241237
239824
238420
237024
235636
234255
232883
231518
230161
228811
227469
226134
224806
223485
222171
220863
219562
218266
216977
215693
214415
213142
211874
210610
209351
208096
206844
205596
204350
203107
201867
200628
199392
198157
196923
195690
194459
193228
191997
190767
189537
188307
187076
185845
184613
183381
182147
180912
179676
178439
177200
175960
174719
173475
172230
170983
169735
168484
167232
165978
164721
163463
162202
160940
159675
158407
157137
155865
154591
153314
152034
150752
149467
148179
146889
145596
144300
143001
141700
140396
139088
137779
136466
135150
133832
132511
131187
129860
128531
127199
125864
124526
123186
121844
120499
119151
117802
116450
115095
113739
112380
111019
109657
108292
106926
105558
104189
102818
101446
100072
98697.8
97322.4
95946.3
94569.5
93192.2
91814.5
90436.5
89058.5
87680.6
86302.9
84925.6
83548.9
82172.9
80797.9
79423.9
78051.3
76680.1
75310.6
73942.9
72577.4
71214.1
69853.4
68495.3
67140.2
65788.3
64439.7
63094.8
61753.8
60417
59084.6
57756.8
56434
55116.4
53804.3
52498
51197.7
49903.9
48616.9
47336.9
46064.2
44799.3
43542.5
42294.2
41054.8
39824.6
38604.2
37394.1
36194.6
35006.5
33830.3
32666.8
31516.9
30381.6
29262.4
28160.2
27076.4
262141
260637
259137
257641
256151
254667
253188
251715
250249
248789
247336
245890
244451
243019
241594
240177
238768
237365
235971
234584
233204
231832
230467
229110
227760
226416
225080
223750
222427
221111
219801
218497
217199
215907
214620
213339
212063
210791
209525
208262
207003
205748
204495
203245
201998
200753
199510
198269
197029
195791
194554
193318
192082
190848
189613
188379
187145
185910
184675
183439
182202
180965
179726
178486
177245
176002
174758
173512
172265
171016
169766
168514
167260
166004
164746
163486
162224
160960
159693
158425
157154
155881
154605
153327
152047
150764
149478
148189
146898
145605
144308
143009
141707
140402
139095
137784
136471
135155
133836
132515
131191
129864
128534
127202
125867
124529
123189
121846
120501
119153
117803
116451
115097
113740
112381
111021
109658
108293
106927
105559
104189
102818
101446
100073
98698.4
97323
95946.8
94570
93192.6
91814.9
90436.9
89058.9
87680.9
86303.2
84925.9
83549.1
82173.1
80798.1
79424.1
78051.4
76680.2
75310.7
73943.1
72577.5
71214.2
69853.4
68495.4
67140.2
65788.3
64439.8
63094.9
61753.9
60417
59084.6
57756.8
56434
55116.4
53804.3
52498
51197.8
49904
48616.9
47336.9
46064.3
44799.4
43542.6
42294.3
41055
39824.9
38604.5
37394.4
36195.1
35007.1
33831.2
32668
31518.5
30383.9
29265.8
28165.7
27085.6
262394
260893
259395
257902
256413
254930
253452
251979
250513
249052
247598
246150
244709
243274
241847
240427
239013
237607
236209
234817
233433
232055
230685
229322
227966
226617
225275
223939
222610
221288
219971
218661
217357
216059
214766
213479
212198
210921
209649
208382
207118
205857
204600
203345
202093
200843
199595
198349
197105
195863
194622
193382
192143
190906
189668
188431
187194
185957
184720
183482
182243
181003
179762
178520
177277
176033
174787
173540
172291
171041
169789
168535
167280
166023
164764
163503
162240
160974
159707
158438
157166
155892
154616
153337
152056
150772
149486
148197
146905
145611
144314
143014
141712
140407
139099
137788
136475
135159
133840
132518
131194
129866
128537
127204
125869
124531
123191
121848
120503
119155
117805
116452
115098
113741
112382
111021
109659
108294
106928
105560
104190
102819
101447
100073
98698.8
97323.4
95947.2
94570.3
93192.9
91815.2
90437.2
89059.1
87681.2
86303.4
84926.1
83549.3
82173.3
80798.2
79424.2
78051.5
76680.3
75310.8
73943.1
72577.5
71214.2
69853.5
68495.4
67140.3
65788.3
64439.8
63094.9
61753.9
60417
59084.6
57756.8
56433.9
55116.3
53804.2
52497.9
51197.7
49904
48616.9
47336.9
46064.3
44799.4
43542.7
42294.4
41055.1
39825
38604.7
37394.7
36195.5
35007.6
33831.8
32668.9
31519.8
30385.7
29268.5
28170.1
27093.7
262570
261071
259575
258083
256596
255113
253636
252163
250696
249235
247780
246331
244889
243453
242024
240601
239185
237777
236375
234980
233593
232212
230838
229471
228112
226758
225412
224072
222739
221412
220091
218776
217468
216165
214869
213578
212292
211012
209737
208467
207200
205936
204675
203416
202160
200907
199655
198406
197159
195914
194670
193428
192187
190946
189707
188469
187230
185992
184752
183513
182272
181031
179788
178545
177301
176055
174808
173559
172309
171058
169805
168551
167294
166036
164777
163515
162251
160985
159717
158447
157175
155900
154623
153344
152063
150779
149492
148202
146910
145616
144318
143018
141716
140410
139102
137791
136478
135161
133842
132520
131196
129868
128538
127206
125870
124532
123192
121849
120504
119156
117806
116453
115099
113742
112383
111022
109659
108295
106928
105560
104190
102819
101447
100074
98699.1
97323.6
95947.4
94570.5
93193.1
91815.4
90437.4
89059.3
87681.3
86303.5
84926.2
83549.4
82173.4
80798.3
79424.3
78051.6
76680.4
75310.8
73943.2
72577.6
71214.3
69853.5
68495.4
67140.3
65788.3
64439.8
63094.9
61753.8
60417
59084.5
57756.8
56433.9
55116.3
53804.2
52497.9
51197.7
49903.9
48616.9
47336.9
46064.3
44799.4
43542.7
42294.5
41055.1
39825.1
38604.9
37394.9
36195.7
35007.9
33832.3
32669.5
31520.6
30387
29270.6
28173.6
27100.6
262691
261193
259698
258207
256721
255239
253762
252289
250822
249361
247906
246456
245013
243576
242145
240721
239304
237893
236490
235093
233703
232320
230944
229574
228212
226856
225506
224164
222827
221497
220173
218855
217544
216238
214939
213645
212357
211075
209799
208526
207257
205991
204727
203466
202207
200951
199697
198446
197196
195949
194703
193459
192216
190975
189734
188495
187255
186016
184776
183535
182293
181050
179807
178563
177317
176071
174823
173573
172322
171070
169817
168561
167305
166046
164786
163523
162259
160993
159724
158454
157181
155906
154629
153349
152067
150783
149496
148206
146914
145619
144321
143021
141718
140413
139104
137793
136480
135163
133844
132522
131197
129870
128539
127207
125871
124533
123193
121850
120504
119157
117806
116454
115099
113742
112383
111022
109660
108295
106928
105560
104191
102820
101447
100074
98699.3
97323.8
95947.6
94570.7
93193.3
91815.5
90437.5
89059.4
87681.4
86303.6
84926.3
83549.5
82173.5
80798.3
79424.3
78051.6
76680.4
75310.8
73943.2
72577.6
71214.3
69853.5
68495.4
67140.2
65788.3
64439.7
63094.8
61753.8
60417
59084.5
57756.7
56433.9
55116.3
53804.2
52497.9
51197.7
49903.9
48616.9
47336.9
46064.3
44799.4
43542.7
42294.5
41055.2
39825.2
38604.9
37395
36195.9
35008.2
33832.6
32669.9
31521.3
30387.9
29272
28176.3
27106.4
262771
261274
259781
258290
256805
255323
253846
252374
250907
249445
247990
246540
245096
243658
242227
240802
239384
237972
236567
235169
233777
232393
231015
229644
228279
226922
225570
224225
222887
221554
220228
218908
217594
216286
214985
213690
212401
211118
209840
208567
207297
206030
204764
203501
202239
200981
199725
198472
197221
195972
194725
193480
192236
190993
189752
188512
187272
186033
184792
183550
182308
181064
179820
178575
177329
176082
174833
173583
172332
171079
169825
168569
167312
166053
164792
163529
162264
160998
159729
158458
157185
155910
154632
153353
152070
150786
149499
148209
146916
145621
144324
143023
141720
140414
139106
137795
136481
135164
133845
132523
131198
129870
128540
127207
125872
124534
123193
121850
120505
119157
117807
116454
115099
113743
112384
111023
109660
108295
106929
105561
104191
102820
101447
100074
98699.4
97323.9
95947.7
94570.8
93193.4
91815.6
90437.6
89059.5
87681.5
86303.7
84926.3
83549.5
82173.5
80798.4
79424.4
78051.6
76680.4
75310.8
73943.2
72577.6
71214.3
69853.4
68495.4
67140.2
65788.3
64439.7
63094.8
61753.8
60416.9
59084.5
57756.7
56433.9
55116.2
53804.1
52497.8
51197.7
49903.9
48616.8
47336.8
46064.2
44799.4
43542.7
42294.5
41055.2
39825.2
38605
37395.1
36196
35008.3
33832.8
32670.2
31521.6
30388.6
29273
28178.3
27111.1
262823
261327
259834
258344
256858
255377
253900
252428
250961
249500
248044
246593
245149
243711
242279
240854
239435
238023
236617
235218
233826
232440
231061
229689
228323
226964
225612
224265
222925
221591
220263
218942
217626
216316
215013
213717
212428
211145
209868
208595
207325
206056
204789
203523
202261
201000
199743
198489
197237
195987
194739
193492
192248
191005
189764
188524
187284
186044
184803
183561
182318
181074
179829
178584
177337
176089
174840
173589
172337
171084
169830
168574
167316
166057
164796
163533
162268
161001
159732
158461
157187
155912
154634
153355
152072
150788
149500
148211
146918
145623
144325
143024
141721
140415
139107
137796
136482
135165
133846
132523
131199
129871
128541
127208
125872
124534
123194
121851
120505
119157
117807
116454
115100
113743
112384
111023
109660
108295
106929
105561
104191
102820
101448
100074
98699.5
97324
95947.7
94570.8
93193.4
91815.6
90437.6
89059.5
87681.5
86303.7
84926.3
83549.5
82173.5
80798.4
79424.4
78051.6
76680.4
75310.8
73943.2
72577.6
71214.2
69853.4
68495.3
67140.2
65788.2
64439.7
63094.8
61753.8
60416.9
59084.4
57756.7
56433.8
55116.2
53804.1
52497.8
51197.6
49903.8
48616.8
47336.8
46064.2
44799.4
43542.7
42294.4
41055.1
39825.2
38605
37395.1
36196
35008.4
33832.9
32670.4
31521.9
30389
29273.6
28179.7
27114.7
262854
261358
259866
258376
256891
255410
253933
252461
250994
249533
248077
246626
245182
243744
242311
240886
239466
238054
236647
235248
233855
232469
231089
229716
228350
226990
225637
224290
222949
221614
220285
218961
217644
216334
215029
213732
212443
211162
209886
208614
207343
206074
204805
203538
202274
201012
199754
198499
197246
195996
194747
193500
192254
191011
189770
188530
187291
186052
184811
183568
182324
181080
179835
178589
177342
176094
174844
173593
172341
171088
169833
168577
167319
166060
164798
163535
162270
161003
159734
158462
157189
155914
154636
153356
152074
150789
149501
148212
146919
145624
144326
143025
141722
140416
139107
137796
136482
135166
133846
132524
131199
129871
128541
127208
125873
124535
123194
121851
120505
119157
117807
116455
115100
113743
112384
111023
109660
108295
106929
105561
104191
102820
101448
100074
98699.5
97324
95947.7
94570.8
93193.4
91815.6
90437.6
89059.5
87681.5
86303.7
84926.3
83549.5
82173.5
80798.4
79424.3
78051.6
76680.4
75310.8
73943.1
72577.5
71214.2
69853.4
68495.3
67140.2
65788.2
64439.6
63094.7
61753.7
60416.9
59084.4
57756.6
56433.8
55116.2
53804.1
52497.8
51197.6
49903.8
48616.7
47336.7
46064.2
44799.3
43542.6
42294.4
41055.1
39825.1
38605
37395.1
36196
35008.4
33832.9
32670.5
31522
30389.2
29273.9
28180.6
27117.3
262871
261376
259883
258394
256909
255428
253951
252479
251012
249550
248094
246644
245199
243761
242329
240903
239484
238071
236665
235265
233871
232485
231105
229731
228365
227004
225651
224303
222962
221626
220296
218972
217654
216342
215036
213738
212449
211170
209896
208626
207355
206085
204814
203546
202280
201018
199759
198504
197251
196000
194751
193504
192258
191015
189774
188534
187295
186055
184814
183571
182328
181083
179838
178592
177345
176096
174846
173595
172343
171090
169835
168579
167321
166061
164800
163536
162271
161004
159735
158463
157190
155914
154637
153357
152074
150789
149502
148212
146919
145624
144326
143025
141722
140416
139108
137796
136482
135166
133846
132524
131199
129871
128541
127208
125873
124535
123194
121851
120505
119158
117807
116455
115100
113743
112384
111023
109660
108295
106929
105561
104191
102820
101448
100074
98699.5
97324
95947.7
94570.8
93193.4
91815.6
90437.6
89059.5
87681.5
86303.7
84926.3
83549.5
82173.5
80798.3
79424.3
78051.6
76680.3
75310.8
73943.1
72577.5
71214.2
69853.4
68495.3
67140.1
65788.2
64439.6
63094.7
61753.7
60416.8
59084.4
57756.6
56433.7
55116.1
53804
52497.7
51197.5
49903.7
48616.7
47336.7
46064.1
44799.3
43542.6
42294.4
41055.1
39825.1
38604.9
37395
36196
35008.4
33832.9
32670.5
31522
30389.3
29274
28181.2
27119.1
262878
261383
259890
258401
256916
255435
253958
252486
251020
249558
248102
246651
245207
243768
242336
240910
239491
238078
236671
235271
233878
232491
231111
229738
228371
227010
225656
224309
222967
221631
220301
218976
217658
216345
215039
213741
212451
211172
209898
208628
207358
206088
204818
203549
202283
201021
199762
198506
197253
196002
194753
193506
192260
191017
189776
188536
187296
186056
184815
183572
182328
181084
179839
178593
177346
176097
174847
173596
172344
171091
169836
168579
167321
166062
164800
163537
162272
161004
159735
158464
157190
155915
154637
153357
152074
150790
149502
148212
146920
145624
144326
143026
141722
140416
139108
137797
136483
135166
133846
132524
131199
129872
128541
127208
125873
124535
123194
121851
120505
119158
117807
116455
115100
113743
112384
111023
109660
108295
106929
105561
104191
102820
101448
100074
98699.5
97324
95947.7
94570.8
93193.4
91815.6
90437.6
89059.5
87681.4
86303.7
84926.3
83549.5
82173.4
80798.3
79424.3
78051.6
76680.3
75310.8
73943.1
72577.5
71214.1
69853.3
68495.2
67140.1
65788.1
64439.6
63094.7
61753.6
60416.8
59084.3
57756.5
56433.7
55116.1
53804
52497.7
51197.5
49903.7
48616.6
47336.6
46064.1
44799.2
43542.5
42294.3
41055
39825.1
38604.9
37395
36195.9
35008.3
33832.9
32670.5
31522
30389.3
29274.1
28181.5
27120.1
26118
25117
24063.3
22967
21836.4
20675.5
19487.1
18273.8
17038.6
15784.7
14515.7
13236.2
11951.4
10667
9389.7
8128.13
6892.46
5694.95
4549.95
3474.95
2490.47
1621.69
898.078
357.239
46.1993
26088.5
25077
24022
22926.6
21796.6
20636.6
19449.4
18237.5
17003.8
15751.5
14484.3
13206.4
11922.8
10639.4
9363.6
8103.76
6870.02
5674.53
4531.74
3459.05
2477.09
1610.92
890.256
352.383
44.798
26061.3
25039.3
23981.2
22885.4
21755.8
20596.3
19410
18199.2
16966.8
15715.7
14449.8
13173.4
11891.4
10609.8
9335.83
8077.93
6846.24
5652.94
4512.46
3442.24
2462.9
1599.55
881.902
347.352
43.3684
26036.9
25006.5
23944.4
22847.6
21718
20558.9
19373.2
18163.3
16931.9
15682.1
14417.5
13142.5
11862
10581.9
9309.6
8053.52
6823.77
5632.54
4494.27
3426.39
2449.57
1588.9
874.182
342.797
42.1791
26014.5
24977.1
23910.6
22812
21682.1
20523.1
19337.8
18128.7
16898.2
15649.5
14386.2
13112.4
11833.3
10554.9
9284.29
8029.98
6802.11
5612.88
4476.73
3411.13
2436.71
1578.65
866.767
338.515
41.1484
25993.4
24950.2
23879.6
22779.1
21648.5
20489.5
19304.6
18096.1
16866.5
15618.8
14356.6
13084.1
11806.4
10529.3
9260.23
8007.58
6781.49
5594.16
4460.05
3396.62
2424.55
1569
859.878
334.603
40.2757
25973.5
24925.5
23851.2
22748.6
21617
20457.9
19273.1
18065
16836.1
15589.3
14328.1
13056.8
11780.3
10504.7
9237.18
7986.16
6761.8
5576.3
4444.13
3382.78
2412.93
1559.8
853.308
330.961
39.5134
25954.8
24902.6
23825
22720.1
21587.5
20428
19243.4
18035.7
16807.4
15561.5
14301.3
13031.1
11755.9
10481.6
9215.36
7965.82
6743.07
5559.31
4429
3369.65
2401.95
1551.14
847.227
327.627
38.8586
25937.1
24881.4
23800.7
22693.8
21560.1
20400.1
19215.4
18008
16780.3
15535
14275.7
13006.5
11732.4
10459.3
9194.53
7946.49
6725.3
5543.2
4414.66
3357.2
2391.53
1542.95
841.445
324.538
38.2822
25920.5
24861.6
23778.3
22669.4
21534.5
20374
19189.1
17981.9
16754.6
15510.1
14251.7
12983.4
11710.4
10438.6
9174.95
7928.21
6708.47
5527.94
4401.08
3345.43
2381.72
1535.26
836.132
321.714
37.7804
25904.8
24843.3
23757.5
22646.8
21510.7
20349.5
19164.6
17957.5
16730.6
15486.6
14228.9
12961.5
11689.4
10418.7
9156.32
7910.94
6692.61
5513.57
4388.3
3334.35
2372.48
1528.03
831.085
319.107
37.3364
25890.2
24826.2
23738.3
22625.9
21488.6
20326.8
19141.6
17934.6
16708
15464.6
14207.5
12941
11669.9
10400.2
9138.97
7894.72
6677.67
5500.03
4376.26
3323.93
2363.82
1521.3
826.498
316.73
36.946
25876.5
24810.4
23720.6
22606.6
21468.2
20305.8
19120.3
17913.3
16687
15444
14187.6
12921.8
11651.5
10382.7
9122.53
7879.5
6663.7
5487.38
4365.02
3314.21
2355.73
1515
822.144
314.545
36.5995
25863.8
24795.8
23704.3
22588.8
21449.4
20286.3
19100.5
17893.5
16667.4
15424.8
14168.9
12903.9
11634.4
10366.6
9107.38
7865.34
6650.65
5475.55
4354.52
3305.13
2348.21
1509.18
818.232
312.565
36.2932
25852
24782.4
23689.3
22572.6
21432.1
20268.4
19082.3
17875.3
16649.3
15407.1
14151.7
12887.3
11618.5
10351.4
9093.15
7852.14
6638.56
5464.61
4344.81
3296.74
2341.25
1503.79
814.541
310.754
36.0212
25841.1
24770
23675.6
22557.7
21416.4
20252
19065.6
17858.5
16632.7
15390.7
14135.8
12871.9
11603.9
10337.6
9080.17
7840.04
6627.4
5454.49
4335.83
3289
2334.85
1498.86
811.249
309.128
35.7809
25831.2
24758.8
23663.2
22544.2
21402.1
20237.2
19050.4
17843.2
16617.5
15375.8
14121.3
12857.9
11590.4
10324.8
9068.14
7828.87
6617.17
5445.25
4327.63
3281.92
2328.99
1494.35
808.201
307.652
35.5682
25822.2
24748.7
23652
22532.1
21389.2
20223.7
19036.7
17829.4
16603.7
15362.2
14108.1
12845.1
11578.2
10313.3
9057.32
7818.8
6607.88
5436.83
4320.17
3275.49
2323.69
1490.29
805.503
306.347
35.3815
25814.1
24739.7
23642
22521.3
21377.7
20211.7
19024.4
17816.9
16591.3
15350
14096.2
12833.7
11567.3
10302.9
9047.49
7809.66
6599.52
5429.28
4313.47
3269.73
2318.93
1486.64
803.057
305.176
35.2179
25807
24731.7
23633.2
22511.8
21367.5
20201.1
19013.5
17806
16580.4
15339.2
14085.6
12823.5
11557.5
10293.6
9038.82
7801.61
6592.1
5422.56
4307.52
3264.61
2314.72
1483.42
800.935
304.166
35.0765
25800.7
24724.8
23625.6
22503.5
21358.7
20191.9
19004
17796.4
16570.8
15329.8
14076.4
12814.5
11548.9
10285.5
9031.18
7794.5
6585.59
5416.69
4302.32
3260.14
2311.04
1480.61
799.067
303.278
34.9551
25795.4
24718.8
23619.1
22496.4
21351.2
20184.1
18995.9
17788.2
16562.6
15321.7
14068.5
12806.9
11541.6
10278.5
9024.66
7788.46
6580.04
5411.65
4297.87
3256.31
2307.9
1478.22
797.503
302.541
34.8536
25791
24713.9
23613.7
22490.6
21345
20177.5
18989.2
17781.3
16555.8
15314.9
14061.9
12800.5
11535.5
10272.7
9019.21
7783.38
6575.38
5407.46
4294.16
3253.13
2305.29
1476.24
796.192
301.922
34.7698
25787.5
24710.1
23609.4
22486
21340
20172.3
18983.8
17775.9
16550.3
15309.5
14056.6
12795.4
11530.6
10268.1
9014.86
7779.35
6571.68
5404.11
4291.2
3250.59
2303.22
1474.67
795.17
301.446
34.7044
25784.9
24707.2
23606.3
22482.5
21336.3
20168.4
18979.8
17771.8
16546.2
15305.5
14052.6
12791.5
11526.9
10264.6
9011.58
7776.29
6568.88
5401.59
4288.98
3248.7
2301.67
1473.5
794.397
301.082
34.6553
25783.2
24705.3
23604.2
22480.2
21333.9
20165.9
18977.1
17769
16543.4
15302.7
14049.9
12788.9
11524.4
10262.3
9009.38
7774.26
6567.03
5399.93
4287.51
3247.44
2300.65
1472.74
793.912
300.856
34.6237
25782.4
24704.5
23603.2
22479.1
21332.7
20164.6
18975.8
17767.6
16542
15301.3
14048.6
12787.6
11523.2
10261.1
9008.27
7773.24
6566.09
5399.08
4286.78
3246.82
2300.16
1472.37
793.676
300.743
34.6078
25782.6
24704.6
23603.3
22479.2
21332.7
20164.6
18975.7
17767.6
16542
15301.3
14048.5
12787.5
11523.1
10261
9008.24
7773.22
6566.08
5399.09
4286.79
3246.85
2300.2
1472.42
793.723
300.766
34.6091
25784.1
24706.2
23605
22480.9
21334.5
20166.4
18977.6
17769.5
16543.8
15303.1
14050.3
12789.3
11524.8
10262.7
9009.77
7774.65
6567.4
5400.29
4287.87
3247.79
2300.99
1473.04
794.144
300.958
34.6329
25786.9
24709.2
23608.2
22484.4
21338.1
20170.1
18981.4
17773.3
16547.7
15306.9
14054
12792.9
11528.3
10265.9
9012.86
7777.53
6570.06
5402.71
4290.02
3249.66
2302.56
1474.25
794.958
301.34
34.6808
25791
24713.7
23613
22489.5
21343.5
20175.7
18987.1
17779.1
16553.4
15312.6
14059.6
12798.3
11533.4
10270.9
9017.51
7781.87
6574.05
5406.32
4293.24
3252.44
2304.87
1476.04
796.152
301.893
34.752
25796.5
24719.6
23619.4
22496.3
21350.7
20183.2
18994.8
17786.8
16561.2
15320.2
14067
12805.5
11540.4
10277.5
9023.72
7787.65
6579.38
5411.15
4297.53
3256.16
2307.95
1478.42
797.744
302.648
34.8483
25803.3
24727
23627.4
22504.9
21359.7
20192.6
19004.4
17796.6
16570.9
15329.8
14076.4
12814.6
11549.1
10285.7
9031.51
7794.91
6586.05
5417.19
4302.9
3260.79
2311.79
1481.37
799.724
303.573
34.9698
25811.3
24735.8
23637
22515.2
21370.6
20204
19016.1
17808.3
16582.6
15341.4
14087.7
12825.5
11559.5
10295.7
9040.86
7803.61
6594.06
5424.44
4309.33
3266.35
2316.4
1484.93
802.117
304.718
35.1188
25820.7
24746.1
23648.2
22527.3
21383.4
20217.3
19029.7
17822.1
16596.4
15354.9
14100.9
12838.3
11571.8
10307.3
9051.79
7813.79
6603.42
5432.91
4316.85
3272.84
2321.78
1489.07
804.911
306.04
35.2962
25831.4
24757.9
23661.1
22541.2
21398.2
20232.6
19045.5
17838
16612.1
15370.4
14116
12852.9
11585.8
10320.6
9064.29
7825.42
6614.11
5442.59
4325.45
3280.26
2327.94
1493.83
808.134
307.605
35.5052
25843.4
24771.2
23675.8
22557
21414.9
20250.1
19063.3
17856
16630
15388
14133.1
12869.4
11601.6
10335.5
9078.38
7838.54
6626.17
5453.5
4335.14
3288.62
2334.89
1499.19
811.782
309.368
35.7483
25856.7
24786.1
23692.2
22574.7
21433.8
20269.7
19083.3
17876.1
16649.9
15407.6
14152.1
12887.7
11619.1
10352.2
9094.04
7853.11
6639.57
5465.63
4345.9
3297.92
2342.62
1505.17
815.875
311.39
36.0299
25871.3
24802.5
23710.4
22594.5
21454.8
20291.5
19105.5
17898.3
16672
15429.2
14173.2
12908
11638.5
10370.6
9111.32
7869.18
6654.35
5479
4357.78
3308.17
2351.15
1511.78
820.422
313.649
36.3548
25887.2
24820.7
23730.6
22616.5
21478
20315.5
19130
17922.8
16696.2
15452.9
14196.2
12930.1
11659.6
10390.6
9130.16
7886.7
6670.46
5493.57
4370.74
3319.36
2360.47
1519.02
825.431
316.189
36.7298
25904.4
24840.5
23752.9
22640.7
21503.6
20342
19156.8
17949.6
16722.7
15478.8
14221.3
12954.2
11682.7
10412.4
9150.65
7905.75
6687.98
5509.42
4384.83
3331.53
2370.63
1526.91
830.915
319.01
37.1635
25923
24862.2
23777.3
22667.3
21531.7
20370.9
19186
17978.7
16751.3
15506.7
14248.2
12980.2
11707.4
10435.9
9172.7
7926.24
6706.83
5526.47
4400.01
3344.63
2381.58
1535.44
836.895
322.144
37.6671
25942.1
24884.8
23802.9
22695.2
21561
20401
19216.2
18008.7
16780.9
15535.5
14276.2
13007
11733
10460
9195.4
7947.33
6726.24
5544.03
4415.64
3358.14
2392.88
1544.26
843.107
325.46
38.2301
25960.7
24907.1
23828.3
22722.7
21589.9
20430.4
19245.8
18038
16809.6
15563.4
14303.1
13032.8
11757.6
10483.3
9217.3
7967.67
6744.96
5560.96
4430.72
3371.18
2403.8
1552.8
849.166
328.758
38.8247
25978.6
24928.9
23853.2
22749.6
21617.9
20458.9
19274.3
18066.2
16837.2
15590.2
14328.9
13057.6
11781.2
10505.6
9238.26
7987.13
6762.87
5577.17
4445.17
3383.67
2414.27
1561.02
855.008
331.992
39.4455
25995.7
24950
23877.3
22775.7
21644.9
20486.2
19301.4
18092.9
16863.3
15615.5
14353.4
13081
11803.5
10526.7
9258.06
8005.51
6779.79
5592.49
4458.82
3395.5
2424.19
1568.81
860.569
335.127
40.0886
26012
24970.5
23900.7
22800.8
21670.7
20512.1
19327.3
18118.3
16888.1
15639.6
14376.5
13103.1
11824.6
10546.6
9276.76
8022.87
6795.78
5606.97
4471.73
3406.68
2433.57
1576.22
865.854
338.149
40.7506
26027.6
24990.1
23923.2
22824.7
21695.2
20536.7
19351.6
18142.2
16911.3
15662.1
14398.2
13123.8
11844.4
10565.2
9294.24
8039.11
6810.72
5620.51
4483.8
3417.16
2442.34
1583.17
870.82
341.029
41.4266
26042.4
25009.1
23944.8
22847.5
21718.4
20559.9
19374.5
18164.6
16933.2
15683.2
14418.5
13143.3
11862.8
10582.7
9310.61
8054.31
6824.7
5633.2
4495.1
3426.99
2450.57
1589.71
875.487
343.767
42.1122
26056.4
25027.4
23965.4
22869
21740.1
20581.5
19395.8
18185.5
16953.5
15702.8
14437.3
13161.3
11880
10598.9
9325.78
8068.41
6837.66
5644.98
4505.59
3436.13
2458.21
1595.8
879.834
346.343
42.8025
26069.7
25044.9
23985
22889.3
21760.6
20601.8
19415.8
18205
16972.4
15721.1
14454.9
13178.1
11895.9
10614
9339.89
8081.54
6849.71
5655.95
4515.34
3444.65
2465.31
1601.49
883.886
348.761
43.492
26082.4
25061.8
24003.5
22908.3
21779.6
20620.7
19434.3
18223
16989.8
15738
14471.1
13193.6
11910.7
10627.9
9352.89
8093.65
6860.83
5666.08
4524.34
3452.52
2471.88
1606.77
887.641
351.014
44.1767
26094.7
25078.1
24020.9
22926.1
21797.4
20638.2
19451.5
18239.7
17006
15753.6
14486.1
13207.9
11924.3
10640.7
9364.91
8104.86
6871.1
5675.45
4532.65
3459.82
2477.94
1611.66
891.113
353.104
44.8511
26106.7
25093.6
24037.2
22942.6
21813.9
20654.5
19467.4
18255.2
17020.9
15768
14499.9
13221.2
11936.8
10652.6
9375.97
8115.19
6880.55
5684.09
4540.31
3466.55
2483.53
1616.2
894.326
355.047
45.5134
26118.9
25108.5
24052.4
22957.9
21829.1
20669.5
19481.9
18269.3
17034.6
15781.2
14512.6
13233.3
11948.3
10663.5
9386.09
8124.65
6889.2
5692.01
4547.32
3472.73
2488.63
1620.36
897.261
356.823
46.1524
26132
25122.9
24066.8
22972.4
21843.4
20683.5
19495.5
18282.5
17047.3
15793.4
14524.4
13244.6
11958.9
10673.6
9395.47
8133.44
6897.23
5699.37
4553.83
3478.48
2493.39
1624.24
900.002
358.488
46.7806
26145.2
25135.9
24079.4
22984.4
21855.5
20695.2
19506.9
18293.5
17057.9
15803.6
14534.1
13253.8
11967.6
10681.8
9403.05
8140.53
6903.65
5705.27
4559
3483.06
2497.13
1627.33
902.123
359.78
47.291
)
;

boundaryField
{
    inlet
    {
        type            calculated;
        value           nonuniform List<scalar> 
30
(
2.73613e+07
2.73619e+07
2.73627e+07
2.73636e+07
2.73643e+07
2.73656e+07
2.73671e+07
2.7369e+07
2.73719e+07
2.73752e+07
2.7381e+07
2.73856e+07
2.73927e+07
2.74019e+07
2.7414e+07
2.74284e+07
2.74461e+07
2.74649e+07
2.74877e+07
2.75102e+07
2.75225e+07
2.75334e+07
2.75369e+07
2.75406e+07
2.75424e+07
2.75413e+07
2.75405e+07
2.75405e+07
2.75406e+07
2.75408e+07
)
;
    }
    outlet
    {
        type            calculated;
        value           uniform 0;
    }
    upperWall
    {
        type            calculated;
        value           nonuniform List<scalar> 
223
(
2.75408e+07
2.71084e+07
2.66686e+07
2.62499e+07
2.58532e+07
2.54774e+07
2.51216e+07
2.47846e+07
2.44657e+07
2.41638e+07
2.3878e+07
2.36076e+07
2.33516e+07
2.31094e+07
2.28801e+07
2.26631e+07
2.24577e+07
2.22632e+07
2.21064e+07
2.19816e+07
2.1857e+07
2.17326e+07
2.16085e+07
2.14848e+07
2.13613e+07
2.12382e+07
2.11155e+07
2.09931e+07
2.08712e+07
2.07497e+07
2.06286e+07
2.0508e+07
2.03879e+07
2.02682e+07
2.01491e+07
2.00305e+07
1.99123e+07
1.97947e+07
1.96777e+07
1.95611e+07
1.94451e+07
1.93296e+07
1.92147e+07
1.91003e+07
1.89864e+07
1.8873e+07
1.87601e+07
1.86477e+07
1.85359e+07
1.84245e+07
1.83135e+07
1.82031e+07
1.80931e+07
1.79835e+07
1.78744e+07
1.77656e+07
1.76572e+07
1.75492e+07
1.74415e+07
1.73341e+07
1.7227e+07
1.71202e+07
1.70136e+07
1.69074e+07
1.68014e+07
1.66956e+07
1.65901e+07
1.64847e+07
1.63795e+07
1.62745e+07
1.61696e+07
1.60648e+07
1.59601e+07
1.58556e+07
1.57511e+07
1.56466e+07
1.55422e+07
1.54378e+07
1.53334e+07
1.5229e+07
1.51246e+07
1.50202e+07
1.49157e+07
1.48112e+07
1.47065e+07
1.46018e+07
1.44971e+07
1.43922e+07
1.42871e+07
1.4182e+07
1.40767e+07
1.39713e+07
1.38657e+07
1.376e+07
1.36541e+07
1.3548e+07
1.34417e+07
1.33352e+07
1.32286e+07
1.31217e+07
1.30146e+07
1.29073e+07
1.27998e+07
1.2692e+07
1.25841e+07
1.24759e+07
1.23674e+07
1.22587e+07
1.21498e+07
1.20407e+07
1.19313e+07
1.18216e+07
1.17117e+07
1.16016e+07
1.14912e+07
1.13806e+07
1.12697e+07
1.11586e+07
1.10473e+07
1.09357e+07
1.08239e+07
1.07119e+07
1.05996e+07
1.04871e+07
1.03744e+07
1.02615e+07
1.01483e+07
1.0035e+07
9.92142e+06
9.80767e+06
9.69373e+06
9.57961e+06
9.46531e+06
9.35084e+06
9.23621e+06
9.12142e+06
9.00649e+06
8.89141e+06
8.77621e+06
8.66089e+06
8.54545e+06
8.42992e+06
8.3143e+06
8.19859e+06
8.08282e+06
7.96699e+06
7.85112e+06
7.73522e+06
7.61929e+06
7.50336e+06
7.38743e+06
7.27152e+06
7.15564e+06
7.03981e+06
6.92404e+06
6.80834e+06
6.69274e+06
6.57724e+06
6.46187e+06
6.34664e+06
6.23156e+06
6.11666e+06
6.00195e+06
5.88745e+06
5.77318e+06
5.65915e+06
5.54539e+06
5.43192e+06
5.31876e+06
5.20592e+06
5.09343e+06
4.98131e+06
4.86959e+06
4.75828e+06
4.64742e+06
4.53701e+06
4.4271e+06
4.3177e+06
4.20884e+06
4.10054e+06
3.99285e+06
3.88578e+06
3.77936e+06
3.67362e+06
3.56861e+06
3.46435e+06
3.36087e+06
3.25823e+06
3.15646e+06
3.0556e+06
2.95572e+06
2.85688e+06
2.75915e+06
2.66263e+06
2.56745e+06
2.47381e+06
2.38207e+06
2.29304e+06
2.21202e+06
2.12652e+06
2.03693e+06
1.94412e+06
1.84849e+06
1.75032e+06
1.64985e+06
1.5473e+06
1.44289e+06
1.33691e+06
1.22965e+06
1.12146e+06
1.01276e+06
904082
795982
689223
584613
483217
386209
295113
211608
137904
76411.3
30395.4
3945.34
)
;
    }
    lowerWall
    {
        type            calculated;
        value           nonuniform List<scalar> 
250
(
2.73613e+07
2.69239e+07
2.64741e+07
2.60403e+07
2.56235e+07
2.52225e+07
2.48362e+07
2.44634e+07
2.4103e+07
2.37536e+07
2.34139e+07
2.30822e+07
2.27566e+07
2.24346e+07
2.21128e+07
2.17859e+07
2.14445e+07
2.10645e+07
1.78028e+07
1.78092e+07
1.78222e+07
1.78416e+07
1.78678e+07
1.79008e+07
1.79409e+07
1.79882e+07
1.80433e+07
1.81065e+07
1.81782e+07
1.82592e+07
1.83501e+07
1.84521e+07
1.85664e+07
1.86985e+07
1.8845e+07
1.89929e+07
1.91417e+07
1.9291e+07
1.94409e+07
1.9592e+07
1.9745e+07
1.99012e+07
2.0064e+07
2.02402e+07
2.04322e+07
1.78028e+07
1.78014e+07
1.77985e+07
1.77942e+07
1.77884e+07
1.7781e+07
1.77721e+07
1.77616e+07
1.77495e+07
1.77358e+07
1.77205e+07
1.77035e+07
1.76849e+07
1.76646e+07
1.76426e+07
1.76189e+07
1.75935e+07
1.75665e+07
1.75377e+07
1.75072e+07
1.74751e+07
1.74413e+07
1.74058e+07
1.73687e+07
1.73299e+07
1.72894e+07
1.72474e+07
1.72037e+07
1.71585e+07
1.71116e+07
1.70632e+07
1.70133e+07
1.69618e+07
1.69089e+07
1.68544e+07
1.67985e+07
1.67412e+07
1.66824e+07
1.66222e+07
1.65607e+07
1.64978e+07
1.64335e+07
1.63679e+07
1.6301e+07
1.62329e+07
1.61635e+07
1.60929e+07
1.60211e+07
1.59481e+07
1.5874e+07
1.57988e+07
1.57225e+07
1.56451e+07
1.55667e+07
1.54872e+07
1.54068e+07
1.53254e+07
1.5243e+07
1.51597e+07
1.50754e+07
1.49903e+07
1.49043e+07
1.48174e+07
1.47297e+07
1.46411e+07
1.45518e+07
1.44616e+07
1.43707e+07
1.4279e+07
1.41865e+07
1.40933e+07
1.39994e+07
1.39048e+07
1.38095e+07
1.37136e+07
1.36169e+07
1.35197e+07
1.34217e+07
1.33232e+07
1.3224e+07
1.31243e+07
1.3024e+07
1.29231e+07
1.28216e+07
1.27196e+07
1.2617e+07
1.25139e+07
1.24103e+07
1.23062e+07
1.22016e+07
1.20965e+07
1.1991e+07
1.18849e+07
1.17785e+07
1.16716e+07
1.15642e+07
1.14565e+07
1.13483e+07
1.12397e+07
1.11308e+07
1.10215e+07
1.09118e+07
1.08017e+07
1.06913e+07
1.05805e+07
1.04695e+07
1.03581e+07
1.02464e+07
1.01344e+07
1.00221e+07
9.90952e+06
9.79669e+06
9.6836e+06
9.57027e+06
9.4567e+06
9.34291e+06
9.22891e+06
9.1147e+06
9.00031e+06
8.88574e+06
8.771e+06
8.65611e+06
8.54107e+06
8.42591e+06
8.31062e+06
8.19523e+06
8.07975e+06
7.96419e+06
7.84855e+06
7.73287e+06
7.61715e+06
7.5014e+06
7.38564e+06
7.26989e+06
7.15415e+06
7.03845e+06
6.9228e+06
6.80722e+06
6.69171e+06
6.57631e+06
6.46102e+06
6.34586e+06
6.23085e+06
6.11601e+06
6.00136e+06
5.88691e+06
5.77268e+06
5.65869e+06
5.54497e+06
5.43153e+06
5.3184e+06
5.20558e+06
5.09312e+06
4.98102e+06
4.86931e+06
4.75802e+06
4.64716e+06
4.53677e+06
4.42686e+06
4.31747e+06
4.20861e+06
4.10032e+06
3.99262e+06
3.88554e+06
3.77912e+06
3.67338e+06
3.56835e+06
3.46408e+06
3.36059e+06
3.25794e+06
3.15615e+06
3.05528e+06
2.95538e+06
2.85652e+06
2.75878e+06
2.66224e+06
2.56704e+06
2.47338e+06
2.38157e+06
2.29235e+06
2.20969e+06
2.12402e+06
2.03448e+06
1.94176e+06
1.84622e+06
1.74815e+06
1.64778e+06
1.54531e+06
1.44099e+06
1.33509e+06
1.22791e+06
1.11982e+06
1.01122e+06
902628
794638
687966
583468
482167
385288
294298
210955
137361
76055.2
30178.9
3857.03
)
;
    }
    frontAndBack
    {
        type            empty;
    }
}


// ************************************************************************* //
