/*--------------------------------*- C++ -*----------------------------------*\
  =========                 |
  \\      /  F ield         | OpenFOAM: The Open Source CFD Toolbox
   \\    /   O peration     | Website:  https://openfoam.org
    \\  /    A nd           | Version:  9
     \\/     M anipulation  |
\*---------------------------------------------------------------------------*/
FoamFile
{
    format      ascii;
    class       volScalarField;
    location    "0.069";
    object      s_0;
}
// * * * * * * * * * * * * * * * * * * * * * * * * * * * * * * * * * * * * * //

dimensions      [0 0 0 0 0 0 0];

internalField   nonuniform List<scalar> 
12225
(
1
1
1
1
1
1
1
1
1
1
1
1
1
1
1
1
1
0.999988
1
1
1
1
1
1
1
1
1
1
1
1
1
1
1
1
1
1
1
1
1
1
1
1
1
1
1
1
1
1
1
1
1
1
1
1
1
1
1
1
1
1
1
1
1
1
1
1
1
1
1
1
1
1
1
1
1
1
1
1
1
1
1
1
1
1
1
1
1
1
1
1
1
1
1
1
1
1
1
1
1
1
1
1
1
1
1
1
1
1
1
1
1
1
1
1
1
1
1
1
1
1
1
1
1
1
1
1
1
1
1
1
1
1
1
1
1
1
1
1
1
1
1
1
1
1
1
1
1
1
1
1
1
1
1
1
1
1
1
1
1
1
1
1
1
1
1
1
1
1
1
1
1
1
1
1
1
1
1
1
1
1
1
1
1
1
1
1
1
1
1
1
1
1
1
1
1
1
1
1
1
1
1
1
1
1
1
1
1
1
1
1
1
1
1
1
1
1
1
1
1
1
1
1
1
1
1
1
1
1
1
1
1
1
1
1
1
1
1
1
1
1
1
1
1
1
1
1
1
1
1
1
1
1
1
1
1
1
1
1
1
1
1
1
1
1
1
1
1
1
1
1
1
1
1
1
1
1
1
1
1
1
1
1
1
1
1
1
1
1
1
1
1
1
1
1
1
1
1
1
1
1
1
1
1
1
1
1
1
1
1
1
1
1
1
1
1
1
1
1
1
1
1
1
1
1
1
1
1
1
1
1
1
1
1
1
1
1
1
1
1
1
1
1
1
1
1
1
1
1
1
1
1
1
1
1
1
1
1
1
1
1
1
1
1
1
1
1
1
1
1
1
1
1
1
1
1
1
1
1
1
1
1
1
1
1
1
1
1
1
1
1
1
1
1
1
1
1
1
1
1
1
1
1
1
1
1
1
1
1
1
1
1
1
1
1
1
1
1
1
1
1
1
1
1
1
1
1
1
1
1
1
1
1
1
1
1
1
1
1
1
1
1
1
1
1
1
1
1
1
1
1
1
1
1
1
1
1
1
1
1
1
1
1
1
1
1
1
1
1
1
1
1
1
1
1
1
1
1
1
1
1
1
1
1
1
1
1
1
1
1
1
1
1
1
1
1
1
1
1
1
1
1
1
1
1
1
1
1
1
1
1
1
1
1
1
1
1
1
1
1
1
1
1
1
1
1
1
1
1
1
1
1
1
1
1
1
1
1
1
1
1
0.743337
0.748954
0.747047
0.744477
0.741436
0.73638
0.730822
0.725248
0.721207
0.718847
0.716981
0.715645
0.714686
0.714492
0.714657
0.715088
0.715943
0.717304
0.718758
0.7204
0.721483
0.721967
0.722034
0.721801
0.720333
0.718444
0.71778
0.718354
0.723125
0.706763
0.638343
0.620341
0.621492
0.624145
0.628047
0.632038
0.635212
0.643315
0.651618
0.655175
0.65816
0.663849
0.675704
0.710123
0.791539
0.838417
0.851922
0.852797
0.850113
0.843569
0.838269
0.833686
0.829172
0.824796
0.820836
0.817311
0.814042
0.810941
0.808165
0.805871
0.804001
0.802698
0.80218
0.802233
0.803445
0.806975
0.809446
0.807048
0.791981
0.780031
0.786126
0.808332
0.812351
0.812446
0.812174
0.811528
0.810563
0.809332
0.807884
0.806271
0.804482
0.802479
0.800734
0.799685
0.798755
0.798402
0.798291
0.798373
0.799028
0.799862
0.80096
0.802441
0.803906
0.805834
0.807717
0.809612
0.811895
0.814347
0.816485
0.818909
0.821804
0.824445
0.82686
0.829644
0.832336
0.834938
0.837534
0.839687
0.841363
0.843168
0.844315
0.844083
0.842258
0.838615
0.834169
0.830043
0.827909
0.826939
0.827149
0.828985
0.832279
0.836123
0.840375
0.844671
0.848672
0.85223
0.855376
0.858215
0.86082
0.863219
0.865417
0.867419
0.869217
0.870787
0.872127
0.873198
0.873942
0.874308
0.874379
0.874302
0.874066
0.873952
0.874053
0.874713
0.876146
0.878354
0.88148
0.884438
0.887416
0.89097
0.893912
0.896673
0.900036
0.902662
0.904379
0.906463
0.908345
0.909768
0.912315
0.913841
0.913859
0.913749
0.91327
0.91119
0.9093
0.907808
0.903957
0.901715
0.899898
0.894519
0.892675
0.891085
0.879102
0.831162
0.735618
0.60521
0.554248
0.557646
0.602815
0.713066
0.735372
0.740702
0.730798
0.72844
0.722092
0.708267
0.696596
0.69095
0.687829
0.686317
0.68539
0.684418
0.682721
0.680641
0.679078
0.677434
0.6742
0.672299
0.670055
0.66664
0.665354
0.66393
0.664027
0.6649
0.666843
0.671182
0.677656
0.685016
0.705123
0.708013
0.703298
0.684341
0.645906
0.640462
0.644721
0.65834
0.673356
0.687822
0.690499
0.687501
0.694301
0.747392
0.807092
0.839504
0.851334
0.850378
0.842769
0.8344
0.82622
0.81886
0.811934
0.804872
0.799167
0.795135
0.792522
0.791069
0.790553
0.790732
0.791269
0.792139
0.793223
0.794621
0.796472
0.799058
0.803809
0.807472
0.806192
0.795204
0.792688
0.798366
0.805347
0.807387
0.806695
0.798362
0.788761
0.776315
0.759117
0.743072
0.723376
0.707349
0.696753
0.68521
0.679925
0.674174
0.670917
0.66952
0.668996
0.669039
0.67069
0.673886
0.677147
0.680857
0.686266
0.692739
0.698741
0.705184
0.713435
0.722211
0.730318
0.738359
0.7467
0.755905
0.764598
0.773199
0.782533
0.79298
0.804528
0.816447
0.827909
0.840391
0.854457
0.867151
0.877332
0.884345
0.888733
0.887881
0.876905
0.858329
0.84023
0.826927
0.819445
0.81586
0.814922
0.815286
0.817779
0.82293
0.828908
0.835704
0.842952
0.85033
0.857527
0.864501
0.871204
0.877495
0.883672
0.889161
0.894057
0.898262
0.901749
0.904802
0.907446
0.909677
0.911488
0.913113
0.914603
0.915893
0.917047
0.91811
0.919187
0.920516
0.921455
0.922078
0.923403
0.925446
0.927305
0.931685
0.938174
0.942055
0.948628
0.954675
0.956305
0.956317
0.955656
0.951868
0.94686
0.940655
0.924341
0.910528
0.904927
0.899103
0.895557
0.895236
0.892303
0.878218
0.864196
0.870863
0.889124
0.881
0.874368
0.885298
0.698328
0.704292
0.718597
0.710116
0.694694
0.68928
0.687446
0.688714
0.690882
0.693899
0.698559
0.70189
0.701875
0.700881
0.697921
0.694156
0.687006
0.67991
0.671333
0.662973
0.654973
0.646425
0.639091
0.632144
0.626335
0.625434
0.626771
0.63088
0.642986
0.676012
0.695363
0.695549
0.692823
0.681529
0.669351
0.692667
0.734883
0.763472
0.802764
0.812376
0.834545
0.849148
0.854856
0.85288
0.844437
0.840295
0.836029
0.82789
0.817453
0.806039
0.79653
0.792121
0.790539
0.78972
0.789588
0.789636
0.790024
0.790871
0.791695
0.792516
0.793339
0.794558
0.796639
0.800575
0.804966
0.804903
0.798898
0.797745
0.799438
0.801359
0.801461
0.794419
0.775136
0.742594
0.702146
0.667943
0.636277
0.618097
0.609483
0.604733
0.603034
0.602745
0.602905
0.603291
0.603906
0.604935
0.606562
0.608984
0.612214
0.615935
0.619661
0.623852
0.629239
0.6353
0.642027
0.649921
0.658545
0.668286
0.679182
0.690153
0.701608
0.712558
0.72232
0.731027
0.737625
0.745342
0.75295
0.760668
0.768265
0.776591
0.787405
0.8031
0.826271
0.854453
0.884811
0.909634
0.923874
0.930061
0.928871
0.914078
0.887068
0.864825
0.847711
0.834852
0.826436
0.822315
0.821197
0.821351
0.823132
0.829055
0.836472
0.844126
0.85202
0.85949
0.866971
0.874113
0.881458
0.88876
0.895389
0.901432
0.906466
0.910447
0.91346
0.915713
0.917157
0.917973
0.918019
0.917899
0.917915
0.91824
0.919084
0.920075
0.921823
0.926436
0.931993
0.943604
0.958019
0.968557
0.973918
0.97575
0.97592
0.975945
0.975933
0.97568
0.974131
0.969602
0.958291
0.931514
0.916201
0.905765
0.898768
0.89731
0.897472
0.895185
0.894848
0.902168
0.910877
0.914687
0.91702
0.918883
0.698539
0.719279
0.70085
0.681944
0.68371
0.690698
0.709379
0.734141
0.753932
0.767953
0.773402
0.774763
0.773641
0.771067
0.767298
0.762593
0.757625
0.750365
0.740016
0.729861
0.716318
0.693475
0.669377
0.646977
0.631524
0.624926
0.61647
0.614625
0.616907
0.627472
0.664541
0.688746
0.692286
0.688352
0.67599
0.711249
0.81571
0.842316
0.85239
0.857936
0.86203
0.863348
0.862986
0.862058
0.862355
0.855739
0.840522
0.819629
0.799975
0.792206
0.790079
0.789821
0.790304
0.792008
0.795123
0.799689
0.804287
0.808342
0.808656
0.805526
0.801978
0.799723
0.800417
0.803416
0.803791
0.799907
0.798239
0.797991
0.797961
0.794742
0.780879
0.749597
0.694723
0.650533
0.62467
0.602634
0.595421
0.592856
0.592347
0.592908
0.596195
0.601773
0.606039
0.608366
0.610207
0.611564
0.612117
0.612772
0.614886
0.618166
0.621349
0.624862
0.629662
0.635096
0.641146
0.648636
0.656807
0.66593
0.676579
0.687737
0.700007
0.712234
0.723784
0.735854
0.746216
0.755704
0.764137
0.770912
0.776507
0.778715
0.781065
0.78435
0.79088
0.802881
0.822399
0.855036
0.896728
0.929897
0.946788
0.952448
0.95079
0.938084
0.916704
0.900304
0.887483
0.876397
0.866434
0.858251
0.852961
0.850795
0.850541
0.851069
0.854061
0.860985
0.867029
0.871749
0.876561
0.881635
0.886509
0.891442
0.896111
0.901239
0.904732
0.905645
0.905284
0.90319
0.898667
0.894698
0.893137
0.893675
0.896781
0.906454
0.915433
0.928639
0.952825
0.971758
0.979854
0.981133
0.980455
0.978082
0.975783
0.975458
0.975791
0.977354
0.980595
0.980946
0.979162
0.970834
0.944592
0.91933
0.90463
0.899058
0.898317
0.89616
0.892282
0.890434
0.88949
0.895864
0.909619
0.918436
0.714663
0.680003
0.669914
0.68028
0.716402
0.765494
0.796071
0.804146
0.801916
0.798994
0.794349
0.79023
0.785523
0.781344
0.777841
0.774173
0.771879
0.767215
0.76333
0.758888
0.752896
0.746402
0.733938
0.706427
0.675026
0.646714
0.626629
0.611807
0.607861
0.610892
0.629568
0.672486
0.688731
0.683745
0.681597
0.778144
0.853021
0.867113
0.87286
0.877161
0.882686
0.885575
0.886827
0.885102
0.870461
0.847514
0.816286
0.795529
0.790127
0.789089
0.789622
0.792014
0.798068
0.808824
0.819822
0.826665
0.827907
0.82701
0.824081
0.817605
0.808844
0.804149
0.8031
0.802887
0.801051
0.798036
0.79705
0.795387
0.789091
0.770692
0.728796
0.671645
0.635101
0.608834
0.595645
0.591922
0.591486
0.593342
0.600293
0.614387
0.63493
0.653613
0.661694
0.665251
0.66632
0.665825
0.662295
0.659317
0.658901
0.65915
0.660216
0.662389
0.666635
0.672445
0.678334
0.685688
0.693932
0.702457
0.711827
0.721636
0.733735
0.746436
0.759442
0.775966
0.79494
0.81187
0.828292
0.843895
0.862133
0.865919
0.862136
0.850769
0.835789
0.823866
0.822647
0.833172
0.860753
0.896164
0.932849
0.956934
0.96699
0.967798
0.962612
0.942395
0.921112
0.906312
0.895892
0.888247
0.882782
0.879452
0.878052
0.877851
0.878153
0.879932
0.884895
0.888837
0.890709
0.891198
0.891335
0.891652
0.891867
0.891894
0.891649
0.88932
0.879911
0.867273
0.859915
0.857656
0.858244
0.864184
0.881486
0.898603
0.926714
0.958101
0.977412
0.983191
0.982849
0.979245
0.970079
0.96013
0.954867
0.953463
0.953778
0.955553
0.961255
0.974086
0.979973
0.979857
0.974217
0.951094
0.91747
0.903293
0.899485
0.893847
0.884806
0.883419
0.88426
0.887257
0.891612
0.90473
0.650226
0.65213
0.675343
0.754905
0.81521
0.823625
0.818826
0.810345
0.798598
0.786245
0.774463
0.765256
0.756267
0.750774
0.747991
0.747177
0.747905
0.749668
0.75135
0.75169
0.750666
0.747888
0.743415
0.732839
0.719141
0.701392
0.666151
0.62435
0.603761
0.602197
0.615284
0.660605
0.684808
0.673503
0.70375
0.838007
0.875391
0.886608
0.893814
0.903099
0.906932
0.90809
0.905366
0.889623
0.862054
0.826331
0.797397
0.789388
0.788062
0.788617
0.792226
0.80109
0.814996
0.825841
0.829296
0.829904
0.829709
0.82803
0.823819
0.816689
0.808038
0.803988
0.802514
0.800872
0.797698
0.796231
0.793298
0.785426
0.763889
0.718589
0.668416
0.636045
0.612808
0.598255
0.594212
0.593706
0.596289
0.60697
0.630183
0.665724
0.688284
0.694006
0.695419
0.695466
0.693877
0.690237
0.688664
0.688821
0.690889
0.695818
0.703719
0.713971
0.724615
0.73578
0.748859
0.761642
0.775707
0.789472
0.801556
0.812122
0.825551
0.837128
0.845162
0.851893
0.8616
0.874964
0.892269
0.911653
0.927978
0.940629
0.947732
0.94941
0.945931
0.931643
0.905868
0.881982
0.874685
0.886697
0.918707
0.947475
0.968374
0.97903
0.981673
0.980833
0.97433
0.951935
0.927875
0.910779
0.899238
0.891822
0.887527
0.885586
0.885128
0.885267
0.886505
0.890618
0.894383
0.896344
0.896927
0.896874
0.896039
0.892516
0.880956
0.86495
0.852888
0.846616
0.844802
0.84501
0.847449
0.855904
0.880725
0.922227
0.957615
0.978424
0.984793
0.983838
0.975925
0.956211
0.946141
0.942373
0.941564
0.941936
0.943724
0.945055
0.946077
0.949293
0.963198
0.976097
0.9773
0.972183
0.944732
0.913038
0.902342
0.889677
0.882329
0.883999
0.889515
0.89078
0.890008
0.893443
0.645614
0.664857
0.767604
0.834718
0.835037
0.825676
0.804525
0.786306
0.775029
0.765723
0.756077
0.746368
0.735782
0.727738
0.721074
0.716024
0.715289
0.715993
0.718389
0.724739
0.734663
0.73968
0.739561
0.736988
0.731302
0.719324
0.683498
0.626006
0.59644
0.592944
0.601928
0.65359
0.681259
0.672288
0.773638
0.870319
0.894277
0.90473
0.915834
0.921589
0.92306
0.921876
0.910813
0.88636
0.852001
0.810006
0.790884
0.787023
0.786836
0.789017
0.795894
0.808557
0.821961
0.826696
0.828278
0.828695
0.828399
0.825997
0.820658
0.812779
0.805158
0.802035
0.800106
0.797354
0.795218
0.791897
0.783112
0.76093
0.720337
0.679362
0.650499
0.633405
0.614076
0.602022
0.600169
0.602363
0.612143
0.633056
0.665679
0.692705
0.699925
0.701295
0.701286
0.700147
0.697652
0.695794
0.695677
0.697072
0.701237
0.709178
0.72143
0.73822
0.75975
0.784481
0.809945
0.833799
0.856874
0.878577
0.896211
0.910081
0.919629
0.924736
0.928208
0.93049
0.930591
0.930056
0.933623
0.940247
0.94801
0.957328
0.966177
0.972968
0.977126
0.978318
0.976569
0.968177
0.948395
0.931598
0.929608
0.944173
0.966081
0.9804
0.98797
0.990519
0.990609
0.989211
0.982426
0.960542
0.935491
0.916272
0.902763
0.894323
0.889956
0.888357
0.888166
0.888729
0.891659
0.8955
0.897292
0.897529
0.896784
0.891877
0.873988
0.855962
0.846493
0.843147
0.842745
0.843526
0.84803
0.865154
0.911238
0.95208
0.976383
0.985479
0.985337
0.975469
0.951383
0.940719
0.93711
0.936624
0.936858
0.937918
0.941974
0.944831
0.945088
0.945237
0.947162
0.958958
0.97348
0.974413
0.966711
0.932971
0.908247
0.890295
0.882313
0.883876
0.890661
0.895417
0.895956
0.89343
0.648462
0.706167
0.829148
0.846035
0.831666
0.800335
0.787766
0.780646
0.774407
0.767337
0.757105
0.745174
0.732675
0.721224
0.711971
0.705826
0.704336
0.704658
0.70603
0.709177
0.716408
0.72634
0.733486
0.734314
0.73097
0.718678
0.677555
0.61698
0.582919
0.57354
0.599328
0.658418
0.673899
0.690275
0.837662
0.89315
0.911023
0.921744
0.931419
0.934353
0.934722
0.930583
0.915152
0.886953
0.846753
0.802926
0.787798
0.785087
0.785188
0.787938
0.795097
0.806346
0.817273
0.821887
0.823831
0.824373
0.823842
0.819754
0.811915
0.804516
0.80065
0.79882
0.797204
0.794718
0.790595
0.782329
0.762084
0.728653
0.694016
0.668289
0.65323
0.638817
0.625313
0.620666
0.623019
0.633102
0.649745
0.670244
0.690077
0.699194
0.701452
0.701754
0.701345
0.700085
0.69865
0.698514
0.700146
0.705067
0.714889
0.731023
0.753875
0.782728
0.816405
0.855236
0.890844
0.919019
0.937545
0.948811
0.954359
0.955864
0.955165
0.953757
0.953588
0.954948
0.957077
0.958456
0.957603
0.955215
0.956761
0.961822
0.968798
0.976169
0.982171
0.986576
0.989208
0.989816
0.988457
0.982824
0.974224
0.969485
0.971216
0.981251
0.989758
0.994076
0.995654
0.995862
0.995538
0.993725
0.987034
0.966701
0.941863
0.92124
0.906112
0.89651
0.891466
0.889536
0.889294
0.890062
0.89337
0.895186
0.895001
0.891319
0.874833
0.856057
0.847014
0.844722
0.844931
0.847601
0.859573
0.900077
0.944227
0.971835
0.984849
0.986814
0.98087
0.956501
0.940951
0.934709
0.932845
0.9327
0.933147
0.934809
0.940399
0.948008
0.949625
0.948011
0.946155
0.947481
0.958753
0.971559
0.970946
0.958446
0.920717
0.893299
0.88289
0.88318
0.88672
0.893625
0.900029
0.898975
0.654968
0.751122
0.846523
0.846138
0.812137
0.794063
0.792361
0.798513
0.800231
0.794908
0.777689
0.752682
0.732325
0.715118
0.702577
0.698361
0.6986
0.699977
0.702548
0.707803
0.715489
0.723652
0.728674
0.729146
0.725217
0.706801
0.651172
0.586963
0.556753
0.564392
0.607365
0.663929
0.677823
0.74296
0.876241
0.910439
0.924252
0.935457
0.942071
0.943676
0.943516
0.938243
0.922293
0.893372
0.849468
0.801704
0.786455
0.783771
0.78389
0.786547
0.792922
0.801952
0.808726
0.811502
0.812793
0.813112
0.811557
0.806231
0.801579
0.799275
0.797598
0.796387
0.794209
0.789653
0.780572
0.763048
0.736815
0.709156
0.686652
0.671246
0.662636
0.65921
0.658237
0.661196
0.666805
0.674411
0.68387
0.692626
0.697978
0.699609
0.699983
0.700071
0.700055
0.700398
0.70198
0.706042
0.714208
0.728468
0.750275
0.78096
0.819748
0.865663
0.909975
0.93734
0.953177
0.963366
0.970012
0.973862
0.975269
0.974123
0.96979
0.964862
0.961834
0.961027
0.962116
0.96487
0.966748
0.966224
0.963652
0.964159
0.968526
0.975365
0.98207
0.987199
0.991028
0.993716
0.995053
0.995127
0.994105
0.992164
0.990963
0.990846
0.992699
0.995896
0.997627
0.99829
0.998396
0.998308
0.997792
0.99593
0.990004
0.971893
0.946889
0.92524
0.90882
0.897847
0.891614
0.889009
0.888607
0.88922
0.889544
0.887833
0.876477
0.858715
0.851046
0.849921
0.850934
0.857044
0.882812
0.930256
0.963389
0.981699
0.987537
0.986075
0.969651
0.947648
0.937676
0.933037
0.93069
0.929702
0.929647
0.930563
0.935309
0.947569
0.955503
0.95634
0.952546
0.948321
0.949535
0.961419
0.969247
0.966246
0.943599
0.901078
0.88496
0.882517
0.88282
0.886527
0.899984
0.904234
0.661953
0.777403
0.852314
0.838724
0.808235
0.801553
0.824738
0.836239
0.834465
0.822291
0.799115
0.76961
0.735304
0.711946
0.692624
0.689336
0.692491
0.699614
0.703912
0.707758
0.711349
0.712803
0.711424
0.706657
0.691625
0.647421
0.585857
0.548204
0.545174
0.568678
0.630313
0.671911
0.693373
0.81502
0.900498
0.923568
0.934602
0.945152
0.949648
0.950762
0.950576
0.946308
0.933044
0.907135
0.864756
0.808877
0.786854
0.782926
0.782806
0.784972
0.790181
0.796422
0.800755
0.802864
0.803876
0.804111
0.803161
0.799974
0.797918
0.79669
0.794576
0.791967
0.787568
0.778782
0.763751
0.744523
0.723083
0.704947
0.688142
0.680522
0.679352
0.679538
0.681404
0.68478
0.688771
0.692711
0.69633
0.698435
0.699335
0.700026
0.701222
0.703184
0.706902
0.712947
0.721933
0.734968
0.753928
0.781098
0.816119
0.860705
0.905092
0.934459
0.949839
0.95935
0.966254
0.971745
0.976102
0.979365
0.981555
0.982129
0.978378
0.971593
0.966238
0.963435
0.963106
0.964914
0.968111
0.970158
0.970614
0.969122
0.969401
0.973127
0.979376
0.98558
0.990446
0.993879
0.996097
0.997378
0.997817
0.997799
0.997587
0.997516
0.997652
0.998227
0.998863
0.999262
0.999424
0.999445
0.999414
0.999251
0.998696
0.997027
0.992024
0.976436
0.952551
0.930936
0.912801
0.898953
0.890249
0.886365
0.884673
0.881662
0.870999
0.858699
0.855024
0.855258
0.858314
0.870862
0.909932
0.949779
0.974722
0.986356
0.988236
0.983358
0.961354
0.944989
0.937172
0.933081
0.930678
0.929325
0.928859
0.928981
0.930694
0.940065
0.954751
0.961141
0.961
0.954304
0.950048
0.951971
0.963871
0.966206
0.958528
0.919709
0.890492
0.883287
0.882581
0.884559
0.898433
0.909025
0.668273
0.790846
0.854722
0.835607
0.812132
0.824664
0.845243
0.848477
0.843481
0.826911
0.802795
0.776673
0.748039
0.711787
0.688442
0.675803
0.682577
0.688932
0.687265
0.677884
0.657247
0.639957
0.629561
0.619329
0.598439
0.568145
0.541831
0.534372
0.547361
0.58445
0.651688
0.680627
0.730956
0.867143
0.916768
0.933512
0.942522
0.95154
0.955072
0.956162
0.9562
0.95382
0.945074
0.925882
0.890832
0.834076
0.791845
0.782969
0.782136
0.783881
0.789292
0.793645
0.795161
0.796145
0.796852
0.797041
0.796789
0.795385
0.794324
0.793585
0.791069
0.786494
0.778489
0.766155
0.75131
0.736911
0.723376
0.707268
0.694701
0.691173
0.691191
0.692277
0.693958
0.695948
0.698005
0.700123
0.702024
0.704449
0.707893
0.712752
0.719416
0.728534
0.741187
0.757585
0.777335
0.800869
0.831536
0.86907
0.906842
0.933528
0.948144
0.956073
0.9608
0.964552
0.968475
0.972714
0.976594
0.979837
0.982536
0.984566
0.985177
0.982255
0.974412
0.967346
0.96411
0.963959
0.965781
0.969706
0.972918
0.974937
0.974786
0.975041
0.978446
0.984546
0.989546
0.99327
0.995911
0.99759
0.998542
0.998986
0.999143
0.999199
0.999272
0.999401
0.999561
0.999703
0.99979
0.999821
0.999822
0.999809
0.999752
0.999573
0.999072
0.997723
0.994043
0.983104
0.960328
0.937989
0.918151
0.900863
0.885342
0.871322
0.861669
0.858809
0.859297
0.862352
0.871502
0.899086
0.939626
0.968467
0.984013
0.989298
0.988961
0.979917
0.957512
0.944523
0.938646
0.935695
0.933074
0.930672
0.929201
0.928826
0.929193
0.9322
0.946076
0.960511
0.964696
0.963284
0.954109
0.951628
0.955523
0.964658
0.963241
0.945996
0.902201
0.886321
0.883601
0.885357
0.899465
0.915254
0.673911
0.80472
0.857291
0.83551
0.822913
0.83463
0.851929
0.8534
0.846131
0.826503
0.801085
0.776402
0.753737
0.726832
0.687668
0.664991
0.650126
0.642996
0.621625
0.5929
0.572725
0.564075
0.559264
0.552963
0.543151
0.533582
0.52908
0.535526
0.559251
0.622671
0.669691
0.698077
0.788015
0.895981
0.927674
0.940199
0.948159
0.955593
0.958555
0.959815
0.960106
0.959346
0.955112
0.944224
0.922036
0.881051
0.817112
0.786473
0.781599
0.781521
0.784408
0.790484
0.793034
0.793877
0.794197
0.794258
0.793908
0.792753
0.791463
0.789154
0.783645
0.775776
0.766669
0.756659
0.747011
0.737795
0.726956
0.717597
0.711108
0.709526
0.709399
0.710194
0.711651
0.713651
0.716326
0.720346
0.726762
0.735673
0.747439
0.761945
0.779179
0.799333
0.824284
0.851755
0.878415
0.90335
0.923892
0.938876
0.949331
0.95607
0.960104
0.96235
0.963705
0.965339
0.968366
0.971729
0.974818
0.977804
0.981048
0.984245
0.98659
0.987692
0.986606
0.978944
0.969233
0.965065
0.964735
0.966555
0.971647
0.977143
0.981302
0.982858
0.983455
0.985782
0.989957
0.993251
0.99575
0.997494
0.998594
0.999212
0.999526
0.999672
0.999744
0.999794
0.999842
0.999888
0.999924
0.999942
0.999947
0.999946
0.99994
0.999919
0.999856
0.999691
0.999283
0.998297
0.995923
0.98998
0.97303
0.937228
0.903216
0.881194
0.873751
0.873922
0.877123
0.885813
0.906951
0.940102
0.96876
0.985218
0.991408
0.992192
0.990276
0.977249
0.956432
0.946474
0.943819
0.942648
0.939703
0.935284
0.931648
0.929604
0.929163
0.929866
0.935229
0.952941
0.96455
0.966626
0.962959
0.953574
0.95342
0.959692
0.962463
0.956532
0.925569
0.894558
0.887705
0.889803
0.906389
0.924639
0.678933
0.81487
0.862276
0.838264
0.827559
0.840858
0.856962
0.857466
0.847211
0.823714
0.795339
0.770963
0.753585
0.737563
0.708189
0.661049
0.6355
0.611973
0.581736
0.559895
0.550646
0.544614
0.537235
0.530805
0.528023
0.527175
0.530601
0.546743
0.593932
0.65227
0.679134
0.723672
0.836865
0.913167
0.935312
0.945089
0.952253
0.958339
0.960805
0.96227
0.962785
0.962669
0.96101
0.955831
0.944493
0.922095
0.880087
0.814584
0.78603
0.781719
0.781619
0.78346
0.787557
0.79019
0.790954
0.791135
0.790829
0.789092
0.785993
0.781767
0.775655
0.768374
0.761596
0.754864
0.747811
0.740726
0.734488
0.729533
0.72658
0.726
0.726915
0.729728
0.733951
0.740129
0.751873
0.769916
0.791914
0.816989
0.843542
0.869198
0.892848
0.912628
0.927487
0.938168
0.945511
0.95072
0.954558
0.957532
0.960005
0.961922
0.963165
0.963858
0.96429
0.965253
0.96682
0.968208
0.96948
0.971255
0.97455
0.979402
0.984419
0.987809
0.989197
0.988835
0.982587
0.971761
0.967147
0.96677
0.969468
0.976349
0.983129
0.988286
0.991511
0.993423
0.994479
0.995385
0.996473
0.997659
0.99862
0.999254
0.999609
0.999788
0.999875
0.999918
0.999943
0.99996
0.999973
0.999981
0.999984
0.999985
0.999984
0.999982
0.999974
0.999951
0.999894
0.999761
0.999446
0.998624
0.996055
0.986176
0.951653
0.922169
0.914447
0.915317
0.920924
0.937122
0.957464
0.975636
0.988553
0.994426
0.995502
0.995031
0.991587
0.975735
0.957405
0.951797
0.9523
0.95262
0.950345
0.942993
0.936994
0.932554
0.930161
0.92979
0.931199
0.941232
0.959328
0.967065
0.967276
0.960441
0.954323
0.955156
0.960103
0.95941
0.948825
0.914595
0.899567
0.902751
0.921878
0.937385
0.683742
0.820331
0.866481
0.843183
0.832084
0.849637
0.864843
0.864451
0.850693
0.822089
0.788572
0.761898
0.749572
0.74071
0.726943
0.694101
0.637755
0.59761
0.570736
0.556115
0.549629
0.543513
0.534806
0.529992
0.52885
0.531634
0.544968
0.583164
0.635117
0.663536
0.688901
0.752172
0.872764
0.92334
0.940338
0.948535
0.955703
0.960174
0.96198
0.963281
0.964342
0.964537
0.964024
0.96169
0.956131
0.945358
0.924954
0.886748
0.82543
0.789629
0.78314
0.782547
0.783164
0.78446
0.785099
0.785281
0.785156
0.78385
0.781237
0.777741
0.77329
0.768027
0.762148
0.756623
0.751689
0.748629
0.74738
0.747039
0.749788
0.755714
0.765961
0.782839
0.810068
0.850289
0.882881
0.906636
0.923905
0.935675
0.943979
0.949617
0.953501
0.956116
0.958066
0.959383
0.960282
0.960897
0.961325
0.961699
0.96222
0.962938
0.963606
0.964018
0.964308
0.96459
0.964203
0.963405
0.962634
0.962294
0.962969
0.966749
0.974662
0.982687
0.987989
0.990137
0.990261
0.98587
0.976216
0.971826
0.971582
0.975492
0.983187
0.989485
0.993837
0.996512
0.997947
0.998546
0.998687
0.998744
0.998994
0.999367
0.999654
0.999826
0.999913
0.999954
0.999974
0.999984
0.99999
0.999994
0.999996
0.999996
0.999996
0.999996
0.999995
0.999992
0.999984
0.999964
0.999915
0.999775
0.999266
0.997026
0.986295
0.972841
0.969776
0.97063
0.974755
0.981186
0.986828
0.99272
0.996731
0.998053
0.997996
0.997059
0.992661
0.975635
0.960876
0.959745
0.961541
0.96197
0.957301
0.950112
0.943846
0.938284
0.933428
0.930859
0.93074
0.93372
0.949395
0.964132
0.968117
0.966877
0.958188
0.955482
0.957567
0.959217
0.956429
0.937972
0.923197
0.925367
0.938404
0.948536
0.688115
0.827044
0.871255
0.848549
0.838512
0.853288
0.87283
0.873315
0.858922
0.825655
0.785714
0.75896
0.747155
0.741039
0.731877
0.711671
0.67037
0.609315
0.573117
0.561515
0.557311
0.554146
0.548234
0.544595
0.544837
0.559342
0.592076
0.626666
0.653443
0.671969
0.709729
0.796161
0.894744
0.929476
0.943119
0.950148
0.956843
0.961848
0.963284
0.96394
0.964736
0.965375
0.965427
0.964582
0.961759
0.956131
0.946809
0.930521
0.900271
0.851086
0.803721
0.788664
0.785042
0.784381
0.784198
0.783963
0.783602
0.782681
0.780834
0.777973
0.774407
0.770568
0.76803
0.767073
0.770372
0.780549
0.799172
0.827467
0.85919
0.891244
0.922374
0.948981
0.961686
0.963248
0.963364
0.963168
0.962996
0.962882
0.962962
0.963141
0.963386
0.963598
0.963797
0.963865
0.963771
0.963517
0.963189
0.962912
0.962806
0.963026
0.963477
0.963693
0.963786
0.963599
0.963136
0.961988
0.960702
0.959698
0.958908
0.958486
0.959794
0.968019
0.979612
0.987484
0.991037
0.992019
0.990335
0.984042
0.979822
0.979476
0.983357
0.989913
0.994472
0.99719
0.998631
0.999311
0.999582
0.999659
0.999667
0.999676
0.999759
0.999867
0.999933
0.999968
0.999985
0.999992
0.999996
0.999998
0.999999
0.999999
0.999999
0.999999
0.999999
0.999999
0.999998
0.999995
0.999988
0.999966
0.999883
0.99953
0.99791
0.994775
0.993563
0.9936
0.994101
0.995163
0.996599
0.998232
0.999181
0.999359
0.999189
0.998163
0.993645
0.976867
0.967015
0.967266
0.969213
0.967112
0.959272
0.953524
0.949284
0.945772
0.940423
0.934349
0.931775
0.932114
0.938126
0.957149
0.966652
0.967847
0.964934
0.957075
0.956782
0.958265
0.957842
0.950646
0.941981
0.94325
0.950857
0.956931
0.691748
0.83072
0.877166
0.856143
0.843011
0.853875
0.876717
0.880519
0.870397
0.837752
0.79091
0.759463
0.746532
0.739815
0.731933
0.717307
0.692415
0.650728
0.596069
0.574169
0.569749
0.569679
0.574745
0.585057
0.592468
0.604508
0.627399
0.646693
0.662398
0.686262
0.736239
0.828575
0.906611
0.933062
0.94427
0.9503
0.956385
0.962188
0.964462
0.965186
0.96536
0.965661
0.965915
0.96586
0.964811
0.961732
0.956245
0.948682
0.937535
0.917823
0.886461
0.847892
0.815287
0.79883
0.792378
0.789689
0.788393
0.787471
0.786421
0.785666
0.786311
0.790348
0.801594
0.825247
0.857021
0.891238
0.920141
0.938146
0.951559
0.959763
0.963857
0.965232
0.965228
0.965154
0.965019
0.964892
0.964811
0.96493
0.965122
0.965393
0.96573
0.966087
0.966388
0.966565
0.966546
0.966282
0.965702
0.96497
0.964284
0.963829
0.963698
0.963622
0.963493
0.96328
0.962935
0.961996
0.960676
0.959653
0.9587
0.957477
0.955972
0.955747
0.96158
0.976075
0.987021
0.992344
0.994398
0.994718
0.992812
0.989591
0.988451
0.990604
0.994806
0.997453
0.998843
0.999492
0.999769
0.999874
0.999906
0.999914
0.999922
0.999939
0.999961
0.999979
0.99999
0.999995
0.999998
0.999999
1
1
1
1
1
1
1
0.999999
0.999999
0.999996
0.999987
0.999952
0.999801
0.999234
0.998829
0.9988
0.998856
0.99898
0.999284
0.999642
0.999801
0.999801
0.999632
0.998722
0.994594
0.97962
0.97356
0.974259
0.9742
0.96952
0.960599
0.955331
0.952792
0.950638
0.948265
0.942391
0.935069
0.933036
0.934302
0.944155
0.961285
0.966823
0.966532
0.961828
0.957441
0.957476
0.957976
0.955994
0.953104
0.95393
0.95911
0.962915
0.695172
0.832471
0.883108
0.865202
0.84707
0.852954
0.877967
0.885116
0.881231
0.859423
0.818234
0.773118
0.749917
0.738863
0.72919
0.714312
0.697219
0.674901
0.640349
0.602762
0.589075
0.586752
0.588601
0.59943
0.614577
0.625222
0.638024
0.65233
0.666577
0.695988
0.754446
0.839005
0.908616
0.934072
0.944708
0.950065
0.954716
0.961252
0.964429
0.965773
0.966356
0.966396
0.966256
0.966242
0.966078
0.964982
0.961917
0.956604
0.950084
0.942656
0.931457
0.91464
0.895436
0.871201
0.848479
0.833203
0.827447
0.825894
0.826675
0.83299
0.846748
0.867458
0.892835
0.915758
0.934871
0.948936
0.956803
0.961002
0.963097
0.9639
0.964068
0.964205
0.964407
0.964588
0.96473
0.964843
0.965087
0.965817
0.96735
0.969233
0.971233
0.973194
0.974942
0.976317
0.977051
0.977062
0.976068
0.973907
0.971505
0.96927
0.967359
0.9659
0.964779
0.963922
0.963326
0.962553
0.961559
0.960812
0.960144
0.958882
0.956248
0.95316
0.952504
0.956952
0.973991
0.987569
0.994031
0.996579
0.997552
0.997466
0.996428
0.99547
0.995874
0.997731
0.998962
0.99956
0.99982
0.999923
0.999962
0.999975
0.99998
0.999984
0.999988
0.999991
0.999995
0.999997
0.999999
0.999999
1
1
1
1
1
1
1
1
1
1
0.999999
0.999995
0.99998
0.999904
0.999824
0.999815
0.999821
0.999835
0.999878
0.999934
0.999948
0.999929
0.999781
0.999047
0.995403
0.983462
0.979566
0.979356
0.977599
0.970283
0.962445
0.957744
0.955326
0.952307
0.949872
0.948069
0.942484
0.93553
0.934659
0.937679
0.949794
0.962419
0.965366
0.964046
0.959496
0.957791
0.958008
0.957781
0.957586
0.958876
0.964282
0.966713
0.699045
0.832882
0.888823
0.876396
0.852049
0.851786
0.872871
0.888507
0.88991
0.881012
0.851666
0.805375
0.765374
0.745974
0.731216
0.712075
0.695724
0.683543
0.664598
0.638807
0.617284
0.609229
0.607589
0.609893
0.619757
0.631318
0.641903
0.654596
0.670958
0.704302
0.762651
0.838499
0.907715
0.933972
0.944992
0.950102
0.953437
0.95796
0.963387
0.965576
0.966501
0.966995
0.967097
0.966713
0.966457
0.966145
0.965141
0.962359
0.957295
0.950957
0.944944
0.938431
0.929961
0.920906
0.911116
0.902076
0.898111
0.897194
0.898205
0.903363
0.912468
0.923282
0.933579
0.941926
0.948468
0.953377
0.95629
0.95752
0.957551
0.957867
0.958934
0.960374
0.961857
0.963059
0.963853
0.964399
0.965029
0.966291
0.96915
0.972975
0.977127
0.9811
0.984516
0.987236
0.989274
0.990669
0.991324
0.990985
0.98882
0.984915
0.980017
0.975179
0.971313
0.96802
0.96561
0.963738
0.962194
0.961127
0.960526
0.959729
0.957903
0.953145
0.949728
0.94967
0.956602
0.97674
0.989943
0.99584
0.998048
0.998877
0.999038
0.998923
0.998762
0.998781
0.999241
0.999649
0.999851
0.99994
0.999975
0.999988
0.999993
0.999995
0.999997
0.999998
0.999998
0.999999
0.999999
1
1
1
1
1
1
1
1
1
1
1
1
0.999999
0.999998
0.999988
0.999976
0.999974
0.999975
0.999976
0.999981
0.999985
0.999984
0.999962
0.99984
0.999264
0.996146
0.987433
0.984569
0.983249
0.9793
0.970539
0.963768
0.959198
0.956104
0.952732
0.949788
0.948458
0.946978
0.941167
0.936234
0.936529
0.941634
0.952026
0.961144
0.962315
0.959893
0.95783
0.957817
0.957875
0.958423
0.961059
0.966836
0.968926
0.704301
0.832755
0.893559
0.888928
0.860104
0.855445
0.868734
0.889551
0.893536
0.891587
0.877737
0.846267
0.802583
0.767879
0.74783
0.723425
0.698926
0.68757
0.676635
0.657151
0.640752
0.631442
0.627846
0.627079
0.629036
0.636802
0.646362
0.659275
0.679566
0.715991
0.768777
0.836182
0.903521
0.933228
0.945085
0.950448
0.953224
0.955911
0.959841
0.964215
0.966134
0.966949
0.967371
0.96747
0.967121
0.966696
0.966169
0.965136
0.962771
0.958314
0.951923
0.945461
0.941124
0.936318
0.932054
0.928258
0.926502
0.926256
0.926759
0.928888
0.932497
0.936432
0.939859
0.942861
0.94536
0.944798
0.942412
0.940862
0.941144
0.943382
0.946811
0.951179
0.955761
0.959492
0.962074
0.963518
0.964344
0.965486
0.968249
0.972493
0.977163
0.981635
0.985457
0.988471
0.990805
0.992683
0.994221
0.995443
0.996215
0.996326
0.995425
0.992458
0.986744
0.979491
0.972681
0.967222
0.96337
0.960921
0.95949
0.958702
0.957528
0.95325
0.948026
0.946511
0.948306
0.964006
0.983687
0.993495
0.997541
0.998985
0.999492
0.999641
0.999681
0.999714
0.999782
0.999854
0.999916
0.999959
0.999982
0.999993
0.999997
0.999998
0.999999
0.999999
1
1
1
1
1
1
1
1
1
1
1
1
1
1
1
1
1
0.999998
0.999997
0.999997
0.999997
0.999997
0.999997
0.999996
0.999992
0.999972
0.999875
0.999438
0.997338
0.990763
0.987403
0.985268
0.979851
0.970681
0.964034
0.959561
0.956191
0.952566
0.948701
0.947208
0.946884
0.945756
0.939899
0.937486
0.938621
0.944352
0.95149
0.956312
0.957691
0.957074
0.957024
0.957345
0.958247
0.961804
0.967903
0.970188
0.713133
0.834967
0.897113
0.897353
0.870641
0.861499
0.867044
0.889562
0.897233
0.897572
0.892464
0.875867
0.846682
0.81096
0.781294
0.756424
0.722897
0.697478
0.685687
0.671343
0.654876
0.647565
0.643752
0.642303
0.64229
0.646301
0.655882
0.670995
0.695181
0.729136
0.776919
0.836376
0.898379
0.931751
0.945173
0.951001
0.953671
0.9556
0.957918
0.960728
0.964126
0.966264
0.967184
0.967559
0.967653
0.96749
0.967089
0.966401
0.965235
0.963095
0.959049
0.952848
0.945773
0.941623
0.938246
0.935598
0.933969
0.933215
0.933191
0.933617
0.934746
0.936493
0.937742
0.93712
0.935025
0.933208
0.932174
0.931709
0.931778
0.932874
0.935488
0.939777
0.945921
0.952847
0.958541
0.962081
0.963836
0.964663
0.96549
0.967957
0.972883
0.978167
0.982699
0.986092
0.988712
0.991099
0.993389
0.995327
0.99673
0.997664
0.99821
0.998296
0.997698
0.995298
0.987754
0.976634
0.967633
0.961932
0.959099
0.957543
0.955113
0.949972
0.944324
0.94266
0.943861
0.955476
0.978173
0.990918
0.996608
0.998787
0.999532
0.999787
0.999873
0.999912
0.999939
0.99996
0.999974
0.999984
0.999991
0.999996
0.999998
0.999999
1
1
1
1
1
1
1
1
1
1
1
1
1
1
1
1
1
1
1
1
1
1
1
0.999999
0.999999
0.999998
0.999994
0.999976
0.999902
0.999596
0.998365
0.993471
0.989433
0.986645
0.98001
0.970519
0.96403
0.959696
0.955755
0.950759
0.94571
0.944106
0.944457
0.945403
0.944513
0.939691
0.939001
0.940691
0.944966
0.947803
0.950735
0.953634
0.954896
0.955814
0.957336
0.961787
0.968278
0.970949
0.72558
0.844021
0.899195
0.900745
0.88044
0.870697
0.873145
0.8902
0.902327
0.904015
0.902366
0.893498
0.875358
0.851245
0.826204
0.802295
0.775339
0.740875
0.709686
0.69052
0.674124
0.664153
0.659006
0.656505
0.655903
0.659045
0.669865
0.686908
0.710252
0.74229
0.786446
0.83966
0.897099
0.931553
0.945499
0.952199
0.955671
0.956283
0.957841
0.959406
0.961291
0.963627
0.965979
0.967184
0.967624
0.96775
0.967684
0.967409
0.966771
0.965639
0.963492
0.959796
0.953777
0.946044
0.94152
0.938363
0.936135
0.934732
0.933826
0.933309
0.933147
0.932691
0.931728
0.930653
0.929704
0.929002
0.928639
0.928558
0.928872
0.930286
0.932656
0.936316
0.941684
0.948343
0.95517
0.960504
0.96355
0.96463
0.964868
0.964641
0.964945
0.969266
0.974541
0.978254
0.981158
0.984409
0.988316
0.992197
0.995252
0.997223
0.998313
0.998866
0.99907
0.998923
0.99784
0.992252
0.977665
0.967196
0.961969
0.959092
0.954727
0.947518
0.941802
0.94009
0.941065
0.95068
0.974332
0.988909
0.995756
0.998507
0.999486
0.99981
0.999919
0.999957
0.999975
0.999985
0.999991
0.999995
0.999997
0.999998
0.999999
1
1
1
1
1
1
1
1
1
1
1
1
1
1
1
1
1
1
1
1
1
1
1
1
1
1
0.999999
0.999994
0.999978
0.999919
0.999704
0.998922
0.995357
0.990887
0.987404
0.979509
0.969531
0.963735
0.959708
0.953674
0.946687
0.940989
0.939366
0.939753
0.942394
0.944317
0.943379
0.94017
0.940419
0.942194
0.943485
0.944666
0.946223
0.949496
0.951908
0.954734
0.961291
0.968142
0.971408
0.742882
0.861293
0.90223
0.903811
0.890213
0.883125
0.884548
0.896242
0.911742
0.915267
0.914793
0.908785
0.894589
0.873455
0.851356
0.833271
0.816467
0.796838
0.772935
0.745997
0.720954
0.700482
0.687749
0.681022
0.67884
0.679976
0.690528
0.706373
0.728836
0.759237
0.799686
0.847501
0.898059
0.932645
0.946877
0.954683
0.958216
0.959247
0.95906
0.959654
0.960701
0.961864
0.96322
0.965266
0.966967
0.967588
0.967756
0.967781
0.967616
0.96714
0.966101
0.964127
0.960801
0.954818
0.946611
0.941627
0.938192
0.935898
0.934236
0.932939
0.931728
0.930629
0.929694
0.928906
0.92838
0.928108
0.928029
0.928057
0.928343
0.929512
0.932199
0.935893
0.940899
0.94722
0.954098
0.959899
0.963462
0.964851
0.964974
0.964452
0.962529
0.961525
0.963709
0.967005
0.969515
0.97316
0.978792
0.98523
0.990871
0.994882
0.997324
0.998619
0.999163
0.999291
0.999147
0.997898
0.990432
0.977246
0.97063
0.965879
0.957991
0.948557
0.941926
0.939889
0.94068
0.948838
0.971883
0.987459
0.995078
0.998248
0.999414
0.999804
0.99993
0.999971
0.999986
0.999992
0.999996
0.999998
0.999999
0.999999
1
1
1
1
1
1
1
1
1
1
1
1
1
1
1
1
1
1
1
1
1
1
1
1
1
1
1
0.999999
0.999994
0.999977
0.999924
0.999749
0.999129
0.995997
0.991557
0.987636
0.978152
0.967962
0.9634
0.958531
0.949648
0.941766
0.938612
0.937502
0.937317
0.93786
0.941935
0.943814
0.942961
0.94125
0.941771
0.942183
0.94218
0.942465
0.943645
0.946089
0.951035
0.95954
0.967584
0.971575
0.763273
0.875507
0.905735
0.908899
0.904819
0.901684
0.902588
0.908671
0.923879
0.931113
0.931875
0.930179
0.923298
0.908779
0.888028
0.867136
0.848758
0.830894
0.813685
0.796794
0.779591
0.763389
0.749878
0.738812
0.733423
0.731372
0.7392
0.749869
0.769599
0.796292
0.828998
0.867672
0.908579
0.939128
0.950781
0.95631
0.959371
0.96116
0.961787
0.961545
0.961396
0.961864
0.962488
0.963278
0.964654
0.966558
0.967443
0.967754
0.967813
0.967726
0.967384
0.966565
0.964918
0.961974
0.956517
0.9485
0.942163
0.938198
0.935407
0.93346
0.931948
0.9307
0.92972
0.92893
0.928419
0.928242
0.928251
0.928398
0.928911
0.930241
0.934217
0.939849
0.944345
0.94899
0.954532
0.960088
0.963949
0.965603
0.965838
0.965377
0.962892
0.959486
0.95722
0.956603
0.957029
0.959316
0.965707
0.974904
0.983669
0.990412
0.994856
0.997479
0.998819
0.999282
0.999296
0.998816
0.995741
0.987638
0.983089
0.978483
0.968749
0.954777
0.944618
0.940953
0.941301
0.948489
0.97083
0.986739
0.994644
0.998044
0.999341
0.999787
0.99993
0.999975
0.99999
0.999995
0.999998
0.999999
0.999999
1
1
1
1
1
1
1
1
1
1
1
1
1
1
1
1
1
1
1
1
1
1
1
1
1
1
1
1
0.999998
0.999992
0.999972
0.999916
0.99975
0.999153
0.995998
0.991937
0.987352
0.975916
0.966716
0.962924
0.955479
0.945159
0.939725
0.937918
0.93732
0.936957
0.936884
0.937847
0.942394
0.943831
0.943291
0.942295
0.942204
0.941506
0.94083
0.941069
0.942404
0.946491
0.956738
0.966412
0.971529
0.779032
0.879767
0.907128
0.912778
0.91469
0.916847
0.921198
0.923682
0.929072
0.9371
0.939326
0.939138
0.935811
0.928373
0.916728
0.90221
0.88696
0.870236
0.853101
0.83732
0.822572
0.809515
0.799649
0.79342
0.790584
0.792816
0.800476
0.810866
0.829271
0.853213
0.879766
0.907301
0.93109
0.946567
0.95211
0.956464
0.959356
0.961303
0.962461
0.963099
0.96335
0.963074
0.962838
0.963113
0.963554
0.964324
0.965932
0.967248
0.967697
0.96779
0.967755
0.967547
0.966961
0.965701
0.963173
0.958385
0.951452
0.944044
0.939082
0.935835
0.933586
0.931904
0.93076
0.929845
0.929336
0.929334
0.929527
0.93009
0.93135
0.934117
0.939071
0.944811
0.950347
0.955107
0.959329
0.962944
0.965552
0.966833
0.967086
0.966836
0.964876
0.959863
0.955647
0.952942
0.951884
0.951929
0.953543
0.960945
0.973402
0.983748
0.990955
0.99543
0.997937
0.999048
0.999284
0.999074
0.997314
0.99482
0.993731
0.992002
0.986698
0.968111
0.951145
0.944301
0.943865
0.949393
0.970408
0.986508
0.994478
0.997945
0.999294
0.999772
0.999928
0.999977
0.999992
0.999997
0.999998
0.999999
1
1
1
1
1
1
1
1
1
1
1
1
1
1
1
1
1
1
1
1
1
1
1
1
1
1
1
1
1
0.999997
0.999986
0.999951
0.99988
0.999699
0.999022
0.995579
0.992092
0.98649
0.973419
0.965901
0.961374
0.951782
0.942959
0.938907
0.937834
0.937976
0.937745
0.936975
0.93696
0.939268
0.94353
0.944352
0.943894
0.942884
0.941585
0.940363
0.940138
0.940676
0.94349
0.953351
0.965011
0.971418
0.78371
0.877485
0.903879
0.9126
0.916197
0.919434
0.927751
0.931681
0.933604
0.93786
0.941815
0.942965
0.942809
0.940174
0.93409
0.926119
0.917175
0.906103
0.893029
0.879909
0.866164
0.852889
0.842693
0.836278
0.833319
0.83513
0.840972
0.85114
0.86667
0.885202
0.903934
0.923522
0.938753
0.946928
0.949892
0.952716
0.954566
0.95714
0.960891
0.962635
0.963509
0.964034
0.964001
0.963815
0.963699
0.963869
0.964343
0.965471
0.966977
0.967569
0.967747
0.967764
0.967651
0.967256
0.966302
0.964302
0.960553
0.955543
0.949307
0.943737
0.939634
0.936442
0.934636
0.933271
0.932877
0.933113
0.933873
0.935633
0.939114
0.943248
0.947667
0.952195
0.956682
0.960664
0.963824
0.965974
0.967313
0.967944
0.968074
0.967919
0.966899
0.962045
0.956059
0.952518
0.950985
0.950676
0.95096
0.952549
0.960225
0.974604
0.985495
0.99252
0.996582
0.998575
0.999221
0.99919
0.998544
0.99819
0.997862
0.997073
0.994251
0.981638
0.959989
0.949867
0.948412
0.95235
0.970668
0.98654
0.994449
0.997917
0.999278
0.999765
0.999927
0.999977
0.999993
0.999997
0.999999
0.999999
1
1
1
1
1
1
1
1
1
1
1
1
1
1
1
1
1
1
1
1
1
1
1
1
1
1
1
1
0.999999
0.999994
0.999957
0.999859
0.999763
0.999554
0.998678
0.995159
0.992006
0.984867
0.971126
0.964523
0.959487
0.949134
0.941324
0.938649
0.938654
0.940327
0.940383
0.939041
0.937349
0.937725
0.941751
0.944989
0.945239
0.94464
0.942447
0.940553
0.939885
0.940034
0.941877
0.950393
0.96362
0.971261
0.746
0.821905
0.874577
0.892384
0.901739
0.913989
0.930205
0.935219
0.935663
0.937948
0.942223
0.944887
0.945358
0.944976
0.943028
0.939569
0.935412
0.930058
0.922446
0.913717
0.904139
0.893221
0.883387
0.87656
0.873083
0.873586
0.877821
0.88681
0.899884
0.914347
0.927205
0.938174
0.945041
0.949074
0.952865
0.955428
0.955002
0.953483
0.95457
0.956306
0.959397
0.962731
0.963859
0.964353
0.964325
0.964124
0.964232
0.964518
0.965181
0.966437
0.967367
0.967691
0.967741
0.967686
0.967434
0.966779
0.965338
0.962921
0.959398
0.955198
0.951668
0.947976
0.945579
0.943545
0.943092
0.94353
0.944734
0.946897
0.949823
0.953286
0.956478
0.959384
0.962543
0.965426
0.967208
0.968125
0.96851
0.968553
0.968475
0.968294
0.967777
0.965191
0.958245
0.953362
0.951139
0.950596
0.950703
0.951426
0.953581
0.963884
0.978648
0.988798
0.99481
0.997884
0.999106
0.999415
0.999452
0.999391
0.999214
0.998584
0.995944
0.984868
0.966191
0.956058
0.954232
0.957283
0.972833
0.987314
0.994657
0.997954
0.999281
0.999765
0.999927
0.999978
0.999993
0.999998
0.999999
1
1
1
1
1
1
1
1
1
1
1
1
1
1
1
1
1
1
1
1
1
1
1
1
1
1
1
1
1
0.999998
0.999979
0.999829
0.999504
0.999386
0.999205
0.998218
0.995365
0.992069
0.982288
0.968586
0.963004
0.957214
0.947077
0.940557
0.939105
0.939883
0.945007
0.94577
0.944043
0.939203
0.938109
0.939524
0.944441
0.946262
0.946169
0.944807
0.941409
0.939996
0.939931
0.941152
0.94849
0.96255
0.971218
0.756555
0.78028
0.811399
0.835552
0.863405
0.904602
0.939346
0.949205
0.939735
0.937998
0.94401
0.949021
0.948983
0.946835
0.946675
0.945528
0.944124
0.942014
0.939035
0.934758
0.928961
0.921925
0.914577
0.909474
0.906559
0.906429
0.910128
0.917412
0.928037
0.938865
0.947667
0.953973
0.957835
0.96047
0.966728
0.971495
0.972904
0.973032
0.971034
0.962348
0.958941
0.95916
0.96051
0.963347
0.964207
0.964482
0.964475
0.964517
0.964613
0.964952
0.965869
0.967136
0.967589
0.967692
0.967675
0.967554
0.967172
0.966364
0.964774
0.962598
0.960276
0.957984
0.956173
0.955016
0.954314
0.954513
0.955158
0.956394
0.958247
0.96044
0.962499
0.96456
0.966341
0.967661
0.96845
0.968803
0.968873
0.968795
0.96856
0.968383
0.968086
0.967138
0.96229
0.955834
0.952301
0.951062
0.950967
0.951391
0.952771
0.956567
0.971161
0.984555
0.992735
0.997008
0.998873
0.999527
0.999716
0.999725
0.99963
0.999056
0.996333
0.985323
0.969763
0.961819
0.960518
0.963374
0.976908
0.989073
0.99531
0.998161
0.999336
0.999778
0.999931
0.999979
0.999994
0.999998
0.999999
1
1
1
1
1
1
1
1
1
1
1
1
1
1
1
1
1
1
1
1
1
1
1
1
1
1
1
1
0.999999
0.999994
0.999933
0.999449
0.998518
0.99835
0.998343
0.997654
0.99562
0.991585
0.978763
0.966165
0.961427
0.955981
0.945476
0.940291
0.939961
0.942274
0.951659
0.953449
0.951417
0.943806
0.939296
0.939491
0.943174
0.946771
0.947263
0.946652
0.943557
0.940541
0.940025
0.940915
0.946988
0.961671
0.971372
0.995267
0.981981
0.949214
0.937144
0.941164
0.961945
0.983324
0.989666
0.982077
0.951692
0.95446
0.969123
0.967111
0.952534
0.948184
0.947894
0.947294
0.946087
0.945018
0.944549
0.942934
0.939101
0.93382
0.930476
0.928993
0.929462
0.932722
0.937604
0.94461
0.950992
0.955561
0.958102
0.959488
0.960893
0.963456
0.965078
0.96847
0.975092
0.980578
0.980653
0.977039
0.965736
0.961413
0.961326
0.962242
0.96397
0.964478
0.964598
0.96461
0.96455
0.964724
0.965379
0.966728
0.967369
0.967602
0.967644
0.967602
0.967441
0.967024
0.966351
0.965104
0.964117
0.962954
0.962318
0.961878
0.961983
0.962367
0.963068
0.964076
0.965272
0.966366
0.967289
0.968051
0.968597
0.968897
0.968997
0.96899
0.96885
0.968554
0.968375
0.968184
0.967789
0.966178
0.960085
0.95495
0.952566
0.952029
0.952125
0.95286
0.954888
0.963875
0.979887
0.990405
0.995993
0.998525
0.999477
0.999772
0.999821
0.999755
0.999206
0.996395
0.985306
0.97329
0.96793
0.967309
0.97024
0.981948
0.991395
0.996272
0.998519
0.999456
0.999814
0.99994
0.999982
0.999995
0.999998
1
1
1
1
1
1
1
1
1
1
1
1
1
1
1
1
1
1
1
1
1
1
1
1
1
1
1
1
1
0.999998
0.999981
0.999811
0.998561
0.996403
0.996121
0.996469
0.996373
0.995031
0.990225
0.974534
0.963879
0.960512
0.954644
0.944626
0.940548
0.9409
0.946189
0.95931
0.962357
0.960482
0.951583
0.942399
0.940694
0.943006
0.947424
0.948647
0.948405
0.945979
0.941624
0.940349
0.941038
0.946704
0.961546
0.971983
0.999935
0.999615
0.998568
0.996134
0.995971
0.996346
0.997472
0.998489
0.99869
0.998546
0.998414
0.998326
0.997888
0.990805
0.956779
0.947206
0.950147
0.954665
0.950434
0.947884
0.947055
0.945463
0.944272
0.942542
0.941946
0.942273
0.944672
0.947286
0.95053
0.953372
0.955584
0.955726
0.953256
0.950589
0.949051
0.950223
0.956281
0.964996
0.974619
0.982646
0.9847
0.983201
0.974475
0.96478
0.962416
0.96246
0.96344
0.964371
0.964569
0.964548
0.964435
0.964496
0.964824
0.965612
0.966849
0.967367
0.967546
0.967584
0.967549
0.96745
0.967177
0.966907
0.966484
0.966179
0.966057
0.966118
0.966308
0.966689
0.967172
0.967648
0.96805
0.968395
0.968692
0.968883
0.968997
0.969016
0.968986
0.968778
0.968425
0.968261
0.968158
0.967972
0.967519
0.965464
0.959596
0.95566
0.95421
0.953943
0.954092
0.954886
0.958917
0.97467
0.987811
0.994854
0.99807
0.999344
0.999766
0.999849
0.999796
0.999262
0.996272
0.986182
0.978119
0.975045
0.97495
0.978046
0.987381
0.993906
0.997337
0.998932
0.999602
0.999862
0.999955
0.999986
0.999996
0.999999
1
1
1
1
1
1
1
1
1
1
1
1
1
1
1
1
1
1
1
1
1
1
1
1
1
1
1
1
0.999999
0.999994
0.999949
0.99955
0.996897
0.992909
0.992356
0.993204
0.993608
0.992601
0.986531
0.969523
0.962283
0.95993
0.95415
0.944235
0.941255
0.942594
0.95267
0.963792
0.967112
0.966629
0.961803
0.949072
0.943961
0.944584
0.948572
0.950196
0.95002
0.94809
0.943061
0.941073
0.941485
0.946967
0.961828
0.973212
0.999999
0.999994
0.999972
0.9999
0.999881
0.999878
0.999897
0.99993
0.999946
0.999946
0.999942
0.999929
0.999864
0.999102
0.993097
0.969923
0.955448
0.9536
0.953071
0.955831
0.956793
0.951865
0.94794
0.946166
0.946537
0.94732
0.94878
0.949719
0.95079
0.951511
0.950066
0.947073
0.945092
0.944308
0.944532
0.946353
0.952638
0.962848
0.972219
0.981198
0.987617
0.989141
0.988195
0.981999
0.968954
0.963853
0.962936
0.963125
0.964034
0.964409
0.96439
0.964353
0.964176
0.964259
0.964686
0.965582
0.966678
0.967193
0.967408
0.967491
0.967496
0.967523
0.967511
0.967503
0.96752
0.967599
0.967727
0.967949
0.96816
0.968328
0.968479
0.968632
0.968786
0.968867
0.968861
0.968812
0.96865
0.968282
0.968018
0.967983
0.967984
0.967951
0.96777
0.967222
0.965064
0.96065
0.957945
0.956487
0.955656
0.955653
0.957407
0.969414
0.98513
0.993667
0.997582
0.99917
0.999728
0.999854
0.999813
0.999294
0.996248
0.988759
0.984282
0.982824
0.98304
0.986344
0.9925
0.99631
0.998346
0.999319
0.999741
0.999908
0.99997
0.999991
0.999997
0.999999
1
1
1
1
1
1
1
1
1
1
1
1
1
1
1
1
1
1
1
1
1
1
1
1
1
1
1
1
0.999998
0.999986
0.999886
0.999125
0.994642
0.988687
0.987765
0.988939
0.989628
0.988398
0.980192
0.965423
0.961579
0.959817
0.953982
0.944169
0.942078
0.944285
0.956424
0.965928
0.968747
0.968804
0.967291
0.960167
0.952136
0.949981
0.951412
0.9521
0.951958
0.950417
0.944585
0.941957
0.942341
0.947765
0.962858
0.975143
1
1
1
0.999999
0.999998
0.999998
0.999998
0.999998
0.999999
0.999999
0.999998
0.999997
0.999988
0.999894
0.999075
0.995388
0.984846
0.970694
0.964506
0.964606
0.966648
0.967257
0.96361
0.953427
0.949393
0.948925
0.949553
0.949974
0.949608
0.947578
0.945491
0.944173
0.943748
0.943891
0.945009
0.94841
0.957497
0.969456
0.979021
0.98587
0.991071
0.993665
0.99387
0.992873
0.98822
0.97399
0.96597
0.963531
0.96321
0.963464
0.964082
0.964177
0.964098
0.963943
0.963757
0.963854
0.964225
0.965021
0.965824
0.966571
0.966951
0.967207
0.967356
0.96745
0.967547
0.967648
0.967763
0.967966
0.968093
0.968149
0.968252
0.968281
0.968257
0.968209
0.968119
0.96792
0.967422
0.967369
0.967485
0.967709
0.967799
0.967793
0.967662
0.967272
0.966313
0.963786
0.960785
0.957857
0.956106
0.955834
0.956928
0.965868
0.982755
0.992569
0.997128
0.998997
0.99968
0.999854
0.999827
0.999388
0.996886
0.993337
0.991489
0.990962
0.991293
0.993825
0.996672
0.998335
0.999229
0.999667
0.999865
0.999949
0.999982
0.999994
0.999998
0.999999
1
1
1
1
1
1
1
1
1
1
1
1
1
1
1
1
1
1
1
1
1
1
1
1
1
1
1
0.999999
0.999996
0.99997
0.999787
0.998563
0.992104
0.98467
0.983491
0.984712
0.985356
0.98385
0.973703
0.962826
0.961402
0.960491
0.9542
0.944928
0.943175
0.945757
0.958226
0.96683
0.969169
0.969373
0.968975
0.966334
0.961237
0.958206
0.956946
0.956106
0.95523
0.951462
0.944786
0.942442
0.943013
0.949143
0.965216
0.977826
1
1
1
1
1
1
1
1
1
1
1
1
0.999999
0.999989
0.999896
0.999406
0.997817
0.993804
0.989372
0.986993
0.986582
0.985945
0.984273
0.978843
0.963647
0.954295
0.95141
0.950717
0.949807
0.94746
0.945429
0.944699
0.944809
0.945758
0.948697
0.956248
0.969267
0.980785
0.988587
0.992932
0.995492
0.996937
0.997233
0.997062
0.996027
0.992321
0.980131
0.968766
0.964566
0.963254
0.963153
0.963452
0.963788
0.963763
0.96362
0.963444
0.963208
0.963249
0.963389
0.963718
0.964263
0.964795
0.965312
0.965719
0.966046
0.966219
0.966421
0.966569
0.966578
0.966547
0.966479
0.966312
0.966211
0.966216
0.96618
0.966229
0.966396
0.966799
0.967289
0.967603
0.967666
0.967582
0.966958
0.965991
0.965217
0.963789
0.961115
0.958091
0.956177
0.955781
0.956608
0.964272
0.98142
0.99188
0.996845
0.998886
0.999644
0.999861
0.999864
0.999642
0.998667
0.997553
0.99681
0.996517
0.996562
0.997316
0.998492
0.999233
0.999643
0.999847
0.999939
0.999977
0.999992
0.999997
0.999999
1
1
1
1
1
1
1
1
1
1
1
1
1
1
1
1
1
1
1
1
1
1
1
1
1
1
1
1
0.999999
0.999991
0.999945
0.999642
0.997779
0.988964
0.980671
0.979583
0.981002
0.981594
0.979877
0.968967
0.961399
0.96233
0.962438
0.955685
0.946041
0.944059
0.946571
0.958849
0.967057
0.969151
0.969276
0.9691
0.968204
0.965899
0.963607
0.961723
0.960041
0.957253
0.951071
0.944604
0.942889
0.943913
0.951903
0.968764
0.981019
1
1
1
1
1
1
1
1
1
1
1
1
1
0.999999
0.999991
0.999939
0.999748
0.99924
0.998089
0.997083
0.996434
0.995882
0.995035
0.993257
0.989066
0.978968
0.964193
0.957297
0.953716
0.950284
0.948786
0.948984
0.950243
0.953606
0.963176
0.976285
0.985979
0.991939
0.995351
0.997168
0.99818
0.998765
0.998926
0.998893
0.998665
0.997796
0.994928
0.986481
0.972782
0.966182
0.963764
0.962841
0.962773
0.963067
0.963244
0.963207
0.963046
0.962841
0.962645
0.962486
0.962487
0.962516
0.962578
0.962699
0.962773
0.962852
0.962891
0.962897
0.962974
0.963067
0.963161
0.963378
0.963885
0.9645
0.965054
0.965564
0.966078
0.966668
0.967175
0.9674
0.967404
0.967127
0.965329
0.962318
0.960561
0.960007
0.959264
0.957395
0.955796
0.955425
0.956238
0.96365
0.980869
0.991586
0.996726
0.998843
0.999629
0.99988
0.999928
0.999896
0.999667
0.999116
0.998708
0.99852
0.998507
0.998722
0.999255
0.999615
0.999819
0.999921
0.999968
0.999988
0.999996
0.999999
1
1
1
1
1
1
1
1
1
1
1
1
1
1
1
1
1
1
1
1
1
1
1
1
1
1
1
1
1
0.999997
0.999984
0.999902
0.999393
0.996352
0.984248
0.975856
0.975311
0.977601
0.978427
0.976425
0.964833
0.960604
0.964339
0.965111
0.957874
0.94801
0.945234
0.947181
0.958645
0.96641
0.968186
0.96786
0.967367
0.96753
0.966658
0.965231
0.963485
0.961162
0.957176
0.949451
0.944108
0.943271
0.945037
0.9562
0.973153
0.984314
1
1
1
1
1
1
1
1
1
1
1
1
1
1
0.999999
0.999995
0.999977
0.999924
0.999786
0.999558
0.999341
0.999117
0.998837
0.998335
0.99729
0.994953
0.989581
0.982455
0.974349
0.967957
0.967333
0.968435
0.971684
0.978754
0.986025
0.991605
0.995229
0.997362
0.998531
0.999136
0.999469
0.99964
0.999675
0.999663
0.999606
0.999409
0.998771
0.996766
0.991779
0.978842
0.969059
0.964791
0.963037
0.96219
0.96209
0.962312
0.962515
0.962488
0.962396
0.962229
0.962101
0.961993
0.961916
0.961876
0.96185
0.961833
0.961823
0.961831
0.961889
0.962054
0.9623
0.962805
0.963503
0.964235
0.964888
0.965479
0.966021
0.966464
0.966727
0.966814
0.966772
0.966289
0.963255
0.958111
0.955835
0.955284
0.955225
0.955125
0.954743
0.954796
0.95596
0.963648
0.980779
0.991521
0.996701
0.998836
0.999626
0.999891
0.999958
0.999959
0.999905
0.999676
0.999444
0.999328
0.999308
0.999376
0.999618
0.999802
0.999905
0.999958
0.999983
0.999994
0.999998
0.999999
1
1
1
1
1
1
1
1
1
1
1
1
1
1
1
1
1
1
1
1
1
1
1
1
1
1
1
1
0.999999
0.999995
0.999969
0.999819
0.998864
0.993318
0.977662
0.970429
0.970511
0.974401
0.975611
0.973085
0.96134
0.960204
0.967418
0.969017
0.960966
0.950202
0.946154
0.947596
0.955575
0.963726
0.965766
0.964176
0.962789
0.964836
0.965836
0.965078
0.963415
0.960792
0.955153
0.946816
0.943738
0.943682
0.947169
0.962387
0.978034
0.987338
1
1
1
1
1
1
1
1
1
1
1
1
1
1
1
1
0.999998
0.999994
0.999982
0.999955
0.999915
0.999862
0.999797
0.999691
0.99948
0.999033
0.997815
0.996289
0.993592
0.990486
0.990018
0.99044
0.991777
0.994302
0.996471
0.99798
0.998899
0.999416
0.999684
0.999822
0.999898
0.999929
0.999931
0.999926
0.999909
0.999864
0.999735
0.999326
0.998141
0.995003
0.987172
0.974757
0.967267
0.963892
0.962324
0.961322
0.961068
0.961114
0.961433
0.961612
0.961682
0.961704
0.961702
0.961708
0.961764
0.961827
0.96192
0.962102
0.962249
0.962457
0.962871
0.963274
0.963791
0.964355
0.964876
0.965498
0.965655
0.965517
0.965092
0.96495
0.964837
0.964266
0.960538
0.955921
0.954548
0.954519
0.95453
0.954497
0.954487
0.954662
0.956158
0.964954
0.981606
0.99189
0.99686
0.998905
0.999653
0.9999
0.99997
0.999979
0.999965
0.999876
0.999748
0.999681
0.999667
0.999692
0.999803
0.999898
0.99995
0.999978
0.999991
0.999996
0.999999
1
1
1
1
1
1
1
1
1
1
1
1
1
1
1
1
1
1
1
1
1
1
1
1
1
1
1
1
1
0.999998
0.999989
0.99994
0.999636
0.997648
0.986808
0.971898
0.967545
0.967995
0.972099
0.973291
0.96976
0.958607
0.959964
0.971817
0.973482
0.965246
0.953317
0.947847
0.948185
0.952313
0.960356
0.962531
0.959987
0.957914
0.958596
0.962144
0.963191
0.961731
0.957614
0.949517
0.944852
0.943707
0.944536
0.952056
0.969723
0.982818
0.989825
1
1
1
1
1
1
1
1
1
1
1
1
1
1
1
1
1
1
0.999999
0.999997
0.999993
0.999984
0.999974
0.999957
0.999925
0.999859
0.99967
0.99942
0.998973
0.998192
0.998028
0.998118
0.998414
0.998972
0.999394
0.999666
0.999824
0.99991
0.999952
0.999975
0.999986
0.99999
0.99999
0.999988
0.999984
0.999975
0.999952
0.99988
0.999655
0.999004
0.997243
0.993438
0.984077
0.973318
0.966629
0.963228
0.961701
0.96044
0.959764
0.959652
0.959718
0.960089
0.960573
0.960928
0.961236
0.961449
0.961683
0.961959
0.962204
0.962512
0.962986
0.963241
0.963326
0.963614
0.963855
0.963826
0.963595
0.962446
0.96031
0.959588
0.959448
0.958908
0.955956
0.95357
0.953991
0.955042
0.955323
0.955255
0.955184
0.955441
0.957578
0.968756
0.984275
0.993216
0.997425
0.999121
0.999725
0.999921
0.999978
0.999988
0.999984
0.999947
0.999881
0.999845
0.999837
0.999848
0.999901
0.999949
0.999975
0.999989
0.999995
0.999998
0.999999
1
1
1
1
1
1
1
1
1
1
1
1
1
1
1
1
1
1
1
1
1
1
1
1
1
1
1
1
0.999999
0.999996
0.999979
0.99988
0.99923
0.994953
0.979167
0.969057
0.966526
0.967239
0.971133
0.971862
0.966268
0.956517
0.960802
0.976212
0.978552
0.970814
0.95721
0.950154
0.948688
0.95118
0.956835
0.95943
0.957959
0.954735
0.953605
0.95445
0.95588
0.954526
0.949967
0.945898
0.944179
0.94404
0.946831
0.960668
0.976788
0.986996
0.991578
1
1
1
1
1
1
1
1
1
1
1
1
1
1
1
1
1
1
1
1
1
0.999999
0.999998
0.999996
0.999992
0.999984
0.999964
0.999932
0.999885
0.999768
0.999734
0.999745
0.999785
0.999864
0.999924
0.99996
0.99998
0.99999
0.999995
0.999997
0.999999
0.999999
0.999999
0.999999
0.999998
0.999997
0.999993
0.999982
0.999947
0.999837
0.999513
0.998689
0.996647
0.992828
0.984067
0.974229
0.967612
0.963334
0.961189
0.960054
0.958829
0.957948
0.957632
0.957584
0.957598
0.957745
0.958378
0.958657
0.958987
0.959515
0.959616
0.959492
0.958953
0.958137
0.957696
0.957359
0.956698
0.954417
0.952303
0.951435
0.951216
0.95085
0.950441
0.951067
0.954633
0.958428
0.959264
0.958923
0.958361
0.958564
0.961335
0.974412
0.987779
0.994911
0.998119
0.99937
0.999806
0.999945
0.999985
0.999993
0.999992
0.999976
0.999943
0.999925
0.999921
0.999926
0.999952
0.999975
0.999988
0.999994
0.999998
0.999999
1
1
1
1
1
1
1
1
1
1
1
1
1
1
1
1
1
1
1
1
1
1
1
1
1
1
1
1
1
0.999999
0.999992
0.999959
0.999762
0.998405
0.98975
0.974676
0.96794
0.966256
0.96712
0.970863
0.971186
0.962637
0.95489
0.96276
0.979077
0.98314
0.977462
0.963357
0.95338
0.949883
0.950843
0.953514
0.956006
0.956298
0.953229
0.951087
0.950109
0.949595
0.948288
0.946189
0.944807
0.944236
0.945365
0.953654
0.970225
0.983139
0.990113
0.992467
1
1
1
1
1
1
1
1
1
1
1
1
1
1
1
1
1
1
1
1
1
1
1
1
0.999999
0.999999
0.999997
0.999994
0.99999
0.999979
0.999974
0.999975
0.999979
0.999987
0.999993
0.999996
0.999998
0.999999
1
1
1
1
1
1
1
1
0.999999
0.999998
0.999993
0.999978
0.999929
0.99979
0.999422
0.99859
0.996379
0.993476
0.987395
0.978533
0.971206
0.966108
0.962344
0.95993
0.958643
0.957553
0.956237
0.955158
0.954168
0.953477
0.95304
0.952635
0.952253
0.951788
0.951287
0.950766
0.950358
0.950183
0.950002
0.949908
0.949808
0.949476
0.949074
0.94897
0.949141
0.9508
0.959411
0.966205
0.967538
0.966606
0.964978
0.965014
0.968183
0.980845
0.991132
0.996398
0.998695
0.99957
0.999869
0.999963
0.99999
0.999996
0.999996
0.999989
0.999973
0.999965
0.999963
0.999965
0.999977
0.999988
0.999994
0.999997
0.999999
1
1
1
1
1
1
1
1
1
1
1
1
1
1
1
1
1
1
1
1
1
1
1
1
1
1
1
1
1
1
0.999998
0.999986
0.999924
0.999547
0.996959
0.984388
0.972718
0.967659
0.966266
0.967295
0.970909
0.970702
0.958803
0.953467
0.965476
0.980371
0.984925
0.983589
0.971906
0.95822
0.952318
0.950984
0.952515
0.95395
0.954424
0.952834
0.950653
0.948971
0.947623
0.946458
0.945491
0.944908
0.94519
0.94966
0.964576
0.978965
0.988016
0.99183
0.992618
1
1
1
1
1
1
1
1
1
1
1
1
1
1
1
1
1
1
1
1
1
1
1
1
1
1
1
1
0.999999
0.999999
0.999998
0.999998
0.999998
0.999999
0.999999
1
1
1
1
1
1
1
1
1
1
1
1
1
0.999999
0.999997
0.999991
0.999971
0.999913
0.999767
0.999399
0.998705
0.996932
0.994399
0.991182
0.985781
0.978646
0.972026
0.967213
0.963401
0.960408
0.958127
0.956288
0.954947
0.953841
0.952651
0.951541
0.950927
0.950804
0.95061
0.950183
0.950001
0.950074
0.95086
0.952038
0.952109
0.95118
0.950699
0.951137
0.955118
0.969086
0.977132
0.978444
0.976749
0.974255
0.974214
0.977673
0.987919
0.994617
0.997893
0.999262
0.999765
0.999931
0.999981
0.999995
0.999998
0.999998
0.999995
0.999987
0.999983
0.999982
0.999984
0.999989
0.999994
0.999997
0.999999
0.999999
1
1
1
1
1
1
1
1
1
1
1
1
1
1
1
1
1
1
1
1
1
1
1
1
1
1
1
1
1
0.999999
0.999996
0.999975
0.999867
0.999201
0.994806
0.980297
0.97195
0.968128
0.966908
0.967937
0.971147
0.970012
0.95505
0.952231
0.967504
0.981005
0.985596
0.986564
0.981439
0.966353
0.956048
0.952604
0.952462
0.953336
0.95347
0.953074
0.950896
0.949294
0.947692
0.94658
0.94599
0.946143
0.948731
0.960901
0.97552
0.985784
0.990817
0.992279
0.992242
1
1
1
1
1
1
1
1
1
1
1
1
1
1
1
1
1
1
1
1
1
1
1
1
1
1
1
1
1
1
1
1
1
1
1
1
1
1
1
1
1
1
1
1
1
1
1
1
1
1
0.999999
0.999997
0.999989
0.999968
0.999915
0.999798
0.999468
0.998996
0.998173
0.996477
0.994761
0.992313
0.988739
0.984847
0.98085
0.976126
0.97211
0.969533
0.967038
0.964012
0.961999
0.961775
0.962191
0.962421
0.961331
0.960466
0.960745
0.963463
0.965904
0.965577
0.961994
0.960357
0.960948
0.96729
0.981668
0.987933
0.988619
0.986515
0.984472
0.984648
0.988517
0.994419
0.997584
0.999055
0.999663
0.99989
0.999967
0.999991
0.999997
0.999999
0.999999
0.999998
0.999994
0.999992
0.999992
0.999992
0.999995
0.999997
0.999999
0.999999
1
1
1
1
1
1
1
1
1
1
1
1
1
1
1
1
1
1
1
1
1
1
1
1
1
1
1
1
1
1
0.999999
0.999993
0.999958
0.999776
0.998687
0.991832
0.977785
0.971984
0.969484
0.968204
0.968933
0.971477
0.968858
0.951726
0.951059
0.968325
0.981157
0.98576
0.987729
0.986685
0.977933
0.9632
0.956093
0.953692
0.953495
0.953446
0.95306
0.951989
0.950419
0.948954
0.94822
0.948149
0.950406
0.959508
0.973849
0.984113
0.989758
0.991728
0.992016
0.990925
1
1
1
1
1
1
1
1
1
1
1
1
1
1
1
1
1
1
1
1
1
1
1
1
1
1
1
1
1
1
1
1
1
1
1
1
1
1
1
1
1
1
1
1
1
1
1
1
1
1
1
1
0.999999
0.999997
0.999991
0.999977
0.999941
0.999874
0.999756
0.999427
0.999104
0.998762
0.997895
0.997181
0.996063
0.994531
0.993456
0.992614
0.991026
0.989032
0.98794
0.987874
0.988165
0.988177
0.98684
0.985924
0.986136
0.987929
0.98882
0.98796
0.982711
0.980369
0.980915
0.986329
0.992526
0.994659
0.99476
0.993828
0.993224
0.99341
0.995283
0.997652
0.998951
0.999576
0.999844
0.999947
0.999984
0.999995
0.999999
1
1
0.999999
0.999998
0.999997
0.999997
0.999997
0.999998
0.999999
0.999999
1
1
1
1
1
1
1
1
1
1
1
1
1
1
1
1
1
1
1
1
1
1
1
1
1
1
1
1
1
1
1
0.999998
0.999988
0.999932
0.999637
0.997949
0.988552
0.976549
0.972448
0.970911
0.969678
0.970046
0.971753
0.967113
0.949357
0.949539
0.96807
0.980083
0.985566
0.988109
0.988728
0.98608
0.97549
0.963509
0.957761
0.955521
0.954751
0.954184
0.95342
0.952458
0.951921
0.952103
0.954245
0.962437
0.974528
0.983617
0.988965
0.991195
0.991657
0.990957
0.990033
1
1
1
1
1
1
1
1
1
1
1
1
1
1
1
1
1
1
1
1
1
1
1
1
1
1
1
1
1
1
1
1
1
1
1
1
1
1
1
1
1
1
1
1
1
1
1
1
1
1
1
1
1
1
0.999999
0.999998
0.999995
0.99999
0.999977
0.999945
0.999917
0.999852
0.99977
0.999707
0.999571
0.999256
0.99906
0.99895
0.998749
0.998185
0.99779
0.99769
0.997682
0.997602
0.997208
0.997086
0.99717
0.997429
0.997417
0.996662
0.994802
0.994269
0.994443
0.995927
0.997422
0.997833
0.997756
0.997341
0.997219
0.997349
0.998195
0.999096
0.99959
0.999831
0.999936
0.999978
0.999993
0.999998
0.999999
1
1
1
0.999999
0.999999
0.999999
0.999999
0.999999
1
1
1
1
1
1
1
1
1
1
1
1
1
1
1
1
1
1
1
1
1
1
1
1
1
1
1
1
1
1
1
1
1
0.999997
0.999981
0.999893
0.999439
0.996936
0.985744
0.976005
0.972981
0.972076
0.970911
0.9709
0.971841
0.965609
0.948183
0.947804
0.961635
0.974877
0.983677
0.988094
0.989454
0.989143
0.985852
0.977126
0.967211
0.961725
0.95907
0.957915
0.957431
0.957336
0.958443
0.96241
0.969321
0.97739
0.98448
0.988747
0.990776
0.991322
0.990974
0.99032
0.989925
1
1
1
1
1
1
1
1
1
1
1
1
1
1
1
1
1
1
1
1
1
1
1
1
1
1
1
1
1
1
1
1
1
1
1
1
1
1
1
1
1
1
1
1
1
1
1
1
1
1
1
1
1
1
1
1
1
0.999999
0.999999
0.999997
0.999995
0.99999
0.999985
0.999981
0.99997
0.999943
0.999927
0.999913
0.999875
0.999805
0.999766
0.999754
0.999737
0.999668
0.999595
0.999584
0.999593
0.999596
0.999541
0.999133
0.99871
0.998617
0.998667
0.998996
0.999233
0.999263
0.999176
0.999038
0.999017
0.999083
0.999412
0.999706
0.999866
0.999944
0.999979
0.999993
0.999998
0.999999
1
1
1
1
1
1
1
1
1
1
1
1
1
1
1
1
1
1
1
1
1
1
1
1
1
1
1
1
1
1
1
1
1
1
1
1
1
1
1
1
1
0.999999
0.999996
0.999973
0.999843
0.999177
0.995662
0.983728
0.97603
0.973629
0.972736
0.971393
0.971184
0.971764
0.964881
0.947798
0.947122
0.951552
0.962453
0.977239
0.986811
0.989593
0.990197
0.989447
0.986781
0.982034
0.975072
0.970913
0.969146
0.968664
0.969942
0.972953
0.976858
0.981761
0.986079
0.98908
0.990584
0.99111
0.991024
0.990578
0.990284
0.990052
1
1
1
1
1
1
1
1
1
1
1
1
1
1
1
1
1
1
1
1
1
1
1
1
1
1
1
1
1
1
1
1
1
1
1
1
1
1
1
1
1
1
1
1
1
1
1
1
1
1
1
1
1
1
1
1
1
1
1
1
1
1
0.999999
0.999999
0.999998
0.999998
0.999997
0.999995
0.999991
0.999989
0.999987
0.999986
0.999979
0.999971
0.999968
0.999968
0.999967
0.999961
0.999925
0.999822
0.999769
0.99976
0.999771
0.999809
0.99982
0.99981
0.99976
0.999732
0.99973
0.999755
0.999852
0.999927
0.999967
0.999986
0.999995
0.999998
0.999999
1
1
1
1
1
1
1
1
1
1
1
1
1
1
1
1
1
1
1
1
1
1
1
1
1
1
1
1
1
1
1
1
1
1
1
1
1
1
1
1
1
1
0.999999
0.999994
0.999964
0.999787
0.998875
0.994234
0.982693
0.976446
0.974258
0.973323
0.971498
0.97114
0.971532
0.965411
0.948354
0.946407
0.947711
0.950151
0.961655
0.981738
0.989026
0.990428
0.990642
0.989869
0.988121
0.985758
0.983462
0.982017
0.981327
0.981848
0.983626
0.985684
0.987949
0.989681
0.990642
0.991035
0.991064
0.990789
0.990576
0.990454
0.990067
1
1
1
1
1
1
1
1
1
1
1
1
1
1
1
1
1
1
1
1
1
1
1
1
1
1
1
1
1
1
1
1
1
1
1
1
1
1
1
1
1
1
1
1
1
1
1
1
1
1
1
1
1
1
1
1
1
1
1
1
1
1
1
1
1
1
1
1
1
1
1
0.999999
0.999999
0.999999
0.999999
0.999999
0.999998
0.999997
0.999989
0.99998
0.999976
0.999976
0.999976
0.999976
0.999974
0.999964
0.999955
0.999952
0.999952
0.999958
0.999976
0.999988
0.999995
0.999998
0.999999
1
1
1
1
1
1
1
1
1
1
1
1
1
1
1
1
1
1
1
1
1
1
1
1
1
1
1
1
1
1
1
1
1
1
1
1
1
1
1
1
1
1
1
0.999999
0.999999
0.999993
0.999955
0.999727
0.998573
0.99324
0.982613
0.976633
0.974549
0.973583
0.971319
0.97079
0.971068
0.967639
0.95129
0.946272
0.946817
0.947388
0.948439
0.967581
0.985895
0.990266
0.990928
0.990975
0.990437
0.989523
0.988675
0.988174
0.987903
0.987838
0.988933
0.989518
0.990374
0.990859
0.991076
0.991109
0.990974
0.990811
0.990726
0.990516
0.989502
1
1
1
1
1
1
1
1
1
1
1
1
1
1
1
1
1
1
1
1
1
1
1
1
1
1
1
1
1
1
1
1
1
1
1
1
1
1
1
1
1
1
1
1
1
1
1
1
1
1
1
1
1
1
1
1
1
1
1
1
1
1
1
1
1
1
1
1
1
1
1
1
1
1
1
1
1
1
0.999999
0.999999
0.999999
0.999999
0.999999
0.999999
0.999998
0.999997
0.999997
0.999997
0.999997
0.999997
0.999998
0.999999
1
1
1
1
1
1
1
1
1
1
1
1
1
1
1
1
1
1
1
1
1
1
1
1
1
1
1
1
1
1
1
1
1
1
1
1
1
1
1
1
1
0.999999
0.999999
0.999999
0.999999
0.999999
0.999998
0.999997
0.99999
0.999943
0.999671
0.998395
0.993288
0.982877
0.976662
0.974627
0.973529
0.9706
0.969633
0.970053
0.969017
0.9575
0.947226
0.947521
0.947921
0.946204
0.946249
0.976291
0.988374
0.99086
0.99124
0.991295
0.991078
0.9908
0.990615
0.990488
0.99045
0.990803
0.990944
0.991145
0.991226
0.991218
0.991123
0.991009
0.990909
0.990713
0.990161
0.986685
1
1
1
1
1
1
1
1
1
1
1
1
1
1
1
1
1
1
1
1
1
1
1
1
1
1
1
1
1
1
1
1
1
1
1
1
1
1
1
1
1
1
1
1
1
1
1
1
1
1
1
1
1
1
1
1
1
1
1
1
1
1
1
1
1
1
1
1
1
1
1
1
1
1
1
1
1
1
1
1
1
1
1
1
1
1
1
1
1
1
1
1
1
1
1
1
1
1
1
1
1
1
1
1
1
1
1
1
1
1
1
1
1
1
1
1
1
1
1
1
1
0.999999
0.999999
0.999998
0.999998
0.999998
0.999998
0.999999
0.999999
0.999999
0.999998
0.999998
0.999998
0.999998
0.999997
0.999997
0.999996
0.999994
0.999994
0.999992
0.999982
0.999926
0.999641
0.998548
0.994489
0.983302
0.976607
0.974584
0.973165
0.969458
0.967963
0.968295
0.968296
0.965356
0.953877
0.953544
0.955104
0.948958
0.941579
0.954378
0.981905
0.989395
0.991121
0.991453
0.99151
0.991488
0.991435
0.991373
0.991347
0.991389
0.991395
0.991397
0.991344
0.991251
0.991137
0.991012
0.990782
0.990018
0.987649
0.975933
1
1
1
1
1
1
1
1
1
1
1
1
1
1
1
1
1
1
1
1
1
1
1
1
1
1
1
1
1
1
1
1
1
1
1
1
1
1
1
1
1
1
1
1
1
1
1
1
1
1
1
1
1
1
1
1
1
1
1
1
1
1
1
1
1
1
1
1
1
1
1
1
1
1
1
1
1
1
1
1
1
1
1
1
1
1
1
1
1
1
1
1
1
1
1
1
1
1
1
1
1
1
1
1
1
1
1
1
1
1
1
1
1
1
0.999999
0.999999
0.999999
0.999999
0.999999
0.999998
0.999997
0.999992
0.999981
0.999981
0.999983
0.999985
0.999988
0.999991
0.999993
0.999994
0.999994
0.999993
0.999993
0.999992
0.999992
0.999991
0.999988
0.999984
0.999982
0.999979
0.999968
0.999911
0.999661
0.998739
0.994705
0.982684
0.976149
0.97434
0.972066
0.968581
0.967319
0.967316
0.967563
0.967049
0.963186
0.962992
0.963584
0.958503
0.942304
0.939119
0.96671
0.984234
0.989616
0.991125
0.991515
0.991601
0.991616
0.9916
0.991569
0.991548
0.991501
0.991435
0.991343
0.991215
0.991016
0.990586
0.989338
0.985512
0.975422
0.947299
1
1
1
1
1
1
1
1
1
1
1
1
1
1
1
1
1
1
1
1
1
1
1
1
1
1
1
1
1
1
1
1
1
1
1
1
1
1
1
1
1
1
1
1
1
1
1
1
1
1
1
1
1
1
1
1
1
1
1
1
1
1
1
1
1
1
1
1
1
1
1
1
1
1
1
1
1
1
1
1
1
1
1
1
1
1
1
1
1
1
1
1
1
1
1
1
1
1
1
1
1
1
1
1
1
1
1
1
1
1
1
1
0.999999
0.999996
0.999993
0.999994
0.999994
0.999995
0.999994
0.999989
0.999971
0.999905
0.999836
0.999844
0.999868
0.999909
0.999939
0.999959
0.999971
0.999978
0.999979
0.999979
0.99998
0.99998
0.99998
0.999977
0.999968
0.999961
0.999958
0.999954
0.999944
0.999903
0.999724
0.998866
0.993663
0.980016
0.974906
0.973511
0.970863
0.968601
0.967689
0.967605
0.967698
0.967546
0.96621
0.966196
0.966291
0.961258
0.947853
0.936634
0.943202
0.971252
0.984166
0.988974
0.990726
0.991315
0.991501
0.991548
0.991538
0.991499
0.991424
0.991297
0.99107
0.990631
0.989632
0.98717
0.980924
0.964898
0.943271
0.926382
1
1
1
1
1
1
1
1
1
1
1
1
1
1
1
1
1
1
1
1
1
1
1
1
1
1
1
1
1
1
1
1
1
1
1
1
1
1
1
1
1
1
1
1
1
1
1
1
1
1
1
1
1
1
1
1
1
1
1
1
1
1
1
1
1
1
1
1
1
1
1
1
1
1
1
1
1
1
1
1
1
1
1
1
1
1
1
1
1
1
1
1
1
1
1
0.999999
0.999998
0.999998
0.999998
0.999998
0.999998
0.999998
0.999998
0.999999
0.999999
0.999999
0.999999
0.999999
0.999999
0.999999
0.999999
0.999997
0.999989
0.999955
0.999949
0.999954
0.999964
0.999973
0.99997
0.999926
0.999769
0.999336
0.999099
0.99917
0.999384
0.999633
0.999786
0.999871
0.999917
0.999939
0.999946
0.999949
0.999953
0.999954
0.999953
0.999947
0.999929
0.999918
0.999913
0.999907
0.999897
0.999869
0.999721
0.998594
0.990144
0.97607
0.972681
0.972069
0.97046
0.969861
0.970225
0.970189
0.969844
0.969221
0.967538
0.967691
0.967972
0.962093
0.950998
0.936959
0.93538
0.946286
0.969437
0.981101
0.986717
0.989167
0.990239
0.990669
0.990777
0.990697
0.990426
0.989857
0.98872
0.986416
0.981323
0.970305
0.951799
0.934879
0.923919
0.919255
1
1
1
1
1
1
1
1
1
1
1
1
1
1
1
1
1
1
1
1
1
1
1
1
1
1
1
1
1
1
1
1
1
1
1
1
1
1
1
1
1
1
1
1
1
1
1
1
1
1
1
1
1
1
1
1
1
1
1
1
1
1
1
1
1
1
1
1
1
1
1
1
1
1
1
1
1
1
1
1
1
0.999998
0.999998
0.999998
0.999998
0.999999
1
1
1
1
1
1
1
0.999999
0.999994
0.999985
0.999982
0.999983
0.999985
0.999988
0.99999
0.999991
0.999992
0.999993
0.999995
0.999995
0.999996
0.999996
0.999996
0.999996
0.999994
0.999975
0.999889
0.999681
0.999689
0.999738
0.999838
0.999892
0.999867
0.99955
0.998654
0.998034
0.99789
0.99798
0.998279
0.998946
0.999442
0.999693
0.999812
0.999864
0.99988
0.999893
0.999903
0.999904
0.9999
0.999885
0.999855
0.999843
0.999822
0.999802
0.999794
0.999771
0.999577
0.997682
0.98484
0.972189
0.970852
0.97092
0.970512
0.970532
0.971217
0.972564
0.972763
0.972457
0.970439
0.970606
0.969814
0.962169
0.951465
0.94172
0.934186
0.934561
0.942268
0.959375
0.972507
0.97932
0.983074
0.984972
0.985604
0.985365
0.984127
0.981476
0.976409
0.966878
0.952416
0.9383
0.928322
0.922198
0.918942
0.919188
1
1
1
1
1
1
1
1
1
1
1
1
1
1
1
1
1
1
1
1
1
1
1
1
1
1
1
1
1
1
1
1
1
1
1
1
1
1
1
1
1
1
1
1
1
1
1
1
1
1
1
1
1
1
1
1
1
1
1
1
1
1
1
1
1
1
1
1
1
1
1
1
1
1
1
1
1
1
1
0.999999
0.999995
0.99999
0.99999
0.999991
0.999994
0.999997
0.999998
0.999999
1
1
1
1
0.999996
0.999978
0.999928
0.999895
0.999898
0.99991
0.999934
0.99995
0.999956
0.999957
0.999959
0.999964
0.999969
0.999974
0.999977
0.99998
0.99998
0.999979
0.999966
0.999777
0.999136
0.998786
0.998822
0.999041
0.999429
0.999691
0.999478
0.998189
0.997924
0.997687
0.997591
0.997637
0.997807
0.998254
0.998917
0.999374
0.999604
0.999701
0.99976
0.999805
0.999818
0.999816
0.999803
0.999757
0.999701
0.999667
0.999589
0.999494
0.999491
0.999466
0.99908
0.995458
0.977451
0.967413
0.967844
0.969901
0.970431
0.970546
0.970767
0.971354
0.972608
0.97293
0.972774
0.972375
0.970088
0.959552
0.950715
0.949195
0.936556
0.932789
0.932798
0.935935
0.942405
0.951685
0.958063
0.962016
0.963677
0.96283
0.959323
0.953002
0.944502
0.936523
0.929206
0.92442
0.921635
0.920249
0.919765
0.924469
1
1
1
1
1
1
1
1
1
1
1
1
1
1
1
1
1
1
1
1
1
1
1
1
1
1
1
1
1
1
1
1
1
1
1
1
1
1
1
1
1
1
1
1
1
1
1
1
1
1
1
1
1
1
1
1
1
1
1
1
1
1
1
1
1
1
1
1
1
1
1
1
1
1
1
1
1
1
1
0.999992
0.999967
0.999967
0.999978
0.999987
0.999993
0.999996
0.999998
0.999999
1
1
1
0.999994
0.999946
0.999761
0.999547
0.999547
0.9996
0.999724
0.999818
0.999825
0.999797
0.999722
0.999726
0.999755
0.999818
0.999866
0.999895
0.999915
0.999936
0.999935
0.999794
0.998309
0.998275
0.998469
0.998453
0.998687
0.999391
0.999486
0.99788
0.997691
0.997858
0.997668
0.997553
0.997622
0.997797
0.998208
0.998697
0.999094
0.999344
0.999483
0.999581
0.99964
0.999645
0.999634
0.999576
0.999366
0.999087
0.998919
0.998636
0.998033
0.997998
0.997873
0.996716
0.988089
0.965815
0.961077
0.96426
0.96899
0.970156
0.970017
0.968051
0.967355
0.968236
0.971179
0.972129
0.971136
0.964954
0.952206
0.947843
0.950978
0.946066
0.935271
0.931896
0.93119
0.931444
0.93261
0.934217
0.935455
0.936107
0.935361
0.933496
0.930709
0.927745
0.925556
0.923762
0.922819
0.922549
0.923393
0.927095
0.943892
1
1
1
1
1
1
1
1
1
1
1
1
1
1
1
1
1
1
1
1
1
1
1
1
1
1
1
1
1
1
1
1
1
1
1
1
1
1
1
1
1
1
1
1
1
1
1
1
1
1
1
1
1
1
1
1
1
1
1
1
1
1
1
1
1
1
1
1
1
1
1
1
1
1
1
1
1
1
0.999996
0.999938
0.999904
0.999945
0.999988
0.999996
0.999997
0.999998
0.999999
1
1
1
0.999994
0.999905
0.999451
0.998589
0.998561
0.998784
0.999178
0.999397
0.999388
0.99905
0.998588
0.998717
0.998893
0.999229
0.999487
0.999706
0.999789
0.999832
0.999857
0.999803
0.997347
0.996685
0.998296
0.998805
0.998897
0.99907
0.999326
0.998391
0.997153
0.997633
0.997902
0.997902
0.997745
0.997737
0.997919
0.998312
0.998731
0.999023
0.999237
0.9994
0.999491
0.999503
0.999479
0.999292
0.998366
0.996464
0.995732
0.995153
0.993734
0.989461
0.988371
0.987711
0.984349
0.96623
0.950142
0.9508
0.96077
0.967572
0.968523
0.966829
0.957922
0.95469
0.955302
0.962252
0.967488
0.9636
0.944185
0.940177
0.94155
0.950343
0.951799
0.946603
0.937924
0.932896
0.930744
0.929772
0.929246
0.928965
0.928876
0.928529
0.927974
0.92734
0.926813
0.926447
0.927154
0.928864
0.935083
0.942807
0.958505
0.971518
1
1
1
1
1
1
1
1
1
1
1
1
1
1
1
1
1
1
1
1
1
1
1
1
1
1
1
1
1
1
1
1
1
1
1
1
1
1
1
1
1
1
1
1
1
1
1
1
1
1
1
1
1
1
1
1
1
1
1
1
1
1
1
1
1
1
1
1
1
1
1
1
1
1
1
1
1
0.999998
0.999946
0.999802
0.999808
0.999934
0.999988
0.999999
0.999999
0.999999
0.999999
0.999997
0.99999
0.999963
0.999833
0.998866
0.996872
0.996728
0.997383
0.997579
0.997167
0.997063
0.997194
0.997663
0.998407
0.999062
0.999276
0.999316
0.99933
0.999239
0.999178
0.999206
0.999173
0.998219
0.996052
0.996145
0.99755
0.998497
0.998839
0.998876
0.998528
0.997008
0.996416
0.997077
0.997795
0.998094
0.998166
0.998165
0.998355
0.998633
0.998875
0.999061
0.999209
0.999255
0.999219
0.999005
0.998096
0.994839
0.986029
0.982052
0.981084
0.978471
0.968427
0.948404
0.944617
0.945792
0.942719
0.928332
0.923648
0.931202
0.952328
0.959084
0.957488
0.942676
0.920279
0.917754
0.919318
0.936872
0.948328
0.936812
0.919151
0.920509
0.929236
0.947836
0.952482
0.950947
0.949172
0.946308
0.942554
0.939715
0.937569
0.936388
0.935904
0.936052
0.936743
0.938557
0.941504
0.944946
0.950715
0.955484
0.962878
0.966595
0.969538
0.962861
1
1
1
1
1
1
1
1
1
1
1
1
1
1
1
1
1
1
1
1
1
1
1
1
1
1
1
1
1
1
1
1
1
1
1
1
1
1
1
1
1
1
1
1
1
1
1
1
1
1
1
1
1
1
1
1
1
1
1
1
1
1
1
1
1
1
1
1
1
1
1
1
1
1
1
1
1
0.999993
0.999927
0.999712
0.999582
0.999681
0.999865
0.999952
0.99996
0.999942
0.999885
0.999673
0.998861
0.997542
0.996885
0.996196
0.995874
0.995666
0.995609
0.995798
0.996188
0.996609
0.997019
0.997215
0.997319
0.997461
0.997483
0.996984
0.996272
0.996065
0.996014
0.996089
0.996035
0.994387
0.993588
0.993659
0.995188
0.996601
0.997256
0.997405
0.996335
0.99561
0.995215
0.99583
0.996786
0.997679
0.9982
0.998423
0.998482
0.998599
0.998668
0.998608
0.998195
0.997191
0.995182
0.990303
0.977412
0.956967
0.941034
0.935639
0.931278
0.918921
0.875202
0.855817
0.859344
0.868432
0.870112
0.868654
0.87013
0.886484
0.90788
0.908939
0.894885
0.867722
0.863323
0.867009
0.87529
0.899042
0.904498
0.903594
0.910811
0.914823
0.927226
0.945754
0.951443
0.950739
0.950192
0.950315
0.950563
0.950758
0.95088
0.950649
0.950319
0.949918
0.949697
0.949632
0.94937
0.948842
0.948922
0.946017
0.941042
0.931724
0.911823
0.843325
1
1
1
1
1
1
1
1
1
1
1
1
1
1
1
1
1
1
1
1
1
1
1
1
1
1
1
1
1
1
1
1
1
1
1
1
1
1
1
1
1
1
1
1
1
1
1
1
1
1
1
1
1
1
1
1
1
1
1
1
1
1
1
1
1
1
1
1
1
1
1
1
1
1
1
1
0.999998
0.999988
0.999925
0.999691
0.999357
0.999066
0.998834
0.998626
0.998434
0.998078
0.997527
0.996728
0.996071
0.995863
0.995956
0.995904
0.995763
0.995483
0.995262
0.995261
0.995448
0.995793
0.995883
0.995845
0.995593
0.995137
0.994618
0.994082
0.993383
0.992988
0.992773
0.992594
0.99249
0.992174
0.991897
0.992699
0.993659
0.994099
0.994313
0.994464
0.994252
0.994145
0.994364
0.995189
0.995367
0.995313
0.995307
0.9953
0.994972
0.994177
0.992571
0.989277
0.980848
0.967742
0.950488
0.930981
0.91949
0.905084
0.885111
0.865748
0.841779
0.819195
0.811099
0.817521
0.824131
0.829129
0.833015
0.836543
0.840628
0.845214
0.84695
0.845465
0.842946
0.843328
0.84776
0.857726
0.87025
0.880688
0.884985
0.896935
0.931376
0.934499
0.942024
0.949888
0.950396
0.947215
0.942584
0.939581
0.936757
0.934042
0.931556
0.928766
0.925161
0.920148
0.914639
0.908284
0.894796
0.879901
0.85777
0.823915
0.786144
0.721412
0.656039
0.5428
0.735578
0.74458
0.756687
0.762239
0.768473
0.767518
0.7576
0.735089
0.70585
0.670632
0.633741
0.599606
0.568825
0.542517
0.517699
0.495608
0.470297
0.444032
0.411445
0.379888
0.347576
0.321455
0.292837
0.273032
0.23961
0.907504
0.914504
0.91688
0.918955
0.922517
0.927114
0.93134
0.933035
0.93129
0.928675
0.92445
0.922614
0.916116
0.911724
0.901211
0.894695
0.884436
0.879475
0.862979
0.839244
0.796615
0.75926
0.719654
0.704799
0.680518
0.921603
0.920921
0.918578
0.917083
0.918289
0.925379
0.935245
0.943077
0.948067
0.948719
0.947687
0.946298
0.946229
0.947406
0.950194
0.952796
0.954533
0.955542
0.955756
0.954263
0.947978
0.926543
0.896573
0.871372
0.847752
0.917591
0.908139
0.892963
0.885881
0.885236
0.893239
0.91627
0.936951
0.950502
0.957489
0.957702
0.95374
0.950111
0.949193
0.9502
0.954227
0.958426
0.961333
0.96274
0.96306
0.962818
0.960817
0.952116
0.929509
0.897398
0.910592
0.903395
0.880822
0.867799
0.864677
0.866467
0.879037
0.913127
0.942282
0.96026
0.969522
0.971226
0.966603
0.957221
0.952861
0.952391
0.954383
0.959465
0.962857
0.964245
0.964422
0.963971
0.961272
0.951894
0.918324
0.899215
0.898778
0.881306
0.86438
0.859865
0.859928
0.863535
0.880043
0.919013
0.950549
0.969542
0.978602
0.980566
0.977634
0.966845
0.9599
0.958292
0.959101
0.962704
0.964901
0.96532
0.965009
0.962886
0.95613
0.92764
0.894411
0.894821
0.887743
0.867566
0.859935
0.859226
0.860696
0.867646
0.894308
0.933118
0.961595
0.978045
0.985259
0.986462
0.98404
0.974514
0.967959
0.966151
0.966308
0.967347
0.967462
0.96681
0.962567
0.954982
0.929952
0.895296
0.893788
0.890576
0.875211
0.862797
0.860167
0.860636
0.863862
0.878287
0.915754
0.949699
0.972694
0.985078
0.989898
0.990289
0.987967
0.980496
0.975698
0.97376
0.972936
0.971967
0.969735
0.961367
0.953182
0.930055
0.901607
0.895578
0.892184
0.882458
0.868156
0.862809
0.861988
0.86298
0.869429
0.897649
0.936495
0.964589
0.981852
0.990199
0.992884
0.9928
0.990406
0.984788
0.981609
0.979975
0.978054
0.973863
0.96138
0.952775
0.930082
0.908836
0.9009
0.894978
0.887429
0.874502
0.866556
0.863424
0.863175
0.86567
0.881305
0.921888
0.954993
0.976635
0.988568
0.993537
0.994662
0.994236
0.991331
0.987798
0.985777
0.983482
0.978404
0.964847
0.955979
0.932285
0.916631
0.908606
0.898135
0.891721
0.88096
0.871141
0.865085
0.863444
0.864437
0.872944
0.906701
0.944785
0.970423
0.985641
0.992986
0.995458
0.995683
0.994825
0.99264
0.989981
0.987042
0.981747
0.970272
0.962703
0.93989
0.926646
0.917918
0.901822
0.895173
0.886839
0.876439
0.867684
0.863991
0.864154
0.869431
0.895375
0.935671
0.964294
0.982191
0.99167
0.995509
0.996458
0.996426
0.995788
0.993225
0.987854
0.982876
0.976024
0.971195
0.953023
0.938449
0.927855
0.906637
0.897838
0.891724
0.88137
0.87046
0.864696
0.864132
0.867852
0.889202
0.929735
0.959687
0.979129
0.990116
0.995156
0.996834
0.997074
0.996847
0.995544
0.9904
0.983009
0.978458
0.976176
0.966063
0.94881
0.938251
0.913284
0.901162
0.895433
0.885244
0.872885
0.865335
0.864024
0.866927
0.885602
0.926679
0.957232
0.977164
0.988859
0.994697
0.996969
0.997493
0.997433
0.996731
0.993497
0.985649
0.980243
0.978577
0.973757
0.956751
0.947179
0.920973
0.905873
0.899307
0.888747
0.875124
0.86587
0.863566
0.865708
0.881689
0.923411
0.955562
0.976027
0.988056
0.994331
0.997039
0.997836
0.997866
0.99741
0.994885
0.988135
0.983541
0.982466
0.980148
0.962526
0.954611
0.928934
0.911768
0.903534
0.892091
0.877325
0.866323
0.862936
0.864408
0.877992
0.919352
0.953639
0.97502
0.987484
0.994089
0.997084
0.998068
0.99816
0.997804
0.995611
0.990099
0.986842
0.986304
0.985693
0.96629
0.960198
0.937199
0.918506
0.908297
0.895835
0.879577
0.866979
0.862827
0.863894
0.875782
0.91597
0.951882
0.974129
0.987029
0.99391
0.997108
0.998217
0.998348
0.998014
0.995857
0.991831
0.99008
0.990058
0.990152
0.968646
0.964244
0.945438
0.925912
0.913857
0.899883
0.881947
0.867922
0.862975
0.863745
0.874304
0.913071
0.950343
0.973399
0.986689
0.993775
0.997109
0.9983
0.998461
0.998156
0.99623
0.993466
0.992522
0.992642
0.993218
0.970082
0.966973
0.952833
0.933968
0.92018
0.904214
0.884512
0.869083
0.863317
0.863791
0.873107
0.910219
0.948808
0.972713
0.986409
0.99368
0.997109
0.998358
0.998546
0.998285
0.996699
0.994834
0.994314
0.994473
0.995269
0.971055
0.969057
0.959104
0.941727
0.926681
0.908764
0.887296
0.870434
0.863843
0.864058
0.872467
0.908129
0.947628
0.972206
0.986229
0.993634
0.99713
0.998431
0.998653
0.998448
0.997217
0.995936
0.995634
0.995791
0.996622
0.971841
0.97074
0.964894
0.949407
0.933351
0.913546
0.890212
0.871892
0.86453
0.86453
0.872156
0.906367
0.946657
0.971842
0.986137
0.993624
0.997173
0.998526
0.998787
0.998644
0.997726
0.996813
0.996619
0.996752
0.99752
0.972453
0.971985
0.968812
0.95811
0.94013
0.918177
0.892986
0.87338
0.865384
0.865203
0.87212
0.904776
0.945753
0.971545
0.986104
0.99366
0.997231
0.998625
0.998932
0.998846
0.998193
0.997517
0.997379
0.99748
0.998137
0.973047
0.972997
0.971461
0.96526
0.947929
0.923053
0.89585
0.874986
0.866366
0.865993
0.872274
0.903346
0.944862
0.971254
0.986123
0.993754
0.99732
0.998732
0.999081
0.999042
0.9986
0.998091
0.997986
0.998056
0.998582
0.973821
0.974145
0.973534
0.969875
0.956376
0.928359
0.898725
0.876574
0.867364
0.86681
0.872595
0.902313
0.944151
0.970993
0.9861
0.993808
0.997389
0.998825
0.999216
0.999214
0.998938
0.998558
0.998476
0.998522
0.99892
0.97468
0.975712
0.97559
0.973385
0.962739
0.933223
0.901197
0.878104
0.868448
0.867749
0.873123
0.90161
0.943672
0.97086
0.986144
0.993892
0.997463
0.998907
0.999335
0.999364
0.999208
0.998932
0.998868
0.998898
0.999187
0.975688
0.97761
0.977854
0.976372
0.967035
0.937213
0.903643
0.879736
0.869579
0.868709
0.873738
0.901314
0.94345
0.970814
0.986216
0.993983
0.997536
0.998979
0.999436
0.999495
0.999416
0.999224
0.999175
0.999195
0.999398
0.976885
0.979641
0.980249
0.979087
0.970551
0.940923
0.906002
0.881281
0.870686
0.869679
0.87448
0.901306
0.943484
0.970943
0.986355
0.994092
0.997609
0.99904
0.999516
0.999602
0.999568
0.999444
0.999405
0.999417
0.999557
0.978459
0.981945
0.982822
0.981766
0.973374
0.943345
0.90786
0.882782
0.871889
0.870776
0.875441
0.901946
0.944062
0.971388
0.986649
0.994264
0.997703
0.999101
0.999585
0.999693
0.999685
0.999616
0.999586
0.999593
0.999686
0.980514
0.984412
0.985325
0.984122
0.974853
0.944007
0.909515
0.884443
0.873218
0.872002
0.876651
0.90329
0.945248
0.972216
0.987142
0.994523
0.997826
0.999165
0.99964
0.999762
0.999768
0.999735
0.999713
0.999717
0.999781
0.98288
0.98672
0.987418
0.985828
0.975206
0.944566
0.91157
0.886189
0.87453
0.873246
0.878045
0.905363
0.947052
0.973437
0.987842
0.994871
0.997978
0.999228
0.999675
0.999801
0.999816
0.999803
0.99979
0.999793
0.999844
0.985384
0.988692
0.989042
0.986888
0.975029
0.946144
0.913825
0.887664
0.875745
0.874537
0.879678
0.90817
0.949419
0.975006
0.988726
0.9953
0.998159
0.999295
0.9997
0.99982
0.999841
0.999838
0.999834
0.999839
0.999885
0.98774
0.990188
0.990183
0.987372
0.97513
0.948051
0.915135
0.888479
0.876879
0.875943
0.881648
0.91176
0.952324
0.976882
0.989761
0.995792
0.998362
0.999362
0.999715
0.999826
0.999852
0.999856
0.999858
0.999866
0.999915
0.989704
0.991247
0.990924
0.987524
0.975343
0.94871
0.915166
0.888825
0.878096
0.877558
0.884061
0.916123
0.955673
0.978969
0.990869
0.996292
0.998536
0.999399
0.999716
0.999822
0.999854
0.999862
0.999869
0.999885
0.999939
0.991193
0.991983
0.99139
0.987623
0.97584
0.948831
0.914749
0.889121
0.87956
0.87945
0.887042
0.921311
0.959428
0.981193
0.991971
0.996715
0.998631
0.999389
0.999678
0.999792
0.999834
0.99985
0.999878
0.999909
0.999957
0.992195
0.992437
0.991566
0.987749
0.976986
0.94941
0.914247
0.889665
0.881354
0.881668
0.890706
0.927311
0.963467
0.983415
0.992929
0.996961
0.998615
0.999285
0.999575
0.999715
0.999792
0.999844
0.999893
0.999928
0.999967
0.992689
0.992596
0.99147
0.987559
0.977626
0.950477
0.914068
0.890552
0.883479
0.884272
0.895221
0.934112
0.967679
0.985527
0.993671
0.997032
0.998409
0.999039
0.99939
0.999611
0.99975
0.999838
0.9999
0.999937
0.999972
0.992771
0.992441
0.99074
0.98659
0.977397
0.950892
0.913832
0.89169
0.885901
0.887283
0.900842
0.941527
0.971881
0.987418
0.994138
0.996827
0.998003
0.998681
0.999154
0.999484
0.999695
0.999821
0.999899
0.999941
0.999975
0.992528
0.991262
0.988893
0.985298
0.976987
0.950586
0.913321
0.892996
0.888589
0.89076
0.908019
0.949173
0.975926
0.989012
0.994335
0.996428
0.997507
0.998289
0.998905
0.999349
0.999633
0.999798
0.999892
0.99994
0.999975
0.991183
0.989497
0.987833
0.98468
0.97653
0.94891
0.912172
0.894415
0.891519
0.894841
0.917233
0.956535
0.979681
0.990277
0.994311
0.995967
0.997061
0.998004
0.998752
0.99927
0.999593
0.99978
0.999885
0.999938
0.999974
0.989771
0.988847
0.98748
0.98443
0.975505
0.944374
0.910131
0.896025
0.894676
0.89984
0.928103
0.963843
0.983058
0.991227
0.994175
0.995585
0.996785
0.997867
0.998695
0.999245
0.999582
0.999774
0.999883
0.999937
0.999972
0.989446
0.988782
0.987433
0.984032
0.972665
0.936879
0.90785
0.898004
0.898022
0.906488
0.940468
0.970849
0.985966
0.991901
0.994005
0.995338
0.996662
0.997822
0.998686
0.999249
0.999588
0.999778
0.999885
0.999937
0.999969
0.989526
0.988848
0.987292
0.982782
0.965173
0.927784
0.905931
0.900383
0.901877
0.916362
0.953351
0.977179
0.988342
0.992331
0.993891
0.995235
0.996642
0.997867
0.998745
0.999296
0.999617
0.999795
0.999893
0.999939
0.999965
0.989622
0.988742
0.986481
0.978933
0.95086
0.919192
0.904963
0.90298
0.906895
0.930858
0.964297
0.982372
0.990084
0.992603
0.993843
0.99528
0.996803
0.998041
0.998879
0.999384
0.999668
0.999824
0.999905
0.999942
0.999957
0.989422
0.98793
0.983595
0.967624
0.934204
0.912494
0.905257
0.905598
0.914573
0.94711
0.973449
0.986263
0.99125
0.992749
0.99392
0.995541
0.997128
0.998313
0.999064
0.999495
0.99973
0.999853
0.999914
0.999938
0.999941
0.988142
0.984723
0.974124
0.94552
0.920949
0.908875
0.906615
0.909343
0.9284
0.961443
0.980503
0.989012
0.99195
0.99285
0.994089
0.995917
0.997523
0.998612
0.999249
0.999594
0.999776
0.999867
0.999907
0.999917
0.999907
0.982997
0.973138
0.949319
0.926741
0.912958
0.908248
0.908679
0.916732
0.946834
0.972707
0.985635
0.990731
0.99228
0.992901
0.994091
0.996027
0.99765
0.998709
0.999309
0.99962
0.999771
0.999836
0.999857
0.999858
0.999808
0.963876
0.945042
0.92779
0.915841
0.91031
0.909505
0.912857
0.932591
0.963278
0.9811
0.988954
0.991551
0.992257
0.992653
0.993593
0.995686
0.997428
0.99854
0.999163
0.999479
0.999625
0.99968
0.99969
0.999674
0.999495
0.935754
0.925035
0.91688
0.912303
0.910901
0.912453
0.923372
0.95353
0.975714
0.986782
0.990712
0.991479
0.991378
0.991394
0.991858
0.993721
0.995878
0.997327
0.998215
0.998724
0.998984
0.999082
0.999094
0.999014
0.998546
0.921333
0.917002
0.914101
0.912764
0.913612
0.920424
0.945388
0.970325
0.984282
0.98983
0.99089
0.990129
0.98731
0.986317
0.986473
0.987476
0.990319
0.992949
0.994754
0.995947
0.996634
0.99692
0.996967
0.996745
0.99585
0.917584
0.915999
0.915098
0.915947
0.921552
0.942003
0.966632
0.982159
0.988969
0.990335
0.98948
0.98349
0.97385
0.970605
0.970674
0.971775
0.975467
0.980749
0.984715
0.987575
0.989321
0.990108
0.99027
0.989801
0.988438
0.918488
0.918426
0.920107
0.926519
0.944996
0.966522
0.981429
0.988262
0.98932
0.987819
0.979892
0.956964
0.939418
0.934324
0.934668
0.936992
0.944147
0.953664
0.961144
0.966804
0.970226
0.971803
0.972103
0.971158
0.969168
0.925242
0.928556
0.938197
0.95486
0.971139
0.982498
0.987417
0.987671
0.984187
0.969832
0.929898
0.889577
0.869228
0.865907
0.867557
0.873793
0.888705
0.903287
0.914719
0.923242
0.928
0.92998
0.930064
0.92814
0.92476
0.949054
0.958649
0.969223
0.977779
0.983253
0.985073
0.984158
0.975618
0.945698
0.877121
0.810578
0.770098
0.758924
0.759917
0.766328
0.784715
0.805518
0.822797
0.835726
0.844592
0.848804
0.850035
0.848881
0.845738
0.839493
0.973029
0.975716
0.977845
0.978857
0.978294
0.972312
0.94992
0.883022
0.780889
0.69096
0.638394
0.623695
0.624718
0.632993
0.654999
0.677509
0.696258
0.710855
0.720991
0.726914
0.728963
0.729027
0.725678
0.721548
0.712571
0.962816
0.96108
0.954765
0.942733
0.918963
0.860187
0.744811
0.624148
0.537599
0.497731
0.490603
0.493582
0.507527
0.528619
0.547784
0.563835
0.576318
0.585081
0.590422
0.592663
0.592754
0.591617
0.586171
0.5815
0.572027
0.845094
0.833738
0.798485
0.726552
0.632806
0.53479
0.459283
0.41613
0.401061
0.400406
0.407154
0.422246
0.43754
0.451649
0.463208
0.471939
0.477868
0.481208
0.482271
0.48204
0.480333
0.477117
0.470462
0.466361
0.457918
0.550913
0.530789
0.482014
0.429993
0.388358
0.362595
0.352046
0.35198
0.360849
0.373872
0.386631
0.398238
0.407829
0.415398
0.420795
0.424341
0.425901
0.426122
0.424798
0.422704
0.418365
0.415078
0.408903
0.405453
0.397623
)
;

boundaryField
{
    inlet
    {
        type            fixedValue;
        value           uniform 1;
    }
    outlet
    {
        type            inletOutlet;
        inletValue      uniform 0;
        value           nonuniform List<scalar> 
57
(
0.23961
0.680518
0.847752
0.897398
0.918324
0.92764
0.929952
0.930055
0.930082
0.932285
0.93989
0.953023
0.966063
0.973757
0.980148
0.985693
0.990152
0.993218
0.995269
0.996622
0.99752
0.998137
0.998582
0.99892
0.999187
0.999398
0.999557
0.999686
0.999781
0.999844
0.999885
0.999915
0.999939
0.999957
0.999967
0.999972
0.999975
0.999975
0.999974
0.999972
0.999969
0.999965
0.999957
0.999941
0.999907
0.999808
0.999495
0.998546
0.99585
0.988438
0.969168
0.92476
0.839493
0.712571
0.572027
0.457918
0.397623
)
;
    }
    upperWall
    {
        type            zeroGradient;
    }
    lowerWall
    {
        type            zeroGradient;
    }
    frontAndBack
    {
        type            empty;
    }
}


// ************************************************************************* //
