/*--------------------------------*- C++ -*----------------------------------*\
  =========                 |
  \\      /  F ield         | OpenFOAM: The Open Source CFD Toolbox
   \\    /   O peration     | Website:  https://openfoam.org
    \\  /    A nd           | Version:  9
     \\/     M anipulation  |
\*---------------------------------------------------------------------------*/
FoamFile
{
    format      ascii;
    class       volScalarField;
    location    "0.068";
    object      p;
}
// * * * * * * * * * * * * * * * * * * * * * * * * * * * * * * * * * * * * * //

dimensions      [0 2 -2 0 0 0 0];

internalField   nonuniform List<scalar> 
12225
(
806.001
795.546
785.58
776.855
769.04
761.792
754.944
748.463
742.325
736.508
730.974
725.656
720.474
715.387
710.341
705.288
700.055
694.122
807.019
795.468
785.502
776.805
769.002
761.767
754.93
748.457
742.325
736.507
730.968
725.644
720.46
715.37
710.332
705.282
700.084
694.37
808.143
795.538
785.458
776.742
768.95
761.726
754.896
748.435
742.317
736.507
730.962
725.627
720.437
715.349
710.325
705.294
700.158
694.714
807.884
795.247
785.284
776.625
768.87
761.674
754.866
748.422
742.315
736.504
730.952
725.612
720.429
715.356
710.356
705.37
700.335
695.193
807.554
794.919
785.085
776.491
768.77
761.593
754.799
748.373
742.287
736.489
730.944
725.611
720.44
715.387
710.421
705.501
700.604
695.753
807.365
794.207
784.62
776.276
768.634
761.506
754.746
748.344
742.273
736.485
730.943
725.613
720.454
715.43
710.514
705.683
700.937
696.331
804.213
793.325
784.375
776.041
768.463
761.368
754.638
748.267
742.226
736.459
730.936
725.629
720.502
715.522
710.668
705.933
701.329
696.918
801.473
792.092
783.591
775.706
768.256
761.24
754.561
748.222
742.197
736.448
730.941
725.652
720.553
715.618
710.835
706.202
701.737
697.489
796.022
791.113
783.3
775.386
768.004
761.034
754.404
748.109
742.126
736.412
730.944
725.695
720.64
715.76
711.048
706.511
702.165
698.047
795.266
789.654
782.5
774.981
767.744
760.846
754.272
748.027
742.072
736.388
730.949
725.735
720.724
715.905
711.272
706.83
702.593
698.586
797.016
789.468
782.064
774.614
767.446
760.591
754.077
747.882
741.977
736.336
730.947
725.787
720.835
716.082
711.525
707.169
703.024
699.104
796.379
787.856
781.301
774.21
767.162
760.374
753.916
747.769
741.896
736.292
730.943
725.827
720.927
716.233
711.744
707.465
703.399
699.55
791.076
788.294
781.033
773.877
766.869
760.106
753.689
747.593
741.771
736.219
730.926
725.869
721.028
716.397
711.975
707.765
703.767
699.982
790.597
787.015
780.263
773.425
766.486
759.797
753.45
747.409
741.637
736.139
730.904
725.908
721.135
716.576
712.23
708.094
704.165
700.437
796.596
788.745
780.642
773.039
766.034
759.374
753.074
747.105
741.418
736.003
730.85
725.935
721.243
716.767
712.5
708.441
704.586
700.934
792.814
786.031
779.485
772.273
765.382
758.82
752.607
746.722
741.128
735.811
730.753
725.932
721.331
716.942
712.762
708.787
705.006
701.41
807.013
791.401
780.245
771.897
764.621
758.004
751.865
746.117
740.681
735.509
730.577
725.873
721.386
717.105
713.024
709.14
705.447
701.938
800.666
786.426
776.954
769.346
762.718
756.612
750.815
745.33
740.115
735.11
730.311
725.733
721.368
717.197
713.215
709.417
705.796
702.339
783.08
777.663
771.89
766.001
760.301
754.697
749.299
744.155
739.205
734.424
729.829
725.428
721.22
717.194
713.339
709.651
706.127
702.762
768.673
769.814
766.832
762.542
757.837
752.981
748.088
743.22
738.469
733.883
729.454
725.177
721.068
717.126
713.344
709.72
706.249
702.925
771.137
767.348
764.626
760.773
756.398
751.78
747.057
742.406
737.855
733.418
729.108
724.946
720.926
717.058
713.341
709.776
706.358
703.083
760.666
764.665
763.511
760.011
755.817
751.317
746.722
742.152
737.647
733.236
728.947
724.815
720.83
716.992
713.305
709.768
706.373
703.115
762.781
766.037
763.81
759.928
755.559
750.961
746.344
741.796
737.351
732.995
728.767
724.693
720.751
716.953
713.301
709.792
706.422
703.189
774.432
769.706
765.108
760.516
755.825
751.065
746.371
741.778
737.304
732.943
728.727
724.638
720.705
716.922
713.284
709.789
706.433
703.214
783.063
772.567
766.228
760.838
755.8
750.943
746.231
741.66
737.188
732.856
728.657
724.597
720.679
716.903
713.271
709.783
706.436
703.228
785.497
774.26
767.103
761.311
756.055
751.063
746.285
741.668
737.186
732.833
728.635
724.58
720.662
716.887
713.261
709.778
706.438
703.236
783.69
774.788
767.522
761.512
756.101
751.049
746.248
741.63
737.158
732.814
728.617
724.567
720.654
716.877
713.242
709.759
706.422
703.226
784.913
775.104
767.732
761.714
756.25
751.124
746.268
741.62
737.148
732.81
728.62
724.569
720.654
716.875
713.241
709.759
706.424
703.23
783.407
775.096
767.81
761.753
756.25
751.11
746.258
741.635
737.154
732.818
728.626
724.57
720.647
716.859
713.219
709.735
706.404
703.219
781.939
775.057
767.849
761.81
756.292
751.121
746.25
741.618
737.15
732.831
728.651
724.596
720.665
716.866
713.217
709.728
706.397
703.214
629.428
629.127
628.791
628.942
629.531
630.2
630.482
630.183
629.304
627.982
626.399
624.708
623.019
621.41
619.934
618.627
617.509
616.597
615.902
615.417
615.163
615.132
615.322
615.686
616.211
616.708
617.127
616.845
615.576
613.872
612.113
610.912
609.95
609.008
607.724
605.972
603.959
601.843
599.66
597.596
595.641
593.738
591.691
589.087
585.645
581.892
577.817
573.507
568.942
564.129
559.072
553.79
548.316
542.704
537.018
531.334
525.735
520.33
515.276
510.789
507.127
504.496
503.153
503.1
504.151
505.998
508.145
509.917
510.847
510.696
509.487
507.498
504.424
501.12
501.919
506.451
508.644
504.571
496.443
488.871
481.721
475.04
469.884
465.695
462.659
460.847
460
460.264
461.504
463.596
466.462
469.959
473.943
478.272
482.795
487.364
491.846
496.116
500.07
503.62
506.695
509.239
511.216
512.606
513.41
513.648
513.348
512.546
511.277
509.579
507.484
505.019
502.202
499.06
495.64
492.017
488.243
484.378
480.476
476.572
472.691
468.843
465.035
461.268
457.543
453.855
450.203
446.581
442.986
439.413
435.856
432.31
428.767
425.217
421.654
418.073
414.471
410.845
407.197
403.533
399.874
396.248
392.681
389.186
385.761
382.393
379.07
375.792
372.566
369.409
366.338
363.345
360.389
357.345
354.023
350.269
345.935
341.02
335.787
330.278
324.919
320.357
316.05
313.079
311.569
306.875
299.364
294.382
290.339
284.653
276.175
263.71
246.232
233.152
227.123
227.511
230.017
231.854
232.07
230.657
628.065
627.831
627.583
627.746
628.329
628.727
628.689
628.143
627.133
625.81
624.331
622.806
621.309
619.887
618.576
617.398
616.369
615.499
614.792
614.262
613.916
613.749
613.762
613.927
614.227
614.574
614.819
614.79
613.828
612.889
612.197
610.816
609.489
608.562
607.242
605.306
603.083
601.07
599.401
597.845
595.496
593.274
591.44
588.957
585.748
582.087
578.076
573.747
569.123
564.212
559.035
553.622
548.024
542.304
536.515
530.725
524.984
519.383
514.066
509.258
505.254
502.367
500.859
500.8
502.009
504.226
506.775
509.016
510.373
510.505
509.25
507.515
506.686
503.202
497.403
498.125
501.044
496.013
489.16
483.292
476.849
471.498
466.987
463.316
460.797
459.225
458.749
459.178
460.506
462.703
465.618
469.171
473.205
477.572
482.134
486.734
491.241
495.533
499.503
503.066
506.153
508.709
510.696
512.096
512.906
513.145
512.847
512.051
510.801
509.137
507.092
504.689
501.944
498.862
495.505
491.915
488.162
484.311
480.417
476.518
472.64
468.795
464.99
461.227
457.504
453.82
450.171
446.552
442.959
439.388
435.835
432.292
428.751
425.204
421.643
418.064
414.463
410.837
407.185
403.515
399.848
396.215
392.643
389.147
385.723
382.353
379.026
375.74
372.502
369.335
366.255
363.256
360.303
357.267
353.945
350.185
345.841
340.892
335.633
330.112
324.627
319.957
315.461
311.835
309.972
305.133
298.847
294.669
290.613
284.995
276.357
263.411
245.042
231.509
225.778
226.812
229.856
231.982
232.264
230.777
629.032
629.061
628.685
628.231
627.783
627.259
626.532
625.577
624.45
623.224
621.954
620.68
619.427
618.219
617.078
616.025
615.08
614.263
613.592
613.071
612.667
612.366
612.161
612.042
611.995
612.03
612.099
612.228
612.248
612.235
611.948
611.178
610.497
609.696
608.349
606.409
604.255
601.873
599.818
598.112
596.197
594.015
591.625
588.875
585.707
582.12
578.154
573.824
569.147
564.13
558.799
553.209
547.438
541.565
535.649
529.717
523.785
517.905
512.221
506.977
502.547
499.259
497.606
497.564
498.895
501.255
504.151
506.963
508.919
509.688
509.369
507.096
503.912
501.593
497.261
493.201
491.512
487.38
482.329
477.514
472.393
467.831
463.905
460.733
458.479
457.167
456.822
457.368
458.819
461.117
464.128
467.764
471.874
476.307
480.925
485.574
490.119
494.441
498.432
502.012
505.113
507.684
509.685
511.095
511.909
512.147
511.847
511.056
509.827
508.205
506.228
503.922
501.295
498.347
495.096
491.588
487.896
484.089
480.229
476.358
472.503
468.676
464.887
461.135
457.422
453.746
450.105
446.492
442.905
439.34
435.792
432.256
428.722
425.181
421.624
418.046
414.444
410.816
407.157
403.475
399.792
396.145
392.566
389.07
385.647
382.276
378.94
375.638
372.381
369.19
366.091
363.085
360.134
357.112
353.793
350.005
345.629
340.628
335.284
329.703
324.147
319.227
314.678
310.681
307.775
303.526
298.319
294.192
290.414
285.002
276.12
262.406
242.814
228.344
223.065
225.337
229.462
232.192
232.63
231.105
629.02
629.046
628.641
627.782
626.756
625.723
624.705
623.684
622.645
621.587
620.51
619.418
618.325
617.251
616.22
615.259
614.385
613.606
612.929
612.355
611.895
611.534
611.245
611.012
610.829
610.722
610.7
610.826
611.111
611.609
612.244
612.735
612.763
612.113
610.769
608.741
606.48
604.066
601.61
599.207
596.811
594.352
591.707
588.794
585.573
582.01
578.08
573.758
569.031
563.903
558.414
552.647
546.712
540.71
534.693
528.642
522.503
516.266
510.077
504.286
499.424
495.798
493.948
493.898
495.366
497.914
500.973
503.903
506.066
506.772
505.761
503.559
500.174
496.464
492.921
488.993
485.212
480.967
476.498
472.153
467.873
463.933
460.485
457.769
455.808
454.693
454.556
455.24
456.815
459.222
462.329
466.051
470.236
474.732
479.4
484.09
488.667
493.011
497.017
500.606
503.717
506.3
508.316
509.74
510.561
510.798
510.491
509.697
508.47
506.877
504.96
502.754
500.262
497.472
494.376
491.003
487.416
483.692
479.898
476.081
472.27
468.481
464.722
460.997
457.305
453.646
450.017
446.415
442.836
439.277
435.734
432.204
428.679
425.148
421.599
418.026
414.426
410.794
407.124
403.422
399.712
396.042
392.449
388.952
385.533
382.161
378.811
375.484
372.197
368.972
365.845
362.832
359.891
356.888
353.572
349.738
345.302
340.215
334.747
329.088
323.387
318.245
313.494
309.139
305.738
301.765
296.908
292.915
289.405
284.212
275.207
260.427
239.424
223.458
218.757
223.181
228.929
232.496
233.183
231.587
629.796
629.28
628.225
626.962
625.743
624.629
623.6
622.607
621.605
620.569
619.494
618.39
617.278
616.184
615.133
614.148
613.252
612.466
611.805
611.269
610.847
610.519
610.252
610.02
609.824
609.697
609.672
609.814
610.178
610.857
611.878
612.965
613.5
613.146
611.859
609.938
607.551
604.996
602.391
599.769
597.119
594.411
591.573
588.546
585.277
581.714
577.806
573.499
568.753
563.559
557.96
552.064
546.017
539.944
533.895
527.817
521.597
515.179
508.708
502.563
497.26
493.601
491.653
491.488
492.771
495.032
497.727
500.225
501.846
502.062
500.818
498.405
495.237
491.546
487.899
484.381
480.618
476.372
471.998
467.842
464.004
460.473
457.389
455
453.3
452.368
452.344
453.158
454.83
457.317
460.502
464.281
468.511
473.04
477.727
482.427
487.006
491.343
495.338
498.913
502.014
504.595
506.622
508.064
508.906
509.161
508.871
508.1
506.888
505.335
503.464
501.325
498.941
496.299
493.371
490.158
486.71
483.105
479.411
475.679
471.939
468.208
464.495
460.806
457.144
453.51
449.901
446.315
442.748
439.198
435.662
432.139
428.622
425.102
421.564
417.999
414.402
410.765
407.082
403.352
399.606
395.906
392.296
388.799
385.387
382.011
378.641
375.281
371.951
368.686
365.528
362.511
359.591
356.609
353.288
349.393
344.853
339.653
334.042
328.254
322.402
317.015
312.016
307.385
303.621
299.578
294.868
290.884
287.425
282.373
273.302
257.411
234.841
217.89
214.069
221.032
228.49
232.959
233.909
232.222
629.462
628.628
627.218
625.941
624.825
623.807
622.814
621.795
620.726
619.606
618.446
617.265
616.09
614.949
613.869
612.871
611.972
611.184
610.522
609.995
609.603
609.328
609.12
608.925
608.743
608.621
608.609
608.765
609.141
609.821
610.867
612.092
612.811
612.525
611.396
609.641
607.388
604.917
602.333
599.657
596.891
594.039
591.082
587.983
584.695
581.16
577.307
573.06
568.36
563.179
557.552
551.601
545.501
539.41
533.393
527.396
521.294
515.022
508.698
502.746
497.661
493.959
491.839
491.263
491.929
493.378
495.127
496.68
497.56
497.409
496.025
493.752
491.102
487.929
484.176
480.468
476.879
472.926
468.716
464.736
461.15
457.863
455.011
452.824
451.324
450.509
450.566
451.473
453.212
455.741
458.957
462.746
466.969
471.475
476.123
480.775
485.299
489.579
493.516
497.035
500.086
502.633
504.646
506.093
506.955
507.233
506.972
506.244
505.111
503.632
501.841
499.779
497.486
494.962
492.176
489.118
485.822
482.354
478.782
475.158
471.512
467.86
464.212
460.574
456.951
453.346
449.761
446.196
442.645
439.107
435.578
432.06
428.549
425.039
421.515
417.962
414.373
410.732
407.03
403.265
399.474
395.735
392.11
388.622
385.22
381.836
378.435
375.03
371.652
368.339
365.145
362.119
359.22
356.252
352.907
348.921
344.236
338.887
333.097
327.157
321.164
315.529
310.346
305.44
301.286
297.118
292.469
288.33
284.587
279.489
270.402
253.948
230.397
213.012
210.264
219.264
228.399
233.649
234.76
232.932
627.738
626.947
625.93
624.991
624.091
623.156
622.148
621.063
619.911
618.702
617.457
616.198
614.956
613.764
612.652
611.643
610.748
609.972
609.321
608.805
608.434
608.192
608.015
607.833
607.65
607.528
607.519
607.67
608.016
608.626
609.554
610.627
611.212
610.843
609.867
608.318
606.316
604.045
601.559
598.891
596.088
593.186
590.19
587.076
583.811
580.341
576.588
572.474
567.896
562.826
557.272
551.343
545.226
539.112
533.115
527.223
521.342
515.401
509.472
504.161
499.581
496.076
493.776
492.652
492.49
492.956
493.679
494.303
494.49
493.913
492.496
490.57
488.341
485.456
481.774
477.943
474.336
470.567
466.566
462.771
459.381
456.291
453.604
451.528
450.093
449.444
449.58
450.539
452.303
454.815
457.987
461.711
465.851
470.258
474.794
479.327
483.735
487.902
491.732
495.148
498.107
500.579
502.541
503.961
504.817
505.104
504.866
504.189
503.144
501.775
500.104
498.154
495.961
493.539
490.876
487.964
484.823
481.502
478.062
474.554
471.009
467.445
463.871
460.294
456.72
453.153
449.598
446.055
442.524
439
435.481
431.969
428.465
424.963
421.45
417.908
414.323
410.682
406.963
403.162
399.326
395.55
391.923
388.446
385.049
381.645
378.202
374.744
371.31
367.94
364.689
361.627
358.734
355.765
352.361
348.234
343.345
337.8
331.816
325.689
319.554
313.694
308.302
303.194
298.707
294.443
289.821
285.435
281.246
275.876
266.851
250.549
226.799
209.329
207.823
218.427
228.933
234.605
235.67
233.665
626.28
625.748
625.101
624.387
623.582
622.659
621.619
620.479
619.254
617.96
616.624
615.278
613.962
612.714
611.567
610.549
609.663
608.908
608.282
607.795
607.45
607.219
607.024
606.803
606.602
606.49
606.511
606.681
607.006
607.529
608.275
609.057
609.315
608.905
608.006
606.598
604.792
602.682
600.285
597.65
594.858
591.965
588.982
585.898
582.688
579.309
575.691
571.743
567.39
562.537
557.16
551.326
545.214
539.045
532.995
527.127
521.409
515.833
510.541
505.51
501.266
497.948
495.613
494.195
493.52
493.344
493.374
493.285
492.787
491.77
490.373
488.772
486.804
484.013
480.424
476.679
473.118
469.46
465.626
461.98
458.743
455.844
453.312
451.314
449.975
449.376
449.549
450.503
452.217
454.638
457.689
461.268
465.246
469.48
473.835
478.186
482.416
486.418
490.096
493.375
496.211
498.579
500.46
501.83
502.659
502.94
502.718
502.084
501.118
499.86
498.317
496.498
494.42
492.102
489.547
486.763
483.768
480.598
477.296
473.908
470.464
466.987
463.488
459.976
456.455
452.932
449.411
445.897
442.388
438.88
435.372
431.866
428.367
424.876
421.378
417.851
414.276
410.629
406.891
403.058
399.188
395.392
391.766
388.297
384.891
381.451
377.953
374.434
370.935
367.484
364.134
361.007
358.106
355.105
351.586
347.267
342.149
336.4
330.232
323.91
317.605
311.525
305.873
300.619
295.867
291.491
286.903
282.313
277.722
271.985
263.094
247.548
224.7
207.891
206.805
218.956
230.185
235.808
236.583
234.345
625.721
625.351
624.873
624.267
623.496
622.566
621.498
620.309
619.009
617.623
616.189
614.751
613.361
612.066
610.909
609.917
609.081
608.379
607.801
607.341
606.982
606.657
606.307
605.942
605.669
605.563
605.643
605.871
606.218
606.686
607.25
607.688
607.68
607.183
606.278
604.924
603.218
601.19
598.841
596.238
593.481
590.629
587.693
584.666
581.535
578.26
574.783
571.028
566.899
562.298
557.164
551.498
545.436
539.202
533.031
527.068
521.362
515.923
510.851
506.251
502.341
499.253
497.015
495.552
494.695
494.19
493.719
492.983
491.864
490.523
489.196
487.88
486.146
483.486
480.002
476.364
472.929
469.474
465.868
462.353
459.165
456.35
453.965
452.079
450.83
450.272
450.432
451.323
452.928
455.202
458.07
461.436
465.181
469.171
473.291
477.399
481.395
485.177
488.657
491.768
494.462
496.712
498.503
499.812
500.61
500.886
500.681
500.086
499.188
498.028
496.605
494.91
492.947
490.728
488.272
485.598
482.73
479.692
476.518
473.242
469.897
466.503
463.075
459.625
456.159
452.682
449.2
445.717
442.233
438.749
435.258
431.763
428.269
424.784
421.3
417.791
414.224
410.58
406.828
402.972
399.082
395.28
391.657
388.185
384.755
381.262
377.696
374.106
370.526
366.96
363.461
360.251
357.318
354.248
350.57
346.05
340.747
334.846
328.536
322.039
315.535
309.214
303.305
297.822
292.809
288.249
283.683
279.019
274.169
268.197
259.606
245.412
224.8
209.663
209.571
221.256
232.073
237.127
237.434
234.922
626.149
625.868
625.462
624.892
624.13
623.199
622.124
620.905
619.553
618.101
616.594
615.082
613.621
612.268
611.074
610.063
609.233
608.563
608.028
607.574
607.136
606.626
606.03
605.457
605.066
604.929
605.037
605.315
605.699
606.153
606.594
606.785
606.549
605.948
604.974
603.602
601.915
599.901
597.557
594.968
592.245
589.442
586.565
583.605
580.547
577.351
573.969
570.336
566.374
561.993
557.1
551.648
545.689
539.398
533.056
526.944
521.116
515.72
510.813
506.492
502.888
500.075
498.043
496.682
495.781
495.035
494.104
492.777
491.161
489.615
488.393
487.343
485.917
483.589
480.376
476.855
473.465
470.171
466.844
463.581
460.568
457.888
455.569
453.769
452.549
451.975
452.083
452.875
454.331
456.418
459.051
462.146
465.596
469.285
473.103
476.926
480.649
484.176
487.428
490.346
492.885
495.018
496.725
497.981
498.756
499.029
498.833
498.263
497.42
496.352
495.046
493.472
491.615
489.488
487.116
484.53
481.759
478.826
475.756
472.577
469.318
466
462.639
459.248
455.834
452.404
448.963
445.514
442.061
438.601
435.133
431.656
428.175
424.698
421.223
417.728
414.179
410.539
406.781
402.913
399.019
395.227
391.608
388.119
384.643
381.078
377.431
373.761
370.081
366.348
362.659
359.353
356.366
353.197
349.366
344.706
339.301
333.315
326.905
320.262
313.566
306.994
300.782
294.994
289.673
284.844
280.229
275.584
270.667
264.722
256.746
244.527
227.318
214.669
214.95
225.014
234.338
238.399
238.158
235.374
627.53
627.293
626.915
626.363
625.623
624.719
623.661
622.447
621.094
619.633
618.106
616.562
615.057
613.653
612.408
611.352
610.484
609.773
609.171
608.628
608.041
607.328
606.508
605.742
605.225
605.021
605.1
605.377
605.774
606.205
606.511
606.487
606.066
605.353
604.274
602.843
601.119
599.067
596.685
594.079
591.366
588.596
585.763
582.85
579.828
576.653
573.282
569.665
565.751
561.464
556.705
551.397
545.534
539.27
532.831
526.453
520.452
514.963
510.108
505.983
502.659
500.153
498.4
497.231
496.372
495.47
494.201
492.455
490.493
488.785
487.601
486.743
485.661
483.84
481.158
477.977
474.718
471.514
468.36
465.313
462.481
459.915
457.72
455.995
454.819
454.241
454.288
454.962
456.245
458.099
460.458
463.241
466.357
469.71
473.196
476.708
480.142
483.403
486.417
489.132
491.51
493.526
495.156
496.37
497.125
497.389
497.184
496.611
495.8
494.813
493.624
492.172
490.422
488.382
486.084
483.566
480.865
478.007
475.016
471.915
468.73
465.48
462.182
458.848
455.487
452.103
448.702
445.288
441.866
438.435
434.995
431.543
428.08
424.61
421.14
417.654
414.121
410.493
406.742
402.881
399.007
395.238
391.618
388.091
384.545
380.894
377.162
373.401
369.594
365.633
361.729
358.307
355.245
351.976
348.039
343.305
337.841
331.786
325.285
318.511
311.654
304.877
298.389
292.285
286.637
281.485
276.706
272.071
267.248
261.573
254.447
244.46
231.084
221.282
221.669
229.622
236.669
239.486
238.707
235.696
629.777
629.563
629.196
628.656
627.941
627.067
626.034
624.846
623.513
622.059
620.525
618.959
617.417
615.961
614.644
613.506
612.549
611.747
611.051
610.404
609.712
608.904
608.013
607.177
606.584
606.31
606.328
606.555
606.888
607.18
607.245
606.969
606.377
605.516
604.303
602.784
600.986
598.854
596.389
593.72
590.968
588.185
585.354
582.437
579.39
576.162
572.71
568.998
564.982
560.602
555.763
550.394
544.499
538.163
531.558
524.977
518.765
513.158
508.291
504.255
501.114
498.862
497.392
496.484
495.818
495.012
493.751
491.961
489.923
488.116
486.843
485.973
485.058
483.66
481.598
478.991
476.119
473.187
470.267
467.435
464.727
462.321
460.269
458.631
457.477
456.861
456.815
457.35
458.448
460.063
462.136
464.595
467.362
470.36
473.504
476.703
479.856
482.866
485.654
488.169
490.385
492.281
493.833
494.997
495.717
495.948
495.705
495.107
494.305
493.38
492.291
490.946
489.294
487.336
485.107
482.651
480.009
477.21
474.282
471.247
468.127
464.94
461.702
458.424
455.115
451.779
448.421
445.045
441.655
438.252
434.837
431.41
427.97
424.517
421.048
417.56
414.035
410.432
406.711
402.884
399.052
395.315
391.677
388.083
384.448
380.709
376.895
373.037
369.066
364.829
360.686
357.113
353.953
350.6
346.608
341.832
336.307
330.156
323.531
316.61
309.601
302.675
295.991
289.649
283.723
278.29
273.293
268.599
263.92
258.66
252.438
244.505
234.626
227.535
227.954
233.759
238.741
240.35
239.079
235.902
632.749
632.547
632.187
631.659
630.965
630.111
629.099
627.928
626.604
625.146
623.59
621.984
620.388
618.856
617.44
616.184
615.104
614.188
613.402
612.7
612.016
611.288
610.515
609.783
609.227
608.92
608.85
608.935
609.059
609.071
608.832
608.307
607.543
606.502
605.135
603.503
601.61
599.362
596.768
593.975
591.119
588.256
585.361
582.379
579.24
575.878
572.256
568.343
564.094
559.441
554.294
548.586
542.344
535.702
528.876
522.125
515.709
509.869
504.829
500.763
497.726
495.672
494.476
493.913
493.657
493.331
492.607
491.339
489.703
488.071
486.728
485.69
484.703
483.448
481.717
479.512
477.096
474.525
471.944
469.397
466.969
464.768
462.87
461.341
460.24
459.62
459.513
459.927
460.841
462.213
463.985
466.097
468.493
471.124
473.931
476.839
479.747
482.54
485.122
487.444
489.491
491.259
492.722
493.819
494.478
494.652
494.365
493.741
492.938
492.042
491.008
489.729
488.145
486.258
484.098
481.708
479.128
476.392
473.527
470.558
467.503
464.379
461.2
457.978
454.72
451.434
448.121
444.785
441.429
438.057
434.669
431.264
427.844
424.408
420.951
417.467
413.946
410.368
406.698
402.934
399.16
395.437
391.754
388.072
384.345
380.53
376.639
372.676
368.489
363.97
359.554
355.797
352.514
349.095
345.078
340.269
334.663
328.376
321.588
314.488
307.299
300.213
293.374
286.883
280.789
275.181
270.03
265.27
260.721
255.908
250.546
244.305
237.227
232.416
232.956
237.098
240.396
240.99
239.308
236.019
636.298
636.1
635.744
635.226
634.544
633.706
632.708
631.547
630.222
628.746
627.146
625.468
623.771
622.112
620.546
619.126
617.886
616.827
615.942
615.199
614.555
613.964
613.395
612.87
612.442
612.149
611.976
611.86
611.716
611.447
610.982
610.304
609.41
608.226
606.737
605.006
603.014
600.632
597.87
594.893
591.856
588.835
585.805
582.691
579.396
575.829
571.949
567.729
563.114
558.025
552.37
546.094
539.256
532.026
524.657
517.456
510.726
504.727
499.65
495.586
492.548
490.523
489.44
489.129
489.317
489.664
489.83
489.51
488.776
487.838
486.885
485.953
484.934
483.705
482.178
480.352
478.217
475.979
473.712
471.464
469.313
467.342
465.625
464.223
463.189
462.564
462.375
462.627
463.306
464.379
465.802
467.537
469.554
471.834
474.343
477.013
479.727
482.347
484.756
486.894
488.762
490.376
491.716
492.715
493.293
493.414
493.11
492.492
491.696
490.796
489.76
488.495
486.944
485.11
483.02
480.705
478.2
475.536
472.742
469.843
466.857
463.799
460.681
457.515
454.31
451.072
447.804
444.509
441.191
437.851
434.491
431.111
427.711
424.291
420.849
417.378
413.871
410.321
406.695
402.991
399.258
395.537
391.804
388.044
384.242
380.364
376.404
372.336
367.93
363.101
358.389
354.414
350.978
347.488
343.452
338.606
332.904
326.462
319.487
312.196
304.808
297.528
290.51
283.856
277.653
271.972
266.798
262.062
257.67
253.284
248.705
243.82
238.839
235.789
236.538
239.55
241.626
241.451
239.439
236.077
640.286
640.091
639.741
639.232
638.563
637.739
636.758
635.612
634.293
632.806
631.166
629.411
627.594
625.776
624.014
622.368
620.889
619.616
618.54
617.675
616.988
616.439
615.994
615.629
615.335
615.094
614.873
614.626
614.311
613.894
613.346
612.641
611.732
610.53
609.015
607.235
605.166
602.657
599.708
596.504
593.215
589.951
586.706
583.399
579.902
576.085
571.879
567.259
562.164
556.495
550.161
543.119
535.469
527.463
519.437
511.73
504.612
498.281
492.915
488.637
485.484
483.444
482.458
482.378
482.964
483.911
485.056
485.594
485.843
485.796
485.514
485.026
484.344
483.419
482.213
480.75
479.057
477.217
475.301
473.378
471.512
469.771
468.219
466.914
465.903
465.229
464.921
464.996
465.449
466.256
467.381
468.798
470.5
472.492
474.756
477.219
479.75
482.201
484.45
486.436
488.15
489.606
490.796
491.662
492.14
492.21
491.911
491.325
490.545
489.628
488.558
487.274
485.735
483.941
481.913
479.673
477.246
474.66
471.943
469.118
466.202
463.21
460.154
457.044
453.891
450.7
447.476
444.222
440.941
437.636
434.306
430.952
427.575
424.173
420.748
417.292
413.799
410.264
406.666
403
399.296
395.573
391.813
388.013
384.154
380.218
376.201
372.028
367.4
362.266
357.261
353.027
349.387
345.796
341.727
336.831
331.022
324.433
317.286
309.815
302.223
294.711
287.463
280.602
274.264
268.529
263.422
258.844
254.699
250.754
246.888
243.113
239.717
238.007
238.986
241.266
242.505
241.78
239.515
236.108
644.723
644.529
644.182
643.682
643.028
642.226
641.275
640.162
638.876
637.412
635.775
633.987
632.09
630.14
628.192
626.3
624.521
622.907
621.525
620.379
619.466
618.761
618.231
617.848
617.577
617.377
617.193
616.97
616.678
616.305
615.843
615.274
614.527
613.461
612.016
610.233
608.1
605.468
602.326
598.876
595.284
591.69
588.136
584.55
580.797
576.713
572.17
567.117
561.507
555.24
548.223
540.415
531.969
523.151
514.348
505.942
498.228
491.417
485.678
481.102
477.691
475.438
474.323
474.266
475.112
476.309
477.637
479.404
480.946
482.098
482.818
483.093
482.963
482.476
481.685
480.632
479.374
477.967
476.464
474.917
473.377
471.899
470.539
469.348
468.374
467.666
467.268
467.21
467.499
468.111
469.006
470.16
471.583
473.301
475.31
477.538
479.851
482.098
484.167
486.004
487.595
488.931
489.988
490.725
491.102
491.118
490.812
490.242
489.464
488.519
487.408
486.098
484.563
482.803
480.828
478.653
476.297
473.786
471.144
468.392
465.546
462.618
459.622
456.568
453.465
450.321
447.14
443.926
440.682
437.411
434.113
430.787
427.435
424.054
420.646
417.205
413.726
410.201
406.619
402.977
399.291
395.573
391.815
387.998
384.093
380.106
376.037
371.763
366.926
361.513
356.219
351.677
347.769
344.028
339.891
334.919
328.999
322.28
314.987
307.347
299.548
291.766
284.223
277.087
270.553
264.755
259.773
255.463
251.679
248.245
245.061
242.223
240.069
239.408
240.615
242.435
243.118
242.019
239.567
236.132
649.285
649.087
648.739
648.239
647.59
646.803
645.88
644.813
643.586
642.191
640.621
638.888
637.017
635.044
633.01
630.962
628.951
627.039
625.294
623.763
622.474
621.434
620.634
620.054
619.667
619.43
619.284
619.169
619.039
618.878
618.681
618.408
617.929
617.054
615.695
613.902
611.693
608.94
605.627
601.921
597.99
594.007
590.063
586.123
582.076
577.733
572.914
567.511
561.481
554.757
547.265
538.798
529.815
520.388
510.925
501.863
493.543
486.176
479.885
474.745
470.802
468.103
466.663
466.416
467.096
468.679
470.803
473.301
475.827
478.051
479.732
480.751
481.206
481.188
480.826
480.204
479.387
478.424
477.353
476.212
475.038
473.871
472.753
471.727
470.838
470.134
469.673
469.502
469.642
470.065
470.722
471.585
472.682
474.075
475.802
477.815
479.974
482.1
484.049
485.755
487.209
488.409
489.335
489.957
490.252
490.223
489.9
489.324
488.532
487.551
486.394
485.053
483.515
481.776
479.839
477.712
475.413
472.962
470.383
467.696
464.913
462.046
459.105
456.103
453.049
449.949
446.809
443.633
440.425
437.187
433.919
430.621
427.293
423.935
420.546
417.121
413.657
410.148
406.585
402.965
399.296
395.584
391.827
388
384.069
380.043
375.921
371.561
366.551
360.911
355.348
350.461
346.228
342.273
338.008
332.924
326.885
320.027
312.553
304.687
296.622
288.508
280.606
273.151
266.37
260.515
255.731
251.798
248.506
245.693
243.218
241.184
240.012
240.195
241.647
243.204
243.538
242.198
239.617
236.167
653.532
653.326
652.965
652.448
651.781
650.983
650.064
649.021
647.843
646.523
645.051
643.428
641.665
639.782
637.801
635.742
633.641
631.548
629.522
627.63
625.935
624.491
623.329
622.461
621.882
621.561
621.447
621.479
621.603
621.779
621.953
622.006
621.738
620.964
619.613
617.771
615.473
612.607
609.149
605.218
600.974
596.604
592.246
587.919
583.548
578.959
573.947
568.342
562.06
555.049
547.243
538.607
529.292
519.514
509.63
500.068
491.206
483.279
476.437
470.745
466.302
463.168
461.34
460.77
461.343
462.923
465.283
468.199
471.376
474.397
476.809
478.457
479.393
479.789
479.812
479.58
479.166
478.61
477.939
477.174
476.343
475.481
474.621
473.795
473.034
472.376
471.877
471.598
471.576
471.793
472.186
472.723
473.463
474.537
476.042
477.947
480.085
482.225
484.172
485.819
487.148
488.177
488.925
489.395
489.584
489.497
489.151
488.569
487.765
486.758
485.563
484.19
482.637
480.902
478.984
476.887
474.627
472.221
469.692
467.057
464.329
461.514
458.624
455.668
452.658
449.599
446.498
443.356
440.181
436.974
433.736
430.464
427.159
423.821
420.45
417.043
413.597
410.105
406.561
402.965
399.319
395.616
391.854
388.021
384.083
380.033
375.859
371.4
366.3
360.514
354.725
349.492
344.905
340.677
336.208
330.958
324.762
317.708
309.935
301.661
293.125
284.522
276.185
268.451
261.41
255.581
251.132
247.717
245.073
243.034
241.347
240.05
239.656
240.524
242.24
243.684
243.818
242.339
239.676
236.223
657.48
657.258
656.872
656.321
655.615
654.781
653.835
652.785
651.626
650.35
648.954
647.435
645.794
644.041
642.185
640.229
638.172
636.027
633.833
631.646
629.56
627.676
626.088
624.862
624.037
623.614
623.555
623.793
624.244
624.806
625.339
625.645
625.507
624.77
623.403
621.519
619.148
616.194
612.612
608.497
603.995
599.289
594.538
589.818
585.098
580.252
575.086
569.398
563.041
555.945
548.07
539.403
530.034
520.161
510.101
500.249
490.99
482.613
475.292
469.125
464.209
460.605
458.329
457.365
457.665
459.115
461.472
464.527
468.04
471.513
474.43
476.518
477.801
478.5
478.831
478.931
478.868
478.672
478.358
477.934
477.41
476.813
476.181
475.551
474.945
474.383
473.902
473.556
473.397
473.423
473.574
473.814
474.229
475.013
476.326
478.151
480.284
482.448
484.41
486.035
487.279
488.166
488.741
489.044
489.1
488.922
488.523
487.913
487.095
486.071
484.855
483.461
481.897
480.159
478.245
476.163
473.926
471.553
469.062
466.469
463.786
461.018
458.173
455.26
452.29
449.27
446.204
443.095
439.95
436.771
433.56
430.315
427.033
423.716
420.363
416.973
413.543
410.069
406.544
402.972
399.352
395.66
391.896
388.064
384.13
380.068
375.856
371.335
366.188
360.333
354.376
348.824
343.879
339.328
334.574
329.07
322.616
315.225
306.964
298.05
288.794
279.484
270.555
262.449
255.335
249.664
245.67
242.949
241.186
240.157
239.402
238.848
239.096
240.527
242.52
243.957
244.003
242.461
239.755
236.308
661.169
660.918
660.488
659.883
659.119
658.225
657.226
656.135
654.952
653.676
652.31
650.861
649.333
647.722
646.02
644.206
642.255
640.138
637.84
635.403
632.925
630.551
628.449
626.767
625.611
625.036
625.024
625.49
626.295
627.254
628.142
628.707
628.73
628.083
626.767
624.894
622.483
619.46
615.779
611.52
606.824
601.858
596.787
591.713
586.651
581.527
576.192
570.456
564.136
557.115
549.343
540.817
531.602
521.857
511.851
501.934
492.472
483.784
476.089
469.519
464.174
460.133
457.436
456.081
456.06
457.286
459.481
462.416
465.931
469.58
472.754
475.067
476.518
477.373
477.899
478.252
478.493
478.629
478.654
478.555
478.323
477.968
477.527
477.049
476.576
476.128
475.721
475.386
475.166
475.071
475.051
475.07
475.215
475.714
476.793
478.486
480.582
482.74
484.679
486.249
487.411
488.19
488.639
488.815
488.758
488.49
488.02
487.354
486.498
485.45
484.218
482.815
481.248
479.512
477.602
475.527
473.305
470.954
468.492
465.932
463.285
460.556
457.75
454.876
451.943
448.959
445.926
442.848
439.731
436.579
433.394
430.173
426.914
423.617
420.283
416.91
413.496
410.04
406.534
402.983
399.381
395.705
391.953
388.132
384.208
380.144
375.91
371.373
366.216
360.364
354.304
348.484
343.197
338.274
333.148
327.271
320.392
312.443
303.46
293.688
283.532
273.387
263.763
255.237
248.128
242.737
239.227
237.241
236.586
236.9
237.308
237.568
238.406
240.311
242.581
244.088
244.127
242.577
239.86
236.425
664.642
664.341
663.839
663.157
662.322
661.358
660.283
659.118
657.874
656.553
655.171
653.748
652.297
650.814
649.282
647.654
645.841
643.785
641.423
638.743
635.83
632.873
630.126
627.849
626.246
625.444
625.451
626.152
627.339
628.738
630.043
630.956
631.249
630.81
629.602
627.789
625.361
622.278
618.512
614.14
609.302
604.153
598.846
593.497
588.144
582.756
577.23
571.421
565.157
558.288
550.728
542.461
533.536
524.08
514.312
504.529
495.065
486.238
478.303
471.433
465.745
461.338
458.271
456.536
456.152
457.092
459.03
461.7
465.006
468.595
471.812
474.164
475.614
476.473
477.074
477.596
478.077
478.501
478.837
479.052
479.108
478.991
478.73
478.382
478.003
477.63
477.288
476.998
476.779
476.633
476.531
476.44
476.426
476.707
477.544
479.042
481.026
483.13
485.012
486.495
487.544
488.203
488.536
488.61
488.468
488.13
487.599
486.877
485.972
484.889
483.634
482.221
480.651
478.919
477.018
474.953
472.743
470.411
467.972
465.439
462.822
460.126
457.355
454.515
451.615
448.663
445.661
442.614
439.524
436.398
433.237
430.04
426.802
423.525
420.209
416.853
413.456
410.017
406.53
402.997
399.412
395.756
392.025
388.222
384.318
380.262
376.016
371.483
366.372
360.591
354.495
348.476
342.87
337.533
331.948
325.564
318.062
309.323
299.407
288.62
277.442
266.39
256.054
247.101
240.017
234.989
231.943
230.602
231.149
233.112
234.973
236.182
237.623
239.959
242.502
244.129
244.218
242.699
239.993
236.577
667.93
667.553
666.951
666.171
665.255
664.218
663.068
661.82
660.492
659.092
657.644
656.182
654.739
653.336
651.966
650.53
648.922
646.984
644.593
641.676
638.281
634.621
631.067
628.03
625.845
624.731
624.729
625.684
627.304
629.22
631.038
632.419
633.103
632.953
631.946
630.2
627.756
624.61
620.763
616.298
611.356
606.082
600.619
595.077
589.51
583.908
578.207
572.302
566.06
559.34
552.029
544.081
535.52
526.446
517.034
507.533
498.236
489.444
481.423
474.38
468.457
463.77
460.393
458.31
457.557
458.172
459.799
462.123
465.09
468.447
471.54
473.788
475.094
475.808
476.342
476.925
477.587
478.272
478.908
479.424
479.76
479.886
479.816
479.602
479.307
478.983
478.67
478.398
478.192
478.053
477.953
477.854
477.797
477.962
478.603
479.87
481.656
483.617
485.39
486.764
487.697
488.236
488.457
488.43
488.204
487.8
487.216
486.449
485.502
484.382
483.103
481.675
480.099
478.37
476.477
474.424
472.229
469.914
467.495
464.985
462.394
459.725
456.984
454.176
451.306
448.383
445.41
442.391
439.329
436.226
433.088
429.913
426.697
423.439
420.141
416.803
413.423
410.001
406.532
403.017
399.452
395.816
392.107
388.33
384.459
380.419
376.172
371.665
366.644
360.988
354.923
348.783
342.89
337.107
330.99
323.969
315.667
305.967
294.993
283.121
270.881
258.897
247.865
238.507
231.458
226.816
224.162
223.28
224.957
228.749
232.329
234.655
236.761
239.526
242.342
244.122
244.299
242.838
240.158
236.763
671.099
670.61
669.879
668.983
667.965
666.849
665.622
664.281
662.83
661.277
659.706
658.178
656.749
655.43
654.217
653.024
651.685
649.953
647.6
644.461
640.521
636.028
631.472
627.452
624.485
622.929
622.886
624.133
626.265
628.801
631.225
633.179
634.364
634.557
633.791
632.13
629.666
626.451
622.527
617.987
612.971
607.621
602.065
596.405
590.698
584.95
579.117
573.125
566.877
560.264
553.178
545.553
537.381
528.73
519.738
510.611
501.603
492.987
485.023
477.936
471.884
466.998
463.375
460.999
459.889
460.161
461.437
463.371
465.92
468.934
471.797
473.849
474.911
475.364
475.715
476.257
477.02
477.919
478.846
479.677
480.295
480.645
480.753
480.684
480.5
480.244
479.952
479.671
479.448
479.308
479.235
479.182
479.153
479.279
479.788
480.85
482.415
484.188
485.808
487.049
487.859
488.286
488.406
488.289
487.982
487.509
486.871
486.062
485.08
483.931
482.627
481.181
479.596
477.865
475.978
473.937
471.757
469.458
467.059
464.57
462
459.355
456.64
453.858
451.016
448.12
445.173
442.18
439.144
436.066
432.948
429.793
426.597
423.358
420.079
416.757
413.395
409.991
406.54
403.044
399.498
395.883
392.196
388.453
384.625
380.613
376.377
371.916
367.018
361.526
355.553
349.372
343.229
336.988
330.288
322.523
313.305
302.573
290.525
277.578
264.285
251.37
239.662
229.953
222.962
218.665
216.306
215.682
218.289
223.902
229.361
232.967
235.826
239.049
242.147
244.101
244.39
243.001
240.356
236.983
674.282
673.695
672.71
671.601
670.414
669.199
667.929
666.545
664.987
663.284
661.594
659.978
658.492
657.195
656.132
655.27
654.343
652.942
650.676
647.284
642.679
637.136
631.281
625.963
621.975
619.873
619.844
621.501
624.235
627.507
630.594
633.226
635.009
635.668
635.162
633.594
631.106
627.82
623.826
619.232
614.174
608.786
603.187
597.469
591.687
585.854
579.942
573.894
567.64
561.1
554.191
546.848
539.045
530.817
522.267
513.56
504.914
496.57
488.773
481.749
475.662
470.658
466.854
464.244
462.889
462.727
463.619
465.142
467.244
469.863
472.439
474.24
474.993
475.089
475.152
475.571
476.384
477.464
478.658
479.801
480.721
481.308
481.58
481.635
481.559
481.39
481.144
480.859
480.605
480.441
480.382
480.383
480.411
480.547
480.984
481.887
483.242
484.811
486.259
487.356
488.039
488.355
488.378
488.177
487.796
487.256
486.564
485.713
484.7
483.525
482.2
480.736
479.139
477.401
475.517
473.484
471.317
469.035
466.654
464.185
461.636
459.013
456.32
453.562
450.744
447.873
444.95
441.982
438.97
435.914
432.818
429.681
426.503
423.282
420.021
416.718
413.373
409.985
406.552
403.076
399.551
395.955
392.291
388.587
384.81
380.837
376.629
372.235
367.477
362.174
356.35
350.204
343.853
337.162
329.849
321.27
311.095
299.351
286.278
272.293
257.964
244.128
231.783
221.798
214.946
210.902
208.727
208.217
211.529
218.794
226.136
231.131
234.829
238.553
241.953
244.094
244.506
243.194
240.588
237.238
677.103
676.122
674.897
673.711
672.472
671.261
670.056
668.721
667.095
665.064
663.024
661.192
659.673
658.542
657.785
657.324
656.864
655.86
653.715
650.04
644.653
637.901
630.589
623.828
618.727
616.058
616.131
618.31
621.617
625.255
629.116
632.53
635.013
636.204
636.02
634.581
632.09
628.747
624.702
620.078
615.008
609.618
604.016
598.285
592.478
586.61
580.666
574.6
568.357
561.879
555.108
547.993
540.508
532.668
524.545
516.267
508.015
499.997
492.438
485.554
479.512
474.461
470.529
467.721
466.054
465.566
466.084
467.199
468.852
471.058
473.32
474.841
475.247
474.939
474.649
474.87
475.683
476.929
478.386
479.831
481.049
481.885
482.326
482.492
482.506
482.422
482.239
481.974
481.699
481.502
481.43
481.461
481.541
481.706
482.105
482.89
484.065
485.435
486.703
487.651
488.215
488.43
488.367
488.089
487.638
487.037
486.29
485.397
484.352
483.154
481.81
480.33
478.721
476.976
475.091
473.064
470.906
468.638
466.274
463.825
461.295
458.693
456.021
453.284
450.489
447.64
444.741
441.795
438.805
435.772
432.695
429.576
426.415
423.212
419.968
416.682
413.355
409.984
406.569
403.114
399.609
396.031
392.39
388.727
385.007
381.084
376.925
372.615
368.007
362.902
357.278
351.237
344.723
337.603
329.665
320.245
309.137
296.452
282.418
267.412
252.051
237.319
224.398
214.229
207.296
203.708
201.624
201.161
205.016
213.697
222.79
229.2
233.8
238.067
241.787
244.122
244.66
243.423
240.855
237.525
679.912
678.771
677.461
676.14
674.666
673.308
672.021
670.664
668.769
666.494
664.317
662.438
660.853
659.586
658.885
658.809
658.998
658.539
656.594
652.661
646.492
638.604
630.006
621.957
615.788
612.564
612.776
615.48
619.253
623.422
627.748
631.682
634.679
636.293
636.378
635.073
632.618
629.261
625.199
620.579
615.529
610.169
604.596
598.888
593.092
587.227
581.285
575.233
569.024
562.613
555.958
549.028
541.804
534.297
526.558
518.685
510.825
503.155
495.873
489.179
483.237
478.197
474.184
471.216
469.298
468.496
468.647
469.364
470.585
472.386
474.328
475.561
475.613
474.878
474.185
474.145
474.909
476.312
478.047
479.801
481.311
482.395
483.013
483.286
483.376
483.362
483.24
483.004
482.726
482.509
482.416
482.446
482.552
482.734
483.103
483.796
484.83
486.029
487.125
487.923
488.367
488.489
488.351
488.008
487.499
486.843
486.047
485.112
484.035
482.813
481.451
479.957
478.336
476.584
474.696
472.673
470.524
468.268
465.919
463.486
460.976
458.392
455.741
453.025
450.25
447.421
444.543
441.619
438.65
435.637
432.579
429.477
426.334
423.148
419.921
416.652
413.342
409.987
406.589
403.155
399.67
396.11
392.491
388.87
385.208
381.346
377.257
373.047
368.583
363.682
358.303
352.427
345.795
338.279
329.717
319.472
307.502
293.97
279.028
263.006
246.612
231.031
217.632
207.409
200.722
197.2
195.101
194.68
199.008
208.882
219.503
227.258
232.783
237.624
241.675
244.205
244.861
243.69
241.156
237.843
683.067
680.994
679.188
677.488
675.994
674.727
673.663
672.683
671.089
668.377
665.368
662.959
661.243
660.07
659.633
660.162
661.008
660.967
659.091
654.891
648.029
639.306
629.813
620.875
613.892
610.243
610.52
613.592
617.672
622.084
626.629
630.874
634.186
636.061
636.325
635.125
632.72
629.395
625.364
620.786
615.791
610.49
604.974
599.314
593.556
587.722
581.808
575.791
569.635
563.3
556.756
549.983
542.974
535.743
528.333
520.821
513.327
505.998
499.006
492.529
486.723
481.733
477.679
474.586
472.465
471.379
471.182
471.523
472.343
473.76
475.386
476.336
476.043
474.874
473.736
473.372
474.043
475.598
477.639
479.729
481.535
482.858
483.654
484.037
484.192
484.23
484.158
483.956
483.69
483.471
483.363
483.372
483.471
483.653
483.997
484.621
485.538
486.582
487.515
488.168
488.497
488.531
488.324
487.924
487.366
486.665
485.826
484.853
483.744
482.498
481.119
479.612
477.98
476.22
474.328
472.306
470.164
467.919
465.584
463.168
460.674
458.109
455.477
452.78
450.024
447.216
444.357
441.452
438.504
435.51
432.47
429.385
426.258
423.089
419.878
416.626
413.333
409.993
406.612
403.197
399.732
396.189
392.593
389.011
385.406
381.611
377.611
373.516
369.19
364.494
359.395
353.732
347.024
339.155
329.986
318.972
306.251
291.968
276.161
259.134
241.735
225.39
211.633
201.436
194.942
191.416
189.214
188.87
193.685
204.571
216.462
225.416
231.841
237.26
241.642
244.358
245.117
243.996
241.492
238.19
686.566
683.45
681.323
679.602
678.029
676.52
675.254
673.945
672.081
669.115
665.807
663.59
661.986
660.35
659.776
660.464
661.797
662.549
660.828
656.419
649.295
640.088
630.103
620.734
613.354
609.354
609.364
612.625
616.785
621.206
625.799
630.192
633.655
635.602
635.896
634.759
632.431
629.188
625.239
620.75
615.846
610.633
605.197
599.607
593.908
588.124
582.258
576.294
570.203
563.955
557.525
550.9
544.082
537.09
529.965
522.775
515.617
508.615
501.915
495.673
490.03
485.121
481.058
477.872
475.582
474.236
473.71
473.695
474.141
475.185
476.491
477.16
476.531
474.908
473.262
472.497
473.031
474.744
477.133
479.61
481.747
483.321
484.296
484.794
485.012
485.093
485.059
484.884
484.629
484.417
484.306
484.293
484.367
484.528
484.841
485.402
486.209
487.103
487.873
488.385
488.604
488.555
488.284
487.833
487.23
486.487
485.609
484.598
483.457
482.186
480.788
479.267
477.625
475.856
473.96
471.938
469.802
467.566
465.244
462.844
460.368
457.821
455.208
452.531
449.795
447.006
444.168
441.283
438.354
435.381
432.359
429.292
426.183
423.032
419.837
416.603
413.327
410.004
406.64
403.244
399.797
396.272
392.701
389.16
385.608
381.885
378
374.043
369.863
365.39
360.629
355.231
348.481
340.281
330.498
318.749
305.346
290.339
273.645
255.569
237.15
220.103
206.079
195.957
189.579
185.92
183.527
183.345
188.773
200.606
213.583
223.635
230.965
236.992
241.718
244.615
245.461
244.376
241.895
238.601
688.581
685.243
682.7
680.731
679.006
677.385
676.088
675.013
673.49
670.695
667.171
664.208
661.808
660.076
659.772
661.304
663.49
664.069
661.934
657.328
650.156
640.908
630.881
621.49
614.041
609.933
610.05
612.83
616.714
620.895
625.312
629.591
632.965
634.842
635.107
633.998
631.742
628.636
624.832
620.481
615.713
610.626
605.301
599.805
594.185
588.47
582.669
576.772
570.761
564.613
558.307
551.835
545.203
538.434
531.571
524.676
517.832
511.144
504.735
498.738
493.277
488.473
484.427
481.172
478.734
477.155
476.307
475.949
476.032
476.702
477.672
478.054
477.09
474.979
472.736
471.465
471.806
473.697
476.502
479.441
481.967
483.824
484.986
485.595
485.872
485.989
485.985
485.833
485.589
485.376
485.256
485.222
485.263
485.385
485.646
486.133
486.83
487.578
488.192
488.569
488.685
488.558
488.227
487.728
487.084
486.303
485.388
484.341
483.167
481.869
480.451
478.916
477.262
475.484
473.582
471.561
469.429
467.203
464.894
462.509
460.05
457.523
454.93
452.273
449.558
446.791
443.973
441.109
438.202
435.25
432.248
429.2
426.109
422.976
419.8
416.583
413.325
410.02
406.675
403.298
399.868
396.361
392.817
389.314
385.806
382.153
378.401
374.608
370.59
366.369
362.007
356.919
350.163
341.664
331.301
318.909
304.944
289.276
271.717
252.618
233.243
215.634
201.473
191.45
185.057
181.096
178.465
178.597
184.814
197.488
211.239
222.15
230.313
236.932
241.979
245.024
245.92
244.843
242.378
239.088
689.86
686.66
684.085
681.983
680.106
678.396
676.938
675.503
673.606
670.963
667.762
664.787
662.534
661.27
661.101
661.958
663.099
663.506
661.942
657.638
650.628
641.721
632.164
623.267
616.21
612.173
611.9
614.003
617.362
621.14
625.227
629.172
632.19
633.758
633.856
632.737
630.604
627.688
624.101
619.957
615.375
610.457
605.281
599.911
594.397
588.772
583.053
577.24
571.322
565.285
559.113
552.802
546.36
539.811
533.196
526.575
520.021
513.628
507.497
501.742
496.47
491.784
487.771
484.467
481.898
480.094
478.951
478.269
478.008
478.304
478.924
479.018
477.731
475.111
472.186
470.294
470.374
472.463
475.763
479.251
482.224
484.389
485.738
486.446
486.77
486.911
486.923
486.786
486.552
486.33
486.184
486.124
486.14
486.217
486.409
486.807
487.388
487.992
488.46
488.715
488.74
488.545
488.159
487.615
486.933
486.117
485.168
484.089
482.884
481.56
480.121
478.57
476.904
475.117
473.21
471.187
469.061
466.844
464.547
462.177
459.736
457.227
454.654
452.018
449.325
446.579
443.783
440.941
438.055
435.124
432.143
429.114
426.041
422.927
419.769
416.57
413.329
410.042
406.716
403.355
399.94
396.451
392.933
389.462
385.984
382.383
378.76
375.138
371.299
367.352
363.416
358.644
351.905
343.157
332.309
319.452
305.101
288.898
270.611
250.659
230.526
212.553
198.388
188.465
181.938
177.596
174.819
175.435
182.504
195.759
209.851
221.267
230.071
237.168
242.451
245.577
246.464
245.365
242.902
239.611
690.929
687.919
685.325
683.08
681.059
679.189
677.449
675.684
673.668
671.262
668.521
665.896
663.852
662.572
662.018
662.09
662.479
662.307
660.454
656.389
650.177
642.271
633.69
625.679
619.225
615.252
614.355
615.965
618.775
622.127
625.72
629.04
631.427
632.504
632.325
631.112
629.125
626.395
623.048
619.167
614.829
610.124
605.134
599.924
594.544
589.033
583.414
577.698
571.886
565.97
559.941
553.798
547.55
541.219
534.845
528.482
522.199
516.076
510.204
504.678
499.587
495.022
491.055
487.719
485.036
483.029
481.625
480.653
480.069
479.988
480.24
480.056
478.486
475.371
471.702
469.077
468.809
471.099
474.968
479.089
482.561
485.048
486.573
487.358
487.711
487.861
487.874
487.74
487.515
487.282
487.097
487.006
487.001
487.035
487.147
487.44
487.893
488.352
488.682
488.829
488.775
488.52
488.087
487.502
486.782
485.932
484.95
483.84
482.607
481.258
479.799
478.232
476.553
474.757
472.843
470.819
468.697
466.489
464.204
461.848
459.424
456.933
454.38
451.765
449.093
446.369
443.596
440.777
437.914
435.006
432.046
429.035
425.98
422.885
419.745
416.562
413.338
410.069
406.761
403.417
400.017
396.545
393.052
389.609
386.15
382.588
379.073
375.613
371.97
368.332
364.841
360.368
353.651
344.695
333.47
320.342
305.777
289.182
270.353
249.776
229.122
210.958
196.861
187.025
180.329
175.666
172.949
174.217
182.072
195.528
209.511
221.102
230.33
237.747
243.151
246.271
247.086
245.937
243.465
240.171
691.866
689.006
686.422
684.099
681.962
679.939
677.996
676.059
674.013
671.777
669.379
667.044
665.062
663.59
662.645
662.132
661.704
660.714
658.514
654.715
649.312
642.615
635.342
628.463
622.812
619.181
618.043
619.04
621.207
623.866
626.625
629.071
630.732
631.326
630.89
629.593
627.628
625.001
621.828
618.174
614.086
609.625
604.857
599.843
594.631
589.262
583.766
578.163
572.464
566.672
560.789
554.817
548.765
542.654
536.517
530.405
524.377
518.507
512.873
507.557
502.635
498.185
494.269
490.91
488.125
485.948
484.33
483.113
482.23
481.772
481.644
481.196
479.409
475.871
471.464
468.03
467.32
469.775
474.245
479.043
483.033
485.829
487.502
488.341
488.707
488.856
488.857
488.711
488.484
488.239
488.023
487.903
487.874
487.861
487.887
488.062
488.372
488.682
488.88
488.927
488.8
488.492
488.014
487.391
486.635
485.751
484.737
483.597
482.336
480.964
479.486
477.903
476.211
474.403
472.482
470.457
468.338
466.137
463.864
461.521
459.113
456.64
454.107
451.512
448.862
446.161
443.413
440.619
437.781
434.895
431.956
428.965
425.928
422.85
419.727
416.56
413.352
410.101
406.811
403.483
400.097
396.645
393.178
389.758
386.314
382.781
379.347
376.024
372.593
369.302
366.268
362.056
355.348
346.217
334.73
321.519
306.904
290.089
270.95
250.012
229.083
210.874
196.872
187.104
180.296
175.514
173.138
175.152
183.55
196.742
210.222
221.706
231.133
238.687
244.078
247.092
247.771
246.551
244.063
240.767
692.686
689.941
687.384
685.017
682.797
680.672
678.618
676.595
674.535
672.385
670.157
667.953
665.954
664.316
663.069
662.06
660.966
659.393
656.985
653.481
648.832
643.276
637.326
631.662
626.995
623.871
622.524
622.623
623.91
625.68
627.498
629.065
630.063
630.277
629.66
628.306
626.315
623.76
620.697
617.185
613.278
609.025
604.474
599.669
594.651
589.455
584.112
578.646
573.075
567.413
561.672
555.863
549.999
544.101
538.199
532.334
526.556
520.929
515.521
510.402
505.638
501.298
497.435
494.063
491.201
488.892
487.096
485.657
484.482
483.647
483.161
482.507
480.6
476.768
471.733
467.508
466.283
468.813
473.824
479.258
483.716
486.76
488.533
489.402
489.772
489.916
489.901
489.732
489.483
489.22
488.985
488.843
488.777
488.703
488.641
488.692
488.85
489.008
489.079
489.029
488.83
488.466
487.946
487.286
486.495
485.576
484.53
483.359
482.072
480.678
479.181
477.583
475.877
474.058
472.129
470.1
467.984
465.79
463.526
461.196
458.802
456.348
453.833
451.26
448.632
445.956
443.234
440.466
437.653
434.792
431.875
428.903
425.885
422.824
419.717
416.565
413.372
410.138
406.866
403.553
400.18
396.748
393.31
389.913
386.485
382.973
379.586
376.371
373.159
370.259
367.675
363.665
356.937
347.663
336.034
322.903
308.394
291.559
272.372
251.356
230.369
212.225
198.341
188.651
181.844
177.253
175.425
178.121
186.677
199.183
211.893
223.066
232.478
239.975
245.212
248.013
248.504
247.201
244.692
241.4
693.442
690.79
688.266
685.879
683.607
681.418
679.294
677.209
675.119
672.987
670.815
668.669
666.667
664.91
663.398
661.986
660.445
658.533
656.038
652.798
648.779
644.16
639.297
634.67
630.764
627.902
626.298
625.819
626.3
627.211
628.2
629.027
629.456
629.309
628.496
627.061
625.083
622.606
619.645
616.256
612.497
608.417
604.057
599.451
594.63
589.622
584.455
579.151
573.731
568.215
562.621
556.969
551.278
545.574
539.887
534.252
528.713
523.322
518.137
513.211
508.604
504.38
500.577
497.205
494.286
491.866
489.904
488.246
486.776
485.583
484.792
484.032
482.171
478.253
472.816
467.948
466.199
468.659
474.024
479.925
484.704
487.88
489.679
490.546
490.912
491.046
491.01
490.808
490.519
490.224
489.972
489.804
489.687
489.544
489.397
489.328
489.336
489.347
489.297
489.149
488.872
488.449
487.884
487.187
486.362
485.409
484.329
483.128
481.815
480.399
478.884
477.27
475.552
473.722
471.784
469.75
467.635
465.447
463.192
460.872
458.492
456.054
453.559
451.007
448.403
445.753
443.059
440.318
437.532
434.696
431.802
428.851
425.85
422.806
419.714
416.577
413.399
410.181
406.925
403.624
400.263
396.852
393.444
390.073
386.673
383.175
379.792
376.647
373.665
371.192
369.024
365.142
358.361
348.979
337.323
324.407
310.151
293.502
274.548
253.748
232.9
214.884
201.134
191.556
184.882
180.706
179.474
182.66
190.995
202.55
214.386
225.121
234.321
241.573
246.511
248.995
249.272
247.881
245.351
242.065
694.144
691.567
689.077
686.685
684.384
682.154
679.98
677.841
675.71
673.567
671.42
669.31
667.3
665.431
663.685
661.97
660.14
658.031
655.503
652.47
648.93
645.004
640.932
637.044
633.643
630.99
629.23
628.438
628.268
628.47
628.779
628.975
628.875
628.345
627.328
625.81
623.819
621.383
618.523
615.273
611.675
607.77
603.597
599.189
594.572
589.767
584.794
579.674
574.43
569.082
563.652
558.164
552.642
547.116
541.619
536.186
530.855
525.675
520.693
515.949
511.496
507.389
503.654
500.287
497.318
494.806
492.704
490.839
489.072
487.559
486.545
485.774
484.122
480.42
474.93
469.726
467.552
469.781
475.189
481.241
486.091
489.232
490.961
491.779
492.115
492.217
492.142
491.899
491.566
491.235
490.956
490.749
490.568
490.354
490.128
489.95
489.825
489.706
489.541
489.292
488.931
488.443
487.829
487.093
486.234
485.247
484.135
482.904
481.564
480.126
478.593
476.965
475.233
473.392
471.445
469.407
467.292
465.108
462.859
460.549
458.181
455.759
453.283
450.754
448.175
445.553
442.888
440.176
437.418
434.607
431.737
428.807
425.824
422.796
419.72
416.596
413.433
410.23
406.988
403.698
400.347
396.954
393.575
390.235
386.882
383.385
379.948
376.829
374.094
372.078
370.262
366.428
359.566
350.112
338.531
325.94
312.071
295.803
277.36
257.057
236.582
218.789
205.16
195.649
189.162
185.409
184.78
188.241
196.077
206.566
217.57
227.779
236.588
243.416
247.909
250.01
250.064
248.581
246.034
242.755
694.797
692.275
689.815
687.427
685.11
682.852
680.639
678.458
676.297
674.147
672.012
669.908
667.857
665.873
663.946
662.023
660.012
657.792
655.268
652.401
649.204
645.76
642.242
638.875
635.889
633.477
631.709
630.566
629.869
629.498
629.233
628.891
628.343
627.503
626.3
624.676
622.632
620.202
617.41
614.276
610.827
607.091
603.1
598.884
594.468
589.871
585.109
580.198
575.154
570.001
564.759
559.456
554.117
548.773
543.459
538.208
533.058
528.056
523.244
518.649
514.318
510.314
506.641
503.269
500.246
497.673
495.497
493.472
491.435
489.616
488.42
487.702
486.361
483.116
478.015
472.967
470.632
472.513
477.579
483.349
487.939
490.841
492.392
493.103
493.368
493.4
493.259
492.968
492.6
492.238
491.925
491.662
491.405
491.117
490.818
490.549
490.313
490.079
489.804
489.453
489.004
488.447
487.781
487.005
486.11
485.09
483.945
482.685
481.32
479.86
478.308
476.664
474.918
473.066
471.11
469.067
466.952
464.771
462.528
460.226
457.869
455.461
453.003
450.498
447.947
445.356
442.721
440.041
437.311
434.526
431.68
428.772
425.808
422.795
419.733
416.624
413.474
410.285
407.055
403.774
400.43
397.054
393.698
390.388
387.086
383.552
379.997
376.868
374.411
372.872
371.326
367.463
360.508
351.019
339.592
327.411
314.042
298.332
280.636
261.062
241.281
223.883
210.361
200.826
194.474
191.061
190.849
194.401
201.661
211.181
221.322
230.922
239.174
245.41
249.343
251.035
250.866
249.296
246.737
243.453
695.413
692.935
690.503
688.125
685.801
683.522
681.283
679.075
676.891
674.726
672.575
670.444
668.34
666.27
664.224
662.168
660.033
657.743
655.242
652.513
649.576
646.493
643.385
640.409
637.716
635.415
633.578
632.218
631.111
630.282
629.567
628.821
627.938
626.824
625.412
623.658
621.563
619.135
616.386
613.336
610.008
606.425
602.609
598.581
594.361
589.965
585.409
580.709
575.879
570.937
565.904
560.807
555.672
550.529
545.411
540.35
535.382
530.552
525.893
521.424
517.2
513.283
509.658
506.276
503.203
500.579
498.363
496.224
493.974
491.894
490.507
489.793
488.743
486.103
481.813
477.44
475.32
476.835
481.203
486.242
490.223
492.686
493.96
494.505
494.654
494.581
494.355
494.012
493.615
493.227
492.872
492.54
492.2
491.839
491.474
491.128
490.798
490.459
490.076
489.623
489.085
488.458
487.739
486.921
485.989
484.935
483.759
482.471
481.081
479.599
478.028
476.366
474.606
472.742
470.778
468.73
466.615
464.437
462.198
459.901
457.552
455.157
452.719
450.237
447.717
445.16
442.56
439.912
437.212
434.453
431.631
428.745
425.801
422.804
419.756
416.66
413.523
410.344
407.125
403.852
400.511
397.147
393.804
390.506
387.226
383.597
379.858
376.704
374.57
373.516
372.139
368.189
361.149
351.665
340.453
328.733
315.963
300.95
284.157
265.615
246.809
229.997
216.619
207.016
200.709
197.475
197.475
200.956
207.629
216.286
225.6
234.44
241.935
247.447
250.761
252.049
251.666
250.024
247.449
244.134
695.995
693.555
691.146
688.779
686.455
684.168
681.915
679.69
677.486
675.299
673.123
670.96
668.812
666.678
664.547
662.391
660.171
657.845
655.382
652.775
650.046
647.241
644.431
641.717
639.192
636.932
634.994
633.351
632.075
630.93
629.87
628.804
627.628
626.259
624.646
622.769
620.615
618.178
615.466
612.49
609.266
605.812
602.15
598.294
594.26
590.061
585.71
581.22
576.604
571.88
567.068
562.19
557.273
552.345
547.436
542.578
537.805
533.153
528.65
524.32
520.214
516.383
512.803
509.431
506.345
503.682
501.381
499.145
496.783
494.542
492.945
492.107
491.221
489.161
485.865
482.574
481.027
482.253
485.695
489.669
492.785
494.671
495.601
495.942
495.947
495.758
495.442
495.047
494.619
494.194
493.783
493.376
492.959
492.534
492.108
491.69
491.272
490.832
490.345
489.794
489.172
488.477
487.703
486.84
485.87
484.781
483.575
482.261
480.848
479.345
477.753
476.072
474.295
472.418
470.446
468.395
466.278
464.102
461.865
459.572
457.23
454.846
452.425
449.97
447.483
444.964
442.403
439.791
437.122
434.39
431.593
428.73
425.804
422.823
419.789
416.706
413.579
410.41
407.2
403.931
400.59
397.233
393.881
390.575
387.265
383.464
379.484
376.315
374.543
373.942
372.618
368.559
361.468
352.034
341.072
329.835
317.757
303.524
287.786
270.509
252.911
236.889
223.785
214.139
207.799
204.59
204.617
207.89
213.965
221.805
230.228
238.148
244.733
249.44
252.131
253.038
252.465
250.763
248.149
244.768
696.486
694.079
691.693
689.338
687.018
684.728
682.466
680.227
678.006
675.799
673.603
671.416
669.236
667.06
664.875
662.666
660.408
658.076
655.651
653.134
650.543
647.912
645.293
642.748
640.345
638.143
636.177
634.432
632.905
631.487
630.144
628.798
627.366
625.79
624.029
622.056
619.852
617.41
614.732
611.826
608.7
605.363
601.826
598.103
594.212
590.17
585.989
581.68
577.257
572.734
568.129
563.463
558.762
554.049
549.351
544.696
540.114
535.639
531.297
527.112
523.127
519.379
515.852
512.52
509.449
506.745
504.352
502.05
499.676
497.368
495.57
494.525
493.635
491.974
489.577
487.431
486.598
487.638
490.164
493.025
495.241
496.548
497.143
497.284
497.156
496.866
496.48
496.037
495.569
495.096
494.623
494.147
493.668
493.184
492.699
492.208
491.704
491.171
490.592
489.956
489.259
488.5
487.674
486.765
485.756
484.634
483.401
482.063
480.63
479.106
477.494
475.791
473.996
472.106
470.125
468.069
465.952
463.776
461.54
459.247
456.907
454.531
452.127
449.698
447.247
444.77
442.253
439.681
437.044
434.341
431.568
428.726
425.819
422.853
419.831
416.759
413.64
410.48
407.278
404.011
400.666
397.312
393.94
390.612
387.208
383.157
378.91
375.753
374.344
374.074
372.686
368.536
361.457
352.126
341.429
330.657
319.302
305.971
291.353
275.47
259.232
244.185
231.544
221.971
215.587
212.324
212.224
215.147
220.56
227.522
234.945
241.826
247.418
251.315
253.429
254.003
253.271
251.501
248.807
245.337
696.966
694.586
692.221
689.88
687.567
685.278
683.009
680.758
678.52
676.293
674.075
671.863
669.654
667.442
665.221
662.979
660.702
658.374
655.987
653.541
651.05
648.542
646.054
643.631
641.319
639.15
637.135
635.273
633.546
631.93
630.356
628.772
627.127
625.379
623.496
621.442
619.195
616.742
614.085
611.227
608.172
604.929
601.507
597.918
594.172
590.282
586.263
582.127
577.887
573.558
569.156
564.698
560.207
555.706
551.218
546.769
542.386
538.097
533.926
529.891
526.029
522.369
518.91
515.637
512.585
509.845
507.369
505.018
502.658
500.356
498.454
497.198
496.147
494.682
492.999
491.829
491.637
492.538
494.252
496.102
497.5
498.287
498.584
498.552
498.312
497.945
497.503
497.016
496.502
495.975
495.441
494.904
494.363
493.818
493.264
492.697
492.11
491.491
490.828
490.114
489.348
488.529
487.649
486.693
485.644
484.49
483.231
481.872
480.42
478.877
477.243
475.518
473.703
471.797
469.807
467.747
465.627
463.45
461.211
458.916
456.575
454.204
451.814
449.413
447.002
444.573
442.106
439.579
436.979
434.305
431.558
428.738
425.849
422.896
419.885
416.821
413.71
410.557
407.362
404.096
400.749
397.393
394
390.645
387.097
382.734
378.234
375.125
374.021
373.888
372.323
368.128
361.141
351.98
341.542
331.216
320.605
308.242
294.779
280.322
265.519
251.582
239.58
230.226
223.84
220.482
220.134
222.561
227.2
233.18
239.503
245.28
249.893
253.054
254.666
254.964
254.086
252.21
249.394
245.839
697.448
695.1
692.764
690.444
688.139
685.853
683.583
681.325
679.076
676.836
674.6
672.368
670.135
667.9
665.657
663.399
661.116
658.801
656.449
654.063
651.653
649.239
646.843
644.495
642.222
640.046
637.981
636.028
634.166
632.363
630.583
628.795
626.96
625.046
623.022
620.864
618.557
616.089
613.452
610.643
607.662
604.515
601.206
597.744
594.137
590.401
586.549
582.595
578.551
574.429
570.243
566.008
561.743
557.468
553.203
548.973
544.801
540.713
536.729
532.864
529.146
525.603
522.245
519.062
516.066
513.269
510.701
508.311
506.033
503.86
501.955
500.445
499.071
497.608
496.424
495.971
496.207
496.909
497.89
498.863
499.565
499.916
499.97
499.805
499.488
499.07
498.585
498.055
497.493
496.91
496.314
495.71
495.1
494.479
493.845
493.193
492.519
491.814
491.069
490.279
489.445
488.563
487.625
486.618
485.525
484.339
483.055
481.678
480.208
478.644
476.987
475.237
473.398
471.475
469.474
467.407
465.284
463.103
460.859
458.555
456.208
453.837
451.46
449.09
446.728
444.359
441.953
439.481
436.926
434.286
431.567
428.769
425.896
422.956
419.954
416.897
413.791
410.644
407.455
404.191
400.847
397.492
394.093
390.712
386.988
382.287
377.582
374.543
373.607
373.328
371.488
367.311
360.528
351.623
341.423
331.582
321.644
310.344
298.064
284.989
271.593
258.826
247.601
238.608
232.278
228.804
228.067
229.855
233.603
238.514
243.702
248.413
252.15
254.687
255.87
255.935
254.889
252.848
249.895
246.289
698.011
695.69
693.371
691.065
688.772
686.49
684.216
681.95
679.692
677.439
675.189
672.942
670.693
668.441
666.183
663.912
661.627
659.322
656.998
654.655
652.301
649.949
647.616
645.319
643.078
640.901
638.793
636.745
634.744
632.774
630.815
628.844
626.839
624.774
622.628
620.382
618.018
615.523
612.888
610.11
607.189
604.127
600.925
597.591
594.132
590.559
586.883
583.116
579.272
575.362
571.4
567.399
563.372
559.336
555.307
551.305
547.352
543.469
539.673
535.981
532.417
529.007
525.767
522.685
519.733
516.931
514.334
511.973
509.808
507.781
505.911
504.174
502.444
500.867
499.923
499.749
499.986
500.334
500.712
501.054
501.273
501.328
501.227
500.991
500.646
500.215
499.714
499.154
498.549
497.911
497.251
496.574
495.882
495.172
494.444
493.697
492.931
492.139
491.313
490.448
489.546
488.6
487.602
486.538
485.401
484.182
482.877
481.483
479.996
478.411
476.728
474.95
473.083
471.137
469.122
467.049
464.921
462.734
460.477
458.156
455.79
453.41
451.045
448.712
446.412
444.119
441.792
439.39
436.89
434.29
431.601
428.825
425.968
423.037
420.04
416.987
413.887
410.745
407.56
404.303
400.973
397.629
394.258
390.858
386.954
381.971
377.144
374.139
373.143
372.366
370.174
366.076
359.63
351.08
341.105
331.754
322.474
312.266
301.186
289.416
277.302
265.609
255.152
246.571
240.339
236.687
235.498
236.584
239.414
243.283
247.428
251.219
254.223
256.216
257.085
256.894
255.629
253.381
250.317
246.716
698.509
696.21
693.921
691.653
689.386
687.117
684.851
682.588
680.326
678.066
675.806
673.545
671.283
669.019
666.751
664.478
662.196
659.905
657.605
655.298
652.988
650.682
648.39
646.118
643.876
641.667
639.493
637.352
635.238
633.141
631.049
628.946
626.813
624.632
622.383
620.05
617.62
615.084
612.436
609.674
606.799
603.811
600.713
597.507
594.2
590.796
587.305
583.735
580.098
576.403
572.661
568.886
565.087
561.28
557.479
553.699
549.959
546.274
542.663
539.144
535.74
532.471
529.343
526.333
523.44
520.687
518.152
515.876
513.806
511.856
510.004
508.217
506.418
504.778
503.658
503.121
502.908
502.811
502.763
502.726
502.659
502.534
502.341
502.078
501.744
501.336
500.849
500.285
499.651
498.965
498.238
497.482
496.698
495.887
495.054
494.205
493.341
492.457
491.548
490.609
489.639
488.63
487.572
486.455
485.275
484.026
482.702
481.295
479.793
478.188
476.478
474.667
472.767
470.793
468.76
466.678
464.547
462.35
460.072
457.715
455.311
452.906
450.547
448.262
446.045
443.854
441.63
439.314
436.88
434.327
431.67
428.915
426.068
423.141
420.146
417.094
413.996
410.857
407.678
404.435
401.131
397.819
394.516
391.119
387.086
381.948
377.097
374.05
372.682
371.111
368.499
364.494
358.489
350.374
340.696
331.737
323.145
313.961
304.007
293.395
282.391
271.595
261.767
253.518
247.336
243.454
241.838
242.275
244.293
247.282
250.582
253.643
256.066
257.63
258.208
257.742
256.218
253.778
250.67
247.136
699.117
696.869
694.61
692.337
690.064
687.794
685.529
683.266
681.005
678.743
676.481
674.217
671.951
669.682
667.409
665.133
662.852
660.565
658.274
655.981
653.686
651.395
649.111
646.838
644.581
642.34
640.117
637.907
635.705
633.503
631.292
629.064
626.806
624.51
622.164
619.759
617.285
614.733
612.097
609.372
606.556
603.649
600.652
597.57
594.407
591.169
587.86
584.487
581.056
577.573
574.047
570.488
566.906
563.313
559.721
556.146
552.603
549.105
545.67
542.315
539.055
535.906
532.877
529.971
527.172
524.509
522.063
519.876
517.882
515.971
514.073
512.149
510.234
508.508
507.166
506.215
505.533
505.008
504.583
504.223
503.904
503.612
503.338
503.064
502.765
502.408
501.964
501.419
500.777
500.053
499.263
498.421
497.535
496.612
495.664
494.705
493.737
492.757
491.76
490.743
489.704
488.634
487.521
486.358
485.144
483.875
482.541
481.126
479.612
477.986
476.246
474.399
472.459
470.448
468.392
466.303
464.173
461.966
459.651
457.233
454.753
452.291
449.928
447.707
445.609
443.561
441.475
439.269
436.912
434.41
431.783
429.044
426.201
423.27
420.27
417.216
414.118
410.978
407.806
404.586
401.319
398.057
394.854
391.495
387.424
382.286
377.464
374.27
372.283
369.818
366.692
362.716
357.151
349.517
340.22
331.613
323.754
315.478
306.498
296.8
286.65
276.559
267.222
259.228
253.061
248.974
246.959
246.843
248.207
250.506
253.151
255.651
257.638
258.866
259.157
258.388
256.627
254.069
250.983
247.553
699.537
697.3
695.059
692.82
690.587
688.359
686.125
683.886
681.642
679.393
677.142
674.886
672.627
670.362
668.093
665.819
663.54
661.258
658.974
656.688
654.4
652.113
649.827
647.542
645.26
642.981
640.703
638.426
636.148
633.863
631.569
629.257
626.922
624.556
622.151
619.7
617.196
614.631
612.002
609.305
606.538
603.701
600.796
597.824
594.789
591.695
588.545
585.345
582.099
578.813
575.49
572.138
568.763
565.375
561.984
558.602
555.242
551.919
548.646
545.44
542.315
539.289
536.366
533.549
530.851
528.304
525.931
523.724
521.63
519.577
517.543
515.546
513.631
511.876
510.348
509.05
507.946
506.995
506.178
505.486
504.922
504.486
504.166
503.926
503.706
503.437
503.065
502.565
501.935
501.187
500.337
499.402
498.398
497.345
496.268
495.184
494.099
493.012
491.918
490.816
489.704
488.575
487.418
486.226
484.998
483.728
482.4
480.988
479.466
477.817
476.041
474.147
472.154
470.096
468.014
465.928
463.816
461.601
459.225
456.689
454.064
451.491
449.106
446.976
445.062
443.225
441.324
439.27
437.011
434.562
431.96
429.226
426.376
423.432
420.417
417.354
414.254
411.112
407.949
404.759
401.528
398.329
395.253
391.958
387.934
382.963
378.187
374.742
372.005
368.715
365.008
360.832
355.583
348.434
339.517
331.398
324.386
316.982
308.844
299.834
290.243
280.612
271.599
263.786
257.605
253.348
251.008
250.449
251.305
253.079
255.239
257.333
258.991
259.913
259.885
258.827
256.903
254.317
251.296
247.961
700.035
697.853
695.658
693.454
691.241
689.017
686.788
684.554
682.316
680.073
677.826
675.573
673.314
671.051
668.782
666.508
664.229
661.946
659.659
657.368
655.073
652.775
650.474
648.169
645.862
643.551
641.234
638.911
636.579
634.235
631.877
629.503
627.108
624.69
622.243
619.763
617.244
614.682
612.074
609.415
606.704
603.941
601.124
598.256
595.341
592.38
589.379
586.34
583.266
580.161
577.028
573.869
570.688
567.491
564.283
561.073
557.871
554.691
551.548
548.46
545.445
542.519
539.694
536.98
534.388
531.92
529.575
527.341
525.184
523.075
521.002
518.965
516.977
515.066
513.264
511.593
510.058
508.666
507.431
506.383
505.571
505.032
504.754
504.657
504.621
504.52
504.267
503.83
503.21
502.422
501.486
500.428
499.279
498.075
496.848
495.62
494.398
493.183
491.972
490.766
489.567
488.374
487.185
485.996
484.8
483.578
482.296
480.913
479.394
477.718
475.883
473.907
471.824
469.699
467.607
465.575
463.533
461.322
458.832
456.061
453.138
450.346
447.922
445.952
444.337
442.839
441.228
439.363
437.21
434.816
432.228
429.48
426.605
423.634
420.595
417.515
414.407
411.262
408.115
404.953
401.748
398.631
395.689
392.438
388.478
383.783
379.153
375.34
371.898
367.984
363.644
358.947
353.702
346.885
338.219
330.864
325.083
318.656
311.209
302.734
293.49
284.094
275.206
267.44
261.189
256.717
254.17
253.307
253.804
255.197
257.008
258.786
260.13
260.73
260.377
259.116
257.124
254.567
251.613
248.331
700.22
698.054
695.877
693.695
691.509
689.32
687.126
684.921
682.706
680.481
678.248
676.008
673.762
671.509
669.25
666.986
664.716
662.44
660.158
657.869
655.573
653.268
650.955
648.633
646.304
643.966
641.62
639.265
636.9
634.524
632.135
629.732
627.313
624.874
622.413
619.925
617.407
614.856
612.269
609.644
606.979
604.275
601.531
598.747
595.927
593.071
590.182
587.262
584.313
581.336
578.333
575.304
572.252
569.179
566.087
562.983
559.873
556.773
553.7
550.676
547.725
544.868
542.128
539.516
537.036
534.677
532.418
530.231
528.091
525.978
523.875
521.767
519.651
517.534
515.431
513.359
511.34
509.418
507.668
506.2
505.152
504.636
504.633
504.959
505.346
505.573
505.525
505.181
504.56
503.693
502.616
501.379
500.039
498.65
497.258
495.889
494.546
493.219
491.897
490.578
489.269
487.988
486.759
485.6
484.501
483.412
482.259
480.963
479.476
477.778
475.855
473.73
471.465
469.224
467.17
465.328
463.48
461.314
458.65
455.45
451.992
448.812
446.273
444.552
443.428
442.464
441.251
439.605
437.546
435.177
432.57
429.78
426.861
423.846
420.77
417.668
414.548
411.405
408.273
405.121
401.922
398.881
396.006
392.748
388.796
384.325
379.808
375.759
371.922
367.696
362.856
357.5
351.815
344.873
335.962
329.625
325.76
320.619
313.53
305.27
296.17
286.887
278.057
270.283
263.97
259.391
256.648
255.554
255.794
256.916
258.445
259.922
260.954
261.258
260.686
259.327
257.331
254.812
251.902
248.634
700.421
698.287
696.131
693.969
691.799
689.618
687.424
685.225
683.018
680.801
678.575
676.34
674.098
671.847
669.588
667.321
665.046
662.764
660.474
658.177
655.871
653.556
651.234
648.902
646.562
644.214
641.855
639.487
637.108
634.717
632.313
629.894
627.46
625.01
622.54
620.051
617.539
615.002
612.437
609.842
607.215
604.554
601.862
599.139
596.386
593.607
590.801
587.971
585.117
582.238
579.333
576.398
573.432
570.435
567.409
564.354
561.278
558.192
555.115
552.076
549.118
546.284
543.609
541.107
538.766
536.546
534.402
532.301
530.221
528.146
526.052
523.913
521.705
519.416
517.047
514.608
512.098
509.551
507.097
505.01
503.65
503.256
503.771
504.808
505.861
506.562
506.78
506.535
505.89
504.902
503.639
502.183
500.621
499.034
497.48
495.991
494.566
493.173
491.777
490.357
488.928
487.535
486.249
485.124
484.155
483.252
482.282
481.122
479.707
478.001
475.974
473.633
471.068
468.628
466.663
465.186
463.683
461.632
458.753
454.905
450.673
446.963
444.31
442.895
442.454
442.133
441.358
439.929
437.944
435.573
432.922
430.075
427.103
424.041
420.923
417.792
414.658
411.518
408.387
405.232
402.04
399.053
396.199
392.903
388.943
384.619
380.179
375.932
371.895
367.598
362.493
356.63
350.269
343.031
333.373
328.025
326.444
322.983
315.873
307.445
298.236
288.942
280.133
272.356
266.023
261.405
258.518
257.251
257.288
258.185
259.471
260.686
261.47
261.587
260.905
259.514
257.531
255.03
252.142
248.874
700.461
698.326
696.197
694.052
691.896
689.728
687.551
685.363
683.166
680.96
678.744
676.516
674.279
672.032
669.776
667.513
665.241
662.961
660.673
658.377
656.072
653.758
651.435
649.102
646.759
644.405
642.039
639.662
637.272
634.869
632.454
630.027
627.587
625.133
622.662
620.174
617.665
615.136
612.583
610.007
607.406
604.781
602.132
599.461
596.77
594.059
591.328
588.578
585.805
583.008
580.185
577.332
574.438
571.499
568.509
565.471
562.382
559.253
556.112
552.997
549.972
547.121
544.51
542.153
540
537.964
535.972
533.987
531.998
529.996
527.954
525.828
523.563
521.123
518.515
515.724
512.68
509.369
505.894
502.781
500.889
500.754
502.168
504.316
506.313
507.639
508.178
508.036
507.336
506.174
504.661
502.925
501.089
499.269
497.553
495.977
494.512
493.083
491.617
490.084
488.511
486.979
485.624
484.555
483.771
483.128
482.403
481.423
480.111
478.42
476.261
473.577
470.51
467.774
465.986
465.118
464.192
462.399
459.216
454.371
449.007
444.563
441.782
440.941
441.4
441.849
441.566
440.349
438.41
436.006
433.288
430.368
427.334
424.219
421.055
417.896
414.747
411.595
408.448
405.285
402.111
399.176
396.336
392.985
388.994
384.775
380.389
375.946
371.724
367.412
362.266
356.164
349.313
341.207
331.749
326.934
327.666
325.778
318.403
309.571
299.985
290.52
281.651
273.855
267.498
262.823
259.859
258.47
258.348
259.065
260.157
261.189
261.818
261.831
261.095
259.688
257.705
255.204
252.326
249.061
700.557
698.447
696.313
694.169
692.016
689.853
687.679
685.494
683.298
681.091
678.874
676.647
674.411
672.165
669.911
667.648
665.376
663.095
660.806
658.507
656.2
653.882
651.554
649.216
646.867
644.509
642.14
639.762
637.373
634.975
632.564
630.141
627.703
625.248
622.774
620.282
617.771
615.243
612.699
610.138
607.561
604.968
602.358
599.734
597.096
594.446
591.781
589.1
586.4
583.676
580.922
578.136
575.312
572.431
569.472
566.423
563.278
560.044
556.758
553.486
550.335
547.448
544.932
542.779
540.87
539.055
537.242
535.403
533.549
531.671
529.729
527.656
525.365
522.824
520.036
516.898
513.2
508.829
503.889
499.289
496.638
496.962
499.8
503.566
506.83
508.925
509.821
509.744
508.933
507.538
505.721
503.65
501.49
499.401
497.513
495.877
494.418
492.985
491.452
489.771
487.991
486.267
484.832
483.859
483.331
483.021
482.596
481.841
480.689
479.068
476.756
473.537
469.671
466.588
465.094
465.027
464.868
463.539
460.041
453.913
447.158
441.846
438.975
438.907
440.382
441.65
441.867
440.848
438.929
436.462
433.653
430.65
427.552
424.379
421.167
417.98
414.82
411.655
408.477
405.288
402.135
399.253
396.425
393.029
389.015
384.886
380.538
375.9
371.489
367.148
362.045
355.947
348.976
340.848
331.762
327.522
329.734
328.659
321.009
311.584
301.56
291.832
282.82
274.956
268.554
263.814
260.795
259.321
259.088
259.68
260.643
261.555
262.087
262.029
261.266
259.833
257.84
255.334
252.464
249.209
700.589
698.483
696.361
694.224
692.075
689.914
687.741
685.557
683.363
681.159
678.946
676.724
674.491
672.249
669.998
667.738
665.468
663.189
660.9
658.602
656.295
653.976
651.647
649.307
646.955
644.593
642.22
639.839
637.449
635.049
632.638
630.215
627.778
625.325
622.856
620.37
617.867
615.347
612.811
610.26
607.696
605.121
602.537
599.944
597.345
594.741
592.131
589.515
586.888
584.249
581.587
578.89
576.146
573.332
570.417
567.364
564.142
560.739
557.189
553.6
550.208
547.279
544.943
543.101
541.501
539.929
538.292
536.596
534.889
533.17
531.389
529.411
527.121
524.624
521.931
518.604
514.108
508.066
500.576
493.803
490.35
491.614
496.603
502.592
507.4
510.351
511.626
511.621
510.674
508.996
506.809
504.328
501.771
499.37
497.319
495.682
494.306
492.933
491.356
489.496
487.42
485.387
483.824
482.994
482.829
482.915
482.777
482.252
481.356
479.968
477.568
473.572
468.557
465.058
464.083
464.932
465.706
464.902
461.098
453.703
445.731
439.737
436.845
437.428
439.712
441.638
442.254
441.38
439.452
436.905
433.998
430.914
427.751
424.517
421.254
418.042
414.879
411.701
408.478
405.253
402.123
399.283
396.452
393.035
389.046
385.017
380.72
375.929
371.323
366.88
361.83
355.877
349.079
341.399
333.145
329.337
332.121
331.265
323.416
313.33
302.943
292.939
283.762
275.807
269.353
264.57
261.494
259.952
259.638
260.141
261.014
261.842
262.303
262.189
261.398
259.943
257.939
255.43
252.565
249.326
700.612
698.511
696.394
694.264
692.121
689.964
687.796
685.615
683.423
681.22
679.005
676.78
674.547
672.305
670.054
667.794
665.525
663.246
660.958
658.659
656.35
654.03
651.701
649.362
647.012
644.652
642.281
639.899
637.506
635.102
632.685
630.257
627.815
625.36
622.891
620.408
617.91
615.399
612.876
610.342
607.798
605.246
602.687
600.122
597.555
594.985
592.415
589.846
587.276
584.702
582.12
579.514
576.869
574.148
571.306
568.282
564.994
561.402
557.482
553.366
549.567
546.596
544.584
543.204
541.997
540.687
539.207
537.637
536.061
534.502
532.922
531.016
528.7
526.394
524.198
521.258
516.231
507.777
496.052
485.917
481.675
484.801
492.865
501.603
508.297
512.187
513.735
513.647
512.512
510.499
507.888
504.926
501.902
499.149
496.947
495.379
494.166
492.944
491.398
489.365
486.891
484.426
482.701
482.041
482.312
482.836
482.958
482.543
481.839
480.916
478.589
473.778
467.434
463.368
462.79
464.68
466.308
465.987
461.861
453.647
445.106
438.87
436.004
436.885
439.583
441.873
442.701
441.887
439.922
437.287
434.291
431.134
427.91
424.62
421.32
418.092
414.924
411.725
408.45
405.192
402.085
399.277
396.434
393.007
389.08
385.167
380.925
376.037
371.258
366.685
361.659
355.894
349.369
342.251
334.982
331.352
333.914
333.279
325.302
314.76
304.067
293.835
284.508
276.462
269.958
265.144
262.021
260.426
260.051
260.488
261.294
262.058
262.465
262.308
261.492
260.023
258.007
255.5
252.636
249.42
700.626
698.529
696.416
694.288
692.146
689.989
687.819
685.637
683.442
681.237
679.023
676.799
674.568
672.33
670.083
667.827
665.562
663.287
661.001
658.705
656.397
654.077
651.745
649.402
647.049
644.686
642.313
639.931
637.539
635.137
632.723
630.297
627.857
625.403
622.934
620.452
617.957
615.449
612.931
610.404
607.869
605.329
602.786
600.242
597.7
595.161
592.628
590.104
587.59
585.087
582.591
580.092
577.57
574.971
572.235
569.247
565.879
562.049
557.618
552.779
548.458
545.477
543.936
543.16
542.422
541.391
540.045
538.597
537.16
535.79
534.396
532.348
529.94
528.01
526.497
524.57
519.956
509.268
492.243
477.757
472.695
478.105
489.364
500.706
509.214
514.097
515.933
515.688
514.302
511.94
508.926
505.495
501.992
498.866
496.51
495.045
494.016
492.985
491.552
489.409
486.536
483.543
481.605
481.16
481.882
482.749
483.02
482.738
482.309
481.536
479.293
474.069
466.995
462.702
462.182
464.365
466.338
466.22
461.902
453.714
445.112
438.877
436.071
437.04
439.857
442.269
443.132
442.299
440.28
437.572
434.506
431.29
428.009
424.682
421.355
418.128
414.966
411.75
408.42
405.124
402.034
399.258
396.399
392.964
389.095
385.286
381.093
376.156
371.245
366.545
361.543
355.936
349.633
342.991
336.416
332.735
334.733
334.454
326.576
315.898
304.94
294.521
285.067
276.945
270.398
265.553
262.398
260.765
260.346
260.736
261.493
262.211
262.577
262.39
261.557
260.078
258.053
255.549
252.683
249.497
700.623
698.532
696.424
694.301
692.162
690.008
687.841
685.659
683.464
681.257
679.039
676.812
674.578
672.338
670.092
667.838
665.575
663.303
661.02
658.726
656.419
654.1
651.769
649.425
647.07
644.704
642.328
639.945
637.552
635.149
632.734
630.308
627.869
625.416
622.949
620.469
617.976
615.473
612.961
610.442
607.919
605.392
602.864
600.337
597.813
595.297
592.794
590.31
587.845
585.407
582.993
580.608
578.228
575.798
573.265
570.394
566.994
562.792
557.437
551.67
546.893
544.051
543.066
542.946
542.723
541.965
540.74
539.389
538.136
537.209
535.907
533.222
530.6
529.302
528.464
527.198
523.648
511.502
491.282
474.582
468.781
475.185
487.736
500.429
510.031
515.563
517.6
517.406
515.592
512.971
509.7
505.956
502.111
498.718
496.249
494.892
493.922
492.972
491.646
489.533
486.454
483.157
481.135
480.778
481.713
482.705
482.849
482.419
482.305
482.05
479.606
474.141
467.101
462.768
462.159
464.386
466.068
465.657
461.57
453.94
445.528
439.366
436.622
437.55
440.293
442.677
443.476
442.588
440.518
437.753
434.639
431.385
428.08
424.724
421.372
418.126
414.987
411.767
408.397
405.067
401.975
399.222
396.358
392.922
389.108
385.36
381.189
376.233
371.238
366.449
361.474
355.977
349.813
343.506
337.399
333.53
334.885
334.782
327.368
316.745
305.613
295.032
285.47
277.284
270.702
265.833
262.654
260.995
260.546
260.903
261.626
262.313
262.652
262.445
261.598
260.115
258.081
255.583
252.712
249.56
700.629
698.539
696.432
694.309
692.17
690.016
687.847
685.663
683.465
681.257
679.04
676.817
674.586
672.349
670.104
667.854
665.596
663.327
661.044
658.749
656.44
654.116
651.779
649.43
647.071
644.704
642.328
639.946
637.556
635.157
632.746
630.323
627.885
625.432
622.965
620.485
617.993
615.489
612.978
610.461
607.942
605.423
602.905
600.392
597.886
595.39
592.912
590.457
588.033
585.649
583.304
581.024
578.775
576.552
574.292
571.698
568.585
563.914
556.875
549.678
544.699
542.52
542.37
542.895
543.06
542.441
541.235
539.839
538.693
538.721
537.463
533.562
530.648
529.607
529.988
529.218
524.082
512.346
492.35
475.207
469.688
475.666
488.116
500.902
510.616
516.232
518.24
517.911
516.103
513.463
510.158
506.314
502.342
498.836
496.24
494.964
493.961
493.017
491.657
489.499
486.428
483.116
481.075
480.741
481.709
482.75
482.892
482.428
482.084
481.458
479.153
474.199
467.588
463.345
462.609
464.566
465.863
464.866
461.172
454.288
446.136
439.997
437.261
438.106
440.723
442.978
443.706
442.762
440.649
437.847
434.708
431.433
428.105
424.739
421.385
418.158
415.012
411.764
408.349
405.008
401.941
399.208
396.331
392.896
389.122
385.402
381.228
376.26
371.206
366.375
361.442
356.009
349.922
343.844
338.04
333.939
334.706
334.634
327.726
317.293
306.114
295.407
285.752
277.513
270.901
266.011
262.819
261.142
260.673
261.008
261.71
262.376
262.698
262.478
261.623
260.137
258.096
255.604
252.725
249.615
700.625
698.543
696.443
694.325
692.191
690.038
687.867
685.679
683.475
681.257
679.028
676.792
674.552
672.31
670.068
667.823
665.572
663.313
661.043
658.756
656.452
654.13
651.791
649.437
647.072
644.699
642.322
639.939
637.549
635.15
632.741
630.32
627.885
625.435
622.971
620.492
618
615.498
612.988
610.473
607.957
605.441
602.928
600.424
597.929
595.45
592.996
590.561
588.177
585.833
583.552
581.37
579.221
577.223
575.247
573.031
570.701
565.822
556.694
547.18
541.659
540.424
541.637
542.977
543.505
542.883
541.506
539.914
538.674
539.189
538.202
533.6
530.3
529.217
528.427
527.437
524.028
513.864
494.719
477.707
471.508
477.073
488.941
501.288
510.733
516.243
518.22
517.886
516.026
513.337
510.079
506.398
502.572
499.157
496.567
495.057
493.933
492.848
491.455
489.417
486.518
483.35
481.363
480.953
481.783
482.655
482.785
482.461
482.145
481.258
478.696
474.196
468.069
464.027
463.276
464.939
465.832
464.38
460.924
454.658
446.73
440.542
437.773
438.531
441.03
443.17
443.83
442.844
440.703
437.884
434.733
431.454
428.13
424.751
421.373
418.137
415.022
411.789
408.353
404.99
401.924
399.21
396.326
392.89
389.131
385.413
381.23
376.268
371.192
366.344
361.439
356.031
349.977
344.049
338.438
334.143
334.446
334.306
327.789
317.536
306.417
295.664
285.94
277.657
271.023
266.125
262.915
261.226
260.744
261.067
261.756
262.411
262.722
262.495
261.634
260.148
258.102
255.615
252.725
249.653
700.623
698.541
696.44
694.321
692.185
690.031
687.859
685.67
683.465
681.247
679.02
676.787
674.551
672.314
670.075
667.832
665.582
663.322
661.049
658.759
656.452
654.126
651.784
649.429
647.064
644.692
642.316
639.936
637.55
635.156
632.749
630.329
627.894
625.442
622.975
620.493
617.999
615.495
612.986
610.473
607.96
605.448
602.939
600.44
597.95
595.479
593.03
590.606
588.238
585.906
583.663
581.508
579.415
577.525
575.615
573.702
571.6
566.805
558.138
548.102
542.084
540.38
541.331
542.727
543.278
542.772
541.517
539.962
538.726
539.003
537.614
533.747
530.881
529.599
528.965
527.785
523.925
514.356
496.301
479.987
473.53
478.38
489.536
501.446
510.621
515.997
517.959
517.663
515.897
513.268
510.046
506.405
502.649
499.286
496.718
495.165
493.983
492.812
491.352
489.331
486.559
483.506
481.555
481.136
481.918
482.715
482.799
482.486
482.162
481.166
478.551
474.202
468.311
464.352
463.58
465.185
465.923
464.254
460.821
454.828
447.066
440.874
438.047
438.724
441.162
443.245
443.863
442.865
440.708
437.888
434.738
431.455
428.124
424.751
421.386
418.159
415.022
411.767
408.343
405.001
401.943
399.225
396.326
392.886
389.133
385.416
381.224
376.256
371.186
366.344
361.445
356.04
349.999
344.145
338.599
334.238
334.393
334.199
327.671
317.506
306.471
295.769
286.025
277.723
271.077
266.172
262.955
261.26
260.773
261.09
261.773
262.423
262.73
262.499
261.636
260.149
258.101
255.617
252.725
249.66
228.481
225.241
221.325
217.162
212.963
208.688
204.09
199.012
193.341
187.053
180.156
172.656
164.559
155.86
146.554
136.629
126.069
114.829
102.858
90.0669
76.399
61.7352
46.0521
29.0072
10.3701
228.495
225.172
221.196
217.01
212.8
208.523
203.927
198.843
193.162
186.861
179.954
172.449
164.348
155.645
146.336
136.41
125.849
114.608
102.635
89.8434
76.1762
61.5148
45.8346
28.7985
10.2059
228.628
225.136
221.039
216.771
212.543
208.278
203.7
198.628
192.952
186.655
179.749
172.245
164.144
155.441
146.131
136.203
125.641
114.399
102.426
89.6335
75.9677
61.31
45.6368
28.6146
10.0831
228.905
225.208
220.943
216.554
212.283
208.02
203.46
198.402
192.736
186.447
179.546
172.044
163.943
155.237
145.924
135.993
125.427
114.182
102.208
89.4147
75.7502
61.0972
45.4297
28.4263
9.96309
229.291
225.339
220.861
216.319
211.991
207.73
203.192
198.153
192.502
186.228
179.339
171.845
163.748
155.042
145.727
135.793
125.224
113.977
102.001
89.2101
75.5509
60.9064
45.2511
28.2699
9.87824
229.742
225.531
220.826
216.106
211.706
207.44
202.918
197.893
192.259
186.001
179.129
171.647
163.557
154.854
145.537
135.6
125.027
113.776
101.798
89.0072
75.3511
60.7128
45.0667
28.1089
9.79588
230.218
225.751
220.79
215.923
211.441
207.16
202.648
197.633
192.01
185.769
178.914
171.448
163.368
154.67
145.355
135.416
124.839
113.583
101.603
88.8123
75.1605
60.5311
44.899
27.9686
9.73103
230.667
225.989
220.837
215.793
211.208
206.898
202.391
197.383
191.767
185.538
178.699
171.248
163.18
154.491
145.18
135.241
124.66
113.401
101.417
88.6263
74.9777
60.3556
44.7352
27.8315
9.66941
231.051
226.226
220.925
215.721
211.025
206.669
202.151
197.145
191.535
185.314
178.486
171.049
162.995
154.316
145.011
135.073
124.491
113.226
101.239
88.4488
74.8036
60.1888
44.5814
27.7068
9.61682
231.349
226.442
221.049
215.73
210.926
206.498
201.944
196.923
191.314
185.101
178.281
170.854
162.812
154.144
144.847
134.913
124.329
113.061
101.071
88.2813
74.6395
60.0315
44.4358
27.589
9.56675
231.562
226.631
221.209
215.819
210.913
206.393
201.776
196.723
191.107
184.899
178.087
170.667
162.634
153.976
144.688
134.759
124.175
112.904
100.913
88.1231
74.4844
59.8829
44.2983
27.4797
9.52133
231.707
226.799
221.399
215.978
210.981
206.357
201.655
196.55
190.916
184.71
177.904
170.491
162.464
153.814
144.534
134.61
124.028
112.756
100.763
87.9744
74.3393
59.7442
44.17
27.3786
9.47856
231.808
226.955
221.614
216.197
211.126
206.388
201.582
196.407
190.743
184.534
177.733
170.325
162.303
153.659
144.385
134.466
123.887
112.615
100.622
87.8352
74.2039
59.6151
44.0507
27.2851
9.43878
231.885
227.108
221.851
216.464
211.334
206.477
201.555
196.297
190.592
184.372
177.574
170.171
162.153
153.512
144.243
134.329
123.753
112.483
100.49
87.7054
74.078
59.4958
43.9406
27.1995
9.40171
231.955
227.265
222.106
216.766
211.588
206.615
201.57
196.22
190.464
184.226
177.428
170.028
162.012
153.374
144.107
134.198
123.626
112.358
100.367
87.5851
73.962
59.3861
43.8398
27.1214
9.36733
232.032
227.435
222.376
217.093
211.878
206.792
201.621
196.172
190.359
184.098
177.295
169.896
161.882
153.245
143.98
134.073
123.505
112.241
100.252
87.4739
73.8552
59.2856
43.7478
27.0504
9.33573
232.125
227.621
222.66
217.435
212.192
207.001
201.704
196.152
190.277
183.987
177.176
169.776
161.763
153.125
143.86
133.956
123.392
112.131
100.146
87.3716
73.7576
59.1941
43.6644
26.9862
9.30677
232.24
227.825
222.954
217.785
212.52
207.233
201.812
196.158
190.218
183.895
177.071
169.668
161.653
153.014
143.749
133.846
123.285
112.029
100.049
87.2783
73.669
59.1113
43.589
26.9284
9.28038
232.381
228.046
223.257
218.138
212.854
207.478
201.941
196.187
190.18
183.821
176.98
169.571
161.554
152.914
143.647
133.744
123.187
111.935
99.9596
87.194
73.5893
59.0371
43.5215
26.8768
9.25646
232.549
228.285
223.566
218.491
213.189
207.731
202.086
196.235
190.163
183.766
176.905
169.487
161.465
152.822
143.554
133.651
123.096
111.849
99.8791
87.1185
73.5183
58.9712
43.4618
26.831
9.23501
232.745
228.542
223.881
218.839
213.52
207.989
202.245
196.302
190.165
183.729
176.846
169.415
161.387
152.741
143.471
133.568
123.014
111.772
99.8074
87.0518
73.4559
58.9137
43.4097
26.7911
9.21605
232.969
228.814
224.199
219.183
213.847
208.25
202.414
196.386
190.185
183.71
176.802
169.356
161.32
152.669
143.397
133.493
122.942
111.704
99.7445
86.9937
73.4018
58.8641
43.365
26.7569
9.19964
233.22
229.101
224.521
219.523
214.167
208.512
202.596
196.484
190.223
183.708
176.775
169.311
161.264
152.608
143.332
133.428
122.878
111.645
99.6903
86.9439
73.3558
58.8223
43.3276
26.7283
9.18585
233.497
229.403
224.847
219.859
214.484
208.775
202.784
196.597
190.279
183.724
176.763
169.279
161.22
152.556
143.278
133.372
122.825
111.595
99.6448
86.9022
73.3174
58.7881
43.2973
26.7051
9.17469
233.799
229.72
225.179
220.194
214.798
209.041
202.979
196.723
190.351
183.758
176.766
169.261
161.188
152.516
143.233
133.327
122.78
111.554
99.6077
86.8682
73.2865
58.7611
43.274
26.6873
9.16618
234.125
230.053
225.518
220.53
215.111
209.309
203.184
196.863
190.44
183.808
176.786
169.257
161.167
152.486
143.198
133.291
122.745
111.522
99.5786
86.8417
73.2629
58.7413
43.2576
26.6749
9.16025
234.474
230.402
225.868
220.871
215.428
209.583
203.398
197.017
190.546
183.875
176.82
169.266
161.158
152.466
143.174
133.265
122.72
111.498
99.5572
86.8225
73.2466
58.7288
43.2482
26.6679
9.15684
234.884
230.808
226.268
221.253
215.782
209.892
203.644
197.202
190.68
183.967
176.875
169.29
161.161
152.456
143.157
133.246
122.701
111.481
99.542
86.8093
73.2367
58.7232
43.2455
26.6662
9.15579
235.366
231.28
226.725
221.683
216.18
210.241
203.928
197.425
190.851
184.091
176.955
169.335
161.18
152.46
143.153
133.239
122.694
111.474
99.5362
86.8055
73.2368
58.7279
43.2527
26.6723
9.15811
235.884
231.786
227.207
222.131
216.592
210.603
204.229
197.67
191.047
184.237
177.056
169.398
161.216
152.478
143.163
133.245
122.698
111.478
99.541
86.8126
73.2484
58.7438
43.2705
26.6863
9.16375
236.441
232.327
227.714
222.596
217.019
210.979
204.549
197.937
191.266
184.406
177.177
169.479
161.267
152.51
143.186
133.264
122.715
111.494
99.557
86.8313
73.2718
58.7714
43.2988
26.7085
9.17261
237.036
232.9
228.239
223.075
217.458
211.37
204.886
198.228
191.51
184.597
177.316
169.577
161.334
152.558
143.223
133.295
122.744
111.521
99.5847
86.8622
73.3077
58.8108
43.3378
26.7389
9.1846
237.665
233.494
228.777
223.567
217.912
211.777
205.244
198.542
191.776
184.808
177.475
169.691
161.416
152.62
143.273
133.339
122.784
111.561
99.6251
86.906
73.3565
58.8622
43.3878
26.7777
9.19967
238.319
234.098
229.32
224.068
218.38
212.201
205.622
198.88
192.065
185.038
177.65
169.822
161.515
152.697
143.338
133.397
122.838
111.614
99.6789
86.9633
73.4185
58.9258
43.4488
26.8248
9.21781
238.98
234.697
229.863
224.582
218.865
212.644
206.021
199.239
192.373
185.285
177.841
169.968
161.628
152.79
143.417
133.468
122.906
111.68
99.7466
87.0345
73.4936
59.0016
43.5208
26.8806
9.2391
239.626
235.281
230.408
225.111
219.37
213.105
206.44
199.619
192.697
185.547
178.047
170.129
161.757
152.897
143.511
133.554
122.987
111.76
99.8287
87.1195
73.5818
59.0894
43.6042
26.9453
9.2636
240.239
235.846
230.956
225.658
219.895
213.582
206.877
200.015
193.036
185.822
178.264
170.302
161.9
153.02
143.62
133.654
123.083
111.855
99.925
87.2182
73.6829
59.1893
43.6989
27.0191
9.29187
240.809
236.393
231.512
226.225
220.436
214.073
207.328
200.424
193.385
186.105
178.491
170.486
162.055
153.156
143.743
133.768
123.193
111.964
100.035
87.3303
73.7968
59.3011
43.8051
27.1024
9.32356
241.337
236.932
232.083
226.811
220.987
214.573
207.789
200.84
193.739
186.395
178.726
170.681
162.223
153.305
143.879
133.896
123.317
112.087
100.159
87.4554
73.9234
59.425
43.9229
27.1956
9.35903
241.836
237.474
232.674
227.412
221.541
215.075
208.254
201.257
194.094
186.687
178.967
170.886
162.402
153.466
144.028
134.038
123.455
112.223
100.297
87.5934
74.0627
59.561
44.0526
27.299
9.39829
242.329
238.033
233.287
228.018
222.086
215.573
208.716
201.672
194.447
186.981
179.213
171.098
162.592
153.639
144.19
134.193
123.607
112.373
100.447
87.7442
74.2148
59.7092
44.1942
27.4134
9.4422
242.839
238.622
233.916
228.611
222.614
216.059
209.17
202.078
194.795
187.274
179.464
171.319
162.791
153.824
144.364
134.36
123.771
112.536
100.611
87.9079
74.3796
59.8695
44.3481
27.5381
9.49094
243.36
239.211
234.515
229.151
223.095
216.508
209.59
202.456
195.122
187.554
179.707
171.537
162.992
154.011
144.542
134.532
123.941
112.704
100.78
88.0768
74.5495
60.0344
44.507
27.6697
9.54401
243.861
239.754
235.034
229.606
223.507
216.9
209.96
202.789
195.413
187.808
179.933
171.742
163.182
154.189
144.713
134.698
124.105
112.868
100.945
88.2408
74.714
60.194
44.6611
27.7987
9.59876
244.318
240.228
235.468
229.986
223.86
217.241
210.282
203.083
195.673
188.038
180.14
171.931
163.359
154.357
144.875
134.857
124.262
113.025
101.102
88.3977
74.8715
60.3464
44.8085
27.9248
9.65545
244.713
240.626
235.825
230.305
224.164
217.537
210.565
203.341
195.905
188.246
180.329
172.106
163.523
154.514
145.028
135.007
124.412
113.173
101.252
88.5469
75.0206
60.4909
44.9482
28.0455
9.71371
245.042
240.957
236.12
230.576
224.427
217.797
210.813
203.57
196.113
188.434
180.501
172.266
163.675
154.659
145.171
135.147
124.552
113.314
101.393
88.688
75.1616
60.6276
45.0801
28.1614
9.77381
245.318
241.235
236.368
230.808
224.657
218.026
211.032
203.774
196.3
188.604
180.657
172.412
163.814
154.794
145.304
135.279
124.684
113.446
101.526
88.8205
75.2934
60.756
45.2034
28.2706
9.83531
245.556
241.471
236.579
231.01
224.861
218.227
211.225
203.955
196.467
188.758
180.799
172.545
163.941
154.919
145.427
135.402
124.806
113.569
101.65
88.9452
75.4173
60.8767
45.3189
28.3744
9.8983
245.767
241.673
236.759
231.188
225.041
218.406
211.397
204.117
196.616
188.896
180.927
172.666
164.058
155.034
145.541
135.516
124.921
113.684
101.765
89.061
75.5321
60.9893
45.4256
28.4705
9.96225
245.96
241.847
236.916
231.346
225.201
218.563
211.549
204.261
196.75
189.02
181.043
172.777
164.166
155.14
145.647
135.622
125.027
113.791
101.872
89.1711
75.6393
61.0948
45.5253
28.5615
10.0272
246.137
241.996
237.054
231.487
225.342
218.702
211.684
204.389
196.87
189.132
181.148
172.878
164.265
155.238
145.745
135.72
125.124
113.889
101.97
89.271
75.7375
61.1918
45.6154
28.6438
10.0924
246.303
242.126
237.176
231.612
225.468
218.827
211.804
204.504
196.978
189.232
181.244
172.971
164.356
155.33
145.835
135.812
125.216
113.982
102.063
89.3667
75.8303
61.2838
45.7011
28.7227
10.1584
246.458
242.238
237.286
231.724
225.577
218.932
211.909
204.604
197.073
189.324
181.332
173.057
164.44
155.414
145.918
135.895
125.299
114.067
102.146
89.4522
75.9132
61.3665
45.7765
28.7925
10.2222
246.604
242.334
237.384
231.824
225.682
219.033
212.006
204.697
197.162
189.409
181.415
173.138
164.52
155.493
145.997
135.973
125.376
114.144
102.224
89.5329
75.9913
61.4447
45.8483
28.8594
10.2879
246.744
242.42
237.469
231.908
225.76
219.111
212.084
204.775
197.239
189.484
181.489
173.211
164.592
155.565
146.067
136.045
125.447
114.209
102.294
89.6061
76.0618
61.5153
45.9101
28.9136
10.3499
246.808
242.49
237.543
231.982
225.837
219.189
212.162
204.851
197.311
189.554
181.557
173.278
164.657
155.63
146.13
136.101
125.491
114.254
102.339
89.6556
76.1136
61.5612
45.9454
28.9417
10.4087
)
;

boundaryField
{
    inlet
    {
        type            zeroGradient;
    }
    outlet
    {
        type            fixedValue;
        value           uniform 0;
    }
    upperWall
    {
        type            zeroGradient;
    }
    lowerWall
    {
        type            zeroGradient;
    }
    frontAndBack
    {
        type            empty;
    }
}


// ************************************************************************* //
