/*--------------------------------*- C++ -*----------------------------------*\
  =========                 |
  \\      /  F ield         | OpenFOAM: The Open Source CFD Toolbox
   \\    /   O peration     | Website:  https://openfoam.org
    \\  /    A nd           | Version:  9
     \\/     M anipulation  |
\*---------------------------------------------------------------------------*/
FoamFile
{
    format      ascii;
    class       volScalarField;
    location    "0.007";
    object      nut;
}
// * * * * * * * * * * * * * * * * * * * * * * * * * * * * * * * * * * * * * //

dimensions      [0 2 -1 0 0 0 0];

internalField   nonuniform List<scalar> 
12225
(
0
0
0
0
0
0
0
0
0
0
0
0
0
0
0
0
0
0
0
0
0
0
0
0
0
0
0
0
0
0
0
0
0
0
0
0
0
0
0
0
0
0
0
0
0
0
0
0
0
0
0
0
0
0
0
0
0
0
0
0
0
0
0
0
0
0
0
0
0
0
5.84098e-10
0
4.87635e-07
8.6771e-08
1.2706e-07
3.34131e-08
0
0
0
0
0
0
2.57035e-08
4.34806e-08
5.67546e-08
8.38515e-08
9.12447e-08
9.34506e-08
1.38279e-08
0
1.94722e-07
0
0
3.57915e-08
0
0
0
0
0
0
0
0
0
0
0
0
0
0
6.74523e-08
0
0
8.25294e-08
0
0
0
0
0
0
0
0
0
0
0
0
0
0
0
0
1.98476e-07
4.83177e-07
3.78835e-07
0
0
0
0
0
0
0
0
0
0
0
0
0
0
0
3.34457e-07
1.2694e-06
1.50908e-06
7.20783e-07
0
0
0
0
0
0
0
0
0
0
0
0
0
0
0
1.67307e-06
9.86124e-07
1.09324e-07
5.19864e-08
0
0
0
0
0
0
0
0
0
0
0
0
0
0
0
0
0
1.28391e-07
1.53485e-07
0
0
0
0
0
0
0
0
0
0
0
0
0
0
0
0
6.48991e-07
6.85683e-07
3.14105e-07
0
0
0
0
4.47207e-07
4.35328e-07
0
0
0
0
0
0
0
0
0
3.43594e-07
3.26909e-07
1.6727e-07
0
0
0
0
0
2.59497e-07
5.66832e-08
0
0
0
0
5.25498e-08
2.59419e-07
1.09302e-07
8.35055e-08
1.73027e-07
1.39747e-07
1.45918e-07
0
0
0
0
0
0
0
0
0
3.03272e-07
4.65769e-07
1.14138e-06
6.71262e-07
3.38175e-07
4.8714e-07
3.86592e-07
0
6.97024e-08
2.48424e-08
0
0
0
0
0
3.12412e-08
5.04597e-08
2.23725e-07
6.39775e-07
5.79399e-07
1.45981e-06
1.58405e-06
1.60443e-06
3.6387e-06
0
0
0
1.0363e-07
1.42125e-07
0
0
2.43763e-07
7.65435e-07
9.54971e-07
9.15572e-07
8.46256e-07
9.6037e-07
1.11078e-06
1.58939e-06
1.24458e-06
0
0
0
0
0
1.86498e-06
1.30389e-06
1.89764e-07
0
3.03571e-07
1.86642e-06
2.36968e-06
1.40252e-06
8.38959e-07
0
0
3.79835e-07
5.00702e-07
4.48528e-07
9.27139e-07
1.3449e-06
1.41062e-06
1.1786e-06
7.6878e-07
4.42775e-07
0
0
0
0
7.75119e-07
6.30036e-07
2.45749e-07
0
0
3.73638e-07
1.12643e-06
1.38677e-06
1.25948e-06
1.30051e-06
1.68531e-06
1.85528e-06
1.60479e-06
1.94203e-06
2.66405e-06
2.25898e-06
1.50368e-06
4.90578e-07
0
0
0
0
0
0
0
1.15172e-06
1.03238e-06
4.21061e-07
1.65156e-07
7.06746e-07
1.11858e-06
8.32197e-07
3.51828e-07
0
0
0
0
0
0
0
0
0
0
3.84069e-07
1.25071e-06
1.72717e-06
1.52118e-06
1.43162e-06
1.66815e-06
1.14842e-06
0
0
0
0
0
0
0
0
0
0
0
0
7.41997e-07
2.18532e-06
2.45895e-06
2.50568e-06
2.50982e-06
2.11288e-06
1.52808e-06
8.63625e-07
2.34382e-07
0
0
0
0
7.24278e-07
1.12915e-06
4.60703e-07
8.2313e-07
8.94864e-07
2.20754e-06
3.09836e-06
3.11809e-06
2.78652e-06
2.19936e-06
1.54322e-06
1.02283e-06
6.84383e-07
5.11229e-07
3.68569e-07
0
0
1.51246e-07
8.65683e-07
1.6676e-06
0
7.1674e-07
2.3189e-06
3.66885e-06
4.53368e-06
3.04246e-06
9.59621e-07
0
0
0
4.53898e-07
9.32566e-07
6.24254e-07
9.14632e-09
0
0
8.88721e-07
1.41815e-06
0
0
6.7772e-09
1.97688e-07
6.50821e-07
4.36617e-07
0
0
0
5.68248e-08
3.25624e-07
4.34032e-07
3.28683e-07
1.10273e-07
0
0
9.7153e-07
2.33555e-06
0
0
6.00235e-07
7.62781e-08
1.39075e-07
6.46401e-08
0
0
0
0
2.36687e-07
3.22976e-07
1.85552e-07
1.63925e-08
0
0
0
0
0
0
7.00841e-09
1.69919e-08
1.63994e-08
8.93991e-09
5.56253e-10
0
0
0
0
0
0
0
0
0
0
0
0
0
0
9.70457e-12
2.67605e-10
7.55423e-11
0
0
0
0
0
0
0
0
0
0
0
0
0
0
0
0
0
0
0
0
0
0
0
0
0
0
0
0
0
0
0
0
0
0
0
0
0
0
0
0
0
0
0
0
0
0
0
0
0
1.45905e-08
6.79703e-08
1.15418e-07
1.50241e-07
1.73571e-07
1.87914e-07
1.94763e-07
1.95985e-07
1.93801e-07
1.86433e-07
1.75336e-07
1.60907e-07
1.4422e-07
1.25989e-07
1.07138e-07
8.85812e-08
7.0633e-08
5.41536e-08
3.98114e-08
2.76675e-08
1.81856e-08
1.10575e-08
6.30976e-09
3.06004e-09
6.0707e-10
0
0
0
0
0
0
0
0
0
0
0
0
0
0
0
0
0
0
0
0
0
0
0
0
0
0
0
0
0
0
0
0
0
0
0
0
0
0
0
0
0
0
0
0
0
0
0
0
0
0
0
0
0
0
0
0
0
0
0
0
0
0
0
0
0
0
0
0
0
0
0
0
0
0
0
0
0
0
0
0
0
0
0
0
0
0
0
0
0
0
0
0
0
0
0
0
0
0
0
0
0
0
0
0
0
0
0
0
0
0
0
0
0
0
0
0
0
0
0
0
0
0
0
0
0
0
0
0
0
0
0
0
0
0
0
0
0
0
0
0
0
0
0
0
0
0
0
1.65225e-12
0
0
0
0
0
0
0
0
0
0
3.55248e-09
4.68006e-08
7.62734e-08
9.18828e-08
9.69019e-08
9.47685e-08
8.86296e-08
7.99627e-08
7.04024e-08
6.10898e-08
5.27e-08
4.5754e-08
4.01569e-08
3.56669e-08
3.18881e-08
2.87684e-08
2.56483e-08
2.22198e-08
1.83313e-08
1.37422e-08
8.31139e-09
1.94459e-09
0
0
0
0
0
0
0
0
0
0
0
0
0
0
0
0
0
0
2.20315e-08
8.65794e-08
1.04437e-07
7.95918e-08
3.43529e-08
0
0
0
0
0
0
0
0
0
0
0
0
0
0
0
0
0
0
0
0
0
0
0
0
0
0
0
0
0
0
0
0
0
0
0
0
0
0
0
0
0
0
0
0
0
0
0
0
0
0
0
0
0
0
0
0
0
0
0
0
0
0
0
0
0
0
0
0
0
0
0
0
0
0
0
0
0
0
0
0
0
0
0
0
0
0
0
0
0
0
0
0
0
0
0
0
0
0
0
0
0
0
0
0
0
0
0
0
0
0
0
0
0
0
0
0
0
0
0
0
0
0
0
0
2.09665e-13
0
0
0
0
0
0
0
0
0
0
0
0
0
0
0
0
0
0
0
0
0
0
0
0
9.94045e-09
2.09045e-08
2.78859e-08
3.00176e-08
2.72681e-08
2.05964e-08
1.1274e-08
4.70502e-11
0
0
0
0
0
0
0
0
0
2.35758e-08
7.59843e-08
1.27595e-07
1.73673e-07
2.11327e-07
2.39651e-07
2.57831e-07
2.66501e-07
2.6768e-07
2.61777e-07
2.49343e-07
2.3102e-07
2.05801e-07
1.75753e-07
1.43072e-07
1.09001e-07
7.48827e-08
4.27199e-08
1.46692e-08
0
0
0
0
0
0
0
0
0
0
0
0
0
0
0
0
0
0
0
0
0
0
0
0
0
0
0
0
0
0
0
0
0
0
0
0
0
0
0
0
0
0
0
0
0
0
0
0
0
0
0
0
0
0
0
0
0
0
0
0
0
0
0
0
0
0
0
0
0
0
0
0
0
0
0
0
0
0
0
0
0
0
0
0
0
0
0
0
0
0
0
0
0
0
0
0
0
0
0
0
0
0
0
0
0
0
0
0
0
0
0
0
0
0
0
0
0
0
0
0
0
0
0
0
0
0
0
0
0
0
0
0
0
0
0
0
0
0
0
0
0
0
0
0
0
0
0
0
0
0
0
0
0
8.14836e-08
1.93008e-07
2.92911e-07
3.76264e-07
4.41079e-07
4.86072e-07
5.13607e-07
5.27378e-07
5.27631e-07
5.1909e-07
5.02663e-07
4.8113e-07
4.55626e-07
4.28144e-07
3.99881e-07
3.70857e-07
3.42424e-07
3.15972e-07
2.91259e-07
2.67162e-07
2.42568e-07
2.18701e-07
1.9713e-07
1.77585e-07
1.59719e-07
1.43377e-07
1.28448e-07
1.14826e-07
1.0241e-07
9.11047e-08
8.08165e-08
7.14586e-08
6.29449e-08
5.52156e-08
4.82082e-08
4.18557e-08
3.6098e-08
3.08858e-08
2.61781e-08
2.19343e-08
1.81165e-08
1.46953e-08
1.16457e-08
8.94721e-09
6.58479e-09
4.54778e-09
2.82912e-09
1.42558e-09
3.28895e-10
0
0
0
0
0
0
0
0
0
0
0
0
0
1.10291e-11
3.61811e-11
4.9242e-11
5.40792e-11
5.36328e-11
5.00273e-11
4.47304e-11
3.87614e-11
3.28111e-11
2.72412e-11
2.2219e-11
1.78803e-11
1.42458e-11
1.12072e-11
8.72422e-12
6.76221e-12
5.20278e-12
3.97634e-12
3.03044e-12
2.31246e-12
1.76606e-12
1.34632e-12
1.02876e-12
7.8697e-13
6.00155e-13
4.54567e-13
3.41179e-13
2.5367e-13
1.87047e-13
1.37034e-13
9.99527e-14
7.27407e-14
5.29349e-14
3.8613e-14
2.83075e-14
2.09162e-14
1.56231e-14
1.1831e-14
9.10717e-15
7.1426e-15
5.71345e-15
4.66632e-15
3.8858e-15
3.29716e-15
2.84518e-15
2.48904e-15
2.20526e-15
1.97466e-15
1.78168e-15
1.6185e-15
1.47997e-15
1.35994e-15
1.25342e-15
1.15824e-15
1.07349e-15
9.97879e-16
9.29688e-16
8.67221e-16
8.09067e-16
7.5403e-16
7.01043e-16
6.49039e-16
5.9691e-16
5.43324e-16
4.86916e-16
4.25619e-16
3.58062e-16
2.79894e-16
1.91827e-16
8.13997e-17
0
0
0
0
0
0
0
0
0
0
0
0
0
0
0
0
0
0
0
0
0
0
0
0
0
0
0
0
0
0
0
0
0
0
0
0
0
0
0
0
0
0
0
0
0
0
0
0
7.12227e-08
2.05709e-07
3.2879e-07
4.34726e-07
5.1918e-07
5.75986e-07
6.10898e-07
6.28742e-07
6.26313e-07
6.12869e-07
5.87962e-07
5.56945e-07
5.21531e-07
4.83874e-07
4.46365e-07
4.09486e-07
3.74178e-07
3.42752e-07
3.1311e-07
2.83361e-07
2.54832e-07
2.28865e-07
2.05525e-07
1.84399e-07
1.65215e-07
1.47804e-07
1.32022e-07
1.1774e-07
1.04838e-07
9.32011e-08
8.2721e-08
7.32966e-08
6.48307e-08
5.72031e-08
5.03336e-08
4.4174e-08
3.8669e-08
3.37536e-08
2.93747e-08
2.54846e-08
2.20381e-08
1.89863e-08
1.62883e-08
1.39095e-08
1.18187e-08
9.9875e-09
8.38996e-09
7.00213e-09
5.8019e-09
4.76905e-09
3.88498e-09
3.13263e-09
2.49639e-09
1.96203e-09
1.51662e-09
1.14848e-09
8.47054e-10
6.02936e-10
4.07683e-10
2.53785e-10
1.34606e-10
4.43659e-11
0
0
0
0
0
0
0
0
0
0
0
0
0
0
0
0
0
0
0
0
0
0
0
0
0
0
0
0
0
0
0
0
0
0
0
1.22259e-14
2.31219e-14
3.07389e-14
3.60469e-14
3.95538e-14
4.15964e-14
4.24613e-14
4.24121e-14
4.16992e-14
4.05414e-14
3.91086e-14
3.75382e-14
3.59251e-14
3.43292e-14
3.27926e-14
3.13392e-14
2.99773e-14
2.87085e-14
2.75299e-14
2.64362e-14
2.54228e-14
2.44825e-14
2.36059e-14
2.2783e-14
2.2004e-14
2.12598e-14
2.05419e-14
1.98413e-14
1.91456e-14
1.8449e-14
1.77328e-14
1.69997e-14
1.62285e-14
1.54812e-14
1.46588e-14
1.40583e-14
1.33642e-14
1.35822e-14
1.38841e-14
1.72579e-14
2.288e-14
4.03909e-14
8.61609e-14
2.5186e-13
1.01982e-12
3.93413e-12
1.54016e-11
3.76631e-11
8.96808e-11
1.15454e-10
2.32657e-10
6.39313e-11
1.35107e-10
0
0
0
0
0
0
0
0
0
0
0
0
0
0
0
0
0
0
0
0
0
0
0
0
0
0
0
0
0
0
6.17768e-08
2.29665e-07
3.83435e-07
5.13004e-07
6.2205e-07
6.88716e-07
7.30855e-07
7.4703e-07
7.40725e-07
7.16355e-07
6.79636e-07
6.3425e-07
5.84928e-07
5.3294e-07
4.8213e-07
4.34926e-07
3.91757e-07
3.55228e-07
3.21821e-07
2.88558e-07
2.57975e-07
2.31092e-07
2.07178e-07
1.85613e-07
1.66096e-07
1.48427e-07
1.32433e-07
1.17967e-07
1.04891e-07
9.30879e-08
8.24514e-08
7.28827e-08
6.42919e-08
5.65964e-08
4.97147e-08
4.35666e-08
3.80895e-08
3.32277e-08
2.89079e-08
2.50689e-08
2.16619e-08
1.86472e-08
1.59876e-08
1.36482e-08
1.15964e-08
9.8027e-09
8.24004e-09
6.88382e-09
5.7116e-09
4.70299e-09
3.83939e-09
3.10392e-09
2.48125e-09
1.95751e-09
1.52012e-09
1.15777e-09
8.60265e-10
6.1855e-10
4.24467e-10
2.70822e-10
1.51171e-10
6.00021e-11
0
0
0
0
0
0
0
0
0
0
0
0
0
0
0
0
0
0
0
0
0
0
0
0
0
0
0
0
0
0
0
0
0
0
0
0
0
0
0
0
0
0
0
0
0
0
0
0
0
0
0
0
0
0
0
0
0
0
0
0
0
0
0
0
0
0
2.3541e-13
6.58861e-13
8.69224e-13
9.26334e-13
9.33673e-13
9.91774e-13
1.10165e-12
1.36021e-12
1.76527e-12
2.56365e-12
3.74619e-12
6.09681e-12
9.33422e-12
1.60909e-11
2.41399e-11
4.1824e-11
5.64463e-11
9.08422e-11
8.90895e-11
1.55179e-10
2.20611e-11
3.62876e-11
0
0
0
0
0
0
0
0
0
0
0
0
0
0
0
0
0
0
0
0
0
0
0
0
0
0
0
0
0
0
5.5278e-08
2.73544e-07
4.70903e-07
6.38465e-07
7.68121e-07
8.49549e-07
8.91214e-07
8.83715e-07
8.73818e-07
8.24038e-07
7.70868e-07
7.04432e-07
6.36449e-07
5.68367e-07
5.04354e-07
4.46896e-07
3.97931e-07
3.56764e-07
3.18883e-07
2.8299e-07
2.51695e-07
2.24747e-07
2.01175e-07
1.80126e-07
1.61134e-07
1.43966e-07
1.28457e-07
1.14442e-07
1.01776e-07
9.03411e-08
8.0031e-08
7.07486e-08
6.24075e-08
5.49297e-08
4.82414e-08
4.22699e-08
3.69398e-08
3.21856e-08
2.79592e-08
2.42133e-08
2.09013e-08
1.79791e-08
1.54066e-08
1.31475e-08
1.11688e-08
9.44087e-09
7.93687e-09
6.63249e-09
5.50569e-09
4.53651e-09
3.70684e-09
3.0003e-09
2.40203e-09
1.89865e-09
1.47805e-09
1.12935e-09
8.42762e-10
6.09623e-10
4.22106e-10
2.73353e-10
1.57179e-10
6.83552e-11
2.13162e-12
0
0
0
0
0
0
0
0
0
0
0
0
0
0
0
0
0
0
0
0
0
0
0
0
0
0
0
0
0
0
0
0
0
0
0
0
0
0
0
0
0
0
0
0
0
0
0
0
0
0
0
0
0
0
0
0
0
0
0
0
0
0
0
0
0
0
8.67601e-14
2.38035e-13
3.59103e-13
4.58544e-13
5.71117e-13
7.061e-13
9.33894e-13
1.26673e-12
1.89567e-12
2.82283e-12
4.63121e-12
7.10965e-12
1.20864e-11
1.7899e-11
2.97428e-11
3.88361e-11
6.02687e-11
5.35394e-11
7.81292e-11
3.59635e-13
0
0
0
0
0
0
0
0
0
0
0
0
0
0
0
0
0
0
0
0
0
0
0
0
0
0
0
0
0
0
0
1.05053e-07
4.33036e-07
7.13756e-07
9.33868e-07
1.06955e-06
1.17854e-06
1.1977e-06
1.13795e-06
1.09576e-06
1.00163e-06
9.11794e-07
8.14613e-07
7.18664e-07
6.25656e-07
5.39905e-07
4.66376e-07
4.06902e-07
3.56684e-07
3.1035e-07
2.67884e-07
2.32284e-07
2.04322e-07
1.8199e-07
1.63363e-07
1.47029e-07
1.31985e-07
1.18306e-07
1.05945e-07
9.47388e-08
8.45405e-08
7.52529e-08
6.68099e-08
5.91464e-08
5.22022e-08
4.59271e-08
4.02787e-08
3.5217e-08
3.06986e-08
2.66779e-08
2.31101e-08
1.99527e-08
1.71658e-08
1.47125e-08
1.25585e-08
1.06727e-08
9.02645e-09
7.59401e-09
6.3519e-09
5.2789e-09
4.35583e-09
3.56534e-09
2.89176e-09
2.32096e-09
1.8402e-09
1.43798e-09
1.104e-09
8.29006e-10
6.0479e-10
4.23978e-10
2.80059e-10
1.67218e-10
8.04813e-11
1.53786e-11
0
0
0
0
0
0
0
0
0
0
0
0
0
0
0
0
0
0
0
0
0
0
0
0
0
0
0
0
0
0
0
0
0
0
0
0
0
0
0
0
0
0
0
0
0
0
0
0
0
0
0
0
0
0
0
0
0
0
0
0
0
0
0
0
0
0
1.93892e-14
1.51671e-13
2.62007e-13
3.53456e-13
4.50812e-13
5.61248e-13
7.37811e-13
9.8943e-13
1.45507e-12
2.13426e-12
3.42371e-12
5.17371e-12
8.48994e-12
1.22859e-11
1.91943e-11
2.40161e-11
3.50229e-11
2.72062e-11
2.68094e-11
0
0
0
0
0
0
0
0
0
0
0
0
0
0
0
0
0
0
0
0
0
0
0
0
0
0
0
0
0
0
0
0
2.86926e-07
6.77932e-07
9.87514e-07
1.19125e-06
1.34208e-06
1.46921e-06
1.48805e-06
1.49062e-06
1.39051e-06
1.26051e-06
1.09344e-06
9.46493e-07
8.11498e-07
6.92631e-07
5.88785e-07
5.01888e-07
4.2796e-07
3.6253e-07
3.05545e-07
2.57476e-07
2.18968e-07
1.87289e-07
1.60612e-07
1.38843e-07
1.21857e-07
1.08827e-07
9.79949e-08
8.84503e-08
7.99604e-08
7.22943e-08
6.51731e-08
5.85707e-08
5.24484e-08
4.67712e-08
4.15285e-08
3.67162e-08
3.23235e-08
2.83367e-08
2.47388e-08
2.15098e-08
1.86265e-08
1.60638e-08
1.37958e-08
1.17967e-08
1.00412e-08
8.50536e-09
7.16661e-09
6.0041e-09
4.99863e-09
4.13264e-09
3.39016e-09
2.75671e-09
2.21917e-09
1.76572e-09
1.3857e-09
1.06951e-09
8.0857e-10
5.95232e-10
4.22662e-10
2.84769e-10
1.76176e-10
9.22047e-11
2.87238e-11
0
0
0
0
0
0
0
0
0
0
0
0
0
0
0
0
0
0
0
0
0
0
0
0
0
0
0
0
0
0
0
0
0
0
0
0
0
0
0
0
0
0
0
0
0
0
0
0
0
0
0
0
0
0
0
0
0
0
0
0
0
0
0
0
0
0
0
7.34453e-14
1.7138e-13
2.52971e-13
3.34445e-13
4.21317e-13
5.50133e-13
7.27651e-13
1.04533e-12
1.50262e-12
2.33915e-12
3.45638e-12
5.42635e-12
7.59318e-12
1.09847e-11
1.28262e-11
1.47234e-11
9.80603e-12
2.55843e-12
0
0
0
0
0
0
0
0
0
0
0
0
0
0
0
0
0
0
0
0
0
0
0
0
0
0
0
0
0
0
0
0
0
1.39592e-07
3.05373e-07
4.65198e-07
6.59038e-07
8.86432e-07
1.11544e-06
1.35766e-06
1.44845e-06
1.41915e-06
1.25901e-06
1.04946e-06
8.59849e-07
7.08957e-07
5.95007e-07
5.10408e-07
4.40028e-07
3.7392e-07
3.09676e-07
2.5502e-07
2.12581e-07
1.78405e-07
1.50514e-07
1.27373e-07
1.08009e-07
9.23034e-08
8.00701e-08
7.03274e-08
6.22011e-08
5.54972e-08
5.01259e-08
4.56418e-08
4.16973e-08
3.8043e-08
3.44956e-08
3.10761e-08
2.78251e-08
2.47551e-08
2.18847e-08
1.92305e-08
1.68005e-08
1.45956e-08
1.26115e-08
1.0839e-08
9.26592e-09
7.87811e-09
6.66043e-09
5.5975e-09
4.67426e-09
3.87629e-09
3.19005e-09
2.60296e-09
2.10347e-09
1.68102e-09
1.32604e-09
1.02984e-09
7.84647e-10
5.83486e-10
4.20143e-10
2.89012e-10
1.85208e-10
1.04383e-10
4.27932e-11
0
0
0
0
0
0
0
0
0
0
0
0
0
0
0
0
0
0
0
0
0
0
0
0
0
0
0
0
0
0
0
0
0
0
0
0
0
0
0
0
0
0
0
0
0
0
0
0
0
0
0
0
0
0
0
0
0
0
0
0
0
0
0
0
0
0
0
2.23983e-15
8.72186e-14
1.5799e-13
2.23786e-13
2.88538e-13
3.75293e-13
4.88184e-13
6.80491e-13
9.50121e-13
1.42099e-12
2.02923e-12
3.00618e-12
3.97972e-12
5.38865e-12
5.35088e-12
5.04077e-12
4.90399e-13
0
0
0
0
0
0
0
0
0
0
0
0
0
0
0
0
0
0
0
0
0
0
0
0
0
0
0
0
0
0
0
0
0
0
0
0
2.01226e-08
7.99021e-08
0
0
2.16972e-07
7.791e-07
1.14984e-06
1.22006e-06
1.07519e-06
8.66887e-07
6.95907e-07
5.76729e-07
4.85481e-07
4.07183e-07
3.42984e-07
2.94786e-07
2.53021e-07
2.10652e-07
1.74496e-07
1.44483e-07
1.19873e-07
9.99585e-08
8.37399e-08
7.04978e-08
6.02009e-08
5.21413e-08
4.53955e-08
3.96884e-08
3.49034e-08
3.09593e-08
2.77927e-08
2.53356e-08
2.32933e-08
2.14305e-08
1.9615e-08
1.77781e-08
1.59672e-08
1.42209e-08
1.25612e-08
1.10076e-08
9.57416e-09
8.2678e-09
7.09007e-09
6.03846e-09
5.10747e-09
4.28958e-09
3.57614e-09
2.95795e-09
2.42574e-09
1.97048e-09
1.5836e-09
1.25705e-09
9.83409e-10
7.55908e-10
5.68421e-10
4.15427e-10
2.91938e-10
1.93558e-10
1.16384e-10
5.70205e-11
1.24026e-11
0
0
0
0
0
0
0
0
0
0
0
0
0
0
0
0
0
0
0
0
0
0
0
0
0
0
0
0
0
0
0
0
0
0
0
0
0
0
0
0
0
0
0
0
0
0
0
0
0
0
0
0
0
0
0
0
0
0
0
0
0
0
0
0
0
0
0
6.9975e-15
6.76554e-14
1.2013e-13
1.66453e-13
2.19552e-13
2.81048e-13
3.77832e-13
5.04576e-13
7.129e-13
9.57379e-13
1.29513e-12
1.58194e-12
1.61978e-12
1.24485e-12
0
0
0
0
0
0
0
0
0
0
0
0
0
0
0
0
0
0
0
0
0
0
0
0
0
0
0
0
0
5.40921e-07
2.00172e-06
3.58014e-06
3.9618e-06
1.87336e-06
0
0
0
1.4207e-06
3.02941e-06
3.28458e-06
2.31559e-06
5.3527e-07
0
0
1.85515e-07
7.74401e-07
9.0474e-07
7.89639e-07
6.37686e-07
5.18093e-07
4.27096e-07
3.5168e-07
2.92287e-07
2.49678e-07
2.20613e-07
1.98158e-07
1.70431e-07
1.41542e-07
1.1607e-07
9.46216e-08
7.74165e-08
6.38964e-08
5.3147e-08
4.48572e-08
3.8644e-08
3.34538e-08
2.89512e-08
2.51174e-08
2.18915e-08
1.9186e-08
1.69511e-08
1.51391e-08
1.37198e-08
1.26207e-08
1.16665e-08
1.07451e-08
9.80336e-09
8.83073e-09
7.86687e-09
6.93683e-09
6.05653e-09
5.23828e-09
4.48985e-09
3.81459e-09
3.21256e-09
2.6815e-09
2.21755e-09
1.81582e-09
1.47092e-09
1.17725e-09
9.29258e-10
7.21618e-10
5.49358e-10
4.07849e-10
2.92854e-10
2.00535e-10
1.27516e-10
7.07515e-11
2.7563e-11
0
0
0
0
0
0
0
0
0
0
0
0
0
0
0
0
0
0
0
0
0
0
0
0
0
0
0
0
0
0
0
0
0
0
0
0
0
0
0
0
0
0
0
0
0
0
0
0
0
0
0
0
0
0
0
0
0
0
0
0
0
0
0
0
0
0
0
0
0
3.47488e-14
6.74174e-14
9.73208e-14
1.2407e-13
1.60069e-13
1.95789e-13
2.5123e-13
2.89498e-13
3.07837e-13
2.7399e-13
4.3548e-14
0
0
0
0
0
0
0
0
0
0
0
0
0
0
0
0
0
0
0
0
0
0
0
0
0
0
0
0
4.72507e-07
2.52378e-06
6.67086e-06
1.39618e-05
2.3414e-05
2.72377e-05
1.33278e-05
0
0
0
0
1.5147e-06
5.34858e-06
5.93272e-06
4.06431e-06
1.1107e-06
0
0
0
5.18258e-07
6.09192e-07
5.14416e-07
4.09436e-07
3.2885e-07
2.69782e-07
2.2717e-07
1.95827e-07
1.7204e-07
1.57649e-07
1.49085e-07
1.34918e-07
1.13675e-07
9.2698e-08
7.41976e-08
5.93254e-08
4.79694e-08
3.9315e-08
3.26306e-08
2.77999e-08
2.41888e-08
2.10249e-08
1.81776e-08
1.56898e-08
1.35657e-08
1.17853e-08
1.02993e-08
9.06907e-09
8.06241e-09
7.25508e-09
6.62334e-09
6.11691e-09
5.64878e-09
5.176e-09
4.68313e-09
4.17407e-09
3.67214e-09
3.19223e-09
2.74309e-09
2.33058e-09
1.95808e-09
1.62664e-09
1.33553e-09
1.08284e-09
8.65917e-10
6.8168e-10
5.2689e-10
3.98258e-10
2.92573e-10
2.06801e-10
1.38184e-10
8.41726e-11
4.24726e-11
1.10239e-11
0
0
0
0
0
0
0
0
0
0
0
0
0
0
0
0
0
0
0
0
0
0
0
0
0
0
0
0
0
0
0
0
0
0
0
0
0
0
0
0
0
0
0
0
0
0
0
0
0
0
0
0
0
0
0
0
0
0
0
0
0
0
0
0
0
0
0
0
0
0
0
0
8.04485e-15
7.61429e-15
3.03333e-15
0
0
0
0
0
0
0
0
0
0
0
0
0
0
1.08552e-08
3.20209e-09
0
0
0
0
0
0
0
0
0
0
0
0
0
0
0
2.25845e-07
1.72756e-06
5.34874e-06
1.36423e-05
3.03963e-05
5.75065e-05
8.71036e-05
8.63189e-06
0
0
0
0
0
0
8.92033e-07
3.70443e-06
2.67932e-06
1.15849e-07
0
0
6.38263e-08
3.83108e-07
3.64478e-07
2.91618e-07
2.37666e-07
1.99506e-07
1.66497e-07
1.38354e-07
1.19975e-07
1.09231e-07
1.06085e-07
1.07409e-07
1.03652e-07
8.95404e-08
7.3093e-08
5.76775e-08
4.51003e-08
3.56288e-08
2.8691e-08
2.34818e-08
1.95816e-08
1.68814e-08
1.48102e-08
1.29303e-08
1.12003e-08
9.65462e-09
8.30673e-09
7.15701e-09
6.19451e-09
5.39419e-09
4.72967e-09
4.18014e-09
3.72882e-09
3.36489e-09
3.07409e-09
2.83094e-09
2.59722e-09
2.35767e-09
2.11041e-09
1.85885e-09
1.61095e-09
1.37635e-09
1.15982e-09
9.63729e-10
7.89132e-10
6.36086e-10
5.0391e-10
3.91369e-10
2.9683e-10
2.18487e-10
1.54495e-10
1.03062e-10
6.24194e-11
3.09668e-11
7.23238e-12
0
0
0
0
0
0
0
0
0
0
0
0
0
0
0
0
0
0
0
0
0
0
0
0
0
0
0
0
0
0
0
0
0
0
0
0
0
0
0
0
0
0
0
0
0
0
0
0
0
0
0
0
0
0
0
0
0
0
0
0
0
0
0
0
0
0
0
0
0
0
0
0
0
0
0
0
0
0
0
0
0
0
0
0
0
0
0
0
5.23364e-08
5.63242e-08
5.58567e-08
6.01651e-08
6.55256e-08
6.82555e-08
6.37313e-08
4.88659e-08
1.9975e-08
0
0
0
0
0
0
0
0
0
8.56842e-08
1.29006e-06
3.31867e-06
3.77766e-06
0
0
0
0
0
0
0
0
0
0
0
1.50107e-06
2.54248e-07
0
0
0
2.05695e-07
2.2042e-07
1.67513e-07
1.41071e-07
1.30022e-07
1.17073e-07
9.85817e-08
7.95702e-08
6.64572e-08
6.20831e-08
6.61678e-08
7.39881e-08
7.68206e-08
6.86053e-08
5.6445e-08
4.42404e-08
3.40501e-08
2.63687e-08
2.08506e-08
1.68715e-08
1.38908e-08
1.17387e-08
1.02164e-08
8.98261e-09
7.85865e-09
6.82122e-09
5.88113e-09
5.0464e-09
4.32131e-09
3.70415e-09
3.18746e-09
2.75823e-09
2.40054e-09
2.10473e-09
1.86097e-09
1.65957e-09
1.49173e-09
1.34978e-09
1.2265e-09
1.11227e-09
9.98002e-10
8.83002e-10
7.69218e-10
6.59063e-10
5.54782e-10
4.58275e-10
3.71231e-10
2.94699e-10
2.28648e-10
1.72597e-10
1.25822e-10
8.74356e-11
5.65081e-11
3.21004e-11
1.33137e-11
0
0
0
0
0
0
0
0
0
0
0
0
0
0
0
0
0
0
0
0
0
0
0
0
0
0
0
0
0
0
0
0
0
0
0
0
0
0
0
0
0
0
0
0
0
0
0
0
0
0
0
0
0
0
0
0
0
0
0
0
0
0
0
0
0
0
0
0
0
0
0
0
0
0
0
0
0
0
0
0
0
0
0
0
0
0
1.85557e-09
7.79162e-08
9.78565e-08
1.10651e-07
1.3306e-07
1.64808e-07
1.99697e-07
2.32566e-07
2.77977e-07
3.13185e-07
3.41286e-07
3.70977e-07
3.85859e-07
3.64582e-07
2.62849e-07
7.30473e-08
0
0
0
0
0
0
0
0
0
0
0
0
0
0
0
0
0
2.57139e-07
1.24079e-06
9.04772e-08
0
0
0
1.38479e-07
1.27701e-07
8.24739e-08
6.7008e-08
6.919e-08
7.16753e-08
6.64858e-08
5.51652e-08
4.30161e-08
3.48712e-08
3.49282e-08
4.24538e-08
5.30549e-08
5.90022e-08
5.35539e-08
4.40191e-08
3.41591e-08
2.58533e-08
1.96055e-08
1.51952e-08
1.21309e-08
9.91609e-09
8.28501e-09
7.09534e-09
6.17215e-09
5.3871e-09
4.68347e-09
4.04597e-09
3.47027e-09
2.9569e-09
2.50776e-09
2.12297e-09
1.79847e-09
1.52635e-09
1.30042e-09
1.11461e-09
9.62402e-10
8.37261e-10
7.33127e-10
6.44881e-10
5.68509e-10
5.01065e-10
4.40505e-10
3.85485e-10
3.35111e-10
2.88701e-10
2.45375e-10
2.04612e-10
1.66869e-10
1.32673e-10
1.02356e-10
7.60409e-11
5.36743e-11
3.50921e-11
2.00215e-11
8.13029e-12
0
0
0
0
0
0
0
0
0
0
0
0
0
0
0
0
0
0
0
0
0
0
0
0
0
0
0
0
0
0
0
0
0
0
0
0
0
0
0
0
0
0
0
0
0
0
0
0
0
0
0
0
0
0
0
0
0
0
0
0
0
0
0
0
0
0
0
0
0
0
0
0
0
0
0
0
0
0
0
0
0
0
0
0
4.85294e-10
8.67022e-09
9.27587e-08
1.26976e-07
1.49745e-07
1.83322e-07
2.33337e-07
2.87299e-07
3.62137e-07
4.43502e-07
5.23956e-07
6.39887e-07
7.50369e-07
8.41013e-07
8.81312e-07
8.42499e-07
7.12166e-07
5.1946e-07
2.30384e-07
0
0
0
0
0
0
0
0
0
0
0
1.94441e-05
1.70903e-05
8.12783e-06
3.03711e-06
1.9996e-06
1.38373e-06
8.95691e-08
0
0
7.4742e-08
1.46559e-07
5.95763e-08
1.68347e-08
1.18956e-08
2.0672e-08
2.92322e-08
3.21864e-08
3.01191e-08
2.48332e-08
1.88826e-08
1.60857e-08
1.94408e-08
2.72151e-08
3.6278e-08
4.12123e-08
3.68596e-08
2.97833e-08
2.26792e-08
1.67793e-08
1.24016e-08
9.38713e-09
7.38034e-09
6.00355e-09
4.9976e-09
4.24933e-09
3.65951e-09
3.15807e-09
2.71641e-09
2.32436e-09
1.97604e-09
1.66805e-09
1.39749e-09
1.16166e-09
9.58619e-10
7.8652e-10
6.4305e-10
5.2532e-10
4.30042e-10
3.53722e-10
2.92892e-10
2.44267e-10
2.04905e-10
1.72374e-10
1.44847e-10
1.21042e-10
1.00148e-10
8.16679e-11
6.53071e-11
5.08887e-11
3.8289e-11
2.7421e-11
1.81807e-11
1.04573e-11
4.13905e-12
0
0
0
0
0
0
0
0
0
0
0
0
0
0
0
0
0
0
0
0
0
0
0
0
0
0
0
0
0
0
0
0
0
0
0
0
0
0
0
0
0
0
0
0
0
0
0
0
0
0
0
0
0
0
0
0
0
0
0
0
0
0
0
0
0
0
0
0
0
0
0
0
0
0
0
0
0
0
0
0
0
0
0
0
0
1.6271e-08
1.7741e-08
2.69543e-08
7.66785e-08
1.50773e-07
1.76794e-07
2.03481e-07
2.50316e-07
3.09051e-07
4.00603e-07
5.06125e-07
6.12129e-07
7.82087e-07
9.5701e-07
1.12007e-06
1.25606e-06
1.31291e-06
1.35946e-06
1.31572e-06
1.26327e-06
1.14584e-06
6.36666e-07
0
0
0
0
0
0
0
0
6.41725e-05
4.60146e-05
2.07827e-05
7.99637e-06
2.42659e-06
1.0933e-06
6.53459e-07
0
0
0
3.26324e-07
1.34453e-07
1.26395e-08
0
0
0
0
5.24327e-09
9.355e-09
1.0769e-08
9.62423e-09
7.81207e-09
8.56251e-09
1.26702e-08
1.86258e-08
2.47294e-08
2.67093e-08
2.29994e-08
1.81059e-08
1.34876e-08
9.76984e-09
7.06406e-09
5.23488e-09
4.05106e-09
3.27379e-09
2.72076e-09
2.30142e-09
1.96538e-09
1.67781e-09
1.42534e-09
1.20253e-09
1.00546e-09
8.32288e-10
6.81059e-10
5.50348e-10
4.38905e-10
3.45483e-10
2.68542e-10
2.06242e-10
1.56601e-10
1.17648e-10
8.75616e-11
6.46675e-11
4.74612e-11
3.4563e-11
2.48144e-11
1.73146e-11
1.14027e-11
6.64814e-12
2.78484e-12
0
0
0
0
0
0
0
0
0
0
0
0
0
0
0
0
0
0
0
0
0
0
0
0
0
0
0
0
0
0
0
0
0
0
0
0
0
0
0
0
0
0
0
0
0
0
0
0
0
0
0
0
0
0
0
0
0
0
0
0
0
0
0
0
0
0
0
0
0
0
0
0
0
0
0
0
0
0
0
0
0
0
0
0
0
0
0
0
0
0
6.69506e-07
3.6387e-07
1.25904e-07
8.04394e-08
1.36071e-07
1.81239e-07
2.09651e-07
2.37089e-07
2.80173e-07
3.56288e-07
4.58667e-07
5.52273e-07
7.25827e-07
9.22306e-07
1.11771e-06
1.29043e-06
1.41152e-06
1.52788e-06
1.57067e-06
1.62561e-06
1.61521e-06
1.54141e-06
1.10762e-06
0
0
0
0
0
0
1.56177e-06
1.33373e-05
1.23768e-05
7.23903e-06
2.81181e-06
6.40833e-07
3.27192e-07
2.37918e-07
0
2.21549e-08
9.11552e-07
4.43395e-07
1.23264e-07
2.71769e-09
0
0
0
0
0
1.82093e-09
5.88445e-09
7.68383e-09
7.61102e-09
7.95477e-09
1.03874e-08
1.37479e-08
1.74505e-08
2.02854e-08
1.8747e-08
1.50019e-08
1.1259e-08
8.12212e-09
5.75443e-09
4.09242e-09
2.99147e-09
2.28792e-09
1.83178e-09
1.51134e-09
1.26478e-09
1.06254e-09
8.892e-10
7.3875e-10
6.07513e-10
4.92648e-10
3.93508e-10
3.08939e-10
2.37757e-10
1.78951e-10
1.31448e-10
9.39305e-11
6.49556e-11
4.30703e-11
2.69526e-11
1.54366e-11
7.51673e-12
2.30612e-12
0
0
0
0
0
0
0
0
0
0
0
0
0
0
0
0
0
0
0
0
0
0
0
0
0
0
0
0
0
0
0
0
0
0
0
0
0
0
0
0
0
0
0
0
0
0
0
0
0
0
0
0
0
0
0
0
0
0
0
0
0
0
0
0
0
0
0
0
0
0
0
0
0
0
0
0
0
0
0
0
0
0
0
0
0
0
0
0
0
0
0
0
0
0
0
1.2874e-05
3.24668e-06
6.76637e-07
1.80589e-07
1.44132e-07
1.51771e-07
1.64648e-07
1.85862e-07
2.16307e-07
2.77008e-07
3.29628e-07
4.12996e-07
5.16583e-07
6.92927e-07
8.83282e-07
1.02294e-06
1.17465e-06
1.25405e-06
1.30668e-06
1.37638e-06
1.35924e-06
1.31781e-06
1.20652e-06
7.90356e-07
1.09793e-07
0
0
0
0
7.17175e-07
2.17996e-06
2.31918e-06
1.54791e-06
4.3171e-07
5.23993e-08
1.90483e-07
3.02986e-07
7.06981e-07
2.51374e-06
1.25901e-06
3.51568e-07
1.00633e-07
1.64917e-08
0
0
0
3.52555e-09
5.23487e-09
7.19097e-09
9.35027e-09
1.1e-08
1.16503e-08
1.21913e-08
1.49161e-08
1.75988e-08
1.93659e-08
2.05273e-08
1.92762e-08
1.51178e-08
1.11756e-08
7.9549e-09
5.53815e-09
3.82985e-09
2.68234e-09
1.94425e-09
1.4788e-09
1.17562e-09
9.59361e-10
7.89363e-10
6.46947e-10
5.24674e-10
4.20089e-10
3.31774e-10
2.578e-10
1.96089e-10
1.44607e-10
1.0207e-10
6.79598e-11
4.1662e-11
2.22042e-11
8.52703e-12
0
0
0
0
0
0
0
0
0
0
0
0
0
0
0
0
0
0
0
0
0
0
0
0
0
0
0
0
0
0
0
0
0
0
0
0
0
0
0
0
0
0
0
0
0
0
0
0
0
0
0
0
0
0
0
0
0
0
0
0
0
0
0
0
0
0
0
0
0
0
0
0
0
0
0
0
0
0
0
0
0
0
0
0
0
0
0
0
0
0
0
0
0
0
0
0
0
0
0
3.03738e-05
6.73089e-06
1.03281e-06
2.50443e-07
1.90875e-07
9.46738e-08
9.62736e-08
1.10491e-07
1.32819e-07
1.71677e-07
1.96055e-07
2.40162e-07
2.89083e-07
3.94315e-07
5.24681e-07
6.14533e-07
7.58294e-07
8.18263e-07
8.302e-07
8.74021e-07
8.42882e-07
8.11034e-07
7.46395e-07
5.64538e-07
3.28442e-07
0
0
0
0
4.71856e-10
2.29439e-07
4.49662e-07
3.72345e-07
1.34195e-07
2.05906e-07
4.98418e-07
1.3073e-06
3.89384e-06
3.61873e-06
9.16405e-07
2.76208e-07
1.05133e-07
4.54042e-08
2.78186e-08
2.85529e-08
3.21651e-08
3.16948e-08
2.72828e-08
2.24688e-08
1.91259e-08
1.79199e-08
1.8117e-08
1.89632e-08
2.2955e-08
2.70214e-08
2.81404e-08
2.74864e-08
2.515e-08
1.93466e-08
1.3971e-08
9.80744e-09
6.73879e-09
4.5635e-09
3.08869e-09
2.1363e-09
1.5444e-09
1.17794e-09
9.37856e-10
7.62186e-10
6.1939e-10
4.97218e-10
3.92868e-10
3.05218e-10
2.32395e-10
1.72809e-10
1.24613e-10
8.57083e-11
5.43785e-11
2.96327e-11
1.09238e-11
0
0
0
0
0
0
0
0
0
0
0
0
0
0
0
0
0
0
0
0
0
0
0
0
0
0
0
0
0
0
0
0
0
0
0
0
0
0
0
0
0
0
0
0
0
0
0
0
0
0
0
0
0
0
0
0
0
0
0
0
0
0
0
0
0
0
0
0
0
0
0
0
0
0
0
0
0
0
0
0
0
0
0
0
0
0
0
0
0
0
0
0
0
0
0
0
0
0
0
0
2.46472e-05
9.81393e-06
2.02884e-06
5.81256e-07
3.01737e-07
3.11896e-08
1.74657e-08
4.08694e-08
5.76091e-08
7.27717e-08
8.67132e-08
1.01311e-07
1.15496e-07
1.54953e-07
2.05695e-07
2.5012e-07
3.24458e-07
3.57765e-07
3.60792e-07
3.80931e-07
3.6396e-07
3.40613e-07
2.8484e-07
2.01373e-07
9.85091e-08
0
0
0
0
0
8.44135e-08
3.03906e-07
3.12499e-07
2.86911e-07
5.53984e-07
1.4507e-06
2.74535e-06
2.41589e-06
1.69186e-06
5.06394e-07
2.02357e-07
1.07449e-07
7.3051e-08
6.41424e-08
6.64578e-08
6.79448e-08
6.46528e-08
5.52398e-08
4.32341e-08
3.33454e-08
2.79658e-08
2.65613e-08
2.7023e-08
3.15942e-08
3.82945e-08
4.01993e-08
3.86074e-08
3.52013e-08
2.78033e-08
1.97278e-08
1.37115e-08
9.38221e-09
6.32569e-09
4.22188e-09
2.83526e-09
1.96533e-09
1.43666e-09
1.11081e-09
8.93811e-10
7.30644e-10
5.94654e-10
4.76237e-10
3.74186e-10
2.88837e-10
2.18703e-10
1.61829e-10
1.16335e-10
8.00807e-11
5.12243e-11
2.84831e-11
1.10359e-11
0
0
0
0
0
0
0
0
0
0
0
0
0
0
0
0
0
0
0
0
0
0
0
0
0
0
0
0
0
0
0
0
0
0
0
0
0
0
0
0
0
0
0
0
0
0
0
0
0
0
0
0
0
0
0
0
0
0
0
0
0
0
0
0
0
0
0
0
0
0
0
0
0
0
0
0
0
0
0
0
0
0
0
0
0
0
0
0
0
0
0
0
0
0
0
0
0
0
0
7.44526e-06
1.08431e-05
3.34086e-06
1.17003e-06
2.38312e-07
0
0
0
0
0
0
0
0
0
0
0
0
0
0
0
0
0
0
0
0
0
0
0
0
0
1.21505e-07
2.85396e-07
3.42892e-07
5.41579e-07
1.39718e-06
1.661e-06
1.41795e-06
1.67772e-06
8.44061e-07
3.44558e-07
1.80863e-07
1.22622e-07
1.04105e-07
1.02129e-07
1.03643e-07
1.02378e-07
9.63498e-08
8.24239e-08
6.38143e-08
4.85848e-08
3.97784e-08
3.66372e-08
3.63104e-08
4.06003e-08
5.02143e-08
5.36615e-08
5.1785e-08
4.76471e-08
3.95923e-08
2.83443e-08
1.96523e-08
1.33915e-08
9.02375e-09
6.02501e-09
4.01509e-09
2.72196e-09
1.92552e-09
1.44321e-09
1.13949e-09
9.29662e-10
7.6744e-10
6.30703e-10
5.109e-10
4.06563e-10
3.18524e-10
2.46426e-10
1.88101e-10
1.41151e-10
1.03426e-10
7.31836e-11
4.89853e-11
2.97928e-11
1.49483e-11
3.94794e-12
0
0
0
0
0
0
0
0
0
0
0
0
0
0
0
0
0
0
0
0
0
0
0
0
0
0
0
0
0
0
0
0
0
0
0
0
0
0
0
0
0
0
0
0
0
0
0
0
0
0
0
0
0
0
0
0
0
0
0
0
0
0
0
0
0
0
0
0
0
0
0
0
0
0
0
0
0
0
0
0
0
0
0
0
0
0
0
0
0
0
0
0
0
0
0
0
0
1.22812e-06
1.12461e-06
3.46291e-07
0
0
0
0
0
0
0
0
0
0
0
0
0
0
0
0
0
0
0
0
0
0
0
0
0
0
0
0
1.71702e-07
7.54945e-07
8.72848e-07
8.85576e-07
1.21403e-06
1.01514e-06
4.74944e-07
2.31592e-07
1.52578e-07
1.31112e-07
1.30032e-07
1.316e-07
1.31221e-07
1.27477e-07
1.19301e-07
1.02361e-07
7.92282e-08
6.14335e-08
5.1464e-08
4.74817e-08
4.65199e-08
4.99446e-08
6.22417e-08
6.82961e-08
6.66381e-08
6.16724e-08
5.33055e-08
3.90886e-08
2.733e-08
1.86274e-08
1.25188e-08
8.35998e-09
5.57598e-09
3.7542e-09
2.60378e-09
1.9007e-09
1.46885e-09
1.18532e-09
9.79089e-10
8.14875e-10
6.76307e-10
5.56098e-10
4.51608e-10
3.62266e-10
2.87801e-10
2.26991e-10
1.77803e-10
1.37844e-10
1.05312e-10
7.88255e-11
5.73358e-11
3.99714e-11
2.6094e-11
1.53272e-11
7.30378e-12
1.59916e-12
0
0
0
0
0
0
0
0
0
0
0
0
0
0
0
0
0
0
0
0
0
0
0
0
0
0
0
0
0
0
0
0
0
0
0
0
0
0
0
0
0
0
0
0
0
0
0
0
0
0
0
0
0
0
0
0
0
0
0
0
0
0
0
0
0
0
0
0
0
0
0
0
0
0
0
0
0
0
0
0
0
0
0
0
0
0
0
0
0
0
0
0
1.58643e-06
0
0
0
0
0
0
0
0
0
0
0
0
0
0
0
0
0
0
0
0
0
0
0
0
0
0
0
0
0
0
0
2.83585e-07
4.56089e-07
5.73343e-07
9.075e-07
9.45493e-07
5.27117e-07
2.8686e-07
1.76897e-07
1.5188e-07
1.55292e-07
1.61541e-07
1.60295e-07
1.54517e-07
1.45941e-07
1.32891e-07
1.103e-07
8.69648e-08
7.06206e-08
6.20542e-08
5.85319e-08
5.75375e-08
6.03918e-08
7.43803e-08
8.38746e-08
8.3181e-08
7.74093e-08
6.83075e-08
5.15721e-08
3.62993e-08
2.48689e-08
1.67048e-08
1.1125e-08
7.40979e-09
4.97499e-09
3.41346e-09
2.44118e-09
1.84569e-09
1.46922e-09
1.20928e-09
1.01067e-09
8.4767e-10
7.08966e-10
5.89556e-10
4.87107e-10
4.00103e-10
3.26938e-10
2.65828e-10
2.15125e-10
1.73233e-10
1.38748e-10
1.10243e-10
8.66437e-11
6.71388e-11
5.10711e-11
3.78692e-11
2.71807e-11
1.87566e-11
1.22826e-11
7.42657e-12
3.89051e-12
1.40717e-12
0
0
0
0
0
0
0
0
0
0
0
0
0
0
0
0
0
0
0
0
0
0
0
0
0
0
0
0
0
0
0
0
0
0
0
0
0
0
0
0
0
0
0
0
0
0
0
0
0
0
0
0
0
0
0
0
0
0
0
0
0
0
0
0
0
0
0
0
0
0
0
0
0
0
0
0
0
0
0
0
0
0
0
0
0
0
0
1.88142e-06
4.28992e-07
0
0
0
0
0
0
0
0
0
0
0
0
0
0
0
0
0
0
0
0
0
0
0
0
0
0
0
0
2.59233e-08
1.63882e-07
2.58476e-07
3.62884e-07
6.71035e-07
7.47644e-07
4.9435e-07
2.99651e-07
1.84283e-07
1.58621e-07
1.70789e-07
1.82846e-07
1.80203e-07
1.68969e-07
1.57694e-07
1.47776e-07
1.33717e-07
1.11198e-07
8.9155e-08
7.62006e-08
7.02673e-08
6.77482e-08
6.69574e-08
6.95044e-08
8.47951e-08
9.85019e-08
9.95416e-08
9.33917e-08
8.35505e-08
6.49469e-08
4.58348e-08
3.15623e-08
2.12493e-08
1.41197e-08
9.36264e-09
6.25104e-09
4.24768e-09
2.98641e-09
2.20944e-09
1.72708e-09
1.40857e-09
1.17731e-09
9.95011e-10
8.43289e-10
7.1267e-10
5.98683e-10
5.00036e-10
4.16492e-10
3.47078e-10
2.89631e-10
2.41512e-10
2.00571e-10
1.65644e-10
1.36084e-10
1.11327e-10
9.05837e-11
7.31903e-11
5.85978e-11
4.63446e-11
3.61193e-11
2.77627e-11
2.10645e-11
1.57532e-11
1.15917e-11
8.37059e-12
5.90835e-12
4.05046e-12
2.66637e-12
1.64939e-12
9.13757e-13
3.90292e-13
2.40599e-14
0
0
0
0
0
0
0
0
0
0
0
0
0
0
0
0
0
0
0
0
0
0
0
0
0
0
0
0
0
0
0
0
0
0
0
0
0
0
0
0
0
0
0
0
0
0
0
0
0
0
0
0
0
0
0
0
0
0
0
0
0
0
0
0
0
0
0
0
0
0
0
0
0
0
0
0
0
0
2.21616e-06
1.12415e-06
2.03851e-07
0
0
0
0
0
0
0
0
0
0
0
0
0
0
0
0
0
0
0
0
0
0
0
0
0
0
0
4.21939e-08
1.17219e-07
2.24734e-07
4.85605e-07
5.29056e-07
3.9892e-07
2.5966e-07
1.71363e-07
1.52696e-07
1.71565e-07
1.95389e-07
1.94345e-07
1.84474e-07
1.68851e-07
1.57099e-07
1.45622e-07
1.29263e-07
1.07191e-07
8.98753e-08
8.10885e-08
7.7382e-08
7.54639e-08
7.45833e-08
7.62995e-08
9.07473e-08
1.08386e-07
1.11568e-07
1.05673e-07
9.5536e-08
7.63615e-08
5.40329e-08
3.73322e-08
2.52131e-08
1.67399e-08
1.1044e-08
7.31618e-09
4.91635e-09
3.39831e-09
2.45916e-09
1.88437e-09
1.51932e-09
1.26408e-09
1.06719e-09
9.0749e-10
7.75317e-10
6.63167e-10
5.65032e-10
4.78073e-10
4.02283e-10
3.38381e-10
2.85951e-10
2.43033e-10
2.07024e-10
1.75818e-10
1.48339e-10
1.24386e-10
1.03914e-10
8.66161e-11
7.19534e-11
5.94804e-11
4.88173e-11
3.97115e-11
3.206e-11
2.57656e-11
2.06594e-11
1.65367e-11
1.32234e-11
1.05685e-11
8.44535e-12
6.75079e-12
5.40035e-12
4.3245e-12
3.46746e-12
2.78451e-12
2.23754e-12
1.79688e-12
1.4439e-12
1.15766e-12
9.27235e-13
7.50638e-13
6.0678e-13
4.79938e-13
3.87309e-13
3.15792e-13
2.55694e-13
2.05571e-13
1.72738e-13
1.40836e-13
9.15333e-14
5.52173e-14
4.88749e-14
6.72329e-14
5.57131e-14
0
0
0
0
0
0
0
0
0
0
0
0
0
0
0
0
0
0
0
0
0
0
0
0
0
0
0
0
0
0
0
0
0
0
0
0
0
0
0
0
0
0
0
0
0
0
0
0
0
0
0
0
0
0
0
0
0
1.15175e-07
1.02712e-07
8.84702e-08
0
0
0
0
0
0
0
0
0
0
0
0
0
0
0
0
0
0
0
0
0
0
0
0
0
0
0
0
1.1489e-07
3.70803e-07
3.63247e-07
2.90016e-07
2.02628e-07
1.49774e-07
1.38198e-07
1.57791e-07
1.90337e-07
1.90612e-07
1.83012e-07
1.63706e-07
1.48737e-07
1.38392e-07
1.28118e-07
1.15184e-07
9.93223e-08
8.78955e-08
8.31474e-08
8.10345e-08
7.93442e-08
7.82537e-08
7.9486e-08
9.28667e-08
1.13549e-07
1.18978e-07
1.13949e-07
1.04053e-07
8.54892e-08
6.09049e-08
4.22386e-08
2.86542e-08
1.90558e-08
1.25257e-08
8.22882e-09
5.46467e-09
3.71822e-09
2.634e-09
1.96838e-09
1.55889e-09
1.2932e-09
1.0988e-09
9.39323e-10
8.03313e-10
6.88923e-10
5.93734e-10
5.12761e-10
4.41344e-10
3.77474e-10
3.21444e-10
2.74057e-10
2.35149e-10
2.03257e-10
1.76312e-10
1.52601e-10
1.31255e-10
1.12144e-10
9.54301e-11
8.11045e-11
6.8861e-11
5.83445e-11
4.92577e-11
4.13671e-11
3.45383e-11
2.87298e-11
2.38749e-11
1.98471e-11
1.65191e-11
1.37812e-11
1.15345e-11
9.69185e-12
8.17903e-12
6.93559e-12
5.91158e-12
5.06637e-12
4.36822e-12
3.7874e-12
3.3042e-12
2.9019e-12
2.55977e-12
2.27627e-12
2.0462e-12
1.83733e-12
1.66287e-12
1.53255e-12
1.40149e-12
1.27733e-12
1.18101e-12
1.10208e-12
1.01974e-12
9.28773e-13
8.3511e-13
7.40519e-13
6.67188e-13
6.40876e-13
6.2004e-13
5.6535e-13
5.03918e-13
4.55211e-13
4.07642e-13
3.41097e-13
2.92401e-13
2.88249e-13
2.80695e-13
2.56148e-13
2.31018e-13
2.09871e-13
1.9062e-13
1.72256e-13
1.54328e-13
1.36279e-13
1.17571e-13
9.76119e-14
7.55767e-14
5.04705e-14
2.1064e-14
0
0
0
0
0
0
0
0
0
0
0
0
0
0
0
0
0
0
0
0
0
0
0
0
0
0
0
0
0
0
0
0
0
1.21637e-08
0
0
0
0
0
0
0
0
0
0
0
0
0
0
0
0
0
0
0
0
0
0
0
0
0
0
0
0
0
6.88793e-08
2.51668e-07
2.30619e-07
1.86244e-07
1.48888e-07
1.30136e-07
1.27138e-07
1.42398e-07
1.70742e-07
1.75534e-07
1.71822e-07
1.59694e-07
1.434e-07
1.32374e-07
1.23907e-07
1.15193e-07
1.05318e-07
9.50599e-08
8.83938e-08
8.58959e-08
8.39506e-08
8.16021e-08
7.9782e-08
7.98052e-08
8.9829e-08
1.12626e-07
1.20492e-07
1.16864e-07
1.07841e-07
9.11876e-08
6.56347e-08
4.56714e-08
3.11067e-08
2.07446e-08
1.36051e-08
8.86027e-09
5.79742e-09
3.86686e-09
2.67925e-09
1.95666e-09
1.51035e-09
1.22715e-09
1.03814e-09
8.97845e-10
7.79799e-10
6.74422e-10
5.81756e-10
5.03307e-10
4.3779e-10
3.81741e-10
3.32086e-10
2.87573e-10
2.484e-10
2.1506e-10
1.87426e-10
1.64539e-10
1.45028e-10
1.27693e-10
1.11851e-10
9.73347e-11
8.43126e-11
7.29305e-11
6.31048e-11
5.45702e-11
4.71133e-11
4.05688e-11
3.47999e-11
2.97391e-11
2.53458e-11
2.15763e-11
1.83784e-11
1.56722e-11
1.33852e-11
1.14576e-11
9.8354e-12
8.46805e-12
7.31643e-12
6.34877e-12
5.53417e-12
4.84617e-12
4.26705e-12
3.77682e-12
3.35263e-12
2.98474e-12
2.68186e-12
2.42646e-12
2.18097e-12
1.96854e-12
1.79585e-12
1.63419e-12
1.47855e-12
1.34038e-12
1.22965e-12
1.12798e-12
1.02813e-12
9.28972e-13
8.36984e-13
7.51268e-13
6.74843e-13
6.08719e-13
5.45403e-13
4.83096e-13
4.38355e-13
4.12097e-13
3.80664e-13
3.417e-13
3.05868e-13
2.75984e-13
2.50333e-13
2.27312e-13
2.05479e-13
1.83586e-13
1.60901e-13
1.37125e-13
1.12021e-13
8.51742e-14
5.5798e-14
2.26552e-14
0
0
0
0
0
0
0
0
0
0
0
0
0
0
0
0
0
0
0
0
0
0
0
0
0
0
0
0
0
0
0
0
2.3208e-09
0
0
0
0
0
0
0
0
0
0
0
0
0
0
0
0
0
0
0
0
0
0
0
0
0
0
0
0
4.82893e-08
1.11875e-07
1.07176e-07
1.00633e-07
1.0137e-07
1.11063e-07
1.2541e-07
1.34685e-07
1.47765e-07
1.49049e-07
1.46381e-07
1.41408e-07
1.26598e-07
1.14916e-07
1.07598e-07
1.02259e-07
9.66854e-08
9.0913e-08
8.698e-08
8.51727e-08
8.40472e-08
8.16524e-08
7.86866e-08
7.63808e-08
7.59141e-08
8.40414e-08
1.07304e-07
1.17612e-07
1.15728e-07
1.07971e-07
9.3908e-08
6.88661e-08
4.80782e-08
3.28705e-08
2.20015e-08
1.44305e-08
9.34233e-09
6.03763e-09
3.94726e-09
2.6585e-09
1.89047e-09
1.43463e-09
1.15034e-09
9.595e-10
8.23894e-10
7.20798e-10
6.34457e-10
5.56657e-10
4.85907e-10
4.2367e-10
3.70738e-10
3.25975e-10
2.87237e-10
2.52775e-10
2.21855e-10
1.94519e-10
1.70995e-10
1.51203e-10
1.3459e-10
1.20309e-10
1.07544e-10
9.57706e-11
8.48069e-11
7.47299e-11
6.57042e-11
5.77791e-11
5.08296e-11
4.4701e-11
3.92766e-11
3.44742e-11
3.02047e-11
2.63963e-11
2.30206e-11
2.00517e-11
1.74627e-11
1.5212e-11
1.32597e-11
1.15742e-11
1.01214e-11
8.86533e-12
7.7823e-12
6.85072e-12
6.03945e-12
5.33213e-12
4.7216e-12
4.19118e-12
3.72634e-12
3.31653e-12
2.96414e-12
2.65965e-12
2.38356e-12
2.13098e-12
1.907e-12
1.71416e-12
1.53379e-12
1.36097e-12
1.20393e-12
1.07233e-12
9.58833e-13
8.54019e-13
7.60002e-13
6.78899e-13
6.10859e-13
5.51703e-13
4.97605e-13
4.47799e-13
4.01689e-13
3.61544e-13
3.27968e-13
2.99208e-13
2.73417e-13
2.49276e-13
2.25897e-13
2.02768e-13
1.79613e-13
1.56149e-13
1.319e-13
1.06046e-13
7.73689e-14
4.41634e-14
4.24219e-15
0
0
0
0
0
0
0
0
0
0
0
0
0
0
0
0
0
0
0
0
0
0
0
0
0
0
0
0
0
0
5.21288e-09
0
0
1.17226e-09
1.54576e-09
0
0
0
0
0
0
0
0
0
0
0
0
0
0
0
0
0
0
0
0
0
0
0
1.83997e-10
2.34318e-08
3.71168e-08
5.20904e-08
7.60323e-08
1.06193e-07
1.26984e-07
1.27023e-07
1.21281e-07
1.16095e-07
1.14076e-07
1.1449e-07
1.10506e-07
1.01817e-07
9.54626e-08
9.24644e-08
9.00658e-08
8.72765e-08
8.46794e-08
8.30199e-08
8.25462e-08
8.0823e-08
7.73849e-08
7.37318e-08
7.10184e-08
7.0266e-08
7.69728e-08
9.98021e-08
1.12403e-07
1.12406e-07
1.06025e-07
9.43253e-08
7.11121e-08
4.98327e-08
3.41978e-08
2.29735e-08
1.50856e-08
9.72219e-09
6.21415e-09
3.99355e-09
2.6226e-09
1.79791e-09
1.31628e-09
1.03542e-09
8.60013e-10
7.37353e-10
6.44105e-10
5.69373e-10
5.05966e-10
4.49176e-10
3.97205e-10
3.50346e-10
3.09344e-10
2.74205e-10
2.44038e-10
2.17611e-10
1.93962e-10
1.7266e-10
1.53692e-10
1.37165e-10
1.23034e-10
1.10997e-10
1.00562e-10
9.12054e-11
8.25227e-11
7.4307e-11
6.65459e-11
5.93674e-11
5.28936e-11
4.71462e-11
4.20249e-11
3.74421e-11
3.33342e-11
2.96617e-11
2.637e-11
2.34049e-11
2.07479e-11
1.83877e-11
1.62983e-11
1.44523e-11
1.28265e-11
1.13975e-11
1.01334e-11
9.00842e-12
8.01648e-12
7.14695e-12
6.37844e-12
5.7041e-12
5.10799e-12
4.57092e-12
4.08993e-12
3.66004e-12
3.27309e-12
2.92765e-12
2.62084e-12
2.3374e-12
2.0728e-12
1.83455e-12
1.62906e-12
1.45218e-12
1.29722e-12
1.16582e-12
1.0566e-12
9.61784e-13
8.73743e-13
7.93602e-13
7.23472e-13
6.58956e-13
5.99288e-13
5.45634e-13
4.97607e-13
4.5403e-13
4.13825e-13
3.76089e-13
3.40193e-13
3.05761e-13
2.72522e-13
2.4003e-13
2.07466e-13
1.73592e-13
1.36607e-13
9.41354e-14
4.31122e-14
0
0
0
0
0
0
0
0
0
0
0
0
0
0
0
0
0
0
0
0
0
0
0
0
0
0
0
0
0
0
0
0
8.01624e-09
1.36099e-08
4.75972e-09
0
0
0
0
0
0
0
0
0
0
0
0
0
0
0
0
0
0
0
0
0
0
6.17075e-09
1.5374e-08
3.21158e-08
5.53754e-08
7.77974e-08
8.99281e-08
8.79185e-08
8.16923e-08
8.04104e-08
8.59681e-08
9.13911e-08
9.37932e-08
8.97404e-08
8.4569e-08
8.25722e-08
8.20632e-08
8.09972e-08
7.94982e-08
7.8265e-08
7.84957e-08
7.78095e-08
7.4453e-08
6.94682e-08
6.50082e-08
6.2125e-08
6.13263e-08
6.70512e-08
8.90467e-08
1.04497e-07
1.06838e-07
1.02038e-07
9.27285e-08
7.23255e-08
5.08968e-08
3.50173e-08
2.3581e-08
1.55118e-08
9.97733e-09
6.32324e-09
3.99996e-09
2.56727e-09
1.70826e-09
1.2106e-09
9.21951e-10
7.50721e-10
6.40993e-10
5.62392e-10
5.00461e-10
4.48461e-10
4.02774e-10
3.61311e-10
3.23173e-10
2.88362e-10
2.57228e-10
2.29921e-10
2.06165e-10
1.85377e-10
1.66935e-10
1.50398e-10
1.35554e-10
1.22347e-10
1.10762e-10
1.00723e-10
9.20427e-11
8.44362e-11
7.75809e-11
7.11933e-11
6.50895e-11
5.92047e-11
5.35772e-11
4.83171e-11
4.35132e-11
3.91883e-11
3.52816e-11
3.17467e-11
2.8548e-11
2.56457e-11
2.30028e-11
2.06128e-11
1.8469e-11
1.6547e-11
1.48176e-11
1.32615e-11
1.18713e-11
1.06361e-11
9.53364e-12
8.54196e-12
7.65442e-12
6.85922e-12
6.14284e-12
5.50269e-12
4.92858e-12
4.40486e-12
3.92561e-12
3.49077e-12
3.09484e-12
2.73539e-12
2.41818e-12
2.14805e-12
1.91934e-12
1.72077e-12
1.54642e-12
1.3917e-12
1.25096e-12
1.12152e-12
1.00508e-12
9.02004e-13
8.0882e-13
7.24819e-13
6.50746e-13
5.85814e-13
5.28236e-13
4.76373e-13
4.28967e-13
3.85166e-13
3.44405e-13
3.06266e-13
2.70071e-13
2.348e-13
1.99067e-13
1.60927e-13
1.17855e-13
6.65843e-14
2.78525e-15
0
0
0
0
0
0
0
0
0
0
0
0
0
0
0
0
0
0
0
0
0
0
0
0
0
0
0
0
0
0
0
0
0
0
0
0
0
0
0
0
0
0
0
0
0
0
0
0
0
0
0
0
0
0
0
5.96263e-09
1.72046e-08
2.807e-08
3.58122e-08
4.18773e-08
4.57518e-08
5.01732e-08
5.53061e-08
6.12482e-08
7.10126e-08
7.8336e-08
8.00815e-08
7.76879e-08
7.37974e-08
7.30093e-08
7.37787e-08
7.34468e-08
7.13558e-08
6.89846e-08
6.81312e-08
6.76697e-08
6.62648e-08
6.29033e-08
5.89574e-08
5.52575e-08
5.27048e-08
5.24981e-08
5.81621e-08
7.86479e-08
9.54204e-08
9.97239e-08
9.64775e-08
8.90937e-08
7.18374e-08
5.09337e-08
3.51291e-08
2.36839e-08
1.55977e-08
1.00301e-08
6.32906e-09
3.9609e-09
2.49331e-09
1.60555e-09
1.08555e-09
7.96084e-10
6.33903e-10
5.34696e-10
4.65787e-10
4.13836e-10
3.73074e-10
3.39508e-10
3.10013e-10
2.82687e-10
2.56897e-10
2.32794e-10
2.10708e-10
1.90789e-10
1.72934e-10
1.56907e-10
1.42475e-10
1.29486e-10
1.17853e-10
1.07515e-10
9.83948e-11
9.03754e-11
8.33075e-11
7.70292e-11
7.13771e-11
6.61946e-11
6.13449e-11
5.67215e-11
5.22554e-11
4.79217e-11
4.37394e-11
3.97731e-11
3.60994e-11
3.27677e-11
2.9742e-11
2.69675e-11
2.44354e-11
2.21285e-11
2.00247e-11
1.81082e-11
1.63689e-11
1.47896e-11
1.33499e-11
1.20389e-11
1.08528e-11
9.78579e-12
8.82236e-12
7.94141e-12
7.13314e-12
6.3942e-12
5.72025e-12
5.10769e-12
4.55455e-12
4.05487e-12
3.60394e-12
3.20315e-12
2.85299e-12
2.54722e-12
2.2772e-12
2.03843e-12
1.82833e-12
1.64304e-12
1.47822e-12
1.33139e-12
1.20114e-12
1.08449e-12
9.79327e-13
8.84878e-13
8.00017e-13
7.23225e-13
6.53198e-13
5.89009e-13
5.30088e-13
4.76043e-13
4.26517e-13
3.80897e-13
3.38122e-13
2.96797e-13
2.54852e-13
2.09656e-13
1.57888e-13
9.49377e-14
1.44096e-14
0
0
0
0
0
0
0
0
0
0
0
0
0
0
0
0
0
0
0
0
0
0
0
0
0
0
0
0
0
0
0
0
0
0
0
0
0
0
0
0
0
0
0
0
0
0
0
0
0
0
0
0
0
7.53108e-09
1.60114e-08
2.33311e-08
2.95838e-08
3.40989e-08
3.67447e-08
4.00064e-08
4.44932e-08
4.80001e-08
5.10868e-08
5.5869e-08
5.90428e-08
5.97399e-08
6.00838e-08
6.19569e-08
6.42722e-08
6.49694e-08
6.30947e-08
5.97981e-08
5.8283e-08
5.76034e-08
5.66833e-08
5.51277e-08
5.18749e-08
4.80109e-08
4.46195e-08
4.26718e-08
4.31957e-08
4.849e-08
6.66353e-08
8.46987e-08
9.09797e-08
8.92487e-08
8.34508e-08
6.93042e-08
4.95783e-08
3.42702e-08
2.31093e-08
1.52258e-08
9.79562e-09
6.16995e-09
3.83691e-09
2.38604e-09
1.50594e-09
9.82082e-10
6.82265e-10
5.21504e-10
4.37478e-10
3.8653e-10
3.45159e-10
3.09168e-10
2.79023e-10
2.54512e-10
2.3402e-10
2.15747e-10
1.98699e-10
1.82718e-10
1.67997e-10
1.54634e-10
1.42485e-10
1.31282e-10
1.20823e-10
1.11069e-10
1.02117e-10
9.40865e-11
8.70143e-11
8.08127e-11
7.53134e-11
7.03348e-11
6.57247e-11
6.13793e-11
5.72455e-11
5.33017e-11
4.95375e-11
4.59467e-11
4.25084e-11
3.91829e-11
3.59646e-11
3.29232e-11
3.01156e-11
2.75171e-11
2.51108e-11
2.28883e-11
2.0838e-11
1.89473e-11
1.7206e-11
1.56122e-11
1.41639e-11
1.28455e-11
1.16345e-11
1.05163e-11
9.48378e-12
8.53821e-12
7.67884e-12
6.89481e-12
6.17335e-12
5.50943e-12
4.90277e-12
4.35447e-12
3.86715e-12
3.44199e-12
3.07514e-12
2.75762e-12
2.47959e-12
2.23315e-12
2.01191e-12
1.81076e-12
1.62747e-12
1.46185e-12
1.3127e-12
1.17841e-12
1.05801e-12
9.50285e-13
8.53499e-13
7.66101e-13
6.87046e-13
6.15579e-13
5.51296e-13
4.93735e-13
4.42024e-13
3.95009e-13
3.51085e-13
3.08087e-13
2.63532e-13
2.14367e-13
1.56089e-13
8.21394e-14
0
0
0
0
0
0
0
0
0
0
0
0
0
0
0
0
0
0
0
0
0
0
0
0
0
0
0
2.86032e-08
4.57423e-08
1.37651e-08
0
0
0
0
0
0
0
0
0
0
0
0
0
0
0
0
0
0
0
0
0
0
5.81854e-09
1.13755e-08
1.58961e-08
1.97163e-08
2.26975e-08
2.49932e-08
2.70159e-08
2.81918e-08
2.72221e-08
2.72164e-08
3.23666e-08
3.99426e-08
4.6253e-08
5.06843e-08
5.37902e-08
5.52297e-08
5.52776e-08
5.34745e-08
4.97544e-08
4.73256e-08
4.60113e-08
4.47085e-08
4.31898e-08
4.17341e-08
3.9718e-08
3.7399e-08
3.48329e-08
3.35489e-08
3.46677e-08
3.97558e-08
5.5319e-08
7.32696e-08
8.09213e-08
8.04326e-08
7.58111e-08
6.45659e-08
4.65929e-08
3.22493e-08
2.17279e-08
1.43101e-08
9.21659e-09
5.81078e-09
3.60523e-09
2.22401e-09
1.38289e-09
8.80728e-10
5.87384e-10
4.20184e-10
3.28974e-10
2.81545e-10
2.57361e-10
2.40153e-10
2.22812e-10
2.04861e-10
1.88194e-10
1.73739e-10
1.61197e-10
1.49891e-10
1.39463e-10
1.29923e-10
1.21355e-10
1.13679e-10
1.06656e-10
1.00032e-10
9.36859e-11
8.76478e-11
8.20266e-11
7.69094e-11
7.23054e-11
6.81559e-11
6.43595e-11
6.07922e-11
5.73444e-11
5.39546e-11
5.06088e-11
4.73259e-11
4.41419e-11
4.10836e-11
3.81551e-11
3.53582e-11
3.27043e-11
3.01955e-11
2.78189e-11
2.55621e-11
2.34273e-11
2.14303e-11
1.95796e-11
1.78717e-11
1.62908e-11
1.48204e-11
1.34548e-11
1.21955e-11
1.10393e-11
9.97466e-12
8.98933e-12
8.07405e-12
7.22554e-12
6.44626e-12
5.74035e-12
5.11026e-12
4.55662e-12
4.07615e-12
3.65878e-12
3.29011e-12
2.95825e-12
2.65736e-12
2.38491e-12
2.13877e-12
1.91729e-12
1.7195e-12
1.54334e-12
1.38605e-12
1.24529e-12
1.119e-12
1.00512e-12
9.02128e-13
8.09166e-13
7.25819e-13
6.5183e-13
5.86539e-13
5.2878e-13
4.77318e-13
4.30748e-13
3.87129e-13
3.4443e-13
3.00384e-13
2.51068e-13
1.90577e-13
1.09955e-13
0
0
0
0
0
0
0
0
0
0
0
0
0
0
0
0
0
0
0
0
0
0
0
0
0
0
0
0
7.57996e-08
6.50568e-08
0
0
0
0
0
0
0
0
0
0
0
0
0
0
0
0
0
0
0
2.13737e-09
7.35227e-09
1.14325e-08
1.43037e-08
1.58993e-08
1.63253e-08
1.61236e-08
1.564e-08
1.4385e-08
1.31855e-08
1.59486e-08
2.28132e-08
3.10275e-08
3.74167e-08
4.12458e-08
4.28451e-08
4.2901e-08
4.2718e-08
4.18548e-08
3.89925e-08
3.60804e-08
3.41645e-08
3.28755e-08
3.1966e-08
3.11751e-08
3.02766e-08
2.92761e-08
2.81358e-08
2.62108e-08
2.54738e-08
2.70059e-08
3.18008e-08
4.49783e-08
6.1782e-08
6.99784e-08
7.02624e-08
6.63153e-08
5.72061e-08
4.15511e-08
2.87927e-08
1.93887e-08
1.27693e-08
8.24146e-09
5.21537e-09
3.24458e-09
1.9979e-09
1.23052e-09
7.68292e-10
4.95617e-10
3.41144e-10
2.56572e-10
2.09991e-10
1.83186e-10
1.67235e-10
1.57711e-10
1.50844e-10
1.44059e-10
1.36925e-10
1.29923e-10
1.23294e-10
1.1669e-10
1.09991e-10
1.03324e-10
9.69498e-11
9.10967e-11
8.58618e-11
8.12282e-11
7.71139e-11
7.34092e-11
7.00091e-11
6.68398e-11
6.38532e-11
6.10133e-11
5.82852e-11
5.56256e-11
5.29878e-11
5.03382e-11
4.76655e-11
4.49819e-11
4.23135e-11
3.96839e-11
3.71081e-11
3.46004e-11
3.21829e-11
2.98746e-11
2.76878e-11
2.56223e-11
2.36661e-11
2.18119e-11
2.00537e-11
1.8394e-11
1.68355e-11
1.5376e-11
1.40084e-11
1.2723e-11
1.15147e-11
1.03859e-11
9.33892e-12
8.37258e-12
7.48679e-12
6.68576e-12
5.97342e-12
5.34721e-12
4.79697e-12
4.30883e-12
3.8713e-12
3.47719e-12
3.12246e-12
2.80341e-12
2.51584e-12
2.25624e-12
2.0226e-12
1.81288e-12
1.62462e-12
1.45556e-12
1.30367e-12
1.16706e-12
1.04434e-12
9.34649e-13
8.37536e-13
7.52476e-13
6.78654e-13
6.14772e-13
5.5943e-13
5.11461e-13
4.69477e-13
4.31853e-13
3.97721e-13
3.65543e-13
3.33716e-13
3.02849e-13
2.76557e-13
2.23847e-13
0
0
0
0
0
0
0
0
0
0
0
0
0
0
0
0
0
0
0
0
0
0
0
0
0
6.61166e-08
1.3428e-07
1.57753e-07
1.1041e-07
0
0
0
0
0
0
0
0
0
0
4.82842e-09
0
0
0
0
2.28296e-09
7.30175e-09
1.00975e-08
1.11105e-08
1.10312e-08
1.00759e-08
8.46607e-09
6.60281e-09
4.875e-09
3.2725e-09
1.79389e-09
2.88437e-09
8.28972e-09
1.52971e-08
2.15644e-08
2.60586e-08
2.84377e-08
2.91804e-08
2.94021e-08
2.97875e-08
2.9959e-08
2.84901e-08
2.59106e-08
2.35818e-08
2.21727e-08
2.13859e-08
2.08898e-08
2.08164e-08
2.11126e-08
2.1488e-08
2.12075e-08
1.96192e-08
1.91103e-08
2.08229e-08
2.50885e-08
3.59301e-08
5.07657e-08
5.90836e-08
5.99594e-08
5.64738e-08
4.90705e-08
3.58414e-08
2.48222e-08
1.67186e-08
1.10281e-08
7.1482e-09
4.55571e-09
2.85625e-09
1.76759e-09
1.08771e-09
6.71224e-10
4.20836e-10
2.73887e-10
1.92554e-10
1.52086e-10
1.32785e-10
1.21479e-10
1.12753e-10
1.05642e-10
1.00006e-10
9.53572e-11
9.12134e-11
8.75713e-11
8.47918e-11
8.26635e-11
8.07888e-11
7.88313e-11
7.65733e-11
7.39308e-11
7.09712e-11
6.78841e-11
6.48815e-11
6.21037e-11
5.95929e-11
5.73265e-11
5.52561e-11
5.33229e-11
5.14638e-11
4.96178e-11
4.77363e-11
4.57926e-11
4.37851e-11
4.17326e-11
3.96611e-11
3.75886e-11
3.55184e-11
3.3449e-11
3.13882e-11
2.93541e-11
2.73684e-11
2.54497e-11
2.36099e-11
2.18601e-11
2.02055e-11
1.86398e-11
1.71522e-11
1.57395e-11
1.44041e-11
1.31442e-11
1.19543e-11
1.0832e-11
9.77819e-12
8.80114e-12
7.91239e-12
7.11599e-12
6.4052e-12
5.76906e-12
5.19794e-12
4.68298e-12
4.21646e-12
3.79189e-12
3.40452e-12
3.05115e-12
2.73003e-12
2.43999e-12
2.17916e-12
1.94461e-12
1.73346e-12
1.54322e-12
1.37193e-12
1.21823e-12
1.08131e-12
9.60392e-13
8.54374e-13
7.61672e-13
6.80515e-13
6.09221e-13
5.46424e-13
4.90948e-13
4.41597e-13
3.96896e-13
3.55415e-13
3.17171e-13
2.88095e-13
3.1255e-13
6.28363e-13
2.97788e-13
0
0
0
0
0
0
0
0
0
0
0
0
0
0
0
0
0
0
0
0
0
0
0
0
0
0
0
3.34031e-08
4.62759e-08
2.73296e-08
0
0
0
0
0
0
0
0
0
0
0
0
0
8.88599e-09
1.68981e-08
1.79375e-08
1.46111e-08
8.99169e-09
2.72001e-09
0
0
0
0
4.86669e-09
9.66134e-09
1.27343e-08
1.46947e-08
1.61434e-08
1.73768e-08
1.84979e-08
1.91507e-08
1.93176e-08
1.92951e-08
1.86083e-08
1.70344e-08
1.52213e-08
1.40121e-08
1.36422e-08
1.38068e-08
1.45053e-08
1.57016e-08
1.70225e-08
1.81042e-08
1.82566e-08
1.63336e-08
1.55404e-08
1.72986e-08
2.11955e-08
3.04002e-08
4.40812e-08
5.27212e-08
5.41747e-08
5.09146e-08
4.42854e-08
3.25738e-08
2.25942e-08
1.52788e-08
1.01307e-08
6.61301e-09
4.25449e-09
2.69563e-09
1.68168e-09
1.03545e-09
6.34492e-10
3.91565e-10
2.46669e-10
1.61441e-10
1.13003e-10
8.85963e-11
7.89935e-11
7.60429e-11
7.47904e-11
7.35412e-11
7.21067e-11
7.04912e-11
6.85437e-11
6.62058e-11
6.36459e-11
6.11344e-11
5.89069e-11
5.70802e-11
5.56022e-11
5.43094e-11
5.30461e-11
5.17276e-11
5.03297e-11
4.88608e-11
4.73499e-11
4.58494e-11
4.44146e-11
4.30688e-11
4.17954e-11
4.05595e-11
3.93316e-11
3.80993e-11
3.6866e-11
3.56381e-11
3.44131e-11
3.31775e-11
3.19124e-11
3.06008e-11
2.92299e-11
2.77921e-11
2.6289e-11
2.47397e-11
2.31874e-11
2.16548e-11
2.01506e-11
1.86846e-11
1.72696e-11
1.59126e-11
1.46119e-11
1.33667e-11
1.21831e-11
1.10724e-11
1.00472e-11
9.1159e-12
8.27778e-12
7.52433e-12
6.84437e-12
6.22698e-12
5.66231e-12
5.14315e-12
4.66526e-12
4.22627e-12
3.82438e-12
3.45804e-12
3.12543e-12
2.824e-12
2.55047e-12
2.30183e-12
2.07573e-12
1.87067e-12
1.68594e-12
1.52129e-12
1.37605e-12
1.2488e-12
1.13758e-12
1.04026e-12
9.55237e-13
8.81639e-13
8.18814e-13
7.66372e-13
7.24472e-13
6.93494e-13
6.75268e-13
6.75139e-13
7.11595e-13
1.00658e-12
7.80691e-13
1.50945e-13
0
0
0
0
0
0
0
0
0
0
0
0
0
0
0
0
0
0
0
0
0
0
0
0
0
0
4.5189e-08
1.02319e-07
9.07813e-08
4.8185e-08
2.39172e-09
0
0
0
0
0
0
0
0
0
0
0
1.69945e-08
3.28511e-08
3.75531e-08
3.30902e-08
2.31081e-08
1.19754e-08
4.09825e-09
2.06507e-09
4.99558e-09
9.22184e-09
1.17109e-08
1.18006e-08
1.03417e-08
8.84673e-09
8.487e-09
9.13135e-09
9.47788e-09
9.32829e-09
9.39655e-09
9.36154e-09
8.738e-09
7.56525e-09
6.33697e-09
5.64177e-09
5.49006e-09
5.83126e-09
6.72194e-09
7.97398e-09
9.36776e-09
1.05769e-08
1.03229e-08
7.65174e-09
6.87156e-09
9.07457e-09
1.27931e-08
2.00365e-08
3.14183e-08
3.98118e-08
4.17397e-08
3.88314e-08
3.31706e-08
2.4113e-08
1.6525e-08
1.11025e-08
7.34854e-09
4.81171e-09
3.11881e-09
1.99568e-09
1.25652e-09
7.77639e-10
4.73698e-10
2.84777e-10
1.70565e-10
1.03342e-10
6.52129e-11
4.51058e-11
3.58153e-11
3.21575e-11
3.08352e-11
3.0298e-11
2.99737e-11
2.97239e-11
2.9506e-11
2.92762e-11
2.90396e-11
2.88069e-11
2.85732e-11
2.83429e-11
2.81113e-11
2.786e-11
2.75825e-11
2.72792e-11
2.69503e-11
2.65933e-11
2.62029e-11
2.57752e-11
2.53153e-11
2.48291e-11
2.43122e-11
2.37588e-11
2.31641e-11
2.2533e-11
2.18818e-11
2.123e-11
2.0591e-11
1.9968e-11
1.93605e-11
1.87702e-11
1.82027e-11
1.76648e-11
1.71555e-11
1.6652e-11
1.60992e-11
1.54791e-11
1.48013e-11
1.40825e-11
1.33369e-11
1.25726e-11
1.17949e-11
1.10134e-11
1.0242e-11
9.49465e-12
8.78499e-12
8.12359e-12
7.51303e-12
6.94827e-12
6.42132e-12
5.92575e-12
5.45855e-12
5.01894e-12
4.60677e-12
4.22119e-12
3.86143e-12
3.52737e-12
3.21903e-12
2.93553e-12
2.67521e-12
2.43602e-12
2.2164e-12
2.01575e-12
1.83435e-12
1.67274e-12
1.53083e-12
1.40741e-12
1.30077e-12
1.20882e-12
1.13038e-12
1.06512e-12
1.01311e-12
9.75204e-13
9.53664e-13
9.51211e-13
9.72542e-13
1.02361e-12
1.07664e-12
7.75196e-13
7.26027e-13
6.43971e-13
3.97002e-13
2.4894e-13
1.60186e-13
1.05762e-13
7.08217e-14
4.63455e-14
2.99465e-14
1.15569e-14
0
0
0
0
0
0
0
0
0
0
0
0
0
0
0
0
6.31595e-07
1.11337e-06
9.61902e-07
6.60866e-07
3.94363e-07
2.06321e-07
8.8423e-08
2.05518e-08
0
0
0
0
0
0
0
0
0
0
0
1.17916e-08
2.9196e-08
2.85625e-08
1.69301e-08
5.5994e-09
1.13883e-10
0
4.09445e-10
1.1782e-09
9.41473e-10
0
0
0
0
0
0
0
0
0
0
0
0
0
0
0
0
0
0
0
0
0
0
0
0
0
0
3.79612e-09
5.88171e-09
3.69722e-09
3.39667e-10
0
0
0
0
0
0
0
0
0
0
0
6.27479e-12
7.50403e-12
6.48404e-12
4.9523e-12
3.60747e-12
2.65602e-12
2.21678e-12
2.25457e-12
2.54271e-12
2.91689e-12
3.42346e-12
3.96979e-12
4.50206e-12
5.03018e-12
5.54709e-12
6.05242e-12
6.54514e-12
7.01076e-12
7.45389e-12
7.86493e-12
8.24245e-12
8.58136e-12
8.87965e-12
9.13438e-12
9.34605e-12
9.51974e-12
9.65295e-12
9.74735e-12
9.79993e-12
9.81144e-12
9.78875e-12
9.74091e-12
9.67671e-12
9.59575e-12
9.4966e-12
9.37364e-12
9.22431e-12
9.04672e-12
8.84045e-12
8.60475e-12
8.34037e-12
8.04911e-12
7.73611e-12
7.40828e-12
7.07027e-12
6.72407e-12
6.37107e-12
6.01432e-12
5.65848e-12
5.31075e-12
4.98038e-12
4.67381e-12
4.39013e-12
4.12385e-12
3.86948e-12
3.62388e-12
3.38681e-12
3.15764e-12
2.93608e-12
2.7224e-12
2.51691e-12
2.32053e-12
2.13428e-12
1.95865e-12
1.79342e-12
1.63802e-12
1.49226e-12
1.35688e-12
1.23312e-12
1.12225e-12
1.02453e-12
9.39085e-13
8.64528e-13
7.98983e-13
7.41483e-13
6.91708e-13
6.49754e-13
6.15744e-13
5.90628e-13
5.746e-13
5.6698e-13
5.63306e-13
5.26602e-13
3.14881e-13
2.16299e-13
2.9829e-13
2.41614e-13
1.87604e-13
1.5392e-13
1.3514e-13
1.25949e-13
1.21524e-13
1.25477e-13
1.27528e-13
1.4228e-13
1.48681e-13
1.7455e-13
1.76515e-13
1.92414e-13
1.27384e-13
6.99768e-15
0
0
0
0
0
0
0
1.31022e-06
1.9921e-06
1.92501e-06
1.62089e-06
1.28757e-06
9.49014e-07
5.80133e-07
2.76072e-07
8.95128e-08
0
0
0
0
0
0
0
0
0
0
0
0
0
0
0
0
0
0
0
0
0
0
0
0
0
0
0
0
0
0
0
0
0
0
0
0
0
0
0
0
0
0
0
0
0
0
0
0
0
0
0
0
0
0
0
0
0
0
0
0
0
0
0
0
0
0
0
0
0
0
0
0
0
0
0
0
0
0
0
0
0
0
0
0
5.48461e-15
6.14123e-14
1.3339e-13
2.28748e-13
3.54417e-13
5.02068e-13
6.73484e-13
8.62616e-13
1.0633e-12
1.2691e-12
1.47483e-12
1.67957e-12
1.87888e-12
2.068e-12
2.243e-12
2.40184e-12
2.53723e-12
2.65095e-12
2.74132e-12
2.80958e-12
2.85402e-12
2.87735e-12
2.88303e-12
2.87391e-12
2.84929e-12
2.80874e-12
2.75371e-12
2.68665e-12
2.61356e-12
2.54153e-12
2.47353e-12
2.40851e-12
2.34282e-12
2.27412e-12
2.20054e-12
2.12047e-12
2.03662e-12
1.95108e-12
1.8634e-12
1.77352e-12
1.6816e-12
1.58766e-12
1.49281e-12
1.39832e-12
1.30515e-12
1.21442e-12
1.12784e-12
1.04723e-12
9.74176e-13
9.0932e-13
8.52255e-13
8.02163e-13
7.58079e-13
7.19798e-13
6.87841e-13
6.63346e-13
6.47005e-13
6.40569e-13
6.45444e-13
6.62507e-13
6.89706e-13
7.02303e-13
6.37979e-13
5.81048e-13
5.39441e-13
4.47582e-13
3.73361e-13
3.26198e-13
2.97615e-13
2.87431e-13
2.87879e-13
3.11322e-13
3.43104e-13
4.15246e-13
5.06666e-13
6.80486e-13
8.75263e-13
1.19769e-12
1.45012e-12
1.81591e-12
1.60384e-12
9.76902e-13
0
0
0
0
0
3.81892e-07
6.1949e-07
7.70588e-07
7.40483e-07
5.14567e-07
1.66917e-07
2.62175e-08
1.17274e-07
1.30688e-07
4.9607e-08
0
0
0
0
0
0
0
0
0
0
0
0
0
0
0
0
0
0
0
0
0
0
0
0
0
0
0
0
0
0
0
0
0
0
0
0
0
0
0
0
0
0
0
0
0
0
0
0
0
0
0
0
0
0
0
0
0
0
0
0
0
0
0
0
0
0
0
0
0
0
0
0
0
0
0
0
0
0
0
0
0
0
0
0
0
0
0
0
0
0
0
0
0
0
0
0
6.25842e-15
2.70844e-14
5.71064e-14
9.97863e-14
1.54395e-13
2.17178e-13
2.89449e-13
3.65351e-13
4.4376e-13
5.21334e-13
5.97174e-13
6.68863e-13
7.29659e-13
7.85395e-13
8.33909e-13
8.77121e-13
9.20473e-13
9.61142e-13
9.98634e-13
1.03207e-12
1.05964e-12
1.07917e-12
1.0896e-12
1.09184e-12
1.0859e-12
1.07244e-12
1.05414e-12
1.03324e-12
1.01012e-12
9.82788e-13
9.50079e-13
9.12718e-13
8.72315e-13
8.3083e-13
7.89935e-13
7.50926e-13
7.14435e-13
6.80468e-13
6.48896e-13
6.19695e-13
5.93011e-13
5.70015e-13
5.51827e-13
5.3905e-13
5.32619e-13
5.31004e-13
5.32112e-13
5.26761e-13
4.93276e-13
4.29282e-13
4.16784e-13
4.44297e-13
4.39928e-13
4.18315e-13
3.99475e-13
3.89784e-13
4.00398e-13
4.2585e-13
4.89027e-13
5.78435e-13
7.55466e-13
1.00001e-12
1.45705e-12
2.04047e-12
3.07709e-12
4.18659e-12
5.92401e-12
6.93049e-12
7.92152e-12
6.02076e-12
1.99531e-12
0
0
0
6.8365e-07
6.59106e-07
5.83251e-07
4.46084e-07
2.5878e-07
9.8612e-08
3.51234e-08
3.44388e-08
2.98359e-08
0
0
0
0
0
0
0
2.13774e-08
4.74729e-08
4.56779e-08
2.71984e-08
3.60265e-09
0
0
0
0
0
0
0
0
0
0
0
0
0
0
0
0
0
0
0
0
0
0
0
0
0
0
0
0
0
0
0
0
0
0
0
0
0
0
0
0
0
0
0
0
0
0
0
0
0
0
0
0
0
0
0
0
0
0
0
0
0
0
0
0
0
0
0
0
0
0
0
0
0
0
0
0
0
0
0
0
0
0
0
0
0
0
0
0
0
0
0
0
0
0
4.47503e-15
1.5171e-14
3.07254e-14
5.22767e-14
7.70619e-14
1.07486e-13
1.45072e-13
1.88826e-13
2.31733e-13
2.74509e-13
3.19422e-13
3.66956e-13
4.11949e-13
4.49636e-13
4.84996e-13
5.16158e-13
5.40632e-13
5.61956e-13
5.78196e-13
5.88634e-13
5.9285e-13
5.90625e-13
5.82996e-13
5.71113e-13
5.55979e-13
5.38555e-13
5.19681e-13
5e-13
4.79899e-13
4.59767e-13
4.39962e-13
4.21056e-13
4.04103e-13
3.90321e-13
3.8095e-13
3.76953e-13
3.78716e-13
3.86491e-13
3.98507e-13
4.12565e-13
4.25794e-13
4.3676e-13
4.40871e-13
4.40512e-13
4.34221e-13
4.36677e-13
4.477e-13
4.84594e-13
5.40409e-13
6.49081e-13
8.08473e-13
1.11659e-12
1.55532e-12
2.39521e-12
3.51643e-12
5.64355e-12
8.11351e-12
1.25887e-11
1.62162e-11
2.32437e-11
2.1406e-11
2.26249e-11
9.22235e-13
0
0
4.86497e-07
4.32353e-07
4.05627e-07
3.70868e-07
3.32604e-07
2.92186e-07
2.4121e-07
1.6708e-07
7.42455e-08
0
0
0
0
3.51224e-08
7.97699e-08
1.14793e-07
1.3256e-07
1.29672e-07
1.07524e-07
7.06865e-08
2.75621e-08
0
0
0
0
0
0
0
0
0
0
0
0
0
0
0
0
0
0
0
0
0
0
0
0
0
0
0
0
0
0
0
0
0
0
0
0
0
0
0
0
0
0
0
0
0
0
0
0
0
0
0
0
0
0
0
0
0
0
0
0
0
0
0
0
0
0
0
0
0
0
0
0
0
0
0
0
0
0
0
0
0
0
0
0
0
0
0
0
0
0
0
0
0
0
0
0
0
0
0
0
0
7.62121e-15
2.09227e-14
3.74794e-14
6.16193e-14
9.36282e-14
1.28973e-13
1.65695e-13
2.03444e-13
2.41009e-13
2.80244e-13
3.18199e-13
3.4994e-13
3.78773e-13
4.04758e-13
4.26207e-13
4.43505e-13
4.55855e-13
4.63216e-13
4.6604e-13
4.65009e-13
4.60853e-13
4.54297e-13
4.46099e-13
4.36957e-13
4.27678e-13
4.19412e-13
4.13432e-13
4.11077e-13
4.1298e-13
4.1835e-13
4.24826e-13
4.2771e-13
4.25023e-13
4.22412e-13
4.36236e-13
4.67251e-13
4.9892e-13
5.18423e-13
5.4135e-13
5.68433e-13
6.29067e-13
7.10693e-13
8.74481e-13
1.11439e-12
1.58313e-12
2.26161e-12
3.59435e-12
5.39776e-12
8.99897e-12
1.32681e-11
2.18719e-11
2.93689e-11
4.46413e-11
4.70026e-11
5.84155e-11
2.74794e-11
3.5088e-12
0
1.08224e-07
2.27477e-07
3.52947e-07
4.21378e-07
4.21064e-07
3.614e-07
2.63907e-07
1.50375e-07
3.71433e-08
0
0
0
0
0
0
0
0
0
0
0
0
0
0
0
0
0
0
0
0
0
0
0
0
0
0
0
0
0
0
0
0
0
0
0
0
0
0
0
0
0
0
0
0
0
0
0
0
0
0
0
0
0
0
0
0
0
0
0
0
0
0
0
0
0
0
0
0
0
0
0
0
0
0
0
0
0
0
0
0
0
0
0
0
0
0
0
0
0
0
0
0
0
0
0
0
0
0
0
0
0
0
0
0
0
0
0
0
0
0
0
0
0
0
0
0
0
0
1.7877e-14
3.7273e-14
5.88308e-14
8.60667e-14
1.1828e-13
1.50338e-13
1.81327e-13
2.08675e-13
2.31467e-13
2.51912e-13
2.69296e-13
2.82054e-13
2.90535e-13
2.94654e-13
2.94335e-13
2.898e-13
2.81416e-13
2.69647e-13
2.5504e-13
2.38223e-13
2.19783e-13
2.00512e-13
1.80963e-13
1.60351e-13
1.36824e-13
1.08821e-13
7.70514e-14
4.91442e-14
4.09101e-14
6.94803e-14
1.31283e-13
2.10192e-13
2.8508e-13
3.58513e-13
4.26642e-13
5.17075e-13
6.30005e-13
8.31942e-13
1.12695e-12
1.7026e-12
2.55853e-12
4.28353e-12
6.68408e-12
1.17082e-11
1.7794e-11
3.11548e-11
4.31145e-11
7.17787e-11
7.92895e-11
1.37081e-10
6.55651e-11
6.05143e-11
0
3.11706e-08
4.04823e-07
4.94839e-07
4.79632e-07
4.18463e-07
3.31739e-07
2.29276e-07
1.21366e-07
2.01087e-08
0
0
0
0
0
0
0
0
0
0
0
0
0
0
0
0
0
0
0
0
0
0
0
0
0
0
0
0
0
0
0
0
0
0
0
0
0
0
0
0
0
0
0
0
0
0
0
0
0
0
0
0
0
0
0
0
0
0
0
0
0
0
0
0
0
0
0
0
0
0
0
0
0
0
0
0
0
0
0
0
0
0
0
0
0
0
0
0
0
0
0
0
0
0
0
0
0
0
0
0
0
0
0
0
0
0
0
0
0
0
0
0
0
0
0
0
1.02147e-14
7.66744e-14
1.3962e-13
2.00238e-13
2.59198e-13
3.15209e-13
3.67368e-13
4.14072e-13
4.5367e-13
4.83142e-13
5.0047e-13
5.07384e-13
5.06114e-13
4.98486e-13
4.85403e-13
4.67286e-13
4.44661e-13
4.18371e-13
3.8926e-13
3.58049e-13
3.25577e-13
2.92682e-13
2.60395e-13
2.30134e-13
2.02584e-13
1.77478e-13
1.54288e-13
1.33814e-13
1.18729e-13
1.14972e-13
1.28441e-13
1.63801e-13
2.16798e-13
2.82054e-13
3.48564e-13
4.23149e-13
5.02002e-13
6.16139e-13
7.683e-13
1.0398e-12
1.44596e-12
2.22796e-12
3.40988e-12
5.7672e-12
9.09787e-12
1.60971e-11
2.46642e-11
4.42085e-11
6.17565e-11
1.0838e-10
1.21752e-10
2.29519e-10
1.19198e-10
1.93116e-10
0
0
1.97434e-07
3.24785e-07
3.81673e-07
3.9079e-07
3.7137e-07
3.37298e-07
2.95321e-07
2.45824e-07
1.86094e-07
1.20192e-07
5.72113e-08
3.53958e-09
0
0
0
0
0
0
0
0
0
0
0
0
0
0
0
0
0
0
0
0
0
0
0
0
0
0
0
0
0
0
0
0
0
0
0
0
0
0
0
0
0
0
0
0
0
0
0
0
0
0
0
0
0
0
0
0
0
0
0
0
0
0
0
0
0
0
0
0
0
0
0
0
0
0
0
0
0
0
0
0
0
0
0
0
0
0
0
0
0
0
0
0
0
0
0
0
0
0
0
0
0
0
0
1.15903e-13
4.43713e-13
7.5298e-13
1.0479e-12
1.32631e-12
1.58335e-12
1.81627e-12
2.02827e-12
2.21255e-12
2.35901e-12
2.4653e-12
2.53561e-12
2.57585e-12
2.59021e-12
2.58018e-12
2.54521e-12
2.48554e-12
2.403e-12
2.30205e-12
2.18813e-12
2.06608e-12
1.93923e-12
1.8105e-12
1.6821e-12
1.55596e-12
1.43366e-12
1.31716e-12
1.20756e-12
1.1054e-12
1.01097e-12
9.25332e-13
8.49272e-13
7.8438e-13
7.31287e-13
6.89119e-13
6.56587e-13
6.32659e-13
6.17191e-13
6.13744e-13
6.18428e-13
6.32564e-13
6.59766e-13
6.9501e-13
7.31309e-13
7.86958e-13
8.61987e-13
1.00214e-12
1.19273e-12
1.54893e-12
2.08149e-12
3.10138e-12
4.61465e-12
7.61056e-12
1.17734e-11
2.06072e-11
3.11717e-11
5.64244e-11
7.81214e-11
1.4253e-10
1.58891e-10
3.23001e-10
1.6886e-10
4.1897e-10
0
2.05437e-09
1.96481e-07
1.90818e-07
1.07317e-07
4.02218e-08
2.94433e-08
8.49515e-08
2.07996e-07
3.94353e-07
6.35531e-07
9.03133e-07
1.11233e-06
1.20844e-06
1.07561e-06
7.19805e-07
3.64762e-07
1.48538e-07
3.96671e-08
0
0
0
3.75864e-08
1.185e-07
1.74311e-07
1.85995e-07
1.55416e-07
9.22883e-08
1.01843e-08
0
0
0
0
0
0
0
0
0
0
0
0
0
0
0
0
0
0
0
0
0
0
0
0
0
0
0
0
0
0
0
0
0
0
0
0
0
0
0
0
0
0
0
0
0
0
0
0
0
0
0
0
0
0
0
0
0
0
0
0
0
0
0
0
0
0
0
0
0
0
0
0
0
0
0
8.52325e-13
2.75034e-12
4.53699e-12
6.23622e-12
7.84238e-12
9.34218e-12
1.07119e-11
1.19489e-11
1.30665e-11
1.40549e-11
1.4884e-11
1.55326e-11
1.60006e-11
1.6303e-11
1.64543e-11
1.64667e-11
1.63485e-11
1.61064e-11
1.5745e-11
1.52745e-11
1.47081e-11
1.40642e-11
1.33601e-11
1.26131e-11
1.18378e-11
1.10486e-11
1.02566e-11
9.47117e-12
8.69808e-12
7.94443e-12
7.2162e-12
6.52169e-12
5.86764e-12
5.25891e-12
4.69652e-12
4.18156e-12
3.7128e-12
3.28849e-12
2.90606e-12
2.56448e-12
2.26088e-12
1.99271e-12
1.75578e-12
1.54813e-12
1.36695e-12
1.21186e-12
1.08118e-12
9.72663e-13
8.83677e-13
8.13162e-13
7.59108e-13
7.261e-13
7.08633e-13
7.08424e-13
7.33896e-13
7.79391e-13
8.31091e-13
9.09374e-13
1.01658e-12
1.20853e-12
1.47042e-12
1.94078e-12
2.64525e-12
3.95078e-12
5.88779e-12
9.6272e-12
1.48392e-11
2.57053e-11
3.86561e-11
6.95129e-11
9.53091e-11
1.74768e-10
1.90445e-10
3.95706e-10
1.95338e-10
6.79329e-10
0
1.08943e-07
1.66174e-07
6.66583e-08
0
0
0
0
0
0
0
1.10579e-07
3.24778e-07
5.57319e-07
7.94791e-07
1.00574e-06
1.0707e-06
7.8167e-07
2.92435e-07
0
0
0
0
2.55526e-07
5.70952e-07
5.41564e-07
3.63829e-07
1.82468e-07
4.49708e-08
0
0
0
0
0
0
0
0
0
0
0
0
0
0
0
0
0
0
0
0
0
0
0
0
0
0
0
0
0
3.33773e-09
0
0
0
0
0
0
0
0
0
0
0
0
0
0
0
0
0
0
0
0
0
0
0
0
0
0
0
0
0
0
0
0
1.12168e-13
1.12394e-11
2.15111e-11
3.10097e-11
3.97983e-11
4.79086e-11
5.5361e-11
6.21453e-11
6.82665e-11
7.36991e-11
7.8425e-11
8.24522e-11
8.57984e-11
8.84459e-11
9.03748e-11
9.15779e-11
9.20731e-11
9.18982e-11
9.10961e-11
8.97202e-11
8.78235e-11
8.54627e-11
8.2703e-11
7.95994e-11
7.62047e-11
7.25789e-11
6.87882e-11
6.48834e-11
6.09159e-11
5.69291e-11
5.29638e-11
4.90464e-11
4.52118e-11
4.14877e-11
3.79285e-11
3.4538e-11
3.13296e-11
2.83078e-11
2.54783e-11
2.28269e-11
2.03627e-11
1.80837e-11
1.59903e-11
1.40754e-11
1.2338e-11
1.07738e-11
9.37568e-12
8.13069e-12
7.03149e-12
6.06543e-12
5.21973e-12
4.48372e-12
3.84999e-12
3.29536e-12
2.81568e-12
2.4067e-12
2.062e-12
1.77192e-12
1.53256e-12
1.33618e-12
1.17814e-12
1.05157e-12
9.54739e-13
8.83611e-13
8.41596e-13
8.199e-13
8.26471e-13
8.58989e-13
9.09715e-13
9.75105e-13
1.08714e-12
1.21591e-12
1.44503e-12
1.73846e-12
2.26187e-12
3.06218e-12
4.51031e-12
6.72102e-12
1.08595e-11
1.68434e-11
2.87779e-11
4.37367e-11
7.7493e-11
1.06855e-10
1.92144e-10
2.06169e-10
4.14411e-10
1.80327e-10
7.31789e-10
0
4.15623e-07
3.34815e-07
7.90411e-08
0
0
0
0
0
0
0
0
0
0
9.01391e-08
3.2328e-07
4.51857e-07
4.27965e-07
2.58211e-07
5.15463e-08
0
0
0
0
0
7.29446e-09
6.34764e-08
3.27058e-08
0
0
0
0
0
0
0
0
0
0
0
0
0
0
0
0
0
1.92195e-08
4.75797e-08
5.13591e-08
1.72005e-08
0
0
0
0
9.55452e-08
1.51036e-07
9.44187e-08
0
0
0
0
0
0
0
0
0
0
0
0
0
0
0
0
0
0
0
0
0
0
0
3.0715e-11
9.43193e-11
1.42906e-10
1.81335e-10
2.12274e-10
2.37904e-10
2.62692e-10
2.89655e-10
3.18062e-10
3.46227e-10
3.72872e-10
3.9649e-10
4.15746e-10
4.30116e-10
4.39887e-10
4.45705e-10
4.48162e-10
4.47603e-10
4.44526e-10
4.3894e-10
4.32107e-10
4.23943e-10
4.14436e-10
4.03526e-10
3.91642e-10
3.78002e-10
3.62991e-10
3.46896e-10
3.2997e-10
3.1246e-10
2.94595e-10
2.76602e-10
2.58671e-10
2.40963e-10
2.23629e-10
2.06766e-10
1.90471e-10
1.74828e-10
1.59918e-10
1.45774e-10
1.32432e-10
1.19905e-10
1.08205e-10
9.73137e-11
8.72245e-11
7.79125e-11
6.93344e-11
6.14659e-11
5.42843e-11
4.77597e-11
4.18706e-11
3.66013e-11
3.19027e-11
2.77173e-11
2.40058e-11
2.07164e-11
1.78111e-11
1.52691e-11
1.30316e-11
1.10515e-11
9.33336e-12
7.83862e-12
6.53696e-12
5.38536e-12
4.35946e-12
3.43969e-12
2.60245e-12
1.84255e-12
1.19926e-12
7.04647e-13
3.74755e-13
1.78243e-13
7.38907e-14
2.18324e-14
0
0
0
0
1.00964e-14
2.91046e-14
6.08981e-14
1.10637e-13
1.91838e-13
3.2638e-13
5.37878e-13
8.73836e-13
1.40494e-12
2.24276e-12
3.53651e-12
5.82657e-12
9.5859e-12
1.60846e-11
2.72739e-11
4.42932e-11
7.63607e-11
1.11688e-10
1.89809e-10
2.12288e-10
3.72745e-10
1.4517e-10
4.67061e-10
0
0
0
0
0
0
0
0
0
0
0
0
0
2.77733e-07
5.23883e-07
7.05671e-07
8.51042e-07
9.69855e-07
9.85033e-07
8.40445e-07
5.4656e-07
1.86214e-07
0
0
0
0
0
0
0
1.14214e-08
1.63153e-09
0
0
0
0
0
5.0429e-08
1.69877e-07
2.52549e-07
2.31727e-07
1.33884e-07
4.87623e-08
5.99895e-08
1.45832e-07
2.66964e-07
3.68816e-07
3.87839e-07
3.27085e-07
1.96683e-07
5.27729e-08
0
0
1.92818e-08
1.48721e-07
2.76873e-07
3.11253e-07
2.04073e-07
7.64298e-08
2.69449e-08
2.27683e-08
1.87899e-08
9.58786e-09
1.18922e-09
0
0
3.97906e-10
1.55523e-09
2.06778e-09
2.16798e-09
2.13957e-09
2.1674e-09
2.28962e-09
2.4479e-09
2.57884e-09
2.65338e-09
2.66924e-09
2.63582e-09
2.56654e-09
2.47502e-09
2.37016e-09
2.25815e-09
2.1518e-09
2.05929e-09
1.96978e-09
1.88059e-09
1.82228e-09
1.81267e-09
1.82279e-09
1.82243e-09
1.80525e-09
1.7742e-09
1.73146e-09
1.67926e-09
1.61989e-09
1.55532e-09
1.48714e-09
1.4166e-09
1.34446e-09
1.27169e-09
1.19795e-09
1.12412e-09
1.05099e-09
9.79299e-10
9.09027e-10
8.41702e-10
7.77272e-10
7.15797e-10
6.5736e-10
6.01993e-10
5.49669e-10
5.00359e-10
4.53989e-10
4.10458e-10
3.69632e-10
3.31307e-10
2.95284e-10
2.61339e-10
2.29203e-10
1.98625e-10
1.69307e-10
1.41156e-10
1.143e-10
8.91195e-11
6.63072e-11
4.66614e-11
3.08287e-11
1.89874e-11
1.07962e-11
5.55251e-12
2.44509e-12
7.4185e-13
0
0
0
0
0
0
0
0
0
0
0
0
0
0
0
0
0
0
0
0
0
0
0
4.9164e-16
1.12428e-15
1.0012e-15
2.69391e-16
0
0
0
0
0
0
0
0
0
0
0
0
6.67387e-15
2.16427e-14
4.04525e-13
6.82387e-13
3.252e-12
7.81246e-12
3.63542e-11
7.51501e-11
1.09422e-10
1.41676e-10
0
0
0
0
0
0
0
0
1.71817e-07
2.6559e-07
2.44386e-07
2.70047e-07
4.31286e-07
6.72595e-07
8.20349e-07
8.28392e-07
7.65368e-07
6.79292e-07
5.76491e-07
4.30965e-07
2.50833e-07
8.41181e-08
0
0
0
0
0
0
8.29503e-08
1.75882e-07
2.20326e-07
1.78428e-07
1.08058e-07
7.94925e-08
1.06211e-07
1.66548e-07
2.32324e-07
2.7415e-07
2.55693e-07
1.82199e-07
8.8988e-08
2.49895e-08
1.01838e-08
3.80054e-08
9.02521e-08
1.39829e-07
1.70063e-07
1.69506e-07
1.20439e-07
4.70759e-08
0
1.03227e-08
8.3119e-08
1.72513e-07
2.27395e-07
2.39418e-07
2.20016e-07
1.67277e-07
1.21466e-07
9.01775e-08
6.997e-08
5.76564e-08
4.84672e-08
4.33063e-08
3.89699e-08
3.38773e-08
2.86341e-08
2.42894e-08
2.14586e-08
2.01998e-08
2.00856e-08
2.03574e-08
2.0371e-08
1.98407e-08
1.88148e-08
1.74894e-08
1.60273e-08
1.45339e-08
1.30734e-08
1.16964e-08
1.04348e-08
9.28925e-09
8.25905e-09
7.36374e-09
6.60122e-09
5.92131e-09
5.28471e-09
4.69721e-09
4.16573e-09
3.68067e-09
3.22951e-09
2.80511e-09
2.4049e-09
2.02955e-09
1.68173e-09
1.365e-09
1.08284e-09
8.37726e-10
6.30607e-10
4.60608e-10
3.25255e-10
2.20837e-10
1.42799e-10
8.6378e-11
4.69839e-11
2.0568e-11
3.70506e-12
0
0
0
0
0
0
0
0
0
0
0
0
0
0
0
0
0
0
0
0
0
0
0
0
0
0
0
0
0
0
0
0
0
0
0
0
0
0
0
0
0
1.22319e-15
2.79696e-15
4.2411e-15
5.60629e-15
6.81717e-15
7.90588e-15
8.81982e-15
9.53689e-15
1.00475e-14
1.02564e-14
1.0124e-14
9.5273e-15
8.44928e-15
6.55251e-15
4.11857e-15
0
0
0
0
0
0
0
0
0
0
0
0
0
1.30028e-13
0
7.97242e-13
1.52584e-11
0
0
0
1.82599e-07
5.45712e-07
7.89247e-07
8.12906e-07
7.0285e-07
5.45129e-07
3.87539e-07
2.51217e-07
1.45039e-07
7.34613e-08
3.28336e-08
1.36606e-08
3.38673e-09
0
6.2043e-09
2.71695e-08
5.95997e-08
9.29515e-08
1.14165e-07
1.18991e-07
1.06152e-07
8.01053e-08
4.81135e-08
1.81771e-08
0
0
0
0
8.86437e-09
1.55633e-08
1.9178e-08
2.02003e-08
1.90704e-08
1.57498e-08
1.09953e-08
5.79097e-09
9.12514e-10
0
0
0
3.18636e-09
8.62242e-09
1.28128e-08
1.44816e-08
1.33003e-08
9.44354e-09
3.91343e-09
0
0
0
2.36346e-09
8.14208e-09
1.5685e-08
2.42692e-08
2.80331e-08
2.62125e-08
2.09232e-08
1.53156e-08
1.11592e-08
8.35729e-09
6.99558e-09
6.1033e-09
5.28062e-09
4.60936e-09
4.20611e-09
4.0215e-09
3.92665e-09
3.8232e-09
3.66582e-09
3.43578e-09
3.09676e-09
2.57927e-09
2.0565e-09
1.5882e-09
1.18534e-09
8.52027e-10
5.86837e-10
3.8353e-10
2.33218e-10
1.26031e-10
5.2447e-11
4.10031e-12
0
0
0
0
0
0
0
0
0
0
0
0
0
0
0
0
0
0
0
0
0
0
0
0
0
0
0
0
0
0
0
0
0
0
0
0
0
0
0
0
0
1.78187e-15
4.84146e-15
7.26973e-15
9.27339e-15
1.10185e-14
1.25728e-14
1.40086e-14
1.54016e-14
1.65926e-14
1.80118e-14
1.90778e-14
2.04255e-14
2.15295e-14
2.28346e-14
2.40333e-14
2.53101e-14
2.63988e-14
2.76424e-14
2.87677e-14
2.99247e-14
3.09186e-14
3.2064e-14
3.29528e-14
3.40137e-14
3.4783e-14
3.57416e-14
3.64329e-14
3.71338e-14
3.76624e-14
3.80935e-14
3.84505e-14
3.86088e-14
3.85982e-14
3.83385e-14
3.79028e-14
3.69817e-14
3.59447e-14
3.40644e-14
3.21909e-14
2.82937e-14
2.60402e-14
1.79145e-14
1.69225e-14
0
6.14543e-15
0
7.44467e-16
0
3.1801e-14
0
2.29755e-13
0
5.95458e-13
3.58857e-12
0
0
0
0
0
0
5.28729e-10
7.41273e-10
1.24752e-10
0
0
0
0
0
0
0
0
0
0
1.36187e-09
3.0755e-09
4.44756e-09
5.41841e-09
5.94804e-09
6.18564e-09
6.03945e-09
5.23548e-09
3.69124e-09
1.56943e-09
0
0
0
0
1.17893e-09
2.43961e-09
3.43064e-09
3.81841e-09
3.66445e-09
3.2867e-09
2.88511e-09
2.48614e-09
2.26979e-09
2.29036e-09
2.43543e-09
2.51098e-09
2.35443e-09
2.08986e-09
1.81721e-09
1.57607e-09
1.25911e-09
8.68793e-10
4.88304e-10
3.23752e-10
6.18542e-10
1.41133e-09
2.62466e-09
3.93172e-09
4.96635e-09
5.52199e-09
5.61829e-09
5.31447e-09
4.4386e-09
3.35616e-09
2.50742e-09
1.89627e-09
1.50269e-09
1.28675e-09
1.18364e-09
1.12692e-09
1.0945e-09
1.06102e-09
1.0161e-09
9.67019e-10
9.02609e-10
7.93701e-10
6.74407e-10
5.68465e-10
4.73518e-10
3.89719e-10
3.17409e-10
2.5621e-10
2.05264e-10
1.63443e-10
1.29514e-10
1.02252e-10
8.05131e-11
6.32843e-11
4.96881e-11
3.89913e-11
3.05982e-11
2.40161e-11
1.88558e-11
1.48162e-11
1.16547e-11
9.17916e-12
7.24126e-12
5.72526e-12
4.53863e-12
3.60708e-12
2.87297e-12
2.29453e-12
1.8376e-12
1.47501e-12
1.18675e-12
9.57298e-13
7.73921e-13
6.26989e-13
5.09133e-13
4.14473e-13
3.38253e-13
2.76839e-13
2.27401e-13
1.87342e-13
1.54935e-13
1.28771e-13
1.07507e-13
9.02706e-14
7.62783e-14
6.49374e-14
5.56842e-14
4.81688e-14
4.20409e-14
3.70986e-14
3.30798e-14
2.98394e-14
2.72067e-14
2.50638e-14
2.33323e-14
2.19675e-14
2.09399e-14
2.0147e-14
1.95304e-14
1.90222e-14
1.86836e-14
1.83313e-14
1.82967e-14
1.8071e-14
1.81592e-14
1.81128e-14
1.82716e-14
1.83812e-14
1.85738e-14
1.86892e-14
1.89123e-14
1.90919e-14
1.93007e-14
1.94566e-14
1.96823e-14
1.98118e-14
2.00162e-14
2.01155e-14
2.02887e-14
2.03507e-14
2.04234e-14
2.04338e-14
2.04239e-14
2.03916e-14
2.02896e-14
2.01507e-14
1.99426e-14
1.97284e-14
1.93611e-14
1.90776e-14
1.85014e-14
1.82062e-14
1.7042e-14
1.74197e-14
1.4533e-14
1.78043e-14
8.96822e-15
2.38275e-14
0
5.05281e-14
0
1.70833e-13
0
1.44092e-12
0
2.77659e-11
0
0
0
0
0
0
0
0
0
0
0
0
0
0
0
0
0
0
0
4.29163e-10
6.04991e-10
2.28615e-10
0
0
0
0
0
6.86984e-10
1.10092e-09
5.216e-10
0
0
0
0
0
0
0
0
2.44704e-10
5.19672e-10
3.74327e-10
1.23323e-11
0
0
0
0
0
0
0
0
1.35045e-10
4.36925e-10
5.35294e-10
4.61602e-10
3.8436e-10
4.6697e-10
8.20554e-10
1.46631e-09
2.29497e-09
3.07632e-09
3.4631e-09
3.2022e-09
2.68894e-09
2.14552e-09
1.70685e-09
1.41204e-09
1.23565e-09
1.1309e-09
1.06086e-09
1.02521e-09
9.84172e-10
9.3874e-10
8.93827e-10
8.39182e-10
7.52953e-10
6.55468e-10
5.64188e-10
4.8019e-10
4.03719e-10
3.35557e-10
2.76076e-10
2.25105e-10
1.82112e-10
1.46336e-10
1.16915e-10
9.29622e-11
7.36248e-11
5.81232e-11
4.57629e-11
3.59503e-11
2.81885e-11
2.20603e-11
1.72325e-11
1.34423e-11
1.04762e-11
8.16139e-12
6.36186e-12
4.96747e-12
3.88739e-12
3.04677e-12
2.3904e-12
1.87801e-12
1.4769e-12
1.16162e-12
9.13947e-13
7.19837e-13
5.67269e-13
4.47073e-13
3.52503e-13
2.78207e-13
2.19769e-13
1.73949e-13
1.37895e-13
1.09363e-13
8.70342e-14
6.95195e-14
5.56486e-14
4.46672e-14
3.60569e-14
2.92605e-14
2.38765e-14
1.95793e-14
1.61759e-14
1.34539e-14
1.12677e-14
9.48429e-15
8.03162e-15
6.82695e-15
5.83334e-15
4.99858e-15
4.28827e-15
3.66872e-15
3.11054e-15
2.59449e-15
2.11919e-15
1.67086e-15
1.25818e-15
8.50314e-16
4.60287e-16
6.35374e-17
0
0
0
0
0
0
0
0
0
0
0
0
0
0
0
0
0
0
0
0
0
0
0
0
0
0
0
0
0
0
0
0
0
0
0
1.18354e-13
0
3.82272e-12
0
1.31982e-10
0
0
0
0
0
0
0
0
0
0
0
0
0
0
0
0
0
0
0
0
0
0
0
0
0
0
0
0
0
0
0
0
0
0
0
0
0
0
0
0
0
0
0
0
0
0
0
0
0
0
0
0
0
0
0
0
0
0
5.32853e-10
9.65709e-10
1.23789e-09
1.36794e-09
1.39695e-09
1.3647e-09
1.29775e-09
1.21953e-09
1.12686e-09
1.03699e-09
9.60037e-10
8.95144e-10
8.30637e-10
7.5351e-10
6.76848e-10
6.01212e-10
5.2728e-10
4.56403e-10
3.89871e-10
3.28748e-10
2.73955e-10
2.25977e-10
1.84664e-10
1.49612e-10
1.20273e-10
9.60059e-11
7.61483e-11
6.00536e-11
4.71178e-11
3.67976e-11
2.86129e-11
2.21552e-11
1.70828e-11
1.31112e-11
1.00135e-11
7.61065e-12
5.75774e-12
4.3373e-12
3.25695e-12
2.44093e-12
1.82634e-12
1.36101e-12
1.00832e-12
7.41562e-13
5.3991e-13
3.87408e-13
2.73014e-13
1.88303e-13
1.25777e-13
7.98297e-14
4.65593e-14
2.29432e-14
6.39653e-15
0
0
0
0
0
0
0
0
0
0
0
0
0
0
0
0
0
0
0
0
0
0
0
0
0
0
0
0
0
0
0
0
0
0
0
0
0
0
0
0
0
0
0
0
0
0
0
0
0
0
0
0
0
0
0
0
0
0
0
0
0
0
0
0
0
0
6.76457e-12
0
4.31104e-10
0
0
0
0
0
0
0
0
0
0
0
0
0
0
0
0
0
0
0
0
0
0
0
0
0
0
0
0
0
0
0
0
0
0
0
0
0
0
0
0
0
0
0
0
0
0
0
0
0
0
0
0
0
0
0
0
0
0
0
7.26051e-11
3.1935e-10
4.81411e-10
5.64005e-10
5.84728e-10
5.63889e-10
5.17612e-10
4.61636e-10
4.08287e-10
3.63472e-10
3.27142e-10
2.96244e-10
2.67809e-10
2.39946e-10
2.12119e-10
1.84766e-10
1.58554e-10
1.33992e-10
1.11482e-10
9.15935e-11
7.44973e-11
5.99911e-11
4.78337e-11
3.77758e-11
2.95549e-11
2.29137e-11
1.76083e-11
1.34148e-11
1.01331e-11
7.58675e-12
5.62763e-12
4.13179e-12
2.99718e-12
2.14264e-12
1.50534e-12
1.03609e-12
6.95066e-13
4.51399e-13
2.80157e-13
1.61363e-13
7.92014e-14
2.29082e-14
0
0
0
0
0
0
0
0
0
0
0
0
0
0
0
0
0
0
0
0
0
0
0
0
0
0
0
0
0
0
0
0
0
0
0
0
0
0
0
0
0
0
0
0
0
0
0
0
0
0
0
0
0
0
0
0
0
0
0
0
0
0
0
0
0
0
0
0
0
0
0
0
0
0
0
0
7.65751e-12
0
7.81333e-10
0
0
2.92705e-08
3.7888e-10
1.29282e-09
6.01135e-09
4.87899e-09
2.32096e-09
8.75906e-10
2.79858e-11
0
0
0
0
0
0
0
0
0
0
0
0
0
0
0
0
0
1.92804e-09
0
0
4.50979e-10
3.39028e-10
0
0
0
0
0
0
0
0
0
0
0
0
0
0
0
0
0
0
0
0
1.16284e-10
0
0
0
0
0
0
0
0
0
0
0
0
0
0
0
0
0
0
0
0
0
0
0
0
4.56364e-12
0
0
0
0
0
0
0
0
0
0
0
0
0
0
0
0
0
0
0
0
0
0
0
0
7.36094e-10
0
0
0
0
0
0
0
0
0
0
0
0
0
0
0
0
0
0
0
0
0
0
0
0
0
0
0
0
0
0
0
0
0
0
0
0
0
0
0
0
0
0
0
0
0
0
0
0
0
0
0
0
0
0
0
0
0
0
0
0
0
0
0
0
0
0
0
0
0
0
0
0
0
0
0
0
0
0
0
0
0
0
0
0
0
0
0
0
0
0
0
0
0
0
0
0
0
0
0
0
0
0
0
0
0
0
0
0
0
0
0
0
0
0
0
0
0
0
0
0
0
0
0
0
0
0
0
0
0
0
0
0
0
0
0
0
0
0
0
0
0
0
0
0
0
0
0
0
0
0
0
0
0
0
0
0
0
0
0
0
0
0
0
0
0
0
0
0
0
0
0
0
0
0
0
0
0
0
0
0
0
0
0
0
0
0
0
0
0
0
0
0
0
0
0
0
0
0
0
0
0
0
0
0
0
0
0
0
0
0
0
0
0
0
0
0
0
0
0
0
0
0
0
0
0
0
0
0
0
0
0
0
0
0
0
0
0
0
0
0
0
0
0
0
0
0
0
0
0
0
0
0
0
0
0
0
0
0
0
0
0
0
0
0
0
0
0
0
0
0
0
0
0
0
0
0
0
0
0
0
0
0
0
0
0
0
0
0
0
0
0
0
0
0
0
0
0
0
0
0
0
0
0
0
0
0
0
0
0
0
0
0
0
0
0
0
0
0
0
0
0
0
0
0
0
0
0
0
0
0
0
0
0
0
0
0
0
0
0
0
0
0
0
0
0
0
0
0
0
0
0
0
0
0
0
0
0
0
0
0
0
0
0
0
0
0
0
0
0
0
0
0
0
0
0
0
0
0
0
0
0
0
0
0
0
0
0
0
0
0
0
0
0
0
0
0
0
0
0
0
0
0
0
0
0
0
0
0
0
0
0
0
0
0
0
0
0
0
0
0
0
0
0
0
0
0
0
0
0
0
0
0
0
0
0
0
0
0
0
0
0
0
0
0
0
0
0
0
0
0
0
0
0
0
0
0
0
0
0
0
0
0
0
0
0
0
0
0
0
0
0
0
0
0
0
0
0
0
0
0
0
0
0
0
0
0
0
0
0
0
0
0
0
0
0
0
0
0
0
0
0
0
0
0
0
0
0
0
0
0
0
0
0
0
0
0
0
0
0
0
0
0
0
0
0
0
0
0
0
0
0
0
0
0
0
0
0
0
0
0
0
0
0
0
0
0
0
0
0
0
0
0
0
0
0
0
0
0
0
0
0
0
0
0
0
0
0
0
0
0
0
0
0
0
0
0
0
0
0
0
0
0
0
0
0
0
0
0
0
0
0
0
0
0
0
0
0
0
0
0
0
0
0
0
0
0
0
0
0
0
0
0
0
0
0
0
0
0
0
0
0
0
0
0
0
0
0
0
0
0
0
0
0
0
0
0
0
0
0
0
0
0
0
0
0
0
0
0
0
0
0
0
0
0
0
0
0
0
0
0
0
0
0
0
0
0
0
0
0
0
0
0
0
0
0
0
0
0
0
0
0
0
0
0
0
0
0
0
0
0
0
0
0
0
0
0
0
0
0
0
0
0
0
0
0
0
0
0
0
0
0
0
0
0
0
0
0
0
0
0
0
0
0
0
0
0
0
0
0
0
0
0
0
0
0
0
0
0
0
0
0
0
0
0
0
0
0
0
0
0
0
0
0
0
0
0
0
0
0
0
0
0
0
0
0
0
0
0
0
0
0
0
0
0
0
0
0
0
0
0
0
0
0
0
0
0
0
0
0
0
0
0
0
0
0
0
0
0
0
0
0
0
0
0
0
0
0
0
0
0
0
0
0
0
0
0
0
0
0
0
0
0
0
0
0
0
0
0
0
0
0
0
0
0
0
0
0
0
0
0
0
0
0
0
0
0
0
0
0
0
0
0
0
0
0
0
0
0
0
0
0
0
0
0
0
0
0
0
0
0
0
0
0
0
0
0
0
0
0
0
0
0
0
0
0
0
0
0
0
0
0
0
0
0
0
0
0
0
0
0
0
0
0
0
0
0
0
0
0
0
0
0
0
0
0
0
0
0
0
0
0
0
0
0
0
0
0
0
0
0
0
0
0
0
0
0
0
0
0
0
0
0
0
0
0
0
0
0
0
0
0
0
0
0
0
0
0
0
0
0
0
0
0
0
0
0
0
0
0
0
0
0
0
0
0
0
0
0
0
0
0
0
0
0
0
0
0
0
0
0
0
0
0
0
0
0
0
0
0
0
0
0
0
0
0
0
0
0
0
0
0
0
0
0
0
0
0
0
0
0
0
0
0
0
0
0
0
0
0
0
0
0
0
0
0
0
0
0
0
0
0
0
0
0
0
0
0
0
0
0
0
0
0
0
0
0
0
0
0
0
0
0
0
0
0
0
0
0
0
0
0
0
0
0
2.07318e-10
0
0
0
0
0
0
0
0
0
0
0
0
0
0
0
0
0
0
0
0
0
0
0
0
1.16719e-09
0
0
0
0
0
0
0
0
0
0
0
0
0
0
0
0
0
0
0
0
0
0
0
0
3.44427e-09
0
0
0
0
0
0
0
0
0
0
0
0
0
0
0
0
0
0
0
0
0
0
0
0
5.5471e-09
0
0
0
0
0
0
0
0
0
0
0
0
0
0
0
0
0
0
0
0
0
0
0
0
1.52954e-09
0
0
0
0
0
0
0
0
0
0
0
0
0
0
0
0
0
0
0
0
0
3.83739e-12
0
0
2.65692e-10
0
0
7.90525e-11
3.69804e-10
5.62733e-10
6.02482e-10
5.49838e-10
4.70916e-10
3.9322e-10
3.16393e-10
2.40018e-10
1.81792e-10
1.25037e-10
8.98787e-11
5.6728e-11
4.25764e-11
2.62913e-11
2.50286e-11
1.4994e-11
2.02977e-11
9.15185e-12
2.25219e-11
1.36039e-12
8.22171e-12
7.45348e-10
0
1.08931e-10
5.61588e-10
4.12712e-10
2.30819e-10
1.32099e-10
9.46905e-11
7.49316e-11
5.65176e-11
5.94901e-11
5.83141e-11
5.67615e-11
4.02815e-11
3.31786e-11
1.96334e-11
1.60261e-11
8.2499e-12
8.65095e-12
4.06737e-12
8.35539e-12
2.58842e-12
1.41658e-11
0
0
4.81521e-09
5.67745e-10
1.98649e-09
1.71586e-09
3.43865e-10
0
0
0
0
0
0
0
0
0
0
0
0
0
0
0
0
0
0
0
0
2.09635e-08
6.23403e-09
6.33027e-09
3.29036e-09
0
0
0
0
0
0
0
0
0
0
0
0
0
0
0
0
0
0
0
0
0
5.74323e-08
1.70486e-08
1.13155e-08
4.22651e-09
0
0
0
0
0
0
0
0
0
0
0
0
0
0
0
0
0
0
0
0
0
)
;

boundaryField
{
    inlet
    {
        type            zeroGradient;
    }
    outlet
    {
        type            zeroGradient;
    }
    upperWall
    {
        type            zeroGradient;
    }
    lowerWall
    {
        type            zeroGradient;
    }
    frontAndBack
    {
        type            empty;
    }
}


// ************************************************************************* //
