/*--------------------------------*- C++ -*----------------------------------*\
  =========                 |
  \\      /  F ield         | OpenFOAM: The Open Source CFD Toolbox
   \\    /   O peration     | Website:  https://openfoam.org
    \\  /    A nd           | Version:  9
     \\/     M anipulation  |
\*---------------------------------------------------------------------------*/
FoamFile
{
    format      ascii;
    class       volScalarField;
    location    "0.05";
    object      s_0;
}
// * * * * * * * * * * * * * * * * * * * * * * * * * * * * * * * * * * * * * //

dimensions      [0 0 0 0 0 0 0];

internalField   nonuniform List<scalar> 
12225
(
1
1
1
1
1
1
1
1
1
1
1
1
1
1
1
1
1
0.999992
1
1
1
1
1
1
1
1
1
1
1
1
1
1
1
1
1
1
1
1
1
1
1
1
1
1
1
1
1
1
1
1
1
1
1
1
1
1
1
1
1
1
1
1
1
1
1
1
1
1
1
1
1
1
1
1
1
1
1
1
1
1
1
1
1
1
1
1
1
1
1
1
1
1
1
1
1
1
1
1
1
1
1
1
1
1
1
1
1
1
1
1
1
1
1
1
1
1
1
1
1
1
1
1
1
1
1
1
1
1
1
1
1
1
1
1
1
1
1
1
1
1
1
1
1
1
1
1
1
1
1
1
1
1
1
1
1
1
1
1
1
1
1
1
1
1
1
1
1
1
1
1
1
1
1
1
1
1
1
1
1
1
1
1
1
1
1
1
1
1
1
1
1
1
1
1
1
1
1
1
1
1
1
1
1
1
1
1
1
1
1
1
1
1
1
1
1
1
1
1
1
1
1
1
1
1
1
1
1
1
1
1
1
1
1
1
1
1
1
1
1
1
1
1
1
1
1
1
1
1
1
1
1
1
1
1
1
1
1
1
1
1
1
1
1
1
1
1
1
1
1
1
1
1
1
1
1
1
1
1
1
1
1
1
1
1
1
1
1
1
1
1
1
1
1
1
1
1
1
1
1
1
1
1
1
1
1
1
1
1
1
1
1
1
1
1
1
1
1
1
1
1
1
1
1
1
1
1
1
1
1
1
1
1
1
1
1
1
1
1
1
1
1
1
1
1
1
1
1
1
1
1
1
1
1
1
1
1
1
1
1
1
1
1
1
1
1
1
1
1
1
1
1
1
1
1
1
1
1
1
1
1
1
1
1
1
1
1
1
1
1
1
1
1
1
1
1
1
1
1
1
1
1
1
1
1
1
1
1
1
1
1
1
1
1
1
1
1
1
1
1
1
1
1
1
1
1
1
1
1
1
1
1
1
1
1
1
1
1
1
1
1
1
1
1
1
1
1
1
1
1
1
1
1
1
1
1
1
1
1
1
1
1
1
1
1
1
1
1
1
1
1
1
1
1
1
1
1
1
1
1
1
1
1
1
1
1
1
1
1
1
1
1
1
1
1
1
1
1
1
1
1
1
1
1
1
1
1
1
1
1
1
1
1
1
1
1
1
1
1
1
1
1
1
1
1
1
1
1
1
1
1
1
1
1
1
1
1
1
1
1
1
0.676739
0.654666
0.649915
0.648476
0.647981
0.651565
0.657395
0.659541
0.660706
0.661213
0.662789
0.663893
0.665088
0.666029
0.666456
0.6664
0.665921
0.66446
0.662151
0.657303
0.650314
0.642265
0.632771
0.623185
0.6144
0.605096
0.595753
0.588366
0.582211
0.577101
0.573691
0.572305
0.572631
0.574175
0.577481
0.586405
0.595555
0.607791
0.621666
0.630877
0.65523
0.67117
0.638697
0.639595
0.671942
0.682184
0.683776
0.683723
0.683513
0.683936
0.685444
0.691245
0.706246
0.735722
0.751279
0.76186
0.768885
0.771183
0.769555
0.749641
0.739311
0.757155
0.824282
0.868464
0.882441
0.886786
0.888623
0.888785
0.88844
0.887412
0.885757
0.883823
0.881968
0.880308
0.878781
0.877304
0.875766
0.87423
0.872917
0.871811
0.870649
0.869367
0.868212
0.867259
0.866358
0.865418
0.864455
0.863519
0.862723
0.862125
0.861608
0.861029
0.860606
0.860405
0.860348
0.860451
0.860879
0.861494
0.86198
0.862746
0.863442
0.864484
0.865827
0.867158
0.868603
0.870119
0.871685
0.873479
0.875919
0.878141
0.880459
0.883055
0.886173
0.88925
0.892514
0.895678
0.89873
0.901438
0.90375
0.905969
0.908048
0.909947
0.911634
0.913107
0.914388
0.915512
0.916513
0.917422
0.918262
0.919048
0.919794
0.920513
0.921217
0.921918
0.922629
0.923361
0.924126
0.924919
0.925723
0.926538
0.927395
0.928342
0.929416
0.930635
0.931823
0.932697
0.93307
0.93305
0.932324
0.928807
0.922044
0.915578
0.907946
0.897904
0.886086
0.874888
0.866677
0.862437
0.860568
0.857518
0.853395
0.850131
0.847099
0.841633
0.829223
0.793806
0.677204
0.486224
0.329991
0.221398
0.153026
0.111667
0.0860082
0.0690907
0.0571448
0.0471676
0.0398448
0.0305381
0.0253514
0.00842493
0.682692
0.655969
0.633077
0.62383
0.628364
0.639018
0.648471
0.647043
0.642596
0.636681
0.633389
0.629972
0.625264
0.618041
0.60926
0.59687
0.581874
0.564359
0.546184
0.529542
0.515675
0.502534
0.491
0.479367
0.468011
0.456055
0.443958
0.431268
0.418232
0.406954
0.398144
0.389371
0.381438
0.378941
0.379768
0.383416
0.391891
0.411224
0.458091
0.491132
0.564863
0.637014
0.645874
0.647762
0.645094
0.635338
0.615964
0.586172
0.565026
0.556101
0.56492
0.583364
0.619076
0.678259
0.731973
0.754896
0.768954
0.772415
0.766574
0.747774
0.76077
0.830037
0.869012
0.879884
0.883132
0.884127
0.883656
0.880491
0.876161
0.869862
0.861468
0.8517
0.843349
0.836991
0.830212
0.825992
0.821511
0.817752
0.815115
0.812584
0.810972
0.809163
0.808188
0.807278
0.806729
0.806425
0.80629
0.806301
0.806829
0.807427
0.808667
0.809976
0.811233
0.81229
0.813231
0.814091
0.814826
0.815408
0.815836
0.816027
0.816106
0.816248
0.816252
0.816226
0.816228
0.816258
0.816195
0.816257
0.816602
0.816948
0.817381
0.818045
0.819017
0.820104
0.821884
0.824518
0.828264
0.833266
0.839576
0.846851
0.854909
0.863572
0.872196
0.880122
0.886971
0.892482
0.896682
0.900078
0.902845
0.90507
0.906847
0.908285
0.909494
0.910591
0.911697
0.91294
0.914428
0.916221
0.918301
0.920545
0.922726
0.924556
0.92579
0.926334
0.926412
0.926438
0.927147
0.931036
0.942314
0.952262
0.957356
0.958363
0.95778
0.95466
0.943712
0.929877
0.920293
0.911271
0.900179
0.888766
0.880876
0.876186
0.871514
0.867028
0.864062
0.860136
0.851318
0.82933
0.784949
0.750104
0.721385
0.692944
0.651962
0.612356
0.573019
0.549871
0.530442
0.515904
0.484523
0.376403
0.693646
0.679766
0.663154
0.665977
0.65124
0.651668
0.648981
0.636371
0.612849
0.59197
0.571677
0.553638
0.541683
0.529534
0.518079
0.508912
0.501163
0.493605
0.488973
0.483913
0.479711
0.472783
0.465443
0.454817
0.443378
0.429518
0.414894
0.39877
0.381613
0.365775
0.351359
0.339284
0.329035
0.321859
0.319232
0.319373
0.321335
0.327809
0.349179
0.37852
0.414201
0.506613
0.597226
0.633772
0.640039
0.638258
0.628291
0.599124
0.570129
0.539746
0.536098
0.549122
0.589687
0.632198
0.702508
0.737
0.750219
0.755228
0.755079
0.773236
0.827092
0.859626
0.871037
0.874553
0.873395
0.868112
0.858639
0.843668
0.828145
0.814904
0.805888
0.80153
0.79956
0.798844
0.798755
0.799876
0.801102
0.802139
0.80442
0.806551
0.808742
0.810853
0.813405
0.817789
0.822656
0.828117
0.834676
0.841305
0.848179
0.855191
0.861947
0.867682
0.872558
0.876758
0.879802
0.88184
0.883006
0.883473
0.883221
0.882107
0.879945
0.877749
0.874482
0.870738
0.866547
0.861937
0.856749
0.851363
0.845602
0.839681
0.83375
0.828077
0.823148
0.818633
0.814257
0.810181
0.806665
0.803981
0.802301
0.801618
0.801781
0.802828
0.805314
0.809641
0.815626
0.822961
0.831066
0.838919
0.845883
0.85159
0.855981
0.859237
0.86169
0.863761
0.865905
0.868577
0.872214
0.877216
0.883866
0.892171
0.901884
0.912504
0.922687
0.929974
0.933474
0.934016
0.931794
0.924339
0.921126
0.921363
0.926188
0.943392
0.957754
0.964071
0.965239
0.964791
0.962168
0.95927
0.955903
0.948567
0.933481
0.916972
0.905189
0.897875
0.891014
0.88426
0.878189
0.87056
0.861262
0.854345
0.851403
0.851104
0.851614
0.854568
0.856942
0.857291
0.85604
0.853094
0.845236
0.805046
0.692673
0.688485
0.680033
0.649218
0.651545
0.652232
0.625801
0.574394
0.550172
0.5333
0.525399
0.521727
0.518781
0.517903
0.517692
0.518077
0.522187
0.528525
0.53282
0.53439
0.5342
0.524463
0.512598
0.493465
0.473608
0.449984
0.427488
0.405222
0.384692
0.366145
0.349473
0.335926
0.324846
0.316744
0.311369
0.308328
0.307105
0.307375
0.311097
0.326747
0.353468
0.38547
0.459394
0.560596
0.609341
0.628813
0.62983
0.62736
0.61983
0.600484
0.596242
0.599461
0.607189
0.623604
0.669701
0.717889
0.741668
0.755405
0.774065
0.806846
0.837142
0.852737
0.856047
0.848922
0.837633
0.825052
0.812446
0.800991
0.794086
0.791191
0.790629
0.793909
0.796768
0.800126
0.804653
0.811539
0.819122
0.828083
0.839644
0.852988
0.86861
0.883503
0.899361
0.912323
0.926276
0.935636
0.945302
0.953311
0.957899
0.962157
0.965268
0.966832
0.968163
0.969288
0.969964
0.970835
0.971497
0.971903
0.972334
0.972673
0.972812
0.972539
0.972377
0.971547
0.970492
0.968931
0.966841
0.964097
0.960559
0.955972
0.950018
0.942164
0.931675
0.918999
0.904318
0.887652
0.869385
0.850623
0.833539
0.820507
0.810268
0.802795
0.797912
0.79503
0.793702
0.793477
0.794024
0.795428
0.797265
0.799694
0.802614
0.805847
0.809371
0.813267
0.81768
0.822768
0.828582
0.834978
0.841894
0.849602
0.858293
0.868058
0.879987
0.89644
0.916484
0.934784
0.945244
0.947915
0.946471
0.935733
0.924031
0.921552
0.923548
0.93654
0.954307
0.963792
0.968356
0.970087
0.970364
0.969868
0.9667
0.954186
0.932359
0.916166
0.9067
0.900929
0.894817
0.886643
0.87802
0.871794
0.868968
0.868399
0.868516
0.869347
0.872358
0.882015
0.899002
0.918709
0.931755
0.927628
0.623137
0.638717
0.633168
0.647589
0.675311
0.622006
0.578384
0.566591
0.555843
0.550911
0.550438
0.557998
0.569968
0.589417
0.615295
0.645834
0.672299
0.686949
0.694511
0.69713
0.694575
0.680119
0.667059
0.64056
0.617404
0.585054
0.554755
0.521343
0.488026
0.455679
0.425527
0.399311
0.375983
0.35666
0.341363
0.330063
0.322228
0.317746
0.316254
0.320023
0.335696
0.354022
0.376532
0.418964
0.50246
0.570042
0.603825
0.617439
0.622062
0.623105
0.624977
0.629111
0.634896
0.643082
0.663232
0.707838
0.74092
0.766163
0.786337
0.805875
0.819043
0.815604
0.809043
0.802818
0.797091
0.790549
0.784992
0.782432
0.78183
0.785957
0.791511
0.798161
0.809014
0.825543
0.850179
0.880627
0.896796
0.916809
0.934226
0.943674
0.95363
0.960982
0.965726
0.970968
0.97353
0.975891
0.977179
0.977757
0.977935
0.977882
0.977139
0.976197
0.975346
0.974485
0.974189
0.974193
0.975174
0.975637
0.976339
0.978051
0.979398
0.980462
0.982179
0.983317
0.984476
0.985433
0.986255
0.986882
0.987383
0.987728
0.987932
0.987983
0.987792
0.986911
0.984951
0.981379
0.975328
0.965346
0.949467
0.926243
0.898776
0.87026
0.845077
0.826758
0.813456
0.804423
0.798921
0.79609
0.79512
0.795158
0.7963
0.79908
0.802624
0.807001
0.812115
0.818103
0.825212
0.832947
0.840215
0.84734
0.855118
0.863505
0.870916
0.87672
0.884291
0.898933
0.921679
0.943386
0.954784
0.956522
0.953962
0.940857
0.930553
0.928908
0.930941
0.943069
0.959046
0.9681
0.972385
0.973523
0.973289
0.97063
0.958455
0.935031
0.918929
0.910241
0.904402
0.897737
0.889832
0.882094
0.875783
0.871564
0.869559
0.86917
0.869481
0.871617
0.881347
0.900888
0.925594
0.942981
0.596216
0.624368
0.688258
0.65951
0.621324
0.59913
0.590158
0.589496
0.602689
0.629904
0.673622
0.720724
0.769823
0.808722
0.843041
0.861146
0.878315
0.886824
0.893874
0.896835
0.897651
0.894025
0.88859
0.877024
0.862845
0.840495
0.811861
0.774915
0.731635
0.680671
0.625679
0.570808
0.524058
0.479701
0.442509
0.413268
0.39143
0.377427
0.369647
0.366776
0.367765
0.370358
0.373631
0.382535
0.402956
0.447424
0.505577
0.556375
0.58957
0.608548
0.617384
0.626359
0.63761
0.646384
0.664341
0.704596
0.743725
0.771317
0.784204
0.786722
0.778617
0.774622
0.772379
0.771265
0.770733
0.770675
0.771116
0.773586
0.778824
0.787216
0.798404
0.818448
0.854296
0.906752
0.932059
0.944932
0.953387
0.960166
0.964305
0.966223
0.968002
0.968895
0.9694
0.969619
0.968725
0.966177
0.962387
0.957299
0.95168
0.944798
0.938494
0.933506
0.928754
0.924299
0.922251
0.921653
0.923982
0.926054
0.928896
0.934106
0.939609
0.944674
0.950974
0.956723
0.961808
0.966556
0.970761
0.974439
0.977862
0.98098
0.983881
0.986537
0.988875
0.990913
0.992558
0.993714
0.994336
0.99447
0.993714
0.991034
0.98526
0.974186
0.954527
0.925345
0.893088
0.864175
0.842856
0.82783
0.817738
0.811701
0.808855
0.808223
0.80887
0.812761
0.820047
0.828163
0.837434
0.848924
0.861073
0.87156
0.879972
0.887002
0.891901
0.893971
0.894616
0.895914
0.900039
0.914404
0.939385
0.956473
0.962156
0.961825
0.954965
0.941172
0.937381
0.937876
0.942683
0.957119
0.967805
0.972811
0.974027
0.973569
0.969501
0.95338
0.93197
0.917412
0.910072
0.905663
0.899619
0.89138
0.882966
0.876123
0.871417
0.868746
0.867898
0.868017
0.869725
0.877204
0.9009
0.929347
0.656913
0.675067
0.678663
0.647429
0.631683
0.627613
0.64899
0.694918
0.753249
0.811457
0.848777
0.890731
0.911991
0.934334
0.945229
0.956084
0.961891
0.967279
0.969976
0.971883
0.972783
0.973025
0.972306
0.97085
0.968575
0.964676
0.958885
0.950269
0.937388
0.91788
0.888572
0.844211
0.779943
0.705021
0.626105
0.564011
0.511696
0.4766
0.453546
0.436981
0.427303
0.423818
0.419451
0.412464
0.410059
0.414302
0.433338
0.46789
0.509871
0.548925
0.577593
0.606368
0.6301
0.643845
0.669557
0.706692
0.745684
0.771384
0.778
0.771918
0.764052
0.760189
0.758143
0.757641
0.758353
0.761025
0.764874
0.770518
0.779194
0.792598
0.818355
0.871212
0.927622
0.949872
0.958477
0.961656
0.962995
0.963885
0.964144
0.96329
0.961015
0.956299
0.949301
0.939142
0.925073
0.907133
0.888351
0.871278
0.856458
0.841039
0.82907
0.821594
0.814913
0.80952
0.806535
0.805387
0.806308
0.80864
0.813152
0.819705
0.829343
0.841079
0.854023
0.869405
0.883461
0.896565
0.907002
0.916498
0.92552
0.93426
0.94308
0.952118
0.961234
0.970148
0.978423
0.985494
0.990872
0.994395
0.996394
0.997364
0.997649
0.997417
0.995882
0.991705
0.98216
0.96386
0.936436
0.905957
0.87878
0.858838
0.845892
0.838432
0.835204
0.834609
0.835299
0.838843
0.844507
0.853847
0.867695
0.88403
0.9015
0.918391
0.930537
0.935198
0.935439
0.933708
0.927827
0.925266
0.925993
0.93412
0.955249
0.965673
0.967122
0.965027
0.954711
0.948344
0.948298
0.951322
0.961815
0.970251
0.973422
0.973658
0.971918
0.962342
0.941118
0.924454
0.913657
0.908116
0.905309
0.900825
0.893006
0.883974
0.876226
0.87129
0.869114
0.868751
0.869265
0.872683
0.886352
0.914495
0.69783
0.689001
0.67723
0.665165
0.680999
0.735316
0.782829
0.833064
0.88449
0.912956
0.939943
0.958525
0.967848
0.97657
0.980498
0.983977
0.985573
0.98682
0.987417
0.987716
0.987815
0.987754
0.987744
0.987782
0.987936
0.988025
0.987831
0.987376
0.986261
0.983638
0.97875
0.969531
0.953429
0.925419
0.877436
0.794697
0.699439
0.613169
0.564116
0.538093
0.527397
0.535128
0.54957
0.542405
0.523917
0.508203
0.50337
0.506456
0.524648
0.55465
0.583952
0.613473
0.633846
0.647992
0.679743
0.710332
0.746429
0.771056
0.775962
0.770095
0.763386
0.759948
0.75764
0.756288
0.756419
0.758971
0.763527
0.770336
0.781641
0.805172
0.857974
0.924736
0.953761
0.9618
0.963118
0.961236
0.959463
0.955502
0.949107
0.937492
0.919506
0.889662
0.863837
0.83998
0.817418
0.803286
0.790941
0.782758
0.775422
0.770615
0.767382
0.765487
0.763873
0.762206
0.760804
0.759309
0.75786
0.756492
0.7549
0.753296
0.752278
0.751885
0.7531
0.756837
0.763713
0.774394
0.787983
0.801835
0.815733
0.83
0.845518
0.863251
0.883102
0.903527
0.92464
0.945507
0.963881
0.978148
0.987986
0.993936
0.997053
0.998426
0.99893
0.999008
0.998716
0.997408
0.993933
0.98599
0.971015
0.948422
0.922567
0.899632
0.88357
0.875077
0.87218
0.871873
0.872371
0.874505
0.880976
0.895166
0.911408
0.928601
0.945421
0.958369
0.964849
0.966253
0.965859
0.962347
0.953388
0.950956
0.951932
0.958721
0.968882
0.971588
0.970978
0.966033
0.960741
0.96045
0.963077
0.970011
0.973316
0.973685
0.972319
0.964247
0.943503
0.926683
0.915864
0.9099
0.90706
0.905125
0.90163
0.894075
0.885102
0.87764
0.87328
0.871832
0.871926
0.874097
0.884344
0.910669
0.709129
0.696277
0.692543
0.720356
0.793874
0.834916
0.877233
0.916377
0.947064
0.96229
0.976444
0.982688
0.986057
0.987792
0.988458
0.988684
0.988671
0.988377
0.988096
0.987778
0.987532
0.987221
0.987093
0.987277
0.987851
0.988719
0.989485
0.990521
0.991725
0.99246
0.992896
0.993103
0.991508
0.98728
0.977787
0.958862
0.921304
0.849529
0.74565
0.675855
0.644901
0.635567
0.642874
0.658932
0.665451
0.665823
0.669184
0.665472
0.654196
0.633482
0.629
0.634306
0.644197
0.660096
0.695542
0.717243
0.748197
0.771114
0.776011
0.772337
0.769551
0.769264
0.768069
0.763504
0.760756
0.761882
0.766091
0.773802
0.789701
0.828235
0.893906
0.946992
0.962227
0.96415
0.960848
0.952653
0.938148
0.915979
0.884415
0.858639
0.826624
0.805028
0.785683
0.775599
0.76642
0.762297
0.75954
0.757919
0.756584
0.755541
0.754992
0.754445
0.75367
0.752736
0.751932
0.751185
0.749796
0.748533
0.746747
0.744345
0.741257
0.737322
0.732834
0.728167
0.723951
0.72055
0.718454
0.718204
0.720139
0.724038
0.730111
0.739307
0.753967
0.777528
0.809332
0.848768
0.892244
0.928694
0.95726
0.976579
0.988277
0.994635
0.997722
0.999018
0.999467
0.999566
0.999513
0.999153
0.998156
0.995931
0.990758
0.980047
0.966582
0.954804
0.948085
0.94621
0.946276
0.947034
0.948946
0.953933
0.961121
0.96666
0.971096
0.975666
0.979667
0.981655
0.981944
0.98166
0.980033
0.973061
0.967237
0.966891
0.969154
0.974837
0.976626
0.976282
0.97348
0.971478
0.971597
0.973609
0.975421
0.97542
0.97351
0.963635
0.942119
0.926302
0.916873
0.912004
0.909746
0.908387
0.906236
0.900862
0.891615
0.883878
0.879336
0.877724
0.877672
0.879099
0.887369
0.911701
0.714626
0.708779
0.733894
0.807079
0.867184
0.896848
0.932583
0.959623
0.975105
0.982771
0.986881
0.988236
0.988556
0.988401
0.987818
0.986618
0.984702
0.982167
0.979318
0.976478
0.974321
0.973303
0.972999
0.973558
0.974768
0.977146
0.979431
0.982172
0.986035
0.988756
0.992519
0.994523
0.995792
0.996229
0.995992
0.993351
0.986007
0.968559
0.928833
0.834285
0.731471
0.685772
0.672474
0.68216
0.698092
0.725274
0.759699
0.759524
0.756727
0.750879
0.736026
0.711623
0.702785
0.70865
0.724609
0.731534
0.752031
0.772258
0.778511
0.785897
0.802141
0.817
0.82155
0.809085
0.790573
0.783318
0.784234
0.792387
0.814124
0.857663
0.916221
0.956567
0.96435
0.962789
0.951182
0.922582
0.865144
0.819688
0.796696
0.781994
0.767769
0.760155
0.754766
0.75192
0.750514
0.750104
0.749915
0.749517
0.748462
0.746529
0.744499
0.742574
0.740442
0.73827
0.737511
0.738694
0.739187
0.740673
0.741379
0.741262
0.739776
0.736843
0.732629
0.727465
0.721666
0.715088
0.708992
0.70401
0.70055
0.698909
0.698976
0.700232
0.702976
0.708648
0.719942
0.737928
0.769188
0.823008
0.885149
0.93203
0.963094
0.981506
0.991447
0.996357
0.998563
0.999441
0.999738
0.999819
0.999821
0.999747
0.999467
0.998675
0.996278
0.992861
0.990323
0.989068
0.988764
0.988794
0.988978
0.989575
0.990919
0.992343
0.993576
0.994113
0.994121
0.993936
0.993279
0.992573
0.991563
0.989222
0.982501
0.977159
0.976092
0.977018
0.980193
0.9813
0.981089
0.979753
0.979365
0.979652
0.979929
0.979505
0.976289
0.962233
0.940502
0.926354
0.918983
0.915749
0.914304
0.913008
0.910461
0.90383
0.894833
0.888034
0.884419
0.883362
0.883485
0.885379
0.895007
0.920068
0.726435
0.735888
0.787849
0.868794
0.911492
0.935294
0.964594
0.978755
0.985334
0.987871
0.988576
0.988438
0.987677
0.985663
0.981917
0.976117
0.968285
0.961362
0.956261
0.953118
0.951598
0.951024
0.951148
0.952785
0.954893
0.957522
0.960918
0.964189
0.968613
0.973181
0.979061
0.986725
0.992879
0.996248
0.997588
0.997986
0.997766
0.995346
0.987389
0.964561
0.901849
0.781779
0.713101
0.6924
0.704822
0.744088
0.780616
0.775231
0.769892
0.771023
0.768445
0.755178
0.743945
0.738698
0.7361
0.740275
0.760098
0.776943
0.79554
0.845338
0.885731
0.900949
0.904531
0.896685
0.874695
0.85578
0.847109
0.84985
0.863229
0.888882
0.931236
0.962254
0.965756
0.956989
0.92205
0.845123
0.775037
0.750727
0.741354
0.737826
0.739199
0.741175
0.740434
0.73945
0.738797
0.735537
0.731377
0.726777
0.718881
0.706284
0.692559
0.681467
0.672461
0.66638
0.66426
0.671945
0.6775
0.69041
0.702111
0.713777
0.722724
0.728196
0.730468
0.729057
0.725749
0.721278
0.713815
0.70554
0.700136
0.696968
0.695766
0.695755
0.696488
0.698605
0.703852
0.713013
0.723448
0.739127
0.773736
0.842242
0.908286
0.950687
0.975445
0.988639
0.995107
0.998039
0.999265
0.999733
0.99989
0.999935
0.999939
0.999915
0.999792
0.999341
0.998728
0.998301
0.998068
0.997966
0.997932
0.997926
0.997946
0.998093
0.99829
0.998312
0.998279
0.99815
0.997748
0.997292
0.996833
0.995923
0.993474
0.987184
0.983163
0.982309
0.982783
0.984661
0.985364
0.9853
0.985098
0.985165
0.985148
0.984296
0.979631
0.961967
0.940598
0.928164
0.922818
0.921021
0.920095
0.918522
0.91469
0.90558
0.89676
0.890895
0.888235
0.887727
0.888199
0.891602
0.906665
0.932573
0.73947
0.760749
0.833895
0.906167
0.939158
0.95968
0.978632
0.985722
0.988174
0.988694
0.988357
0.986868
0.982911
0.975133
0.961704
0.951627
0.943623
0.939566
0.93645
0.935171
0.934768
0.935407
0.937242
0.939661
0.943229
0.94759
0.951538
0.956098
0.959577
0.96306
0.966011
0.970306
0.978616
0.989366
0.995302
0.997897
0.998812
0.999088
0.998456
0.995054
0.982556
0.942238
0.821384
0.734194
0.713101
0.746213
0.777857
0.757288
0.750384
0.75091
0.753939
0.751014
0.746043
0.742435
0.741795
0.752034
0.774711
0.800048
0.868525
0.922716
0.945324
0.953939
0.955334
0.951185
0.937791
0.922784
0.91221
0.907247
0.909432
0.91936
0.944595
0.966179
0.967364
0.950629
0.895285
0.774761
0.718137
0.703455
0.701872
0.709699
0.721603
0.72439
0.724371
0.723081
0.714749
0.702814
0.682903
0.656733
0.62267
0.579095
0.535117
0.503226
0.483175
0.47335
0.470575
0.483894
0.502205
0.532029
0.568007
0.608042
0.644634
0.674799
0.698377
0.713622
0.72121
0.723009
0.721424
0.718218
0.710462
0.703242
0.69957
0.698367
0.698382
0.699404
0.703066
0.711349
0.720318
0.728077
0.738381
0.759395
0.817178
0.892425
0.942343
0.971484
0.986896
0.994369
0.997726
0.999135
0.99969
0.999893
0.999959
0.999976
0.999977
0.999961
0.999892
0.999807
0.999744
0.999697
0.999659
0.999626
0.999605
0.999593
0.99958
0.99956
0.999528
0.999459
0.999271
0.999057
0.998864
0.99851
0.997651
0.994716
0.989494
0.98693
0.986509
0.986943
0.988268
0.988829
0.989106
0.989312
0.989279
0.988328
0.983087
0.963831
0.943386
0.932907
0.929289
0.928534
0.928022
0.926557
0.921228
0.909067
0.899252
0.893451
0.891141
0.890848
0.891624
0.89641
0.91502
0.94009
0.750269
0.791721
0.869818
0.930775
0.956675
0.97281
0.984449
0.98796
0.988717
0.988518
0.986791
0.981206
0.968905
0.95311
0.94196
0.934538
0.929443
0.926669
0.925083
0.924373
0.924156
0.924719
0.925669
0.927383
0.92967
0.933189
0.939151
0.946554
0.95453
0.959045
0.961923
0.964511
0.967385
0.973486
0.986569
0.994406
0.997846
0.999191
0.999534
0.999475
0.998009
0.990638
0.959991
0.840387
0.745214
0.735183
0.752866
0.755099
0.749065
0.74943
0.750199
0.749722
0.748223
0.748297
0.754245
0.775757
0.81537
0.881464
0.935943
0.960097
0.971164
0.978871
0.980516
0.97853
0.971888
0.96192
0.953843
0.947861
0.944764
0.946586
0.95722
0.970573
0.968444
0.935718
0.840321
0.729579
0.693884
0.684483
0.682091
0.690275
0.702816
0.705068
0.703819
0.689306
0.663543
0.625122
0.554562
0.477382
0.412441
0.366247
0.340693
0.330698
0.32814
0.329577
0.334805
0.343046
0.354688
0.371626
0.395971
0.431358
0.480539
0.540782
0.600623
0.651494
0.686817
0.708548
0.718898
0.722438
0.724297
0.721967
0.714832
0.710744
0.709717
0.709747
0.710794
0.716511
0.729542
0.736486
0.738996
0.746871
0.764079
0.812345
0.888359
0.940118
0.970519
0.986558
0.994271
0.997698
0.999122
0.999682
0.999891
0.999963
0.999986
0.999991
0.999991
0.999986
0.999974
0.999962
0.999951
0.999939
0.99993
0.999922
0.99991
0.999899
0.999885
0.999858
0.999786
0.999701
0.999624
0.999487
0.99916
0.99812
0.994505
0.990903
0.989592
0.989521
0.990105
0.991186
0.991824
0.992166
0.992181
0.991476
0.987027
0.969427
0.950585
0.941875
0.939697
0.939669
0.939669
0.938567
0.932285
0.916511
0.904622
0.897991
0.895365
0.894984
0.89572
0.900521
0.919102
0.943446
0.763417
0.812326
0.892574
0.943818
0.966324
0.979617
0.986739
0.988488
0.988681
0.987583
0.983208
0.971246
0.953957
0.939544
0.931118
0.925441
0.922506
0.921068
0.920464
0.920306
0.920741
0.921512
0.922237
0.923204
0.924642
0.926338
0.928746
0.93282
0.940511
0.952475
0.959456
0.962478
0.964478
0.967263
0.973708
0.987196
0.994471
0.998019
0.999418
0.999774
0.999829
0.999194
0.994446
0.967629
0.842219
0.744069
0.745792
0.759396
0.750136
0.751198
0.753556
0.754706
0.759436
0.770994
0.794395
0.837248
0.892345
0.936068
0.959423
0.969048
0.976193
0.986079
0.990003
0.990061
0.987763
0.982622
0.977436
0.973191
0.969316
0.967025
0.969487
0.975124
0.970883
0.937181
0.835774
0.702557
0.663563
0.661903
0.66992
0.679665
0.688482
0.685612
0.664002
0.605889
0.529963
0.462177
0.394571
0.334426
0.306614
0.29574
0.293808
0.299544
0.307124
0.314464
0.320856
0.32668
0.333348
0.342955
0.356707
0.37603
0.403464
0.441685
0.490898
0.547457
0.605558
0.657163
0.695395
0.715616
0.725444
0.731357
0.734804
0.732636
0.729453
0.729012
0.729243
0.731581
0.741122
0.754996
0.760912
0.757886
0.760646
0.777316
0.825268
0.895683
0.944112
0.97264
0.987621
0.994775
0.997923
0.999217
0.999718
0.999903
0.999968
0.999989
0.999996
0.999997
0.999997
0.999997
0.999994
0.999991
0.999989
0.999987
0.999983
0.99998
0.999975
0.999967
0.999945
0.999917
0.999889
0.999837
0.99971
0.999295
0.997616
0.994079
0.992176
0.991729
0.99187
0.992742
0.993677
0.994138
0.994197
0.99372
0.990375
0.97619
0.960045
0.953116
0.951911
0.952447
0.95313
0.952601
0.948157
0.932193
0.916685
0.908143
0.904544
0.903766
0.904215
0.907821
0.923049
0.945939
0.771865
0.829226
0.908562
0.953604
0.972362
0.982227
0.987156
0.988528
0.988544
0.985981
0.977251
0.96164
0.944701
0.931887
0.925338
0.921721
0.920153
0.919595
0.919472
0.919835
0.920489
0.921104
0.921581
0.922149
0.922982
0.924267
0.92624
0.928715
0.932608
0.940335
0.953578
0.960822
0.963531
0.965311
0.968885
0.979004
0.989992
0.995885
0.998566
0.9996
0.999896
0.999947
0.999719
0.996645
0.971818
0.84028
0.746729
0.757722
0.752725
0.752099
0.759988
0.76973
0.783977
0.807095
0.842674
0.889542
0.928223
0.950772
0.960392
0.965235
0.97162
0.984762
0.990875
0.99315
0.993474
0.992169
0.989794
0.987403
0.984727
0.981657
0.980229
0.980331
0.974885
0.943587
0.846433
0.70604
0.650451
0.634353
0.638722
0.657693
0.66333
0.642288
0.566287
0.456945
0.382843
0.341769
0.307811
0.288248
0.28222
0.288606
0.311384
0.34011
0.366195
0.384128
0.390525
0.385586
0.372242
0.36285
0.363096
0.374138
0.394666
0.425122
0.465726
0.513209
0.560767
0.603511
0.644955
0.687155
0.715264
0.730179
0.739397
0.746418
0.748803
0.748621
0.748477
0.747742
0.748111
0.756539
0.776754
0.78454
0.781497
0.782311
0.799284
0.850123
0.910477
0.952694
0.977079
0.989735
0.995717
0.998322
0.999377
0.999779
0.999925
0.999975
0.999992
0.999997
0.999999
0.999999
0.999999
0.999999
0.999999
0.999998
0.999997
0.999997
0.999996
0.999993
0.999988
0.999981
0.999971
0.999952
0.999902
0.999729
0.999008
0.996495
0.9943
0.993543
0.993514
0.993953
0.994973
0.995521
0.995624
0.995325
0.993005
0.982516
0.969917
0.964745
0.964023
0.964716
0.965837
0.965719
0.963348
0.952552
0.938352
0.929552
0.925074
0.923455
0.923353
0.924648
0.932016
0.950717
0.780746
0.838935
0.913261
0.955114
0.973151
0.982064
0.98685
0.988412
0.988466
0.986299
0.978196
0.962595
0.945856
0.93262
0.925567
0.921775
0.920062
0.919412
0.919405
0.920297
0.921933
0.92235
0.92201
0.921928
0.922157
0.923059
0.925426
0.92789
0.930884
0.936353
0.948767
0.958872
0.963165
0.964841
0.967054
0.973501
0.985865
0.993957
0.997765
0.999263
0.999781
0.999948
0.999983
0.999939
0.99858
0.978686
0.843248
0.755061
0.761386
0.756456
0.756259
0.768241
0.783726
0.80711
0.8433
0.893045
0.93071
0.950875
0.952404
0.938901
0.940034
0.962155
0.984405
0.991645
0.993877
0.994685
0.994675
0.994092
0.992984
0.991107
0.989029
0.986993
0.98117
0.957672
0.878608
0.725221
0.654029
0.628144
0.616697
0.613088
0.604287
0.577079
0.51247
0.425222
0.354773
0.318427
0.300223
0.295346
0.31027
0.37783
0.477739
0.562881
0.622435
0.653735
0.659428
0.637978
0.574304
0.498204
0.451099
0.432238
0.430924
0.442338
0.470613
0.511829
0.556424
0.594658
0.62595
0.653989
0.688363
0.718533
0.736704
0.748558
0.756976
0.760969
0.761468
0.76032
0.758675
0.759927
0.774891
0.801285
0.808983
0.808555
0.810362
0.83228
0.883996
0.930417
0.96346
0.982499
0.992267
0.996823
0.998775
0.999552
0.999843
0.999947
0.999983
0.999995
0.999998
0.999999
1
1
1
1
1
1
0.999999
0.999999
0.999998
0.999996
0.999993
0.999987
0.999968
0.999893
0.999562
0.998109
0.996001
0.995058
0.994908
0.995097
0.995911
0.99652
0.996662
0.996494
0.995013
0.98792
0.979012
0.9755
0.975089
0.97566
0.976707
0.976764
0.975712
0.970077
0.960162
0.953135
0.948719
0.946408
0.945757
0.946071
0.94892
0.959631
0.789575
0.836819
0.909975
0.952688
0.971877
0.981014
0.985928
0.987969
0.988203
0.986976
0.981378
0.967141
0.950945
0.936846
0.928178
0.923333
0.920901
0.919781
0.91964
0.919923
0.920929
0.9214
0.921503
0.921634
0.921932
0.922703
0.92513
0.928717
0.931122
0.935845
0.947593
0.958399
0.963432
0.964999
0.966635
0.970912
0.982918
0.992534
0.997245
0.999103
0.999732
0.999925
0.999981
0.999995
0.999984
0.999575
0.990737
0.870253
0.740319
0.746694
0.753752
0.761877
0.774041
0.793412
0.825006
0.878759
0.922177
0.945634
0.945713
0.93414
0.908882
0.91388
0.945189
0.97875
0.98994
0.993783
0.995106
0.995722
0.995815
0.995355
0.99435
0.992612
0.98834
0.97394
0.926199
0.77528
0.672293
0.632149
0.615843
0.601949
0.581232
0.555716
0.511653
0.436062
0.37211
0.34977
0.364123
0.451784
0.60532
0.734616
0.804121
0.839801
0.856634
0.861779
0.857986
0.841658
0.812993
0.752065
0.646869
0.579642
0.556601
0.551526
0.552634
0.566286
0.594856
0.61619
0.631673
0.649301
0.669407
0.698138
0.727281
0.746823
0.759919
0.766946
0.769613
0.770063
0.769683
0.769656
0.775213
0.802542
0.827547
0.835077
0.837193
0.843991
0.876815
0.919255
0.951671
0.97459
0.98794
0.994753
0.997883
0.999198
0.999712
0.999901
0.999967
0.999989
0.999997
0.999999
1
1
1
1
1
1
1
1
1
0.999999
0.999998
0.999996
0.999989
0.999956
0.999796
0.999047
0.997278
0.996288
0.996046
0.996119
0.996658
0.997254
0.997423
0.997341
0.996458
0.991992
0.986306
0.984224
0.98405
0.984471
0.985125
0.985174
0.984648
0.981824
0.976462
0.971987
0.968385
0.96589
0.964778
0.964724
0.965787
0.970912
0.798556
0.829734
0.900449
0.946078
0.968331
0.978783
0.984031
0.986848
0.987477
0.986879
0.984345
0.976031
0.961653
0.948036
0.935437
0.928115
0.923963
0.921693
0.920732
0.92062
0.920832
0.921091
0.921369
0.921864
0.922694
0.924235
0.927706
0.931498
0.93491
0.941636
0.95388
0.962662
0.965683
0.966208
0.966975
0.970331
0.981926
0.992085
0.997075
0.999053
0.99972
0.999922
0.999979
0.999995
0.999999
0.999995
0.999811
0.994864
0.919694
0.76254
0.741899
0.747378
0.763331
0.774624
0.787498
0.822285
0.890352
0.928344
0.937423
0.932443
0.911211
0.89553
0.90145
0.930269
0.971149
0.986729
0.992908
0.99518
0.995979
0.996245
0.996103
0.995499
0.99339
0.985926
0.961012
0.880545
0.720626
0.64977
0.622675
0.606479
0.583699
0.558442
0.522685
0.475301
0.458574
0.492566
0.604473
0.739256
0.824827
0.859137
0.875369
0.885248
0.888897
0.888543
0.881653
0.861935
0.846181
0.829188
0.789043
0.723207
0.693359
0.693043
0.702558
0.715777
0.718155
0.708711
0.681376
0.667893
0.670067
0.686921
0.71604
0.743182
0.761853
0.773647
0.779306
0.780716
0.780674
0.780777
0.78362
0.802602
0.83563
0.854007
0.861477
0.868595
0.886663
0.919014
0.947461
0.969103
0.983985
0.992536
0.99682
0.998745
0.999534
0.999836
0.999944
0.999982
0.999994
0.999998
0.999999
1
1
1
1
1
1
1
1
1
1
0.999999
0.999996
0.99998
0.999901
0.999514
0.998236
0.997259
0.99696
0.996974
0.997292
0.997809
0.997985
0.997952
0.997447
0.994767
0.991484
0.990442
0.990421
0.99075
0.991014
0.99097
0.990446
0.98875
0.98671
0.984468
0.982041
0.979949
0.978782
0.978565
0.978984
0.981295
0.81146
0.822996
0.877969
0.932672
0.961159
0.974794
0.981538
0.98498
0.986014
0.986119
0.985201
0.981926
0.973016
0.960223
0.949513
0.940163
0.933268
0.928047
0.925191
0.92384
0.923256
0.923342
0.923755
0.924748
0.926464
0.929216
0.933504
0.937845
0.942119
0.95101
0.961973
0.966593
0.966694
0.966529
0.967112
0.971047
0.983501
0.993135
0.997616
0.999286
0.999806
0.99995
0.999987
0.999997
0.999999
1
0.999998
0.999895
0.996945
0.951569
0.797133
0.752442
0.750411
0.755597
0.771379
0.785366
0.814842
0.87588
0.915531
0.925184
0.918771
0.899415
0.889619
0.894453
0.916565
0.959387
0.981629
0.990788
0.994423
0.995786
0.996168
0.996088
0.995497
0.992489
0.981285
0.945163
0.839065
0.699306
0.645874
0.624522
0.609159
0.586715
0.57775
0.58673
0.624864
0.680534
0.748881
0.801973
0.831246
0.851298
0.870964
0.886004
0.891872
0.891548
0.883547
0.860529
0.845121
0.837067
0.826615
0.802261
0.789069
0.78791
0.792275
0.79721
0.794815
0.778496
0.730684
0.699828
0.688801
0.689505
0.708902
0.740509
0.76523
0.78294
0.792428
0.794899
0.794622
0.794209
0.796068
0.809461
0.844888
0.872876
0.88761
0.897274
0.908945
0.926901
0.948237
0.967291
0.981425
0.990669
0.995782
0.998254
0.999329
0.999757
0.999916
0.999972
0.999991
0.999997
0.999999
0.999999
0.999999
1
1
1
1
1
1
1
1
1
0.999998
0.999991
0.99995
0.999745
0.998909
0.998018
0.997692
0.997673
0.99784
0.998247
0.998409
0.998402
0.998116
0.996553
0.994836
0.994407
0.994452
0.994713
0.994795
0.994675
0.993916
0.99293
0.992436
0.991757
0.990449
0.989032
0.988126
0.987898
0.988078
0.989145
0.84023
0.830673
0.847101
0.902699
0.947082
0.967655
0.977767
0.982744
0.984712
0.984987
0.984808
0.983673
0.980356
0.972224
0.961933
0.952725
0.945281
0.939912
0.935919
0.933497
0.931706
0.931722
0.932146
0.933323
0.934876
0.938139
0.941814
0.945472
0.952174
0.963151
0.968185
0.968214
0.967062
0.966439
0.967452
0.973748
0.987213
0.99494
0.998284
0.999476
0.999853
0.999962
0.999991
0.999998
0.999999
1
1
0.999998
0.999921
0.997764
0.965259
0.828345
0.763793
0.754181
0.755718
0.765229
0.782041
0.80579
0.856981
0.902166
0.912543
0.907831
0.893964
0.886721
0.889661
0.90415
0.941053
0.973342
0.986513
0.992277
0.994835
0.995731
0.995583
0.994751
0.990691
0.976246
0.933381
0.822139
0.705167
0.662569
0.641609
0.63947
0.642626
0.657138
0.694745
0.738264
0.778099
0.802121
0.818254
0.840499
0.866171
0.885867
0.894201
0.893918
0.881591
0.857831
0.843349
0.838933
0.83798
0.834755
0.828146
0.82233
0.819485
0.81698
0.811676
0.794699
0.745347
0.710167
0.698621
0.698582
0.708959
0.739602
0.767108
0.789107
0.802971
0.808284
0.808781
0.808564
0.810193
0.822798
0.860611
0.896108
0.919805
0.929524
0.933528
0.940703
0.953297
0.967975
0.980615
0.989504
0.994946
0.997803
0.999122
0.999672
0.999883
0.99996
0.999987
0.999995
0.999998
0.999999
0.999999
0.999999
0.999999
0.999999
0.999999
0.999999
1
1
1
1
0.999999
0.999995
0.999974
0.999864
0.999352
0.998598
0.998274
0.998232
0.998315
0.9986
0.998739
0.998741
0.998568
0.997655
0.996854
0.99672
0.996794
0.996989
0.997015
0.996889
0.996281
0.995766
0.995587
0.995454
0.995157
0.994412
0.993831
0.993671
0.993756
0.994288
0.862512
0.846261
0.848547
0.866574
0.919194
0.954468
0.97106
0.979147
0.982751
0.983978
0.98406
0.983709
0.982635
0.979869
0.973738
0.965491
0.958
0.951803
0.946623
0.94348
0.940917
0.940271
0.940562
0.941477
0.943233
0.946757
0.950293
0.95791
0.966772
0.970404
0.97014
0.968704
0.965808
0.965848
0.968518
0.97955
0.991748
0.997329
0.999204
0.999776
0.999941
0.999985
0.999996
0.999999
1
1
1
1
0.999998
0.999904
0.997375
0.968243
0.846586
0.773894
0.757317
0.757053
0.762146
0.778724
0.799879
0.844287
0.889807
0.901959
0.899027
0.890445
0.88464
0.885899
0.895801
0.922248
0.957613
0.977995
0.987774
0.992608
0.994549
0.994513
0.993345
0.988569
0.973127
0.931302
0.840156
0.750157
0.697848
0.679936
0.68075
0.688727
0.712602
0.749369
0.780014
0.796245
0.818003
0.850812
0.881629
0.898866
0.9023
0.898328
0.879833
0.859264
0.84888
0.844331
0.842158
0.840042
0.834778
0.827774
0.823444
0.820251
0.81451
0.799005
0.752897
0.715717
0.702678
0.702449
0.712003
0.741412
0.77
0.795071
0.812545
0.820503
0.82235
0.823003
0.825497
0.838385
0.877551
0.914178
0.93997
0.953762
0.957456
0.95871
0.962415
0.97129
0.981166
0.989181
0.994461
0.997461
0.998943
0.999592
0.999851
0.999947
0.999982
0.999993
0.999997
0.999998
0.999998
0.999998
0.999998
0.999998
0.999998
0.999999
0.999999
0.999999
0.999999
0.999999
0.999999
0.999997
0.999986
0.999926
0.999631
0.999027
0.998726
0.99867
0.998711
0.998893
0.998997
0.998999
0.998874
0.998339
0.99802
0.997998
0.998084
0.998228
0.998245
0.998161
0.997826
0.99762
0.997575
0.997562
0.997517
0.997301
0.997
0.996921
0.99697
0.997274
0.885219
0.875279
0.85504
0.859065
0.878704
0.928051
0.958527
0.972629
0.979225
0.982099
0.98312
0.983234
0.982899
0.982027
0.979983
0.975873
0.970451
0.965458
0.960238
0.957084
0.954129
0.952873
0.95312
0.954103
0.956517
0.960308
0.967227
0.971602
0.972765
0.97224
0.970347
0.965143
0.964191
0.965593
0.973057
0.988248
0.995804
0.998629
0.999587
0.999884
0.99997
0.999992
0.999998
1
1
1
1
1
1
0.999995
0.9998
0.995949
0.968514
0.857404
0.780584
0.760139
0.758225
0.761679
0.775347
0.795506
0.83589
0.880121
0.89346
0.891862
0.887293
0.882755
0.882771
0.888573
0.904594
0.932778
0.960764
0.978847
0.988008
0.991946
0.992518
0.991031
0.986379
0.972644
0.940343
0.876923
0.815604
0.765758
0.745337
0.745057
0.751143
0.770692
0.791049
0.81442
0.850103
0.884291
0.904288
0.909296
0.907174
0.896053
0.873849
0.859584
0.85056
0.844739
0.841261
0.838146
0.832534
0.82624
0.821953
0.818932
0.813804
0.799689
0.756931
0.72117
0.707771
0.707442
0.717371
0.747119
0.776864
0.804294
0.824414
0.834499
0.837769
0.839788
0.844254
0.858625
0.893196
0.924064
0.949141
0.966989
0.974888
0.97566
0.975354
0.97677
0.982913
0.989548
0.99436
0.997283
0.998817
0.999527
0.999822
0.999935
0.999976
0.99999
0.999995
0.999996
0.999996
0.999996
0.999995
0.999995
0.999996
0.999996
0.999997
0.999998
0.999998
0.999999
0.999999
0.999998
0.999992
0.999958
0.999793
0.999339
0.999069
0.999007
0.999026
0.999136
0.999203
0.9992
0.999093
0.998797
0.998695
0.998702
0.998793
0.998906
0.998929
0.998901
0.998788
0.998741
0.998746
0.998774
0.998772
0.998722
0.998616
0.998595
0.99863
0.998825
0.892641
0.886711
0.867102
0.862154
0.868197
0.891951
0.934325
0.960279
0.972576
0.978464
0.981172
0.982241
0.982397
0.982144
0.981562
0.980417
0.977868
0.975314
0.972018
0.97009
0.967692
0.96718
0.967567
0.968725
0.971233
0.97366
0.974936
0.974711
0.973785
0.970983
0.964096
0.962606
0.963603
0.969034
0.984725
0.994865
0.998388
0.999522
0.999866
0.999964
0.999991
0.999998
0.999999
1
1
1
1
1
1
1
0.999985
0.999542
0.994657
0.967355
0.862463
0.78493
0.762417
0.759081
0.761739
0.773228
0.792386
0.830468
0.872974
0.886788
0.886524
0.884334
0.880754
0.879956
0.883113
0.892376
0.908784
0.933841
0.961184
0.978768
0.986737
0.988989
0.987382
0.983498
0.974058
0.95277
0.91599
0.873701
0.846921
0.832795
0.833342
0.838459
0.850523
0.876176
0.90083
0.914873
0.91768
0.915449
0.906158
0.883473
0.867988
0.856489
0.846576
0.837113
0.829755
0.823443
0.818965
0.816111
0.81439
0.81315
0.81008
0.798623
0.758759
0.725701
0.714572
0.714678
0.724513
0.753394
0.783951
0.813124
0.834971
0.846953
0.852384
0.856992
0.865828
0.884732
0.911863
0.93755
0.958356
0.974056
0.983321
0.986406
0.986202
0.985381
0.986075
0.990251
0.994555
0.997266
0.998763
0.999486
0.9998
0.999925
0.999971
0.999986
0.999991
0.999993
0.999993
0.999992
0.999991
0.99999
0.99999
0.99999
0.999991
0.999993
0.999995
0.999997
0.999998
0.999997
0.999994
0.999975
0.99988
0.99956
0.999324
0.999261
0.999269
0.999331
0.999369
0.999362
0.999267
0.999124
0.999095
0.999108
0.999192
0.999302
0.999345
0.999349
0.999342
0.999343
0.999372
0.999419
0.999429
0.999419
0.999394
0.999393
0.99942
0.999541
0.894089
0.883744
0.861542
0.861906
0.865599
0.876956
0.906432
0.9375
0.958016
0.970423
0.97679
0.979876
0.981173
0.981568
0.981431
0.981103
0.980335
0.979505
0.978183
0.977301
0.97612
0.975965
0.976109
0.976561
0.976919
0.976744
0.976179
0.974523
0.97005
0.962386
0.961138
0.962061
0.967212
0.982783
0.99412
0.998101
0.999419
0.999831
0.999953
0.999988
0.999997
0.999999
1
1
1
1
1
1
1
1
0.999999
0.999951
0.999199
0.993284
0.964868
0.862089
0.786679
0.763711
0.759634
0.761815
0.771955
0.790395
0.827666
0.868132
0.881365
0.883016
0.881697
0.879123
0.878337
0.879714
0.884067
0.893203
0.908795
0.933759
0.960435
0.976621
0.982607
0.982304
0.980006
0.974278
0.961831
0.940479
0.923578
0.909972
0.905908
0.907739
0.913117
0.921684
0.926389
0.92667
0.924398
0.91345
0.891596
0.875024
0.86118
0.846285
0.830446
0.817026
0.80942
0.807859
0.809454
0.811519
0.812061
0.811795
0.80963
0.79892
0.760108
0.730237
0.721486
0.722403
0.73444
0.762617
0.792567
0.822623
0.845261
0.858481
0.866639
0.875537
0.892342
0.913188
0.933673
0.952866
0.967886
0.978843
0.986598
0.990784
0.991841
0.991527
0.99112
0.99182
0.994869
0.997367
0.998771
0.999474
0.999789
0.999917
0.999965
0.999981
0.999986
0.999987
0.999987
0.999985
0.999983
0.999978
0.999974
0.999975
0.999976
0.99998
0.999987
0.999992
0.999995
0.999996
0.999994
0.999983
0.999927
0.999707
0.999509
0.999449
0.99945
0.999483
0.999501
0.999492
0.999418
0.999354
0.999347
0.999362
0.999434
0.999532
0.999586
0.999612
0.999635
0.999671
0.999713
0.999742
0.99975
0.999749
0.999747
0.999749
0.99977
0.999837
0.894616
0.888288
0.871857
0.858519
0.861109
0.867879
0.884578
0.913528
0.940004
0.957328
0.968236
0.974602
0.978158
0.979823
0.980607
0.980659
0.980513
0.980211
0.979838
0.979431
0.979102
0.978884
0.978625
0.978354
0.977819
0.976603
0.973624
0.96622
0.95985
0.959486
0.960808
0.966737
0.983312
0.994119
0.998039
0.99938
0.999814
0.999947
0.999985
0.999996
0.999999
1
1
1
1
1
1
1
1
1
1
0.999995
0.999888
0.998756
0.99159
0.960745
0.856754
0.786097
0.764038
0.759806
0.761796
0.771388
0.789623
0.826905
0.864309
0.877503
0.880324
0.879598
0.878474
0.87767
0.877636
0.879212
0.883718
0.893009
0.908498
0.932115
0.956597
0.970486
0.975238
0.973724
0.970224
0.963283
0.955134
0.947667
0.943966
0.941406
0.938284
0.936492
0.93433
0.929885
0.917364
0.898476
0.884432
0.867902
0.848139
0.824847
0.80986
0.803779
0.802555
0.8036
0.808113
0.811418
0.812752
0.81286
0.8115
0.802018
0.765759
0.739116
0.73232
0.73394
0.747495
0.773357
0.802357
0.832797
0.856398
0.871556
0.884212
0.901156
0.920482
0.938676
0.953931
0.965696
0.974916
0.982322
0.988316
0.992418
0.994244
0.994551
0.9944
0.994409
0.995422
0.997541
0.998825
0.999485
0.999787
0.999912
0.999959
0.999974
0.999979
0.999979
0.999978
0.99997
0.999964
0.999951
0.999936
0.999935
0.999937
0.999947
0.999965
0.99998
0.999989
0.999992
0.999992
0.999986
0.999952
0.999802
0.99964
0.999585
0.999583
0.999598
0.999606
0.999596
0.999545
0.999518
0.999517
0.999532
0.999594
0.999677
0.999734
0.999773
0.999807
0.999841
0.99987
0.999888
0.999895
0.999896
0.999897
0.9999
0.999916
0.999947
0.904377
0.905748
0.898889
0.86673
0.860653
0.863707
0.870354
0.886238
0.90655
0.933121
0.951729
0.963573
0.971054
0.975336
0.977836
0.978979
0.979581
0.979629
0.97956
0.979394
0.979165
0.978877
0.978316
0.977143
0.974659
0.969202
0.959806
0.957033
0.957509
0.960508
0.968679
0.986658
0.994963
0.998229
0.999416
0.999818
0.999946
0.999985
0.999996
0.999999
1
1
1
1
1
1
1
1
1
1
1
0.999999
0.999985
0.999784
0.998159
0.989316
0.954425
0.847229
0.783591
0.76358
0.759658
0.761732
0.771374
0.790879
0.826005
0.861149
0.874732
0.878317
0.878801
0.87838
0.877217
0.876577
0.877097
0.87912
0.883884
0.893267
0.906685
0.927455
0.947361
0.959489
0.963709
0.962074
0.958261
0.954142
0.951261
0.946457
0.94153
0.93783
0.930539
0.916479
0.902176
0.888602
0.873459
0.84941
0.823019
0.808724
0.802605
0.800806
0.800834
0.802609
0.808714
0.814422
0.817491
0.818112
0.817177
0.808812
0.776091
0.753589
0.748614
0.750566
0.76259
0.783416
0.810305
0.840172
0.865479
0.884937
0.905455
0.926148
0.944221
0.959486
0.971135
0.979498
0.984689
0.987934
0.990785
0.993506
0.995276
0.995935
0.996041
0.996088
0.996442
0.997798
0.998921
0.999515
0.999793
0.999909
0.999952
0.999965
0.999967
0.999967
0.99996
0.999936
0.99992
0.99988
0.999834
0.99983
0.999837
0.999862
0.99991
0.999949
0.999974
0.999985
0.999988
0.999984
0.999963
0.999862
0.99973
0.99968
0.999675
0.99968
0.999683
0.999672
0.999642
0.999633
0.999636
0.999652
0.99971
0.999778
0.99983
0.999868
0.999898
0.999923
0.999941
0.999952
0.999956
0.999957
0.999959
0.999962
0.999972
0.999983
0.907838
0.911954
0.966068
0.922386
0.886878
0.870329
0.871143
0.875238
0.885221
0.894915
0.913282
0.931726
0.950674
0.962269
0.969078
0.973062
0.975286
0.976476
0.976942
0.976865
0.976457
0.975365
0.972582
0.967435
0.958181
0.953881
0.954071
0.956016
0.961824
0.975635
0.989806
0.996036
0.998553
0.999503
0.999839
0.99995
0.999985
0.999996
0.999999
1
1
1
1
1
1
1
1
1
1
1
1
1
0.999998
0.999964
0.999621
0.997333
0.986203
0.945056
0.835228
0.779951
0.762624
0.759255
0.761588
0.77113
0.795033
0.824262
0.858642
0.872683
0.877457
0.878613
0.878323
0.877183
0.876697
0.876883
0.877771
0.880075
0.884942
0.892253
0.902617
0.916059
0.930743
0.940116
0.945134
0.944468
0.942531
0.938576
0.931405
0.921794
0.911474
0.899144
0.888719
0.874545
0.847192
0.823596
0.80994
0.803343
0.800808
0.800287
0.800536
0.802811
0.812015
0.821617
0.826832
0.827935
0.827048
0.818877
0.789
0.770136
0.76627
0.768265
0.778159
0.794108
0.818692
0.847557
0.875164
0.901616
0.924762
0.945111
0.962263
0.976118
0.985119
0.989926
0.992507
0.993695
0.994323
0.995129
0.996031
0.996568
0.996756
0.996901
0.997268
0.998247
0.999079
0.999566
0.999805
0.999907
0.999943
0.999951
0.999951
0.999946
0.999918
0.999857
0.999808
0.999674
0.999558
0.999555
0.99958
0.999659
0.999783
0.999878
0.999938
0.999969
0.999979
0.999979
0.999966
0.999899
0.999793
0.999746
0.999736
0.999736
0.999735
0.999727
0.999717
0.999717
0.999721
0.99974
0.999793
0.999848
0.999891
0.999923
0.999946
0.999962
0.999973
0.999979
0.999982
0.999983
0.999984
0.999987
0.999991
0.999995
0.99506
0.988474
0.988203
0.988634
0.988321
0.987105
0.97821
0.949864
0.909471
0.901423
0.903767
0.910041
0.916908
0.928911
0.940247
0.950357
0.956434
0.961034
0.962586
0.962121
0.960357
0.956561
0.949795
0.948627
0.949267
0.951642
0.957395
0.969742
0.985504
0.993535
0.997318
0.998957
0.999619
0.999869
0.999957
0.999986
0.999996
0.999999
1
1
1
1
1
1
1
1
1
1
1
1
1
1
1
0.999994
0.999927
0.999391
0.996303
0.982512
0.933699
0.825989
0.777144
0.761733
0.758688
0.761051
0.770689
0.796922
0.823265
0.855282
0.870719
0.876816
0.878075
0.878928
0.878612
0.877919
0.877961
0.878435
0.879785
0.881709
0.88445
0.889573
0.896073
0.900304
0.906084
0.909202
0.908803
0.907037
0.902825
0.898181
0.891767
0.884482
0.868428
0.843911
0.824573
0.812246
0.805338
0.802017
0.800591
0.800397
0.800968
0.804763
0.81827
0.831153
0.838411
0.840482
0.839815
0.831899
0.804862
0.788299
0.784665
0.786089
0.792437
0.80351
0.825964
0.856505
0.889568
0.919278
0.942912
0.961951
0.977782
0.986718
0.991375
0.993781
0.994996
0.995525
0.995755
0.996099
0.996569
0.996906
0.997078
0.997298
0.997851
0.998629
0.999244
0.999626
0.99982
0.999903
0.999928
0.999931
0.999926
0.999902
0.999805
0.999637
0.99947
0.999009
0.998753
0.998764
0.99886
0.999122
0.999452
0.999696
0.999846
0.999926
0.99996
0.999966
0.99996
0.999918
0.999832
0.999789
0.999776
0.999775
0.999776
0.999775
0.999775
0.999777
0.999785
0.999815
0.999861
0.999902
0.999934
0.999957
0.999972
0.999982
0.999988
0.999992
0.999993
0.999993
0.999994
0.999996
0.999998
0.999999
0.999925
0.9998
0.99971
0.999647
0.99958
0.999387
0.998662
0.996215
0.98884
0.97403
0.950335
0.929991
0.923485
0.924353
0.926452
0.930757
0.93386
0.936769
0.938579
0.938758
0.939105
0.940155
0.942576
0.947722
0.95786
0.97118
0.984751
0.992406
0.996443
0.998441
0.999359
0.999752
0.999909
0.999968
0.99999
0.999997
0.999999
1
1
1
1
1
1
1
1
1
1
1
1
1
1
1
1
0.999999
0.999988
0.999877
0.999132
0.995305
0.979445
0.926626
0.823142
0.776313
0.761265
0.757991
0.759954
0.769145
0.792507
0.822986
0.84883
0.867152
0.874606
0.878038
0.879247
0.880378
0.880721
0.880619
0.880744
0.881265
0.881817
0.882711
0.883949
0.884783
0.885931
0.887044
0.886942
0.886337
0.884963
0.882177
0.875947
0.860208
0.841307
0.826002
0.815158
0.808269
0.804215
0.802013
0.80153
0.801672
0.802834
0.808715
0.82292
0.834884
0.84273
0.846162
0.846523
0.843396
0.824439
0.809586
0.80549
0.805506
0.80743
0.813254
0.83048
0.868225
0.905239
0.935256
0.959008
0.976917
0.986588
0.991689
0.994162
0.995339
0.995847
0.996051
0.996145
0.996324
0.996715
0.997013
0.997191
0.997494
0.998111
0.998791
0.999326
0.999658
0.999826
0.999891
0.999904
0.999899
0.99987
0.999775
0.999474
0.998974
0.998291
0.996913
0.996376
0.996449
0.99678
0.997598
0.998551
0.999216
0.99961
0.999817
0.999911
0.999941
0.999942
0.999917
0.999847
0.999808
0.999797
0.999797
0.9998
0.999806
0.999813
0.999825
0.999846
0.999877
0.99991
0.99994
0.999962
0.999977
0.999986
0.999992
0.999995
0.999997
0.999997
0.999998
0.999998
0.999999
0.999999
1
0.999999
0.999998
0.999996
0.999994
0.999992
0.99998
0.999935
0.99976
0.99915
0.997502
0.993903
0.986569
0.973697
0.960758
0.951935
0.946288
0.945222
0.945735
0.947073
0.950051
0.95624
0.963176
0.973442
0.983082
0.989963
0.994442
0.99711
0.998584
0.999347
0.999716
0.999883
0.999954
0.999983
0.999994
0.999998
0.999999
1
1
1
1
1
1
1
1
1
1
1
1
1
1
1
1
1
1
0.999998
0.999978
0.999823
0.998906
0.99463
0.978169
0.927293
0.825552
0.777703
0.761452
0.757194
0.75849
0.765759
0.784425
0.814717
0.842754
0.861203
0.8714
0.876533
0.879493
0.881015
0.882199
0.882958
0.882987
0.883033
0.883
0.882419
0.881552
0.881151
0.880914
0.880433
0.879363
0.876661
0.868771
0.854694
0.839976
0.827811
0.818647
0.812077
0.807299
0.804547
0.803684
0.803562
0.803755
0.804945
0.810494
0.823764
0.835377
0.843341
0.847324
0.84823
0.847414
0.839624
0.827855
0.822325
0.820988
0.821311
0.824002
0.838062
0.881693
0.921168
0.95032
0.972077
0.984312
0.990865
0.993992
0.995301
0.995854
0.996034
0.996118
0.996187
0.996324
0.996698
0.997005
0.997201
0.997572
0.998201
0.998859
0.999364
0.999673
0.999821
0.999867
0.999867
0.99984
0.999722
0.999377
0.998517
0.996527
0.99481
0.992961
0.992163
0.992221
0.99258
0.993589
0.996169
0.998037
0.999055
0.999566
0.999801
0.999887
0.999902
0.999894
0.999847
0.99981
0.999802
0.999804
0.999814
0.99983
0.999847
0.999867
0.999891
0.999917
0.999943
0.999964
0.999978
0.999988
0.999993
0.999996
0.999998
0.999999
0.999999
0.999999
0.999999
1
1
1
1
1
1
1
1
0.999999
0.999998
0.999988
0.99995
0.999819
0.999465
0.998632
0.99698
0.993453
0.990388
0.986853
0.984721
0.984783
0.985747
0.988236
0.991064
0.993675
0.995847
0.997463
0.998553
0.999225
0.999608
0.999812
0.999914
0.999962
0.999984
0.999994
0.999998
0.999999
1
1
1
1
1
1
1
1
1
1
1
1
1
1
1
1
1
1
1
1
1
0.999997
0.999969
0.999779
0.998777
0.994479
0.978992
0.935402
0.8342
0.78214
0.762643
0.756589
0.756765
0.761244
0.773898
0.799471
0.82778
0.850975
0.864605
0.872667
0.877469
0.880291
0.88199
0.882811
0.882999
0.882914
0.882257
0.880837
0.879903
0.879125
0.877786
0.874897
0.86654
0.853467
0.840406
0.829741
0.821938
0.815934
0.810935
0.807282
0.805086
0.80415
0.803965
0.804128
0.805265
0.810579
0.823472
0.834984
0.843122
0.847364
0.848533
0.848229
0.844074
0.833979
0.82833
0.826731
0.827118
0.831012
0.848563
0.895953
0.936216
0.964258
0.979885
0.988655
0.993189
0.995084
0.995732
0.995969
0.995989
0.995912
0.99593
0.996042
0.996413
0.996854
0.997139
0.997582
0.998235
0.998891
0.999386
0.999678
0.999804
0.999828
0.999809
0.999691
0.999292
0.998132
0.99524
0.992374
0.990432
0.988999
0.988566
0.988634
0.988943
0.989669
0.991392
0.995094
0.997656
0.998984
0.999558
0.999781
0.999849
0.999853
0.999834
0.999807
0.999801
0.999805
0.999825
0.999851
0.999875
0.999898
0.999922
0.999945
0.999964
0.999978
0.999988
0.999993
0.999996
0.999998
0.999999
0.999999
1
1
1
1
1
1
1
1
1
1
1
1
1
1
0.999998
0.99999
0.999966
0.999901
0.999754
0.999381
0.998957
0.998281
0.99801
0.998065
0.998319
0.998725
0.9991
0.999403
0.999626
0.999779
0.999877
0.999935
0.999967
0.999984
0.999993
0.999997
0.999999
0.999999
1
1
1
1
1
1
1
1
1
1
1
1
1
1
1
1
1
1
1
1
1
1
1
1
0.999995
0.999962
0.99976
0.998787
0.994892
0.981832
0.946985
0.8548
0.791886
0.765834
0.757245
0.755159
0.757002
0.763848
0.779317
0.803626
0.82877
0.849095
0.861729
0.869355
0.874298
0.877585
0.879129
0.879265
0.87889
0.877465
0.875795
0.873737
0.869064
0.860236
0.850195
0.839958
0.831036
0.824114
0.818501
0.8135
0.808963
0.80528
0.802965
0.802021
0.801966
0.802396
0.804025
0.809772
0.822115
0.833575
0.842037
0.846737
0.848246
0.848115
0.844823
0.835449
0.830303
0.829053
0.829667
0.835047
0.860641
0.911743
0.950272
0.972438
0.984901
0.991547
0.994563
0.995575
0.995851
0.995839
0.99566
0.995001
0.994947
0.99512
0.995682
0.996436
0.996957
0.997527
0.998233
0.998909
0.999402
0.999678
0.999772
0.999772
0.999678
0.999272
0.998106
0.994313
0.991054
0.98879
0.986345
0.985593
0.985726
0.986229
0.986507
0.987019
0.988135
0.991293
0.995419
0.997851
0.999047
0.999564
0.999743
0.999789
0.999793
0.999789
0.999791
0.999806
0.999838
0.999869
0.999897
0.999922
0.999945
0.999963
0.999977
0.999987
0.999993
0.999996
0.999998
0.999999
0.999999
1
1
1
1
1
1
1
1
1
1
1
1
1
1
1
1
1
0.999999
0.999995
0.999986
0.999966
0.999934
0.999869
0.999858
0.999868
0.999898
0.999927
0.999951
0.999969
0.999981
0.999989
0.999994
0.999997
0.999998
0.999999
1
1
1
1
1
1
1
1
1
1
1
1
1
1
1
1
1
1
1
1
1
1
1
1
1
1
1
1
0.999999
0.999994
0.99996
0.999771
0.998932
0.995768
0.985935
0.959193
0.889013
0.811705
0.773765
0.759936
0.754283
0.753895
0.756032
0.762409
0.775436
0.793306
0.814622
0.830457
0.845087
0.854931
0.860963
0.863921
0.864012
0.863285
0.861476
0.857718
0.851635
0.844842
0.83727
0.829405
0.8222
0.815603
0.809005
0.802621
0.797032
0.792899
0.791043
0.790993
0.791968
0.79457
0.7987
0.80754
0.819218
0.830683
0.83952
0.844691
0.846567
0.846603
0.844122
0.835453
0.830664
0.830003
0.831394
0.840436
0.877902
0.929276
0.96049
0.97834
0.988416
0.993452
0.9953
0.995739
0.995737
0.995528
0.994725
0.993133
0.993008
0.993292
0.994231
0.995612
0.996582
0.997393
0.998202
0.998913
0.999413
0.999663
0.999717
0.999676
0.999307
0.998096
0.995154
0.989699
0.987358
0.983957
0.980376
0.980184
0.980813
0.982771
0.984565
0.985053
0.985674
0.987339
0.991847
0.995919
0.998126
0.999135
0.999549
0.999698
0.999739
0.999755
0.999774
0.999805
0.999843
0.99988
0.999913
0.999939
0.99996
0.999975
0.999986
0.999992
0.999996
0.999998
0.999999
0.999999
1
1
1
1
1
1
1
1
1
1
1
1
1
1
1
1
1
1
1
1
1
0.999999
0.999997
0.999995
0.999995
0.999996
0.999997
0.999998
0.999999
0.999999
0.999999
1
1
1
1
1
1
1
1
1
1
1
1
1
1
1
1
1
1
1
1
1
1
1
1
1
1
1
1
1
1
1
1
1
1
0.999999
0.999994
0.999963
0.99981
0.999166
0.996895
0.990105
0.971483
0.930577
0.845275
0.793762
0.767431
0.757616
0.752809
0.751966
0.752995
0.756273
0.76362
0.773803
0.783127
0.792733
0.802824
0.811439
0.815112
0.818666
0.819725
0.818821
0.816499
0.811904
0.805662
0.798747
0.791384
0.783403
0.774924
0.766914
0.760921
0.758607
0.7586
0.76057
0.768126
0.777274
0.787499
0.799298
0.812518
0.825065
0.83456
0.840047
0.842089
0.84219
0.840312
0.833425
0.830089
0.830142
0.833782
0.851009
0.902674
0.944831
0.969691
0.984
0.991751
0.994867
0.995659
0.995716
0.995514
0.994721
0.992509
0.990322
0.99019
0.990621
0.992081
0.994327
0.995925
0.997119
0.998121
0.998911
0.999423
0.999629
0.999638
0.999457
0.998194
0.994888
0.991325
0.985494
0.9816
0.975428
0.970592
0.970605
0.971903
0.975785
0.980889
0.983308
0.984304
0.985581
0.988976
0.993613
0.996732
0.998435
0.999218
0.999519
0.999628
0.999685
0.999737
0.99979
0.99984
0.999886
0.999924
0.999951
0.99997
0.999983
0.99999
0.999995
0.999997
0.999998
0.999999
0.999999
1
1
1
1
1
1
1
1
1
1
1
1
1
1
1
1
1
1
1
1
1
1
1
1
1
1
1
1
1
1
1
1
1
1
1
1
1
1
1
1
1
1
1
1
1
1
1
1
1
1
1
1
1
1
1
1
1
1
1
1
1
1
1
1
1
1
0.999999
0.999995
0.999971
0.999861
0.999428
0.997983
0.993735
0.982911
0.959093
0.908898
0.835902
0.792648
0.769518
0.757928
0.753776
0.750977
0.750259
0.750655
0.751632
0.752784
0.754851
0.756675
0.757562
0.758609
0.75826
0.757164
0.755026
0.752022
0.748837
0.745331
0.741341
0.737096
0.732731
0.72837
0.724281
0.721222
0.720071
0.720901
0.729164
0.747456
0.765233
0.782744
0.800099
0.815174
0.825645
0.831189
0.832998
0.832963
0.831223
0.8273
0.82701
0.829321
0.838951
0.874297
0.926104
0.959231
0.978402
0.989268
0.994069
0.995522
0.995753
0.995641
0.99495
0.992809
0.9893
0.987369
0.987301
0.987783
0.989463
0.992708
0.995108
0.996749
0.997975
0.99889
0.999413
0.999559
0.999501
0.998843
0.99542
0.991216
0.986622
0.978941
0.972155
0.964262
0.959252
0.959379
0.961073
0.965489
0.974073
0.979809
0.98185
0.983242
0.986546
0.991596
0.995463
0.997731
0.998811
0.999268
0.999473
0.999592
0.999683
0.999763
0.999832
0.999889
0.999931
0.999959
0.999976
0.999987
0.999993
0.999996
0.999998
0.999999
0.999999
0.999999
1
1
1
1
1
1
1
1
1
1
1
1
1
1
1
1
1
1
1
1
1
1
1
1
1
1
1
1
1
1
1
1
1
1
1
1
1
1
1
1
1
1
1
1
1
1
1
1
1
1
1
1
1
1
1
1
1
1
1
1
1
1
1
1
1
1
1
0.999999
0.999996
0.99998
0.999912
0.999658
0.998844
0.996556
0.990999
0.977956
0.954859
0.906666
0.85908
0.813368
0.786377
0.770425
0.761409
0.756085
0.752901
0.750583
0.748583
0.747147
0.745164
0.742734
0.740279
0.738305
0.737068
0.736262
0.73528
0.733682
0.73149
0.72893
0.725931
0.722338
0.71824
0.714233
0.711144
0.709797
0.710068
0.714523
0.733438
0.759102
0.781957
0.800024
0.810953
0.816054
0.817135
0.816583
0.817026
0.818566
0.82252
0.830916
0.853201
0.9053
0.945913
0.970612
0.985112
0.992461
0.995152
0.995739
0.995733
0.995346
0.993781
0.989778
0.986766
0.985539
0.985531
0.98593
0.987298
0.990952
0.994219
0.996393
0.997918
0.99893
0.999408
0.999465
0.999186
0.997117
0.990953
0.987087
0.980541
0.970737
0.962168
0.954298
0.950065
0.950219
0.951886
0.956032
0.96596
0.975154
0.979631
0.981414
0.984581
0.989744
0.994178
0.996938
0.998353
0.999013
0.999323
0.999495
0.999623
0.999733
0.999822
0.999888
0.999934
0.999963
0.999979
0.999989
0.999994
0.999997
0.999998
0.999999
0.999999
0.999999
0.999999
1
1
1
1
1
1
1
1
1
1
1
1
1
1
1
1
1
1
1
1
1
1
1
1
1
1
1
1
1
1
1
1
1
1
1
1
1
1
1
1
1
1
1
1
1
1
1
1
1
1
1
1
1
1
1
1
1
1
1
1
1
1
1
1
1
1
1
1
0.999998
0.999989
0.999951
0.999822
0.999428
0.998373
0.995801
0.99036
0.978441
0.956767
0.93445
0.902745
0.8713
0.847708
0.828298
0.810148
0.797528
0.790236
0.784193
0.779301
0.776144
0.773844
0.771634
0.76849
0.764392
0.759839
0.755066
0.750569
0.74608
0.741205
0.73457
0.726431
0.718321
0.712049
0.708581
0.707543
0.707823
0.711268
0.731706
0.759161
0.7783
0.787593
0.791322
0.796065
0.803051
0.809904
0.815332
0.823614
0.841587
0.886631
0.931316
0.960867
0.978787
0.989274
0.994269
0.995631
0.995781
0.99559
0.994775
0.991782
0.98779
0.985303
0.984559
0.984619
0.985013
0.986177
0.989696
0.993461
0.99614
0.997941
0.998993
0.999344
0.999283
0.998274
0.992825
0.986824
0.982554
0.973799
0.962937
0.954082
0.947082
0.943639
0.943748
0.945142
0.948766
0.957456
0.969835
0.97646
0.97895
0.982966
0.988544
0.993312
0.996381
0.998024
0.998809
0.999179
0.99939
0.999553
0.999692
0.999804
0.999882
0.999932
0.999963
0.99998
0.99999
0.999995
0.999997
0.999998
0.999999
0.999999
0.999999
0.999999
0.999999
0.999999
0.999999
0.999999
0.999999
0.999999
0.999999
1
1
1
1
1
1
1
1
1
1
1
1
1
1
1
1
1
1
1
1
1
1
1
1
1
1
1
1
1
1
1
1
1
1
1
1
1
1
1
1
1
1
1
1
1
1
1
1
1
1
1
1
1
1
1
1
1
1
1
1
1
1
0.999999
0.999994
0.999977
0.999921
0.999758
0.999337
0.998358
0.996213
0.991556
0.984076
0.973778
0.963254
0.951493
0.942093
0.937325
0.932538
0.926027
0.920777
0.915584
0.906847
0.893273
0.87695
0.860561
0.847237
0.836067
0.825112
0.815035
0.806573
0.798375
0.78335
0.763325
0.742627
0.725404
0.71401
0.708755
0.707712
0.708521
0.714873
0.734587
0.748087
0.761087
0.772927
0.787369
0.799995
0.808565
0.818385
0.83631
0.876099
0.920218
0.953962
0.974284
0.986173
0.992837
0.995358
0.995792
0.995713
0.995321
0.994097
0.990174
0.986269
0.984375
0.983861
0.983938
0.984398
0.985629
0.98927
0.993449
0.996253
0.9981
0.999076
0.999249
0.998874
0.99582
0.987498
0.983249
0.978392
0.967863
0.956709
0.94805
0.942226
0.939741
0.939833
0.940927
0.94394
0.951932
0.965081
0.973045
0.977061
0.981574
0.987337
0.992504
0.995928
0.997765
0.998622
0.999012
0.999246
0.999446
0.999625
0.999767
0.999866
0.999927
0.999962
0.999981
0.99999
0.999995
0.999997
0.999998
0.999998
0.999998
0.999998
0.999998
0.999998
0.999998
0.999998
0.999998
0.999998
0.999998
0.999998
1
1
1
1
1
1
1
1
1
1
1
1
1
1
1
1
1
1
1
1
1
1
1
1
1
1
1
1
1
1
1
1
1
1
1
1
1
1
1
1
1
1
1
1
1
1
1
1
1
1
1
1
1
1
1
1
1
1
1
1
1
1
1
0.999999
0.999997
0.99999
0.999969
0.99991
0.999765
0.999436
0.998738
0.997265
0.99478
0.992004
0.988712
0.98611
0.984765
0.984422
0.984613
0.98484
0.983995
0.979876
0.968803
0.955511
0.942704
0.931955
0.922528
0.910419
0.897225
0.882668
0.856136
0.82371
0.791596
0.763054
0.740228
0.724119
0.714458
0.710464
0.710031
0.711834
0.719406
0.736186
0.753809
0.770045
0.78732
0.804872
0.818273
0.841897
0.878238
0.916384
0.948773
0.969983
0.98215
0.990056
0.994545
0.995775
0.995782
0.99557
0.995205
0.993634
0.988988
0.985552
0.984
0.98361
0.983666
0.98415
0.985698
0.989681
0.993762
0.996596
0.998447
0.99911
0.999054
0.997691
0.99063
0.984041
0.98076
0.974976
0.963002
0.952525
0.944739
0.939775
0.937835
0.937882
0.938728
0.941212
0.947506
0.961741
0.970954
0.975143
0.980318
0.986903
0.992396
0.995857
0.997654
0.998419
0.998759
0.999028
0.999305
0.999552
0.999736
0.999855
0.999924
0.999962
0.999981
0.999991
0.999995
0.999997
0.999997
0.999997
0.999997
0.999996
0.999996
0.999996
0.999997
0.999997
0.999997
0.999997
0.999997
0.999996
1
1
1
1
1
1
1
1
1
1
1
1
1
1
1
1
1
1
1
1
1
1
1
1
1
1
1
1
1
1
1
1
1
1
1
1
1
1
1
1
1
1
1
1
1
1
1
1
1
1
1
1
1
1
1
1
1
1
1
1
1
1
1
1
1
0.999999
0.999997
0.99999
0.999972
0.999932
0.999846
0.999666
0.999275
0.998743
0.998121
0.997569
0.997253
0.997226
0.997285
0.997272
0.996946
0.995856
0.992308
0.985689
0.981618
0.978447
0.97553
0.969793
0.954944
0.916732
0.870676
0.828926
0.793218
0.763737
0.741041
0.725574
0.717237
0.713846
0.713153
0.713776
0.718206
0.735564
0.756361
0.780978
0.808421
0.832537
0.862612
0.897378
0.928678
0.953337
0.970672
0.980986
0.987868
0.993139
0.995581
0.995901
0.99562
0.995519
0.995227
0.993283
0.98847
0.985298
0.983883
0.983553
0.983678
0.984338
0.986341
0.99078
0.994522
0.997358
0.998794
0.999027
0.998521
0.994705
0.985902
0.98217
0.979304
0.972718
0.960558
0.950478
0.943143
0.938554
0.936916
0.936884
0.937469
0.939594
0.946113
0.9598
0.968408
0.973632
0.980151
0.987052
0.992558
0.995933
0.997485
0.998045
0.998397
0.998798
0.999198
0.999516
0.999728
0.999855
0.999926
0.999964
0.999983
0.999991
0.999995
0.999996
0.999996
0.999996
0.999994
0.999993
0.999993
0.999993
0.999993
0.999994
0.999994
0.999994
0.999993
0.999993
1
1
1
1
1
1
1
1
1
1
1
1
1
1
1
1
1
1
1
1
1
1
1
1
1
1
1
1
1
1
1
1
1
1
1
1
1
1
1
1
1
1
1
1
1
1
1
1
1
1
1
1
1
1
1
1
1
1
1
1
1
1
1
1
1
1
1
0.999999
0.999998
0.999994
0.999986
0.99997
0.999936
0.999869
0.999801
0.999733
0.999671
0.999648
0.999633
0.999586
0.999468
0.999204
0.998518
0.997023
0.99594
0.995002
0.993192
0.988849
0.976222
0.932092
0.873486
0.823074
0.783778
0.755387
0.735898
0.723995
0.717793
0.716241
0.716827
0.720033
0.729806
0.756635
0.793128
0.836295
0.875841
0.911934
0.938179
0.955516
0.967062
0.975928
0.982846
0.98756
0.991691
0.994918
0.996009
0.995798
0.995417
0.99571
0.995564
0.993196
0.98839
0.985351
0.984033
0.983753
0.984036
0.985143
0.988373
0.992559
0.996072
0.998302
0.998901
0.998713
0.997002
0.989704
0.98353
0.981321
0.978668
0.971603
0.959484
0.949662
0.942593
0.938114
0.936613
0.936632
0.937388
0.939706
0.946862
0.960045
0.967654
0.973598
0.980495
0.987628
0.993132
0.996019
0.997053
0.997531
0.998082
0.998676
0.999172
0.999518
0.999735
0.999863
0.999932
0.999968
0.999984
0.999991
0.999994
0.999994
0.999994
0.999992
0.999989
0.999987
0.999986
0.999986
0.999987
0.999987
0.999987
0.999987
0.999987
0.999985
1
1
1
1
1
1
1
1
1
1
1
1
1
1
1
1
1
1
1
1
1
1
1
1
1
1
1
1
1
1
1
1
1
1
1
1
1
1
1
1
1
1
1
1
1
1
1
1
1
1
1
1
1
1
1
1
1
1
1
1
1
1
1
1
1
1
1
1
1
1
0.999999
0.999998
0.999996
0.999991
0.999988
0.99998
0.999975
0.999972
0.999964
0.999952
0.999931
0.999884
0.999795
0.999675
0.999456
0.999003
0.997931
0.994845
0.984307
0.94054
0.872274
0.817674
0.777955
0.751017
0.733978
0.72489
0.723461
0.725141
0.732323
0.750673
0.794302
0.851503
0.907997
0.942365
0.961586
0.972167
0.978128
0.982104
0.984545
0.987011
0.989369
0.991157
0.993789
0.995863
0.996138
0.995385
0.995336
0.996292
0.99628
0.993995
0.990017
0.987039
0.985361
0.984979
0.985615
0.98779
0.991633
0.995345
0.997886
0.998729
0.998677
0.997566
0.994012
0.98622
0.982452
0.981059
0.978558
0.971352
0.959405
0.950037
0.943699
0.93894
0.936943
0.936937
0.937888
0.940761
0.94942
0.961007
0.967956
0.974143
0.98163
0.989252
0.993961
0.995798
0.996455
0.997169
0.997971
0.998672
0.999195
0.999548
0.999764
0.999884
0.999945
0.999973
0.999985
0.99999
0.999991
0.999991
0.99999
0.999986
0.99998
0.999976
0.999974
0.999974
0.999974
0.999974
0.999974
0.999974
0.999973
0.99997
1
1
1
1
1
1
1
1
1
1
1
1
1
1
1
1
1
1
1
1
1
1
1
1
1
1
1
1
1
1
1
1
1
1
1
1
1
1
1
1
1
1
1
1
1
1
1
1
1
1
1
1
1
1
1
1
1
1
1
1
1
1
1
1
1
1
1
1
1
1
1
1
1
1
0.999999
0.999999
0.999999
0.999999
0.999998
0.999996
0.999993
0.999987
0.999973
0.999942
0.999868
0.999676
0.999109
0.997077
0.988932
0.952219
0.879423
0.821862
0.78279
0.759033
0.748779
0.74853
0.752549
0.768892
0.808094
0.882195
0.934708
0.963418
0.978273
0.985547
0.98912
0.990801
0.991576
0.991961
0.992065
0.992303
0.992725
0.993486
0.995348
0.996348
0.996004
0.994799
0.995333
0.996759
0.996884
0.996101
0.99357
0.990646
0.989076
0.988828
0.990286
0.992982
0.99581
0.997751
0.998543
0.998442
0.997214
0.995532
0.990745
0.984725
0.982158
0.981466
0.980029
0.974539
0.963936
0.953482
0.947035
0.942095
0.9394
0.938689
0.940116
0.944897
0.955399
0.963017
0.969
0.975795
0.984743
0.991441
0.994241
0.995244
0.996107
0.99709
0.998001
0.998749
0.999291
0.999631
0.999819
0.999913
0.999957
0.999976
0.999984
0.999986
0.999986
0.999986
0.999983
0.999974
0.999964
0.999957
0.999953
0.999951
0.99995
0.999949
0.999947
0.999944
0.999943
0.999934
1
1
1
1
1
1
1
1
1
1
1
1
1
1
1
1
1
1
1
1
1
1
1
1
1
1
1
1
1
1
1
1
1
1
1
1
1
1
1
1
1
1
1
1
1
1
1
1
1
1
1
1
1
1
1
1
1
1
1
1
1
1
1
1
1
1
1
1
1
1
1
1
1
1
1
1
1
1
1
1
0.999999
0.999998
0.999994
0.999985
0.999956
0.999872
0.999593
0.998577
0.994636
0.977371
0.921697
0.869373
0.836843
0.824027
0.823701
0.830449
0.853594
0.9117
0.952675
0.975566
0.986986
0.992077
0.994171
0.994709
0.994771
0.994809
0.99481
0.994784
0.994655
0.994548
0.994574
0.994862
0.996168
0.996507
0.995081
0.994256
0.99568
0.996982
0.997149
0.996922
0.996396
0.995547
0.994969
0.994859
0.995675
0.997035
0.997933
0.998302
0.998076
0.996928
0.996277
0.994734
0.988847
0.984222
0.98294
0.982368
0.981128
0.977337
0.969217
0.95907
0.952265
0.948083
0.94596
0.945157
0.947558
0.953182
0.959644
0.965259
0.971409
0.980601
0.988861
0.99259
0.99402
0.994974
0.996072
0.99718
0.998199
0.998983
0.999471
0.999739
0.999874
0.999937
0.999965
0.999975
0.999978
0.999979
0.999978
0.999975
0.999966
0.999951
0.999937
0.999927
0.99992
0.999915
0.999908
0.999899
0.999889
0.999879
0.999875
0.999854
1
1
1
1
1
1
1
1
1
1
1
1
1
1
1
1
1
1
1
1
1
1
1
1
1
1
1
1
1
1
1
1
1
1
1
1
1
1
1
1
1
1
1
1
1
1
1
1
1
1
1
1
1
1
1
1
1
1
1
1
1
1
1
1
1
1
1
1
1
1
1
1
1
1
1
1
1
1
1
1
1
1
0.999999
0.999996
0.999986
0.999956
0.999853
0.999487
0.998122
0.992989
0.975743
0.956781
0.947041
0.945416
0.946939
0.954386
0.972173
0.985165
0.992116
0.995375
0.9965
0.996403
0.996138
0.995516
0.995082
0.995069
0.995138
0.995226
0.995231
0.995229
0.995267
0.995849
0.99674
0.996135
0.99332
0.993676
0.996196
0.997092
0.997263
0.997299
0.997341
0.997311
0.997375
0.997622
0.997797
0.997923
0.997964
0.997519
0.996942
0.996785
0.996504
0.994008
0.988046
0.984768
0.983844
0.983711
0.983379
0.98191
0.977011
0.968228
0.959709
0.954847
0.952559
0.951813
0.954108
0.958402
0.96376
0.969864
0.978696
0.986979
0.99108
0.992786
0.993853
0.994993
0.996285
0.997625
0.998674
0.999311
0.999659
0.999834
0.999916
0.999951
0.999964
0.999967
0.999967
0.999965
0.999959
0.999944
0.999923
0.999903
0.999888
0.999878
0.999867
0.999851
0.999825
0.999794
0.999764
0.999738
0.999728
0.999677
1
1
1
1
1
1
1
1
1
1
1
1
1
1
1
1
1
1
1
1
1
1
1
1
1
1
1
1
1
1
1
1
1
1
1
1
1
1
1
1
1
1
1
1
1
1
1
1
1
1
1
1
1
1
1
1
1
1
1
1
1
1
1
1
1
1
1
1
1
1
1
1
1
1
1
1
1
1
1
1
1
1
1
0.999999
0.999997
0.999991
0.999971
0.999897
0.99962
0.998527
0.995274
0.992433
0.991485
0.991601
0.99226
0.99454
0.996242
0.997143
0.9976
0.997589
0.997257
0.996429
0.995012
0.99403
0.993763
0.993783
0.994096
0.994907
0.995284
0.995439
0.99593
0.996912
0.996669
0.993046
0.991076
0.993656
0.996457
0.997099
0.997258
0.997357
0.997536
0.997623
0.997654
0.997665
0.997515
0.997182
0.997059
0.997033
0.997325
0.997622
0.997239
0.994531
0.989873
0.986465
0.984921
0.984461
0.984372
0.984081
0.982687
0.979349
0.973164
0.967889
0.964857
0.963651
0.9651
0.968597
0.97376
0.980487
0.986474
0.990012
0.991699
0.992825
0.993986
0.995497
0.997196
0.998459
0.999202
0.999604
0.999805
0.999897
0.999936
0.999949
0.999952
0.99995
0.99994
0.999921
0.999894
0.999861
0.999828
0.999801
0.999786
0.999777
0.999759
0.999716
0.999636
0.999556
0.999484
0.99943
0.99941
0.999297
1
1
1
1
1
1
1
1
1
1
1
1
1
1
1
1
1
1
1
1
1
1
1
1
1
1
1
1
1
1
1
1
1
1
1
1
1
1
1
1
1
1
1
1
1
1
1
1
1
1
1
1
1
1
1
1
1
1
1
1
1
1
1
1
1
1
1
1
1
1
1
1
1
1
1
1
1
1
1
1
1
1
1
1
1
0.999999
0.999997
0.99999
0.99996
0.999839
0.99956
0.999364
0.999326
0.999374
0.999354
0.998967
0.997919
0.997715
0.997859
0.997701
0.996816
0.995537
0.994433
0.99372
0.993617
0.994127
0.994618
0.995209
0.995562
0.996059
0.997101
0.9969
0.993385
0.986908
0.988377
0.994331
0.996286
0.996601
0.99665
0.996659
0.996659
0.996618
0.996416
0.996382
0.996469
0.99659
0.997074
0.997693
0.998149
0.998228
0.997939
0.99678
0.994106
0.990634
0.98791
0.986415
0.985699
0.985402
0.985054
0.984042
0.982144
0.979501
0.977364
0.976476
0.977386
0.979866
0.983395
0.986899
0.989343
0.990791
0.991923
0.993121
0.994893
0.996954
0.998347
0.999147
0.999575
0.999786
0.999882
0.99992
0.999933
0.999934
0.999928
0.999906
0.999859
0.999798
0.999727
0.999658
0.999602
0.999569
0.99955
0.999527
0.999472
0.99933
0.999132
0.998968
0.998838
0.998762
0.99873
0.998518
1
1
1
1
1
1
1
1
1
1
1
1
1
1
1
1
1
1
1
1
1
1
1
1
1
1
1
1
1
1
1
1
1
1
1
1
1
1
1
1
1
1
1
1
1
1
1
1
1
1
1
1
1
1
1
1
1
1
1
1
1
1
1
1
1
1
1
1
1
1
1
1
1
1
1
1
1
1
1
1
1
1
1
1
1
1
0.999999
0.999998
0.999991
0.999963
0.999883
0.999826
0.999815
0.999804
0.999637
0.998104
0.99705
0.997469
0.997943
0.997767
0.997119
0.996319
0.995385
0.99501
0.995037
0.995204
0.995348
0.995814
0.996514
0.997223
0.997034
0.993638
0.982679
0.979956
0.987972
0.99383
0.994917
0.994816
0.994489
0.994285
0.994357
0.994806
0.995287
0.995676
0.996585
0.997092
0.997865
0.998255
0.998376
0.998387
0.998231
0.997786
0.996894
0.995027
0.991952
0.989237
0.987557
0.986657
0.986208
0.985939
0.985377
0.984648
0.984049
0.983748
0.984383
0.985736
0.98743
0.988925
0.990093
0.991232
0.992512
0.994558
0.996863
0.998305
0.999127
0.999563
0.999775
0.999868
0.999903
0.999914
0.999914
0.999902
0.999865
0.999782
0.99966
0.999507
0.999348
0.999215
0.999129
0.999085
0.999044
0.99896
0.998728
0.998347
0.997984
0.997746
0.997589
0.997526
0.997493
0.997155
1
1
1
1
1
1
1
1
1
1
1
1
1
1
1
1
1
1
1
1
1
1
1
1
1
1
1
1
1
1
1
1
1
1
1
1
1
1
1
1
1
1
1
1
1
1
1
1
1
1
1
1
1
1
1
1
1
1
1
1
1
1
1
1
1
1
1
1
1
1
1
1
1
1
1
1
1
1
1
1
1
1
1
1
1
1
0.999998
0.999991
0.999967
0.999838
0.999705
0.99971
0.99976
0.999762
0.9992
0.996841
0.996573
0.997472
0.997986
0.997931
0.997669
0.997325
0.99684
0.996363
0.996139
0.996366
0.996749
0.99705
0.997177
0.996695
0.992608
0.978163
0.964914
0.972314
0.987001
0.991193
0.99162
0.991227
0.990811
0.991646
0.99327
0.994431
0.995331
0.996269
0.997199
0.997699
0.998012
0.998248
0.998345
0.998365
0.998307
0.998126
0.997849
0.997339
0.996362
0.994165
0.991282
0.989094
0.987764
0.987095
0.986765
0.986582
0.986488
0.986619
0.987091
0.987851
0.988774
0.989781
0.990904
0.992365
0.994711
0.997005
0.998382
0.999165
0.999577
0.999774
0.999856
0.999885
0.999892
0.999887
0.999859
0.999784
0.999648
0.99944
0.999154
0.998823
0.998515
0.998289
0.998157
0.998067
0.997912
0.997529
0.996884
0.996305
0.995862
0.995646
0.995537
0.995528
0.995514
0.994901
1
1
1
1
1
1
1
1
1
1
1
1
1
1
1
1
1
1
1
1
1
1
1
1
1
1
1
1
1
1
1
1
1
1
1
1
1
1
1
1
1
1
1
1
1
1
1
1
1
1
1
1
1
1
1
1
1
1
1
1
1
1
1
1
1
1
1
1
1
1
1
1
1
1
1
1
1
1
1
1
1
1
1
1
1
0.999997
0.999983
0.999933
0.999766
0.999032
0.998718
0.998817
0.999215
0.999374
0.99854
0.995941
0.99589
0.997124
0.997758
0.997836
0.997707
0.997541
0.997432
0.997393
0.997383
0.997283
0.99717
0.996742
0.995271
0.988618
0.965741
0.935551
0.940271
0.970046
0.982853
0.985454
0.985605
0.986495
0.988697
0.991147
0.993333
0.994925
0.995818
0.996639
0.99702
0.997364
0.997557
0.997713
0.99791
0.998054
0.998109
0.998093
0.998006
0.997827
0.997616
0.997183
0.996207
0.993933
0.991377
0.989657
0.988663
0.988163
0.987977
0.988106
0.988524
0.9892
0.99011
0.991286
0.993058
0.99546
0.997388
0.998582
0.999265
0.999619
0.999781
0.999843
0.999862
0.999862
0.999838
0.999756
0.999575
0.999305
0.998925
0.998424
0.997803
0.997153
0.996639
0.996339
0.996071
0.995661
0.994982
0.994189
0.993412
0.992898
0.992585
0.9925
0.992442
0.992459
0.992334
0.990277
1
1
1
1
1
1
1
1
1
1
1
1
1
1
1
1
1
1
1
1
1
1
1
1
1
1
1
1
1
1
1
1
1
1
1
1
1
1
1
1
1
1
1
1
1
1
1
1
1
1
1
1
1
1
1
1
1
1
1
1
1
1
1
1
1
1
1
1
1
1
1
1
1
1
1
1
1
1
1
1
1
1
1
0.999999
0.999996
0.999975
0.999883
0.999599
0.998722
0.996349
0.995988
0.996415
0.998006
0.998744
0.997524
0.994464
0.994313
0.995742
0.996851
0.997266
0.997375
0.997364
0.997333
0.997307
0.997105
0.99648
0.99499
0.99052
0.976871
0.93645
0.90091
0.901865
0.93853
0.964638
0.972918
0.975629
0.980168
0.985132
0.988376
0.991237
0.993534
0.994533
0.995156
0.995407
0.99553
0.995477
0.995607
0.995776
0.99623
0.996562
0.996867
0.997155
0.997389
0.997588
0.997697
0.997733
0.997634
0.997317
0.996405
0.994417
0.992636
0.991514
0.990977
0.990769
0.991135
0.991916
0.99316
0.994832
0.996622
0.997999
0.9989
0.999417
0.999674
0.99978
0.999816
0.999823
0.999799
0.999699
0.999433
0.998977
0.998328
0.99749
0.996446
0.995307
0.994187
0.993232
0.992399
0.99165
0.990776
0.989892
0.988975
0.988325
0.987766
0.987538
0.987235
0.987112
0.986589
0.986016
0.984525
0.975231
1
1
1
1
1
1
1
1
1
1
1
1
1
1
1
1
1
1
1
1
1
1
1
1
1
1
1
1
1
1
1
1
1
1
1
1
1
1
1
1
1
1
1
1
1
1
1
1
1
1
1
1
1
1
1
1
1
1
1
1
1
1
1
1
1
1
1
1
1
1
1
1
1
1
1
1
1
1
1
1
1
0.999999
0.999999
0.999995
0.999972
0.999837
0.999361
0.998123
0.994426
0.993644
0.993722
0.994111
0.99623
0.997807
0.996626
0.992925
0.991869
0.992857
0.994356
0.995076
0.995244
0.995058
0.99462
0.993989
0.992419
0.988066
0.977965
0.953825
0.8983
0.863934
0.858268
0.913094
0.939393
0.954399
0.962747
0.972042
0.979335
0.984891
0.987936
0.990129
0.990915
0.991192
0.991224
0.990489
0.989999
0.990018
0.990317
0.990724
0.991422
0.991893
0.992399
0.993044
0.993834
0.994861
0.995978
0.996962
0.997601
0.99787
0.997929
0.997756
0.997129
0.996232
0.995588
0.99533
0.995519
0.996112
0.996981
0.99793
0.998728
0.999261
0.99955
0.999684
0.999733
0.999741
0.999688
0.999513
0.999069
0.998302
0.996975
0.995365
0.993295
0.991242
0.98907
0.987314
0.985544
0.984191
0.98265
0.981533
0.980026
0.979116
0.977768
0.977208
0.975872
0.975154
0.973044
0.971437
0.96699
0.962368
0.955061
0.921625
1
1
1
1
1
1
1
1
1
1
1
1
1
1
1
1
1
1
1
1
1
1
1
1
1
1
1
1
1
1
1
1
1
1
1
1
1
1
1
1
1
1
1
1
1
1
1
1
1
1
1
1
1
1
1
1
1
1
1
1
1
1
1
1
1
1
1
1
1
1
1
1
1
1
0.999999
0.999999
0.999999
0.999999
0.999998
0.999997
0.999997
0.999995
0.999991
0.999968
0.999818
0.999089
0.997234
0.992612
0.991421
0.993146
0.993663
0.994068
0.996058
0.997089
0.995505
0.991801
0.990423
0.98884
0.988848
0.989322
0.988815
0.986711
0.983315
0.978242
0.968554
0.948904
0.909658
0.851209
0.829346
0.827296
0.870393
0.923943
0.941288
0.951161
0.960638
0.972016
0.978908
0.982186
0.982596
0.981954
0.980904
0.979513
0.977171
0.976133
0.976208
0.976949
0.977793
0.978558
0.97918
0.979532
0.979932
0.980764
0.982186
0.984529
0.987621
0.990977
0.994063
0.99635
0.99768
0.998273
0.998474
0.998509
0.99843
0.99834
0.99841
0.998636
0.998926
0.999198
0.999394
0.999499
0.999539
0.999503
0.999257
0.998839
0.997765
0.99639
0.99341
0.990421
0.985712
0.982
0.977005
0.973994
0.969933
0.967937
0.964071
0.962182
0.95809
0.95614
0.951705
0.949512
0.944326
0.941376
0.934106
0.929545
0.918285
0.91114
0.894764
0.8792
0.858053
0.775554
1
1
1
1
1
1
1
1
1
1
1
1
1
1
1
1
1
1
1
1
1
1
1
1
1
1
1
1
1
1
1
1
1
1
1
1
1
1
1
1
1
1
1
1
1
1
1
1
1
1
1
1
1
1
1
1
1
1
1
1
1
1
1
1
1
1
1
1
1
1
1
0.999998
0.999995
0.99999
0.999988
0.999987
0.999985
0.999983
0.99998
0.999976
0.999974
0.999968
0.999937
0.999781
0.998908
0.995389
0.990765
0.98969
0.99016
0.99362
0.995144
0.994977
0.996367
0.996723
0.994533
0.991569
0.990343
0.987842
0.982868
0.978423
0.973953
0.965353
0.950917
0.930139
0.89746
0.845739
0.801088
0.786491
0.783676
0.795798
0.853475
0.914087
0.93886
0.950491
0.95913
0.96787
0.969594
0.967264
0.962825
0.957056
0.950072
0.944554
0.94235
0.942833
0.944841
0.947186
0.948929
0.949816
0.950091
0.949777
0.949337
0.949521
0.951129
0.955041
0.961203
0.968925
0.977213
0.984742
0.990773
0.994767
0.997
0.998083
0.998506
0.998628
0.998693
0.998766
0.998834
0.998837
0.998655
0.998262
0.997265
0.995955
0.99282
0.989387
0.982194
0.975404
0.964435
0.956251
0.944492
0.937302
0.926216
0.920472
0.909701
0.904165
0.892548
0.886724
0.87417
0.867798
0.853942
0.846541
0.830108
0.820762
0.800071
0.788261
0.762194
0.746706
0.713206
0.682094
0.643551
0.51993
1
1
1
1
1
1
1
1
1
1
1
1
1
1
1
1
1
1
1
1
1
1
1
1
1
1
1
1
1
1
1
1
1
1
1
1
1
1
1
1
1
1
1
1
1
1
1
1
1
1
1
1
1
1
1
1
1
1
1
1
1
1
1
1
1
1
1
1
1
0.999999
0.999991
0.999965
0.999906
0.999877
0.999869
0.999854
0.999844
0.999837
0.999817
0.999809
0.99981
0.999794
0.999556
0.998554
0.993061
0.987473
0.987706
0.987642
0.988002
0.99279
0.995754
0.996104
0.996551
0.996181
0.993574
0.9915
0.990486
0.988237
0.981945
0.972714
0.960813
0.944982
0.921713
0.887797
0.846702
0.806647
0.779427
0.769505
0.766223
0.766852
0.783454
0.844557
0.913632
0.934771
0.940618
0.940267
0.934648
0.924077
0.908346
0.891864
0.87945
0.872033
0.871422
0.873748
0.877751
0.882065
0.884932
0.88624
0.886465
0.884809
0.882308
0.880466
0.880757
0.885496
0.894405
0.907116
0.922659
0.939286
0.955412
0.969041
0.979462
0.986222
0.989777
0.991381
0.991931
0.991749
0.990749
0.988738
0.985283
0.98011
0.971462
0.9607
0.943951
0.925767
0.901949
0.880002
0.855289
0.835178
0.812515
0.795262
0.773901
0.758734
0.737858
0.725123
0.704374
0.692761
0.670658
0.658417
0.63431
0.621292
0.595276
0.581099
0.552018
0.535415
0.500502
0.479779
0.437123
0.402043
0.3583
0.245781
1
1
1
1
1
1
1
1
1
1
1
1
1
1
1
1
1
1
1
1
1
1
1
1
1
1
1
1
1
1
1
1
1
1
1
1
1
1
1
1
1
1
1
1
1
1
1
1
1
1
1
1
1
1
1
1
1
1
1
1
1
1
1
1
1
1
1
1
1
0.999978
0.999821
0.999444
0.9992
0.999057
0.999017
0.999015
0.999029
0.999039
0.999036
0.999074
0.999215
0.999096
0.996419
0.984964
0.978144
0.976511
0.977301
0.980012
0.984937
0.990561
0.994608
0.995858
0.995957
0.994792
0.992175
0.990726
0.990181
0.989011
0.983707
0.973107
0.96002
0.943843
0.922953
0.895684
0.863002
0.831861
0.816596
0.809342
0.805339
0.792689
0.768866
0.768823
0.831728
0.872984
0.878554
0.871045
0.854158
0.831461
0.811314
0.793023
0.781355
0.774865
0.772533
0.772473
0.774025
0.774872
0.774979
0.774138
0.772178
0.770122
0.767624
0.765107
0.763822
0.765486
0.770713
0.780086
0.793872
0.811781
0.83326
0.85626
0.878886
0.898565
0.912328
0.919608
0.921825
0.918747
0.911069
0.897806
0.878249
0.852099
0.817782
0.779808
0.739226
0.701328
0.665304
0.634587
0.606488
0.58277
0.559996
0.540891
0.521134
0.504464
0.485374
0.469687
0.450192
0.435124
0.414718
0.400004
0.37853
0.364036
0.341027
0.326183
0.300666
0.284781
0.255786
0.237767
0.205936
0.182704
0.15455
0.0942932
1
1
1
1
1
1
1
1
1
1
1
1
1
1
1
1
1
1
1
1
1
1
1
1
1
1
1
1
1
1
1
1
1
1
1
1
1
1
1
1
1
1
1
1
1
1
1
1
1
1
1
1
1
1
1
1
1
1
1
1
1
1
1
1
1
1
1
1
0.999993
0.999773
0.998341
0.997743
0.997856
0.99798
0.998039
0.998051
0.998042
0.998022
0.997997
0.997941
0.997662
0.996096
0.98821
0.9755
0.969449
0.968192
0.969113
0.975336
0.984058
0.988822
0.990909
0.991897
0.991719
0.989915
0.98833
0.988191
0.988994
0.988945
0.986045
0.977428
0.967551
0.957936
0.948993
0.940507
0.932205
0.92389
0.917991
0.909179
0.890696
0.840945
0.76959
0.752683
0.778288
0.825212
0.831926
0.825473
0.809669
0.790532
0.774291
0.755604
0.740229
0.728217
0.718217
0.711031
0.707429
0.705509
0.70375
0.702873
0.702213
0.701907
0.701617
0.701377
0.702068
0.703776
0.705306
0.705154
0.703364
0.700109
0.696201
0.691748
0.687277
0.682555
0.678189
0.674205
0.667663
0.655142
0.637545
0.614611
0.588493
0.561284
0.535102
0.511408
0.488607
0.467514
0.447586
0.429275
0.411743
0.395384
0.379212
0.364037
0.348591
0.334169
0.31902
0.305131
0.289764
0.276105
0.260297
0.246966
0.230619
0.217615
0.200539
0.187749
0.169755
0.156981
0.137972
0.124689
0.105222
0.0891953
0.0737146
0.0411748
0.0327196
0.0370287
0.035017
0.0308034
0.0230068
0.0154877
0.00998764
0.00619422
0.00371479
0.00216459
0.00122995
0.000681737
0.000368897
0.000194139
9.93624e-05
4.91172e-05
2.3559e-05
1.08765e-05
4.89829e-06
2.12054e-06
9.02908e-07
3.67949e-07
1.48965e-07
5.85179e-08
1.91054e-08
0.360407
0.335606
0.315403
0.286333
0.237548
0.181696
0.132164
0.0916317
0.0607377
0.0386228
0.0236382
0.0139604
0.00797462
0.00440773
0.00235668
0.00121528
0.000603993
0.000288478
0.000132838
5.88202e-05
2.52299e-05
1.04219e-05
4.18703e-06
1.66207e-06
5.2126e-07
0.820561
0.822122
0.81961
0.809822
0.783661
0.705978
0.561476
0.414484
0.289233
0.192631
0.12299
0.0755664
0.0448355
0.0257376
0.0142986
0.00766992
0.00396431
0.00196844
0.000939516
0.000430418
0.000190044
8.071e-05
3.30963e-05
1.34528e-05
4.24862e-06
0.938044
0.945091
0.94749
0.947417
0.94497
0.936608
0.911243
0.826818
0.638072
0.455649
0.307468
0.198162
0.122938
0.0737391
0.0428005
0.0239736
0.0129152
0.00666662
0.00329635
0.00155963
0.000708743
0.000309099
0.000129707
5.39776e-05
1.73235e-05
0.955246
0.964996
0.972616
0.976835
0.977846
0.977454
0.974271
0.960744
0.909247
0.744704
0.543103
0.376438
0.24973
0.159401
0.0980064
0.0578604
0.0326726
0.0175796
0.0090128
0.00440213
0.00205723
0.000920153
0.000394727
0.000167932
5.47786e-05
0.947097
0.961693
0.973138
0.981194
0.985722
0.987197
0.987161
0.985478
0.976675
0.940481
0.809053
0.60778
0.434604
0.297211
0.194427
0.121241
0.0717968
0.0402484
0.0213772
0.010768
0.00516988
0.00236931
0.00103819
0.000451205
0.000149501
0.936834
0.954926
0.969165
0.979767
0.986832
0.990595
0.991841
0.991855
0.990704
0.98429
0.957504
0.856289
0.663747
0.486927
0.339212
0.223512
0.138807
0.0810629
0.0446014
0.0231701
0.0114304
0.00536866
0.00240331
0.00106732
0.000359341
0.934658
0.953602
0.968273
0.979205
0.986929
0.991774
0.994186
0.994921
0.994896
0.993973
0.989078
0.96912
0.895214
0.713463
0.52842
0.367368
0.238996
0.145308
0.0828056
0.0443733
0.0225032
0.010839
0.00496038
0.00225301
0.000771268
0.936839
0.956136
0.970523
0.980796
0.987936
0.992649
0.995407
0.996676
0.997005
0.996938
0.996141
0.992261
0.976958
0.921219
0.753319
0.549592
0.373494
0.235939
0.139056
0.0767919
0.0400107
0.0197594
0.00924432
0.00429551
0.00149596
0.945433
0.963732
0.976465
0.984967
0.990568
0.994231
0.996511
0.997752
0.998258
0.998346
0.998241
0.997473
0.994013
0.980489
0.930305
0.763695
0.539546
0.353143
0.214861
0.122109
0.0652954
0.0330346
0.0157888
0.00750225
0.00265756
0.954755
0.970377
0.981087
0.988121
0.992637
0.995519
0.997331
0.998394
0.998921
0.999097
0.999103
0.998954
0.998084
0.994276
0.978971
0.920123
0.727803
0.49239
0.308923
0.180521
0.0989919
0.0512727
0.0250192
0.0121498
0.00437624
0.959753
0.973687
0.983356
0.98975
0.993818
0.996344
0.997884
0.998791
0.999277
0.999485
0.99953
0.999504
0.999263
0.99803
0.992588
0.97011
0.881706
0.643295
0.416509
0.250314
0.140738
0.0746041
0.0371523
0.0184323
0.00674921
0.961979
0.975198
0.984443
0.990592
0.994493
0.996867
0.998264
0.999058
0.999486
0.999687
0.999752
0.999752
0.999679
0.999223
0.99701
0.987203
0.946605
0.789842
0.530872
0.328126
0.189142
0.102593
0.0521227
0.0264091
0.00982791
0.963884
0.976721
0.98564
0.9915
0.995164
0.99735
0.998596
0.999278
0.999634
0.999804
0.999867
0.999875
0.99985
0.999659
0.998643
0.993852
0.972954
0.887847
0.644752
0.409577
0.242052
0.134296
0.0695752
0.035984
0.0136053
0.967769
0.979786
0.987878
0.993011
0.996126
0.99794
0.99895
0.999485
0.999754
0.99988
0.99993
0.999939
0.999928
0.999836
0.999313
0.996721
0.984912
0.935249
0.75075
0.490789
0.296934
0.168385
0.0888947
0.0468998
0.0180078
0.974271
0.984339
0.990876
0.994865
0.997212
0.998551
0.999283
0.999662
0.999846
0.999931
0.999964
0.99997
0.999965
0.999915
0.999614
0.998071
0.990797
0.959286
0.831913
0.566491
0.35118
0.203348
0.109288
0.0587644
0.0228992
0.981629
0.989107
0.993821
0.996598
0.998186
0.999075
0.999553
0.999796
0.999911
0.999962
0.999982
0.999986
0.999982
0.999951
0.99976
0.998753
0.993893
0.972341
0.884153
0.636526
0.402072
0.23737
0.129699
0.0709858
0.0280479
0.988204
0.993135
0.996188
0.99794
0.998919
0.999459
0.999745
0.999887
0.999952
0.999981
0.999991
0.999993
0.999991
0.999969
0.999837
0.999128
0.995643
0.979919
0.914779
0.697924
0.448289
0.269168
0.149279
0.0830338
0.03323
0.993153
0.996069
0.997847
0.998851
0.999405
0.999707
0.999865
0.999942
0.999976
0.999991
0.999996
0.999996
0.999995
0.999979
0.999881
0.999349
0.9967
0.984568
0.933724
0.747123
0.488702
0.29785
0.167369
0.0944614
0.0382462
0.996426
0.997964
0.99889
0.999409
0.999696
0.999852
0.999933
0.999972
0.999989
0.999996
0.999998
0.999998
0.999997
0.999984
0.999908
0.999489
0.997368
0.987534
0.945875
0.784757
0.522672
0.322842
0.183524
0.104943
0.0429447
0.998331
0.999053
0.999481
0.999721
0.999856
0.99993
0.999969
0.999987
0.999995
0.999998
0.999999
0.999999
0.999998
0.999988
0.999926
0.999581
0.997807
0.98948
0.953875
0.812744
0.550308
0.344021
0.197593
0.114345
0.0472555
0.999299
0.999603
0.999779
0.999879
0.999936
0.999969
0.999986
0.999994
0.999998
0.999999
1
1
0.999998
0.99999
0.999938
0.999643
0.998103
0.990795
0.95929
0.833372
0.57248
0.361824
0.209801
0.122775
0.0512172
0.999734
0.999849
0.999914
0.999951
0.999973
0.999987
0.999994
0.999998
0.999999
1
1
1
0.999999
0.999992
0.999947
0.999687
0.99831
0.991711
0.96308
0.848477
0.590667
0.377031
0.220615
0.130514
0.0549459
0.999907
0.999947
0.999969
0.999982
0.99999
0.999995
0.999998
0.999999
1
1
1
1
0.999999
0.999993
0.999953
0.999718
0.998461
0.992386
0.965911
0.859911
0.606664
0.390862
0.230815
0.13806
0.0586597
0.99997
0.999983
0.99999
0.999994
0.999996
0.999998
0.999999
1
1
1
1
1
0.999999
0.999994
0.999958
0.999743
0.998584
0.992956
0.968366
0.87002
0.622659
0.40516
0.241626
0.146216
0.0627164
0.999991
0.999995
0.999997
0.999998
0.999999
0.999999
1
1
1
1
1
1
0.999999
0.999994
0.999962
0.999766
0.998705
0.993546
0.971004
0.881092
0.64191
0.422471
0.254756
0.156114
0.0676242
0.999997
0.999998
0.999999
0.999999
1
1
1
1
1
1
1
1
0.999999
0.999995
0.999966
0.999792
0.998851
0.994282
0.974369
0.895296
0.668836
0.446173
0.272454
0.169242
0.0740507
0.999999
1
1
1
1
1
1
1
1
1
1
1
0.999999
0.999996
0.999972
0.999829
0.999058
0.995332
0.979183
0.915433
0.712178
0.483491
0.299667
0.188999
0.0835761
1
1
1
1
1
1
1
1
1
1
1
1
1
0.999997
0.99998
0.999877
0.999328
0.996696
0.985353
0.940715
0.7792
0.542646
0.341999
0.219166
0.0979483
1
1
1
1
1
1
1
1
1
1
1
1
1
0.999998
0.999987
0.999923
0.999582
0.997954
0.990951
0.963225
0.857309
0.621083
0.398471
0.259103
0.116881
1
1
1
1
1
1
1
1
1
1
1
1
1
0.999999
0.999993
0.999956
0.999761
0.998829
0.994776
0.978415
0.915271
0.715737
0.46484
0.306281
0.13939
1
1
1
1
1
1
1
1
1
1
1
1
1
0.999999
0.999996
0.999975
0.999864
0.999322
0.996904
0.986835
0.946928
0.800393
0.531277
0.354775
0.162965
1
1
1
1
1
1
1
1
1
1
1
1
1
1
0.999998
0.999985
0.999917
0.999574
0.997994
0.991169
0.963281
0.857681
0.589026
0.398128
0.184671
1
1
1
1
1
1
1
1
1
1
1
1
1
1
0.999998
0.99999
0.999943
0.9997
0.998541
0.993373
0.971716
0.888198
0.634876
0.432261
0.202282
1
1
1
1
1
1
1
1
1
1
1
1
1
1
0.999999
0.999992
0.999955
0.99976
0.998804
0.994442
0.975847
0.903328
0.663684
0.455244
0.214657
1
1
1
1
1
1
1
1
1
1
1
1
1
1
0.999999
0.999993
0.999961
0.999785
0.998914
0.99489
0.977585
0.909779
0.677628
0.467692
0.221886
0.999999
0.999999
0.999999
0.999999
0.999999
0.999999
0.999999
0.999999
1
1
1
1
1
1
0.999999
0.999994
0.999963
0.999795
0.998957
0.995062
0.978269
0.912402
0.683728
0.473736
0.225683
0.999998
0.999999
0.999999
0.999999
0.999999
0.999999
0.999999
0.999999
0.999999
0.999999
1
1
1
1
0.999999
0.999994
0.999964
0.999802
0.998988
0.995189
0.978782
0.914432
0.688629
0.478492
0.228543
0.999997
0.999997
0.999997
0.999997
0.999997
0.999997
0.999997
0.999998
0.999998
0.999998
0.999999
0.999999
0.999999
0.999999
0.999999
0.999994
0.999968
0.999821
0.999072
0.995558
0.980306
0.920253
0.702371
0.48979
0.234306
0.999993
0.999994
0.999995
0.999995
0.999995
0.999995
0.999995
0.999995
0.999996
0.999996
0.999997
0.999998
0.999999
0.999999
0.999999
0.999995
0.999974
0.999856
0.99924
0.99631
0.983445
0.932195
0.733107
0.515428
0.247083
0.999987
0.999989
0.999989
0.999989
0.999988
0.999988
0.999988
0.999989
0.99999
0.999992
0.999994
0.999996
0.999998
0.999998
0.999998
0.999996
0.999982
0.999899
0.999459
0.997317
0.987723
0.948642
0.782834
0.561051
0.27034
0.999974
0.999977
0.999977
0.999976
0.999974
0.999973
0.999973
0.999974
0.999977
0.999982
0.999987
0.999991
0.999995
0.999997
0.999997
0.999996
0.999988
0.999937
0.999658
0.99826
0.991819
0.964699
0.842176
0.62532
0.30489
0.999946
0.999952
0.999952
0.999951
0.999944
0.999941
0.999941
0.999943
0.999951
0.999961
0.999972
0.999982
0.99999
0.999994
0.999996
0.999995
0.999991
0.999959
0.99978
0.998857
0.994483
0.975465
0.889532
0.690486
0.342542
0.999882
0.999899
0.999903
0.999901
0.99989
0.999883
0.999882
0.999886
0.999903
0.999926
0.999948
0.999967
0.999981
0.999989
0.999992
0.999992
0.999989
0.999966
0.999828
0.999105
0.995616
0.98015
0.910567
0.731658
0.367944
0.999737
0.999785
0.999802
0.999802
0.999793
0.999784
0.999784
0.999793
0.999828
0.999871
0.99991
0.999943
0.999966
0.999979
0.999985
0.999986
0.999983
0.999962
0.999836
0.999175
0.995963
0.981635
0.917266
0.746898
0.37811
0.999426
0.999536
0.999597
0.999612
0.99961
0.999608
0.999618
0.999663
0.999726
0.99979
0.999853
0.999906
0.999942
0.999961
0.999968
0.999969
0.999966
0.999942
0.999814
0.999153
0.995971
0.9818
0.918203
0.749241
0.379925
0.998795
0.999023
0.999167
0.999231
0.999266
0.999318
0.999392
0.999475
0.999561
0.999658
0.999758
0.999842
0.999893
0.999913
0.999915
0.99991
0.999894
0.99985
0.999693
0.998984
0.995668
0.981011
0.915266
0.742888
0.376196
0.997685
0.998077
0.998372
0.998589
0.998761
0.998909
0.999032
0.999141
0.999264
0.999415
0.999571
0.999689
0.999743
0.999748
0.999709
0.999574
0.999495
0.999411
0.999181
0.998326
0.994589
0.978446
0.906121
0.724495
0.365824
0.995869
0.996578
0.997136
0.997578
0.997924
0.998164
0.998305
0.998419
0.998584
0.998806
0.999013
0.999132
0.999155
0.999098
0.998693
0.998006
0.997659
0.997476
0.997061
0.995743
0.990633
0.969937
0.877875
0.680443
0.341566
0.992167
0.993513
0.994563
0.995407
0.995966
0.996194
0.996255
0.996299
0.996385
0.996594
0.996751
0.996789
0.99667
0.995969
0.993731
0.991683
0.990634
0.990085
0.988961
0.985772
0.97541
0.939292
0.792876
0.588514
0.292061
0.98075
0.984217
0.986737
0.988516
0.989196
0.989208
0.988896
0.988545
0.988284
0.988131
0.987963
0.987426
0.985787
0.981151
0.975073
0.970122
0.967129
0.964893
0.960369
0.948959
0.918053
0.82985
0.607805
0.439139
0.215684
0.94097
0.952379
0.960072
0.964292
0.965214
0.964953
0.963797
0.962149
0.960362
0.958966
0.956861
0.952132
0.94344
0.931606
0.919137
0.908144
0.898676
0.888417
0.869973
0.82807
0.720798
0.567236
0.39119
0.272443
0.13117
0.829311
0.862932
0.883258
0.892891
0.894444
0.893563
0.890184
0.885203
0.879246
0.872205
0.862501
0.847353
0.826036
0.80232
0.780955
0.761914
0.737828
0.698466
0.633202
0.539662
0.423045
0.308697
0.202328
0.134923
0.0635404
0.598185
0.66599
0.703214
0.720609
0.722704
0.720328
0.713309
0.702675
0.689061
0.671972
0.650404
0.623606
0.593479
0.562764
0.532056
0.497574
0.454209
0.398517
0.331525
0.259174
0.188894
0.1298
0.0816018
0.0524363
0.0242668
0.314086
0.386761
0.420659
0.442014
0.446077
0.443603
0.437453
0.42631
0.411744
0.393754
0.372591
0.348703
0.323279
0.296629
0.268445
0.23717
0.202521
0.165173
0.127929
0.0935924
0.0646085
0.0423874
0.0258189
0.0161211
0.00737762
0.135628
0.183079
0.206491
0.220801
0.221388
0.219204
0.2146
0.205805
0.194395
0.181109
0.166531
0.151011
0.134988
0.118473
0.101699
0.084598
0.067832
0.0519582
0.0380108
0.0264253
0.0175112
0.0110918
0.0066085
0.00404266
0.00184073
0.0597078
0.0882044
0.104137
0.11108
0.111099
0.109736
0.106332
0.0991272
0.0906709
0.081677
0.0723799
0.0629964
0.0537576
0.0447872
0.0363088
0.0284665
0.0215303
0.0156263
0.0108962
0.00727483
0.00466735
0.00288071
0.00169196
0.0010212
0.000465235
)
;

boundaryField
{
    inlet
    {
        type            fixedValue;
        value           uniform 1;
    }
    outlet
    {
        type            inletOutlet;
        inletValue      uniform 0;
        value           nonuniform List<scalar> 
57
(
1.91054e-08
5.2126e-07
4.24862e-06
1.73235e-05
5.47786e-05
0.000149501
0.000359341
0.000771268
0.00149596
0.00265756
0.00437624
0.00674921
0.00982791
0.0136053
0.0180078
0.0228992
0.0280479
0.03323
0.0382462
0.0429447
0.0472555
0.0512172
0.0549459
0.0586597
0.0627164
0.0676242
0.0740507
0.0835761
0.0979483
0.116881
0.13939
0.162965
0.184671
0.202282
0.214657
0.221886
0.225683
0.228543
0.234306
0.247083
0.27034
0.30489
0.342542
0.367944
0.37811
0.379925
0.376196
0.365824
0.341566
0.292061
0.215684
0.13117
0.0635404
0.0242668
0.00737762
0.00184073
0.000465235
)
;
    }
    upperWall
    {
        type            zeroGradient;
    }
    lowerWall
    {
        type            zeroGradient;
    }
    frontAndBack
    {
        type            empty;
    }
}


// ************************************************************************* //
