/*--------------------------------*- C++ -*----------------------------------*\
  =========                 |
  \\      /  F ield         | OpenFOAM: The Open Source CFD Toolbox
   \\    /   O peration     | Website:  https://openfoam.org
    \\  /    A nd           | Version:  9
     \\/     M anipulation  |
\*---------------------------------------------------------------------------*/
FoamFile
{
    format      ascii;
    class       volScalarField;
    location    "0.075";
    object      s_0;
}
// * * * * * * * * * * * * * * * * * * * * * * * * * * * * * * * * * * * * * //

dimensions      [0 0 0 0 0 0 0];

internalField   nonuniform List<scalar> 
12225
(
1
1
1
1
1
1
1
1
1
1
1
1
1
1
1
1
1
0.999999
1
1
1
1
1
1
1
1
1
1
1
1
1
1
1
1
1
1
1
1
1
1
1
1
1
1
1
1
1
1
1
1
1
1
1
1
1
1
1
1
1
1
1
1
1
1
1
1
1
1
1
1
1
1
1
1
1
1
1
1
1
1
1
1
1
1
1
1
1
1
1
1
1
1
1
1
1
1
1
1
1
1
1
1
1
1
1
1
1
1
1
1
1
1
1
1
1
1
1
1
1
1
1
1
1
1
1
1
1
1
1
1
1
1
1
1
1
1
1
1
1
1
1
1
1
1
1
1
1
1
1
1
1
1
1
1
1
1
1
1
1
1
1
1
1
1
1
1
1
1
1
1
1
1
1
1
1
1
1
1
1
1
1
1
1
1
1
1
1
1
1
1
1
1
1
1
1
1
1
1
1
1
1
1
1
1
1
1
1
1
1
1
1
1
1
1
1
1
1
1
1
1
1
1
1
1
1
1
1
1
1
1
1
1
1
1
1
1
1
1
1
1
1
1
1
1
1
1
1
1
1
1
1
1
1
1
1
1
1
1
1
1
1
1
1
1
1
1
1
1
1
1
1
1
1
1
1
1
1
1
1
1
1
1
1
1
1
1
1
1
1
1
1
1
1
1
1
1
1
1
1
1
1
1
1
1
1
1
1
1
1
1
1
1
1
1
1
1
1
1
1
1
1
1
1
1
1
1
1
1
1
1
1
1
1
1
1
1
1
1
1
1
1
1
1
1
1
1
1
1
1
1
1
1
1
1
1
1
1
1
1
1
1
1
1
1
1
1
1
1
1
1
1
1
1
1
1
1
1
1
1
1
1
1
1
1
1
1
1
1
1
1
1
1
1
1
1
1
1
1
1
1
1
1
1
1
1
1
1
1
1
1
1
1
1
1
1
1
1
1
1
1
1
1
1
1
1
1
1
1
1
1
1
1
1
1
1
1
1
1
1
1
1
1
1
1
1
1
1
1
1
1
1
1
1
1
1
1
1
1
1
1
1
1
1
1
1
1
1
1
1
1
1
1
1
1
1
1
1
1
1
1
1
1
1
1
1
1
1
1
1
1
1
1
1
1
1
1
1
1
1
1
1
1
1
1
1
1
1
1
1
1
1
1
1
1
1
1
1
1
1
1
1
1
1
1
1
1
1
1
1
1
1
1
1
1
1
1
1
1
1
1
0.718183
0.723565
0.734378
0.742159
0.750948
0.762194
0.774455
0.783028
0.788833
0.792659
0.795425
0.79749
0.798775
0.799808
0.800391
0.800841
0.801081
0.801325
0.801629
0.801829
0.801846
0.801821
0.801745
0.801528
0.801327
0.801023
0.800447
0.800055
0.799341
0.798214
0.797507
0.796088
0.79444
0.793069
0.790343
0.788868
0.785918
0.783654
0.780825
0.77749
0.775027
0.769841
0.765569
0.758413
0.729021
0.693467
0.701508
0.708824
0.714401
0.719904
0.72576
0.733265
0.744005
0.756735
0.766649
0.775031
0.783516
0.788307
0.785547
0.759689
0.742514
0.750037
0.774117
0.788543
0.790367
0.787615
0.791027
0.802857
0.81189
0.819332
0.827111
0.835295
0.84444
0.853763
0.863778
0.873298
0.880796
0.886168
0.890198
0.892736
0.895531
0.897417
0.899046
0.900442
0.90133
0.902232
0.903204
0.903678
0.904012
0.90412
0.90413
0.903946
0.903366
0.902352
0.901828
0.901317
0.900383
0.899226
0.897974
0.896656
0.895272
0.893803
0.89222
0.890531
0.888782
0.886967
0.885022
0.882973
0.880837
0.878592
0.876237
0.87384
0.87157
0.869346
0.867755
0.866179
0.865017
0.864134
0.863464
0.863034
0.86282
0.862719
0.862585
0.862409
0.862232
0.861978
0.861436
0.859982
0.856067
0.850401
0.844571
0.840154
0.838384
0.838305
0.839601
0.844475
0.849744
0.854158
0.858005
0.861373
0.864316
0.86692
0.869267
0.87139
0.873298
0.875026
0.876576
0.87794
0.879129
0.880079
0.880717
0.8811
0.881353
0.881493
0.881589
0.881825
0.882656
0.885341
0.890363
0.895397
0.89919
0.901784
0.9038
0.905263
0.906032
0.906271
0.906437
0.906793
0.907468
0.908337
0.910066
0.914167
0.921891
0.931667
0.938834
0.939771
0.928972
0.85158
0.717826
0.677356
0.717949
0.719726
0.7268
0.732113
0.743366
0.767463
0.787831
0.797605
0.804435
0.809071
0.812736
0.815878
0.818693
0.821336
0.823431
0.825117
0.826435
0.82754
0.828504
0.82911
0.829241
0.829201
0.829028
0.828755
0.828456
0.828376
0.8284
0.828339
0.828401
0.828582
0.82896
0.829638
0.83031
0.831012
0.831578
0.831583
0.831138
0.830103
0.827175
0.824554
0.819355
0.813244
0.803989
0.79399
0.773657
0.744407
0.723938
0.7149
0.710424
0.699784
0.6871
0.684605
0.688533
0.699184
0.707933
0.718182
0.741933
0.776725
0.79285
0.788397
0.76038
0.749393
0.752029
0.76978
0.785791
0.792316
0.802982
0.812722
0.821501
0.831036
0.841831
0.854038
0.868473
0.885066
0.901914
0.916296
0.930817
0.941326
0.948556
0.955335
0.958805
0.961524
0.963771
0.964858
0.965748
0.966183
0.966372
0.966416
0.966444
0.966445
0.966407
0.966408
0.966344
0.966225
0.966153
0.966087
0.965993
0.96587
0.965708
0.965519
0.965262
0.964921
0.9645
0.963987
0.963355
0.962592
0.961683
0.960569
0.959217
0.957569
0.955495
0.952906
0.949972
0.946562
0.9429
0.938811
0.93442
0.929824
0.925224
0.92081
0.916867
0.913625
0.911191
0.909493
0.9082
0.907512
0.906885
0.906028
0.905228
0.90391
0.902202
0.899734
0.89472
0.880795
0.859471
0.844082
0.835152
0.831501
0.830934
0.831909
0.837577
0.846533
0.853501
0.859374
0.86485
0.870228
0.875404
0.880114
0.884713
0.889319
0.893314
0.896666
0.900026
0.903281
0.905898
0.908029
0.910122
0.912148
0.913703
0.914504
0.914584
0.913994
0.91156
0.906673
0.900943
0.896134
0.892929
0.892689
0.895014
0.900656
0.912418
0.925087
0.931344
0.943031
0.950632
0.950555
0.945917
0.924397
0.897345
0.821254
0.720613
0.72141
0.724488
0.727557
0.742567
0.770603
0.783029
0.788959
0.790226
0.789206
0.787868
0.787045
0.786886
0.787003
0.786554
0.786021
0.784745
0.782704
0.780317
0.777135
0.77362
0.769932
0.766805
0.765034
0.763525
0.763556
0.764104
0.765496
0.768168
0.772186
0.777381
0.783641
0.790917
0.798685
0.805987
0.8124
0.817746
0.82177
0.823901
0.824583
0.824571
0.82418
0.823004
0.820451
0.813325
0.803436
0.788787
0.768467
0.751409
0.735934
0.7196
0.708601
0.702636
0.696596
0.694807
0.695287
0.700235
0.725836
0.760931
0.765744
0.753783
0.751747
0.764675
0.779946
0.79222
0.804901
0.814133
0.826377
0.840792
0.859926
0.881422
0.901054
0.920732
0.934199
0.947818
0.957206
0.96329
0.966295
0.967975
0.968698
0.968982
0.969071
0.969077
0.968941
0.968894
0.968769
0.968642
0.968573
0.968491
0.968444
0.968427
0.968431
0.968503
0.96854
0.968549
0.968624
0.968791
0.968982
0.969218
0.969544
0.969937
0.970346
0.970728
0.971067
0.971346
0.971605
0.971883
0.97212
0.972334
0.972501
0.972612
0.972639
0.972439
0.971969
0.971188
0.970145
0.969156
0.968434
0.967883
0.967326
0.966671
0.966035
0.965474
0.965026
0.964663
0.964073
0.962808
0.960063
0.954689
0.947259
0.938975
0.93117
0.92597
0.922719
0.918713
0.912663
0.899365
0.873663
0.853705
0.841953
0.835403
0.832107
0.831143
0.831245
0.832728
0.838715
0.847415
0.855243
0.862542
0.869286
0.875272
0.880564
0.885665
0.89128
0.897696
0.90439
0.909819
0.912804
0.913623
0.913369
0.91061
0.899091
0.882552
0.870536
0.863784
0.862
0.86288
0.865857
0.871751
0.884634
0.904232
0.925629
0.94218
0.952607
0.956913
0.957195
0.955626
0.9478
0.939763
0.918497
0.730183
0.72705
0.726903
0.736793
0.759145
0.771406
0.768202
0.758864
0.743134
0.721835
0.703285
0.689027
0.677949
0.669239
0.66267
0.658754
0.656741
0.656338
0.657327
0.659417
0.662682
0.666782
0.671145
0.675471
0.679339
0.682856
0.68666
0.690367
0.694013
0.698406
0.703413
0.708463
0.714746
0.723806
0.735246
0.749251
0.765119
0.780307
0.794251
0.805165
0.812351
0.816556
0.817885
0.817743
0.8163
0.811322
0.803576
0.795614
0.787467
0.778466
0.770251
0.760234
0.747585
0.741502
0.732583
0.717834
0.712767
0.720394
0.748671
0.751873
0.750611
0.759114
0.77584
0.789904
0.802259
0.814409
0.831136
0.855188
0.876063
0.898807
0.91678
0.935283
0.947731
0.957923
0.964222
0.966923
0.967923
0.968127
0.967893
0.967128
0.966262
0.965809
0.965508
0.965147
0.964971
0.964876
0.964841
0.96484
0.96492
0.965022
0.965123
0.965288
0.965445
0.965605
0.965716
0.965759
0.965719
0.965576
0.965411
0.965313
0.965245
0.965263
0.965465
0.965882
0.96648
0.967177
0.968062
0.969085
0.970225
0.971382
0.972402
0.973187
0.973863
0.974342
0.97458
0.974552
0.973926
0.972942
0.972267
0.971984
0.972094
0.97271
0.973673
0.974776
0.976013
0.977382
0.978888
0.980446
0.981731
0.982271
0.981954
0.97878
0.966674
0.951993
0.942254
0.937093
0.933713
0.929722
0.921967
0.90265
0.876781
0.859086
0.84967
0.84653
0.846377
0.847087
0.848871
0.852562
0.858333
0.8647
0.870676
0.87593
0.880433
0.884392
0.888323
0.89291
0.898357
0.902755
0.904006
0.902433
0.890504
0.86969
0.858742
0.854839
0.854409
0.855327
0.860325
0.871848
0.880312
0.88939
0.904839
0.924954
0.942742
0.953039
0.956395
0.956755
0.955641
0.949939
0.946148
0.938288
0.727453
0.727543
0.744444
0.763734
0.760874
0.746913
0.713483
0.668063
0.629773
0.606962
0.59576
0.590854
0.590089
0.592569
0.596979
0.602942
0.610698
0.620073
0.630908
0.642406
0.653299
0.662594
0.669869
0.675099
0.678607
0.681518
0.684677
0.687323
0.69009
0.693331
0.696479
0.699313
0.702342
0.706668
0.713042
0.721485
0.732237
0.744445
0.757213
0.769421
0.779695
0.787825
0.793421
0.796967
0.798287
0.797995
0.796174
0.791647
0.787368
0.784675
0.78099
0.771697
0.763414
0.75717
0.742959
0.721442
0.714693
0.72399
0.748952
0.751413
0.753335
0.767824
0.783697
0.796856
0.810902
0.83249
0.864562
0.88681
0.907804
0.924641
0.939739
0.952267
0.961404
0.966152
0.967935
0.968348
0.968159
0.967001
0.965369
0.964416
0.964079
0.963908
0.963788
0.963669
0.963587
0.963531
0.963488
0.963472
0.963536
0.963644
0.963888
0.964227
0.964559
0.965011
0.965577
0.966202
0.966836
0.967074
0.966699
0.965999
0.965245
0.964555
0.963937
0.963443
0.963121
0.962941
0.962864
0.962891
0.963181
0.963862
0.96513
0.967079
0.969515
0.972098
0.974092
0.975345
0.975983
0.975918
0.974585
0.972958
0.972227
0.972146
0.972682
0.974293
0.975964
0.977536
0.979072
0.980722
0.982686
0.985001
0.987207
0.988529
0.988662
0.987358
0.980119
0.965614
0.956082
0.951103
0.947747
0.944312
0.939304
0.927302
0.907851
0.892145
0.882419
0.878231
0.877596
0.877837
0.8785
0.879831
0.882443
0.885529
0.888484
0.890819
0.89219
0.892692
0.892768
0.892703
0.892077
0.88736
0.871157
0.85904
0.854242
0.853329
0.853896
0.858216
0.877908
0.907052
0.919476
0.92164
0.924271
0.933073
0.945114
0.952408
0.954235
0.953853
0.951503
0.946984
0.944911
0.941601
0.735743
0.772373
0.768831
0.750626
0.708624
0.644996
0.600491
0.581141
0.572973
0.570448
0.571253
0.574569
0.581666
0.593375
0.610934
0.634522
0.658502
0.677827
0.690948
0.698405
0.702692
0.705424
0.707009
0.70775
0.707981
0.707287
0.706662
0.706722
0.707531
0.708104
0.708101
0.70822
0.71007
0.714004
0.71843
0.722958
0.727601
0.733232
0.740044
0.747785
0.755494
0.762107
0.767068
0.770579
0.772799
0.774151
0.774943
0.775209
0.775334
0.775084
0.772859
0.764339
0.757869
0.751727
0.736393
0.717783
0.714102
0.728006
0.751326
0.753511
0.757174
0.771884
0.786605
0.804761
0.82636
0.860321
0.895259
0.91256
0.930869
0.941696
0.953609
0.961283
0.966789
0.968556
0.96892
0.968652
0.967149
0.964765
0.963885
0.96355
0.963408
0.963302
0.963024
0.962566
0.962021
0.961305
0.960414
0.959482
0.9588
0.958439
0.958319
0.95869
0.959313
0.960438
0.962277
0.964964
0.967866
0.970228
0.97176
0.973311
0.974188
0.972774
0.970568
0.967919
0.966084
0.964574
0.963474
0.962702
0.962181
0.961888
0.961805
0.961931
0.962387
0.963663
0.966459
0.970561
0.974748
0.977301
0.978407
0.978187
0.975419
0.972513
0.971386
0.971352
0.972694
0.975927
0.978596
0.980646
0.982218
0.983839
0.986183
0.988926
0.991175
0.992143
0.992057
0.990412
0.982953
0.97345
0.967764
0.964792
0.962797
0.960523
0.957307
0.950702
0.934612
0.91736
0.904707
0.896597
0.891977
0.889825
0.889131
0.889082
0.889449
0.891248
0.893068
0.893738
0.893763
0.893163
0.889655
0.876621
0.863066
0.857172
0.856079
0.856441
0.858856
0.868801
0.903548
0.940811
0.956043
0.956969
0.953493
0.950045
0.950554
0.953205
0.953681
0.952423
0.947712
0.944468
0.943717
0.943017
0.814079
0.782494
0.712292
0.628458
0.592157
0.575107
0.567576
0.565336
0.565539
0.570084
0.582663
0.605237
0.638048
0.675266
0.695499
0.703342
0.706994
0.709133
0.711239
0.713463
0.715294
0.716951
0.718712
0.72029
0.721945
0.723992
0.726554
0.729263
0.731491
0.732524
0.733218
0.734676
0.737903
0.742032
0.74572
0.74801
0.748489
0.748057
0.74788
0.747915
0.747496
0.746861
0.745518
0.743939
0.740946
0.736201
0.730011
0.722654
0.714731
0.711906
0.712501
0.715323
0.722017
0.724477
0.721795
0.71247
0.712683
0.734209
0.755764
0.757192
0.759424
0.772114
0.789872
0.809763
0.84065
0.88904
0.917905
0.932952
0.945661
0.953146
0.961432
0.966017
0.968943
0.96952
0.96945
0.968219
0.965524
0.963846
0.963304
0.963053
0.962784
0.962146
0.960997
0.95914
0.956421
0.952949
0.949146
0.945566
0.942202
0.939562
0.9376
0.936133
0.935627
0.936246
0.939627
0.947431
0.956835
0.965102
0.970567
0.974586
0.979085
0.982071
0.983717
0.983189
0.98004
0.976027
0.972156
0.969132
0.966552
0.964543
0.9631
0.962174
0.961727
0.961663
0.961971
0.962837
0.965243
0.970802
0.976957
0.980302
0.981197
0.979946
0.974654
0.971073
0.97026
0.970923
0.975017
0.980358
0.983976
0.986068
0.98709
0.988474
0.99074
0.993004
0.994314
0.994547
0.994138
0.991466
0.985487
0.98148
0.979308
0.978196
0.977425
0.976264
0.97401
0.969318
0.956463
0.936682
0.919978
0.907725
0.899849
0.895615
0.893853
0.893426
0.89347
0.893566
0.893475
0.892852
0.889682
0.877509
0.866995
0.864083
0.864098
0.865167
0.869372
0.884758
0.928553
0.964417
0.978495
0.979505
0.9753
0.964388
0.958743
0.956779
0.955506
0.952233
0.94704
0.944426
0.944203
0.945637
0.761983
0.642293
0.593299
0.577305
0.569425
0.56539
0.565263
0.5709
0.587234
0.620927
0.671544
0.692227
0.700102
0.703744
0.705945
0.708622
0.712096
0.715493
0.720136
0.725437
0.730336
0.735104
0.739245
0.742798
0.746667
0.751054
0.756081
0.760587
0.763442
0.765661
0.768303
0.770756
0.772156
0.77267
0.772823
0.771883
0.768349
0.763487
0.761223
0.759905
0.759459
0.757823
0.754536
0.751284
0.747387
0.741906
0.733281
0.720441
0.703583
0.687601
0.679105
0.676817
0.680149
0.688185
0.693293
0.697429
0.709643
0.749324
0.764914
0.762282
0.761214
0.771235
0.789685
0.81873
0.860176
0.90828
0.93345
0.947098
0.955254
0.960416
0.965814
0.968527
0.969994
0.970156
0.969583
0.967555
0.964606
0.963375
0.96287
0.962461
0.961574
0.959688
0.95623
0.950599
0.943057
0.935337
0.927551
0.918963
0.910609
0.903183
0.895859
0.888313
0.88583
0.886627
0.891668
0.902354
0.918573
0.937499
0.953802
0.96567
0.976256
0.982638
0.986661
0.989599
0.991151
0.991127
0.989114
0.985016
0.979862
0.974762
0.970759
0.967507
0.965019
0.963341
0.962488
0.962334
0.962684
0.963872
0.967058
0.974947
0.981212
0.983197
0.982872
0.97811
0.971442
0.969361
0.969562
0.972898
0.981122
0.986924
0.990298
0.991809
0.992302
0.993201
0.994877
0.996052
0.996409
0.996327
0.99551
0.992971
0.990987
0.989975
0.989528
0.989294
0.988998
0.988373
0.986891
0.98334
0.973247
0.950576
0.930326
0.915756
0.906388
0.901363
0.899227
0.898054
0.896633
0.894583
0.89003
0.879519
0.873453
0.872486
0.872949
0.875016
0.882022
0.908165
0.956676
0.983606
0.993049
0.994358
0.99258
0.981851
0.969972
0.96411
0.958946
0.952727
0.947704
0.945986
0.946962
0.953656
0.676084
0.592521
0.577782
0.570686
0.569265
0.574956
0.595259
0.639071
0.670166
0.683934
0.692326
0.699099
0.705824
0.711358
0.719167
0.729553
0.741645
0.755666
0.770449
0.784668
0.798263
0.809672
0.818536
0.825736
0.83189
0.837883
0.844974
0.853374
0.862398
0.871908
0.880269
0.885935
0.888429
0.891007
0.893647
0.89482
0.894139
0.890856
0.882829
0.871799
0.862134
0.852411
0.842722
0.834271
0.827164
0.82171
0.817172
0.811872
0.802315
0.782399
0.749819
0.711838
0.687662
0.684031
0.685166
0.691113
0.717847
0.767188
0.778612
0.771176
0.762782
0.769094
0.787786
0.818329
0.872128
0.921407
0.943929
0.955426
0.961404
0.964845
0.968247
0.969935
0.970662
0.970647
0.969788
0.967557
0.964351
0.963022
0.962396
0.96147
0.959202
0.954494
0.946564
0.936314
0.926674
0.917567
0.905358
0.890597
0.875983
0.862053
0.85586
0.856517
0.862746
0.870325
0.87703
0.885976
0.90054
0.91942
0.93967
0.956983
0.970636
0.980376
0.986658
0.990534
0.993379
0.995146
0.995933
0.995684
0.9942
0.990637
0.984943
0.978999
0.974054
0.970005
0.967102
0.965326
0.964351
0.964073
0.964631
0.966974
0.974153
0.981945
0.984393
0.984174
0.979819
0.971767
0.969019
0.969142
0.972347
0.982073
0.989245
0.993176
0.995052
0.995631
0.995943
0.996689
0.99746
0.997797
0.997813
0.997643
0.996973
0.996385
0.996129
0.996054
0.996035
0.996005
0.995908
0.995567
0.994462
0.991311
0.982153
0.961396
0.942421
0.929073
0.921803
0.918041
0.912482
0.903251
0.89189
0.882664
0.879561
0.879726
0.881444
0.886827
0.90236
0.945212
0.978607
0.99295
0.997503
0.9984
0.998133
0.995708
0.985818
0.973719
0.963477
0.955032
0.950221
0.949026
0.950017
0.956815
0.639807
0.585234
0.577975
0.580363
0.595452
0.62941
0.657443
0.67334
0.690786
0.700393
0.709641
0.722363
0.740174
0.764809
0.797157
0.835474
0.866603
0.891297
0.912628
0.927732
0.937728
0.944395
0.947619
0.948968
0.949253
0.947638
0.944876
0.942602
0.941264
0.940023
0.939079
0.938155
0.937095
0.936128
0.935411
0.934662
0.932738
0.92924
0.922228
0.911991
0.897231
0.882152
0.866747
0.852532
0.839474
0.829266
0.822613
0.819009
0.818314
0.819009
0.818342
0.806832
0.755818
0.706928
0.693889
0.696701
0.730871
0.782823
0.792359
0.781297
0.764485
0.766296
0.782365
0.815007
0.879334
0.927912
0.95109
0.960977
0.965064
0.96744
0.969539
0.970708
0.971125
0.97104
0.970117
0.967784
0.964496
0.962787
0.961897
0.960044
0.955654
0.94794
0.937407
0.927447
0.920535
0.90971
0.890624
0.867979
0.845935
0.838569
0.840035
0.850126
0.861579
0.871827
0.880258
0.889334
0.902682
0.920308
0.940019
0.957455
0.971051
0.980719
0.987102
0.991236
0.994141
0.996261
0.997536
0.998146
0.998199
0.997753
0.996368
0.993197
0.987661
0.981179
0.975901
0.972433
0.970189
0.968349
0.967111
0.967054
0.969107
0.976375
0.983297
0.985063
0.98443
0.978764
0.971295
0.96925
0.969783
0.974633
0.985072
0.99176
0.995346
0.997054
0.997669
0.997828
0.998059
0.998451
0.998739
0.998829
0.998824
0.99877
0.998731
0.998732
0.998766
0.998838
0.99887
0.99887
0.998813
0.998547
0.997705
0.995385
0.987088
0.97632
0.972744
0.968972
0.957494
0.92747
0.901863
0.890067
0.888723
0.890598
0.897394
0.913722
0.950809
0.978734
0.992439
0.997414
0.998838
0.999193
0.999209
0.998841
0.996432
0.986607
0.97205
0.960579
0.953885
0.951754
0.952058
0.956552
0.625898
0.58975
0.590681
0.611546
0.641963
0.661424
0.678511
0.697659
0.720744
0.745277
0.779318
0.835265
0.878703
0.917806
0.944462
0.956991
0.968472
0.974553
0.977888
0.980188
0.981783
0.983543
0.984758
0.985418
0.985727
0.984554
0.981878
0.976636
0.970807
0.963921
0.956959
0.950768
0.946369
0.942438
0.93936
0.937154
0.935498
0.933892
0.93133
0.927823
0.924303
0.919512
0.91104
0.896116
0.875278
0.850868
0.829761
0.816513
0.807528
0.802379
0.800647
0.801918
0.802464
0.794398
0.75324
0.734661
0.750094
0.797878
0.808435
0.796888
0.768182
0.765036
0.77441
0.806653
0.876791
0.927085
0.952694
0.964008
0.96753
0.969018
0.970216
0.971075
0.971452
0.971367
0.970588
0.968355
0.965046
0.9627
0.961299
0.958705
0.952994
0.943919
0.933868
0.927518
0.920706
0.904057
0.874304
0.837674
0.825672
0.825977
0.838119
0.856149
0.876913
0.897423
0.914226
0.92751
0.939474
0.951806
0.964472
0.975562
0.983793
0.98938
0.992928
0.995083
0.99633
0.997268
0.998227
0.998937
0.999244
0.999285
0.999135
0.998625
0.997348
0.994286
0.988028
0.98211
0.978743
0.976098
0.973346
0.971398
0.9711
0.973462
0.980716
0.984972
0.985468
0.983623
0.975812
0.970951
0.97035
0.972081
0.980404
0.989368
0.994462
0.997093
0.998331
0.998817
0.998942
0.998977
0.999044
0.999202
0.999337
0.999428
0.999498
0.999564
0.999624
0.999671
0.999705
0.999724
0.999729
0.999723
0.999687
0.999534
0.998976
0.998552
0.998078
0.996888
0.992422
0.970771
0.928665
0.913269
0.913471
0.920893
0.945175
0.969138
0.984564
0.993805
0.997733
0.998787
0.99904
0.999148
0.99923
0.99922
0.99878
0.996099
0.985376
0.970151
0.959495
0.954696
0.954124
0.955653
0.623497
0.599354
0.612277
0.640023
0.6624
0.686222
0.716144
0.754773
0.815371
0.873291
0.920043
0.943638
0.963251
0.972311
0.977258
0.979745
0.9812
0.98174
0.981948
0.982388
0.98364
0.98591
0.988258
0.990407
0.992758
0.994219
0.995143
0.995591
0.994931
0.993212
0.990031
0.984843
0.977076
0.967584
0.95679
0.946259
0.938624
0.933397
0.930156
0.928329
0.927362
0.927616
0.928952
0.929306
0.927846
0.921741
0.904126
0.875685
0.845987
0.823279
0.808739
0.799971
0.796972
0.796155
0.793527
0.786179
0.787281
0.806794
0.822112
0.816004
0.779078
0.765234
0.767995
0.792737
0.867164
0.923531
0.951663
0.964015
0.96843
0.969907
0.970646
0.971153
0.971649
0.971642
0.97105
0.969228
0.96593
0.962871
0.961324
0.958444
0.951829
0.942029
0.933444
0.928539
0.918764
0.893016
0.846829
0.819069
0.81566
0.824068
0.849801
0.885734
0.926131
0.957295
0.973136
0.980645
0.985516
0.98951
0.992797
0.995296
0.996991
0.998064
0.998716
0.999086
0.999277
0.999313
0.999283
0.999413
0.999653
0.999743
0.999734
0.999671
0.99947
0.998925
0.997416
0.993376
0.988757
0.985133
0.981519
0.978023
0.976127
0.976127
0.979625
0.984813
0.986137
0.985501
0.980302
0.973758
0.972012
0.972568
0.977505
0.987179
0.993316
0.996659
0.998328
0.999098
0.999405
0.999494
0.999509
0.999517
0.999543
0.999626
0.999723
0.999795
0.999847
0.999883
0.999906
0.999922
0.99993
0.999934
0.999935
0.999933
0.999922
0.99989
0.999802
0.999462
0.997678
0.986876
0.962935
0.958097
0.96155
0.975119
0.986232
0.992396
0.996386
0.998557
0.999158
0.999022
0.998385
0.998149
0.998274
0.998787
0.998954
0.998556
0.995751
0.984638
0.969375
0.96015
0.956617
0.956577
0.625315
0.606705
0.625974
0.656187
0.692066
0.742552
0.816596
0.876324
0.917467
0.946967
0.960023
0.965903
0.968781
0.969645
0.968292
0.96224
0.956573
0.950873
0.947879
0.946812
0.949633
0.956102
0.965188
0.974967
0.983497
0.99061
0.995055
0.997283
0.998416
0.998887
0.999075
0.998787
0.997993
0.996359
0.993146
0.98694
0.975757
0.96121
0.945564
0.932408
0.924226
0.918972
0.916913
0.91878
0.926053
0.932244
0.933844
0.93183
0.921696
0.895741
0.861772
0.830594
0.809801
0.798622
0.794393
0.793315
0.794082
0.803975
0.826754
0.828262
0.801621
0.768812
0.765499
0.778447
0.845787
0.915092
0.948471
0.963174
0.968332
0.970069
0.97078
0.971176
0.971662
0.971845
0.971594
0.970254
0.967188
0.963442
0.96153
0.958748
0.952187
0.942244
0.93425
0.929984
0.918758
0.890146
0.839393
0.813365
0.81227
0.832785
0.884936
0.947026
0.976373
0.985809
0.989777
0.991992
0.99373
0.995391
0.996858
0.998006
0.9988
0.9993
0.999589
0.999749
0.999833
0.999871
0.999877
0.99987
0.999882
0.99991
0.999911
0.999902
0.999871
0.999778
0.999502
0.998655
0.996965
0.99448
0.990324
0.985398
0.981828
0.980632
0.981291
0.985102
0.986983
0.986771
0.983544
0.976844
0.974276
0.974275
0.976798
0.985281
0.992171
0.996074
0.998108
0.999091
0.999533
0.999709
0.999764
0.999775
0.99978
0.999791
0.999827
0.999879
0.999917
0.999944
0.999962
0.999972
0.999978
0.999982
0.999983
0.999983
0.999983
0.999978
0.999956
0.999822
0.998944
0.993972
0.989264
0.989212
0.991273
0.995237
0.997356
0.998575
0.999348
0.999571
0.99944
0.998392
0.996326
0.995664
0.995775
0.9967
0.998102
0.998548
0.998251
0.995712
0.985667
0.971015
0.962513
0.959155
0.628686
0.614124
0.63793
0.691591
0.759077
0.839508
0.902627
0.934019
0.95036
0.957385
0.959267
0.959103
0.949467
0.936198
0.923215
0.915232
0.910165
0.907982
0.907032
0.905377
0.904279
0.903091
0.906697
0.918209
0.939111
0.964513
0.981868
0.99176
0.996599
0.998691
0.999445
0.999721
0.999825
0.999805
0.999631
0.999176
0.99813
0.995795
0.99066
0.979595
0.961205
0.939268
0.919574
0.908043
0.903109
0.903767
0.91586
0.930054
0.934805
0.933729
0.92548
0.900651
0.859834
0.825131
0.804648
0.795689
0.794508
0.797612
0.817877
0.831687
0.825592
0.784464
0.767154
0.77049
0.812614
0.899523
0.941567
0.960745
0.967715
0.96996
0.970759
0.971158
0.971616
0.972077
0.972115
0.971428
0.968932
0.964797
0.962002
0.959401
0.953133
0.943164
0.93579
0.931878
0.922426
0.898795
0.84664
0.812921
0.813094
0.854785
0.943199
0.979026
0.986959
0.989735
0.991221
0.992368
0.99345
0.994811
0.996316
0.997694
0.998696
0.999305
0.999637
0.999809
0.999897
0.999942
0.999963
0.999969
0.99997
0.999972
0.999971
0.999968
0.999961
0.999944
0.999891
0.999719
0.999342
0.998699
0.997274
0.993191
0.98784
0.985025
0.984624
0.986152
0.988262
0.98831
0.986406
0.980418
0.977233
0.976818
0.977988
0.984016
0.991149
0.995447
0.997796
0.998978
0.999529
0.99977
0.999864
0.999895
0.999903
0.999909
0.999924
0.999942
0.999959
0.999973
0.999982
0.999989
0.999992
0.999994
0.999996
0.999996
0.999996
0.999995
0.999991
0.999965
0.999794
0.998975
0.998472
0.998512
0.998873
0.999365
0.999638
0.999805
0.999841
0.999775
0.999273
0.996789
0.993181
0.991637
0.991585
0.992321
0.99475
0.996932
0.997894
0.997795
0.995923
0.988018
0.976095
0.966561
0.632343
0.620125
0.661727
0.733194
0.822743
0.899658
0.934714
0.948535
0.953204
0.954517
0.94723
0.933372
0.923725
0.919366
0.917163
0.916538
0.917105
0.918597
0.917829
0.913852
0.906932
0.897807
0.891934
0.888783
0.892354
0.907857
0.945951
0.975225
0.989495
0.995984
0.998608
0.999539
0.999842
0.999939
0.999969
0.999967
0.99993
0.999807
0.999477
0.998628
0.996462
0.990835
0.975359
0.946102
0.915563
0.897604
0.892079
0.893962
0.910783
0.92785
0.931331
0.928215
0.913511
0.874019
0.835653
0.810167
0.797644
0.796122
0.801293
0.824472
0.829797
0.815201
0.775046
0.770271
0.786884
0.865
0.928517
0.955228
0.966014
0.969513
0.970635
0.971102
0.971492
0.972282
0.972763
0.972519
0.97089
0.966788
0.962955
0.960372
0.954959
0.945086
0.937474
0.934018
0.928437
0.913356
0.865455
0.815914
0.815978
0.887032
0.969435
0.984748
0.987938
0.988423
0.987214
0.985859
0.98529
0.986816
0.989995
0.993635
0.996573
0.998374
0.999285
0.999699
0.999872
0.999942
0.999971
0.999984
0.999989
0.999991
0.999991
0.999989
0.999987
0.999983
0.999972
0.999938
0.999857
0.999689
0.999309
0.998204
0.994172
0.989588
0.987978
0.988197
0.990002
0.990529
0.989711
0.985389
0.981473
0.980459
0.980834
0.984126
0.990651
0.99498
0.997491
0.998824
0.999475
0.999768
0.999892
0.999941
0.999959
0.999967
0.999973
0.999979
0.999984
0.999989
0.999993
0.999995
0.999997
0.999998
0.999999
0.999999
0.999999
0.999999
0.999999
0.999996
0.999979
0.9999
0.999858
0.999863
0.999894
0.99994
0.999961
0.999961
0.999932
0.999734
0.998722
0.994805
0.989555
0.986286
0.985405
0.985666
0.987249
0.99061
0.99401
0.996465
0.996903
0.996034
0.992781
0.983342
0.636609
0.632548
0.684995
0.78086
0.873585
0.925284
0.944017
0.949234
0.95028
0.943328
0.931672
0.926117
0.924273
0.926119
0.933444
0.941474
0.944879
0.9452
0.943645
0.941454
0.937706
0.929004
0.908169
0.889031
0.884359
0.887012
0.905456
0.948465
0.97761
0.991452
0.997036
0.99903
0.999693
0.999906
0.999972
0.999991
0.999996
0.999995
0.999987
0.999957
0.999855
0.999516
0.998383
0.994561
0.981168
0.942942
0.905169
0.888588
0.88668
0.894496
0.915051
0.921734
0.919828
0.905122
0.866722
0.834817
0.811058
0.799052
0.79827
0.80622
0.825819
0.824911
0.798008
0.774057
0.77696
0.815649
0.906575
0.946522
0.961955
0.968217
0.970231
0.97094
0.97136
0.972396
0.97351
0.973541
0.972686
0.969329
0.964838
0.961655
0.95739
0.948182
0.939283
0.935609
0.932563
0.926556
0.890399
0.821597
0.81649
0.903168
0.975345
0.984872
0.984955
0.979703
0.971027
0.963482
0.959907
0.961486
0.969144
0.979209
0.988434
0.994533
0.997688
0.999103
0.999672
0.999883
0.999958
0.999983
0.999992
0.999995
0.999997
0.999997
0.999996
0.999995
0.999992
0.999985
0.999968
0.999927
0.999826
0.999526
0.998368
0.994361
0.991366
0.99075
0.991552
0.993187
0.99327
0.991774
0.987589
0.985529
0.985287
0.986271
0.990614
0.994853
0.997348
0.998717
0.999417
0.999748
0.999893
0.999953
0.999977
0.999986
0.99999
0.999993
0.999994
0.999996
0.999997
0.999998
0.999999
0.999999
1
1
1
1
1
1
0.999998
0.999991
0.999988
0.999988
0.999992
0.999994
0.999993
0.999982
0.999911
0.999533
0.997935
0.992624
0.985859
0.980309
0.977569
0.977265
0.977613
0.979168
0.982199
0.986362
0.992274
0.994918
0.994999
0.993746
0.64512
0.635443
0.695139
0.790707
0.878656
0.927292
0.944624
0.949058
0.948422
0.9395
0.929959
0.926065
0.928589
0.940109
0.948974
0.953128
0.952898
0.949786
0.946961
0.945183
0.943578
0.940918
0.931796
0.903471
0.885065
0.883823
0.894117
0.935961
0.97215
0.989482
0.996379
0.998832
0.99964
0.999892
0.999968
0.999991
0.999998
0.999999
1
0.999999
0.999998
0.99999
0.999949
0.999741
0.998726
0.994004
0.970621
0.919058
0.892171
0.886925
0.891617
0.905091
0.908157
0.905364
0.884717
0.848097
0.824654
0.806762
0.799297
0.799929
0.812634
0.823513
0.818356
0.787732
0.77865
0.791995
0.861721
0.928355
0.955311
0.965205
0.969173
0.97051
0.971093
0.972509
0.974207
0.974559
0.974151
0.972058
0.9672
0.96321
0.959732
0.951989
0.941588
0.936583
0.933729
0.933311
0.915043
0.831636
0.814337
0.902321
0.975026
0.982286
0.976664
0.959473
0.936651
0.915269
0.904563
0.904139
0.919452
0.941226
0.964845
0.982782
0.992616
0.997132
0.998975
0.999657
0.999891
0.999966
0.999989
0.999996
0.999998
0.999999
0.999999
0.999998
0.999998
0.999996
0.999992
0.999981
0.999952
0.999864
0.999536
0.998055
0.994778
0.993273
0.993201
0.994392
0.995733
0.995785
0.994652
0.991803
0.990547
0.990504
0.991668
0.994997
0.997359
0.998694
0.999392
0.999733
0.999888
0.999955
0.999981
0.999992
0.999996
0.999997
0.999998
0.999999
0.999999
0.999999
1
1
1
1
1
1
1
1
1
0.999999
0.999999
0.999999
0.999999
0.999999
0.999995
0.999972
0.999837
0.999231
0.99693
0.989935
0.98132
0.975935
0.974262
0.974122
0.974442
0.975501
0.977509
0.979041
0.980275
0.983736
0.988578
0.991706
0.652064
0.640775
0.689791
0.78347
0.871212
0.922644
0.942644
0.948381
0.948184
0.941807
0.931828
0.927156
0.928449
0.935152
0.94593
0.950857
0.950919
0.948806
0.944693
0.943201
0.942849
0.941455
0.934578
0.907922
0.885672
0.882516
0.892405
0.933597
0.97147
0.989468
0.99655
0.998962
0.99971
0.999924
0.999981
0.999995
0.999999
1
1
1
1
1
0.999997
0.999978
0.999853
0.999118
0.995191
0.97431
0.923396
0.89741
0.892416
0.896248
0.902044
0.901725
0.892511
0.856508
0.830779
0.814561
0.80248
0.799582
0.802317
0.817997
0.82129
0.808255
0.783315
0.784963
0.81538
0.902365
0.945262
0.960456
0.966944
0.969574
0.970531
0.972387
0.974648
0.975399
0.975262
0.97404
0.969973
0.965133
0.961981
0.955657
0.944742
0.9378
0.93425
0.933939
0.927559
0.862448
0.817682
0.885973
0.969544
0.978645
0.964219
0.933816
0.902697
0.877457
0.853647
0.832384
0.835697
0.86858
0.912461
0.954252
0.979742
0.991923
0.99707
0.999022
0.999695
0.99991
0.999974
0.999993
0.999998
0.999999
0.999999
0.999999
0.999999
0.999999
0.999997
0.999994
0.999983
0.99995
0.999835
0.999362
0.997504
0.995651
0.995086
0.995274
0.996565
0.997444
0.997497
0.996979
0.99552
0.994803
0.994797
0.995648
0.99755
0.99875
0.999403
0.999732
0.999886
0.999954
0.999982
0.999993
0.999997
0.999999
0.999999
1
1
1
1
1
1
1
1
1
1
1
1
1
1
1
1
0.999999
0.999991
0.999946
0.999725
0.998796
0.995354
0.985419
0.977061
0.974083
0.973595
0.97374
0.974468
0.976372
0.978146
0.979663
0.980141
0.980244
0.98075
0.982847
0.662069
0.648877
0.677401
0.763501
0.851752
0.909965
0.936481
0.946134
0.94766
0.946252
0.940094
0.931374
0.93024
0.931591
0.93567
0.939928
0.940338
0.940686
0.941752
0.942266
0.941876
0.93922
0.92754
0.893226
0.877372
0.879471
0.900079
0.953428
0.983932
0.995205
0.998635
0.999626
0.999902
0.999975
0.999994
0.999998
1
1
1
1
1
1
0.999999
0.999993
0.999949
0.999674
0.998165
0.990631
0.956198
0.915989
0.90065
0.899134
0.901548
0.901724
0.895785
0.864783
0.833393
0.819356
0.80727
0.800617
0.800564
0.809378
0.820191
0.817026
0.793452
0.785837
0.797257
0.86021
0.927461
0.954211
0.963923
0.96765
0.969572
0.972035
0.974698
0.976016
0.976073
0.975443
0.97258
0.967297
0.96417
0.958944
0.948311
0.939644
0.935029
0.934317
0.931087
0.890414
0.837518
0.860781
0.951719
0.975107
0.957907
0.926473
0.89818
0.876033
0.851235
0.816928
0.785129
0.783632
0.827299
0.899724
0.953575
0.980669
0.992726
0.997512
0.999219
0.999772
0.999938
0.999984
0.999996
0.999999
1
1
1
1
0.999999
0.999997
0.999992
0.999977
0.999924
0.999731
0.998941
0.997498
0.996749
0.996632
0.997008
0.998083
0.998567
0.998615
0.998434
0.997898
0.997618
0.99762
0.998038
0.998926
0.999465
0.99975
0.99989
0.999955
0.999982
0.999993
0.999997
0.999999
1
1
1
1
1
1
1
1
1
1
1
1
1
1
1
1
1
0.999997
0.999983
0.999906
0.99954
0.997972
0.991579
0.980158
0.97482
0.973598
0.973719
0.974933
0.978367
0.982288
0.98443
0.985202
0.985062
0.984591
0.983177
0.982592
0.673308
0.661098
0.672671
0.723792
0.819049
0.882773
0.922357
0.939675
0.945661
0.946064
0.945152
0.941876
0.938225
0.936275
0.936899
0.938412
0.939463
0.941464
0.94256
0.942463
0.940955
0.933595
0.906294
0.874873
0.872441
0.881953
0.925683
0.972113
0.991155
0.997418
0.999296
0.999819
0.999956
0.99999
0.999998
0.999999
1
1
1
1
1
1
1
0.999996
0.99997
0.999799
0.99884
0.994066
0.970436
0.928624
0.908124
0.90343
0.903782
0.903752
0.898885
0.870963
0.835586
0.820842
0.811697
0.802924
0.80082
0.803396
0.816466
0.818372
0.806187
0.788277
0.790878
0.822444
0.904016
0.944663
0.96011
0.965281
0.967944
0.971251
0.974524
0.976344
0.976656
0.976355
0.974593
0.969522
0.966266
0.961927
0.952197
0.942021
0.936135
0.934977
0.933008
0.910944
0.852267
0.85371
0.91889
0.964863
0.958287
0.931445
0.907823
0.89659
0.878267
0.826288
0.775657
0.754597
0.762111
0.823103
0.912921
0.96152
0.98466
0.994497
0.998213
0.99947
0.999855
0.999963
0.999991
0.999998
0.999999
1
1
1
1
0.999999
0.999996
0.999987
0.999957
0.999852
0.999484
0.998655
0.998042
0.997819
0.997855
0.998357
0.998988
0.999219
0.999244
0.999177
0.99903
0.998986
0.999015
0.999252
0.999599
0.999801
0.999907
0.99996
0.999984
0.999994
0.999998
0.999999
1
1
1
1
1
1
1
1
1
1
1
1
1
1
1
1
0.999999
0.999995
0.999969
0.999831
0.999153
0.996078
0.985393
0.9764
0.973946
0.973921
0.975399
0.980322
0.985341
0.987114
0.987591
0.987502
0.987075
0.986655
0.986188
0.98485
0.69034
0.672381
0.675147
0.697285
0.764109
0.846793
0.89462
0.924506
0.938529
0.943604
0.944675
0.944407
0.943726
0.94321
0.942791
0.942933
0.943454
0.943543
0.943219
0.941384
0.934005
0.90902
0.868654
0.863407
0.869807
0.90296
0.962662
0.988402
0.996695
0.999115
0.999775
0.999945
0.999987
0.999997
0.999999
1
1
1
1
1
1
1
1
0.999997
0.999979
0.999852
0.999113
0.995352
0.976398
0.934457
0.912012
0.906121
0.906135
0.906085
0.901486
0.873192
0.836779
0.820275
0.814271
0.806226
0.801633
0.802063
0.811036
0.817918
0.813753
0.793606
0.790351
0.804262
0.869251
0.929195
0.954352
0.962951
0.966637
0.970447
0.974144
0.976364
0.977058
0.976966
0.975914
0.971665
0.968052
0.964382
0.956133
0.945085
0.937771
0.935929
0.934623
0.924136
0.873073
0.856041
0.886221
0.946568
0.954984
0.944663
0.930389
0.927809
0.912764
0.847613
0.772447
0.742566
0.742436
0.785886
0.872637
0.93723
0.972996
0.989625
0.996437
0.998898
0.99969
0.99992
0.99998
0.999995
0.999999
1
1
1
1
1
0.999998
0.999992
0.999971
0.999899
0.999668
0.999261
0.998899
0.998699
0.998661
0.998771
0.999198
0.999476
0.999568
0.999579
0.999563
0.999548
0.999557
0.999631
0.999776
0.999876
0.999937
0.99997
0.999987
0.999995
0.999998
0.999999
1
1
1
1
1
1
1
1
1
1
1
1
1
1
1
1
0.999998
0.99999
0.999941
0.99967
0.998269
0.991826
0.979444
0.974468
0.973891
0.975225
0.980746
0.98608
0.987854
0.988182
0.988061
0.987663
0.986356
0.985542
0.984319
0.983505
0.735999
0.693996
0.682088
0.690131
0.718355
0.786169
0.855557
0.896737
0.921302
0.934128
0.940052
0.94233
0.943058
0.943277
0.943329
0.943338
0.943113
0.942104
0.938944
0.929462
0.901229
0.858658
0.853914
0.860423
0.889812
0.958107
0.986477
0.996003
0.998907
0.99972
0.999932
0.999984
0.999996
0.999999
1
1
1
1
1
1
1
1
1
0.999998
0.999985
0.99989
0.999307
0.9962
0.980339
0.938137
0.913848
0.907464
0.907588
0.907632
0.902996
0.873641
0.836947
0.819646
0.814683
0.809297
0.803258
0.802472
0.80671
0.816922
0.816264
0.801232
0.791097
0.796462
0.837164
0.910179
0.945564
0.958883
0.964348
0.968997
0.973459
0.976231
0.977296
0.977341
0.976758
0.973517
0.969561
0.966367
0.959709
0.948624
0.939961
0.93713
0.936102
0.930923
0.893862
0.859728
0.866085
0.917153
0.945595
0.946641
0.941746
0.935793
0.919166
0.852675
0.761003
0.727957
0.729608
0.777466
0.859511
0.918731
0.960197
0.983378
0.993858
0.997983
0.999406
0.999841
0.999961
0.999991
0.999998
1
1
1
1
1
0.999999
0.999996
0.999981
0.999922
0.999745
0.999525
0.999343
0.999229
0.999193
0.999215
0.999396
0.999615
0.999717
0.999749
0.999757
0.999763
0.999782
0.999838
0.999896
0.999937
0.999964
0.999981
0.999991
0.999996
0.999998
0.999999
1
1
1
1
1
1
1
1
1
1
1
1
1
1
1
1
0.999997
0.999981
0.999881
0.999301
0.996329
0.985174
0.976
0.973857
0.974424
0.979058
0.985682
0.987967
0.988403
0.988306
0.987685
0.985955
0.981879
0.979235
0.9754
0.975251
0.837923
0.734362
0.694907
0.694225
0.703101
0.729327
0.785043
0.842866
0.885382
0.910036
0.924269
0.931761
0.935615
0.937881
0.937964
0.93739
0.935206
0.929565
0.915674
0.877241
0.842459
0.841415
0.851097
0.889859
0.95885
0.986454
0.995928
0.998874
0.999711
0.99993
0.999984
0.999996
0.999999
1
1
1
1
1
1
1
1
1
1
0.999999
0.99999
0.999922
0.999486
0.997011
0.983965
0.942191
0.915243
0.908137
0.908468
0.908638
0.90365
0.872504
0.835487
0.819161
0.814175
0.811397
0.805374
0.803107
0.80485
0.814691
0.816587
0.80818
0.792608
0.793475
0.814572
0.885362
0.934751
0.953761
0.9614
0.966961
0.9722
0.975871
0.977347
0.977607
0.977294
0.975014
0.970847
0.968009
0.962839
0.952202
0.94251
0.938605
0.937604
0.934748
0.912295
0.865897
0.859526
0.882504
0.926725
0.940089
0.940482
0.935905
0.918879
0.848147
0.737861
0.707987
0.719596
0.776387
0.856471
0.913277
0.951951
0.977133
0.990817
0.996754
0.998984
0.999715
0.999928
0.999983
0.999996
0.999999
1
1
1
1
1
0.999998
0.99999
0.999949
0.999808
0.999651
0.999546
0.999493
0.99948
0.999495
0.999596
0.999727
0.999799
0.999828
0.999838
0.999853
0.999884
0.999919
0.999947
0.999967
0.999981
0.999989
0.999995
0.999998
0.999999
1
1
1
1
1
1
1
1
1
1
1
1
1
1
1
1
0.999999
0.999994
0.99996
0.999744
0.998493
0.992182
0.979297
0.974145
0.973875
0.976253
0.983801
0.987527
0.98844
0.988429
0.98778
0.985405
0.979414
0.97158
0.965332
0.962246
0.962732
0.861695
0.80167
0.718239
0.70306
0.705116
0.713314
0.734278
0.770427
0.812787
0.850695
0.882069
0.89863
0.908904
0.913944
0.913323
0.909878
0.90016
0.879164
0.834742
0.82258
0.826541
0.845136
0.903857
0.965177
0.988617
0.996574
0.99905
0.999756
0.999941
0.999987
0.999997
0.999999
1
1
1
1
1
1
1
1
1
1
1
0.999999
0.999993
0.999941
0.999593
0.997542
0.986531
0.945784
0.916039
0.908302
0.908737
0.908945
0.903578
0.870133
0.833191
0.818282
0.813765
0.812073
0.807766
0.804177
0.804669
0.811996
0.816344
0.812412
0.795667
0.792792
0.803133
0.85706
0.919619
0.948066
0.958963
0.965429
0.97105
0.9752
0.977266
0.977754
0.977612
0.976161
0.972056
0.969252
0.965281
0.955926
0.945304
0.940401
0.939281
0.937441
0.92574
0.878584
0.856823
0.861213
0.896867
0.925616
0.929858
0.926235
0.906837
0.81582
0.715073
0.69827
0.717515
0.783652
0.857305
0.912227
0.949743
0.973628
0.987975
0.995391
0.99845
0.999539
0.999877
0.99997
0.999993
0.999999
1
1
1
1
1
0.999999
0.999996
0.999979
0.999888
0.999741
0.999659
0.999632
0.999632
0.999669
0.99976
0.999824
0.999859
0.999873
0.999882
0.999901
0.999926
0.99995
0.999969
0.999981
0.999989
0.999994
0.999997
0.999998
0.999999
1
1
1
1
1
1
1
1
1
1
1
1
1
1
1
1
0.999998
0.999988
0.999916
0.999452
0.996849
0.985952
0.975737
0.973319
0.974199
0.980325
0.986097
0.988144
0.98848
0.988036
0.985792
0.979152
0.966559
0.957604
0.952361
0.951592
0.952519
0.862294
0.834075
0.758206
0.721239
0.712822
0.715008
0.721276
0.735214
0.754288
0.776023
0.799339
0.815731
0.833806
0.838095
0.83553
0.827624
0.806547
0.798256
0.800306
0.81329
0.851673
0.93555
0.97647
0.992213
0.997634
0.999341
0.999831
0.99996
0.999991
0.999998
1
1
1
1
1
1
1
1
1
1
1
1
1
0.999999
0.999995
0.999955
0.999671
0.997931
0.988334
0.948799
0.916204
0.907681
0.908334
0.908846
0.903162
0.867683
0.831063
0.81746
0.813649
0.812437
0.809669
0.805381
0.805064
0.809833
0.815753
0.814119
0.799833
0.792646
0.79733
0.832924
0.90167
0.93858
0.955262
0.963903
0.970232
0.974739
0.977098
0.977841
0.977812
0.976866
0.973169
0.970136
0.966995
0.959588
0.948626
0.94262
0.941089
0.939701
0.93318
0.896224
0.857968
0.852418
0.865646
0.903203
0.912516
0.908123
0.882902
0.775699
0.698544
0.691839
0.719571
0.804645
0.86753
0.914406
0.949549
0.972807
0.986559
0.994181
0.997883
0.999326
0.99981
0.999952
0.999989
0.999998
1
1
1
1
1
1
0.999998
0.999991
0.999948
0.999813
0.999723
0.999697
0.999701
0.999749
0.999839
0.999888
0.999908
0.999914
0.999917
0.999926
0.999945
0.999964
0.999978
0.999988
0.999993
0.999996
0.999998
0.999999
1
1
1
1
1
1
1
1
1
1
1
1
1
1
1
1
1
0.999997
0.999975
0.999824
0.998873
0.993763
0.980182
0.973573
0.972886
0.97527
0.982619
0.986967
0.988279
0.988197
0.986778
0.981062
0.966326
0.953892
0.949116
0.947215
0.946863
0.947195
0.866704
0.858213
0.809057
0.759447
0.735433
0.726351
0.726839
0.731214
0.737824
0.745846
0.756084
0.762415
0.769475
0.774161
0.774041
0.774299
0.777035
0.788314
0.819065
0.901197
0.960918
0.985987
0.995395
0.99861
0.999617
0.999903
0.999977
0.999995
0.999999
1
1
1
1
1
1
1
1
1
1
1
1
1
1
1
0.999997
0.999969
0.999751
0.998326
0.990156
0.952474
0.916407
0.906526
0.907548
0.908757
0.903043
0.866049
0.829705
0.817055
0.813756
0.812817
0.811083
0.806636
0.805623
0.808294
0.814966
0.814638
0.803912
0.792975
0.794398
0.81522
0.881816
0.92778
0.94911
0.960782
0.968708
0.974073
0.976876
0.977831
0.977904
0.977285
0.974078
0.970753
0.968141
0.962617
0.951899
0.944944
0.942846
0.94172
0.937788
0.913444
0.86352
0.846045
0.847608
0.874226
0.889654
0.885779
0.85758
0.74535
0.68527
0.682621
0.719811
0.815253
0.884217
0.924603
0.952174
0.972939
0.986266
0.99363
0.997399
0.999106
0.999731
0.999928
0.999983
0.999996
0.999999
1
1
1
1
1
0.999999
0.999996
0.999977
0.999889
0.999786
0.999748
0.999748
0.999783
0.999869
0.99992
0.999941
0.999946
0.999947
0.999949
0.999955
0.999971
0.999983
0.999991
0.999995
0.999997
0.999999
0.999999
1
1
1
1
1
1
1
1
1
1
1
1
1
1
1
1
0.999999
0.999993
0.99995
0.999648
0.997833
0.988788
0.976499
0.972325
0.972396
0.97627
0.983623
0.987285
0.988104
0.987582
0.984081
0.971335
0.954466
0.948152
0.946274
0.945926
0.945786
0.945783
0.899256
0.919341
0.887599
0.845257
0.802071
0.774032
0.758935
0.751295
0.750434
0.752356
0.756969
0.761741
0.767117
0.77031
0.776728
0.791521
0.822265
0.894149
0.951452
0.980526
0.99297
0.997692
0.999308
0.999812
0.999953
0.999989
0.999998
0.999999
1
1
1
1
1
1
1
1
1
1
1
1
1
1
1
1
0.999998
0.999978
0.999813
0.998666
0.991805
0.956879
0.917652
0.906416
0.907564
0.909835
0.903915
0.865457
0.829174
0.816915
0.813979
0.813218
0.811956
0.807818
0.806155
0.807573
0.813813
0.814443
0.8073
0.79358
0.793022
0.804691
0.859321
0.915737
0.943405
0.957384
0.966561
0.972818
0.976397
0.977768
0.977942
0.977528
0.974861
0.971409
0.969132
0.964979
0.955098
0.947357
0.944638
0.943615
0.941008
0.926588
0.874416
0.841437
0.835849
0.847847
0.863176
0.859632
0.828852
0.72601
0.675744
0.67472
0.713211
0.812133
0.88597
0.933321
0.959537
0.975072
0.986488
0.99353
0.99719
0.998924
0.999653
0.999902
0.999975
0.999994
0.999999
1
1
1
1
1
1
0.999998
0.999989
0.999943
0.999851
0.999805
0.999797
0.999813
0.999879
0.999933
0.999958
0.999966
0.999968
0.999968
0.99997
0.999977
0.999987
0.999993
0.999996
0.999998
0.999999
1
1
1
1
1
1
1
1
1
1
1
1
1
1
1
1
1
0.999998
0.999987
0.999903
0.999345
0.996155
0.983912
0.973904
0.971238
0.971779
0.976678
0.983971
0.987363
0.987723
0.986417
0.979061
0.959513
0.949045
0.946061
0.945624
0.94586
0.94589
0.945698
0.999164
0.998519
0.997651
0.994635
0.984513
0.960374
0.927217
0.894156
0.873559
0.861215
0.852096
0.853693
0.860072
0.875012
0.901922
0.934923
0.963179
0.982241
0.992539
0.997221
0.999071
0.999719
0.999923
0.999981
0.999995
0.999999
1
1
1
1
1
1
1
1
1
1
1
1
1
1
1
1
1
1
0.999998
0.999984
0.999853
0.998907
0.993043
0.960996
0.919756
0.907425
0.908949
0.912359
0.906389
0.866103
0.829146
0.81711
0.81432
0.813644
0.812632
0.808897
0.806685
0.807354
0.812496
0.814032
0.809782
0.794927
0.79195
0.798279
0.838147
0.900122
0.935326
0.954195
0.965078
0.972
0.975967
0.977638
0.977935
0.97765
0.975436
0.971876
0.969753
0.966538
0.958144
0.949829
0.946477
0.945479
0.943648
0.934771
0.890113
0.840462
0.824511
0.827458
0.835285
0.830645
0.794764
0.699787
0.663711
0.663674
0.699572
0.800616
0.88111
0.933145
0.963533
0.979447
0.987883
0.993711
0.997156
0.998844
0.999586
0.999874
0.999966
0.999992
0.999998
1
1
1
1
1
1
0.999999
0.999995
0.999976
0.99991
0.99986
0.999846
0.99985
0.999888
0.99994
0.999966
0.999977
0.99998
0.999981
0.999982
0.999986
0.999991
0.999995
0.999997
0.999999
0.999999
1
1
1
1
1
1
1
1
1
1
1
1
1
1
1
1
1
0.999997
0.999975
0.99982
0.99884
0.993528
0.979532
0.97169
0.969918
0.970841
0.976678
0.984057
0.987131
0.987157
0.984348
0.969743
0.952068
0.946416
0.945434
0.945584
0.947247
0.947729
0.947226
0.999996
0.999989
0.999972
0.999878
0.999461
0.99812
0.995291
0.989633
0.984535
0.981321
0.979742
0.980382
0.98353
0.987624
0.991348
0.994581
0.997043
0.998603
0.999424
0.999791
0.999932
0.99998
0.999995
0.999999
1
1
1
1
1
1
1
1
1
1
1
1
1
1
1
1
1
1
1
1
0.999999
0.999989
0.999889
0.999123
0.994132
0.964963
0.922642
0.909782
0.911648
0.915769
0.910055
0.870072
0.831096
0.817963
0.814827
0.814069
0.813106
0.809713
0.807159
0.80736
0.811193
0.813341
0.810918
0.797263
0.791177
0.794111
0.81813
0.882997
0.925302
0.948388
0.962199
0.970654
0.975413
0.97746
0.977903
0.977717
0.975875
0.972344
0.970349
0.967793
0.960905
0.952392
0.948468
0.947407
0.946083
0.940423
0.907411
0.843149
0.812955
0.808653
0.806333
0.798829
0.755243
0.676868
0.650826
0.651134
0.681868
0.782576
0.870819
0.929134
0.963154
0.981252
0.990185
0.994521
0.997275
0.998833
0.999556
0.999851
0.999957
0.999989
0.999998
0.999999
1
1
1
1
1
0.999999
0.999998
0.999989
0.999954
0.999908
0.999889
0.999887
0.999902
0.999944
0.999971
0.999983
0.999987
0.999988
0.999989
0.999992
0.999995
0.999997
0.999998
0.999999
1
1
1
1
1
1
1
1
1
1
1
1
1
1
1
1
1
0.999999
0.999994
0.999953
0.999681
0.998062
0.989886
0.976209
0.969464
0.967884
0.968924
0.975413
0.983567
0.986609
0.986322
0.980892
0.960542
0.948062
0.945426
0.945353
0.946368
0.951198
0.952923
0.95205
1
1
1
0.999998
0.999987
0.99994
0.999814
0.999509
0.999098
0.998875
0.998902
0.999164
0.999431
0.999614
0.999746
0.999846
0.999918
0.999961
0.999984
0.999994
0.999998
0.999999
1
1
1
1
1
1
1
1
1
1
1
1
1
1
1
1
1
1
1
1
1
1
0.999999
0.999993
0.999924
0.999343
0.995249
0.969346
0.926361
0.913222
0.915164
0.919716
0.914918
0.877517
0.834761
0.819256
0.815395
0.814425
0.813269
0.809776
0.807302
0.807291
0.810006
0.812436
0.811141
0.800044
0.790752
0.791371
0.805069
0.85935
0.912528
0.942107
0.958533
0.968557
0.974331
0.97704
0.977791
0.977694
0.976303
0.972881
0.970922
0.968822
0.963372
0.955002
0.950552
0.949338
0.948393
0.944642
0.922445
0.850092
0.804722
0.789346
0.78134
0.766308
0.713615
0.657471
0.642327
0.644061
0.668307
0.762559
0.858393
0.922579
0.960754
0.980944
0.990867
0.995528
0.997675
0.9989
0.999555
0.999842
0.99995
0.999987
0.999997
0.999999
1
1
1
1
1
1
0.999999
0.999994
0.999977
0.999945
0.999926
0.999921
0.999924
0.999948
0.999973
0.999986
0.999991
0.999993
0.999994
0.999996
0.999997
0.999998
0.999999
0.999999
1
1
1
1
1
1
1
1
1
1
1
1
1
1
1
1
1
0.999998
0.999989
0.999921
0.99949
0.997071
0.986581
0.97354
0.966585
0.96441
0.96525
0.972106
0.981991
0.985786
0.985193
0.976371
0.954046
0.946176
0.945234
0.945656
0.948213
0.954548
0.958086
0.95802
1
1
1
1
1
0.999999
0.999996
0.999989
0.999975
0.999974
0.999982
0.999989
0.999993
0.999995
0.999997
0.999998
0.999999
0.999999
1
1
1
1
1
1
1
1
1
1
1
1
1
1
1
1
1
1
1
1
1
1
1
1
1
1
1
0.999996
0.999949
0.999522
0.996319
0.97467
0.930418
0.91522
0.916465
0.922927
0.920239
0.88986
0.841623
0.821534
0.816089
0.81462
0.813116
0.809504
0.807264
0.807162
0.808958
0.811396
0.810828
0.80273
0.790818
0.7896
0.796506
0.835217
0.894828
0.932334
0.954544
0.966699
0.973435
0.976624
0.977626
0.97763
0.976671
0.973372
0.97124
0.969426
0.965161
0.957194
0.952552
0.951315
0.950708
0.9482
0.932524
0.86196
0.799598
0.771952
0.757059
0.731671
0.673773
0.644307
0.638169
0.64096
0.663486
0.753025
0.851795
0.91815
0.958054
0.979839
0.990707
0.995757
0.998041
0.999067
0.999587
0.999843
0.999948
0.999985
0.999996
0.999999
1
1
1
1
1
1
0.999999
0.999996
0.999987
0.999968
0.999954
0.999948
0.999948
0.999957
0.999976
0.999987
0.999993
0.999995
0.999996
0.999998
0.999998
0.999999
0.999999
1
1
1
1
1
1
1
1
1
1
1
1
1
1
1
1
1
1
0.999997
0.999982
0.999881
0.999258
0.995934
0.983854
0.970811
0.962475
0.959999
0.961162
0.968846
0.980285
0.985019
0.984095
0.971292
0.950683
0.945464
0.945447
0.946407
0.9492
0.955709
0.959673
0.960417
1
1
1
1
1
1
1
1
1
1
1
1
1
1
1
1
1
1
1
1
1
1
1
1
1
1
1
1
1
1
1
1
1
1
1
1
1
1
1
1
1
1
1
1
1
0.999997
0.999968
0.999682
0.997376
0.981001
0.934883
0.916001
0.916165
0.924672
0.925632
0.90652
0.854071
0.826147
0.817447
0.814711
0.811962
0.808826
0.807044
0.806906
0.808007
0.810213
0.810111
0.805193
0.791465
0.787957
0.791084
0.81281
0.874345
0.919694
0.946454
0.962726
0.971753
0.975989
0.97741
0.97753
0.976954
0.974154
0.971936
0.970317
0.966598
0.959185
0.954786
0.953661
0.953238
0.951397
0.939507
0.876708
0.796457
0.756641
0.733602
0.688928
0.652824
0.638319
0.636209
0.639645
0.661444
0.748944
0.849433
0.916823
0.957219
0.979244
0.990391
0.995707
0.998113
0.999176
0.999645
0.999856
0.999949
0.999984
0.999996
0.999999
1
1
1
1
1
1
0.999999
0.999997
0.999991
0.999981
0.999972
0.999967
0.999966
0.999969
0.999981
0.99999
0.999994
0.999996
0.999998
0.999998
0.999999
0.999999
1
1
1
1
1
1
1
1
1
1
1
1
1
1
1
1
1
1
0.999999
0.999996
0.999974
0.999833
0.998988
0.994808
0.981701
0.966993
0.959378
0.95793
0.959134
0.96553
0.977749
0.984097
0.982992
0.966957
0.948414
0.945272
0.945968
0.947079
0.949466
0.956012
0.960113
0.961225
1
1
1
1
1
1
1
1
1
1
1
1
1
1
1
1
1
1
1
1
1
1
1
1
1
1
1
1
1
1
1
1
1
1
1
1
1
1
1
1
1
1
1
1
1
0.999999
0.999983
0.999815
0.998356
0.987818
0.9438
0.915383
0.912551
0.922257
0.930987
0.923538
0.877395
0.836622
0.821001
0.814727
0.810274
0.807455
0.80633
0.80629
0.807037
0.808981
0.809091
0.806295
0.793358
0.786684
0.787468
0.799035
0.846776
0.902861
0.937552
0.957223
0.968551
0.974485
0.976837
0.977312
0.977056
0.975117
0.972683
0.971184
0.968159
0.961623
0.9575
0.956328
0.955854
0.954252
0.944853
0.890757
0.79817
0.747552
0.698819
0.662517
0.642487
0.635869
0.635534
0.639346
0.661139
0.748207
0.8494
0.917016
0.957292
0.979218
0.990334
0.995664
0.99811
0.999194
0.999667
0.999869
0.999952
0.999984
0.999995
0.999999
1
1
1
1
1
1
1
0.999998
0.999993
0.999987
0.999983
0.99998
0.99998
0.999981
0.999986
0.999993
0.999996
0.999997
0.999998
0.999999
0.999999
1
1
1
1
1
1
1
1
1
1
1
1
1
1
1
1
1
1
1
0.999999
0.999994
0.999965
0.999778
0.998739
0.994168
0.978966
0.964058
0.958215
0.957015
0.957425
0.960748
0.973292
0.98296
0.982068
0.964674
0.947189
0.945324
0.946682
0.947415
0.948838
0.955362
0.96012
0.961381
1
1
1
1
1
1
1
1
1
1
1
1
1
1
1
1
1
1
1
1
1
1
1
1
1
1
1
1
1
1
1
1
1
1
1
1
1
1
1
1
1
1
1
1
1
0.999999
0.999991
0.9999
0.999107
0.99332
0.958749
0.916623
0.906748
0.913532
0.93326
0.935371
0.912213
0.859973
0.83046
0.816521
0.809087
0.805806
0.805079
0.805177
0.805793
0.807524
0.807863
0.806278
0.796076
0.785923
0.785054
0.790322
0.819036
0.880704
0.923696
0.950723
0.965374
0.972881
0.976159
0.97707
0.977026
0.976
0.973492
0.972046
0.969213
0.96357
0.959784
0.958562
0.958089
0.956768
0.949222
0.90374
0.807459
0.730826
0.680358
0.651851
0.638969
0.635343
0.635496
0.640213
0.664185
0.755797
0.857345
0.92298
0.960748
0.980807
0.990906
0.995814
0.998135
0.999199
0.999669
0.99987
0.999953
0.999984
0.999995
0.999999
1
1
1
1
1
1
1
0.999999
0.999996
0.999991
0.999988
0.999987
0.999987
0.999988
0.999992
0.999996
0.999997
0.999998
0.999999
0.999999
1
1
1
1
1
1
1
1
1
1
1
1
1
1
1
1
1
1
1
1
0.999999
0.999992
0.999954
0.999724
0.998563
0.993335
0.976401
0.9624
0.957867
0.956698
0.956252
0.957765
0.968312
0.98175
0.981519
0.9636
0.946557
0.945462
0.947073
0.947643
0.948395
0.952549
0.959005
0.961076
1
1
1
1
1
1
1
1
1
1
1
1
1
1
1
1
1
1
1
1
1
1
1
1
1
1
1
1
1
1
1
1
1
1
1
1
1
1
1
1
1
1
1
1
1
1
0.999995
0.999943
0.999491
0.996343
0.975882
0.925577
0.906313
0.908603
0.930876
0.940912
0.935858
0.904644
0.854918
0.824276
0.810191
0.804505
0.803602
0.803747
0.80434
0.805856
0.806336
0.805669
0.798949
0.786424
0.782994
0.784938
0.799564
0.851263
0.904402
0.93803
0.958658
0.969984
0.974965
0.976677
0.976914
0.976576
0.975251
0.973735
0.970371
0.964967
0.961533
0.960522
0.960297
0.959462
0.953401
0.918159
0.812277
0.727049
0.675701
0.649463
0.638466
0.636042
0.636917
0.643517
0.672019
0.771604
0.870913
0.933212
0.967378
0.984488
0.992638
0.996484
0.998335
0.99924
0.999673
0.999868
0.999951
0.999983
0.999995
0.999998
1
1
1
1
1
1
1
1
0.999998
0.999994
0.999992
0.999991
0.999991
0.999992
0.999995
0.999997
0.999998
0.999999
0.999999
1
1
1
1
1
1
1
1
1
1
1
1
1
1
1
1
1
1
1
1
1
0.999998
0.99999
0.999941
0.999678
0.998386
0.992447
0.974418
0.961471
0.957878
0.956812
0.955546
0.956355
0.964226
0.980352
0.981324
0.963257
0.946273
0.945471
0.947418
0.947934
0.948358
0.949888
0.95634
0.959763
1
1
1
1
1
1
1
1
1
1
1
1
1
1
1
1
1
1
1
1
1
1
1
1
1
1
1
1
1
1
1
1
1
1
1
1
1
1
1
1
1
1
1
1
1
1
0.999998
0.999974
0.999752
0.998119
0.987874
0.943355
0.912676
0.910909
0.928465
0.943069
0.942655
0.934398
0.90507
0.849361
0.817027
0.805399
0.802196
0.802161
0.802553
0.803989
0.804751
0.804518
0.801038
0.788167
0.781421
0.781519
0.787942
0.817886
0.88057
0.92292
0.948638
0.963807
0.972096
0.975688
0.976655
0.976653
0.976304
0.975406
0.972965
0.967593
0.964306
0.963543
0.96354
0.962974
0.957701
0.926592
0.820304
0.729776
0.676723
0.649975
0.640174
0.639015
0.6407
0.649241
0.680992
0.782592
0.879496
0.940359
0.972845
0.988183
0.994809
0.997568
0.998775
0.999378
0.999703
0.999871
0.999949
0.999982
0.999994
0.999998
0.999999
1
1
1
1
1
1
1
0.999999
0.999997
0.999995
0.999994
0.999994
0.999994
0.999997
0.999998
0.999999
0.999999
1
1
1
1
1
1
1
1
1
1
1
1
1
1
1
1
1
1
1
1
1
0.999999
0.999997
0.999986
0.999929
0.999638
0.998287
0.992049
0.973373
0.961273
0.95858
0.957573
0.955122
0.954887
0.960398
0.978232
0.981627
0.963625
0.946202
0.945436
0.947516
0.948211
0.94837
0.949008
0.952314
0.957223
1
1
1
1
1
1
1
1
1
1
1
1
1
1
1
1
1
1
1
1
1
1
1
1
1
1
1
1
1
1
1
1
1
1
1
1
1
1
1
1
1
1
1
1
1
1
0.999999
0.999989
0.999877
0.998983
0.993019
0.958947
0.922226
0.916833
0.929688
0.943811
0.944101
0.939898
0.934981
0.905726
0.841955
0.811321
0.802922
0.800779
0.800819
0.801537
0.802787
0.802921
0.801254
0.791465
0.781045
0.77888
0.781101
0.794935
0.842843
0.89904
0.936075
0.956877
0.968297
0.973851
0.976006
0.976514
0.976479
0.976221
0.975213
0.971414
0.968504
0.96789
0.967758
0.966903
0.961477
0.932425
0.828543
0.736055
0.680596
0.653574
0.645006
0.644535
0.647118
0.657727
0.694336
0.797206
0.888302
0.945748
0.976047
0.989972
0.995871
0.998236
0.999164
0.999559
0.999764
0.999883
0.999949
0.99998
0.999993
0.999998
0.999999
1
1
1
1
1
1
1
1
0.999999
0.999997
0.999997
0.999996
0.999996
0.999997
0.999999
0.999999
1
1
1
1
1
1
1
1
1
1
1
1
1
1
1
1
1
1
1
1
1
1
0.999999
0.999996
0.999982
0.999915
0.99961
0.998274
0.992058
0.973332
0.961714
0.959564
0.958593
0.955331
0.953405
0.957225
0.975191
0.98252
0.966169
0.946506
0.945213
0.947479
0.948287
0.9485
0.948712
0.949595
0.953419
1
1
1
1
1
1
1
1
1
1
1
1
1
1
1
1
1
1
1
1
1
1
1
1
1
1
1
1
1
1
1
1
1
1
1
1
1
1
1
1
1
1
1
1
1
1
1
0.999996
0.999951
0.999524
0.996313
0.974025
0.933991
0.924002
0.930589
0.941635
0.941676
0.938682
0.938993
0.939076
0.903291
0.835062
0.808061
0.801541
0.799753
0.799762
0.800313
0.800808
0.800329
0.795334
0.782266
0.776891
0.777036
0.782341
0.805364
0.865455
0.910778
0.942268
0.960725
0.97005
0.974347
0.975943
0.97634
0.976309
0.976002
0.974183
0.97229
0.971751
0.971252
0.969763
0.96365
0.934972
0.833027
0.740959
0.685393
0.65953
0.652491
0.652598
0.656409
0.669623
0.71553
0.819522
0.901238
0.951656
0.978356
0.990952
0.996346
0.99849
0.999305
0.99963
0.999791
0.999889
0.999947
0.999978
0.999991
0.999997
0.999999
1
1
1
1
1
1
1
1
0.999999
0.999999
0.999998
0.999998
0.999998
0.999998
0.999999
1
1
1
1
1
1
1
1
1
1
1
1
1
1
1
1
1
1
1
1
1
1
1
0.999999
0.999995
0.999977
0.9999
0.999593
0.998332
0.992484
0.973936
0.962812
0.960221
0.959055
0.956079
0.951932
0.954365
0.971423
0.982555
0.969339
0.947349
0.944919
0.946947
0.948232
0.948609
0.948691
0.948912
0.949956
1
1
1
1
1
1
1
1
1
1
1
1
1
1
1
1
1
1
1
1
1
1
1
1
1
1
1
1
1
1
1
1
1
1
1
1
1
1
1
1
1
1
1
1
1
1
1
0.999999
0.999986
0.999848
0.99864
0.988923
0.9501
0.931138
0.93149
0.936736
0.936241
0.933295
0.934145
0.943249
0.943122
0.895836
0.828816
0.806263
0.800567
0.799135
0.798907
0.799003
0.79885
0.796551
0.785719
0.776109
0.774041
0.775528
0.785285
0.821027
0.881123
0.919445
0.944726
0.960802
0.970022
0.97413
0.975658
0.976037
0.975928
0.975153
0.974116
0.973585
0.972785
0.970801
0.964116
0.934534
0.833235
0.74237
0.689366
0.666755
0.661895
0.662684
0.668017
0.684265
0.741104
0.843021
0.916789
0.959961
0.982114
0.992451
0.996899
0.998692
0.999384
0.99966
0.999798
0.999887
0.999943
0.999974
0.999989
0.999996
0.999998
0.999999
1
1
1
1
1
1
1
0.999999
0.999999
0.999999
0.999999
0.999999
0.999999
1
1
1
1
1
1
1
1
1
1
1
1
1
1
1
1
1
1
1
1
1
1
1
1
0.999999
0.999993
0.999971
0.999889
0.999592
0.998464
0.993219
0.975472
0.964096
0.960746
0.959229
0.957092
0.951532
0.951703
0.966752
0.98213
0.973867
0.949344
0.944921
0.945735
0.947628
0.948529
0.948822
0.948854
0.949045
1
1
1
1
1
1
1
1
1
1
1
1
1
1
1
1
1
1
1
1
1
1
1
1
1
1
1
1
1
1
1
1
1
1
1
1
1
1
1
1
1
1
1
1
1
1
1
1
0.999997
0.999961
0.999624
0.996878
0.976539
0.944192
0.934774
0.933427
0.932064
0.931721
0.932377
0.939401
0.953345
0.947195
0.885481
0.825241
0.805678
0.800205
0.798863
0.798474
0.798081
0.796719
0.790292
0.777585
0.771653
0.771592
0.774533
0.788311
0.830866
0.890229
0.926349
0.948457
0.961879
0.969636
0.973365
0.974899
0.975202
0.974943
0.974284
0.973772
0.972887
0.970739
0.96354
0.930503
0.824943
0.738602
0.692359
0.675505
0.673241
0.674859
0.681932
0.701814
0.770412
0.86851
0.934656
0.970732
0.987696
0.995004
0.997939
0.999068
0.999503
0.999692
0.999801
0.99988
0.999935
0.999969
0.999986
0.999994
0.999998
0.999999
1
1
1
1
1
1
1
1
0.999999
0.999999
0.999999
0.999999
1
1
1
1
1
1
1
1
1
1
1
1
1
1
1
1
1
1
1
1
1
1
1
1
1
0.999998
0.999991
0.999966
0.999879
0.9996
0.998617
0.994212
0.97785
0.965866
0.961144
0.959152
0.957746
0.952189
0.949304
0.961184
0.980997
0.979999
0.953681
0.945378
0.9453
0.946105
0.947639
0.94872
0.949038
0.948996
1
1
1
1
1
1
1
1
1
1
1
1
1
1
1
1
1
1
1
1
1
1
1
1
1
1
1
1
1
1
1
1
1
1
1
1
1
1
1
1
1
1
1
1
1
1
1
1
1
0.999995
0.99995
0.999554
0.996584
0.97799
0.952147
0.940053
0.934555
0.933904
0.934828
0.939082
0.957309
0.966078
0.954372
0.883159
0.82685
0.807049
0.80075
0.798898
0.798193
0.796923
0.793372
0.781801
0.772151
0.767424
0.767876
0.771906
0.786455
0.824711
0.885626
0.92356
0.946124
0.959391
0.967037
0.971006
0.972753
0.973165
0.973046
0.97266
0.971714
0.968914
0.958611
0.905098
0.800725
0.730973
0.697318
0.687805
0.687467
0.68994
0.698683
0.723966
0.807737
0.898057
0.953226
0.980797
0.992746
0.997224
0.998792
0.999355
0.999589
0.999711
0.999798
0.99987
0.999926
0.999962
0.999983
0.999992
0.999997
0.999999
0.999999
1
1
1
1
1
1
1
1
1
1
1
1
1
1
1
1
1
1
1
1
1
1
1
1
1
1
1
1
1
1
1
1
1
1
1
1
0.999998
0.999989
0.999961
0.999872
0.999603
0.99873
0.995113
0.980787
0.967923
0.961718
0.959183
0.958075
0.953883
0.946709
0.954979
0.978511
0.982886
0.960892
0.94719
0.945434
0.945575
0.94584
0.947344
0.948853
0.949328
1
1
1
1
1
1
1
1
1
1
1
1
1
1
1
1
1
1
1
1
1
1
1
1
1
1
1
1
1
1
1
1
1
1
1
1
1
1
1
1
1
1
1
1
1
1
1
1
1
1
0.999998
0.999977
0.999817
0.99871
0.993044
0.973779
0.962126
0.96077
0.961915
0.966652
0.977871
0.983198
0.98225
0.96413
0.888319
0.833175
0.810924
0.802648
0.799622
0.798161
0.795806
0.789169
0.775456
0.768004
0.762811
0.76283
0.765931
0.776948
0.801233
0.854742
0.902598
0.931199
0.948426
0.958635
0.964386
0.966603
0.966766
0.966307
0.964579
0.959123
0.93805
0.857385
0.776548
0.728999
0.708498
0.703038
0.703033
0.705792
0.716619
0.754916
0.855363
0.931495
0.972579
0.989988
0.996275
0.998443
0.99919
0.999466
0.999614
0.999713
0.999789
0.999856
0.999913
0.999954
0.999978
0.99999
0.999996
0.999998
0.999999
1
1
1
1
1
1
1
1
1
1
1
1
1
1
1
1
1
1
1
1
1
1
1
1
1
1
1
1
1
1
1
1
1
1
1
0.999999
0.999997
0.999988
0.999956
0.99986
0.999583
0.998744
0.995755
0.983973
0.970324
0.962665
0.959495
0.95846
0.955835
0.946107
0.948919
0.973206
0.983363
0.97193
0.951992
0.947069
0.945838
0.945443
0.945523
0.946675
0.948681
1
1
1
1
1
1
1
1
1
1
1
1
1
1
1
1
1
1
1
1
1
1
1
1
1
1
1
1
1
1
1
1
1
1
1
1
1
1
1
1
1
1
1
1
1
1
1
1
1
1
1
0.999999
0.999994
0.999952
0.999658
0.997853
0.99465
0.993386
0.993247
0.993403
0.994245
0.994526
0.994283
0.991939
0.976398
0.910033
0.847561
0.819141
0.807214
0.802175
0.799515
0.796074
0.787846
0.773184
0.765156
0.759527
0.757173
0.758262
0.763127
0.775899
0.801003
0.839084
0.880535
0.912913
0.931012
0.936435
0.936216
0.933679
0.926773
0.911135
0.862962
0.802565
0.756441
0.727454
0.714323
0.711337
0.711932
0.717012
0.737412
0.811739
0.910226
0.964972
0.987352
0.99542
0.998158
0.999062
0.99937
0.999506
0.999599
0.999691
0.99977
0.999838
0.999899
0.999944
0.999972
0.999987
0.999994
0.999998
0.999999
0.999999
0.999999
0.999999
0.999999
0.999999
0.999999
0.999999
0.999999
0.999999
1
1
1
1
1
1
1
1
1
1
1
1
1
1
1
1
1
1
1
1
1
1
1
1
1
1
0.999999
0.999996
0.999985
0.999945
0.999821
0.999463
0.99847
0.995665
0.986121
0.972692
0.963955
0.959985
0.958865
0.95709
0.947167
0.943225
0.964269
0.982647
0.98233
0.961973
0.952215
0.948358
0.946188
0.945413
0.945446
0.946175
1
1
1
1
1
1
1
1
1
1
1
1
1
1
1
1
1
1
1
1
1
1
1
1
1
1
1
1
1
1
1
1
1
1
1
1
1
1
1
1
1
1
1
1
1
1
1
1
1
1
1
1
1
1
0.999997
0.999986
0.999935
0.999734
0.999486
0.999315
0.999217
0.999123
0.998926
0.998396
0.9963
0.987698
0.956125
0.885159
0.840409
0.818601
0.808718
0.802999
0.79671
0.787143
0.774834
0.763728
0.758719
0.754036
0.751972
0.752524
0.755413
0.762219
0.775051
0.802666
0.824758
0.83054
0.829629
0.825079
0.81725
0.802005
0.777705
0.752254
0.732474
0.720439
0.715542
0.715525
0.718854
0.734485
0.789066
0.899194
0.960188
0.98572
0.995009
0.998064
0.999013
0.999307
0.999429
0.999497
0.999543
0.999623
0.999729
0.999817
0.999882
0.999932
0.999964
0.999983
0.999993
0.999997
0.999998
0.999999
0.999999
0.999999
0.999997
0.999996
0.999996
0.999997
0.999998
0.999999
0.999999
1
1
1
1
1
1
1
1
1
1
1
1
1
1
1
1
1
1
1
1
1
1
1
1
0.999999
0.999999
0.999995
0.999978
0.999907
0.999682
0.999069
0.997527
0.994252
0.985984
0.974305
0.965214
0.960607
0.959256
0.957861
0.949936
0.939196
0.952459
0.979209
0.984644
0.977555
0.962775
0.955584
0.950396
0.947461
0.946266
0.945917
1
1
1
1
1
1
1
1
1
1
1
1
1
1
1
1
1
1
1
1
1
1
1
1
1
1
1
1
1
1
1
1
1
1
1
1
1
1
1
1
1
1
1
1
1
1
1
1
1
1
1
1
1
1
1
1
1
0.999999
0.999996
0.999984
0.999944
0.999903
0.999854
0.999751
0.999468
0.998455
0.994699
0.984072
0.956658
0.899737
0.855209
0.830142
0.815475
0.804557
0.791772
0.778615
0.768424
0.759167
0.754181
0.750869
0.747299
0.746032
0.746312
0.748381
0.753879
0.755322
0.754905
0.7534
0.749791
0.743686
0.737435
0.729658
0.721923
0.719443
0.72027
0.725475
0.743843
0.801288
0.906716
0.96263
0.986768
0.995562
0.998328
0.999084
0.999292
0.999375
0.999432
0.999493
0.99954
0.99959
0.999674
0.999776
0.999864
0.999925
0.999961
0.999981
0.999992
0.999996
0.999998
0.999998
0.999997
0.999994
0.999979
0.999975
0.999977
0.999984
0.999991
0.999995
0.999997
0.999999
0.999999
1
1
1
1
1
1
1
1
1
1
1
1
1
1
1
1
1
1
1
0.999999
0.999999
0.999999
0.999998
0.999997
0.999991
0.999956
0.999782
0.999251
0.997983
0.994471
0.990331
0.984439
0.975191
0.966472
0.961313
0.959653
0.958529
0.953201
0.938773
0.939579
0.969859
0.984533
0.985271
0.978908
0.969224
0.96076
0.95503
0.951703
0.949266
1
1
1
1
1
1
1
1
1
1
1
1
1
1
1
1
1
1
1
1
1
1
1
1
1
1
1
1
1
1
1
1
1
1
1
1
1
1
1
1
1
1
1
1
1
1
1
1
1
1
1
1
1
1
1
1
1
1
1
1
0.999998
0.999992
0.999984
0.999971
0.999941
0.999848
0.999516
0.998436
0.995288
0.987768
0.970859
0.939168
0.906895
0.876255
0.849019
0.827463
0.807861
0.790984
0.777776
0.767213
0.758793
0.752224
0.748232
0.746536
0.745308
0.743086
0.740358
0.738303
0.736957
0.733998
0.72928
0.728488
0.729664
0.734958
0.749236
0.780674
0.865349
0.939485
0.976378
0.99193
0.997437
0.998964
0.999251
0.999309
0.999347
0.999393
0.999489
0.999548
0.999585
0.99962
0.999684
0.999769
0.999852
0.999915
0.999956
0.99998
0.999991
0.999995
0.999995
0.999994
0.999986
0.999949
0.999837
0.999828
0.999851
0.999906
0.999951
0.999975
0.999988
0.999995
0.999997
0.999999
0.999999
1
1
1
1
1
1
1
1
1
1
1
1
1
1
1
1
0.999999
0.999998
0.999998
0.999997
0.999996
0.999993
0.99998
0.999895
0.999395
0.998095
0.995356
0.988983
0.985117
0.981941
0.974892
0.967003
0.961727
0.959881
0.959051
0.955734
0.941296
0.932421
0.952827
0.980927
0.98644
0.986416
0.983762
0.977242
0.970372
0.965536
0.960004
1
1
1
1
1
1
1
1
1
1
1
1
1
1
1
1
1
1
1
1
1
1
1
1
1
1
1
1
1
1
1
1
1
1
1
1
1
1
1
1
1
1
1
1
1
1
1
1
1
1
1
1
1
1
1
1
1
1
1
1
1
1
0.999999
0.999997
0.999995
0.999987
0.999962
0.999875
0.9996
0.998836
0.996897
0.992749
0.982883
0.968721
0.955827
0.93666
0.914418
0.893194
0.867834
0.840311
0.816872
0.797531
0.782367
0.77078
0.763602
0.758981
0.752603
0.749502
0.749578
0.751246
0.756199
0.768698
0.789043
0.830218
0.898613
0.948461
0.976805
0.9911
0.997104
0.99914
0.99946
0.999426
0.999265
0.999276
0.999389
0.999595
0.999656
0.999662
0.999655
0.999661
0.999704
0.999785
0.999863
0.999923
0.999962
0.999983
0.99999
0.999991
0.99999
0.999976
0.999896
0.999592
0.999204
0.999193
0.999303
0.999593
0.999805
0.99991
0.999959
0.999982
0.999992
0.999996
0.999997
0.999998
0.999999
0.999999
1
1
1
1
1
1
0.999999
0.999999
0.999999
0.999999
0.999999
0.999999
0.999998
0.999997
0.999995
0.999993
0.999991
0.999988
0.999981
0.999952
0.999741
0.99844
0.995397
0.990283
0.983554
0.980252
0.978513
0.974115
0.966859
0.961747
0.960012
0.959516
0.957657
0.946597
0.931642
0.932004
0.969201
0.985403
0.987529
0.987735
0.986629
0.984499
0.982328
0.978759
1
1
1
1
1
1
1
1
1
1
1
1
1
1
1
1
1
1
1
1
1
1
1
1
1
1
1
1
1
1
1
1
1
1
1
1
1
1
1
1
1
1
1
1
1
1
1
1
1
1
1
1
1
1
1
1
1
1
1
1
1
1
1
1
1
0.999999
0.999997
0.99999
0.999968
0.999899
0.999706
0.99923
0.998096
0.995654
0.990083
0.985093
0.980054
0.9715
0.962293
0.949652
0.928917
0.906064
0.885971
0.865446
0.843628
0.831569
0.831059
0.833596
0.841676
0.856317
0.888132
0.925597
0.954591
0.974255
0.986454
0.993401
0.997095
0.998954
0.999678
0.999721
0.999471
0.999156
0.999182
0.999441
0.999644
0.999679
0.999685
0.999681
0.999679
0.999691
0.999741
0.999818
0.999889
0.999941
0.999972
0.999984
0.999986
0.999984
0.999969
0.999884
0.999417
0.998342
0.998263
0.998344
0.998509
0.998945
0.999473
0.99976
0.999894
0.999954
0.999979
0.999989
0.999993
0.999995
0.999997
0.999998
0.999998
0.999999
0.999999
0.999999
0.999999
0.999998
0.999998
0.999998
0.999998
0.999998
0.999997
0.999995
0.999993
0.999991
0.999988
0.999982
0.999977
0.999971
0.999956
0.999888
0.999403
0.99633
0.99049
0.985519
0.979696
0.976915
0.975739
0.972767
0.966332
0.961576
0.960184
0.959983
0.959104
0.952751
0.93526
0.924284
0.948341
0.979385
0.986925
0.988249
0.988543
0.988264
0.987716
0.986597
1
1
1
1
1
1
1
1
1
1
1
1
1
1
1
1
1
1
1
1
1
1
1
1
1
1
1
1
1
1
1
1
1
1
1
1
1
1
1
1
1
1
1
1
1
1
1
1
1
1
1
1
1
1
1
1
1
1
1
1
1
1
1
1
1
1
1
0.999999
0.999998
0.999992
0.999976
0.999932
0.999818
0.999539
0.998675
0.99748
0.996439
0.995213
0.993005
0.987316
0.98174
0.978089
0.971342
0.958248
0.951633
0.951698
0.953666
0.958728
0.968747
0.978805
0.986788
0.992365
0.995833
0.997782
0.998832
0.999378
0.999694
0.999876
0.999895
0.999582
0.999098
0.999093
0.999361
0.999665
0.999696
0.999691
0.999691
0.999693
0.9997
0.999724
0.999788
0.999859
0.99992
0.999958
0.999976
0.99998
0.999976
0.99996
0.999903
0.999522
0.997997
0.997788
0.998045
0.998334
0.998446
0.998677
0.999182
0.999606
0.999827
0.999919
0.999958
0.999975
0.999983
0.999988
0.999991
0.999994
0.999995
0.999996
0.999996
0.999996
0.999995
0.999995
0.999994
0.999994
0.999994
0.999993
0.99999
0.999982
0.999978
0.999976
0.999969
0.999956
0.999946
0.999932
0.9999
0.999738
0.998616
0.992561
0.984938
0.981598
0.977416
0.974238
0.973246
0.970887
0.965153
0.961105
0.960322
0.960501
0.960179
0.957104
0.944556
0.924476
0.923756
0.965215
0.982807
0.987461
0.988735
0.989083
0.989175
0.988997
1
1
1
1
1
1
1
1
1
1
1
1
1
1
1
1
1
1
1
1
1
1
1
1
1
1
1
1
1
1
1
1
1
1
1
1
1
1
1
1
1
1
1
1
1
1
1
1
1
1
1
1
1
1
1
1
1
1
1
1
1
1
1
1
1
1
1
1
1
0.999999
0.999998
0.999995
0.999985
0.99996
0.999876
0.99971
0.99957
0.999388
0.999013
0.997779
0.996658
0.996014
0.994189
0.992079
0.991979
0.992331
0.993297
0.995322
0.997166
0.998424
0.999156
0.999548
0.999737
0.999798
0.999839
0.999869
0.999914
0.999939
0.999866
0.999099
0.999022
0.999133
0.999532
0.99971
0.999707
0.999702
0.999704
0.999712
0.999729
0.999771
0.999844
0.999905
0.999945
0.999965
0.999971
0.999966
0.999944
0.999905
0.999741
0.998387
0.997386
0.997695
0.99846
0.998729
0.998684
0.998751
0.999093
0.999473
0.999715
0.999843
0.999908
0.999944
0.999964
0.999974
0.999981
0.999985
0.999987
0.999988
0.999987
0.999987
0.999986
0.999985
0.999985
0.999983
0.999982
0.999978
0.999967
0.99995
0.999944
0.999938
0.999915
0.999885
0.999864
0.999833
0.999758
0.999359
0.996692
0.986941
0.980256
0.977878
0.975985
0.972203
0.969729
0.966846
0.962483
0.960609
0.960641
0.961285
0.961219
0.959832
0.953957
0.932159
0.912843
0.942565
0.972695
0.983291
0.987344
0.988744
0.989197
0.989328
1
1
1
1
1
1
1
1
1
1
1
1
1
1
1
1
1
1
1
1
1
1
1
1
1
1
1
1
1
1
1
1
1
1
1
1
1
1
1
1
1
1
1
1
1
1
1
1
1
1
1
1
1
1
1
1
1
1
1
1
1
1
1
1
1
1
1
1
1
1
1
1
0.999999
0.999997
0.999991
0.999979
0.999967
0.999945
0.999897
0.999714
0.999586
0.999441
0.999098
0.999057
0.999104
0.999225
0.999487
0.999715
0.999853
0.999903
0.999906
0.99989
0.999861
0.999811
0.999811
0.999825
0.999868
0.999896
0.999625
0.998791
0.999007
0.999223
0.999579
0.999722
0.999742
0.999734
0.999733
0.999752
0.999792
0.999853
0.9999
0.999933
0.999951
0.999959
0.99995
0.999903
0.99984
0.999767
0.999312
0.997526
0.997153
0.997835
0.998588
0.998959
0.998846
0.998867
0.999144
0.999472
0.999671
0.9998
0.999877
0.999918
0.999939
0.99995
0.999959
0.999964
0.999966
0.999966
0.999966
0.999966
0.999965
0.999964
0.999961
0.999954
0.999944
0.999931
0.999891
0.999846
0.999828
0.999788
0.99968
0.999628
0.999598
0.999536
0.999354
0.998339
0.992182
0.98115
0.976607
0.975193
0.974046
0.971178
0.966619
0.963361
0.961386
0.961086
0.961606
0.961896
0.961737
0.960693
0.957041
0.944112
0.912628
0.917047
0.955225
0.973357
0.981763
0.985366
0.986931
0.987748
1
1
1
1
1
1
1
1
1
1
1
1
1
1
1
1
1
1
1
1
1
1
1
1
1
1
1
1
1
1
1
1
1
1
1
1
1
1
1
1
1
1
1
1
1
1
1
1
1
1
1
1
1
1
1
1
1
1
1
1
1
1
1
1
1
1
1
1
1
1
1
1
1
1
1
0.999999
0.999998
0.999997
0.999993
0.999976
0.999964
0.999933
0.999912
0.999916
0.999927
0.999953
0.999977
0.999977
0.999965
0.999923
0.999831
0.999622
0.999583
0.999619
0.999646
0.999679
0.999793
0.999826
0.999178
0.998475
0.998969
0.999254
0.999551
0.999722
0.999765
0.999787
0.999807
0.999829
0.999863
0.999895
0.999917
0.999933
0.999938
0.999915
0.999823
0.999722
0.999707
0.999656
0.998816
0.997049
0.996856
0.997811
0.998603
0.999088
0.999055
0.999054
0.99928
0.999518
0.999686
0.999789
0.999846
0.999874
0.999887
0.999897
0.999908
0.999912
0.999915
0.99992
0.999922
0.999922
0.99992
0.999913
0.999895
0.999866
0.999812
0.999698
0.999408
0.99915
0.998949
0.998751
0.998684
0.998718
0.998724
0.998636
0.998124
0.995292
0.984515
0.976423
0.973765
0.973088
0.97253
0.970737
0.965995
0.963169
0.962624
0.962912
0.961914
0.9605
0.96033
0.959631
0.957254
0.949575
0.919887
0.897786
0.931456
0.956504
0.969461
0.975932
0.979095
0.98114
1
1
1
1
1
1
1
1
1
1
1
1
1
1
1
1
1
1
1
1
1
1
1
1
1
1
1
1
1
1
1
1
1
1
1
1
1
1
1
1
1
1
1
1
1
1
1
1
1
1
1
1
1
1
1
1
1
1
1
1
1
1
1
1
1
1
1
1
1
1
1
1
1
1
1
1
1
1
1
0.999999
0.999998
0.999994
0.999993
0.999994
0.999996
0.999997
0.999993
0.999961
0.999851
0.999578
0.999183
0.999247
0.99949
0.999652
0.999718
0.999752
0.999799
0.999681
0.998678
0.998073
0.998734
0.99925
0.999412
0.999661
0.99975
0.999793
0.999822
0.999846
0.999871
0.999887
0.999895
0.999879
0.99981
0.99968
0.999612
0.999657
0.999678
0.999554
0.998162
0.996803
0.996377
0.997433
0.998411
0.999082
0.999255
0.999313
0.999454
0.999586
0.999685
0.999731
0.999735
0.999727
0.999724
0.999738
0.999754
0.999762
0.999785
0.999812
0.99982
0.999818
0.999802
0.999731
0.99955
0.999268
0.998664
0.997112
0.995225
0.994483
0.994467
0.994556
0.994934
0.996006
0.996226
0.995892
0.994038
0.986278
0.976895
0.972957
0.971548
0.971211
0.971174
0.970671
0.968201
0.966824
0.965896
0.959771
0.952252
0.952515
0.955303
0.955613
0.954446
0.94993
0.931132
0.892822
0.906226
0.935017
0.949609
0.957891
0.962109
0.964942
1
1
1
1
1
1
1
1
1
1
1
1
1
1
1
1
1
1
1
1
1
1
1
1
1
1
1
1
1
1
1
1
1
1
1
1
1
1
1
1
1
1
1
1
1
1
1
1
1
1
1
1
1
1
1
1
1
1
1
1
1
1
1
1
1
1
1
1
1
1
1
1
1
1
1
1
1
1
1
1
1
1
1
1
1
0.999998
0.999962
0.999748
0.999166
0.99871
0.998784
0.999141
0.999453
0.999668
0.999746
0.999754
0.999717
0.999271
0.998264
0.997598
0.998365
0.999162
0.999314
0.999466
0.999615
0.999692
0.999742
0.999766
0.999775
0.999749
0.999691
0.99961
0.999549
0.999549
0.999617
0.999688
0.99967
0.999368
0.997739
0.996484
0.995954
0.99706
0.998287
0.998776
0.999204
0.999323
0.999422
0.999484
0.999428
0.999318
0.99926
0.999266
0.999328
0.999424
0.999534
0.99962
0.999664
0.999667
0.999654
0.999581
0.999223
0.997787
0.995879
0.993547
0.987668
0.979646
0.977298
0.977612
0.979067
0.98273
0.987145
0.989551
0.989592
0.987912
0.981889
0.974565
0.970943
0.969863
0.969118
0.969213
0.969995
0.970051
0.96934
0.966994
0.956576
0.937348
0.932917
0.935008
0.943611
0.94674
0.946592
0.94513
0.937059
0.896456
0.884979
0.912865
0.927374
0.934704
0.938349
0.940083
1
1
1
1
1
1
1
1
1
1
1
1
1
1
1
1
1
1
1
1
1
1
1
1
1
1
1
1
1
1
1
1
1
1
1
1
1
1
1
1
1
1
1
1
1
1
1
1
1
1
1
1
1
1
1
1
1
1
1
1
1
1
1
1
1
1
1
1
1
1
1
1
1
1
1
1
1
1
1
1
1
1
1
1
0.999999
0.999991
0.999802
0.999112
0.998653
0.998496
0.998531
0.998555
0.998816
0.999228
0.999483
0.999557
0.999406
0.99895
0.997924
0.997278
0.997895
0.999038
0.999247
0.999315
0.999385
0.999438
0.999487
0.999512
0.999525
0.999527
0.999526
0.999529
0.999544
0.999604
0.999662
0.999663
0.999551
0.998896
0.997323
0.996257
0.99578
0.996664
0.997987
0.998419
0.998734
0.998915
0.99896
0.998945
0.998916
0.998966
0.999048
0.999137
0.999236
0.999323
0.999335
0.999312
0.999209
0.998939
0.998315
0.99643
0.990572
0.978951
0.972048
0.958682
0.939318
0.932829
0.933808
0.939433
0.953275
0.963676
0.970154
0.972283
0.971418
0.966496
0.962254
0.960732
0.96124
0.963406
0.96261
0.962878
0.964636
0.963683
0.958575
0.943417
0.92814
0.923028
0.923861
0.93078
0.939093
0.941816
0.94224
0.941948
0.938126
0.906286
0.866514
0.887397
0.907332
0.915801
0.919605
0.9211
1
1
1
1
1
1
1
1
1
1
1
1
1
1
1
1
1
1
1
1
1
1
1
1
1
1
1
1
1
1
1
1
1
1
1
1
1
1
1
1
1
1
1
1
1
1
1
1
1
1
1
1
1
1
1
1
1
1
1
1
1
1
1
1
1
1
1
1
1
1
1
1
1
1
1
1
1
1
1
1
1
1
1
1
0.999994
0.999969
0.999898
0.999662
0.998899
0.998423
0.998302
0.998185
0.99808
0.998115
0.998336
0.998547
0.998525
0.998278
0.997399
0.997065
0.9976
0.998778
0.999078
0.999225
0.999296
0.999352
0.999379
0.999392
0.999405
0.999413
0.999416
0.999416
0.999401
0.999374
0.999289
0.999159
0.998858
0.997882
0.996746
0.99597
0.99564
0.99627
0.997642
0.998204
0.998457
0.99855
0.998596
0.998638
0.998692
0.998717
0.998735
0.998697
0.998534
0.998165
0.997249
0.99579
0.993213
0.988176
0.979898
0.958315
0.933103
0.91491
0.892908
0.878288
0.875581
0.878757
0.89366
0.910258
0.920275
0.925533
0.928724
0.929732
0.928705
0.927914
0.928783
0.931896
0.941886
0.946252
0.942427
0.937344
0.936891
0.932145
0.924666
0.921867
0.922043
0.924071
0.927879
0.933723
0.937884
0.939778
0.940373
0.940221
0.937469
0.913283
0.852769
0.847037
0.864031
0.873113
0.876118
0.876517
1
1
1
1
1
1
1
1
1
1
1
1
1
1
1
1
1
1
1
1
1
1
1
1
1
1
1
1
1
1
1
1
1
1
1
1
1
1
1
1
1
1
1
1
1
1
1
1
1
1
1
1
1
1
1
1
1
1
1
1
1
1
1
1
1
1
1
1
1
1
1
1
1
1
1
1
1
1
1
1
1
1
1
0.999999
0.999997
0.999982
0.999918
0.999588
0.998781
0.998391
0.998264
0.998128
0.997933
0.997801
0.997695
0.997645
0.997615
0.997393
0.996986
0.996929
0.997497
0.998575
0.99865
0.998631
0.998593
0.998549
0.998505
0.998423
0.998282
0.998142
0.997937
0.997717
0.997457
0.997236
0.997002
0.996806
0.996451
0.995879
0.995438
0.995233
0.995296
0.996108
0.997077
0.997249
0.997307
0.997331
0.997193
0.997049
0.996733
0.996106
0.995295
0.993853
0.991109
0.987524
0.98016
0.967307
0.951632
0.929044
0.89751
0.871198
0.857096
0.850124
0.848077
0.850484
0.858292
0.866311
0.873469
0.878585
0.881582
0.883316
0.887256
0.892374
0.895417
0.898454
0.900349
0.904852
0.915131
0.915963
0.910922
0.906285
0.911195
0.919835
0.924306
0.927663
0.9305
0.93284
0.935499
0.93838
0.94065
0.94143
0.941194
0.939328
0.931899
0.900277
0.845952
0.830705
0.833771
0.833774
0.82663
0.813037
0.687894
0.726191
0.75772
0.779454
0.796426
0.809752
0.818631
0.821092
0.82029
0.816262
0.809647
0.804873
0.798051
0.795271
0.785199
0.773148
0.751553
0.73076
0.701878
0.679256
0.645129
0.621247
0.57857
0.54955
0.488602
0.785955
0.777374
0.779877
0.799709
0.825739
0.842096
0.854525
0.86493
0.876571
0.890742
0.906601
0.923042
0.936126
0.944014
0.947016
0.949552
0.94869
0.946899
0.938677
0.933762
0.921556
0.917759
0.904502
0.900439
0.877832
0.916833
0.909919
0.882831
0.867792
0.866084
0.870841
0.882067
0.892261
0.902766
0.913172
0.922789
0.9311
0.937652
0.942911
0.949529
0.95712
0.963137
0.967133
0.968824
0.967766
0.962747
0.957718
0.953922
0.953066
0.951283
0.936993
0.93596
0.93299
0.917161
0.895061
0.888033
0.889002
0.895841
0.903606
0.90899
0.908022
0.900964
0.896254
0.899512
0.912769
0.93414
0.952886
0.965414
0.972436
0.97586
0.976036
0.971664
0.964622
0.961031
0.960304
0.940878
0.940598
0.940073
0.93738
0.922617
0.900857
0.894588
0.89573
0.897577
0.891387
0.88075
0.874467
0.872108
0.873177
0.877707
0.890357
0.919796
0.947272
0.965572
0.975964
0.980817
0.982142
0.979834
0.971603
0.965379
0.945696
0.949829
0.9507
0.949306
0.939724
0.915269
0.900254
0.892869
0.8848
0.875768
0.869967
0.868191
0.868531
0.869748
0.871456
0.875147
0.8873
0.918022
0.946313
0.966728
0.978883
0.984573
0.986175
0.985174
0.977152
0.956894
0.965719
0.967876
0.966526
0.956666
0.931638
0.908858
0.889826
0.8767
0.8694
0.86732
0.867852
0.869207
0.870356
0.871239
0.873
0.877693
0.89594
0.926181
0.951954
0.970924
0.982492
0.987688
0.989222
0.98686
0.966119
0.973517
0.976329
0.976148
0.971387
0.95116
0.919136
0.891764
0.874045
0.867546
0.867146
0.869223
0.873029
0.874592
0.873613
0.873409
0.875603
0.885117
0.91259
0.939753
0.961515
0.97723
0.986408
0.990671
0.990857
0.967537
0.974673
0.978677
0.979498
0.978035
0.968153
0.934286
0.896199
0.874513
0.867502
0.867692
0.873477
0.881944
0.883913
0.879438
0.875717
0.875807
0.880335
0.901619
0.931142
0.954256
0.971743
0.983509
0.990394
0.992574
0.966289
0.973188
0.977892
0.980415
0.980412
0.976245
0.952857
0.904642
0.876258
0.867939
0.869436
0.882986
0.897286
0.899931
0.890777
0.880356
0.877291
0.879086
0.89118
0.922475
0.948342
0.967347
0.980531
0.989148
0.993164
0.960723
0.967013
0.973696
0.978881
0.98053
0.979182
0.966225
0.918023
0.87988
0.869227
0.873802
0.898158
0.916809
0.92015
0.90833
0.889104
0.880054
0.879559
0.885287
0.911351
0.941795
0.963308
0.977926
0.987676
0.993193
0.957917
0.960285
0.966012
0.974955
0.980072
0.980279
0.973596
0.933829
0.885409
0.872215
0.880173
0.911026
0.92807
0.931153
0.925605
0.902443
0.884951
0.881065
0.883747
0.901298
0.934488
0.958956
0.975401
0.9862
0.992983
0.959208
0.96024
0.963417
0.972572
0.979853
0.981221
0.977689
0.948418
0.892532
0.87654
0.886517
0.919524
0.932774
0.934692
0.932777
0.917496
0.892165
0.88326
0.883856
0.894544
0.926809
0.954375
0.972808
0.984656
0.992647
0.964404
0.964304
0.965827
0.972844
0.980628
0.982827
0.980961
0.961039
0.902034
0.881821
0.892237
0.92425
0.934261
0.935536
0.935236
0.928428
0.901665
0.886224
0.884728
0.890787
0.918464
0.949533
0.97018
0.983091
0.992227
0.979788
0.978405
0.978337
0.980417
0.98533
0.986874
0.985548
0.970523
0.913031
0.887937
0.897229
0.926377
0.934099
0.935211
0.936015
0.933329
0.912612
0.890358
0.885927
0.889246
0.910399
0.944239
0.967395
0.98155
0.991748
0.992551
0.991407
0.990747
0.99073
0.990879
0.99053
0.988539
0.976547
0.923619
0.894101
0.901283
0.927081
0.932698
0.9326
0.935969
0.93545
0.922275
0.895507
0.887509
0.889033
0.903856
0.938715
0.964396
0.979937
0.991233
0.992334
0.992305
0.992209
0.992117
0.991872
0.991223
0.989471
0.980385
0.933766
0.90022
0.9047
0.927064
0.928745
0.9277
0.934824
0.93647
0.929106
0.901779
0.889451
0.889493
0.899566
0.932682
0.961262
0.978263
0.990706
0.984668
0.986264
0.988014
0.989668
0.990501
0.990385
0.989251
0.982859
0.942958
0.906015
0.907944
0.926276
0.923688
0.921802
0.932099
0.937243
0.933168
0.908831
0.891845
0.890362
0.897116
0.926578
0.957985
0.976501
0.990165
0.982263
0.982111
0.982359
0.983197
0.984763
0.986726
0.987419
0.983302
0.951954
0.911786
0.911257
0.923646
0.918992
0.916701
0.928208
0.937697
0.935754
0.915639
0.894735
0.891466
0.896126
0.921277
0.954767
0.974708
0.989606
0.98393
0.982557
0.981644
0.981504
0.981456
0.982004
0.983164
0.981797
0.959689
0.917641
0.914615
0.92071
0.915368
0.913155
0.924065
0.937784
0.93753
0.921837
0.897942
0.892755
0.895971
0.916955
0.951794
0.972983
0.989047
0.982993
0.982126
0.981023
0.980696
0.980456
0.979757
0.979826
0.978976
0.96431
0.923382
0.917094
0.918818
0.913034
0.910977
0.920399
0.937611
0.938915
0.927276
0.90133
0.894197
0.89628
0.913465
0.949077
0.971374
0.988508
0.975656
0.977007
0.977902
0.978708
0.97896
0.978651
0.978335
0.977258
0.966485
0.929169
0.918986
0.918057
0.911327
0.909703
0.917568
0.937202
0.940259
0.931618
0.905103
0.895821
0.896999
0.911022
0.946587
0.96994
0.98801
0.963426
0.965321
0.968229
0.972265
0.97532
0.976521
0.976403
0.975696
0.967795
0.934639
0.920826
0.917635
0.909962
0.909075
0.915725
0.936569
0.941594
0.935081
0.909173
0.8976
0.89801
0.909527
0.94426
0.968736
0.987586
0.954091
0.956637
0.960033
0.963599
0.968329
0.972189
0.973782
0.973672
0.968287
0.939697
0.923243
0.916754
0.909359
0.90886
0.914817
0.936
0.942883
0.937962
0.913274
0.899488
0.899215
0.908732
0.942168
0.967746
0.987246
0.948072
0.950413
0.954249
0.957589
0.96161
0.966837
0.970627
0.971437
0.96791
0.944179
0.925937
0.916505
0.909309
0.908907
0.914518
0.935717
0.944163
0.940467
0.917294
0.90149
0.900519
0.908553
0.940442
0.966985
0.987005
0.945999
0.94698
0.950237
0.954274
0.957335
0.962172
0.96741
0.969285
0.967163
0.948056
0.928525
0.916682
0.909428
0.909281
0.914548
0.935639
0.945439
0.94269
0.921114
0.903552
0.901867
0.908741
0.939086
0.966483
0.986879
0.945606
0.945841
0.947234
0.951295
0.954161
0.958416
0.964276
0.967166
0.965967
0.951462
0.931088
0.91716
0.909857
0.909902
0.915133
0.936067
0.946753
0.944728
0.924705
0.905638
0.903242
0.909206
0.938067
0.966164
0.986828
0.946071
0.945959
0.946538
0.949412
0.952163
0.955035
0.96117
0.964995
0.964506
0.954384
0.933754
0.917961
0.910664
0.910837
0.916129
0.936938
0.948209
0.946783
0.928358
0.907927
0.904776
0.909942
0.937276
0.966001
0.986853
0.948868
0.947115
0.947184
0.949307
0.951554
0.953431
0.958257
0.962801
0.962844
0.956402
0.936874
0.919328
0.911912
0.912207
0.917708
0.938491
0.949856
0.948846
0.931903
0.91037
0.906469
0.910935
0.936704
0.965983
0.986991
0.955533
0.951433
0.949533
0.950089
0.951685
0.952908
0.95631
0.960934
0.961347
0.957217
0.940485
0.921123
0.913453
0.913863
0.919759
0.940613
0.951591
0.950823
0.935098
0.912739
0.90818
0.912086
0.936521
0.966081
0.987163
0.959786
0.957017
0.954219
0.952134
0.952252
0.952953
0.955137
0.959437
0.960043
0.957295
0.943569
0.923071
0.915296
0.915846
0.922314
0.94313
0.95331
0.952644
0.937872
0.914967
0.909878
0.913376
0.9366
0.966236
0.987302
0.961078
0.959743
0.957367
0.954796
0.953456
0.953328
0.954441
0.958037
0.958828
0.957023
0.946296
0.925456
0.917449
0.918169
0.925429
0.945962
0.955053
0.954375
0.940292
0.917091
0.911583
0.914745
0.936963
0.966404
0.987362
0.961428
0.960933
0.959249
0.956515
0.954525
0.953924
0.954425
0.956971
0.957749
0.956503
0.948519
0.927787
0.919875
0.92094
0.929182
0.948868
0.956768
0.95601
0.942372
0.919055
0.913265
0.916187
0.937592
0.966624
0.987386
0.96133
0.960932
0.959294
0.95669
0.954817
0.954223
0.954485
0.95631
0.956928
0.955994
0.949757
0.930071
0.922838
0.924292
0.933425
0.951689
0.958452
0.957553
0.944105
0.920888
0.914969
0.917728
0.938526
0.967001
0.987394
0.960557
0.960306
0.958735
0.956434
0.954774
0.954299
0.954524
0.955935
0.956334
0.955579
0.950617
0.932505
0.92628
0.92804
0.937814
0.954461
0.960121
0.959038
0.945561
0.922596
0.916665
0.919328
0.939706
0.96752
0.987407
0.958733
0.958614
0.957245
0.955635
0.954563
0.954293
0.954527
0.955585
0.955769
0.955135
0.950884
0.934461
0.92995
0.932027
0.942186
0.95719
0.96181
0.960504
0.946787
0.924215
0.918368
0.921011
0.941157
0.968253
0.987516
0.95594
0.95694
0.955927
0.954965
0.954335
0.954267
0.954506
0.955149
0.955182
0.954611
0.950722
0.936246
0.933856
0.936105
0.9463
0.959921
0.963649
0.962074
0.947751
0.925664
0.920031
0.922743
0.942893
0.969209
0.987757
0.952723
0.954821
0.955204
0.954568
0.954254
0.954249
0.954494
0.95479
0.954745
0.954163
0.950123
0.938528
0.937608
0.939747
0.950288
0.962787
0.965717
0.963829
0.94854
0.926917
0.921687
0.924581
0.944997
0.970389
0.988121
0.949731
0.952338
0.953914
0.954167
0.954141
0.954216
0.954441
0.954584
0.954492
0.953842
0.949186
0.940689
0.940233
0.942665
0.954751
0.965866
0.968018
0.9657
0.948973
0.928008
0.923349
0.926546
0.947474
0.971787
0.988588
0.948985
0.949582
0.951144
0.952923
0.953711
0.954019
0.954223
0.954279
0.95415
0.953348
0.947992
0.941987
0.942038
0.945925
0.959702
0.969073
0.970509
0.967535
0.948769
0.928899
0.92501
0.928684
0.9504
0.973432
0.989164
0.949417
0.949253
0.949314
0.950232
0.951532
0.952608
0.953133
0.953307
0.953152
0.951842
0.946096
0.943335
0.944462
0.950354
0.9646
0.972513
0.973294
0.969167
0.947628
0.92958
0.926683
0.931079
0.953821
0.975314
0.989859
0.949565
0.949807
0.949595
0.949588
0.949897
0.950343
0.95067
0.950822
0.950561
0.948957
0.945679
0.945615
0.948067
0.95547
0.969957
0.976352
0.976383
0.970031
0.945363
0.930145
0.928403
0.933913
0.957832
0.977405
0.990683
0.948123
0.949642
0.950071
0.950024
0.949929
0.949958
0.94998
0.949915
0.949537
0.94824
0.947175
0.948613
0.95148
0.961969
0.975813
0.98001
0.979103
0.968999
0.942559
0.930749
0.930138
0.937394
0.96229
0.97944
0.991411
0.946685
0.94743
0.949336
0.950042
0.95019
0.950201
0.950138
0.949989
0.949639
0.949019
0.949673
0.95095
0.955284
0.970596
0.980962
0.982868
0.980637
0.965135
0.940215
0.931421
0.931819
0.941834
0.96659
0.98071
0.991693
0.948218
0.946906
0.947785
0.948892
0.949803
0.950205
0.950398
0.950445
0.950375
0.950516
0.951157
0.953304
0.963297
0.978607
0.984527
0.984786
0.980548
0.959567
0.938001
0.932089
0.933713
0.94746
0.96944
0.981146
0.991557
0.955791
0.949942
0.948733
0.948621
0.94957
0.950161
0.950575
0.950882
0.951145
0.951682
0.95315
0.958481
0.974346
0.984138
0.986563
0.985707
0.978179
0.95296
0.935964
0.932711
0.936078
0.952631
0.970869
0.979894
0.990289
0.972993
0.960464
0.954798
0.951842
0.951103
0.95103
0.951416
0.951954
0.952696
0.954122
0.958137
0.971056
0.982592
0.987137
0.987529
0.985278
0.972094
0.946153
0.934213
0.933256
0.939077
0.955668
0.969642
0.975442
0.986642
0.984808
0.978929
0.973008
0.965225
0.959698
0.957161
0.956296
0.956594
0.958183
0.962398
0.971748
0.981606
0.987019
0.988312
0.987633
0.982455
0.961166
0.939498
0.932831
0.933784
0.942143
0.953662
0.961986
0.966366
0.977224
0.988448
0.986762
0.984292
0.980557
0.976786
0.973517
0.971582
0.971173
0.973156
0.977362
0.982741
0.987028
0.988658
0.988509
0.986067
0.973255
0.947216
0.933792
0.93176
0.934886
0.939098
0.940025
0.942534
0.946479
0.959199
0.989206
0.989174
0.988578
0.987373
0.98582
0.984389
0.983471
0.983177
0.983969
0.985709
0.98773
0.988861
0.988861
0.987452
0.97919
0.953841
0.935465
0.930437
0.931358
0.930193
0.920344
0.907893
0.907767
0.910704
0.928063
0.988074
0.989305
0.989439
0.989291
0.98892
0.988509
0.9882
0.988078
0.988263
0.988672
0.988992
0.988928
0.987798
0.981292
0.957379
0.936146
0.92951
0.929137
0.926979
0.912642
0.86718
0.846549
0.846977
0.852987
0.883385
0.982094
0.986963
0.988326
0.988895
0.988965
0.988943
0.988896
0.988841
0.988815
0.988772
0.988483
0.98698
0.98052
0.957463
0.935605
0.928523
0.928001
0.92587
0.909362
0.839795
0.770435
0.758081
0.763047
0.778592
0.828617
0.966292
0.976834
0.980899
0.983974
0.985484
0.986292
0.986678
0.986756
0.986452
0.985471
0.982647
0.973861
0.952427
0.934336
0.92831
0.927834
0.925497
0.907319
0.825722
0.697255
0.655516
0.6565
0.677718
0.707533
0.763359
0.94002
0.951606
0.956684
0.962464
0.967258
0.970386
0.972051
0.972457
0.97099
0.966878
0.958434
0.945547
0.934663
0.928661
0.926622
0.921108
0.896388
0.8029
0.631716
0.561897
0.557185
0.572545
0.618269
0.644907
0.683744
0.91834
0.928756
0.93359
0.938098
0.941979
0.944765
0.946352
0.946713
0.945283
0.941604
0.935234
0.927446
0.920659
0.913258
0.89588
0.852078
0.722346
0.571799
0.504974
0.495301
0.505822
0.536579
0.565777
0.580936
0.601325
0.867639
0.881057
0.887176
0.892791
0.896296
0.898191
0.899528
0.899146
0.897138
0.892836
0.885157
0.873062
0.851005
0.799517
0.693763
0.584371
0.505779
0.469239
0.46395
0.47132
0.490246
0.50655
0.519256
0.526262
0.534621
0.804124
0.803193
0.791556
0.787807
0.785213
0.777818
0.773395
0.764118
0.751783
0.733414
0.705203
0.662126
0.60067
0.533852
0.485232
0.455582
0.445104
0.447543
0.458387
0.469965
0.48007
0.487496
0.492896
0.49631
0.499587
)
;

boundaryField
{
    inlet
    {
        type            fixedValue;
        value           uniform 1;
    }
    outlet
    {
        type            inletOutlet;
        inletValue      uniform 0;
        value           nonuniform List<scalar> 
57
(
0.488602
0.877832
0.951283
0.960304
0.965379
0.977152
0.98686
0.990857
0.992574
0.993164
0.993193
0.992983
0.992647
0.992227
0.991748
0.991233
0.990706
0.990165
0.989606
0.989047
0.988508
0.98801
0.987586
0.987246
0.987005
0.986879
0.986828
0.986853
0.986991
0.987163
0.987302
0.987362
0.987386
0.987394
0.987407
0.987516
0.987757
0.988121
0.988588
0.989164
0.989859
0.990683
0.991411
0.991693
0.991557
0.990289
0.986642
0.977224
0.959199
0.928063
0.883385
0.828617
0.763359
0.683744
0.601325
0.534621
0.499587
)
;
    }
    upperWall
    {
        type            zeroGradient;
    }
    lowerWall
    {
        type            zeroGradient;
    }
    frontAndBack
    {
        type            empty;
    }
}


// ************************************************************************* //
