/*--------------------------------*- C++ -*----------------------------------*\
  =========                 |
  \\      /  F ield         | OpenFOAM: The Open Source CFD Toolbox
   \\    /   O peration     | Website:  https://openfoam.org
    \\  /    A nd           | Version:  9
     \\/     M anipulation  |
\*---------------------------------------------------------------------------*/
FoamFile
{
    format      ascii;
    class       volScalarField;
    location    "0.073";
    object      s_0;
}
// * * * * * * * * * * * * * * * * * * * * * * * * * * * * * * * * * * * * * //

dimensions      [0 0 0 0 0 0 0];

internalField   nonuniform List<scalar> 
12225
(
1
1
1
1
1
1
1
1
1
1
1
1
1
1
1
1
1
1
1
1
1
1
1
1
1
1
1
1
1
1
1
1
1
1
1
1
1
1
1
1
1
1
1
1
1
1
1
1
1
1
1
1
1
1
1
1
1
1
1
1
1
1
1
1
1
1
1
1
1
1
1
1
1
1
1
1
1
1
1
1
1
1
1
1
1
1
1
1
1
1
1
1
1
1
1
1
1
1
1
1
1
1
1
1
1
1
1
1
1
1
1
1
1
1
1
1
1
1
1
1
1
1
1
1
1
1
1
1
1
1
1
1
1
1
1
1
1
1
1
1
1
1
1
1
1
1
1
1
1
1
1
1
1
1
1
1
1
1
1
1
1
1
1
1
1
1
1
1
1
1
1
1
1
1
1
1
1
1
1
1
1
1
1
1
1
1
1
1
1
1
1
1
1
1
1
1
1
1
1
1
1
1
1
1
1
1
1
1
1
1
1
1
1
1
1
1
1
1
1
1
1
1
1
1
1
1
1
1
1
1
1
1
1
1
1
1
1
1
1
1
1
1
1
1
1
1
1
1
1
1
1
1
1
1
1
1
1
1
1
1
1
1
1
1
1
1
1
1
1
1
1
1
1
1
1
1
1
1
1
1
1
1
1
1
1
1
1
1
1
1
1
1
1
1
1
1
1
1
1
1
1
1
1
1
1
1
1
1
1
1
1
1
1
1
1
1
1
1
1
1
1
1
1
1
1
1
1
1
1
1
1
1
1
1
1
1
1
1
1
1
1
1
1
1
1
1
1
1
1
1
1
1
1
1
1
1
1
1
1
1
1
1
1
1
1
1
1
1
1
1
1
1
1
1
1
1
1
1
1
1
1
1
1
1
1
1
1
1
1
1
1
1
1
1
1
1
1
1
1
1
1
1
1
1
1
1
1
1
1
1
1
1
1
1
1
1
1
1
1
1
1
1
1
1
1
1
1
1
1
1
1
1
1
1
1
1
1
1
1
1
1
1
1
1
1
1
1
1
1
1
1
1
1
1
1
1
1
1
1
1
1
1
1
1
1
1
1
1
1
1
1
1
1
1
1
1
1
1
1
1
1
1
1
1
1
1
1
1
1
1
1
1
1
1
1
1
1
1
1
1
1
1
1
1
1
1
1
1
1
1
1
1
1
1
1
1
1
1
1
1
1
1
1
1
1
1
1
1
1
1
1
1
1
1
1
1
1
1
1
1
0.72338
0.713769
0.713628
0.715557
0.719584
0.723739
0.729781
0.737341
0.743768
0.74971
0.753902
0.759012
0.763529
0.766673
0.769258
0.771168
0.772783
0.774151
0.774839
0.775419
0.775576
0.77549
0.77524
0.77466
0.774028
0.772785
0.770915
0.76928
0.767148
0.764541
0.761553
0.757854
0.753684
0.750722
0.746854
0.741562
0.738263
0.733446
0.725944
0.721068
0.714742
0.691256
0.663973
0.666532
0.680736
0.68989
0.696476
0.703498
0.714549
0.732562
0.75118
0.762126
0.763094
0.759734
0.748168
0.715844
0.688002
0.697423
0.779831
0.815059
0.814138
0.804446
0.76058
0.757431
0.766139
0.769855
0.774131
0.776915
0.780315
0.782691
0.785325
0.787662
0.789568
0.792664
0.794577
0.796628
0.79841
0.801076
0.803703
0.805547
0.807309
0.80954
0.812031
0.81415
0.816326
0.819127
0.821995
0.824316
0.826768
0.829844
0.832315
0.834339
0.836691
0.838384
0.840206
0.841658
0.842371
0.843271
0.843538
0.8436
0.843732
0.843875
0.843894
0.844105
0.844337
0.844606
0.844704
0.84499
0.845405
0.846104
0.846886
0.84781
0.848961
0.849896
0.851236
0.852435
0.85363
0.854737
0.855731
0.856409
0.856639
0.856568
0.855951
0.85381
0.848922
0.843185
0.838376
0.835869
0.835529
0.836831
0.841596
0.846513
0.8507
0.854454
0.857853
0.860914
0.863623
0.86602
0.868185
0.870198
0.872087
0.873833
0.875389
0.876725
0.877809
0.878609
0.879118
0.879336
0.87933
0.879107
0.8789
0.878917
0.879693
0.883476
0.888374
0.892226
0.896456
0.900062
0.901949
0.903463
0.905335
0.906691
0.907164
0.907466
0.908311
0.910439
0.915847
0.926739
0.934635
0.937348
0.940243
0.943935
0.9437
0.938528
0.915079
0.894053
0.854747
0.731165
0.665227
0.66961
0.732233
0.724065
0.725841
0.724647
0.72617
0.733247
0.748499
0.767892
0.789415
0.806704
0.819667
0.827353
0.832381
0.835264
0.836799
0.837757
0.837867
0.837673
0.837135
0.836261
0.835506
0.835024
0.834159
0.832632
0.831485
0.830255
0.827996
0.826386
0.825125
0.82365
0.82177
0.818581
0.816134
0.812266
0.803885
0.795845
0.784922
0.777446
0.767326
0.747534
0.734889
0.717181
0.700608
0.68637
0.684297
0.681636
0.678257
0.67793
0.681153
0.694222
0.736488
0.794338
0.823753
0.827232
0.818031
0.766193
0.703612
0.698651
0.753971
0.807146
0.796302
0.760052
0.753588
0.753497
0.75764
0.762248
0.766336
0.771352
0.776376
0.781616
0.7873
0.79291
0.797375
0.803917
0.81009
0.816396
0.82247
0.828199
0.835491
0.841585
0.848129
0.854435
0.861411
0.868649
0.875654
0.882164
0.890328
0.898271
0.903124
0.910942
0.916513
0.920483
0.925111
0.928055
0.929984
0.931031
0.93142
0.93143
0.930284
0.927947
0.925397
0.922393
0.918845
0.915087
0.911163
0.907062
0.902596
0.89795
0.892966
0.887992
0.883651
0.879626
0.876682
0.874527
0.873326
0.873006
0.873508
0.874898
0.87695
0.879397
0.881992
0.884657
0.887525
0.890529
0.892894
0.893767
0.893484
0.890008
0.872318
0.846526
0.832227
0.825979
0.824245
0.824337
0.826399
0.833518
0.841448
0.84848
0.854863
0.860866
0.866615
0.87226
0.877733
0.882953
0.88782
0.892274
0.896327
0.900014
0.903
0.905555
0.908211
0.910326
0.911722
0.913296
0.914979
0.915793
0.915811
0.915369
0.914429
0.913793
0.913658
0.914132
0.916216
0.918737
0.921735
0.927845
0.938258
0.951763
0.959713
0.960249
0.960557
0.961155
0.960015
0.955136
0.943858
0.929535
0.916531
0.886722
0.787994
0.731172
0.739091
0.735985
0.725603
0.727439
0.739187
0.768135
0.803518
0.830544
0.84249
0.847792
0.849741
0.849888
0.849596
0.848792
0.847183
0.84545
0.843778
0.841621
0.839279
0.837252
0.835889
0.834818
0.833181
0.831135
0.829551
0.82859
0.827703
0.82685
0.826389
0.826172
0.825765
0.824668
0.821874
0.817841
0.812504
0.805818
0.797344
0.789656
0.78488
0.779126
0.767228
0.753111
0.734808
0.721976
0.711202
0.702234
0.694027
0.689751
0.689061
0.689508
0.695767
0.742804
0.823073
0.838363
0.818484
0.746383
0.70026
0.703572
0.783706
0.793384
0.754979
0.746227
0.745392
0.750983
0.758334
0.765867
0.777514
0.791195
0.807784
0.825295
0.844955
0.86216
0.880465
0.896566
0.908282
0.91919
0.928479
0.936063
0.942037
0.946905
0.951805
0.955678
0.957974
0.961151
0.962728
0.964308
0.966258
0.967159
0.967864
0.968831
0.969367
0.969713
0.970124
0.970328
0.97045
0.970512
0.970534
0.97045
0.97022
0.969946
0.96954
0.968995
0.968364
0.967662
0.966916
0.966092
0.965109
0.963913
0.9624
0.960435
0.95819
0.95554
0.952621
0.949641
0.946865
0.944368
0.942126
0.940004
0.937641
0.934889
0.931542
0.927133
0.921396
0.91482
0.909359
0.907919
0.910587
0.917841
0.92118
0.920924
0.917078
0.900444
0.867621
0.846467
0.835429
0.829971
0.827701
0.827278
0.82767
0.83035
0.838355
0.846748
0.854465
0.861812
0.868654
0.875054
0.881071
0.886766
0.892527
0.898758
0.905197
0.910538
0.91381
0.914966
0.914977
0.913783
0.907808
0.897619
0.889995
0.885172
0.883016
0.883265
0.887358
0.900904
0.920219
0.939648
0.954703
0.962253
0.963575
0.962163
0.955934
0.94649
0.944631
0.947081
0.947917
0.947407
0.945788
0.940778
0.916001
0.839175
0.733494
0.713463
0.718357
0.746056
0.802563
0.837175
0.849425
0.853183
0.853254
0.851894
0.848688
0.843332
0.838042
0.830904
0.824107
0.817379
0.811743
0.806233
0.801319
0.797135
0.794208
0.791883
0.788868
0.787989
0.788447
0.789852
0.792883
0.796802
0.800644
0.804171
0.806847
0.808076
0.80806
0.806211
0.801524
0.796666
0.79117
0.786219
0.782662
0.779753
0.775881
0.76775
0.752382
0.736958
0.724198
0.714484
0.706807
0.699711
0.693964
0.692136
0.694409
0.722737
0.814691
0.844834
0.821686
0.741809
0.706877
0.74535
0.796232
0.758249
0.741746
0.739936
0.744261
0.754696
0.770198
0.794936
0.835197
0.867171
0.897444
0.913216
0.926769
0.939407
0.950094
0.956465
0.962023
0.965063
0.968242
0.969578
0.970675
0.97155
0.972021
0.972411
0.972598
0.972695
0.972721
0.972661
0.972517
0.972466
0.97246
0.972472
0.972485
0.972482
0.972468
0.972454
0.972448
0.972455
0.97247
0.972501
0.972553
0.972588
0.972612
0.972568
0.972419
0.972138
0.971816
0.971482
0.971168
0.970905
0.970686
0.970518
0.970419
0.970342
0.970248
0.970052
0.969809
0.969679
0.969741
0.970375
0.971955
0.973768
0.975383
0.97657
0.976961
0.976166
0.971478
0.957891
0.941642
0.930365
0.927816
0.931187
0.93779
0.938497
0.936609
0.927449
0.901594
0.878423
0.863106
0.854111
0.850653
0.850321
0.850679
0.851648
0.853631
0.858639
0.865505
0.871636
0.876496
0.880523
0.884503
0.888955
0.894022
0.899504
0.903624
0.904891
0.903718
0.893849
0.873374
0.86161
0.856656
0.855576
0.856275
0.860068
0.870874
0.894421
0.921917
0.945302
0.95854
0.962222
0.961218
0.953254
0.942965
0.938554
0.937666
0.93784
0.938466
0.940815
0.944591
0.944801
0.94155
0.915143
0.704605
0.713406
0.759002
0.827428
0.849134
0.854715
0.853345
0.84823
0.83794
0.822844
0.806289
0.789492
0.775372
0.760006
0.747645
0.736517
0.728444
0.720791
0.71396
0.708089
0.702334
0.700963
0.702426
0.705913
0.711249
0.717589
0.724548
0.732261
0.739767
0.74699
0.753088
0.758083
0.762681
0.765709
0.767991
0.770608
0.773145
0.774554
0.77478
0.774577
0.773077
0.767859
0.75227
0.734462
0.72129
0.712396
0.705769
0.699083
0.69346
0.69182
0.694724
0.727464
0.82222
0.852964
0.831237
0.758784
0.743846
0.792659
0.785096
0.741477
0.735741
0.737053
0.748737
0.772801
0.818869
0.867809
0.90504
0.927511
0.939708
0.948534
0.954998
0.96238
0.96682
0.96946
0.971116
0.971855
0.972213
0.972333
0.972367
0.972345
0.972178
0.972026
0.971845
0.971788
0.971777
0.971828
0.972027
0.972331
0.97255
0.97259
0.972551
0.97242
0.972209
0.971973
0.971823
0.971762
0.971753
0.971881
0.972159
0.972456
0.972739
0.973009
0.973237
0.973426
0.973336
0.972969
0.972359
0.971781
0.971309
0.970942
0.970761
0.970837
0.971255
0.971907
0.972468
0.973032
0.973541
0.973933
0.974566
0.976002
0.977946
0.980244
0.982745
0.985137
0.986965
0.987628
0.986794
0.980755
0.963809
0.951462
0.948178
0.94948
0.953217
0.953456
0.951857
0.945053
0.924475
0.904244
0.891281
0.883709
0.880074
0.87919
0.879242
0.879555
0.880507
0.883298
0.886937
0.889891
0.891728
0.892444
0.892572
0.892541
0.892386
0.891493
0.885166
0.86676
0.855055
0.850903
0.850189
0.850579
0.853027
0.860565
0.878309
0.902374
0.928365
0.949034
0.958916
0.960188
0.956404
0.945472
0.940331
0.939681
0.94215
0.945377
0.946268
0.945367
0.943583
0.943603
0.943156
0.936628
0.724201
0.767553
0.836151
0.851762
0.853022
0.845005
0.824312
0.793528
0.758938
0.723153
0.693528
0.669836
0.653127
0.639942
0.633401
0.628825
0.626293
0.623856
0.625416
0.63094
0.64207
0.65452
0.66564
0.675107
0.682899
0.688627
0.693247
0.697391
0.69994
0.702526
0.708472
0.715574
0.720106
0.726081
0.735706
0.746943
0.756866
0.763484
0.766387
0.766821
0.765745
0.759551
0.739073
0.718529
0.706028
0.700366
0.697246
0.692835
0.688453
0.687583
0.695209
0.750998
0.840307
0.861689
0.842087
0.788566
0.785228
0.799216
0.758113
0.733257
0.731632
0.739352
0.764765
0.819699
0.87302
0.910724
0.938631
0.950405
0.956199
0.959846
0.962821
0.966253
0.968489
0.97009
0.970757
0.970917
0.970912
0.970796
0.970669
0.97059
0.970561
0.970571
0.970814
0.971259
0.971778
0.972571
0.973123
0.973212
0.97309
0.972632
0.971867
0.970853
0.969654
0.96864
0.968052
0.967836
0.967824
0.968072
0.968629
0.969302
0.970196
0.971273
0.972521
0.973597
0.974531
0.975216
0.97574
0.975571
0.974484
0.972619
0.971027
0.969991
0.969469
0.969565
0.970799
0.972671
0.974124
0.975321
0.976184
0.976712
0.977488
0.979123
0.981257
0.983986
0.987015
0.989778
0.991689
0.992237
0.991455
0.9862
0.974398
0.968047
0.966896
0.968009
0.969394
0.969196
0.967432
0.961184
0.942011
0.920849
0.906187
0.896811
0.891375
0.888808
0.887974
0.887904
0.888262
0.890217
0.892982
0.894468
0.894837
0.89464
0.89289
0.884816
0.867789
0.856251
0.851333
0.850202
0.8504
0.852272
0.860068
0.883775
0.906443
0.924129
0.94103
0.953888
0.95891
0.958716
0.952938
0.944387
0.942009
0.944206
0.95567
0.964726
0.967714
0.967564
0.961759
0.95032
0.946518
0.942151
0.795805
0.838028
0.853367
0.847777
0.823403
0.77201
0.710157
0.660294
0.626869
0.605962
0.593408
0.584692
0.580934
0.57988
0.579212
0.578992
0.581711
0.589104
0.601796
0.620831
0.643057
0.663718
0.678106
0.685861
0.689912
0.692267
0.694507
0.697251
0.69972
0.701425
0.703963
0.710223
0.720564
0.732051
0.743782
0.752438
0.757225
0.758498
0.757627
0.752105
0.73307
0.705178
0.682893
0.669686
0.665188
0.665314
0.668117
0.671701
0.675836
0.685137
0.71281
0.801851
0.858479
0.868054
0.850199
0.807845
0.804562
0.796813
0.74271
0.728777
0.73008
0.747613
0.795558
0.853007
0.893297
0.93224
0.951697
0.958574
0.961598
0.963181
0.964523
0.966255
0.967919
0.968988
0.969461
0.969871
0.970303
0.970663
0.970966
0.971334
0.971987
0.972948
0.974345
0.975216
0.975475
0.975512
0.975036
0.973725
0.972043
0.96981
0.967345
0.965324
0.964427
0.96416
0.964128
0.964254
0.964553
0.964946
0.965285
0.965453
0.965626
0.965712
0.966051
0.967927
0.970833
0.973796
0.975978
0.97787
0.979282
0.979968
0.978697
0.975073
0.971012
0.968553
0.96741
0.967506
0.970109
0.974106
0.97716
0.979519
0.981113
0.98161
0.981908
0.983238
0.985832
0.988655
0.991475
0.993728
0.994836
0.994857
0.993639
0.9884
0.983421
0.98181
0.981875
0.982872
0.983119
0.982735
0.980868
0.975207
0.958031
0.935457
0.917811
0.905372
0.897563
0.893514
0.891995
0.891739
0.892032
0.893293
0.893931
0.893883
0.892571
0.885017
0.867675
0.857976
0.855371
0.85536
0.856376
0.860809
0.877876
0.90966
0.93104
0.944166
0.953442
0.958974
0.960265
0.959149
0.951946
0.946204
0.946279
0.952106
0.965007
0.972609
0.975879
0.976554
0.975817
0.968886
0.95453
0.947537
0.831391
0.852238
0.840946
0.791529
0.701566
0.637379
0.609416
0.591805
0.58009
0.571758
0.565609
0.5617
0.560435
0.560702
0.562122
0.565119
0.573634
0.590571
0.623095
0.666006
0.695585
0.708394
0.713132
0.713995
0.713134
0.711163
0.709642
0.710197
0.712299
0.71721
0.725697
0.735143
0.74244
0.747055
0.748585
0.747801
0.739701
0.713762
0.686215
0.666349
0.655289
0.651848
0.651801
0.654658
0.659566
0.663534
0.668174
0.673667
0.683629
0.70828
0.778915
0.842123
0.86887
0.871375
0.856887
0.820197
0.812471
0.788621
0.734263
0.725472
0.730393
0.75916
0.813585
0.862154
0.900482
0.941361
0.956542
0.961314
0.963194
0.964117
0.964915
0.966253
0.967735
0.968946
0.969797
0.970735
0.971866
0.973262
0.9752
0.976906
0.978035
0.978566
0.978713
0.978355
0.977084
0.97531
0.973014
0.969758
0.966259
0.964256
0.963616
0.963429
0.963394
0.963419
0.963546
0.963786
0.964022
0.964306
0.964664
0.964869
0.964911
0.964516
0.96334
0.962069
0.961929
0.963606
0.967212
0.971977
0.977107
0.980781
0.983281
0.984389
0.983294
0.977325
0.970208
0.966128
0.964815
0.965594
0.970961
0.97769
0.982339
0.985382
0.987175
0.987763
0.988193
0.989276
0.991229
0.993421
0.995353
0.996506
0.996799
0.996594
0.99514
0.992851
0.991911
0.991835
0.992207
0.992518
0.992468
0.991987
0.99026
0.985526
0.971186
0.947003
0.926427
0.911616
0.902381
0.897449
0.894958
0.893747
0.89319
0.892647
0.891364
0.885935
0.87194
0.864795
0.863508
0.863801
0.86562
0.873124
0.900804
0.932214
0.9485
0.956527
0.961047
0.962876
0.962858
0.960701
0.953016
0.949822
0.950335
0.956395
0.967543
0.974587
0.978449
0.979851
0.979883
0.978452
0.9686
0.954441
0.84529
0.847534
0.768971
0.655587
0.614024
0.597845
0.585742
0.575028
0.567779
0.562058
0.558227
0.55639
0.556202
0.55795
0.563618
0.577753
0.609483
0.651444
0.687303
0.704277
0.712486
0.716271
0.717874
0.718599
0.719057
0.719916
0.721554
0.726684
0.732853
0.735261
0.733897
0.734407
0.729
0.706271
0.681254
0.663422
0.653972
0.654575
0.664241
0.688005
0.713025
0.729629
0.738763
0.742594
0.741389
0.738188
0.736904
0.740906
0.758955
0.799177
0.837783
0.862348
0.871802
0.871778
0.859643
0.828485
0.817131
0.782654
0.728679
0.722334
0.730226
0.765924
0.818314
0.861851
0.903388
0.944802
0.957921
0.962118
0.963799
0.964634
0.965501
0.966843
0.968634
0.970741
0.973338
0.975964
0.978266
0.979648
0.980275
0.980447
0.980404
0.979725
0.978517
0.976994
0.974466
0.971
0.967502
0.965049
0.964036
0.96364
0.963526
0.963521
0.963569
0.963645
0.963729
0.963814
0.963888
0.96402
0.964336
0.964683
0.96485
0.964729
0.963799
0.961646
0.960294
0.959734
0.959899
0.960995
0.963936
0.970314
0.978324
0.98423
0.987221
0.987985
0.985684
0.975938
0.966616
0.963052
0.962842
0.966291
0.976509
0.98421
0.988492
0.991147
0.992911
0.993751
0.994023
0.994471
0.99556
0.99682
0.997722
0.998114
0.99815
0.997978
0.997421
0.997149
0.997132
0.997267
0.997423
0.997428
0.997327
0.996875
0.995452
0.991585
0.979837
0.956068
0.936087
0.921442
0.910825
0.903396
0.898449
0.895385
0.892731
0.886657
0.876478
0.871457
0.870868
0.871573
0.875296
0.890819
0.935863
0.967545
0.975275
0.974024
0.969738
0.96763
0.96631
0.962732
0.956067
0.953529
0.953724
0.957171
0.966582
0.974264
0.979406
0.981845
0.982257
0.981851
0.978202
0.963382
0.845697
0.798115
0.651509
0.612026
0.598819
0.589033
0.578151
0.5705
0.564723
0.560993
0.560703
0.563249
0.570167
0.583576
0.605736
0.635743
0.661188
0.678318
0.690006
0.69439
0.696709
0.698709
0.700675
0.70198
0.702631
0.703116
0.701568
0.697705
0.694343
0.685633
0.663945
0.654197
0.652251
0.657456
0.685026
0.734259
0.798712
0.846875
0.873519
0.882994
0.885061
0.884298
0.882576
0.879518
0.875439
0.865961
0.849841
0.840477
0.839839
0.843437
0.853931
0.864963
0.869974
0.869306
0.858607
0.834343
0.821228
0.783763
0.725655
0.719186
0.729097
0.765593
0.817269
0.860056
0.908502
0.947511
0.958891
0.962875
0.964591
0.965635
0.967046
0.969502
0.973499
0.97684
0.97903
0.980006
0.980432
0.980541
0.980384
0.979905
0.978775
0.976827
0.973936
0.970735
0.96824
0.966332
0.965289
0.964683
0.964271
0.963984
0.96389
0.963872
0.963891
0.963906
0.963911
0.963886
0.963796
0.963673
0.963634
0.96385
0.964267
0.964622
0.964297
0.962871
0.960728
0.959555
0.959146
0.959091
0.959347
0.960318
0.963397
0.971959
0.98262
0.988396
0.990054
0.989335
0.981873
0.968148
0.962332
0.961728
0.964288
0.97575
0.985983
0.991042
0.993754
0.995529
0.996634
0.997108
0.997232
0.997458
0.998019
0.998564
0.998919
0.999078
0.999105
0.999097
0.999096
0.999128
0.999231
0.999285
0.999292
0.999275
0.999175
0.998824
0.997746
0.994779
0.986692
0.972361
0.955553
0.940124
0.926665
0.913542
0.900027
0.886543
0.87792
0.876363
0.877197
0.880797
0.891819
0.928959
0.971461
0.988957
0.992843
0.992011
0.985188
0.977756
0.972134
0.965369
0.959832
0.957506
0.95737
0.958637
0.964012
0.973142
0.97994
0.98344
0.984297
0.984129
0.982345
0.971548
0.833444
0.703177
0.621274
0.60426
0.595944
0.585688
0.576583
0.575035
0.576861
0.582804
0.592509
0.605674
0.622081
0.639206
0.653034
0.65921
0.660881
0.661227
0.660668
0.660522
0.660999
0.661362
0.661818
0.662405
0.66251
0.662814
0.659243
0.656046
0.657013
0.663844
0.684406
0.730915
0.787702
0.860949
0.905105
0.92176
0.924919
0.91648
0.897152
0.877376
0.858992
0.843621
0.832911
0.824512
0.819863
0.821156
0.824645
0.828912
0.833737
0.839306
0.848581
0.857253
0.85958
0.856307
0.850046
0.834627
0.824371
0.787795
0.725566
0.71604
0.726164
0.763507
0.813802
0.85518
0.910429
0.950613
0.9612
0.964836
0.966609
0.96829
0.971351
0.975993
0.978506
0.979665
0.980078
0.980155
0.980004
0.979167
0.977525
0.974553
0.971777
0.96881
0.967347
0.966229
0.96526
0.964775
0.964306
0.963995
0.96368
0.963372
0.963204
0.963196
0.963324
0.963524
0.963738
0.963851
0.963804
0.963571
0.963346
0.963149
0.963052
0.963232
0.963513
0.963058
0.961784
0.960337
0.959318
0.959014
0.959008
0.959168
0.95975
0.96149
0.967192
0.980409
0.988784
0.990965
0.990415
0.983687
0.968473
0.96225
0.961886
0.965227
0.978403
0.988581
0.993426
0.995872
0.997316
0.998194
0.998643
0.998768
0.998785
0.998854
0.999111
0.999355
0.999505
0.999596
0.999662
0.99972
0.999767
0.999796
0.99981
0.999813
0.999811
0.999796
0.999737
0.999555
0.999102
0.998164
0.996318
0.992533
0.983645
0.956569
0.917675
0.893555
0.887503
0.888693
0.894432
0.907838
0.941223
0.973378
0.990263
0.996683
0.998183
0.998055
0.996428
0.989547
0.979015
0.970353
0.964577
0.962067
0.96171
0.962181
0.964861
0.97331
0.980924
0.984632
0.985506
0.98534
0.984101
0.977001
0.806635
0.656891
0.615485
0.602636
0.598159
0.598685
0.606137
0.618766
0.63168
0.64564
0.660714
0.672386
0.677265
0.679739
0.680722
0.680555
0.678964
0.677258
0.67279
0.669421
0.666709
0.665673
0.665765
0.669708
0.676886
0.692862
0.711159
0.735443
0.771857
0.820132
0.872674
0.915263
0.931781
0.938232
0.940046
0.937691
0.928461
0.905826
0.868769
0.838559
0.817636
0.805274
0.799323
0.797301
0.796391
0.796429
0.797066
0.798934
0.803272
0.809931
0.818245
0.8266
0.830344
0.830016
0.830035
0.830576
0.824829
0.795986
0.727293
0.71322
0.721368
0.758707
0.806781
0.849618
0.915095
0.95408
0.964629
0.968518
0.970497
0.972673
0.976342
0.978972
0.979794
0.979943
0.979752
0.978825
0.976542
0.972762
0.9702
0.968115
0.966875
0.96562
0.96496
0.964175
0.963285
0.962342
0.961328
0.960289
0.959569
0.959244
0.959204
0.95972
0.960572
0.961634
0.962854
0.963829
0.964521
0.964264
0.963886
0.963428
0.962995
0.962699
0.962482
0.962262
0.961893
0.961164
0.960063
0.959337
0.959134
0.959176
0.959517
0.960391
0.962172
0.967222
0.981069
0.989411
0.991165
0.990084
0.980819
0.967174
0.962922
0.963446
0.969843
0.983961
0.991995
0.995744
0.99755
0.998532
0.999084
0.999363
0.999457
0.999465
0.999463
0.999493
0.999623
0.999745
0.999822
0.999872
0.999907
0.999929
0.999941
0.999947
0.999949
0.999949
0.999947
0.999937
0.999909
0.999836
0.999658
0.999194
0.997631
0.990606
0.958355
0.927728
0.924335
0.929408
0.94898
0.968581
0.982526
0.992369
0.997373
0.999164
0.999588
0.999575
0.999174
0.997081
0.988799
0.977814
0.970851
0.967831
0.967361
0.967821
0.970308
0.978342
0.984823
0.987296
0.987401
0.986355
0.984224
0.979475
0.778511
0.643938
0.625367
0.627331
0.638063
0.653539
0.67437
0.696558
0.720448
0.748195
0.770851
0.791437
0.809543
0.822092
0.829301
0.832041
0.828895
0.820247
0.804479
0.786254
0.765973
0.753591
0.750293
0.758875
0.777618
0.80046
0.830305
0.865479
0.900535
0.924132
0.937502
0.944437
0.948445
0.950533
0.949928
0.944236
0.932958
0.907399
0.870767
0.838688
0.815862
0.80212
0.795181
0.792897
0.792689
0.792942
0.794021
0.795517
0.796903
0.798418
0.801047
0.805468
0.809428
0.811486
0.813951
0.821271
0.822679
0.803672
0.732355
0.710998
0.716676
0.75175
0.798996
0.844479
0.917575
0.95774
0.967778
0.97153
0.973508
0.975857
0.978695
0.979718
0.979848
0.979515
0.977906
0.973821
0.969917
0.968064
0.96687
0.965661
0.964528
0.963275
0.961878
0.960011
0.95766
0.955239
0.952972
0.950823
0.949749
0.949308
0.949713
0.95129
0.953952
0.956608
0.959761
0.962851
0.965229
0.966945
0.966398
0.965722
0.964696
0.963649
0.962809
0.96219
0.961813
0.961433
0.960775
0.96003
0.959668
0.959644
0.959927
0.960733
0.961913
0.964432
0.971791
0.98467
0.990313
0.990804
0.98791
0.975033
0.966315
0.964933
0.967284
0.978492
0.989524
0.995024
0.997524
0.998683
0.999265
0.999565
0.99971
0.999764
0.999775
0.999775
0.999781
0.999818
0.999881
0.999924
0.999951
0.999968
0.999978
0.999983
0.999985
0.999986
0.999986
0.999986
0.999983
0.999974
0.999946
0.999842
0.999347
0.996405
0.982532
0.97428
0.975073
0.981236
0.988461
0.992516
0.995823
0.998242
0.999402
0.999769
0.999846
0.999846
0.999755
0.99916
0.996317
0.987282
0.979557
0.976174
0.975708
0.976353
0.980207
0.986981
0.989515
0.989581
0.988848
0.985026
0.982233
0.978957
0.760613
0.650989
0.644878
0.665034
0.699042
0.755438
0.821461
0.855361
0.889908
0.911846
0.924865
0.936897
0.941928
0.947007
0.951026
0.955038
0.958241
0.959656
0.958214
0.952066
0.938191
0.913807
0.880999
0.850607
0.835773
0.829388
0.844556
0.872667
0.905372
0.927193
0.939944
0.947461
0.951602
0.954539
0.955229
0.954197
0.949357
0.936452
0.907018
0.865078
0.829744
0.806949
0.795405
0.791183
0.790756
0.791166
0.793516
0.797107
0.798113
0.798467
0.798844
0.799543
0.800666
0.801786
0.803786
0.811393
0.818304
0.806669
0.740382
0.709707
0.712426
0.743928
0.790616
0.837683
0.916186
0.95858
0.969428
0.973159
0.975066
0.977327
0.979293
0.979717
0.979544
0.977902
0.972919
0.96865
0.966643
0.965644
0.964544
0.96286
0.960664
0.957912
0.954145
0.949788
0.945729
0.942868
0.942001
0.942007
0.942161
0.942183
0.941879
0.941079
0.942137
0.946222
0.951367
0.957789
0.964012
0.96865
0.970974
0.970696
0.969594
0.967768
0.965834
0.964128
0.962943
0.962171
0.961583
0.961075
0.960764
0.960741
0.961212
0.9626
0.963359
0.964744
0.969018
0.980281
0.988507
0.99072
0.989835
0.981931
0.971097
0.967849
0.968439
0.97494
0.986852
0.993803
0.997174
0.998681
0.999355
0.999667
0.999812
0.999877
0.999902
0.999909
0.999912
0.99992
0.999938
0.999958
0.999973
0.999983
0.99999
0.999994
0.999995
0.999996
0.999996
0.999996
0.999996
0.999995
0.99999
0.999969
0.999854
0.999125
0.996414
0.995401
0.995664
0.996905
0.997905
0.998518
0.999176
0.999658
0.999843
0.999858
0.999848
0.999846
0.999826
0.999668
0.998863
0.995018
0.989001
0.986573
0.986476
0.98772
0.991121
0.991989
0.991712
0.990533
0.987322
0.979784
0.976015
0.975215
0.756281
0.664707
0.677561
0.748411
0.825307
0.874761
0.912265
0.932981
0.945107
0.950658
0.953133
0.954093
0.954266
0.955023
0.95657
0.961348
0.969165
0.975374
0.981243
0.985839
0.987925
0.985905
0.976796
0.955018
0.917682
0.880682
0.852906
0.849745
0.855722
0.871715
0.899575
0.927052
0.94198
0.950799
0.955328
0.957251
0.957778
0.956925
0.951119
0.92626
0.869162
0.825099
0.800251
0.789841
0.787801
0.788362
0.792218
0.797928
0.800109
0.800136
0.799665
0.799382
0.798016
0.797474
0.798173
0.803649
0.813345
0.806326
0.748627
0.70935
0.70901
0.735904
0.781191
0.828774
0.912183
0.958137
0.969586
0.973527
0.975461
0.97761
0.979249
0.979497
0.978537
0.974107
0.968283
0.965697
0.964535
0.963395
0.96074
0.956576
0.95166
0.945919
0.940805
0.937839
0.936594
0.936406
0.937873
0.939763
0.940977
0.941237
0.940862
0.939069
0.935398
0.933733
0.937269
0.945875
0.957604
0.967544
0.974301
0.976656
0.97673
0.97541
0.972861
0.969994
0.967366
0.965317
0.964172
0.963619
0.963234
0.963096
0.96346
0.965535
0.966779
0.967443
0.969555
0.977773
0.987305
0.990754
0.990665
0.986344
0.976016
0.971643
0.971413
0.974545
0.984724
0.992442
0.996556
0.998497
0.999346
0.999708
0.999862
0.999926
0.999952
0.999963
0.999969
0.999974
0.999979
0.999984
0.999989
0.999993
0.999995
0.999997
0.999998
0.999999
0.999999
0.999999
0.999999
0.999999
0.999999
0.999996
0.999985
0.999911
0.999608
0.999481
0.999506
0.999623
0.999694
0.999757
0.999869
0.999924
0.999905
0.999745
0.999588
0.999591
0.999667
0.999671
0.99944
0.99815
0.995945
0.995186
0.995143
0.995056
0.994652
0.99361
0.991302
0.984692
0.978926
0.973585
0.969882
0.969616
0.761877
0.681969
0.719557
0.821334
0.891066
0.924799
0.941604
0.947999
0.949597
0.949017
0.944651
0.940973
0.938514
0.934967
0.930155
0.926992
0.925532
0.93994
0.959133
0.980701
0.99048
0.99517
0.996943
0.99669
0.992939
0.982587
0.95496
0.909773
0.86725
0.845073
0.840071
0.848121
0.880791
0.916686
0.939319
0.951419
0.957207
0.959283
0.959236
0.954974
0.927782
0.859752
0.812893
0.790909
0.784991
0.785401
0.791178
0.799337
0.801914
0.802008
0.801591
0.800438
0.797906
0.795523
0.795488
0.798604
0.808682
0.805196
0.756499
0.709788
0.706111
0.728286
0.77134
0.81716
0.904043
0.956503
0.969344
0.973456
0.975422
0.977507
0.978903
0.978807
0.976212
0.9712
0.966593
0.964193
0.962371
0.958923
0.952701
0.946611
0.940995
0.936341
0.93379
0.932747
0.932793
0.934037
0.936592
0.939174
0.940879
0.941256
0.940964
0.939418
0.934178
0.928653
0.926623
0.930163
0.944708
0.962308
0.974423
0.981446
0.983821
0.984024
0.982873
0.979988
0.976278
0.972632
0.970314
0.969195
0.968419
0.96787
0.967852
0.969335
0.971361
0.971856
0.972704
0.977197
0.986644
0.99125
0.991694
0.989512
0.98139
0.976398
0.975539
0.976864
0.983962
0.991634
0.995973
0.99821
0.99925
0.999694
0.999874
0.999946
0.999973
0.999984
0.999989
0.999991
0.999993
0.999994
0.999996
0.999997
0.999998
0.999999
0.999999
1
1
1
1
1
1
1
0.999999
0.999992
0.999963
0.999947
0.999949
0.999958
0.999963
0.999972
0.999975
0.999963
0.999832
0.999202
0.998768
0.998767
0.999022
0.999312
0.999329
0.999093
0.998548
0.998137
0.997462
0.996132
0.993577
0.988603
0.982791
0.976007
0.971817
0.96871
0.965639
0.965089
0.774048
0.694449
0.737646
0.859279
0.917146
0.939693
0.947774
0.9505
0.951162
0.948441
0.945951
0.946276
0.948827
0.9485
0.942035
0.926496
0.907517
0.897539
0.904588
0.935429
0.972775
0.990483
0.997079
0.999016
0.999595
0.999508
0.998477
0.994528
0.980362
0.934731
0.872688
0.831552
0.820408
0.828172
0.872018
0.917471
0.942519
0.954867
0.959369
0.959426
0.953216
0.90886
0.835328
0.795717
0.783295
0.783452
0.791367
0.80226
0.804982
0.804818
0.803858
0.80182
0.798171
0.794772
0.794043
0.795929
0.804803
0.803149
0.762761
0.710594
0.703771
0.721631
0.762561
0.804384
0.891706
0.952886
0.968558
0.973153
0.975191
0.977079
0.978097
0.977298
0.973525
0.967834
0.962977
0.960793
0.957345
0.950542
0.943828
0.938699
0.934922
0.932422
0.931402
0.931537
0.932332
0.934046
0.936995
0.939469
0.940644
0.940181
0.939243
0.937541
0.932169
0.924771
0.921167
0.922
0.935957
0.95822
0.973549
0.983916
0.989548
0.991693
0.991924
0.991284
0.988736
0.984222
0.980354
0.978173
0.97675
0.97555
0.974984
0.975316
0.976852
0.977149
0.97724
0.978721
0.985688
0.992009
0.993684
0.992973
0.988064
0.982525
0.980814
0.981108
0.984701
0.991523
0.995759
0.998029
0.999146
0.999653
0.999865
0.999948
0.999979
0.999991
0.999995
0.999997
0.999998
0.999998
0.999999
0.999999
0.999999
1
1
1
1
1
1
1
1
1
1
0.999999
0.999996
0.999995
0.999995
0.999996
0.999996
0.999996
0.999991
0.999936
0.999517
0.997951
0.997027
0.997001
0.997457
0.998239
0.998557
0.998576
0.998337
0.997345
0.994744
0.988466
0.983115
0.979408
0.976594
0.972129
0.968301
0.966289
0.963517
0.962298
0.796236
0.702333
0.728661
0.84848
0.913939
0.938905
0.950762
0.955597
0.955241
0.951704
0.950188
0.958125
0.965224
0.965447
0.962967
0.952751
0.920262
0.892896
0.892978
0.912339
0.959269
0.98513
0.995392
0.998659
0.999635
0.999904
0.999951
0.999892
0.999444
0.997058
0.985286
0.93093
0.848767
0.812262
0.809654
0.836616
0.898252
0.935314
0.953301
0.95903
0.958207
0.941774
0.867229
0.80487
0.782393
0.78152
0.791202
0.805496
0.808734
0.808343
0.806723
0.803275
0.798641
0.794685
0.793365
0.794531
0.801868
0.801045
0.767311
0.711699
0.701957
0.716289
0.754988
0.792689
0.87561
0.946262
0.966875
0.972426
0.974594
0.975993
0.976234
0.974959
0.971369
0.965765
0.961019
0.957595
0.953749
0.947966
0.942311
0.937942
0.934815
0.932323
0.93234
0.933317
0.936273
0.938264
0.938608
0.938398
0.936644
0.932424
0.928479
0.92548
0.919196
0.911285
0.909226
0.913093
0.93361
0.957391
0.973707
0.985335
0.992759
0.995983
0.997078
0.997147
0.996806
0.995462
0.991906
0.988828
0.986837
0.985008
0.983664
0.983188
0.983224
0.982931
0.982137
0.982171
0.985251
0.991935
0.995501
0.996164
0.995045
0.990288
0.987131
0.986595
0.987552
0.991879
0.995806
0.997994
0.999107
0.999626
0.999852
0.999944
0.999979
0.999992
0.999997
0.999998
0.999999
0.999999
1
1
1
1
1
1
1
1
1
1
1
1
1
1
1
0.999999
1
1
0.999999
0.999998
0.999981
0.999827
0.99881
0.995755
0.994185
0.994086
0.994669
0.99562
0.995692
0.995257
0.993414
0.988535
0.982601
0.979508
0.978197
0.976586
0.973877
0.970173
0.966013
0.964385
0.962512
0.96082
0.818909
0.719278
0.718199
0.806824
0.896548
0.93156
0.948011
0.955011
0.957945
0.958498
0.959304
0.961758
0.964872
0.96494
0.962912
0.953548
0.92163
0.890022
0.888424
0.907593
0.956895
0.984515
0.995287
0.998693
0.999655
0.999919
0.999983
0.999994
0.999987
0.999904
0.999231
0.994777
0.96723
0.870255
0.812622
0.805535
0.827421
0.894271
0.936067
0.954662
0.958509
0.953039
0.90233
0.818899
0.782967
0.778926
0.789721
0.806883
0.812377
0.81216
0.810303
0.805632
0.799415
0.79476
0.793095
0.793901
0.800075
0.799586
0.770842
0.712915
0.700573
0.711961
0.747783
0.781824
0.857085
0.938695
0.964334
0.971213
0.973288
0.97391
0.97365
0.972534
0.969831
0.965566
0.961043
0.95737
0.953698
0.948483
0.943324
0.9396
0.936545
0.93649
0.938141
0.94208
0.941371
0.938478
0.932108
0.925731
0.91714
0.906191
0.898308
0.894689
0.88936
0.885514
0.889381
0.906495
0.935474
0.959827
0.977031
0.987958
0.994323
0.997409
0.998612
0.998956
0.998948
0.998751
0.998002
0.996649
0.995599
0.994371
0.992794
0.991431
0.990195
0.988735
0.986977
0.986273
0.986949
0.991408
0.995722
0.997497
0.997664
0.9968
0.993999
0.992403
0.992248
0.993389
0.996244
0.998107
0.999122
0.999622
0.999848
0.999942
0.999979
0.999992
0.999997
0.999999
1
1
1
1
1
1
1
1
1
1
1
1
1
1
1
1
1
1
1
1
1
0.999995
0.999952
0.999602
0.997533
0.992838
0.990612
0.99018
0.990257
0.989979
0.988776
0.985786
0.981331
0.979324
0.978431
0.977968
0.977189
0.975627
0.971857
0.96697
0.963171
0.961537
0.961031
0.959976
0.839697
0.760494
0.720623
0.74393
0.833881
0.903871
0.9348
0.948852
0.95526
0.958074
0.959164
0.961908
0.961838
0.959536
0.950556
0.924054
0.876205
0.872551
0.882722
0.923741
0.973151
0.992933
0.998243
0.999559
0.999889
0.999972
0.999993
0.999998
0.999999
0.999996
0.999955
0.99953
0.996099
0.971998
0.87112
0.812331
0.807702
0.837619
0.906153
0.943752
0.957038
0.956637
0.929704
0.838493
0.786045
0.776224
0.786842
0.806827
0.81505
0.815375
0.81387
0.809657
0.80083
0.795013
0.793069
0.793629
0.798788
0.798385
0.773445
0.714216
0.699479
0.708419
0.740804
0.771388
0.837685
0.926738
0.960152
0.969592
0.972093
0.972418
0.971975
0.970914
0.969072
0.965781
0.96169
0.957983
0.954734
0.950758
0.947299
0.945925
0.946291
0.948416
0.948153
0.94525
0.936726
0.916324
0.893879
0.877174
0.860171
0.847207
0.841944
0.844688
0.851596
0.863223
0.882155
0.912234
0.942582
0.966513
0.982383
0.991308
0.99583
0.998136
0.999162
0.999518
0.99959
0.999567
0.99943
0.999018
0.998635
0.998297
0.997843
0.997262
0.996372
0.99404
0.991433
0.990049
0.98995
0.99171
0.99565
0.997835
0.998607
0.998632
0.998163
0.997129
0.996561
0.996498
0.99714
0.998453
0.999239
0.999654
0.999854
0.999942
0.999978
0.999992
0.999997
0.999999
1
1
1
1
1
1
1
1
1
1
1
1
1
1
1
1
1
1
1
1
0.999999
0.999988
0.999893
0.999217
0.995683
0.989995
0.987128
0.985574
0.983677
0.980895
0.977837
0.976665
0.977261
0.978022
0.978265
0.978232
0.977174
0.973879
0.967361
0.961676
0.958877
0.958435
0.958656
0.958711
0.855797
0.820972
0.737125
0.739213
0.759048
0.813836
0.886735
0.920675
0.937887
0.945585
0.950422
0.950003
0.946006
0.933152
0.902185
0.858876
0.858221
0.868086
0.904364
0.96847
0.990774
0.997446
0.999323
0.999824
0.999954
0.999988
0.999997
0.999999
1
1
0.999996
0.999946
0.999393
0.994636
0.957669
0.851604
0.811271
0.814802
0.865738
0.926144
0.952725
0.957494
0.94481
0.864771
0.792432
0.77335
0.782382
0.805361
0.816197
0.81756
0.816526
0.813039
0.80346
0.795625
0.793127
0.793496
0.797671
0.797225
0.775135
0.715841
0.698745
0.705633
0.734399
0.761503
0.818754
0.907232
0.953275
0.967127
0.970735
0.971316
0.970922
0.970048
0.968656
0.966069
0.963442
0.960508
0.958481
0.956849
0.955381
0.955285
0.955398
0.952973
0.942294
0.918521
0.878797
0.832386
0.801571
0.786826
0.78366
0.791107
0.807814
0.825277
0.841151
0.858875
0.886361
0.921503
0.953145
0.975031
0.987967
0.994419
0.997383
0.998768
0.999447
0.999733
0.999813
0.999817
0.999792
0.99968
0.999508
0.999381
0.999201
0.998989
0.998641
0.997735
0.99515
0.993279
0.992763
0.993195
0.995684
0.997917
0.99893
0.99922
0.999206
0.998978
0.998697
0.998601
0.998625
0.99896
0.999453
0.999734
0.99988
0.999949
0.99998
0.999993
0.999997
0.999999
1
1
1
1
1
1
1
1
1
1
1
1
1
1
1
1
1
1
1
1
0.999997
0.999975
0.999792
0.998649
0.993677
0.987874
0.984023
0.980323
0.975522
0.973736
0.97393
0.975013
0.977364
0.979776
0.980694
0.979634
0.976103
0.967649
0.960796
0.95648
0.955022
0.955083
0.955923
0.957209
0.864801
0.850867
0.796444
0.75145
0.754369
0.76451
0.787128
0.827322
0.860528
0.881445
0.888478
0.88355
0.870821
0.841431
0.833269
0.837709
0.855253
0.904493
0.967124
0.989827
0.997041
0.999186
0.999788
0.999947
0.999987
0.999997
0.999999
1
1
1
1
0.999992
0.999885
0.998707
0.988612
0.916178
0.829772
0.814138
0.834174
0.903572
0.944981
0.957267
0.952358
0.892668
0.802304
0.772487
0.777623
0.802047
0.81564
0.818895
0.818401
0.815775
0.807157
0.79694
0.793338
0.793529
0.796832
0.796264
0.776416
0.717445
0.698119
0.703323
0.728909
0.752598
0.801331
0.881279
0.943794
0.963141
0.968561
0.969862
0.969729
0.96912
0.967979
0.966009
0.963924
0.961674
0.959885
0.958046
0.956237
0.954408
0.946845
0.919089
0.85281
0.798298
0.759219
0.751921
0.754169
0.75793
0.765519
0.782465
0.804137
0.823891
0.841214
0.865117
0.901718
0.940028
0.968806
0.986104
0.993992
0.997347
0.998766
0.999375
0.999679
0.999842
0.999904
0.999914
0.999908
0.999876
0.999795
0.999732
0.999655
0.999531
0.99936
0.998996
0.997778
0.99592
0.995151
0.995164
0.996236
0.998062
0.999057
0.999458
0.999545
0.999525
0.999439
0.999399
0.999407
0.999507
0.999701
0.999837
0.999919
0.999963
0.999984
0.999994
0.999998
0.999999
1
1
1
1
1
1
1
1
1
1
1
1
1
1
1
1
1
1
1
0.999999
0.999994
0.999951
0.999638
0.997873
0.991992
0.986226
0.98057
0.974064
0.971951
0.972062
0.973237
0.976741
0.981657
0.983301
0.982468
0.979156
0.969212
0.960513
0.956613
0.954368
0.953236
0.953201
0.953704
0.955615
0.867826
0.867799
0.852486
0.810353
0.774558
0.768177
0.77093
0.779577
0.7884
0.799202
0.801107
0.801419
0.803451
0.809788
0.825909
0.861361
0.935743
0.97648
0.992143
0.997552
0.999286
0.999807
0.999951
0.999988
0.999997
0.999999
1
1
1
1
1
0.999998
0.999972
0.999626
0.996122
0.965964
0.862323
0.81949
0.823618
0.877251
0.93423
0.955758
0.955905
0.918283
0.816161
0.773353
0.772467
0.79682
0.814518
0.819658
0.819662
0.81791
0.811709
0.798685
0.793778
0.79368
0.796075
0.795407
0.777483
0.719437
0.697766
0.70142
0.724106
0.744866
0.785755
0.85375
0.92794
0.955906
0.964591
0.967196
0.967672
0.967339
0.966527
0.965146
0.963181
0.960524
0.957567
0.951826
0.941861
0.917172
0.841371
0.759028
0.72258
0.719519
0.725283
0.738861
0.750005
0.757241
0.768927
0.789387
0.813406
0.83481
0.85806
0.895033
0.936725
0.97009
0.987936
0.994978
0.997795
0.998975
0.999499
0.999745
0.999864
0.999921
0.999949
0.999956
0.999955
0.999944
0.999905
0.999866
0.999828
0.999752
0.999629
0.999423
0.998899
0.997693
0.99695
0.996824
0.997165
0.998352
0.999175
0.999566
0.9997
0.99972
0.99971
0.9997
0.999708
0.99977
0.999858
0.999916
0.999954
0.999977
0.999989
0.999995
0.999998
0.999999
1
1
1
1
1
1
1
1
1
1
1
1
1
1
1
1
1
1
1
0.999999
0.999989
0.999913
0.999408
0.996851
0.990694
0.983819
0.975043
0.971183
0.970781
0.971654
0.975355
0.982673
0.984981
0.984829
0.982576
0.97337
0.962372
0.956936
0.95486
0.953731
0.952718
0.952473
0.95268
0.95417
0.867781
0.873419
0.87536
0.867198
0.845625
0.81651
0.79948
0.795419
0.796763
0.799655
0.805515
0.814882
0.835442
0.867016
0.928696
0.967827
0.986995
0.995246
0.998407
0.999509
0.999861
0.999964
0.999991
0.999998
1
1
1
1
1
1
1
0.999999
0.999989
0.999857
0.998397
0.985463
0.904029
0.830466
0.82285
0.854973
0.921617
0.952597
0.957771
0.936711
0.837629
0.776848
0.766905
0.791727
0.812856
0.819697
0.820375
0.819326
0.814921
0.802054
0.794647
0.794022
0.795481
0.794697
0.778426
0.721679
0.697626
0.699836
0.720107
0.738611
0.772392
0.828881
0.89472
0.942476
0.956888
0.961841
0.963499
0.963403
0.962618
0.960872
0.957336
0.950333
0.935907
0.903566
0.836271
0.747651
0.702922
0.696775
0.700142
0.71069
0.728401
0.749208
0.766087
0.779377
0.798563
0.825288
0.851916
0.87611
0.911425
0.950222
0.97798
0.990262
0.995638
0.997993
0.999038
0.99952
0.999754
0.999872
0.999934
0.999965
0.999975
0.999977
0.999976
0.999971
0.999952
0.999925
0.999902
0.999855
0.999747
0.999585
0.999287
0.998669
0.998135
0.997972
0.998065
0.99869
0.999324
0.999644
0.999776
0.999814
0.99982
0.999822
0.999831
0.999874
0.999924
0.999956
0.999976
0.999987
0.999994
0.999997
0.999999
1
1
1
1
1
1
1
1
1
1
1
1
1
1
1
1
1
1
1
1
0.999997
0.99998
0.99985
0.999057
0.995754
0.988902
0.978356
0.971747
0.970029
0.97041
0.97324
0.981607
0.985752
0.986343
0.985402
0.980135
0.966689
0.958749
0.955139
0.954151
0.953625
0.952712
0.952253
0.95228
0.953164
0.865584
0.873319
0.883387
0.888181
0.887333
0.883908
0.878496
0.871534
0.873254
0.880114
0.893201
0.913474
0.943847
0.968827
0.984943
0.993547
0.997523
0.999139
0.999728
0.999922
0.99998
0.999995
0.999999
1
1
1
1
1
1
1
1
1
0.999994
0.999923
0.999167
0.992429
0.938762
0.845854
0.824697
0.841711
0.907926
0.948011
0.958419
0.948099
0.865305
0.783639
0.76485
0.785977
0.808753
0.819078
0.820764
0.820214
0.817158
0.806153
0.796011
0.794481
0.795309
0.794391
0.779598
0.723868
0.697629
0.69845
0.716438
0.733144
0.761186
0.807052
0.858708
0.911164
0.940471
0.949922
0.953589
0.953194
0.950754
0.944586
0.929848
0.895122
0.834523
0.765196
0.709921
0.686158
0.685578
0.692474
0.713249
0.737445
0.763388
0.790143
0.812583
0.83559
0.864589
0.896637
0.924381
0.952082
0.97356
0.986022
0.992947
0.996532
0.998286
0.999139
0.999556
0.999764
0.999871
0.999929
0.999963
0.999981
0.999987
0.999987
0.999987
0.999984
0.999973
0.999954
0.999937
0.999907
0.999823
0.999647
0.999434
0.999155
0.998875
0.998741
0.998752
0.99903
0.999482
0.999724
0.999829
0.999865
0.999874
0.999878
0.999888
0.999921
0.999953
0.999974
0.999986
0.999993
0.999996
0.999998
0.999999
1
1
1
1
1
1
1
1
1
1
1
1
1
1
1
1
1
1
1
0.999999
0.999995
0.999964
0.999741
0.998542
0.994532
0.983907
0.974342
0.969921
0.969608
0.971109
0.978391
0.985145
0.987201
0.987188
0.98512
0.975034
0.962305
0.956143
0.954139
0.953881
0.953919
0.953648
0.952592
0.952359
0.952818
0.861228
0.877113
0.889243
0.895993
0.89978
0.903379
0.907554
0.915681
0.926637
0.941481
0.957865
0.974569
0.986422
0.993558
0.997263
0.998953
0.999637
0.999886
0.999968
0.999992
0.999998
1
1
1
1
1
1
1
1
1
1
1
0.999996
0.999946
0.999458
0.995274
0.961958
0.862932
0.827786
0.83585
0.894071
0.942413
0.958119
0.954879
0.895426
0.794708
0.764913
0.776432
0.803987
0.817945
0.820774
0.820662
0.8187
0.81001
0.79859
0.795144
0.795366
0.794326
0.780774
0.726587
0.697763
0.6974
0.713125
0.728408
0.752032
0.788141
0.827135
0.86586
0.896095
0.914814
0.923979
0.92081
0.909102
0.880143
0.832404
0.776421
0.726671
0.690958
0.676783
0.677872
0.693254
0.726903
0.755526
0.784935
0.818717
0.851381
0.880806
0.916306
0.94809
0.967589
0.979394
0.986986
0.992087
0.995457
0.997501
0.998652
0.999276
0.999612
0.99979
0.999881
0.999932
0.999962
0.999979
0.999989
0.999993
0.999994
0.999993
0.999992
0.999984
0.999973
0.999962
0.999942
0.999886
0.999703
0.99951
0.999364
0.99926
0.999221
0.999235
0.99937
0.99964
0.999803
0.999877
0.999902
0.999908
0.99991
0.999918
0.999942
0.999967
0.999982
0.999991
0.999995
0.999998
0.999999
1
1
1
1
1
1
1
1
1
1
1
1
1
1
1
1
1
1
1
1
0.999999
0.999991
0.999934
0.999549
0.997798
0.991161
0.979343
0.971288
0.969121
0.969494
0.973568
0.983121
0.987308
0.988195
0.987665
0.983726
0.96985
0.958891
0.954565
0.95364
0.953856
0.955022
0.954964
0.953625
0.95268
0.952916
0.902286
0.910504
0.921389
0.931858
0.942525
0.954449
0.965774
0.976372
0.984662
0.990579
0.994552
0.997096
0.998596
0.999389
0.999761
0.999916
0.999973
0.999992
0.999998
0.999999
1
1
1
1
1
1
1
1
1
1
1
1
0.999996
0.999956
0.999583
0.996552
0.974046
0.880966
0.831237
0.832484
0.879272
0.93532
0.956908
0.95816
0.922738
0.812818
0.766583
0.764987
0.799212
0.816306
0.820643
0.820829
0.81962
0.813708
0.801513
0.796434
0.795661
0.794317
0.781941
0.729672
0.698152
0.696567
0.710072
0.72435
0.744398
0.77236
0.800972
0.826949
0.843497
0.851508
0.853038
0.84374
0.819787
0.784417
0.74316
0.70503
0.677999
0.667432
0.6694
0.688059
0.721771
0.755492
0.79241
0.836093
0.885047
0.92539
0.956769
0.974037
0.983747
0.989485
0.993125
0.995541
0.997193
0.998302
0.999007
0.999431
0.999678
0.999819
0.999899
0.999944
0.999969
0.999983
0.99999
0.999994
0.999996
0.999996
0.999996
0.999996
0.999992
0.999987
0.999981
0.999969
0.999935
0.9998
0.999594
0.999474
0.999429
0.999428
0.999472
0.999638
0.999784
0.999872
0.999918
0.999934
0.999937
0.999938
0.999941
0.999955
0.999974
0.999987
0.999993
0.999997
0.999999
0.999999
1
1
1
1
1
1
1
1
1
1
1
1
1
1
1
1
1
1
1
1
0.999998
0.999984
0.999875
0.999219
0.996355
0.98686
0.975149
0.96957
0.968879
0.970507
0.978712
0.986218
0.988648
0.988875
0.987818
0.981319
0.965304
0.956472
0.953547
0.953184
0.953717
0.956481
0.957034
0.95573
0.953463
0.953292
0.99955
0.999194
0.998914
0.998776
0.998764
0.998884
0.999084
0.999318
0.999536
0.999707
0.999828
0.999907
0.999955
0.99998
0.999992
0.999997
0.999999
1
1
1
1
1
1
1
1
1
1
1
1
1
1
1
0.999997
0.999961
0.999643
0.997255
0.980619
0.897762
0.836606
0.832599
0.867616
0.928174
0.95485
0.959498
0.941845
0.841154
0.771231
0.760491
0.794686
0.81265
0.820148
0.820827
0.820158
0.816224
0.804989
0.798192
0.796335
0.794441
0.782873
0.732385
0.698715
0.695833
0.707201
0.720778
0.737699
0.758777
0.778758
0.793713
0.799318
0.798682
0.791796
0.775941
0.750574
0.71979
0.689449
0.666667
0.65714
0.659634
0.679505
0.713234
0.7539
0.804627
0.869845
0.92817
0.961339
0.977503
0.985999
0.990975
0.994043
0.996032
0.997364
0.998276
0.998902
0.999322
0.999591
0.999758
0.999859
0.999918
0.999953
0.999974
0.999985
0.999992
0.999995
0.999997
0.999998
0.999998
0.999998
0.999997
0.999995
0.999992
0.999988
0.999981
0.999962
0.999888
0.999702
0.999579
0.999535
0.999536
0.999593
0.99975
0.99986
0.99992
0.999949
0.99996
0.999962
0.999962
0.999963
0.999969
0.999981
0.99999
0.999995
0.999998
0.999999
1
1
1
1
1
1
1
1
1
1
1
1
1
1
1
1
1
1
1
1
0.999999
0.999996
0.999967
0.999753
0.99858
0.993875
0.981567
0.971972
0.968702
0.968942
0.973157
0.98335
0.988022
0.989332
0.989233
0.987409
0.97761
0.961491
0.954189
0.952416
0.952454
0.953491
0.95745
0.958865
0.958343
0.955639
0.954078
0.999998
0.999996
0.999993
0.99999
0.999989
0.999988
0.999989
0.999991
0.999993
0.999995
0.999997
0.999998
0.999999
1
1
1
1
1
1
1
1
1
1
1
1
1
1
1
1
1
1
1
0.999997
0.999965
0.99968
0.997627
0.98453
0.911697
0.841776
0.833633
0.861557
0.922686
0.952439
0.959844
0.953578
0.877685
0.781262
0.759717
0.786015
0.806642
0.818975
0.820719
0.820337
0.81776
0.808497
0.80044
0.797633
0.794852
0.783835
0.735855
0.699812
0.695242
0.704189
0.717313
0.731508
0.746353
0.758696
0.764824
0.764138
0.757
0.744149
0.725499
0.701505
0.676233
0.65576
0.646023
0.647264
0.667179
0.699791
0.74703
0.817051
0.902171
0.952675
0.974996
0.985196
0.990471
0.993637
0.99573
0.997162
0.998144
0.998808
0.999251
0.99954
0.999722
0.999834
0.999901
0.999942
0.999966
0.99998
0.999988
0.999993
0.999996
0.999998
0.999999
0.999999
0.999999
0.999999
0.999999
0.999997
0.999995
0.999993
0.999988
0.999977
0.999937
0.999806
0.999679
0.999625
0.999622
0.999666
0.999801
0.999895
0.999945
0.999968
0.999976
0.999978
0.999978
0.999978
0.99998
0.999987
0.999993
0.999997
0.999998
0.999999
1
1
1
1
1
1
1
1
1
1
1
1
1
1
1
1
1
1
1
1
0.999999
0.999991
0.99993
0.999501
0.99742
0.989591
0.977139
0.969818
0.968359
0.96992
0.9781
0.985521
0.988903
0.989688
0.989423
0.986684
0.973622
0.958427
0.952627
0.951361
0.951583
0.953214
0.957968
0.960112
0.96
0.958343
0.955607
1
1
1
1
1
1
1
1
1
1
1
1
1
1
1
1
1
1
1
1
1
1
1
1
1
1
1
1
1
1
1
1
0.999998
0.999971
0.999714
0.99785
0.986552
0.922766
0.84548
0.83141
0.851694
0.913567
0.948291
0.959428
0.958222
0.917337
0.802324
0.760774
0.766417
0.801294
0.81678
0.820348
0.820267
0.818687
0.811618
0.802977
0.799388
0.795879
0.785142
0.739493
0.700965
0.694546
0.701009
0.714298
0.72618
0.735644
0.740949
0.741316
0.735706
0.72393
0.708097
0.688463
0.666662
0.647533
0.63698
0.636289
0.648618
0.685286
0.727171
0.818828
0.916209
0.960714
0.978396
0.986126
0.990425
0.993319
0.995447
0.997019
0.998125
0.998861
0.999327
0.999612
0.99978
0.999876
0.99993
0.99996
0.999977
0.999986
0.999992
0.999995
0.999997
0.999998
0.999999
0.999999
1
1
1
0.999999
0.999999
0.999998
0.999996
0.999994
0.999989
0.999971
0.999894
0.999776
0.999715
0.999705
0.999727
0.999825
0.999911
0.999956
0.999977
0.999986
0.999988
0.999988
0.999989
0.999989
0.999993
0.999996
0.999998
0.999999
0.999999
1
1
1
1
1
1
1
1
1
1
1
1
1
1
1
1
1
1
1
1
0.999998
0.999982
0.999854
0.999052
0.995668
0.985258
0.973803
0.968519
0.968272
0.971806
0.980433
0.986336
0.989308
0.989934
0.989523
0.98577
0.970201
0.955855
0.951114
0.949828
0.950144
0.952216
0.95796
0.960909
0.961095
0.960228
0.957917
1
1
1
1
1
1
1
1
1
1
1
1
1
1
1
1
1
1
1
1
1
1
1
1
1
1
1
1
1
1
1
1
0.999999
0.999977
0.999752
0.998028
0.98757
0.929717
0.84912
0.828493
0.839286
0.895579
0.940183
0.957629
0.959696
0.945982
0.843653
0.767026
0.756683
0.795939
0.810636
0.819151
0.819985
0.818912
0.813456
0.805022
0.801053
0.797166
0.786777
0.744172
0.702879
0.694367
0.698423
0.711515
0.721482
0.72597
0.726895
0.72235
0.711733
0.697431
0.680185
0.661038
0.642949
0.63132
0.628613
0.635433
0.660209
0.699637
0.806467
0.912994
0.96006
0.977005
0.983908
0.988009
0.991215
0.993856
0.995926
0.997456
0.998501
0.999162
0.99955
0.999765
0.99988
0.999939
0.999968
0.999983
0.999991
0.999995
0.999997
0.999998
0.999999
0.999999
1
1
1
1
1
1
0.999999
0.999999
0.999998
0.999997
0.999994
0.999984
0.999952
0.999868
0.999809
0.999789
0.999794
0.999845
0.99992
0.999962
0.999982
0.99999
0.999993
0.999993
0.999994
0.999995
0.999996
0.999998
0.999999
0.999999
1
1
1
1
1
1
1
1
1
1
1
1
1
1
1
1
1
1
1
1
0.999999
0.999995
0.999964
0.999724
0.998462
0.993742
0.981572
0.971291
0.967726
0.968082
0.972619
0.98092
0.986525
0.989456
0.990121
0.989564
0.984802
0.967113
0.953692
0.94983
0.947773
0.94794
0.949748
0.956769
0.961151
0.961831
0.961428
0.960061
1
1
1
1
1
1
1
1
1
1
1
1
1
1
1
1
1
1
1
1
1
1
1
1
1
1
1
1
1
1
1
1
0.999999
0.999984
0.9998
0.998233
0.988295
0.932976
0.853656
0.831287
0.839616
0.89062
0.935411
0.955391
0.959997
0.956163
0.900619
0.786562
0.755551
0.780404
0.80353
0.816298
0.819233
0.818726
0.814725
0.806703
0.802479
0.798485
0.788703
0.74904
0.705724
0.694159
0.696235
0.708391
0.717191
0.718281
0.714462
0.704477
0.691363
0.67588
0.658728
0.641628
0.628987
0.624553
0.626291
0.638457
0.670713
0.769235
0.892883
0.951997
0.972489
0.979946
0.984464
0.988042
0.991201
0.993936
0.996107
0.997658
0.998686
0.999311
0.99966
0.99984
0.999926
0.999966
0.999984
0.999993
0.999996
0.999998
0.999999
0.999999
1
1
1
1
1
1
1
1
1
0.999999
0.999999
0.999998
0.999996
0.999991
0.999975
0.999932
0.999886
0.999862
0.999859
0.999875
0.999929
0.999966
0.999984
0.999992
0.999995
0.999996
0.999996
0.999997
0.999998
0.999999
0.999999
1
1
1
1
1
1
1
1
1
1
1
1
1
1
1
1
1
1
1
1
1
0.999999
0.999991
0.999934
0.999547
0.997855
0.991894
0.978392
0.969381
0.967016
0.967701
0.972541
0.980585
0.986416
0.989473
0.990212
0.989569
0.983941
0.964746
0.952115
0.948547
0.945624
0.945637
0.948192
0.956367
0.961174
0.962123
0.961892
0.960636
1
1
1
1
1
1
1
1
1
1
1
1
1
1
1
1
1
1
1
1
1
1
1
1
1
1
1
1
1
1
1
1
1
0.99999
0.999856
0.998532
0.989317
0.935816
0.855717
0.833277
0.84249
0.894623
0.934913
0.953291
0.959546
0.958728
0.941945
0.834417
0.761268
0.755878
0.79584
0.808541
0.81719
0.818
0.815141
0.807675
0.803669
0.799744
0.790692
0.755167
0.708392
0.694302
0.694614
0.70481
0.71229
0.712127
0.705608
0.68973
0.674903
0.659411
0.643328
0.629699
0.622733
0.62201
0.626213
0.644037
0.710255
0.851091
0.93416
0.964523
0.974665
0.979534
0.983268
0.987132
0.990805
0.993911
0.996219
0.997807
0.998816
0.999407
0.999724
0.99988
0.99995
0.999979
0.999991
0.999996
0.999998
0.999999
1
1
1
1
1
1
1
1
1
1
1
1
0.999999
0.999999
0.999998
0.999994
0.999983
0.999962
0.999938
0.999919
0.999913
0.999916
0.999941
0.999971
0.999986
0.999994
0.999996
0.999997
0.999997
0.999998
0.999999
0.999999
1
1
1
1
1
1
1
1
1
1
1
1
1
1
1
1
1
1
1
1
1
1
0.999998
0.999985
0.999892
0.999365
0.997304
0.989693
0.975603
0.968077
0.966221
0.966316
0.969186
0.977571
0.985318
0.989297
0.990274
0.989599
0.983512
0.963107
0.950678
0.946784
0.944205
0.944645
0.948087
0.957265
0.961495
0.962204
0.961897
0.960485
1
1
1
1
1
1
1
1
1
1
1
1
1
1
1
1
1
1
1
1
1
1
1
1
1
1
1
1
1
1
1
1
1
0.999996
0.999915
0.998951
0.991207
0.942136
0.85695
0.830975
0.838232
0.888038
0.929721
0.948508
0.957071
0.95835
0.953208
0.908422
0.789373
0.751884
0.779675
0.801916
0.811184
0.816132
0.814638
0.808562
0.804498
0.800801
0.792687
0.761496
0.714
0.694926
0.693909
0.701313
0.708042
0.707743
0.701623
0.683464
0.665332
0.649112
0.634037
0.623945
0.620691
0.621343
0.628108
0.657644
0.777704
0.897712
0.949917
0.967316
0.972367
0.975723
0.980414
0.985677
0.9904
0.993945
0.996437
0.998039
0.998989
0.999513
0.999781
0.999908
0.999964
0.999986
0.999995
0.999998
0.999999
1
1
1
1
1
1
1
1
1
1
1
1
1
1
0.999999
0.999999
0.999996
0.999988
0.999975
0.999964
0.999955
0.999951
0.999951
0.999959
0.999978
0.999989
0.999995
0.999997
0.999998
0.999998
0.999999
0.999999
0.999999
1
1
1
1
1
1
1
1
1
1
1
1
1
1
1
1
1
1
1
1
1
0.999999
0.999996
0.999976
0.999841
0.999176
0.996699
0.987263
0.97315
0.967284
0.964688
0.961128
0.962068
0.971821
0.98342
0.988901
0.990283
0.989704
0.983376
0.962343
0.949626
0.945261
0.943512
0.944426
0.949279
0.958097
0.961668
0.962111
0.961609
0.959645
1
1
1
1
1
1
1
1
1
1
1
1
1
1
1
1
1
1
1
1
1
1
1
1
1
1
1
1
1
1
1
1
1
0.999998
0.999965
0.999458
0.994381
0.957791
0.864702
0.825434
0.824659
0.855138
0.906226
0.93368
0.94744
0.953251
0.953554
0.943162
0.864889
0.766493
0.755006
0.787467
0.803753
0.810729
0.81269
0.808776
0.804739
0.80151
0.794664
0.769819
0.718953
0.696255
0.692605
0.696701
0.704102
0.704398
0.700145
0.683571
0.66341
0.644785
0.629953
0.622032
0.620368
0.621784
0.632445
0.68858
0.830715
0.92
0.954956
0.963369
0.966303
0.971315
0.978073
0.984709
0.990137
0.994112
0.99673
0.998303
0.999173
0.99962
0.999835
0.999932
0.999974
0.99999
0.999997
0.999999
1
1
1
1
1
1
1
1
1
1
1
1
1
1
1
1
0.999999
0.999998
0.999992
0.999982
0.999976
0.999972
0.999971
0.999972
0.999978
0.999987
0.999993
0.999997
0.999998
0.999999
0.999999
0.999999
1
1
1
1
1
1
1
1
1
1
1
1
1
1
1
1
1
1
1
1
1
1
1
0.999999
0.999993
0.999963
0.999784
0.998975
0.995979
0.984498
0.971689
0.967122
0.960455
0.957114
0.957547
0.966558
0.981123
0.988337
0.990261
0.989846
0.983823
0.962102
0.948596
0.944266
0.943168
0.944524
0.950238
0.957615
0.961065
0.961317
0.960146
0.956409
1
1
1
1
1
1
1
1
1
1
1
1
1
1
1
1
1
1
1
1
1
1
1
1
1
1
1
1
1
1
1
1
1
1
0.999987
0.99976
0.99693
0.973095
0.881975
0.829264
0.823539
0.843382
0.897028
0.922549
0.93035
0.941017
0.949408
0.949407
0.932471
0.832332
0.756439
0.760953
0.79199
0.804463
0.80798
0.80753
0.804841
0.801846
0.795863
0.7766
0.72734
0.699087
0.692097
0.693436
0.700115
0.701481
0.698886
0.686348
0.664625
0.644506
0.629006
0.621797
0.620639
0.623041
0.639242
0.724853
0.859269
0.928777
0.951188
0.956783
0.961407
0.968153
0.976078
0.983687
0.989842
0.994183
0.996889
0.99844
0.999266
0.999676
0.999865
0.999947
0.99998
0.999993
0.999998
0.999999
1
1
1
1
1
1
1
1
1
1
1
1
1
1
1
1
1
0.999999
0.999996
0.999988
0.999983
0.999981
0.999981
0.999982
0.999988
0.999993
0.999996
0.999998
0.999999
0.999999
1
1
1
1
1
1
1
1
1
1
1
1
1
1
1
1
1
1
1
1
1
1
1
1
1
0.999998
0.99999
0.999946
0.999709
0.998725
0.995166
0.982019
0.971158
0.964987
0.958234
0.956463
0.95622
0.961166
0.977322
0.987337
0.99016
0.989993
0.984578
0.962665
0.947997
0.943778
0.943008
0.944635
0.949616
0.9543
0.957486
0.957466
0.95459
0.950587
1
1
1
1
1
1
1
1
1
1
1
1
1
1
1
1
1
1
1
1
1
1
1
1
1
1
1
1
1
1
1
1
1
1
0.999997
0.999931
0.998944
0.988434
0.919465
0.848008
0.835111
0.853887
0.901806
0.9236
0.9338
0.943669
0.950551
0.952007
0.950801
0.924994
0.811474
0.755702
0.76517
0.793202
0.802661
0.804164
0.803741
0.801665
0.797036
0.78269
0.737635
0.703257
0.692189
0.691907
0.696138
0.698234
0.696922
0.689703
0.669581
0.645331
0.628898
0.622111
0.621551
0.625219
0.647927
0.752574
0.868594
0.925199
0.944925
0.951407
0.956203
0.963594
0.973143
0.982379
0.989538
0.994241
0.997048
0.998578
0.999354
0.999723
0.999888
0.999957
0.999985
0.999995
0.999998
0.999999
1
1
1
1
1
1
1
1
1
1
1
1
1
1
1
1
1
1
0.999998
0.999993
0.999989
0.999987
0.999987
0.999988
0.999992
0.999996
0.999998
0.999999
0.999999
1
1
1
1
1
1
1
1
1
1
1
1
1
1
1
1
1
1
1
1
1
1
1
1
1
0.999999
0.999997
0.999984
0.999921
0.999613
0.998437
0.994161
0.980199
0.970518
0.962464
0.957548
0.95697
0.956009
0.957261
0.971398
0.985634
0.989926
0.990042
0.985821
0.964503
0.947771
0.943507
0.942914
0.943962
0.947331
0.949642
0.95103
0.950456
0.948728
0.947264
1
1
1
1
1
1
1
1
1
1
1
1
1
1
1
1
1
1
1
1
1
1
1
1
1
1
1
1
1
1
1
1
1
1
0.999999
0.999984
0.999712
0.996163
0.961193
0.878895
0.859043
0.873025
0.908978
0.929986
0.949162
0.962017
0.964868
0.965295
0.962568
0.955004
0.919374
0.800507
0.758573
0.766082
0.790542
0.798939
0.800371
0.799922
0.796868
0.786777
0.750002
0.709426
0.693292
0.689857
0.691475
0.693399
0.693093
0.688813
0.671547
0.644805
0.628272
0.62243
0.622202
0.626545
0.651292
0.755254
0.862996
0.917707
0.938139
0.943939
0.948709
0.957853
0.969804
0.981021
0.989354
0.994562
0.997445
0.998879
0.999535
0.999816
0.99993
0.999975
0.999991
0.999997
0.999999
1
1
1
1
1
1
1
1
1
1
1
1
1
1
1
1
1
1
1
0.999999
0.999997
0.999994
0.999992
0.999992
0.999992
0.999995
0.999997
0.999999
0.999999
1
1
1
1
1
1
1
1
1
1
1
1
1
1
1
1
1
1
1
1
1
1
1
1
1
1
0.999999
0.999995
0.999976
0.999886
0.999489
0.998104
0.993002
0.97925
0.969414
0.960318
0.958617
0.959309
0.956854
0.956048
0.965054
0.982948
0.989445
0.99006
0.986947
0.967059
0.947834
0.943442
0.9428
0.943508
0.94553
0.9466
0.947131
0.946921
0.94663
0.946506
1
1
1
1
1
1
1
1
1
1
1
1
1
1
1
1
1
1
1
1
1
1
1
1
1
1
1
1
1
1
1
1
1
1
1
0.999997
0.999947
0.999202
0.991127
0.932802
0.880771
0.880798
0.904407
0.928485
0.943586
0.947347
0.952628
0.965101
0.971708
0.970782
0.959527
0.904716
0.790858
0.759637
0.765403
0.787045
0.795074
0.796749
0.795536
0.789418
0.76091
0.7191
0.696691
0.689225
0.687377
0.687416
0.686892
0.684296
0.666412
0.640259
0.626784
0.622631
0.622656
0.626744
0.647567
0.740717
0.846737
0.904505
0.927228
0.933863
0.940172
0.952032
0.966841
0.980172
0.989365
0.994865
0.997723
0.999061
0.999635
0.999866
0.999953
0.999984
0.999995
0.999998
1
1
1
1
1
1
1
1
1
1
1
1
1
1
1
1
1
1
1
1
0.999999
0.999998
0.999997
0.999996
0.999996
0.999996
0.999997
0.999998
0.999999
1
1
1
1
1
1
1
1
1
1
1
1
1
1
1
1
1
1
1
1
1
1
1
1
1
1
1
0.999999
0.999992
0.999966
0.999843
0.999348
0.997744
0.991943
0.979004
0.967838
0.959912
0.96008
0.960341
0.958963
0.955903
0.959853
0.97849
0.988513
0.990038
0.987847
0.971609
0.949386
0.943472
0.942769
0.943108
0.944664
0.945419
0.945863
0.946304
0.946611
0.947198
1
1
1
1
1
1
1
1
1
1
1
1
1
1
1
1
1
1
1
1
1
1
1
1
1
1
1
1
1
1
1
1
1
1
1
1
0.999993
0.999885
0.998521
0.988399
0.936652
0.899348
0.900401
0.911662
0.916231
0.916747
0.922538
0.946993
0.969984
0.977187
0.975638
0.960997
0.893177
0.789318
0.760984
0.763315
0.777411
0.78974
0.791905
0.788713
0.773941
0.729667
0.701427
0.690057
0.685843
0.683493
0.680312
0.67204
0.652773
0.635612
0.626219
0.623492
0.623801
0.627345
0.641463
0.70839
0.815873
0.881578
0.909762
0.91935
0.929383
0.946289
0.96527
0.979879
0.989587
0.995113
0.997898
0.999163
0.999688
0.99989
0.999963
0.999988
0.999996
0.999999
1
1
1
1
1
1
1
1
1
1
1
1
1
1
1
1
1
1
1
1
1
0.999999
0.999998
0.999998
0.999998
0.999998
0.999999
0.999999
1
1
1
1
1
1
1
1
1
1
1
1
1
1
1
1
1
1
1
1
1
1
1
1
1
1
1
1
0.999998
0.999989
0.999952
0.999791
0.999189
0.997355
0.991187
0.978755
0.966294
0.960152
0.960452
0.960361
0.959623
0.956513
0.956639
0.972089
0.986824
0.989886
0.988481
0.976988
0.951864
0.943872
0.942774
0.942938
0.944172
0.945385
0.945932
0.946807
0.948015
0.949562
1
1
1
1
1
1
1
1
1
1
1
1
1
1
1
1
1
1
1
1
1
1
1
1
1
1
1
1
1
1
1
1
1
1
1
1
0.999999
0.999989
0.999837
0.998495
0.991289
0.96572
0.92883
0.920602
0.920388
0.921968
0.928678
0.950679
0.973283
0.984552
0.986292
0.982933
0.964161
0.897511
0.797051
0.766342
0.761509
0.766037
0.777795
0.782832
0.776301
0.751613
0.714292
0.693785
0.686479
0.683304
0.678269
0.666699
0.650001
0.635383
0.627747
0.626359
0.62679
0.629098
0.636251
0.663048
0.758079
0.837662
0.875846
0.896412
0.9186
0.943143
0.964645
0.980919
0.990871
0.996031
0.998417
0.999417
0.999798
0.999933
0.999979
0.999993
0.999998
0.999999
1
1
1
1
1
1
1
1
1
1
1
1
1
1
1
1
1
1
1
1
1
0.999999
0.999999
0.999999
0.999999
0.999999
0.999999
1
1
1
1
1
1
1
1
1
1
1
1
1
1
1
1
1
1
1
1
1
1
1
1
1
1
1
1
1
0.999997
0.999985
0.999936
0.999728
0.998992
0.996888
0.990631
0.978067
0.965417
0.960297
0.960144
0.959225
0.959298
0.958002
0.954602
0.964809
0.983938
0.989427
0.989161
0.982117
0.956667
0.944804
0.942899
0.942873
0.94385
0.945412
0.946356
0.947684
0.948836
0.949456
1
1
1
1
1
1
1
1
1
1
1
1
1
1
1
1
1
1
1
1
1
1
1
1
1
1
1
1
1
1
1
1
1
1
1
1
1
0.999999
0.99999
0.999888
0.999229
0.996318
0.98649
0.971721
0.968957
0.970387
0.975723
0.984159
0.990667
0.993991
0.994535
0.993778
0.989114
0.972029
0.923743
0.821666
0.775322
0.762145
0.760122
0.762121
0.763318
0.754655
0.728618
0.704953
0.691721
0.685228
0.67926
0.667807
0.652307
0.639164
0.632877
0.631822
0.63236
0.634546
0.640133
0.653132
0.708234
0.789365
0.845338
0.883341
0.913793
0.942864
0.96781
0.984442
0.993427
0.997538
0.999147
0.999713
0.999906
0.99997
0.999991
0.999997
0.999999
1
1
1
1
1
1
1
1
1
1
1
1
1
1
1
1
1
1
1
1
1
1
1
0.999999
0.999999
0.999999
0.999999
1
1
1
1
1
1
1
1
1
1
1
1
1
1
1
1
1
1
1
1
1
1
1
1
1
1
1
1
1
0.999999
0.999996
0.999981
0.999919
0.999657
0.998732
0.996317
0.989907
0.977534
0.965069
0.960509
0.95919
0.956692
0.957938
0.958891
0.953903
0.958186
0.978947
0.988298
0.989311
0.986003
0.965285
0.946818
0.943208
0.942873
0.943417
0.944984
0.946241
0.947187
0.94765
0.947095
1
1
1
1
1
1
1
1
1
1
1
1
1
1
1
1
1
1
1
1
1
1
1
1
1
1
1
1
1
1
1
1
1
1
1
1
1
1
1
0.999995
0.999961
0.999774
0.999003
0.996513
0.995379
0.995421
0.995785
0.996715
0.997745
0.998292
0.998353
0.998178
0.997187
0.993452
0.981819
0.95252
0.886692
0.812667
0.778568
0.764447
0.758719
0.749473
0.729165
0.710067
0.69721
0.689782
0.683341
0.673641
0.660447
0.648971
0.644148
0.644012
0.64575
0.653768
0.667376
0.692944
0.743666
0.798688
0.844093
0.882589
0.920135
0.953556
0.977345
0.990455
0.996401
0.998734
0.999574
0.999861
0.999956
0.999986
0.999996
0.999999
1
1
1
0.999999
0.999999
0.999998
0.999998
0.999998
0.999999
0.999999
0.999999
1
1
1
1
1
1
1
1
1
1
1
1
1
1
1
1
1
1
1
1
1
1
1
1
1
1
1
1
1
1
1
1
1
1
1
1
1
1
1
1
1
1
1
1
1
1
0.999999
0.999995
0.999977
0.999904
0.999584
0.998272
0.995397
0.98915
0.976424
0.964744
0.960875
0.95754
0.955222
0.956851
0.959571
0.953955
0.953038
0.971211
0.985788
0.989231
0.988004
0.977018
0.95155
0.944113
0.943042
0.943096
0.944027
0.944702
0.944905
0.944802
0.944111
1
1
1
1
1
1
1
1
1
1
1
1
1
1
1
1
1
1
1
1
1
1
1
1
1
1
1
1
1
1
1
1
1
1
1
1
1
1
1
1
0.999999
0.999992
0.99996
0.999825
0.99963
0.999542
0.999536
0.99955
0.999606
0.999643
0.99964
0.9996
0.999431
0.99881
0.996767
0.991076
0.976084
0.94815
0.90258
0.854873
0.809767
0.776577
0.748744
0.727966
0.713527
0.704722
0.698195
0.689955
0.681466
0.678027
0.67873
0.683905
0.710691
0.765729
0.801978
0.824531
0.843744
0.863197
0.88877
0.922153
0.955158
0.978351
0.990582
0.996232
0.998594
0.999505
0.999834
0.999947
0.999983
0.999995
0.999999
0.999999
1
0.999999
0.999998
0.999996
0.999994
0.999994
0.999994
0.999995
0.999996
0.999998
0.999998
0.999999
0.999999
1
1
1
1
1
1
1
1
1
1
1
1
1
1
1
1
1
1
1
1
1
1
1
1
1
1
1
1
1
1
1
1
1
1
1
1
1
1
1
1
1
1
1
0.999999
0.999999
0.999994
0.999974
0.999887
0.999477
0.997254
0.993971
0.988185
0.975095
0.964594
0.960921
0.956618
0.954656
0.956471
0.960289
0.954945
0.947727
0.961657
0.981102
0.988296
0.988794
0.984654
0.961803
0.946757
0.943578
0.943186
0.943388
0.943808
0.943933
0.943951
0.943855
1
1
1
1
1
1
1
1
1
1
1
1
1
1
1
1
1
1
1
1
1
1
1
1
1
1
1
1
1
1
1
1
1
1
1
1
1
1
1
1
1
1
0.999999
0.999996
0.999985
0.999972
0.999963
0.999958
0.999955
0.999953
0.999948
0.999938
0.999913
0.999837
0.999586
0.998835
0.996769
0.991802
0.981771
0.966388
0.948576
0.918472
0.886244
0.858611
0.837096
0.817636
0.807445
0.806956
0.80987
0.819368
0.83582
0.860618
0.888683
0.910816
0.924338
0.931044
0.934957
0.940711
0.955436
0.972802
0.985588
0.993203
0.997093
0.998857
0.999582
0.999856
0.999953
0.999986
0.999996
0.999999
0.999999
0.999999
0.999998
0.999996
0.999988
0.999977
0.999974
0.999975
0.999977
0.999984
0.999989
0.999993
0.999996
0.999997
0.999998
0.999999
0.999999
0.999999
0.999999
0.999999
0.999999
0.999999
0.999999
0.999999
0.999999
0.999999
0.999999
0.999999
0.999999
0.999999
0.999999
0.999999
1
1
1
1
1
1
1
1
1
1
1
1
1
1
1
1
1
1
1
1
1
1
1
1
0.999999
0.999999
0.999999
0.999997
0.999992
0.999967
0.999852
0.999227
0.995717
0.991747
0.986365
0.973892
0.964769
0.960634
0.955901
0.95442
0.956561
0.961057
0.956648
0.943905
0.95071
0.972949
0.985581
0.988872
0.98786
0.978608
0.953994
0.945681
0.943921
0.943667
0.943916
0.944267
0.944674
0.945461
1
1
1
1
1
1
1
1
1
1
1
1
1
1
1
1
1
1
1
1
1
1
1
1
1
1
1
1
1
1
1
1
1
1
1
1
1
1
1
1
1
1
1
1
1
0.999999
0.999998
0.999997
0.999997
0.999996
0.999995
0.999994
0.999991
0.999985
0.999964
0.9999
0.999713
0.99921
0.998099
0.995726
0.992306
0.986744
0.979515
0.972217
0.96576
0.95814
0.954229
0.954364
0.955704
0.959275
0.964757
0.970295
0.975051
0.978445
0.980611
0.981997
0.983417
0.986473
0.991049
0.994907
0.99745
0.998856
0.999533
0.999825
0.999939
0.99998
0.999994
0.999998
1
1
0.999999
0.999997
0.999987
0.999965
0.999924
0.999897
0.999897
0.999904
0.999921
0.999947
0.999968
0.999981
0.999989
0.999993
0.999996
0.999997
0.999997
0.999997
0.999997
0.999996
0.999996
0.999996
0.999996
0.999997
0.999998
0.999998
0.999998
0.999998
0.999997
0.999995
0.999995
0.999996
0.999998
0.999998
0.999999
0.999999
0.999999
1
1
1
1
1
1
1
1
1
1
1
1
1
1
1
1
0.999999
0.999999
0.999998
0.999998
0.999997
0.999996
0.999994
0.999986
0.999948
0.999753
0.998601
0.992966
0.988587
0.983745
0.972798
0.964972
0.959789
0.955277
0.954542
0.957619
0.962183
0.958227
0.943326
0.941121
0.959646
0.979591
0.987761
0.988821
0.986168
0.971866
0.953176
0.947623
0.946175
0.946028
0.947588
0.949913
0.954243
1
1
1
1
1
1
1
1
1
1
1
1
1
1
1
1
1
1
1
1
1
1
1
1
1
1
1
1
1
1
1
1
1
1
1
1
1
1
1
1
1
1
1
1
1
1
1
1
1
1
1
1
0.999999
0.999999
0.999997
0.999993
0.99998
0.999943
0.999852
0.999651
0.999223
0.99847
0.997508
0.996477
0.995455
0.994036
0.993247
0.993265
0.993508
0.994217
0.995012
0.995611
0.996096
0.996504
0.996784
0.997149
0.997805
0.998554
0.999174
0.999584
0.999813
0.999924
0.999972
0.99999
0.999997
0.999999
1
1
1
0.999999
0.999994
0.999971
0.999905
0.999789
0.999717
0.999698
0.999701
0.999717
0.99976
0.999846
0.999909
0.999947
0.99997
0.999982
0.999987
0.999988
0.999987
0.999983
0.999981
0.99998
0.99998
0.999982
0.999987
0.99999
0.999993
0.999994
0.999993
0.999989
0.999969
0.999959
0.999962
0.999972
0.999983
0.99999
0.999994
0.999996
0.999997
0.999998
0.999999
0.999999
0.999999
1
1
1
1
1
1
1
1
1
0.999999
0.999999
0.999998
0.999998
0.999997
0.999995
0.999993
0.999991
0.999989
0.999985
0.99997
0.999899
0.999505
0.997145
0.988764
0.984677
0.981036
0.972329
0.964774
0.958722
0.955086
0.955068
0.959236
0.96305
0.959488
0.943958
0.938083
0.94354
0.968151
0.984072
0.988793
0.988861
0.985123
0.972439
0.960418
0.95671
0.955975
0.961392
0.967393
0.973937
1
1
1
1
1
1
1
1
1
1
1
1
1
1
1
1
1
1
1
1
1
1
1
1
1
1
1
1
1
1
1
1
1
1
1
1
1
1
1
1
1
1
1
1
1
1
1
1
1
1
1
1
1
1
1
1
0.999999
0.999996
0.99999
0.999974
0.999937
0.999846
0.999745
0.999641
0.999515
0.999311
0.999193
0.999194
0.99923
0.999326
0.99941
0.99947
0.999533
0.999576
0.999634
0.999721
0.999815
0.999892
0.999944
0.999974
0.999989
0.999996
0.999999
1
1
1
1
1
1
0.999996
0.99996
0.999823
0.999608
0.999612
0.999628
0.999639
0.99964
0.999643
0.999656
0.999701
0.999806
0.999894
0.999944
0.999958
0.999957
0.999945
0.999915
0.999909
0.999911
0.999919
0.999935
0.999951
0.999964
0.999974
0.999981
0.999981
0.999973
0.999934
0.999809
0.999776
0.999796
0.999852
0.999913
0.999949
0.99997
0.999981
0.999988
0.999992
0.999994
0.999996
0.999997
0.999998
0.999998
0.999998
0.999998
0.999998
0.999998
0.999998
0.999998
0.999998
0.999998
0.999997
0.999994
0.999992
0.999991
0.999988
0.999982
0.999975
0.999971
0.999964
0.999937
0.999791
0.99896
0.994151
0.984299
0.980995
0.978717
0.972706
0.964729
0.95813
0.95548
0.956458
0.961845
0.963606
0.960622
0.945626
0.937802
0.936315
0.951695
0.975733
0.986852
0.989238
0.988813
0.985211
0.978484
0.975464
0.974874
0.979304
0.982406
0.984735
1
1
1
1
1
1
1
1
1
1
1
1
1
1
1
1
1
1
1
1
1
1
1
1
1
1
1
1
1
1
1
1
1
1
1
1
1
1
1
1
1
1
1
1
1
1
1
1
1
1
1
1
1
1
1
1
1
1
0.999999
0.999998
0.999996
0.999988
0.999979
0.999972
0.999961
0.999938
0.999926
0.999926
0.999931
0.999941
0.999949
0.999956
0.999963
0.999969
0.999976
0.999984
0.999991
0.999995
0.999998
0.999999
1
1
1
1
1
1
1
1
0.999999
0.999978
0.99979
0.999466
0.9995
0.999616
0.999708
0.999712
0.999685
0.999652
0.99965
0.999674
0.999782
0.999885
0.999901
0.999882
0.99981
0.999649
0.999617
0.99963
0.999667
0.999754
0.999824
0.999877
0.999913
0.999942
0.999957
0.999952
0.999886
0.999642
0.999265
0.999233
0.999293
0.999484
0.999702
0.99983
0.999901
0.999939
0.999959
0.999971
0.999979
0.999985
0.999989
0.999992
0.999993
0.999993
0.999994
0.999994
0.999995
0.999994
0.999994
0.999994
0.999992
0.999988
0.999981
0.999977
0.999975
0.99997
0.999957
0.999939
0.999931
0.999919
0.999866
0.999555
0.997815
0.989428
0.980511
0.978085
0.976775
0.973696
0.965311
0.958257
0.957169
0.960569
0.963541
0.963733
0.961175
0.948122
0.938724
0.93493
0.937325
0.960993
0.981113
0.98825
0.989511
0.989057
0.987036
0.985599
0.985306
0.987283
0.988238
0.988911
1
1
1
1
1
1
1
1
1
1
1
1
1
1
1
1
1
1
1
1
1
1
1
1
1
1
1
1
1
1
1
1
1
1
1
1
1
1
1
1
1
1
1
1
1
1
1
1
1
1
1
1
1
1
1
1
1
1
1
1
1
0.999999
0.999999
0.999998
0.999997
0.999996
0.999995
0.999995
0.999995
0.999996
0.999997
0.999998
0.999998
0.999999
0.999999
0.999999
1
1
1
1
1
1
1
1
1
1
1
0.999999
0.999996
0.9999
0.999361
0.999368
0.99964
0.999762
0.999778
0.999774
0.999725
0.999661
0.999657
0.999702
0.999841
0.999841
0.999723
0.9994
0.999196
0.999168
0.999186
0.999238
0.999307
0.99945
0.99964
0.999782
0.99986
0.999912
0.999924
0.999878
0.99952
0.99884
0.998825
0.998841
0.99888
0.999007
0.999318
0.999599
0.999769
0.999846
0.999885
0.99991
0.999931
0.999948
0.999961
0.99997
0.999974
0.999977
0.999981
0.999984
0.999984
0.999984
0.999983
0.999981
0.999976
0.999965
0.999954
0.999945
0.999938
0.999926
0.99989
0.999851
0.99984
0.999821
0.999705
0.998993
0.995372
0.983759
0.977091
0.975888
0.97527
0.973647
0.966692
0.960916
0.962012
0.965248
0.964097
0.962399
0.959976
0.95127
0.941684
0.935034
0.932387
0.942258
0.968689
0.983891
0.988791
0.98969
0.989579
0.989232
0.989139
0.989608
0.989804
0.989958
1
1
1
1
1
1
1
1
1
1
1
1
1
1
1
1
1
1
1
1
1
1
1
1
1
1
1
1
1
1
1
1
1
1
1
1
1
1
1
1
1
1
1
1
1
1
1
1
1
1
1
1
1
1
1
1
1
1
1
1
1
1
1
1
1
1
1
1
1
1
1
1
1
1
1
1
1
1
1
1
1
1
1
1
1
0.999999
0.999998
0.999996
0.999984
0.999589
0.999081
0.999458
0.999764
0.999782
0.999761
0.999727
0.999688
0.999668
0.999686
0.999831
0.999636
0.999343
0.999235
0.999008
0.998957
0.998985
0.999077
0.999157
0.999201
0.99927
0.999451
0.999652
0.999763
0.999855
0.999865
0.999625
0.998506
0.99854
0.998774
0.998823
0.998855
0.998976
0.999289
0.9995
0.999588
0.999626
0.999657
0.999697
0.999764
0.99983
0.999878
0.99991
0.999929
0.999941
0.999953
0.999959
0.999959
0.999958
0.999955
0.999948
0.999934
0.999917
0.999901
0.999865
0.999807
0.999736
0.999646
0.999597
0.999595
0.999574
0.999275
0.997458
0.990004
0.979054
0.974483
0.974002
0.973904
0.973259
0.969607
0.967103
0.967808
0.967181
0.960366
0.957321
0.957202
0.954562
0.947067
0.936876
0.930751
0.932405
0.948285
0.972637
0.984441
0.988465
0.989507
0.989687
0.989641
0.989674
0.989704
0.989691
1
1
1
1
1
1
1
1
1
1
1
1
1
1
1
1
1
1
1
1
1
1
1
1
1
1
1
1
1
1
1
1
1
1
1
1
1
1
1
1
1
1
1
1
1
1
1
1
1
1
1
1
1
1
1
1
1
1
1
1
1
1
1
1
1
1
1
1
1
1
1
1
1
1
1
1
1
1
1
1
1
1
1
1
0.999998
0.999991
0.999984
0.999983
0.999948
0.999138
0.998818
0.9995
0.999781
0.999781
0.999741
0.999716
0.999709
0.999751
0.999779
0.999726
0.999077
0.999227
0.999089
0.998896
0.99885
0.998909
0.998998
0.999058
0.999118
0.999241
0.999465
0.999633
0.999757
0.99985
0.999819
0.998727
0.997996
0.998458
0.998796
0.998865
0.999073
0.999105
0.999068
0.998895
0.998686
0.998689
0.998755
0.998924
0.999212
0.999487
0.999665
0.99977
0.999831
0.99987
0.999897
0.999907
0.999906
0.999902
0.999891
0.99987
0.999846
0.999797
0.999684
0.99937
0.998954
0.998773
0.998747
0.998777
0.99889
0.998848
0.997924
0.992573
0.982568
0.975395
0.972577
0.972404
0.97247
0.972322
0.970952
0.970144
0.969355
0.963564
0.950025
0.949821
0.953309
0.953239
0.949993
0.940863
0.930593
0.928182
0.933054
0.951031
0.971809
0.982039
0.98624
0.987656
0.987937
0.987527
0.987064
0.986619
1
1
1
1
1
1
1
1
1
1
1
1
1
1
1
1
1
1
1
1
1
1
1
1
1
1
1
1
1
1
1
1
1
1
1
1
1
1
1
1
1
1
1
1
1
1
1
1
1
1
1
1
1
1
1
1
1
1
1
1
1
1
1
1
1
1
1
1
1
1
1
1
1
1
1
1
1
1
1
1
1
1
1
0.999997
0.999977
0.999927
0.999924
0.999935
0.999825
0.998491
0.998478
0.999439
0.999749
0.999795
0.999792
0.999777
0.999763
0.999726
0.999561
0.999128
0.999183
0.999244
0.999033
0.998899
0.998882
0.99894
0.998995
0.999054
0.99913
0.999288
0.999524
0.999662
0.999811
0.999852
0.999523
0.997711
0.997511
0.998133
0.998488
0.998557
0.998166
0.998027
0.998105
0.997995
0.997876
0.997926
0.998042
0.998248
0.998592
0.998953
0.999265
0.9995
0.999638
0.999718
0.99977
0.999782
0.999779
0.999767
0.999731
0.999622
0.999416
0.998989
0.997865
0.995506
0.994715
0.994768
0.995055
0.995989
0.996628
0.996438
0.993372
0.982477
0.975375
0.972087
0.971196
0.97119
0.971104
0.970863
0.970626
0.970095
0.966436
0.948283
0.934653
0.936839
0.947702
0.950493
0.949291
0.944093
0.931588
0.924809
0.92639
0.93254
0.946468
0.963401
0.972048
0.975851
0.976889
0.974782
0.972337
0.971104
1
1
1
1
1
1
1
1
1
1
1
1
1
1
1
1
1
1
1
1
1
1
1
1
1
1
1
1
1
1
1
1
1
1
1
1
1
1
1
1
1
1
1
1
1
1
1
1
1
1
1
1
1
1
1
1
1
1
1
1
1
1
1
1
1
1
1
1
1
1
1
1
1
1
1
1
1
1
1
1
1
1
0.999998
0.999956
0.999727
0.999671
0.999751
0.999816
0.999264
0.997869
0.997912
0.998962
0.99959
0.99976
0.999791
0.999779
0.999709
0.999547
0.99902
0.998707
0.999167
0.999261
0.99926
0.999065
0.998992
0.998982
0.999038
0.999105
0.999227
0.999461
0.99966
0.999792
0.999847
0.999778
0.998804
0.996846
0.996583
0.997228
0.997641
0.997803
0.997897
0.997976
0.99803
0.997889
0.997846
0.997875
0.998012
0.998229
0.998576
0.998899
0.999153
0.99935
0.999504
0.999607
0.999642
0.999639
0.999614
0.999494
0.998956
0.997153
0.995335
0.992572
0.984798
0.979424
0.979351
0.980524
0.984367
0.988066
0.989295
0.988461
0.980231
0.970692
0.968578
0.968493
0.9695
0.970297
0.970345
0.970259
0.969991
0.967347
0.950861
0.92336
0.918378
0.922704
0.939078
0.945543
0.945636
0.944001
0.934554
0.920186
0.919106
0.92418
0.92995
0.937433
0.944133
0.947317
0.948175
0.945272
0.943262
0.942489
1
1
1
1
1
1
1
1
1
1
1
1
1
1
1
1
1
1
1
1
1
1
1
1
1
1
1
1
1
1
1
1
1
1
1
1
1
1
1
1
1
1
1
1
1
1
1
1
1
1
1
1
1
1
1
1
1
1
1
1
1
1
1
1
1
1
1
1
1
1
1
1
1
1
1
1
1
1
1
0.999999
0.999999
0.999999
0.999975
0.999511
0.998893
0.999049
0.999347
0.999277
0.998284
0.997722
0.997641
0.99814
0.999043
0.999441
0.99957
0.999594
0.999415
0.999015
0.99843
0.998271
0.998933
0.999217
0.999342
0.999352
0.999297
0.999265
0.999315
0.999429
0.999586
0.999715
0.999764
0.999733
0.999556
0.999103
0.997289
0.995947
0.995815
0.996411
0.997057
0.99737
0.997516
0.997855
0.998149
0.998171
0.998131
0.998131
0.998285
0.998484
0.998763
0.99899
0.999174
0.999312
0.999369
0.999361
0.999286
0.999062
0.998423
0.996086
0.988092
0.976817
0.971211
0.960322
0.940511
0.935687
0.937929
0.947623
0.96082
0.966732
0.968043
0.965714
0.956476
0.954453
0.95655
0.961505
0.965715
0.968193
0.968627
0.96827
0.965549
0.948041
0.921146
0.913111
0.913411
0.922928
0.9385
0.942748
0.942961
0.942475
0.937545
0.919255
0.905622
0.90984
0.918307
0.925823
0.931608
0.934371
0.935269
0.934795
0.933849
0.933621
1
1
1
1
1
1
1
1
1
1
1
1
1
1
1
1
1
1
1
1
1
1
1
1
1
1
1
1
1
1
1
1
1
1
1
1
1
1
1
1
1
1
1
1
1
1
1
1
1
1
1
1
1
1
1
1
1
1
1
1
1
1
1
1
1
1
1
1
1
1
1
1
1
1
1
1
1
1
0.999999
0.999995
0.999987
0.999974
0.999883
0.999476
0.998797
0.9986
0.998523
0.998318
0.998003
0.997759
0.99759
0.997488
0.9977
0.998222
0.998508
0.998609
0.998312
0.997692
0.997353
0.99729
0.998158
0.998626
0.999131
0.999361
0.999465
0.999505
0.999506
0.999529
0.999542
0.999445
0.999153
0.998517
0.997969
0.997254
0.996031
0.995358
0.99541
0.995859
0.996125
0.996294
0.996375
0.996773
0.997805
0.998213
0.998335
0.998377
0.998457
0.998595
0.998704
0.998768
0.998755
0.998533
0.997853
0.996588
0.994592
0.990393
0.981864
0.959798
0.92717
0.914439
0.902246
0.877466
0.868979
0.871761
0.887349
0.904506
0.913339
0.916062
0.916568
0.915329
0.915236
0.921466
0.932873
0.939794
0.94791
0.955691
0.955945
0.947954
0.92422
0.912994
0.911387
0.915078
0.920741
0.930163
0.936186
0.938639
0.940906
0.941176
0.938471
0.922751
0.89928
0.883013
0.880407
0.886864
0.895828
0.904857
0.909461
0.911397
0.912144
0.91225
1
1
1
1
1
1
1
1
1
1
1
1
1
1
1
1
1
1
1
1
1
1
1
1
1
1
1
1
1
1
1
1
1
1
1
1
1
1
1
1
1
1
1
1
1
1
1
1
1
1
1
1
1
1
1
1
1
1
1
1
1
1
1
1
1
1
1
1
1
1
1
1
1
1
1
1
1
1
1
0.999997
0.999975
0.999951
0.999899
0.99973
0.999022
0.99862
0.99846
0.998285
0.998194
0.998026
0.997647
0.997355
0.996909
0.996583
0.996444
0.996364
0.996282
0.996161
0.996127
0.996229
0.997629
0.997936
0.997967
0.99798
0.997979
0.997968
0.997879
0.997711
0.997273
0.99664
0.99593
0.995315
0.995071
0.994901
0.9946
0.994568
0.995063
0.995693
0.995789
0.995746
0.995704
0.995714
0.99577
0.995814
0.995951
0.996012
0.995991
0.995643
0.995057
0.994116
0.992387
0.988793
0.980992
0.970047
0.953629
0.93528
0.912239
0.881389
0.855
0.842907
0.8384
0.838437
0.843919
0.852359
0.859891
0.864656
0.867208
0.869168
0.871427
0.875636
0.883938
0.889043
0.891654
0.894767
0.901025
0.907439
0.902563
0.888264
0.891821
0.913057
0.921778
0.926358
0.929791
0.933543
0.937682
0.941839
0.943167
0.942536
0.938082
0.924053
0.901607
0.876407
0.851484
0.827009
0.809754
0.806305
0.807585
0.812981
0.814934
0.814567
0.718641
0.761886
0.786386
0.802168
0.814238
0.820006
0.821251
0.81897
0.8161
0.812031
0.804023
0.791044
0.768903
0.746226
0.717155
0.691327
0.661727
0.634318
0.602994
0.575231
0.540349
0.510443
0.46674
0.43806
0.385706
0.738127
0.784563
0.826649
0.847745
0.867201
0.884621
0.900377
0.914071
0.926003
0.933515
0.937348
0.941654
0.944443
0.945106
0.940841
0.936278
0.92829
0.924236
0.914567
0.909382
0.897242
0.893547
0.877813
0.86898
0.823722
0.823643
0.831233
0.864375
0.883507
0.893488
0.899858
0.905271
0.909516
0.911717
0.916486
0.927019
0.939467
0.949909
0.957416
0.96208
0.963724
0.961992
0.957305
0.953351
0.95151
0.951205
0.95173
0.952682
0.953438
0.947604
0.877051
0.868677
0.878694
0.892868
0.895758
0.895222
0.886953
0.877172
0.872641
0.873826
0.880629
0.897776
0.924689
0.947361
0.961419
0.969018
0.972319
0.971285
0.96482
0.959134
0.95708
0.957105
0.958677
0.96123
0.961275
0.916159
0.891943
0.890338
0.894308
0.89281
0.879868
0.868817
0.864637
0.864181
0.865161
0.866883
0.870645
0.882228
0.913452
0.944591
0.964229
0.974694
0.979342
0.979732
0.97473
0.965338
0.961017
0.960221
0.961395
0.963025
0.934314
0.910504
0.899212
0.896743
0.888766
0.871538
0.8644
0.863386
0.864155
0.865102
0.865889
0.866975
0.869571
0.87992
0.91238
0.9452
0.967097
0.979084
0.98412
0.984897
0.981926
0.973104
0.967513
0.965993
0.965321
0.941816
0.924782
0.908161
0.901004
0.887312
0.870261
0.864333
0.86469
0.867907
0.869371
0.868083
0.867224
0.867957
0.871133
0.885488
0.920874
0.951199
0.97192
0.983257
0.987797
0.98841
0.98645
0.97913
0.975676
0.971177
0.948188
0.934657
0.915998
0.906262
0.888171
0.870659
0.865759
0.869474
0.87777
0.879312
0.874722
0.869909
0.868454
0.869568
0.875796
0.900671
0.934682
0.960858
0.978216
0.98733
0.990686
0.990961
0.988875
0.985998
0.978987
0.955091
0.942117
0.923738
0.912113
0.890098
0.872293
0.870263
0.881933
0.894832
0.896123
0.886994
0.875845
0.870303
0.869787
0.872732
0.888309
0.922238
0.950698
0.971518
0.984519
0.990775
0.992836
0.992801
0.99185
0.986328
0.961041
0.94811
0.93122
0.916571
0.892189
0.877509
0.880567
0.901177
0.916729
0.918575
0.90617
0.886275
0.873956
0.870671
0.871924
0.882055
0.913366
0.94344
0.965778
0.980953
0.989597
0.993396
0.994378
0.994285
0.991082
0.966804
0.953517
0.938443
0.92001
0.895669
0.885734
0.892529
0.916423
0.928448
0.930549
0.925186
0.901837
0.880207
0.872125
0.871952
0.878278
0.905451
0.937983
0.961604
0.977917
0.98801
0.993214
0.995166
0.995445
0.993555
0.969333
0.959475
0.94532
0.923095
0.899441
0.892843
0.902891
0.924878
0.932159
0.933738
0.932534
0.919332
0.889619
0.874771
0.872361
0.875671
0.896554
0.932201
0.958036
0.975551
0.986599
0.992761
0.99545
0.996082
0.994755
0.970914
0.963323
0.9515
0.92641
0.90331
0.898725
0.910371
0.927505
0.931619
0.933775
0.934876
0.929921
0.902718
0.879271
0.873332
0.87493
0.888828
0.925383
0.954162
0.973337
0.985373
0.992266
0.995524
0.996475
0.99552
0.970956
0.965382
0.955777
0.931193
0.907609
0.903596
0.914733
0.927591
0.9276
0.929597
0.935349
0.934141
0.915936
0.885469
0.875012
0.875142
0.884585
0.918294
0.950112
0.971066
0.984171
0.991741
0.995501
0.996811
0.996207
0.968548
0.965502
0.958522
0.936373
0.911256
0.906828
0.916877
0.925538
0.917867
0.921023
0.934293
0.936042
0.925987
0.893036
0.877291
0.875817
0.882213
0.911752
0.946198
0.96889
0.983026
0.991227
0.995398
0.99699
0.996634
0.964836
0.964128
0.960091
0.942376
0.91515
0.909266
0.917753
0.919388
0.909245
0.911909
0.930895
0.937496
0.932076
0.902026
0.880252
0.876637
0.880738
0.905212
0.942056
0.9667
0.981928
0.99073
0.995253
0.997068
0.996902
0.962008
0.961837
0.959855
0.947581
0.918861
0.911798
0.917573
0.914429
0.904184
0.906013
0.925972
0.93852
0.936015
0.910897
0.883867
0.877707
0.880253
0.899505
0.93777
0.964397
0.980818
0.99025
0.995106
0.997104
0.99709
0.960143
0.960002
0.959129
0.951148
0.92377
0.913889
0.916011
0.91158
0.901849
0.903064
0.921416
0.939167
0.938836
0.919018
0.887934
0.879024
0.880321
0.895107
0.933412
0.962073
0.979712
0.989786
0.994973
0.997156
0.997295
0.958847
0.958592
0.95799
0.952898
0.928635
0.915485
0.914945
0.909359
0.900562
0.901652
0.91822
0.93965
0.941155
0.926214
0.892263
0.880503
0.880733
0.891844
0.928463
0.959587
0.978567
0.989329
0.994859
0.997231
0.997529
0.95815
0.957655
0.957076
0.953651
0.934013
0.917705
0.914768
0.906417
0.899892
0.901125
0.916606
0.940139
0.943342
0.931953
0.897019
0.882172
0.881436
0.889816
0.923605
0.956997
0.977352
0.988842
0.994741
0.997318
0.997787
0.957264
0.956975
0.956374
0.953927
0.937868
0.92066
0.91489
0.904725
0.899849
0.901153
0.915969
0.940836
0.94547
0.936553
0.902049
0.884078
0.882299
0.888754
0.919383
0.95454
0.976167
0.988354
0.994609
0.997394
0.998041
0.956331
0.956297
0.955853
0.953977
0.942414
0.923595
0.915203
0.904543
0.900185
0.901806
0.9168
0.941967
0.947509
0.940359
0.907003
0.886143
0.883262
0.888316
0.91568
0.952226
0.975038
0.987881
0.994469
0.997448
0.998276
0.955465
0.955644
0.955377
0.953915
0.945198
0.927687
0.916052
0.904713
0.901098
0.903062
0.918839
0.943516
0.949453
0.943588
0.911726
0.888343
0.884354
0.88835
0.912657
0.950154
0.97401
0.987441
0.994326
0.997477
0.998483
0.954647
0.955002
0.954838
0.95376
0.947876
0.931706
0.917524
0.90541
0.90238
0.904868
0.922082
0.945482
0.951323
0.946381
0.916156
0.890664
0.885586
0.888734
0.91033
0.948451
0.973173
0.987082
0.994204
0.997486
0.998656
0.95409
0.954467
0.954368
0.953527
0.949537
0.93561
0.920229
0.906854
0.90424
0.907624
0.926402
0.947715
0.953148
0.94892
0.920462
0.893117
0.886923
0.889384
0.908553
0.947082
0.972526
0.986835
0.994125
0.997491
0.9988
0.953862
0.954116
0.953991
0.953227
0.950394
0.941141
0.922632
0.908533
0.907165
0.911778
0.931365
0.949986
0.954857
0.951233
0.924708
0.895686
0.888334
0.890231
0.907323
0.946068
0.972136
0.986715
0.994093
0.997493
0.998912
0.953838
0.953964
0.953736
0.952927
0.950807
0.944595
0.926894
0.911982
0.91178
0.917519
0.936381
0.952188
0.956456
0.953324
0.928776
0.89831
0.889798
0.891217
0.906647
0.945313
0.971967
0.986678
0.994096
0.997502
0.998998
0.954044
0.953983
0.953397
0.952529
0.950822
0.946726
0.932457
0.918624
0.919067
0.924988
0.941335
0.954473
0.958122
0.955424
0.932991
0.901191
0.891431
0.892397
0.906493
0.944867
0.971944
0.986782
0.99418
0.997538
0.999073
0.954652
0.954143
0.95279
0.951856
0.95063
0.947902
0.937418
0.926615
0.927375
0.932576
0.945841
0.956703
0.959764
0.957409
0.937027
0.904179
0.893221
0.893786
0.906685
0.944672
0.972264
0.987082
0.994355
0.997609
0.999135
0.956306
0.954428
0.952298
0.951049
0.95016
0.948267
0.940601
0.933691
0.934603
0.938805
0.94958
0.958746
0.961276
0.959167
0.940579
0.906986
0.895014
0.895287
0.907376
0.94501
0.972838
0.98752
0.994605
0.997716
0.999191
0.957408
0.954406
0.951763
0.950182
0.949389
0.948125
0.942786
0.939233
0.940012
0.943573
0.95293
0.960522
0.962584
0.960651
0.943532
0.909484
0.896748
0.89681
0.908409
0.945721
0.973548
0.988006
0.994881
0.997841
0.999239
0.957485
0.953988
0.951
0.949361
0.948641
0.947769
0.944351
0.942733
0.943545
0.947971
0.955761
0.962055
0.963797
0.96199
0.945941
0.911653
0.898461
0.898415
0.909814
0.946856
0.974371
0.988486
0.995105
0.997907
0.99926
0.957042
0.952902
0.949965
0.948515
0.947957
0.947367
0.945255
0.944829
0.947459
0.951962
0.95775
0.963381
0.965026
0.963297
0.947778
0.913425
0.900114
0.900058
0.911501
0.948291
0.975203
0.988847
0.995207
0.997917
0.999256
0.955346
0.950985
0.948565
0.947619
0.947441
0.947235
0.946404
0.947806
0.952169
0.954884
0.959011
0.96464
0.966382
0.964653
0.948991
0.914783
0.901771
0.901803
0.913523
0.950039
0.976034
0.9891
0.995236
0.997832
0.999195
0.951445
0.948544
0.947252
0.947063
0.947322
0.947566
0.949076
0.952453
0.955038
0.95656
0.959891
0.966168
0.968025
0.966164
0.949646
0.915835
0.903449
0.903646
0.915849
0.952039
0.976897
0.989284
0.995131
0.997626
0.999077
0.948037
0.9469
0.94673
0.947046
0.947895
0.950255
0.953252
0.955131
0.956044
0.957148
0.961124
0.968267
0.970071
0.967922
0.949861
0.916685
0.905147
0.905592
0.918535
0.954311
0.977821
0.989417
0.994937
0.99735
0.998923
0.946591
0.946543
0.946923
0.948339
0.951536
0.953958
0.955088
0.955583
0.95595
0.957095
0.963542
0.971057
0.972483
0.969825
0.949638
0.917316
0.906869
0.907658
0.921635
0.956772
0.978799
0.989595
0.994785
0.997074
0.998756
0.946637
0.947332
0.949549
0.952356
0.95393
0.954651
0.954875
0.95445
0.954196
0.957197
0.967837
0.974257
0.975045
0.971538
0.948409
0.917633
0.908664
0.909909
0.925262
0.959405
0.979888
0.989876
0.994769
0.996943
0.998642
0.948894
0.95069
0.952148
0.953107
0.953555
0.953116
0.951477
0.950519
0.952528
0.961038
0.97275
0.977465
0.977611
0.972728
0.945962
0.91781
0.910589
0.912392
0.92948
0.962182
0.981096
0.990253
0.994831
0.99692
0.998605
0.95057
0.951219
0.951611
0.950961
0.949191
0.94759
0.947293
0.948989
0.954501
0.968583
0.977705
0.98061
0.980148
0.973086
0.942635
0.918056
0.912676
0.915165
0.934291
0.965223
0.982434
0.990718
0.994955
0.996941
0.998602
0.949606
0.948779
0.947048
0.94548
0.944875
0.945178
0.946728
0.950868
0.963936
0.976466
0.98238
0.983666
0.982371
0.972027
0.938631
0.918526
0.914934
0.918306
0.939795
0.968518
0.983875
0.991262
0.995143
0.99702
0.998631
0.945249
0.944372
0.943804
0.943733
0.944263
0.945669
0.949831
0.962139
0.975737
0.983239
0.986088
0.986223
0.983547
0.968127
0.935046
0.91938
0.917346
0.921975
0.94614
0.972044
0.985409
0.991911
0.995441
0.997206
0.99872
0.943549
0.943443
0.943595
0.944239
0.946214
0.951673
0.964282
0.976674
0.984039
0.987494
0.988315
0.987684
0.983204
0.962176
0.932518
0.920491
0.919728
0.92634
0.953197
0.9756
0.986939
0.992637
0.995845
0.997493
0.998865
0.943874
0.944357
0.94578
0.949252
0.957363
0.969496
0.979117
0.985184
0.988335
0.989393
0.989317
0.987857
0.981207
0.955799
0.930422
0.921606
0.921877
0.931855
0.960461
0.978914
0.988123
0.993002
0.996034
0.997701
0.999004
0.947746
0.950698
0.957112
0.966578
0.975776
0.982356
0.986646
0.988996
0.989907
0.989968
0.989424
0.987117
0.977448
0.949368
0.928452
0.922504
0.924072
0.939604
0.967035
0.981498
0.988666
0.993037
0.996
0.99772
0.999044
0.96352
0.969361
0.976046
0.981395
0.985432
0.988073
0.989548
0.990152
0.990216
0.989958
0.988897
0.985135
0.970938
0.942706
0.926328
0.923168
0.926991
0.949333
0.972536
0.982901
0.988348
0.992261
0.995408
0.997399
0.998926
0.980429
0.98288
0.98567
0.98777
0.989162
0.989943
0.990258
0.990286
0.990121
0.989438
0.987351
0.981139
0.960389
0.935409
0.924319
0.923804
0.932447
0.959729
0.975615
0.982613
0.986085
0.989596
0.993385
0.996034
0.998285
0.987702
0.988309
0.989236
0.989828
0.990151
0.99027
0.990264
0.990098
0.989511
0.987953
0.983992
0.972011
0.946331
0.92822
0.922974
0.925213
0.944139
0.965841
0.975276
0.978534
0.980154
0.982582
0.987695
0.991959
0.996149
0.989883
0.989928
0.990114
0.990196
0.990213
0.990151
0.989899
0.989249
0.987749
0.984267
0.975121
0.952942
0.932771
0.923094
0.922497
0.930973
0.955656
0.966507
0.966627
0.965416
0.965888
0.967772
0.974178
0.982088
0.990336
0.990089
0.990082
0.990091
0.990014
0.989799
0.989325
0.988393
0.986477
0.982296
0.972117
0.952185
0.933971
0.923338
0.921029
0.924406
0.945063
0.957428
0.95558
0.942826
0.93504
0.935397
0.93872
0.950386
0.962778
0.976913
0.989426
0.989335
0.989077
0.988472
0.98746
0.98568
0.982434
0.975833
0.962311
0.94464
0.930738
0.922454
0.920168
0.921875
0.938363
0.950622
0.946166
0.918062
0.885695
0.879677
0.881797
0.890391
0.912585
0.9292
0.949585
0.984445
0.984372
0.983267
0.980789
0.976909
0.970175
0.959468
0.946251
0.934465
0.92598
0.921356
0.920199
0.921603
0.93556
0.947123
0.939908
0.894177
0.81952
0.795234
0.795551
0.803382
0.827398
0.857432
0.876504
0.900035
0.962264
0.962944
0.959748
0.953616
0.946614
0.939183
0.932843
0.927591
0.9241
0.922254
0.92195
0.924511
0.939027
0.94657
0.936016
0.871927
0.742693
0.688793
0.684348
0.692152
0.720054
0.754284
0.783064
0.800706
0.821056
0.937014
0.937346
0.93573
0.933125
0.930789
0.928794
0.927397
0.926847
0.927464
0.930064
0.935924
0.941839
0.941798
0.924488
0.835477
0.657728
0.578068
0.567892
0.576756
0.608854
0.643881
0.670585
0.691275
0.703233
0.716148
0.931064
0.93102
0.930475
0.929512
0.928773
0.928201
0.927839
0.927507
0.927038
0.926639
0.923949
0.912957
0.873892
0.731915
0.568059
0.49524
0.482991
0.491075
0.519646
0.54755
0.568799
0.583868
0.594617
0.600413
0.605974
0.906472
0.906242
0.905636
0.901336
0.896669
0.89015
0.881509
0.870061
0.854114
0.826967
0.772463
0.677398
0.565302
0.482765
0.446062
0.440613
0.44754
0.466076
0.483332
0.496483
0.505991
0.512089
0.515886
0.517656
0.518509
0.797459
0.788537
0.779516
0.757011
0.73386
0.705545
0.672166
0.632714
0.586267
0.534481
0.484318
0.444694
0.422091
0.416083
0.420543
0.432161
0.443933
0.454399
0.462251
0.467769
0.471281
0.473332
0.474103
0.474176
0.472968
)
;

boundaryField
{
    inlet
    {
        type            fixedValue;
        value           uniform 1;
    }
    outlet
    {
        type            inletOutlet;
        inletValue      uniform 0;
        value           nonuniform List<scalar> 
57
(
0.385706
0.823722
0.947604
0.961275
0.963025
0.965321
0.971177
0.978987
0.986328
0.991082
0.993555
0.994755
0.99552
0.996207
0.996634
0.996902
0.99709
0.997295
0.997529
0.997787
0.998041
0.998276
0.998483
0.998656
0.9988
0.998912
0.998998
0.999073
0.999135
0.999191
0.999239
0.99926
0.999256
0.999195
0.999077
0.998923
0.998756
0.998642
0.998605
0.998602
0.998631
0.99872
0.998865
0.999004
0.999044
0.998926
0.998285
0.996149
0.990336
0.976913
0.949585
0.900035
0.821056
0.716148
0.605974
0.518509
0.472968
)
;
    }
    upperWall
    {
        type            zeroGradient;
    }
    lowerWall
    {
        type            zeroGradient;
    }
    frontAndBack
    {
        type            empty;
    }
}


// ************************************************************************* //
