/*--------------------------------*- C++ -*----------------------------------*\
  =========                 |
  \\      /  F ield         | OpenFOAM: The Open Source CFD Toolbox
   \\    /   O peration     | Website:  https://openfoam.org
    \\  /    A nd           | Version:  9
     \\/     M anipulation  |
\*---------------------------------------------------------------------------*/
FoamFile
{
    format      ascii;
    class       volScalarField;
    location    "0.064";
    object      nut;
}
// * * * * * * * * * * * * * * * * * * * * * * * * * * * * * * * * * * * * * //

dimensions      [0 2 -1 0 0 0 0];

internalField   nonuniform List<scalar> 
12225
(
0
0
0
0
0
0
0
0
0
0
0
0
0
0
0
0
0
0
0
0
0
0
0
0
0
0
0
0
0
0
0
0
0
0
0
0
0
0
0
0
1.63014e-10
4.00061e-10
3.42411e-10
0
0
0
0
0
0
0
0
0
0
0
0
0
0
3.63678e-09
9.49263e-09
1.3122e-08
1.11821e-08
4.89569e-09
0
0
0
0
0
0
0
0
0
0
0
5.24191e-07
7.63629e-08
0
0
0
6.9746e-07
1.40115e-06
1.76008e-06
1.664e-06
0
0
0
0
0
1.60375e-09
3.2863e-09
0
0
3.58771e-07
3.09402e-07
0
0
0
0
1.96711e-06
2.06957e-06
1.72893e-06
1.27388e-07
0
0
0
1.00453e-07
1.41612e-07
1.32326e-07
4.52795e-08
0
0
1.80033e-07
0
0
0
0
8.95098e-07
1.56943e-06
1.75043e-06
1.70481e-06
7.56857e-07
3.79862e-07
2.67639e-07
2.18438e-07
2.05891e-07
1.83771e-07
6.57125e-08
0
0
8.89044e-08
5.53146e-08
0
0
0
2.11903e-07
4.77435e-07
7.84126e-07
1.67618e-06
1.637e-06
1.38179e-06
1.13281e-06
8.70907e-07
6.365e-07
4.00679e-07
1.65097e-07
0
0
5.14889e-07
8.69083e-07
5.04634e-07
1.12271e-07
4.49837e-08
1.07673e-08
0
0
1.93211e-07
9.66009e-07
1.21345e-06
1.10866e-06
8.50059e-07
5.5314e-07
3.10915e-07
1.82452e-07
6.39405e-07
2.56919e-07
1.66692e-06
1.45291e-06
9.73505e-07
4.60331e-07
0
0
0
0
0
1.67027e-07
5.72953e-07
6.29951e-07
4.58638e-07
2.44587e-07
8.59876e-08
2.51119e-09
9.34855e-07
2.80827e-07
1.27005e-06
1.5606e-06
1.02238e-06
4.17615e-07
2.96851e-08
0
0
0
1.47914e-07
3.47863e-07
0
0
1.47345e-07
3.69548e-07
2.4493e-07
7.05086e-08
6.6685e-07
3.1461e-07
6.99961e-07
6.09352e-07
4.93491e-07
2.28836e-07
2.2477e-08
0
0
0
7.01184e-07
1.77372e-06
0
0
0
1.04147e-07
4.54046e-07
4.77815e-07
0
0
2.86048e-07
3.57077e-07
3.22515e-07
1.71458e-07
3.16747e-09
0
0
2.34904e-07
9.53754e-07
1.83491e-06
1.46877e-06
0
0
2.40613e-07
7.33111e-07
1.25648e-06
0
0
2.55251e-09
2.32818e-07
0
2.63728e-07
0
0
0
3.8104e-07
1.23513e-06
2.21205e-06
2.11165e-06
0
0
2.65036e-07
7.97405e-07
1.26432e-06
5.21157e-08
0
0
1.07481e-07
0
5.03597e-07
0
0
0
5.83924e-07
1.87676e-06
2.15402e-06
1.13093e-06
0
0
2.69285e-08
6.69015e-07
1.06498e-06
7.45732e-07
5.98566e-07
3.01123e-07
2.09887e-07
5.86646e-07
9.35577e-07
5.58892e-07
0
0
0
3.53953e-07
1.07857e-06
1.40926e-06
1.20919e-06
7.77917e-07
3.41123e-07
1.49472e-07
4.05896e-07
6.72786e-07
6.8624e-07
1.26085e-07
0
1.19132e-07
8.87101e-07
2.84288e-07
0
0
0
0
7.35396e-08
1.39451e-06
1.81644e-06
1.49431e-06
1.0214e-06
2.54526e-07
0
0
0
0
0
0
0
0
0
0
2.23071e-07
1.92433e-07
1.22364e-07
1.2682e-07
2.22882e-07
2.37642e-07
9.84584e-08
0
0
0
0
0
0
0
0
0
0
0
0
3.21446e-07
4.14363e-07
3.77796e-07
2.92993e-07
1.95947e-07
1.25775e-07
8.95497e-08
6.27949e-08
0
0
0
0
0
0
0
0
0
0
1.3266e-06
1.09094e-06
7.52106e-07
4.96552e-07
2.90519e-07
9.97711e-08
0
0
0
0
1.2009e-07
0
0
0
2.18972e-07
0
0
0
1.59969e-06
1.39143e-06
9.89057e-07
5.52e-07
9.68749e-08
0
0
0
0
7.01709e-07
9.86239e-07
0
0
0
0
0
0
0
1.78608e-06
1.3041e-06
8.17792e-07
2.80766e-07
0
0
0
0
0
2.24799e-07
1.80969e-06
1.74505e-06
1.26369e-06
0
0
0
0
0
1.97808e-07
6.99323e-07
6.58831e-07
3.27329e-07
9.86212e-09
0
0
4.22249e-09
0
0
1.23769e-06
1.65678e-06
1.16515e-06
0
0
0
0
0
0
0
0
0
7.3693e-08
1.47746e-07
1.32582e-07
1.45298e-07
0
0
1.89259e-07
2.46119e-07
4.04826e-08
0
0
0
0
0
0
0
0
0
0
1.82134e-07
0
0
0
0
0
0
0
0
0
0
0
3.15649e-07
1.31604e-06
1.75e-06
1.42603e-06
0
0
0
0
0
5.83703e-08
0
0
3.03479e-10
6.18406e-09
9.76195e-09
1.34147e-08
2.2266e-08
3.52883e-08
4.18775e-08
3.53063e-08
2.00239e-08
6.22974e-09
0
0
0
0
0
1.78673e-09
0
0
0
0
0
1.73647e-10
6.69129e-10
9.23919e-10
8.00914e-10
3.51664e-10
0
0
0
0
0
0
0
1.32276e-09
0
0
0
0
0
0
0
0
0
0
0
0
0
0
0
0
0
2.90883e-09
0
0
0
0
0
0
0
0
0
0
0
0
0
0
0
0
0
0
0
0
1.49007e-07
3.84088e-06
4.02616e-06
2.07129e-06
0
0
0
0
0
0
0
0
0
1.41574e-07
5.32495e-07
7.54985e-07
8.8839e-07
8.85236e-07
3.48607e-07
0
0
0
0
0
1.13153e-06
1.81882e-06
1.62599e-06
3.31948e-06
1.09626e-05
2.38974e-05
3.4933e-05
3.96934e-05
3.69689e-05
2.16941e-05
5.35244e-06
0
0
0
0
0
2.1627e-06
3.79709e-06
4.20819e-06
3.7876e-06
3.00361e-06
2.31082e-06
1.85577e-06
1.49246e-06
1.1375e-06
8.0715e-07
5.14641e-07
2.54318e-07
2.27105e-08
0
0
0
0
0
0
0
0
0
0
0
0
0
0
0
0
0
0
0
0
9.22317e-07
3.87828e-06
6.56526e-06
8.4713e-06
1.27231e-05
2.83729e-05
3.14307e-05
0
0
0
0
1.25082e-06
8.49838e-07
6.29719e-07
5.92731e-07
4.54603e-07
3.45924e-07
2.22141e-07
1.26425e-07
3.83593e-08
0
0
0
0
0
0
0
0
0
0
0
0
0
0
0
0
0
0
0
0
0
0
0
0
0
0
0
0
0
3.23113e-07
3.47869e-07
1.93557e-07
5.00938e-08
0
0
0
0
0
0
0
0
0
0
0
0
0
0
0
0
0
0
0
0
0
0
0
0
0
0
0
0
0
2.07627e-07
0
0
2.93227e-07
9.66626e-07
1.35787e-06
9.62895e-07
0
0
0
0
0
0
0
8.72088e-08
6.97141e-07
2.21573e-06
5.37635e-06
7.18023e-06
0
0
0
2.20472e-05
7.54363e-06
3.46722e-06
4.12485e-06
6.27208e-06
6.52483e-06
4.27211e-06
9.66842e-07
0
0
0
0
0
0
0
0
4.4427e-07
1.08301e-06
1.48376e-06
1.79609e-06
2.11553e-06
2.26365e-06
1.75802e-06
8.82873e-07
1.05679e-06
1.50465e-06
1.43851e-06
1.77652e-06
4.25246e-06
6.28622e-06
1.09181e-05
1.76305e-05
1.81233e-05
1.60659e-05
1.15002e-05
4.69562e-06
0
0
0
0
0
0
0
0
1.63388e-06
2.53626e-06
2.30039e-06
1.89342e-06
1.4693e-06
1.08494e-06
8.21729e-07
5.96475e-07
4.13473e-07
2.55308e-07
1.15097e-07
0
0
0
0
0
0
0
0
0
0
0
0
0
0
8.72066e-07
2.11936e-06
0
0
0
0
0
3.43766e-06
1.0836e-05
1.46146e-05
1.33913e-05
1.17542e-05
1.05572e-05
0
0
0
0
0
1.80949e-06
9.77013e-07
7.39549e-07
7.33978e-07
6.09905e-07
4.90648e-07
3.42197e-07
2.05756e-07
6.26986e-08
0
0
0
0
0
0
0
0
0
0
0
0
0
0
0
0
0
0
0
0
0
0
0
0
0
0
0
0
0
2.05866e-07
4.45e-07
4.10688e-07
2.63039e-07
1.16401e-07
1.38579e-08
0
0
0
0
0
0
0
0
0
0
0
0
0
0
0
0
0
0
0
0
0
0
0
0
0
0
0
3.74144e-07
0
0
0
0
0
4.64706e-08
8.75862e-08
2.14888e-07
2.60339e-07
0
0
0
1.21467e-07
5.54496e-07
1.11434e-06
2.06618e-06
3.15296e-06
2.56125e-06
0
0
0
1.17305e-05
1.18336e-05
7.07268e-06
5.56662e-06
6.74091e-06
6.44091e-06
2.75204e-06
0
0
0
0
0
0
0
0
0
2.20902e-06
7.3978e-06
1.12263e-05
1.28649e-05
1.28934e-05
1.24606e-05
1.00488e-05
7.28984e-06
4.98044e-06
2.71132e-06
2.3689e-07
0
0
0
0
0
0
0
0
0
0
0
0
0
0
0
0
0
0
0
0
4.19212e-07
6.27865e-07
5.62579e-07
4.5069e-07
3.25487e-07
2.10384e-07
1.05642e-07
4.33416e-09
0
0
0
0
0
0
0
0
0
0
0
0
3.0322e-07
1.39014e-06
1.91239e-06
1.06122e-06
0
0
0
0
0
6.35931e-06
1.79768e-05
1.35149e-05
8.71533e-06
5.52604e-06
0
0
0
0
0
1.33376e-06
3.42694e-06
2.12083e-06
2.54684e-06
2.76325e-06
2.39743e-06
1.93535e-06
1.34648e-06
7.98257e-07
2.39587e-07
0
0
0
0
0
0
0
0
0
0
0
0
0
0
0
0
0
0
0
0
0
0
0
0
0
0
0
0
0
0
0
1.78596e-07
3.57848e-07
3.56001e-07
2.35589e-07
1.1323e-07
4.85122e-08
3.92848e-08
5.97828e-08
8.73755e-08
1.09571e-07
1.21848e-07
1.23856e-07
1.17008e-07
1.02743e-07
8.01273e-08
5.07081e-08
1.80821e-08
0
0
0
0
0
0
0
0
0
0
0
0
0
5.70922e-09
7.01293e-07
0
0
0
0
0
0
0
0
1.40006e-07
1.65457e-07
6.02847e-08
7.96137e-08
3.65329e-07
7.54568e-07
1.10965e-06
1.39301e-06
1.50923e-06
1.18979e-06
0
0
0
5.92882e-06
7.28821e-06
6.04891e-06
5.69673e-06
4.41218e-06
0
0
0
0
0
0
0
0
0
0
0
0
1.58491e-06
5.61738e-06
8.26799e-06
7.4938e-06
4.86073e-06
1.65318e-06
0
0
0
0
0
0
0
0
0
0
0
0
0
0
0
0
0
0
0
0
0
0
0
0
0
0
0
0
0
1.73019e-07
1.61671e-07
1.66994e-08
0
0
8.76067e-08
3.0022e-07
5.21808e-07
7.29686e-07
9.23303e-07
1.10849e-06
1.28119e-06
1.44062e-06
1.59395e-06
1.73162e-06
1.82494e-06
1.76219e-06
1.07898e-06
0
0
0
0
0
0
0
2.53266e-06
5.06485e-06
3.74105e-06
2.30946e-06
0
0
0
1.75461e-07
9.50164e-08
3.28411e-06
5.40957e-06
3.29076e-06
3.56156e-06
2.26053e-06
1.71069e-06
9.62909e-07
2.94782e-07
0
0
0
0
0
0
0
0
0
0
0
0
0
0
0
0
0
0
0
0
0
0
0
0
0
0
0
0
0
0
0
0
0
0
0
0
0
0
0
0
0
0
0
0
0
0
0
0
0
0
0
0
0
0
0
0
0
0
0
0
1.21644e-08
7.58765e-07
3.89195e-08
1.90829e-07
1.69947e-06
0
0
0
0
0
0
0
0
1.90859e-07
2.04784e-07
1.57528e-07
2.77318e-07
6.97606e-07
1.23969e-06
1.46357e-06
1.09998e-06
0
0
1.0615e-06
8.17471e-07
0
6.24625e-07
1.2801e-06
2.77571e-06
6.41568e-06
0
0
0
0
0
0
0
0
0
0
0
0
0
0
0
4.06846e-06
3.68168e-06
0
0
0
0
0
0
0
0
0
0
0
0
0
0
0
0
0
0
0
0
0
0
0
0
0
0
0
0
2.24992e-10
3.62886e-07
7.4041e-07
1.036e-06
1.0305e-06
6.8959e-07
2.66311e-07
0
0
3.29452e-08
3.66459e-07
7.30164e-07
1.06139e-06
1.3271e-06
1.52715e-06
1.69507e-06
1.8297e-06
1.9139e-06
1.88978e-06
1.69811e-06
9.11208e-07
0
0
0
0
0
0
0
0
7.5852e-07
2.68362e-06
1.80342e-06
0
0
0
0
0
1.44478e-06
2.26064e-06
1.09258e-06
6.9556e-07
0
0
0
0
0
0
6.29776e-08
5.40905e-07
7.61596e-07
7.81364e-07
6.8455e-07
5.17506e-07
3.33469e-07
1.68446e-07
4.26857e-08
0
0
0
0
0
0
0
0
0
0
0
0
0
0
0
0
0
0
0
0
0
0
0
0
0
0
0
0
0
0
0
0
0
0
0
0
0
0
0
0
0
0
0
0
0
0
0
0
0
3.93896e-07
1.21447e-06
1.48164e-06
1.5666e-06
2.78891e-06
1.7497e-06
0
0
0
0
0
0
4.5064e-07
6.84041e-07
6.10489e-07
4.31816e-07
6.30849e-07
1.40502e-06
2.04393e-06
1.96006e-06
1.04699e-06
0
0
1.76287e-06
1.45613e-06
0
0
9.83887e-08
6.90648e-07
0
0
7.29171e-06
2.72786e-05
4.26669e-05
3.14132e-05
1.14156e-05
0
0
0
0
0
0
0
0
0
0
0
0
0
0
0
0
0
0
0
0
0
0
0
0
0
0
0
0
0
0
0
0
0
0
0
0
2.42099e-07
7.09567e-07
1.25276e-06
1.8517e-06
2.53165e-06
3.25495e-06
3.79517e-06
3.31885e-06
5.80565e-07
0
0
0
0
0
0
0
0
4.25994e-07
8.53974e-07
1.11374e-06
1.28898e-06
1.43964e-06
1.57807e-06
1.38383e-06
0
0
0
0
0
0
0
0
0
2.64542e-06
2.37732e-06
0
0
0
0
0
5.37317e-08
1.17678e-06
9.35224e-07
5.62599e-07
0
0
0
0
0
0
4.0158e-08
4.83152e-07
7.18632e-07
7.77345e-07
7.19861e-07
5.79187e-07
4.06265e-07
2.45533e-07
1.27957e-07
4.76233e-08
0
0
0
0
0
0
0
0
0
0
0
0
0
0
0
0
0
0
0
0
0
0
6.48004e-08
6.58383e-08
0
0
0
0
0
0
0
0
0
0
0
0
0
0
0
0
0
0
0
0
0
0
0
0
2.84994e-07
1.01564e-06
1.61938e-06
1.90681e-06
2.98545e-06
2.97604e-06
5.46728e-07
2.00492e-08
0
0
0
6.03446e-07
1.31474e-06
1.61134e-06
1.47664e-06
1.25938e-06
1.41101e-06
2.14155e-06
2.55538e-06
2.06664e-06
6.87148e-07
0
0
2.11773e-06
2.18926e-06
0
0
0
1.42989e-07
0
4.27445e-07
4.98217e-06
1.08697e-05
1.96755e-05
3.05106e-05
3.79192e-05
3.05243e-05
1.78427e-05
1.43901e-05
1.17379e-05
4.66177e-06
0
0
0
0
0
0
9.88743e-07
0
0
0
0
0
0
0
0
0
0
0
0
0
0
0
0
0
0
0
0
2.01245e-07
7.47818e-07
1.37661e-06
2.09836e-06
2.61014e-06
2.7276e-06
2.71609e-06
2.83962e-06
3.20032e-06
3.69471e-06
3.95315e-06
3.13846e-06
0
0
0
0
0
0
0
0
0
0
0
5.01482e-09
7.01824e-07
1.197e-06
1.83783e-06
2.54111e-06
7.10109e-07
0
0
0
0
0
0
0
0
0
4.39446e-06
1.84094e-06
9.40884e-07
2.86064e-06
8.13065e-06
6.65648e-07
0
0
0
0
0
0
0
0
0
0
0
1.14315e-07
3.8137e-07
5.10833e-07
5.13611e-07
4.17346e-07
2.65025e-07
1.29441e-07
5.4021e-08
3.6788e-09
0
0
0
0
0
0
0
0
0
0
0
0
0
0
0
0
0
0
0
0
0
0
1.68083e-07
8.47558e-07
2.75643e-07
0
0
0
0
0
0
0
0
0
0
0
0
0
0
0
0
0
0
0
0
0
0
0
1.49e-07
6.55813e-07
1.32077e-06
1.7625e-06
2.57947e-06
2.99648e-06
1.9855e-06
4.81397e-07
1.3263e-07
2.2516e-07
1.28149e-06
2.27972e-06
2.76902e-06
2.9787e-06
2.68841e-06
2.31835e-06
2.42303e-06
2.83461e-06
2.8865e-06
2.04756e-06
2.64316e-07
0
0
2.31372e-06
2.67313e-06
2.99594e-07
0
0
0
0
0
1.17376e-06
2.73853e-06
4.66593e-06
7.18359e-06
9.03289e-06
6.83598e-06
6.29975e-06
7.46625e-06
8.58337e-06
8.27595e-06
7.19318e-06
7.12183e-06
8.66145e-06
1.26812e-05
1.95543e-05
1.87565e-05
1.00461e-05
4.43994e-06
1.43068e-06
0
0
0
0
0
0
0
0
0
0
0
0
0
0
4.07574e-07
2.03324e-06
3.35929e-06
4.09353e-06
4.68053e-06
5.21538e-06
4.84883e-06
3.36161e-06
2.00031e-06
1.21251e-06
9.22072e-07
9.48268e-07
1.14342e-06
1.38634e-06
1.51672e-06
1.36125e-06
8.61895e-07
2.11125e-07
0
0
0
0
0
0
0
0
0
0
2.07091e-07
2.6273e-06
4.642e-06
6.26951e-06
0
0
0
6.5103e-08
7.3008e-07
0
0
0
0
0
4.353e-06
5.77704e-06
8.16061e-06
1.51328e-05
6.52382e-06
5.94236e-08
0
0
0
0
0
0
0
0
0
0
0
0
1.0078e-07
2.66856e-07
3.19738e-07
2.62471e-07
1.30017e-07
2.92374e-08
0
0
0
0
0
0
0
0
0
0
0
0
0
0
0
0
0
0
0
0
0
0
0
0
9.75428e-07
1.58065e-06
7.98119e-07
0
0
0
0
0
0
0
0
0
0
0
0
0
0
0
0
0
0
0
0
0
0
0
8.13424e-08
3.43537e-07
7.96386e-07
1.35493e-06
2.06563e-06
2.88162e-06
2.65059e-06
2.16095e-06
3.01704e-06
3.51853e-06
4.11721e-06
4.55439e-06
4.59676e-06
4.55707e-06
4.05835e-06
3.43709e-06
3.4233e-06
3.60866e-06
3.25707e-06
2.03897e-06
0
0
0
2.89529e-06
3.23153e-06
6.39621e-07
1.87342e-08
1.99767e-08
0
0
0
1.58098e-07
6.13078e-07
4.71078e-07
0
1.42682e-06
8.23048e-06
1.28241e-05
1.56688e-05
1.77107e-05
1.97442e-05
2.24334e-05
2.56571e-05
2.79382e-05
2.69737e-05
2.20143e-05
1.5726e-05
1.04074e-05
6.438e-06
3.55467e-06
1.41221e-06
0
0
0
0
0
0
0
0
0
0
0
6.75817e-08
1.97285e-06
4.87969e-06
8.70544e-06
1.2808e-05
1.45792e-05
1.07065e-05
5.79357e-06
2.28466e-06
4.38533e-07
0
0
0
0
9.59331e-08
2.40931e-07
2.70991e-07
2.35153e-07
2.68757e-07
4.73133e-07
7.1345e-07
8.33096e-07
7.57724e-07
4.43984e-07
0
0
0
0
0
0
5.4888e-07
2.89664e-06
2.18047e-06
6.13235e-07
0
0
0
0
5.90854e-07
5.64143e-07
3.95045e-07
5.07057e-07
2.43048e-07
9.46997e-07
3.3882e-06
6.00857e-06
1.02743e-05
8.12048e-06
2.68379e-06
1.49996e-07
0
0
0
0
0
0
0
0
0
0
0
0
0
9.54e-08
1.33155e-07
6.94168e-08
0
0
0
0
0
0
0
0
0
0
0
0
0
0
0
0
0
0
0
0
0
0
0
0
0
7.21257e-07
1.82455e-06
1.8682e-06
1.16515e-06
2.99692e-07
0
0
0
0
0
0
0
0
0
0
0
0
0
0
0
0
0
0
0
0
0
0
7.82458e-08
2.54592e-07
4.92786e-07
9.06399e-07
1.58594e-06
2.33891e-06
2.84719e-06
2.96051e-06
3.77925e-06
4.32176e-06
4.90707e-06
5.61588e-06
5.92935e-06
5.95897e-06
5.39908e-06
4.57242e-06
4.3265e-06
4.34359e-06
3.59456e-06
2.00542e-06
0
0
0
3.50048e-06
4.13646e-06
1.05873e-06
1.54863e-08
1.49495e-09
0
0
0
0
2.76985e-07
1.48954e-06
6.56708e-06
1.32762e-05
1.43179e-05
1.57318e-05
1.81277e-05
2.08491e-05
2.36554e-05
2.57262e-05
2.61556e-05
2.46807e-05
2.19261e-05
1.85972e-05
1.51788e-05
1.18202e-05
8.7709e-06
6.0461e-06
3.60895e-06
1.34495e-06
0
0
0
0
0
0
0
0
0
7.9093e-08
1.23934e-06
2.3927e-06
2.8463e-06
3.04279e-06
4.95998e-06
6.18774e-06
3.62863e-06
9.61173e-07
0
0
0
0
0
0
2.21712e-07
1.60036e-07
0
0
0
0
1.27625e-07
6.7431e-07
9.88858e-07
1.02795e-06
7.78615e-07
2.08949e-07
0
0
0
0
0
5.12949e-07
5.18745e-07
1.49804e-07
0
0
0
0
0
1.81002e-07
8.30384e-07
9.98004e-07
7.08336e-07
1.11978e-06
2.78988e-06
4.92136e-06
6.81879e-06
3.96444e-06
1.3695e-06
6.28532e-07
0
0
0
0
0
0
0
0
0
0
0
0
0
0
0
0
0
0
0
0
0
3.02392e-08
2.16061e-08
0
0
0
0
0
0
0
0
0
0
0
0
0
0
0
0
0
3.42658e-07
1.16472e-06
1.85046e-06
1.96772e-06
1.41006e-06
6.14311e-07
0
0
0
0
0
0
0
0
0
0
0
0
0
0
0
0
0
0
0
0
0
0
1.14919e-07
2.98902e-07
4.86407e-07
7.0661e-07
1.10564e-06
1.73249e-06
2.29443e-06
3.09158e-06
4.07484e-06
4.79742e-06
5.38114e-06
6.06658e-06
6.61157e-06
6.9654e-06
6.60723e-06
5.69997e-06
5.1885e-06
4.9341e-06
3.82798e-06
1.92203e-06
0
0
0
2.6952e-06
4.58284e-06
1.23607e-06
0
0
0
0
0
0
4.19194e-07
3.6843e-06
7.66058e-06
8.11435e-06
8.40968e-06
9.39115e-06
1.08134e-05
1.22254e-05
1.35797e-05
1.47343e-05
1.53377e-05
1.52074e-05
1.459e-05
1.36339e-05
1.24151e-05
1.10677e-05
9.58646e-06
7.91355e-06
5.99025e-06
3.78556e-06
1.86233e-06
1.22707e-06
1.46517e-06
1.10943e-06
0
0
0
0
0
5.21488e-07
9.04054e-07
7.74011e-07
6.30503e-07
1.52823e-06
2.70826e-06
1.85585e-06
1.85457e-07
0
0
0
0
3.99651e-07
1.40199e-06
2.44192e-06
3.04567e-06
2.5793e-06
8.61815e-07
0
0
0
2.56094e-07
1.21903e-06
1.87017e-06
2.17498e-06
2.159e-06
1.82842e-06
1.17313e-06
1.16756e-07
0
0
0
0
0
0
0
0
0
0
0
0
5.23101e-07
1.00896e-06
9.51554e-07
1.32628e-06
2.43744e-06
3.7008e-06
4.18872e-06
1.96963e-06
7.50541e-07
1.08161e-06
0
0
0
0
0
0
0
0
0
0
0
0
0
0
0
0
0
0
0
7.30767e-08
2.3203e-07
3.2488e-07
3.15028e-07
2.37828e-07
1.50217e-07
8.42139e-08
3.91386e-08
0
0
0
0
0
0
0
0
0
0
0
0
0
3.71124e-07
1.00464e-06
1.69515e-06
1.93101e-06
1.57764e-06
9.05762e-07
1.87321e-07
0
0
0
0
0
0
0
0
0
0
0
0
0
0
0
0
0
0
0
0
0
2.35471e-07
5.34158e-07
6.50763e-07
8.12803e-07
1.04406e-06
1.37664e-06
1.84132e-06
2.58486e-06
4.25949e-06
5.47398e-06
6.19133e-06
6.82578e-06
7.27402e-06
7.69913e-06
7.64981e-06
6.80617e-06
6.04852e-06
5.41758e-06
3.92483e-06
1.71999e-06
0
0
0
0
2.94052e-06
5.4676e-07
0
0
0
0
0
0
0
2.16046e-06
3.29511e-06
3.25729e-06
3.52419e-06
4.03271e-06
4.63316e-06
5.105e-06
5.72852e-06
6.47836e-06
7.08766e-06
7.375e-06
7.40905e-06
7.22009e-06
6.96153e-06
6.68937e-06
6.39092e-06
6.10467e-06
5.81054e-06
5.49938e-06
4.84999e-06
3.44846e-06
1.73006e-06
4.79173e-07
0
0
0
0
1.58995e-07
2.70388e-07
7.3152e-08
0
2.49628e-07
1.07375e-06
9.32026e-07
0
0
0
0
1.06389e-07
1.40435e-06
3.36352e-06
5.89907e-06
8.69378e-06
1.10625e-05
1.10512e-05
5.90043e-06
0
0
0
0
0
8.66837e-07
1.92617e-06
2.47792e-06
2.57975e-06
2.3456e-06
1.9076e-06
1.20547e-06
0
0
0
0
0
0
0
0
0
0
0
0
8.19743e-07
1.15537e-06
1.62259e-06
2.36077e-06
2.82174e-06
2.57572e-06
7.96531e-07
9.50354e-08
1.08738e-06
7.21353e-07
0
0
0
0
0
0
0
0
0
0
0
0
0
0
0
0
0
8.91895e-08
3.43305e-07
5.71451e-07
6.98096e-07
6.69156e-07
5.51569e-07
4.25618e-07
3.34791e-07
2.80495e-07
2.31057e-07
1.61242e-07
6.9226e-08
0
0
0
0
0
0
0
0
0
0
3.18011e-07
8.70934e-07
1.5374e-06
1.87623e-06
1.731e-06
1.21114e-06
5.16847e-07
0
0
0
0
0
0
0
0
0
0
0
0
0
0
0
0
0
0
0
0
0
3.47169e-07
1.09949e-06
1.25826e-06
1.19754e-06
1.23947e-06
1.46787e-06
1.74845e-06
2.35278e-06
4.03245e-06
6.72676e-06
7.97496e-06
8.58876e-06
8.78362e-06
8.60937e-06
8.5589e-06
7.88946e-06
6.9337e-06
5.79434e-06
3.81184e-06
1.32637e-06
0
0
0
0
0
0
0
0
0
0
0
0
0
1.76479e-07
4.33497e-07
4.93167e-07
8.65213e-07
1.16769e-06
1.31636e-06
1.35563e-06
1.55132e-06
1.85706e-06
2.15307e-06
2.34957e-06
2.4085e-06
2.39506e-06
2.40664e-06
2.528e-06
2.83823e-06
3.35631e-06
3.72568e-06
3.26724e-06
2.34654e-06
1.44921e-06
7.44461e-07
2.51928e-07
0
0
3.20674e-09
1.00287e-07
8.43298e-08
0
0
0
1.26097e-07
3.95023e-07
0
0
0
0
6.60181e-08
1.21545e-06
3.11361e-06
5.80123e-06
9.38249e-06
1.40446e-05
2.00419e-05
2.69911e-05
2.65837e-05
0
0
0
0
0
0
0
8.64598e-07
1.44287e-06
1.36564e-06
9.68455e-07
5.62326e-07
3.35725e-07
1.37932e-07
0
0
0
0
0
0
0
0
0
0
0
1.06845e-06
1.92117e-06
2.4249e-06
2.41834e-06
1.75609e-06
0
0
4.572e-07
1.83502e-06
8.46057e-07
0
0
0
0
0
0
0
0
0
0
0
0
0
0
0
8.30411e-08
4.61735e-07
7.82513e-07
1.10987e-06
1.24511e-06
1.11717e-06
8.45174e-07
6.17634e-07
4.87138e-07
4.23111e-07
3.66059e-07
2.96653e-07
1.88001e-07
3.73833e-08
0
0
0
0
0
0
0
0
0
2.08954e-07
7.65471e-07
1.41187e-06
1.85623e-06
1.92204e-06
1.6118e-06
8.55689e-07
0
0
0
0
0
0
0
0
0
0
0
0
0
0
0
0
0
0
0
0
0
0
1.87581e-06
2.45121e-06
2.21208e-06
1.85615e-06
1.752e-06
1.91812e-06
2.37604e-06
3.91996e-06
7.45742e-06
9.80687e-06
1.07821e-05
1.09576e-05
1.04313e-05
9.60369e-06
9.03947e-06
7.86735e-06
5.99754e-06
3.50376e-06
7.65096e-07
0
0
0
0
0
0
0
0
0
0
0
0
0
0
0
0
0
0
0
0
0
0
0
0
0
1.23652e-07
5.87819e-07
1.2922e-06
2.13637e-06
2.76999e-06
2.80949e-06
2.25476e-06
1.65448e-06
1.12643e-06
7.06311e-07
4.26015e-07
3.05209e-07
2.89155e-07
2.85605e-07
1.97719e-07
0
0
0
0
0
0
0
0
0
0
3.91959e-07
1.54246e-06
3.28896e-06
5.61528e-06
8.50095e-06
1.17488e-05
1.47727e-05
1.62792e-05
1.32234e-05
3.42686e-07
0
0
0
0
0
0
0
9.2833e-07
1.15686e-06
7.54367e-07
9.33456e-08
0
0
0
0
0
0
0
0
0
0
0
0
0
0
1.27491e-06
2.34454e-06
2.53859e-06
1.91734e-06
0
0
0
5.38497e-07
1.48125e-06
1.29513e-06
6.10851e-07
0
0
0
0
0
0
0
0
0
0
0
0
1.05314e-07
6.75768e-07
1.10231e-06
1.60749e-06
2.00181e-06
1.82052e-06
1.25581e-06
7.75489e-07
4.95948e-07
3.68352e-07
3.0759e-07
2.66241e-07
2.29286e-07
1.58505e-07
1.27624e-09
0
0
0
0
0
0
0
0
0
0
3.6016e-07
1.07536e-06
1.71373e-06
2.53151e-06
3.65356e-06
1.84186e-06
5.84763e-08
0
0
0
0
0
0
0
0
0
0
0
0
0
0
0
0
0
0
0
0
0
2.02847e-06
4.0372e-06
3.9735e-06
3.16417e-06
2.481e-06
2.31192e-06
2.57317e-06
3.91956e-06
7.57677e-06
1.10474e-05
1.24377e-05
1.27383e-05
1.21873e-05
1.1463e-05
1.0625e-05
8.96208e-06
6.10439e-06
3.0567e-06
2.09817e-07
0
0
0
0
0
0
0
0
0
0
0
0
0
0
0
0
0
0
0
0
0
0
0
0
0
0
5.547e-07
1.53626e-06
2.36294e-06
2.70053e-06
2.48832e-06
1.96987e-06
1.52679e-06
1.17306e-06
9.22892e-07
7.72323e-07
6.99409e-07
6.46481e-07
5.32421e-07
3.08643e-07
0
0
0
0
0
0
0
0
0
0
3.23257e-07
1.10385e-06
2.22944e-06
3.59127e-06
4.98579e-06
6.03202e-06
6.21925e-06
5.22947e-06
3.11358e-06
0
0
0
0
0
0
0
0
0
9.42502e-07
9.69614e-07
5.8442e-07
9.2532e-08
0
0
0
0
0
0
0
0
0
0
0
3.11633e-09
2.47006e-09
3.53295e-07
1.69823e-06
2.89621e-06
2.96575e-06
8.80708e-07
0
0
0
0
0
7.46973e-07
1.49771e-06
1.59267e-06
1.1681e-06
3.98672e-07
0
0
0
0
0
0
0
4.59874e-07
1.19806e-06
1.77578e-06
2.52503e-06
3.15956e-06
2.62727e-06
1.63366e-06
9.23553e-07
5.19382e-07
3.08728e-07
2.03885e-07
1.49102e-07
1.06326e-07
6.11577e-08
0
0
0
0
0
0
0
0
0
0
0
0
0
0
3.7177e-07
2.67114e-06
2.19115e-06
8.59109e-07
1.48438e-07
0
0
0
0
0
0
0
0
0
0
0
0
0
0
0
0
0
0
0
0
0
4.77527e-07
5.16486e-06
6.35573e-06
5.30317e-06
3.87595e-06
3.04194e-06
3.04322e-06
4.04136e-06
7.46455e-06
1.15013e-05
1.35155e-05
1.41684e-05
1.36929e-05
1.30423e-05
1.27052e-05
1.0539e-05
6.34931e-06
2.65134e-06
0
0
0
0
0
0
0
0
0
0
0
0
0
0
0
0
0
0
0
0
0
0
0
0
0
0
2.11211e-07
1.104e-06
2.05625e-06
2.68498e-06
2.79207e-06
2.45261e-06
1.97991e-06
1.6316e-06
1.37179e-06
1.19454e-06
1.07554e-06
9.72928e-07
8.61245e-07
6.94009e-07
4.54455e-07
1.69819e-07
0
0
0
0
1.65705e-08
2.53648e-08
0
0
0
0
0
2.76238e-07
6.43932e-07
9.55035e-07
1.07845e-06
8.67895e-07
3.06506e-07
0
0
0
0
0
0
0
0
0
0
3.42581e-07
7.983e-07
6.03377e-07
2.55218e-07
3.05049e-08
0
0
0
0
0
0
0
0
0
0
0
4.95864e-08
4.207e-08
3.63317e-07
1.87217e-06
3.33583e-06
2.85919e-06
3.59518e-08
0
0
0
0
0
0
0
9.80031e-08
7.58108e-07
7.60237e-07
7.94388e-08
0
0
0
0
1.02358e-06
2.12493e-06
3.3083e-06
4.74162e-06
5.23964e-06
3.50233e-06
1.90128e-06
9.99957e-07
5.4973e-07
3.23456e-07
2.08822e-07
1.51416e-07
1.20662e-07
9.79299e-08
7.30864e-08
4.13384e-08
0
0
0
0
0
0
0
0
0
0
0
0
0
8.82763e-07
1.26919e-06
7.26869e-07
2.30445e-07
8.92917e-08
1.76405e-08
0
0
0
0
0
0
0
0
0
0
0
0
0
0
1.61378e-06
3.30763e-06
4.77004e-06
5.08811e-06
4.1227e-06
1.36447e-06
0
3.71849e-06
8.355e-06
8.2165e-06
6.13934e-06
4.34857e-06
3.86165e-06
4.47369e-06
7.45609e-06
1.15234e-05
1.3885e-05
1.52361e-05
1.51021e-05
1.43535e-05
1.37607e-05
1.17026e-05
6.48092e-06
2.58291e-06
0
0
0
0
0
0
4.27148e-07
0
0
0
0
0
0
0
0
0
0
0
0
0
0
0
0
0
0
2.6104e-07
8.46695e-07
1.597e-06
2.35575e-06
2.77047e-06
2.7355e-06
2.37503e-06
1.93472e-06
1.63686e-06
1.41681e-06
1.25533e-06
1.1286e-06
1.01384e-06
8.96326e-07
7.55371e-07
5.83764e-07
3.96611e-07
2.2825e-07
1.23307e-07
9.92007e-08
1.33006e-07
1.94353e-07
2.48077e-07
2.21513e-07
5.69808e-08
0
0
0
0
0
0
0
0
0
0
0
0
0
0
0
0
0
0
0
1.16449e-07
6.73208e-07
6.42734e-07
1.50098e-07
0
0
0
0
0
0
0
0
0
0
0
0
0
0
5.42617e-08
3.25491e-07
1.2319e-06
2.02166e-06
1.29631e-06
0
0
0
0
0
0
0
0
0
0
0
0
0
0
2.92092e-07
2.85863e-06
5.82326e-06
8.04252e-06
6.81436e-06
3.74203e-06
1.87395e-06
9.65255e-07
5.43983e-07
3.41149e-07
2.35204e-07
1.76872e-07
1.46446e-07
1.30862e-07
1.20729e-07
1.11648e-07
1.02024e-07
8.98193e-08
6.78087e-08
1.5321e-08
0
0
0
0
0
0
0
0
0
0
1.94646e-07
9.20446e-08
0
6.16165e-08
1.16451e-07
6.30284e-08
1.04393e-08
0
0
0
0
0
0
0
0
0
0
0
1.33457e-07
8.70094e-07
1.61979e-06
3.42466e-06
6.1652e-06
8.4863e-06
9.42397e-06
8.47457e-06
3.04536e-06
1.7574e-06
7.17193e-06
1.08714e-05
9.12473e-06
6.31603e-06
5.19326e-06
5.39067e-06
7.63912e-06
1.12596e-05
1.35461e-05
1.54495e-05
1.59645e-05
1.52014e-05
1.40565e-05
1.20013e-05
6.85975e-06
3.38687e-06
0
0
0
0
0
1.33555e-06
1.98619e-06
0
0
0
0
0
0
0
0
0
0
0
0
0
0
0
3.05962e-08
1.17224e-07
2.67132e-07
5.48481e-07
1.02368e-06
1.65033e-06
2.28629e-06
2.61627e-06
2.5518e-06
2.24839e-06
1.84395e-06
1.56513e-06
1.36796e-06
1.2108e-06
1.0781e-06
9.61694e-07
8.5256e-07
7.48625e-07
6.46532e-07
5.48981e-07
4.53768e-07
3.74432e-07
3.31521e-07
3.3394e-07
3.97418e-07
4.88401e-07
5.14293e-07
3.88553e-07
7.43023e-08
0
0
0
0
0
0
0
0
0
0
0
0
0
0
0
0
0
0
1.16094e-07
5.1847e-07
6.70633e-07
2.81741e-07
0
0
0
0
0
0
0
0
0
0
0
0
0
0
0
6.12425e-09
5.98991e-08
1.47767e-07
6.57612e-08
0
0
0
0
0
0
0
0
0
0
0
0
0
0
5.00837e-06
9.13758e-06
9.05176e-06
5.65361e-06
3.01403e-06
1.57822e-06
8.61313e-07
5.14136e-07
3.46134e-07
2.60839e-07
2.09757e-07
1.74494e-07
1.527e-07
1.41113e-07
1.34909e-07
1.30766e-07
1.27029e-07
1.22918e-07
1.14161e-07
9.13688e-08
4.88091e-08
0
0
0
0
0
0
0
0
0
0
0
0
1.41419e-07
1.40583e-07
7.765e-08
3.29643e-08
0
0
0
0
0
0
0
0
0
0
0
0
0
0
1.94369e-06
5.38054e-06
9.57509e-06
1.22334e-05
1.40462e-05
1.1216e-05
6.83513e-07
3.35924e-06
1.09251e-05
1.20931e-05
8.92238e-06
6.64896e-06
6.45069e-06
8.02446e-06
1.10806e-05
1.30371e-05
1.5177e-05
1.61819e-05
1.54456e-05
1.38003e-05
1.19528e-05
8.18241e-06
5.04929e-06
0
0
0
0
9.10833e-07
2.59456e-06
2.05287e-06
0
0
0
0
0
0
0
0
5.82762e-07
0
0
3.08483e-08
3.23972e-07
3.54523e-07
2.58411e-07
1.27395e-07
4.1634e-08
1.43971e-08
1.12289e-07
4.57405e-07
1.05366e-06
1.69073e-06
2.05516e-06
2.06622e-06
1.87283e-06
1.57917e-06
1.35044e-06
1.18198e-06
1.02917e-06
8.98087e-07
7.893e-07
6.8937e-07
6.11354e-07
5.53992e-07
5.17155e-07
4.97028e-07
4.74252e-07
4.51437e-07
4.44159e-07
4.85463e-07
5.73324e-07
6.36918e-07
5.97957e-07
4.04743e-07
3.87089e-08
0
0
0
0
0
0
0
0
0
0
0
0
0
0
0
0
0
1.30921e-07
4.45574e-07
7.3346e-07
5.79456e-07
0
0
0
0
3.39558e-08
0
0
0
0
0
0
0
0
0
0
0
0
0
0
0
0
0
0
0
0
0
0
0
0
0
0
6.05326e-07
4.91858e-06
6.34757e-06
5.25838e-06
3.37349e-06
2.0114e-06
1.17498e-06
7.05444e-07
4.56489e-07
3.32006e-07
2.72903e-07
2.41929e-07
2.18055e-07
1.93057e-07
1.7017e-07
1.54887e-07
1.465e-07
1.41739e-07
1.37487e-07
1.333e-07
1.27691e-07
1.11951e-07
7.13456e-08
1.01279e-08
0
0
0
0
0
1.10962e-07
0
0
0
0
1.38851e-07
1.93301e-07
1.57442e-07
1.00647e-07
7.12704e-08
4.15192e-08
4.46236e-07
0
0
0
0
0
0
0
0
0
0
0
0
2.20506e-06
6.27375e-06
1.16412e-05
1.58054e-05
1.84825e-05
2.05942e-05
6.60333e-06
0
7.47368e-06
1.36611e-05
1.16506e-05
8.76157e-06
8.09058e-06
8.83597e-06
1.1082e-05
1.25699e-05
1.4566e-05
1.57752e-05
1.49358e-05
1.27018e-05
1.05731e-05
9.10054e-06
6.42596e-06
0
0
0
3.27496e-07
2.29573e-06
2.77712e-06
1.03316e-06
0
0
0
0
1.02505e-07
0
0
0
6.80922e-07
0
3.1192e-07
7.57418e-07
8.72038e-07
7.68707e-07
5.58473e-07
3.6608e-07
1.95848e-07
1.38148e-08
0
0
3.47135e-07
1.00476e-06
1.34862e-06
1.39733e-06
1.28859e-06
1.1549e-06
1.03009e-06
8.87723e-07
7.49073e-07
6.35718e-07
5.44206e-07
4.70662e-07
4.10868e-07
3.71738e-07
3.58319e-07
3.75415e-07
4.02084e-07
4.16319e-07
4.19505e-07
4.33936e-07
4.7882e-07
5.37049e-07
5.57155e-07
4.90563e-07
3.14867e-07
1.83798e-08
0
0
0
0
0
0
0
0
0
0
0
0
0
0
0
1.19986e-07
1.63995e-07
4.19707e-07
8.44631e-07
8.31737e-07
1.11658e-07
0
0
0
0
0
0
0
0
0
0
0
0
0
0
0
0
0
0
0
0
0
0
0
0
0
0
0
0
0
0
1.47161e-06
2.25084e-06
2.16252e-06
1.70082e-06
1.19796e-06
8.08222e-07
5.54324e-07
4.05182e-07
3.24197e-07
2.84364e-07
2.66524e-07
2.55976e-07
2.44125e-07
2.25736e-07
1.99901e-07
1.76773e-07
1.62974e-07
1.55589e-07
1.50081e-07
1.45892e-07
1.41851e-07
1.27871e-07
8.11092e-08
0
0
0
0
0
0
2.64297e-07
4.42891e-07
0
0
1.42483e-07
2.11002e-07
2.06635e-07
1.76485e-07
1.22945e-07
1.1098e-07
1.90749e-07
9.64342e-07
0
0
0
0
0
0
0
0
9.18779e-07
1.77846e-06
1.17004e-06
6.25992e-07
3.72126e-06
8.73357e-06
1.49076e-05
2.14849e-05
2.44253e-05
2.78026e-05
2.30231e-05
0
0
1.30334e-05
1.35539e-05
1.04391e-05
9.30739e-06
9.62828e-06
1.12085e-05
1.23722e-05
1.39904e-05
1.51237e-05
1.40693e-05
1.1109e-05
7.83326e-06
7.61617e-06
6.10682e-06
0
0
0
2.05928e-06
2.92668e-06
2.10372e-06
0
0
0
0
0
0
0
0
0
0
6.23003e-07
1.19801e-06
1.15059e-06
1.01537e-06
7.64865e-07
4.40941e-07
1.94031e-07
2.02295e-08
0
0
0
0
8.72931e-08
4.94364e-07
5.48839e-07
5.66624e-07
6.0879e-07
5.82154e-07
4.83554e-07
3.7568e-07
2.94767e-07
2.38812e-07
1.99002e-07
1.71966e-07
1.55662e-07
1.54037e-07
1.73504e-07
2.0951e-07
2.4354e-07
2.62467e-07
2.65123e-07
2.7066e-07
2.88519e-07
3.06985e-07
3.08144e-07
2.80884e-07
2.29966e-07
1.67757e-07
1.01142e-07
3.3213e-08
0
0
0
0
0
0
0
0
0
0
0
0
2.13473e-07
2.79384e-07
4.0141e-07
9.03341e-07
1.11115e-06
3.60674e-07
0
0
0
0
0
0
0
0
0
0
0
0
0
0
0
0
0
0
0
0
0
0
0
0
0
0
0
0
0
0
5.43682e-07
7.82725e-07
7.81347e-07
6.68314e-07
5.37591e-07
4.35172e-07
3.69841e-07
3.31097e-07
3.06321e-07
2.90507e-07
2.82945e-07
2.79347e-07
2.75017e-07
2.63878e-07
2.38717e-07
2.04397e-07
1.79735e-07
1.67476e-07
1.62165e-07
1.62307e-07
1.69141e-07
1.74009e-07
1.57655e-07
8.60069e-08
0
0
0
0
3.66437e-08
2.58144e-07
4.19968e-07
2.29133e-07
1.46807e-07
1.96429e-07
2.16878e-07
2.07351e-07
1.90954e-07
1.13874e-07
1.10284e-07
2.75579e-07
8.57855e-07
0
0
0
0
0
0
1.85754e-06
3.43832e-06
3.6864e-06
1.86172e-06
3.02613e-07
0
2.79105e-06
9.3206e-06
1.56962e-05
2.46377e-05
3.08567e-05
3.40016e-05
3.69821e-05
0
0
9.49665e-06
1.44466e-05
1.1735e-05
1.03246e-05
1.03936e-05
1.137e-05
1.23949e-05
1.36804e-05
1.4666e-05
1.33004e-05
9.5566e-06
4.87888e-06
4.22584e-06
3.94709e-06
0
0
1.5971e-06
3.23258e-06
2.71808e-06
9.15992e-07
0
0
0
0
1.66786e-07
3.46963e-07
0
0
0
0
0
0
1.96317e-07
2.42275e-07
8.67792e-08
0
0
0
0
0
0
0
0
0
0
0
9.44924e-08
1.21556e-07
5.69546e-08
0
0
0
0
0
0
0
0
0
1.11067e-08
2.04323e-08
1.35931e-08
0
0
0
0
1.94348e-08
1.51919e-07
4.11049e-07
8.46903e-07
1.52034e-06
2.50716e-06
3.85264e-06
5.45579e-06
6.34024e-06
2.39245e-06
0
0
0
0
0
0
0
3.04067e-07
5.27761e-07
4.91157e-07
8.63465e-07
1.22737e-06
5.19526e-07
0
0
0
0
0
0
0
0
0
0
0
0
0
0
0
0
0
0
0
0
0
0
0
0
0
0
0
0
0
0
1.85403e-07
3.06389e-07
3.469e-07
3.48281e-07
3.38842e-07
3.31866e-07
3.28852e-07
3.25944e-07
3.19201e-07
3.10214e-07
3.05218e-07
3.04414e-07
3.03123e-07
2.96688e-07
2.77275e-07
2.35551e-07
1.91268e-07
1.66421e-07
1.55581e-07
1.54881e-07
1.69382e-07
1.90121e-07
2.00774e-07
1.81852e-07
1.08535e-07
0
0
0
0
2.57771e-07
2.09253e-07
1.63723e-07
1.45515e-07
2.09563e-07
2.06664e-07
2.09043e-07
2.03078e-07
7.52027e-08
7.80347e-08
1.8052e-07
0
0
0
0
0
0
3.20697e-06
5.17979e-06
5.61918e-06
2.66898e-06
0
0
0
9.5251e-07
9.21902e-06
1.60677e-05
2.45291e-05
3.4592e-05
3.94343e-05
4.50702e-05
2.36656e-05
0
2.29732e-06
1.43048e-05
1.28969e-05
1.12349e-05
1.11035e-05
1.14e-05
1.2344e-05
1.36666e-05
1.45642e-05
1.26548e-05
7.95385e-06
2.08908e-06
4.25725e-07
9.3754e-07
0
8.00417e-07
3.45534e-06
3.56315e-06
1.78994e-06
0
0
0
0
1.08219e-06
2.94502e-06
5.52575e-06
6.13905e-06
0
0
0
0
0
0
0
0
0
0
0
0
1.28435e-08
1.73279e-07
4.68113e-07
0
0
0
0
0
0
0
0
0
0
0
0
0
0
0
0
0
0
0
0
0
0
0
0
0
3.46079e-07
1.14375e-06
2.34262e-06
4.04701e-06
6.41313e-06
9.68648e-06
1.45102e-05
1.95062e-05
0
0
0
0
0
0
0
4.51538e-07
8.85201e-07
6.81825e-07
7.73596e-07
1.15737e-06
6.34602e-07
0
0
0
0
0
0
0
0
0
0
0
0
0
0
0
0
0
0
0
0
0
0
0
0
0
0
0
0
0
0
7.08024e-08
1.50606e-07
2.05153e-07
2.43655e-07
2.74302e-07
2.99936e-07
3.22429e-07
3.38261e-07
3.42868e-07
3.37761e-07
3.28904e-07
3.23087e-07
3.20304e-07
3.15712e-07
3.02561e-07
2.69446e-07
2.13341e-07
1.64069e-07
1.35716e-07
1.27987e-07
1.42608e-07
1.73123e-07
1.97599e-07
2.04184e-07
1.78112e-07
1.23556e-07
6.68957e-08
9.93881e-09
0
5.80285e-08
1.52832e-07
1.25084e-07
1.29838e-07
2.24076e-07
1.8279e-07
2.20921e-07
2.24647e-07
4.25422e-08
7.08618e-08
0
0
0
0
0
0
5.32897e-07
1.07625e-05
7.11179e-06
5.06804e-06
6.24721e-07
0
0
0
0
9.28959e-06
1.83654e-05
2.61934e-05
3.71392e-05
4.44169e-05
5.07858e-05
4.75353e-05
0
0
1.243e-05
1.31555e-05
1.17411e-05
1.15274e-05
1.1362e-05
1.19324e-05
1.37368e-05
1.46288e-05
1.17179e-05
5.85489e-06
0
0
0
0
3.16049e-06
4.7107e-06
3.00743e-06
5.04168e-07
0
0
0
9.15845e-07
2.60341e-06
3.17097e-06
3.03672e-06
4.48051e-07
0
0
0
0
0
0
0
0
0
0
0
1.15918e-07
6.44755e-07
1.46834e-06
1.94881e-06
1.04912e-06
0
0
0
0
0
0
0
0
0
0
0
0
0
0
0
0
0
0
0
0
0
0
0
0
4.48399e-08
1.00962e-06
2.39797e-06
4.19049e-06
6.3047e-06
8.56221e-06
1.089e-05
1.2014e-05
4.23366e-06
0
0
0
0
0
0
6.4375e-07
1.27024e-06
8.83778e-07
6.28108e-07
8.96326e-07
6.54303e-07
0
0
0
0
0
0
0
0
0
0
0
0
0
0
0
0
0
0
0
0
0
0
0
0
0
0
0
0
0
0
4.37219e-08
1.04518e-07
1.54933e-07
1.98022e-07
2.40466e-07
2.8351e-07
3.21002e-07
3.48514e-07
3.6095e-07
3.59176e-07
3.40154e-07
3.24571e-07
3.18778e-07
3.16681e-07
3.1087e-07
2.93414e-07
2.48323e-07
1.85861e-07
1.29774e-07
1.04232e-07
1.13949e-07
1.46603e-07
1.79368e-07
1.97413e-07
1.97103e-07
1.78277e-07
1.48208e-07
1.15956e-07
6.779e-08
0
8.74157e-08
4.55461e-08
1.10491e-07
2.33089e-07
1.66557e-07
2.41651e-07
2.47733e-07
2.99864e-08
9.28841e-08
0
0
0
0
0
2.46433e-07
4.96223e-06
1.87586e-05
6.82879e-06
3.11234e-06
0
0
0
0
0
7.49411e-06
2.10142e-05
3.0284e-05
4.18139e-05
5.04976e-05
5.67396e-05
6.12871e-05
0
0
9.13255e-06
1.31668e-05
1.19839e-05
1.15894e-05
1.11247e-05
1.10438e-05
1.35434e-05
1.44134e-05
9.82991e-06
3.0321e-06
0
0
0
4.91369e-07
5.62053e-06
4.96762e-06
1.71623e-06
0
0
0
0
0
9.34068e-08
3.43052e-09
0
0
0
0
0
0
0
0
0
0
0
0
5.97514e-08
7.27123e-07
1.70464e-06
2.39842e-06
2.29339e-06
1.18953e-06
5.23526e-07
0
0
0
0
0
0
0
0
0
0
0
0
0
0
0
0
0
0
0
0
0
0
0
0
5.4354e-07
1.8332e-06
3.28898e-06
4.65276e-06
5.60998e-06
6.04347e-06
5.32073e-06
1.94852e-06
0
0
0
0
0
0
7.98353e-07
1.57036e-06
9.63768e-07
3.52183e-07
4.90253e-07
5.75252e-07
0
0
0
0
0
0
0
0
0
0
0
0
0
0
2.11477e-08
6.68111e-08
0
0
0
0
0
0
0
0
0
0
0
0
0
0
4.87556e-08
1.00252e-07
1.43175e-07
1.80491e-07
2.194e-07
2.59171e-07
2.97494e-07
3.34287e-07
3.52056e-07
3.54425e-07
3.38342e-07
3.12449e-07
3.02301e-07
3.01485e-07
3.01753e-07
2.95354e-07
2.71809e-07
2.14198e-07
1.45849e-07
9.72534e-08
9.35478e-08
1.18671e-07
1.56987e-07
1.86114e-07
1.99664e-07
2.01548e-07
1.83908e-07
1.6057e-07
1.2839e-07
0
0
0
1.18443e-07
2.39286e-07
1.78108e-07
2.53805e-07
2.57357e-07
2.63783e-08
1.09869e-07
0
0
0
0
0
1.46576e-06
9.33244e-06
2.49387e-05
1.34709e-06
2.24132e-07
0
0
0
0
0
5.97968e-06
2.26277e-05
3.58515e-05
4.86813e-05
5.86081e-05
6.38632e-05
6.99484e-05
1.02368e-05
0
3.93097e-06
1.23513e-05
1.18283e-05
1.1291e-05
1.0537e-05
9.99243e-06
1.27794e-05
1.3332e-05
6.58273e-06
1.53753e-07
0
0
0
2.81222e-06
7.53312e-06
4.01043e-06
6.57624e-08
0
0
0
0
0
0
0
0
0
0
0
0
0
0
0
0
0
0
0
1.41542e-08
1.13949e-06
1.96935e-06
2.29545e-06
1.82889e-06
1.18832e-07
6.35069e-07
3.48584e-07
0
0
0
0
0
0
0
0
0
0
0
0
0
0
0
0
0
0
0
0
0
0
0
0
9.61632e-07
2.00088e-06
2.75357e-06
3.05363e-06
2.96995e-06
2.28726e-06
7.61991e-07
0
0
0
0
0
0
7.85903e-07
1.66757e-06
8.04025e-07
0
3.93039e-08
4.23614e-07
0
0
0
0
0
0
6.58941e-08
0
0
0
0
0
0
0
0
1.04196e-07
0
0
0
0
0
0
0
0
0
0
0
0
0
9.96494e-09
6.68256e-08
1.13916e-07
1.51048e-07
1.81047e-07
2.0876e-07
2.40067e-07
2.71541e-07
3.04215e-07
3.25156e-07
3.29648e-07
3.20344e-07
2.93262e-07
2.79116e-07
2.76656e-07
2.80095e-07
2.76958e-07
2.62851e-07
2.21908e-07
1.59395e-07
1.04701e-07
8.62991e-08
9.76919e-08
1.31642e-07
1.7254e-07
1.98509e-07
2.08579e-07
2.00491e-07
1.79544e-07
1.45767e-07
2.42646e-08
0
0
1.50318e-07
2.45799e-07
2.00141e-07
2.42657e-07
2.43187e-07
1.22218e-08
8.27718e-08
0
0
0
0
0
2.15669e-06
1.26322e-05
1.88608e-05
0
0
0
0
0
0
0
6.05854e-06
2.40004e-05
4.24182e-05
5.71517e-05
6.83298e-05
7.16122e-05
7.5918e-05
6.41779e-05
0
0
1.10105e-05
1.12992e-05
1.0581e-05
9.55797e-06
8.64307e-06
1.14471e-05
1.08346e-05
2.54682e-06
0
0
0
0
6.04467e-06
7.91868e-06
1.90926e-06
0
0
0
0
0
0
0
2.91233e-09
0
0
0
0
0
0
0
0
0
0
0
0
0
9.9844e-07
1.72639e-06
1.71642e-06
5.98813e-07
0
3.58279e-06
1.84406e-06
4.89317e-07
0
0
0
0
0
0
0
0
0
0
0
0
0
0
0
0
0
0
0
0
0
0
0
1.30816e-07
8.04251e-07
1.17235e-06
1.2676e-06
1.1825e-06
8.24248e-07
2.53856e-07
0
0
0
0
0
0
4.62511e-07
1.47502e-06
4.34459e-07
0
0
2.74088e-07
0
0
0
0
0
0
1.44916e-07
1.87687e-07
6.36012e-08
0
0
0
0
0
0
0
0
0
0
0
0
0
0
0
0
0
0
0
0
2.54212e-08
8.0787e-08
1.24983e-07
1.57936e-07
1.8312e-07
2.03334e-07
2.2709e-07
2.53193e-07
2.77238e-07
2.92048e-07
2.9556e-07
2.86794e-07
2.63518e-07
2.49611e-07
2.45542e-07
2.48642e-07
2.45847e-07
2.30631e-07
2.00993e-07
1.54559e-07
1.11839e-07
8.90366e-08
8.98287e-08
1.12596e-07
1.5844e-07
1.95635e-07
2.07887e-07
2.0471e-07
1.88386e-07
1.51917e-07
4.6873e-08
0
5.89421e-08
1.64792e-07
2.39443e-07
1.99634e-07
2.02681e-07
1.96465e-07
0
0
0
0
0
0
0
2.12834e-06
1.29971e-05
0
0
0
0
0
0
0
0
7.26687e-06
2.52267e-05
4.82731e-05
6.49949e-05
7.73353e-05
7.77274e-05
7.78964e-05
9.16358e-05
0
0
8.79051e-06
1.00364e-05
9.26297e-06
8.02397e-06
6.83952e-06
9.28643e-06
7.06479e-06
0
0
0
0
0
8.59978e-06
5.94204e-06
0
0
0
0
0
0
0
0
0
0
0
0
0
0
0
0
0
0
0
0
0
0
7.11862e-07
1.37135e-06
1.17197e-06
0
0
5.07513e-06
4.05519e-06
1.57816e-06
3.90833e-08
0
0
0
0
0
0
0
0
0
0
0
0
0
0
0
0
0
0
0
0
0
0
0
0
1.74487e-07
2.66109e-07
2.83923e-07
1.66051e-07
6.60916e-08
1.09414e-08
0
0
0
0
0
0
1.06675e-06
1.15981e-07
0
0
1.43527e-07
0
0
0
0
0
0
3.92529e-08
2.97806e-07
2.1584e-07
2.41161e-08
0
0
0
0
0
0
0
0
0
0
0
0
0
0
0
0
0
0
0
3.46536e-08
8.69619e-08
1.29837e-07
1.61304e-07
1.84273e-07
1.98275e-07
2.14546e-07
2.35135e-07
2.54327e-07
2.6778e-07
2.70538e-07
2.6283e-07
2.45644e-07
2.3199e-07
2.25886e-07
2.25735e-07
2.22089e-07
2.04876e-07
1.8028e-07
1.51954e-07
1.24518e-07
1.04584e-07
9.89722e-08
1.13e-07
1.57385e-07
2.04398e-07
2.19069e-07
2.18797e-07
2.10598e-07
1.74418e-07
1.03574e-07
1.3021e-07
1.47201e-07
1.55558e-07
2.2403e-07
1.82854e-07
1.53779e-07
1.22185e-07
0
0
0
0
0
0
1.16111e-06
1.50907e-06
7.99756e-06
0
0
0
0
0
0
0
1.49227e-06
1.06853e-05
2.93429e-05
5.63901e-05
7.56539e-05
9.03657e-05
8.87097e-05
8.38514e-05
0.000105161
4.2393e-07
0
6.48211e-06
8.74975e-06
8.10664e-06
6.77859e-06
5.35137e-06
6.80706e-06
3.66957e-06
0
0
5.27454e-07
0
0
8.13542e-06
9.32507e-07
0
0
0
0
0
0
0
0
0
0
0
0
0
4.16235e-08
4.36988e-08
2.20386e-08
0
2.8588e-08
4.2984e-07
1.0583e-06
0
0
8.94345e-07
1.14717e-06
6.93207e-07
0
2.36906e-07
3.90609e-06
4.57427e-06
2.33083e-06
3.47161e-07
0
0
0
0
0
0
0
0
0
0
0
0
0
0
0
0
0
0
0
0
0
0
0
0
0
0
0
0
0
2.91938e-07
1.88782e-07
0
0
0
0
0
7.7731e-07
0
0
0
1.12542e-08
0
0
0
0
0
0
0
3.24363e-07
2.92492e-07
1.29777e-07
0
0
0
0
0
0
0
8.34411e-08
0
0
0
0
0
0
0
0
0
0
0
3.95201e-08
8.39842e-08
1.23129e-07
1.52354e-07
1.72762e-07
1.86202e-07
2.00202e-07
2.15956e-07
2.29564e-07
2.38055e-07
2.39733e-07
2.35914e-07
2.27315e-07
2.15929e-07
2.06186e-07
2.00134e-07
1.92221e-07
1.76401e-07
1.59246e-07
1.48706e-07
1.38892e-07
1.24888e-07
1.15837e-07
1.22258e-07
1.58855e-07
2.05696e-07
2.21937e-07
2.25572e-07
2.23171e-07
1.87793e-07
1.54714e-07
2.01836e-07
1.74425e-07
1.06768e-07
1.84708e-07
1.4889e-07
9.33125e-08
1.68704e-08
0
0
0
0
0
0
2.23368e-06
5.92259e-07
0
0
0
0
0
0
0
0
3.68193e-06
1.49709e-05
3.42927e-05
6.09296e-05
7.94111e-05
9.38307e-05
9.39045e-05
8.3398e-05
0.00010504
0.000122514
0
4.12342e-06
6.76761e-06
6.45e-06
5.17467e-06
3.5385e-06
3.92535e-06
1.8609e-06
6.68141e-08
4.73197e-07
8.29271e-07
0
0
2.80414e-06
0
0
0
0
0
0
0
0
0
0
0
0
0
7.26689e-09
5.60149e-08
7.85853e-08
6.78604e-08
6.60819e-08
1.05608e-07
4.05289e-07
6.85958e-07
0
0
7.08173e-07
8.50636e-07
4.04186e-07
0
4.91909e-07
2.81909e-06
3.90564e-06
2.32165e-06
5.29696e-07
0
0
0
0
0
0
0
0
0
0
0
0
0
0
0
0
0
0
0
0
0
0
0
0
0
0
0
0
1.31028e-07
4.97462e-07
2.96599e-07
0
0
0
0
0
7.76467e-07
0
0
0
0
0
0
0
0
0
0
7.17358e-08
3.42771e-07
3.02234e-07
1.84262e-07
2.96288e-08
0
0
0
0
0
0
2.33405e-07
9.16097e-08
0
0
0
0
0
0
0
0
0
1.17311e-08
4.30335e-08
8.00413e-08
1.16624e-07
1.45711e-07
1.66229e-07
1.80676e-07
1.92198e-07
2.02928e-07
2.12562e-07
2.1888e-07
2.21637e-07
2.21427e-07
2.19009e-07
2.11069e-07
1.97519e-07
1.86234e-07
1.75658e-07
1.61658e-07
1.55378e-07
1.585e-07
1.60301e-07
1.53885e-07
1.41199e-07
1.40423e-07
1.66351e-07
2.0518e-07
2.22496e-07
2.27536e-07
2.20088e-07
1.81456e-07
1.68466e-07
2.15888e-07
1.75655e-07
3.58309e-08
1.41349e-07
1.2325e-07
4.20932e-08
0
0
0
0
0
0
0
2.88809e-06
0
0
0
0
0
0
0
0
0
5.59666e-06
1.98964e-05
4.14127e-05
6.56305e-05
8.1264e-05
9.06523e-05
9.93632e-05
8.41815e-05
0.000102559
0.00017426
8.82634e-06
3.16942e-06
5.1966e-06
5.13645e-06
3.82736e-06
1.91858e-06
1.6386e-06
1.505e-06
8.51556e-07
6.28429e-07
0
0
0
0
0
0
0
0
0
0
0
0
0
0
0
0
1.05245e-08
4.79337e-08
1.14843e-07
1.57873e-07
9.19054e-08
5.44956e-08
1.56898e-07
2.15794e-07
1.49012e-07
0
0
6.49956e-07
9.4902e-07
7.12339e-07
6.37557e-07
1.40143e-06
3.09813e-06
3.54322e-06
1.87707e-06
5.28823e-07
0
0
0
0
0
0
0
0
0
0
0
0
0
0
0
0
0
0
0
0
0
0
0
0
0
0
0
0
0
0
0
0
0
0
0
0
1.10731e-06
0
0
0
0
0
0
0
0
0
0
3.13283e-07
4.43513e-07
3.04755e-07
1.84926e-07
7.22434e-08
0
0
0
0
0
0
2.45759e-07
4.10538e-08
0
0
0
0
0
0
0
0
0
2.08238e-08
4.43924e-08
7.52919e-08
1.10305e-07
1.40861e-07
1.62932e-07
1.77137e-07
1.85957e-07
1.92998e-07
2.00249e-07
2.06189e-07
2.10375e-07
2.13887e-07
2.13813e-07
2.09295e-07
1.9348e-07
1.7413e-07
1.60624e-07
1.52534e-07
1.59791e-07
1.76778e-07
1.83443e-07
1.78912e-07
1.66651e-07
1.58466e-07
1.73162e-07
1.99875e-07
2.15282e-07
2.17591e-07
2.00342e-07
1.63478e-07
1.63832e-07
2.17944e-07
1.69711e-07
0
9.87022e-08
1.11223e-07
1.76135e-08
0
1.35518e-08
4.59314e-07
0
0
0
0
3.18032e-06
1.88729e-07
0
0
0
0
0
0
0
1.78636e-06
6.93978e-06
2.39469e-05
5.00042e-05
7.08809e-05
8.31927e-05
8.42018e-05
0.000102923
8.56723e-05
9.9023e-05
0.000167296
3.46134e-05
4.27075e-06
3.98648e-06
3.87731e-06
2.46981e-06
3.71295e-07
0
9.48326e-07
5.31595e-07
0
0
0
0
0
0
0
0
0
0
0
0
1.88623e-09
0
2.51711e-09
3.22289e-08
6.30558e-08
4.62481e-08
4.97136e-08
7.23654e-08
6.95027e-08
5.20284e-08
1.25094e-08
1.04505e-09
1.3129e-08
0
0
0
4.05563e-07
1.04344e-06
1.22024e-06
1.41744e-06
2.52848e-06
4.39567e-06
3.94021e-06
1.37285e-06
5.62451e-07
2.13369e-07
5.25024e-08
1.15109e-09
0
0
0
0
0
0
0
0
0
0
0
0
0
0
0
0
2.3215e-07
3.37665e-07
1.28392e-07
1.71701e-08
4.98682e-09
0
0
0
0
0
0
0
6.19656e-07
0
0
0
1.10361e-06
1.53327e-06
0
0
0
0
0
0
0
0
0
0
5.51983e-07
6.08537e-07
3.50889e-07
1.72942e-07
7.57178e-08
1.28538e-08
0
0
0
0
0
0
0
0
0
0
0
0
0
0
0
1.1611e-08
2.65507e-08
4.39737e-08
6.90284e-08
1.0143e-07
1.3236e-07
1.55504e-07
1.68896e-07
1.74532e-07
1.8027e-07
1.88199e-07
1.95856e-07
2.02049e-07
2.07911e-07
2.09025e-07
2.05853e-07
1.91291e-07
1.66341e-07
1.44842e-07
1.42415e-07
1.62756e-07
1.89705e-07
1.98114e-07
1.92361e-07
1.80923e-07
1.70343e-07
1.77484e-07
1.93887e-07
2.03944e-07
2.02898e-07
1.76976e-07
1.45678e-07
1.60622e-07
2.19514e-07
1.45629e-07
0
5.51762e-08
1.06552e-07
8.70445e-08
3.64009e-07
1.08289e-06
1.32265e-06
0
0
0
0
3.37084e-06
1.18943e-06
0
0
0
0
2.52485e-08
1.53657e-07
1.47854e-06
4.25512e-06
8.36851e-06
2.63892e-05
5.99069e-05
7.77846e-05
8.6983e-05
9.15452e-05
0.000107893
8.81872e-05
9.53727e-05
0.000146598
5.57619e-05
7.33786e-06
3.25595e-06
2.77815e-06
1.28506e-06
0
0
0
0
0
0
0
0
0
0
0
0
0
0
0
0
0
0
1.07241e-08
4.74517e-08
5.30798e-08
4.64797e-08
5.05128e-08
5.87952e-08
4.93964e-08
2.72155e-08
3.65671e-09
0
0
0
0
0
0
3.12491e-07
6.9014e-07
1.07943e-06
2.27473e-06
4.56662e-06
3.60179e-06
1.03529e-06
6.85458e-07
3.15583e-07
1.32797e-07
5.72625e-08
9.0753e-09
0
0
0
0
0
0
0
0
0
0
0
0
0
0
0
3.80232e-07
1.46573e-06
1.52265e-06
0
0
0
0
0
0
0
1.70294e-07
1.10502e-06
2.89251e-06
2.31877e-06
2.81666e-06
2.83952e-06
2.29891e-06
1.59442e-06
0
0
0
0
0
0
0
0
0
0
6.73169e-07
7.20689e-07
4.16715e-07
1.84015e-07
7.03253e-08
2.94387e-08
1.63342e-08
8.54159e-09
0
0
0
0
0
0
0
0
0
5.98625e-08
3.17484e-08
1.10455e-08
1.38749e-08
2.35979e-08
3.3836e-08
4.59853e-08
6.49674e-08
9.25675e-08
1.20745e-07
1.41382e-07
1.53292e-07
1.55421e-07
1.59351e-07
1.68956e-07
1.79978e-07
1.89717e-07
1.98409e-07
2.01233e-07
1.99294e-07
1.86968e-07
1.59665e-07
1.2644e-07
1.18496e-07
1.42641e-07
1.76356e-07
1.90684e-07
1.88914e-07
1.8257e-07
1.75463e-07
1.7952e-07
1.88216e-07
1.92542e-07
1.87548e-07
1.52569e-07
1.31779e-07
1.65458e-07
2.14301e-07
6.2642e-08
0
0
7.19811e-08
3.06209e-07
2.4235e-07
1.86872e-06
2.18994e-06
0
0
0
0
3.71334e-06
2.70242e-06
0
0
1.79704e-06
1.78994e-06
1.4434e-06
1.52362e-06
2.94471e-06
6.36667e-06
1.00352e-05
2.74503e-05
6.96553e-05
8.41882e-05
8.905e-05
0.000112195
0.000124032
9.14197e-05
9.18812e-05
0.000125197
6.41267e-05
1.12497e-05
3.00883e-06
1.7449e-06
4.14175e-08
0
0
0
0
0
0
0
0
0
0
0
0
0
0
0
0
0
0
8.50044e-09
7.54713e-08
1.0797e-07
1.05045e-07
8.84679e-08
6.78315e-08
4.41636e-08
1.81816e-08
0
0
0
0
0
0
0
0
0
2.62539e-07
6.26e-07
2.72684e-07
1.06968e-07
9.50833e-07
5.85694e-07
2.32863e-07
9.23797e-08
3.7887e-08
0
0
0
0
0
0
0
0
0
0
0
0
0
3.81315e-07
4.95282e-07
2.09585e-07
1.64335e-07
2.75668e-06
4.88298e-06
0
0
0
2.93006e-07
9.11916e-08
0
0
0
1.32077e-07
3.98495e-07
3.76108e-07
2.21849e-06
2.97547e-06
2.19933e-06
1.40174e-06
0
0
0
0
0
0
0
0
0
0
6.92964e-07
7.20237e-07
4.42291e-07
2.10345e-07
8.01326e-08
3.34225e-08
2.71631e-08
3.19351e-08
3.5434e-08
2.23452e-08
0
0
0
0
0
0
0
1.13431e-07
7.5528e-08
3.58766e-08
3.13857e-08
3.67806e-08
4.41448e-08
5.36025e-08
6.83483e-08
9.07141e-08
1.14341e-07
1.31112e-07
1.38878e-07
1.37098e-07
1.37471e-07
1.45386e-07
1.58232e-07
1.72042e-07
1.84208e-07
1.89117e-07
1.8717e-07
1.75171e-07
1.49754e-07
1.16311e-07
9.66356e-08
1.04802e-07
1.34248e-07
1.57539e-07
1.66989e-07
1.7125e-07
1.739e-07
1.78727e-07
1.81824e-07
1.81493e-07
1.70771e-07
1.27632e-07
1.2761e-07
1.7535e-07
1.91125e-07
0
0
0
0
0
0
2.34885e-06
3.17491e-06
0
0
0
0
4.31404e-06
4.45646e-06
0
0
4.92944e-05
4.75953e-06
2.7998e-06
2.48675e-06
3.96827e-06
7.88018e-06
1.1209e-05
2.62252e-05
7.63676e-05
8.87241e-05
8.73854e-05
0.000123061
0.000156237
9.60197e-05
8.89684e-05
0.000105906
6.18828e-05
1.40036e-05
2.47199e-06
2.44961e-07
0
0
0
0
0
0
0
0
0
0
0
0
0
0
0
1.57404e-06
3.06069e-08
7.66308e-09
3.41366e-08
8.59622e-08
1.41046e-07
1.76414e-07
1.72792e-07
1.3472e-07
8.62985e-08
4.31052e-08
9.73277e-09
0
0
0
0
0
0
0
0
0
0
0
0
7.05488e-09
3.43522e-07
2.17654e-07
8.61856e-08
3.50613e-08
1.91424e-08
5.28874e-10
0
0
0
0
0
0
0
0
0
0
0
0
2.24095e-07
0
0
1.80006e-06
4.25469e-06
7.5623e-06
2.59767e-06
0
0
0
0
0
0
0
9.2627e-08
0
1.05229e-07
1.74561e-06
1.99299e-06
1.30505e-06
9.06714e-07
0
0
0
0
0
0
0
0
0
0
7.03323e-07
6.13528e-07
3.78103e-07
1.96396e-07
8.6021e-08
3.42354e-08
1.79835e-08
1.82978e-08
2.32369e-08
2.04859e-08
8.0969e-09
2.45146e-09
8.39884e-09
1.40147e-08
3.51171e-09
0
0
0
1.17315e-07
6.43203e-08
4.94461e-08
4.90068e-08
5.46869e-08
6.47136e-08
7.86451e-08
9.71362e-08
1.1587e-07
1.29011e-07
1.32623e-07
1.28501e-07
1.25639e-07
1.28209e-07
1.37601e-07
1.51889e-07
1.66624e-07
1.7294e-07
1.68758e-07
1.5506e-07
1.36397e-07
1.16663e-07
9.59892e-08
8.31519e-08
9.12192e-08
1.12241e-07
1.31964e-07
1.48823e-07
1.64157e-07
1.73804e-07
1.74335e-07
1.71034e-07
1.53107e-07
1.09653e-07
1.36659e-07
1.85023e-07
1.48162e-07
0
0
0
0
0
0
2.58913e-06
4.27224e-06
0
0
0
0
5.11907e-06
6.16267e-06
4.5931e-07
0
6.60995e-05
6.45035e-06
3.95217e-06
3.22619e-06
4.65452e-06
8.7946e-06
1.22469e-05
2.35242e-05
7.80044e-05
9.34297e-05
8.52336e-05
0.000117285
0.000178287
0.000102484
8.64488e-05
8.93188e-05
5.41931e-05
1.46816e-05
1.51998e-06
0
0
0
0
0
0
0
0
0
0
0
0
0
0
0
9.28848e-07
3.05094e-06
1.12629e-07
1.28676e-07
2.63478e-07
4.2777e-07
4.51546e-07
3.48861e-07
2.20286e-07
1.18601e-07
5.38397e-08
1.77994e-08
0
0
0
0
0
0
0
3.0921e-09
7.36107e-09
1.1085e-08
0
0
0
8.74343e-09
6.58807e-08
5.17254e-08
2.68495e-08
9.69003e-09
2.27075e-09
0
0
0
0
0
0
0
0
0
0
0
0
0
0
0
5.90234e-07
2.58172e-06
5.46148e-06
6.03857e-06
1.42908e-06
0
0
0
0
0
1.43981e-07
3.76721e-07
5.99912e-07
4.18723e-07
4.54219e-07
8.96733e-07
7.81582e-07
6.00691e-07
2.46613e-07
0
0
0
1.52397e-07
5.55565e-07
1.27242e-06
0
0
0
4.5559e-07
6.69785e-07
4.60606e-07
2.70006e-07
1.49359e-07
7.9358e-08
3.95589e-08
1.58432e-08
2.76328e-09
9.94098e-10
6.74736e-09
1.7141e-08
3.57203e-08
5.6583e-08
6.5068e-08
5.33228e-08
3.14182e-08
6.59556e-09
0
1.51912e-08
9.30024e-08
6.8874e-08
5.84722e-08
6.1219e-08
7.29399e-08
8.92111e-08
1.05708e-07
1.19484e-07
1.29009e-07
1.30996e-07
1.2835e-07
1.25372e-07
1.23805e-07
1.26178e-07
1.34596e-07
1.48091e-07
1.54233e-07
1.47032e-07
1.34726e-07
1.27541e-07
1.22748e-07
1.08265e-07
8.7229e-08
7.17875e-08
7.4646e-08
9.39395e-08
1.20265e-07
1.46421e-07
1.64673e-07
1.66898e-07
1.62495e-07
1.38681e-07
1.09059e-07
1.53944e-07
1.90562e-07
1.11529e-07
0
0
0
0
1.06314e-07
0
2.77517e-06
5.01413e-06
0
0
0
2.57885e-07
5.93946e-06
7.57209e-06
2.72325e-06
0
5.47951e-05
6.53382e-06
5.03872e-06
3.99553e-06
5.25514e-06
9.40997e-06
1.33407e-05
2.05183e-05
7.21101e-05
9.74359e-05
7.99937e-05
0.000101928
0.00016072
0.000107283
8.36425e-05
7.54895e-05
4.53721e-05
1.39051e-05
8.75328e-07
0
0
0
0
0
0
0
0
0
0
0
0
0
0
0
2.14274e-06
3.57267e-06
0
0
3.00732e-08
1.2555e-07
1.76943e-07
1.46577e-07
8.68476e-08
3.54933e-08
3.70337e-09
0
0
0
0
0
0
0
0
0
2.20775e-09
0
0
0
0
1.8806e-10
1.27309e-08
1.23195e-08
6.86899e-09
0
0
0
0
0
0
0
0
0
0
0
0
0
0
0
0
0
1.69998e-07
3.65138e-06
7.74243e-06
4.17278e-06
0
0
0
0
2.43632e-07
4.43701e-07
5.65944e-07
7.70509e-07
9.90227e-07
2.43576e-07
0
0
8.83041e-08
1.04358e-07
0
0
0
6.61736e-08
2.76556e-07
1.11034e-06
3.61833e-06
8.5382e-06
0
3.19683e-07
6.53526e-07
4.90079e-07
2.99474e-07
1.74305e-07
1.04589e-07
6.72237e-08
4.45986e-08
2.63133e-08
8.40742e-09
0
0
6.97083e-09
3.19973e-08
5.30911e-08
6.29931e-08
5.77101e-08
4.28028e-08
2.72737e-08
0
0
4.87273e-08
7.16205e-08
6.06547e-08
6.18894e-08
7.59858e-08
9.53936e-08
1.1041e-07
1.19525e-07
1.25683e-07
1.27995e-07
1.28562e-07
1.28312e-07
1.26615e-07
1.23512e-07
1.22632e-07
1.30158e-07
1.35325e-07
1.29131e-07
1.24624e-07
1.2917e-07
1.32052e-07
1.23572e-07
1.05318e-07
7.76001e-08
5.78674e-08
6.49021e-08
9.15593e-08
1.25506e-07
1.52936e-07
1.61369e-07
1.55959e-07
1.3162e-07
1.25886e-07
1.72566e-07
1.94422e-07
1.1878e-07
0
0
0
1.56326e-07
6.33246e-07
6.19801e-07
3.64229e-06
4.79893e-06
0
0
0
5.86277e-07
6.53366e-06
8.52748e-06
4.40722e-06
3.50516e-07
3.61399e-05
4.30799e-06
6.18015e-06
5.02367e-06
5.72193e-06
9.5352e-06
1.34984e-05
1.81049e-05
5.45133e-05
9.98971e-05
7.21897e-05
8.67414e-05
0.000128419
0.000103605
7.84168e-05
6.46299e-05
3.68105e-05
1.15831e-05
0
0
0
0
0
0
0
0
0
0
0
0
0
0
0
8.63268e-07
2.70665e-06
3.31094e-06
0
0
0
6.71932e-08
1.07707e-07
8.55584e-08
4.38575e-08
1.04528e-08
0
0
0
0
0
0
0
0
0
2.0102e-09
5.73338e-09
4.52207e-09
0
0
0
0
0
0
0
1.51027e-09
0
0
0
0
0
0
0
0
0
0
0
0
0
0
0
0
0
7.1151e-06
7.63479e-06
2.10578e-06
0
0
0
9.83086e-08
5.37586e-07
8.10645e-07
1.04807e-06
1.79316e-06
1.10891e-06
3.54654e-07
1.44862e-07
5.61605e-08
4.27069e-08
6.43059e-09
0
0
0
7.65029e-08
3.07304e-07
1.27535e-06
3.74044e-06
4.25732e-06
9.55198e-07
6.72353e-07
4.84338e-07
3.14646e-07
1.92611e-07
1.1845e-07
7.89597e-08
5.94618e-08
4.86815e-08
3.96795e-08
2.90081e-08
1.7378e-08
7.43619e-09
5.42644e-09
1.21297e-08
2.32319e-08
3.59599e-08
4.38549e-08
3.99953e-08
3.05654e-08
5.02365e-09
0
0
3.2562e-08
4.35715e-08
5.5275e-08
7.72907e-08
9.91468e-08
1.11776e-07
1.17172e-07
1.20528e-07
1.23148e-07
1.26201e-07
1.28072e-07
1.27495e-07
1.22842e-07
1.1474e-07
1.15792e-07
1.21745e-07
1.23414e-07
1.28792e-07
1.37457e-07
1.40536e-07
1.35973e-07
1.2446e-07
9.62499e-08
6.1137e-08
5.26055e-08
7.12082e-08
1.05686e-07
1.43692e-07
1.5741e-07
1.51651e-07
1.33009e-07
1.47063e-07
1.88294e-07
2.01672e-07
1.60762e-07
0
0
0
8.43012e-08
9.32919e-07
3.33303e-06
5.4317e-06
3.65968e-06
0
0
0
6.61861e-07
6.6788e-06
8.9941e-06
5.69866e-06
3.40146e-06
8.93794e-06
0
6.99478e-06
6.28537e-06
6.22321e-06
8.77434e-06
1.2784e-05
1.68608e-05
3.12878e-05
9.73717e-05
6.40057e-05
7.2331e-05
0.000103449
9.31339e-05
6.89419e-05
5.50873e-05
3.03041e-05
7.84633e-06
0
0
0
0
0
0
0
0
0
0
0
0
0
0
0
1.42276e-06
2.49685e-06
2.61975e-06
1.93436e-07
0
0
7.72341e-09
4.32045e-08
3.48027e-08
9.21034e-09
0
0
0
0
0
0
0
0
0
3.51927e-09
1.10842e-08
1.67542e-08
1.51339e-08
3.3305e-09
0
0
0
0
1.4422e-08
3.44118e-08
3.72592e-08
9.7239e-09
0
0
0
0
0
0
0
0
0
0
0
0
0
0
0
0
9.84913e-06
5.55253e-06
4.10972e-07
0
0
0
0
2.87208e-07
7.44501e-07
1.31688e-06
7.79145e-07
3.65361e-07
2.10376e-07
1.33212e-07
7.93058e-08
5.91025e-08
3.31655e-08
0
1.21118e-08
3.00588e-08
6.07805e-08
1.87016e-07
7.35351e-07
1.82346e-06
9.69034e-07
5.48026e-07
4.02561e-07
2.72428e-07
1.77915e-07
1.16054e-07
8.02993e-08
6.132e-08
5.16713e-08
4.683e-08
4.33869e-08
3.92401e-08
3.49427e-08
3.03013e-08
2.64704e-08
2.44851e-08
2.54302e-08
3.15726e-08
4.11716e-08
4.18083e-08
3.30245e-08
7.24989e-09
0
0
0
1.91002e-08
4.3443e-08
7.22968e-08
9.26168e-08
1.01563e-07
1.04741e-07
1.05819e-07
1.08652e-07
1.12559e-07
1.14454e-07
1.14009e-07
1.10431e-07
1.02378e-07
1.01138e-07
1.11444e-07
1.21906e-07
1.30103e-07
1.35589e-07
1.36945e-07
1.34924e-07
1.28392e-07
1.03747e-07
6.51783e-08
4.82709e-08
5.69762e-08
8.78824e-08
1.27345e-07
1.43819e-07
1.39153e-07
1.30423e-07
1.53729e-07
1.87605e-07
1.95956e-07
1.86103e-07
5.76404e-08
0
0
0
9.6909e-07
7.13317e-06
8.22593e-06
2.54884e-06
0
0
0
1.52708e-07
5.92749e-06
8.64594e-06
6.25554e-06
3.11282e-06
0
0
5.99432e-06
6.91793e-06
6.61453e-06
8.28198e-06
1.13306e-05
1.52546e-05
1.83216e-05
7.15273e-05
5.65554e-05
5.89197e-05
8.24473e-05
8.25868e-05
5.63154e-05
4.29701e-05
2.35431e-05
3.83374e-06
0
0
0
0
0
0
0
0
0
0
0
0
0
0
0
1.29791e-06
1.68535e-06
1.95895e-06
1.12401e-06
4.70081e-07
1.16891e-07
4.05389e-08
3.79296e-08
2.97578e-08
3.84958e-09
0
0
0
0
0
0
0
0
0
0
3.24423e-10
2.55068e-08
3.81318e-08
2.76266e-08
5.86652e-10
0
0
3.44421e-08
1.09584e-07
1.92976e-07
1.86198e-07
6.52535e-08
0
0
0
0
0
0
0
0
0
0
0
0
0
0
0
6.7249e-06
1.80637e-05
1.08895e-05
4.65164e-07
0
0
0
0
0
0
3.45803e-08
7.84934e-08
5.99368e-08
6.05808e-08
5.56569e-08
4.35082e-08
3.30716e-08
1.22975e-08
1.04951e-08
2.57238e-08
3.43622e-08
4.52607e-08
8.50184e-08
2.0649e-07
2.59269e-07
2.17943e-07
2.28153e-07
1.94045e-07
1.32875e-07
8.52896e-08
5.73863e-08
4.46481e-08
3.90107e-08
3.59219e-08
3.40457e-08
3.26985e-08
3.13916e-08
3.09378e-08
3.09378e-08
3.04094e-08
2.93461e-08
2.8563e-08
3.14753e-08
3.91117e-08
4.19301e-08
3.49256e-08
7.66477e-09
0
0
0
1.14039e-08
3.71901e-08
6.24393e-08
7.7498e-08
8.33279e-08
8.47385e-08
8.58119e-08
8.97052e-08
9.39511e-08
9.44706e-08
9.2559e-08
8.97482e-08
8.53444e-08
8.57409e-08
9.82577e-08
1.13982e-07
1.21499e-07
1.24584e-07
1.25902e-07
1.2493e-07
1.17366e-07
9.1001e-08
5.54634e-08
3.98958e-08
4.48011e-08
7.17257e-08
1.08264e-07
1.24573e-07
1.21279e-07
1.21736e-07
1.48128e-07
1.69563e-07
1.7298e-07
1.78462e-07
4.93558e-08
0
0
0
1.06432e-06
1.1344e-05
1.17772e-05
1.99924e-06
0
0
0
0
4.22155e-06
7.52631e-06
5.55399e-06
7.34696e-07
0
0
1.67246e-06
6.38499e-06
6.5074e-06
7.71195e-06
9.66285e-06
1.27926e-05
1.52022e-05
1.46881e-05
4.87557e-05
4.78007e-05
6.35355e-05
7.66057e-05
4.78367e-05
3.17119e-05
1.49959e-05
4.3236e-08
0
0
0
0
0
0
0
0
0
0
0
0
0
0
0
4.57663e-07
7.24532e-07
1.69703e-06
1.35299e-06
1.1274e-06
6.45743e-07
3.24923e-07
1.48863e-07
4.31931e-08
0
0
0
0
0
0
0
0
0
0
4.51404e-09
2.71639e-08
4.80492e-08
5.88185e-08
5.1452e-08
2.47286e-08
0
1.19487e-09
9.55158e-08
2.79813e-07
3.67448e-07
2.27527e-07
7.20838e-08
0
0
0
0
8.36833e-09
1.88436e-08
2.22863e-08
3.00421e-08
5.90631e-08
1.46877e-07
3.06384e-07
4.29541e-07
6.39308e-07
1.84261e-06
5.668e-06
9.6051e-06
1.07495e-05
5.71465e-06
1.0166e-06
0
0
0
0
0
0
0
0
0
0
0
0
0
0
0
0
0
0
0
0
0
0
2.59226e-08
2.65751e-08
8.09668e-09
0
0
0
0
0
0
0
0
0
0
5.47298e-10
6.71169e-10
8.06955e-10
2.89066e-09
9.7558e-09
1.81597e-08
2.27873e-08
9.46442e-09
0
0
0
1.05668e-08
2.70672e-08
4.17052e-08
5.0121e-08
5.34584e-08
5.47215e-08
5.58375e-08
6.00764e-08
6.48493e-08
6.4809e-08
6.27352e-08
6.1334e-08
6.02741e-08
6.10703e-08
6.976e-08
8.54183e-08
9.45112e-08
9.83929e-08
1.0065e-07
9.87667e-08
8.52725e-08
5.69268e-08
3.14388e-08
2.32594e-08
3.04581e-08
5.36533e-08
8.21901e-08
9.52878e-08
9.40964e-08
1.04076e-07
1.25523e-07
1.32717e-07
1.29488e-07
1.36329e-07
0
0
0
0
1.29379e-06
1.37776e-05
1.45995e-05
1.92334e-06
0
0
0
0
1.25282e-06
4.95558e-06
2.68669e-06
0
0
0
0
4.63577e-06
5.98107e-06
6.88752e-06
8.28469e-06
1.03597e-05
1.29126e-05
4.17806e-06
2.42708e-05
3.70473e-05
4.6855e-05
6.2452e-05
4.63998e-05
2.56477e-05
9.31791e-06
0
0
0
0
0
0
0
0
0
0
0
0
0
0
0
0
0
1.67321e-07
1.77397e-06
9.68801e-07
8.99042e-07
7.03087e-07
4.85442e-07
2.87213e-07
1.27035e-07
1.8671e-08
0
0
9.39526e-09
5.83517e-08
9.52998e-08
1.02375e-07
8.26415e-08
5.08465e-08
1.98503e-08
0
0
0
0
0
0
0
0
0
6.42645e-07
4.89347e-07
2.2026e-07
6.28536e-08
0
0
0
0
2.33656e-09
2.31759e-08
4.13165e-08
6.11325e-08
9.1877e-08
1.44884e-07
2.26274e-07
3.41983e-07
6.33484e-07
1.41949e-06
2.67703e-06
5.48095e-06
6.30102e-06
4.54748e-06
2.04681e-06
0
0
0
0
0
0
0
0
0
0
0
0
0
0
0
0
0
0
0
0
0
0
0
0
0
0
0
0
0
0
0
0
0
0
0
0
0
0
0
0
0
3.19864e-10
1.90746e-08
0
0
0
0
6.45783e-09
1.30695e-08
1.75074e-08
2.01236e-08
2.16451e-08
2.22231e-08
2.56514e-08
3.12519e-08
3.2523e-08
3.26949e-08
3.37182e-08
3.45007e-08
3.49345e-08
3.91023e-08
5.16426e-08
6.3017e-08
6.97867e-08
7.26767e-08
6.59871e-08
4.39026e-08
1.83342e-08
5.3543e-09
6.06596e-09
1.82873e-08
3.88733e-08
5.92519e-08
6.77855e-08
6.78241e-08
8.55641e-08
9.78324e-08
9.60632e-08
8.19517e-08
7.6591e-08
0
0
0
3.0408e-08
2.18098e-06
1.45338e-05
1.64398e-05
2.28473e-06
0
0
0
0
0
7.52422e-07
0
0
0
0
0
1.57953e-06
5.84065e-06
6.50596e-06
7.41458e-06
8.95903e-06
1.10661e-05
1.01308e-05
0
2.42782e-05
3.37243e-05
4.11578e-05
4.08921e-05
2.35783e-05
7.64406e-06
0
0
0
0
0
0
0
0
0
0
0
0
0
0
0
0
0
1.29025e-07
1.8347e-06
6.24517e-07
7.32763e-07
6.34517e-07
5.0625e-07
3.96783e-07
3.08685e-07
2.36601e-07
1.78214e-07
1.35459e-07
1.09633e-07
9.82272e-08
9.10486e-08
8.15724e-08
6.69032e-08
4.64083e-08
2.04122e-08
0
0
0
0
0
0
0
0
0
0
0
0
0
0
0
0
0
2.34436e-08
5.33348e-08
7.88237e-08
1.08373e-07
1.45423e-07
1.81947e-07
2.1677e-07
2.59721e-07
3.59004e-07
5.55225e-07
1.03045e-06
2.27399e-06
2.88246e-06
2.44802e-06
1.49977e-06
5.3005e-07
3.95098e-08
0
0
0
0
0
0
0
0
0
0
0
0
0
0
0
0
0
0
0
0
0
0
0
0
0
0
0
0
0
0
0
0
0
0
0
0
0
0
0
0
2.04679e-08
2.17875e-08
0
0
0
0
0
0
0
0
0
0
0
0
2.66942e-09
6.67068e-09
8.80758e-09
8.31756e-09
8.99839e-09
2.08048e-08
3.89713e-08
5.12883e-08
5.12141e-08
3.05888e-08
0
0
0
0
4.13131e-09
2.40947e-08
3.98491e-08
4.42761e-08
4.36134e-08
6.3068e-08
7.04986e-08
6.4484e-08
3.74424e-08
7.79962e-09
0
0
0
1.17001e-06
3.76218e-06
1.41135e-05
1.77474e-05
2.94767e-06
0
0
0
0
0
0
0
0
0
0
0
0
6.12191e-06
7.25895e-06
7.48482e-06
8.42153e-06
9.97771e-06
1.12892e-05
3.7138e-06
0
2.15311e-05
2.56784e-05
2.18496e-05
1.2975e-05
2.74016e-06
0
0
0
0
0
0
0
0
0
0
0
0
0
0
0
0
0
1.75499e-07
1.17637e-06
0
4.62637e-08
1.59334e-07
2.22168e-07
2.4424e-07
2.35901e-07
2.05491e-07
1.60134e-07
1.11686e-07
6.7669e-08
3.42463e-08
1.50335e-08
9.33876e-09
1.20923e-08
1.62205e-08
1.57792e-08
8.51995e-09
0
0
0
0
0
0
0
0
0
0
0
0
0
0
0
3.73128e-09
5.33332e-08
9.66081e-08
1.32554e-07
1.66305e-07
2.09591e-07
2.62166e-07
3.02777e-07
3.30666e-07
3.59259e-07
3.94269e-07
5.14258e-07
9.03559e-07
1.08313e-06
9.70285e-07
7.30445e-07
4.44019e-07
2.17954e-07
7.55935e-08
0
0
0
0
0
0
0
0
0
0
0
0
0
0
0
0
0
0
0
0
0
0
0
0
0
0
0
0
0
0
0
0
0
0
0
0
0
0
0
0
0
0
0
0
0
0
0
0
0
0
0
0
0
0
0
0
0
0
0
1.33364e-08
5.17406e-08
5.49776e-08
6.72444e-09
0
0
0
0
0
2.44529e-09
1.7099e-08
1.91456e-08
1.82219e-08
3.75351e-08
4.46183e-08
3.53784e-08
0
0
0
0
4.72384e-07
2.4887e-06
4.74758e-06
1.16959e-05
1.57315e-05
3.08486e-06
2.08471e-06
6.0063e-06
0
0
0
0
0
0
0
0
0
0
4.75057e-06
9.04086e-06
8.92312e-06
8.99332e-06
9.74146e-06
1.07183e-05
1.01314e-05
0
2.76946e-06
1.38641e-05
1.02971e-05
2.3492e-06
0
0
0
0
0
0
0
0
0
0
0
0
0
0
0
0
0
0
0
0
0
0
0
0
1.38959e-08
9.93677e-09
0
0
0
0
0
0
1.2401e-08
4.08615e-08
5.93677e-08
6.1849e-08
4.28113e-08
0
0
0
0
0
0
0
0
0
0
0
1.89313e-08
1.0092e-07
1.73068e-07
2.40806e-07
2.99563e-07
3.49762e-07
3.86525e-07
4.02856e-07
4.06752e-07
4.12573e-07
4.22268e-07
4.40145e-07
4.56831e-07
4.7032e-07
4.89406e-07
5.4114e-07
6.14207e-07
6.19798e-07
5.56775e-07
4.59265e-07
3.39091e-07
2.1068e-07
1.02231e-07
2.02939e-08
0
0
0
0
0
0
0
0
0
0
0
0
0
0
0
0
0
0
0
0
0
0
0
0
0
0
0
0
0
0
0
0
0
0
0
0
0
0
0
0
0
0
0
0
0
0
0
0
0
0
0
0
0
0
0
0
0
0
0
4.41493e-08
7.40693e-08
0
0
0
0
0
0
0
0
0
0
1.61024e-08
2.53079e-08
1.06887e-08
0
0
0
0
1.42609e-06
2.94658e-06
4.50845e-06
8.32614e-06
7.49963e-06
1.83022e-06
4.60323e-06
2.06927e-05
5.09283e-05
0
0
0
0
2.0047e-06
3.88418e-06
2.25632e-06
2.55779e-06
1.97844e-06
3.06868e-06
8.06693e-06
9.95667e-06
1.0016e-05
1.00095e-05
1.02146e-05
1.01106e-05
7.17641e-06
0
0
3.8244e-06
0
0
0
0
0
0
0
0
0
0
0
0
0
0
0
0
0
0
0
0
0
3.50701e-08
0
0
0
0
0
0
0
5.61852e-09
1.86236e-08
3.08813e-08
4.02549e-08
4.3222e-08
3.69812e-08
2.08647e-08
0
0
0
0
0
0
0
0
0
0
0
0
0
0
2.98825e-08
1.1991e-07
2.031e-07
2.84228e-07
3.54853e-07
3.96837e-07
4.09244e-07
4.04296e-07
3.93756e-07
3.85969e-07
3.84675e-07
3.87127e-07
3.91224e-07
4.00976e-07
4.16872e-07
4.28732e-07
4.23343e-07
3.94826e-07
3.42224e-07
2.71362e-07
1.98638e-07
1.30967e-07
7.37814e-08
1.67269e-08
0
0
0
0
0
0
0
0
0
0
0
0
0
0
0
0
0
0
0
0
0
0
0
0
0
0
0
0
0
0
0
0
0
0
6.25233e-08
9.5515e-08
5.49115e-08
0
0
0
0
0
0
0
0
0
0
0
0
0
0
0
0
0
0
0
0
0
7.33776e-08
3.77882e-08
0
0
0
0
0
0
3.8256e-08
5.55241e-08
4.05203e-08
3.57275e-08
6.60816e-08
7.05e-08
4.55634e-08
0
0
0
7.43304e-07
2.29686e-06
3.03726e-06
3.70976e-06
5.24587e-06
0
0
5.99895e-06
2.7993e-05
6.77414e-05
1.15898e-05
0
0
4.53836e-06
1.28478e-05
1.36342e-05
6.29322e-06
5.86451e-06
7.76512e-06
7.7331e-06
7.36382e-06
8.75185e-06
1.00087e-05
1.03189e-05
1.00337e-05
9.44834e-06
8.01568e-06
2.55882e-06
0
0
0
0
0
0
0
0
0
0
0
0
0
0
0
0
0
0
0
0
0
0
0
0
6.06668e-08
1.4015e-07
2.21876e-07
2.84529e-07
3.18565e-07
3.23513e-07
3.0089e-07
2.51164e-07
1.77231e-07
8.59545e-08
0
0
0
0
0
0
0
1.95991e-08
1.08486e-07
2.19254e-07
3.26764e-07
4.11473e-07
4.63781e-07
4.79447e-07
4.32554e-07
3.3228e-07
2.10011e-07
8.11453e-08
0
0
0
0
0
0
0
0
0
0
0
0
0
2.06321e-08
7.16164e-08
1.24804e-07
1.65048e-07
1.82593e-07
1.75773e-07
1.50335e-07
1.14076e-07
7.28124e-08
3.12078e-08
0
0
0
0
0
0
0
8.13837e-10
4.82519e-08
7.88431e-08
7.65655e-08
3.55126e-08
0
0
0
0
0
0
0
0
0
0
0
0
0
0
0
0
0
0
0
9.46585e-09
4.84431e-08
1.1175e-07
1.96367e-07
2.61463e-07
2.45289e-07
1.44387e-07
1.1682e-08
0
0
0
0
0
0
0
0
0
0
0
0
3.03848e-08
9.96022e-08
7.89521e-08
0
0
0
0
3.83104e-12
2.22738e-07
1.84886e-07
4.44053e-08
0
0
0
0
1.87865e-07
3.50437e-07
3.88967e-07
3.38191e-07
3.10587e-07
3.17365e-07
2.84474e-07
2.28517e-07
1.20992e-07
0
0
1.25472e-06
3.01801e-06
2.75818e-06
1.77663e-06
1.7598e-06
0
0
3.13865e-06
2.61652e-05
5.41033e-05
1.22033e-05
0
0
1.53235e-05
2.30136e-05
2.23516e-05
1.05704e-05
7.06803e-06
9.67738e-06
1.12632e-05
1.06374e-05
9.62e-06
9.37669e-06
9.51638e-06
9.5397e-06
8.56729e-06
7.40461e-06
5.06424e-06
0
0
0
0
0
0
0
0
0
0
0
0
0
0
0
0
0
0
0
0
0
0
0
0
9.68001e-09
1.60777e-07
2.90462e-07
3.93411e-07
4.65442e-07
5.0505e-07
5.1217e-07
4.89798e-07
4.40082e-07
3.54142e-07
2.41028e-07
1.15791e-07
0
0
0
0
0
7.87585e-09
1.61626e-07
3.28448e-07
4.757e-07
5.62605e-07
5.80201e-07
5.41241e-07
4.66971e-07
3.62152e-07
2.43112e-07
1.43475e-07
6.33861e-08
0
0
0
0
0
0
0
0
0
0
0
0
0
0
0
0
0
0
0
0
0
0
0
0
0
0
0
0
0
1.06253e-08
9.46249e-08
1.32621e-07
1.07224e-07
4.74863e-08
0
0
0
0
5.05051e-09
9.83119e-09
0
0
0
0
0
0
0
0
0
0
2.61315e-08
6.77202e-08
1.29732e-07
2.27454e-07
3.62309e-07
4.99368e-07
5.7038e-07
5.69582e-07
5.37521e-07
4.50471e-07
2.66822e-07
5.39476e-08
0
0
0
0
0
0
0
0
5.49053e-09
3.86208e-08
1.39268e-07
3.75743e-07
5.99685e-07
4.94361e-07
2.78921e-07
1.46807e-07
0
0
0
1.21028e-08
1.4236e-07
1.96987e-07
0
0
0
1.82402e-07
1.23686e-06
1.62301e-06
1.44273e-06
1.06758e-06
7.99815e-07
7.08639e-07
6.81658e-07
6.44683e-07
3.82694e-07
0
0
1.02148e-06
2.32682e-06
5.75692e-07
0
0
0
0
0
2.32837e-05
3.94e-05
6.2007e-06
0
0
2.55204e-05
3.00388e-05
2.64319e-05
1.35494e-05
7.0261e-06
9.15035e-06
1.17214e-05
1.25053e-05
1.23845e-05
1.18931e-05
1.11693e-05
1.03637e-05
9.46289e-06
7.87512e-06
5.78729e-06
2.05797e-06
0
0
0
0
0
0
0
0
0
0
0
0
0
0
0
0
0
0
0
0
0
0
0
0
6.85481e-09
1.18573e-07
2.60081e-07
3.86308e-07
4.61365e-07
4.68757e-07
4.10578e-07
2.96888e-07
1.42753e-07
0
0
0
0
0
0
0
0
0
0
1.7628e-07
2.91882e-07
3.18747e-07
2.81303e-07
2.15375e-07
1.52027e-07
1.06591e-07
8.23e-08
7.52674e-08
8.11414e-08
9.81557e-08
1.29097e-07
1.52075e-07
1.42672e-07
8.52078e-08
0
0
0
0
0
0
0
0
0
0
0
0
0
0
0
0
0
0
0
0
0
0
5.74747e-08
1.27053e-07
1.72253e-07
1.84528e-07
1.59205e-07
1.05358e-07
4.18164e-08
0
0
0
0
0
0
0
0
0
0
0
0
0
1.57293e-08
3.51383e-08
5.3664e-08
7.52182e-08
1.15361e-07
2.10632e-07
4.08325e-07
6.45724e-07
7.29107e-07
6.38414e-07
5.0748e-07
4.00086e-07
2.87989e-07
1.51708e-07
6.39049e-08
4.41232e-08
8.0654e-08
1.63271e-07
2.92302e-07
3.61093e-07
2.59353e-07
1.41046e-07
9.83704e-08
1.96858e-07
4.07673e-07
5.13256e-07
5.65961e-07
4.71785e-07
4.2395e-07
4.43538e-07
5.38322e-08
0
0
0
1.62521e-07
2.76452e-07
9.56428e-08
0
0
0
1.37761e-06
2.84438e-06
2.60868e-06
1.78814e-06
1.15359e-06
8.57037e-07
7.20087e-07
6.83592e-07
3.41665e-07
0
0
0
0
0
0
0
0
0
0
1.65722e-05
2.38968e-05
0
0
0
2.66978e-05
3.03306e-05
2.48492e-05
1.2372e-05
5.67242e-06
7.33643e-06
1.05431e-05
1.17139e-05
1.25401e-05
1.31036e-05
1.31355e-05
1.25735e-05
1.11867e-05
9.19605e-06
6.48934e-06
2.40694e-06
0
0
0
0
0
0
0
0
0
0
0
0
0
0
0
0
0
0
0
0
0
0
7.05176e-08
8.99458e-08
6.12609e-08
2.42666e-08
1.69911e-09
0
0
0
0
0
0
0
0
0
0
0
0
0
0
0
0
0
0
0
0
0
0
8.3869e-10
2.28397e-08
3.94005e-08
5.85482e-08
9.1747e-08
1.35615e-07
1.74755e-07
1.85135e-07
1.39877e-07
2.61096e-08
0
0
0
0
0
0
0
1.23613e-08
4.7249e-08
5.70932e-08
4.6854e-08
2.23809e-08
0
0
0
0
0
0
0
2.44678e-08
3.80727e-08
4.16671e-08
4.42968e-08
4.96677e-08
5.74226e-08
6.5724e-08
7.03748e-08
6.574e-08
4.82604e-08
2.5064e-08
1.58475e-08
2.04615e-08
1.11468e-08
0
0
0
0
1.38804e-08
4.60698e-08
7.87469e-08
1.09554e-07
1.43651e-07
1.74103e-07
1.93815e-07
1.98033e-07
2.02334e-07
2.47828e-07
3.5062e-07
4.34098e-07
3.93589e-07
2.48929e-07
1.60012e-07
1.56363e-07
1.7766e-07
1.70054e-07
1.28706e-07
9.66477e-08
1.61367e-07
3.22393e-07
4.51855e-07
4.92732e-07
4.11094e-07
2.84386e-07
1.81854e-07
9.59658e-08
4.82575e-08
2.07642e-08
3.76536e-08
3.87658e-08
1.4281e-07
2.8911e-07
0
0
0
1.00544e-07
3.36967e-07
5.16847e-07
0
0
0
0
0
1.1385e-06
1.77056e-06
1.40144e-06
9.37264e-07
6.50688e-07
3.81016e-07
1.61563e-07
2.32427e-07
0
0
0
0
0
0
5.39876e-07
6.84483e-06
0
0
8.53939e-06
1.11723e-05
0
0
0
1.97784e-05
2.41946e-05
1.79044e-05
6.4398e-06
3.36049e-06
5.02551e-06
9.01521e-06
1.064e-05
1.13973e-05
1.22559e-05
1.27944e-05
1.31375e-05
1.27603e-05
1.1101e-05
7.77549e-06
2.02495e-06
0
0
0
0
0
0
0
0
0
0
0
0
0
0
0
0
0
0
0
0
0
0
1.78373e-07
1.64239e-07
1.07818e-07
4.4746e-08
0
0
0
0
0
0
0
0
0
0
0
0
0
0
0
0
0
0
0
0
0
0
0
0
0
1.68443e-08
9.68479e-08
1.51889e-07
1.8047e-07
1.79811e-07
1.5362e-07
1.07222e-07
4.43169e-08
0
0
0
0
0
0
0
0
3.16237e-08
4.50932e-08
3.66328e-08
1.17228e-08
0
0
0
0
0
1.73877e-07
1.01899e-07
8.16011e-08
7.10889e-08
6.26186e-08
5.87417e-08
6.11742e-08
7.04966e-08
8.59462e-08
1.00078e-07
8.79401e-08
5.04974e-08
3.92972e-08
6.1104e-08
1.03279e-07
1.50715e-07
1.87271e-07
2.10585e-07
2.1916e-07
1.93726e-07
1.95769e-07
2.27734e-07
2.45267e-07
2.42622e-07
2.36234e-07
2.33196e-07
2.27945e-07
2.54196e-07
3.37482e-07
4.23356e-07
3.97106e-07
2.19398e-07
2.4147e-08
0
0
0
5.16086e-08
8.16561e-08
5.25924e-08
0
0
0
1.42792e-08
4.67707e-08
3.1151e-08
8.2412e-09
2.35854e-08
1.85184e-08
7.99735e-09
1.63657e-08
0
0
1.62468e-07
2.051e-07
0
0
1.32183e-08
2.91754e-07
8.84931e-07
1.2302e-06
0
0
0
0
0
7.2362e-08
4.51548e-07
2.37317e-07
2.90179e-08
0
0
0
0
1.70062e-07
0
0
0
0
0
8.20819e-06
1.23057e-05
4.31993e-06
0
1.58901e-06
9.61191e-07
0
0
1.57888e-06
1.31448e-05
1.49537e-05
7.5101e-06
0
1.63724e-06
4.4623e-06
6.76935e-06
9.45976e-06
1.07424e-05
1.1328e-05
1.17191e-05
1.19348e-05
1.2161e-05
1.18132e-05
9.5277e-06
3.29225e-06
0
0
0
0
0
0
0
0
0
0
0
0
0
0
0
0
0
0
0
0
0
0
0
2.432e-07
2.99428e-07
2.23575e-07
1.12406e-07
0
0
0
0
0
0
0
0
0
0
0
0
0
0
0
0
0
0
0
0
0
0
0
0
5.71889e-09
1.18288e-07
1.68112e-07
1.62649e-07
1.23206e-07
6.51202e-08
3.7e-09
0
0
0
0
0
0
0
0
0
2.52301e-08
5.75498e-08
7.10204e-08
6.27917e-08
4.21914e-08
0
0
0
0
0
2.98352e-08
8.25479e-08
9.62814e-08
8.77058e-08
6.81947e-08
4.52845e-08
2.5009e-08
5.45506e-09
0
0
0
0
4.00903e-08
6.51729e-08
7.0958e-08
5.72621e-08
4.27014e-08
8.5091e-09
5.72066e-09
5.0181e-08
9.2815e-08
1.05546e-07
9.56991e-08
7.5224e-08
4.50022e-08
1.69195e-08
1.50179e-09
5.60653e-09
3.45516e-08
6.24227e-08
5.26372e-08
1.11832e-08
0
0
0
1.31751e-08
3.15058e-08
2.71222e-08
1.75579e-08
1.01683e-08
2.21553e-08
2.33899e-08
0
0
0
1.37979e-08
3.43877e-08
4.38915e-08
4.45126e-08
0
3.97004e-09
2.21243e-07
1.61483e-07
0
0
8.04912e-08
5.17411e-07
2.27202e-06
2.49596e-06
0
0
0
0
0
8.98806e-09
0
0
0
0
0
0
0
0
0
0
0
0
1.43869e-06
1.34182e-05
1.5213e-05
9.17508e-06
0
0
0
0
0
5.1991e-06
1.79531e-05
7.99626e-06
0
0
1.84169e-06
6.57396e-06
5.21603e-06
6.72644e-06
8.65619e-06
1.01115e-05
1.09011e-05
1.12228e-05
1.1267e-05
1.08877e-05
9.68334e-06
5.16448e-06
0
0
0
0
0
0
0
0
0
0
0
0
0
0
0
0
0
0
0
0
0
0
0
4.85245e-08
1.1679e-07
1.36167e-07
1.20576e-07
8.38526e-08
3.99721e-08
0
0
0
0
0
0
0
0
0
0
0
0
0
0
0
0
0
0
0
0
0
0
0
4.57821e-08
8.12028e-08
8.34682e-08
5.95389e-08
2.41384e-08
0
0
0
0
1.15535e-08
4.62524e-08
8.86843e-08
1.13442e-07
1.11832e-07
8.37135e-08
3.8758e-08
0
0
0
0
2.08264e-08
6.47747e-08
8.35396e-08
5.45972e-08
1.34489e-08
9.81671e-09
2.35858e-08
3.37855e-08
3.33626e-08
2.55937e-08
1.57399e-08
1.31305e-08
1.31257e-08
3.7121e-09
0
0
0
6.89481e-09
9.56385e-09
0
0
0
0
0
0
1.40768e-08
4.68903e-08
6.459e-08
6.30447e-08
4.69367e-08
3.64633e-08
2.34397e-08
6.00589e-09
7.80583e-09
2.27315e-08
3.08533e-08
2.4695e-08
6.95508e-09
0
0
0
0
0
1.48483e-08
3.77658e-08
5.83819e-08
3.96692e-08
0
0
0
7.6256e-08
6.18369e-08
6.41246e-08
1.43098e-08
0
3.26547e-08
2.35941e-07
1.32986e-07
0
0
0
6.65825e-07
3.58318e-06
3.20907e-06
1.74477e-07
0
0
0
3.59574e-07
0
0
0
0
0
0
0
0
0
0
0
0
0
0
5.18486e-06
1.2774e-05
1.1598e-05
0
0
0
0
0
4.30343e-06
8.99565e-06
1.27132e-05
0
0
3.99148e-06
1.05553e-05
6.3119e-06
4.27405e-06
4.94749e-06
6.13193e-06
7.43398e-06
8.72808e-06
9.78015e-06
1.01747e-05
9.60874e-06
6.21808e-06
0
0
0
0
0
0
0
0
0
0
0
0
0
0
0
0
0
0
0
0
0
0
0
0
0
0
0
0
0
0
0
1.73281e-10
4.29379e-10
5.65373e-10
5.91513e-10
4.98117e-10
3.13952e-10
9.28042e-11
0
0
0
2.62636e-10
6.64262e-10
1.04247e-09
1.29525e-09
1.45219e-09
1.55054e-09
1.62706e-09
1.71682e-09
1.80451e-09
1.81365e-09
1.75239e-09
1.58945e-09
1.36273e-09
1.13446e-09
1.02586e-09
9.48556e-10
8.8583e-10
7.69973e-10
3.5e-10
3.49669e-12
0
0
0
0
0
0
0
0
0
8.90979e-09
4.08417e-08
0
0
0
4.10141e-09
3.25407e-08
3.31918e-08
5.86331e-09
0
9.02833e-09
2.61199e-08
4.07075e-08
5.85904e-08
6.72816e-08
6.32027e-08
6.4193e-08
5.79675e-08
2.36235e-08
0
0
0
0
0
0
0
0
0
1.97321e-08
6.86622e-08
8.08583e-08
6.72644e-08
5.15417e-08
3.50034e-08
2.02972e-08
1.93527e-08
2.65568e-08
3.75972e-08
4.80027e-08
4.91685e-08
4.1052e-08
2.80472e-08
1.50005e-08
3.50098e-09
3.39122e-09
2.03948e-08
4.99373e-08
7.29747e-08
5.2546e-08
0
0
8.21205e-09
1.59605e-07
8.55848e-08
6.01625e-08
0
0
0
2.43669e-07
1.08722e-07
0
0
0
0
3.86265e-06
4.19435e-06
1.2651e-06
0
0
4.84038e-07
3.9112e-07
0
0
0
0
0
0
0
0
0
0
0
0
0
0
1.93016e-07
2.80896e-06
6.18383e-06
1.95969e-06
0
0
0
0
5.36583e-07
1.50129e-07
1.23392e-06
9.01566e-07
7.95137e-07
9.87365e-06
1.50822e-05
1.11793e-05
5.16462e-06
2.98002e-06
2.28081e-06
1.83158e-06
1.42623e-06
1.07944e-06
6.89093e-07
3.48465e-07
8.55629e-08
0
0
0
0
0
0
0
0
0
0
0
0
0
0
0
0
0
0
0
0
0
0
0
0
0
0
0
0
0
0
0
0
0
0
0
0
0
0
0
0
0
1.31704e-10
3.51278e-10
5.09071e-10
5.6675e-10
5.49532e-10
4.91223e-10
4.15549e-10
3.4537e-10
3.08493e-10
3.19925e-10
3.82985e-10
4.91684e-10
6.32041e-10
7.71147e-10
8.78036e-10
8.72123e-10
7.40297e-10
4.75982e-10
7.08559e-11
0
0
0
0
0
0
0
0
0
2.82286e-09
8.19889e-08
4.20592e-07
2.40535e-08
0
0
0
0
0
0
0
0
0
2.9152e-08
5.13084e-08
5.18286e-08
4.88728e-08
7.41909e-08
9.24327e-08
6.79676e-08
3.04425e-08
0
0
0
0
0
0
0
0
0
1.23443e-08
3.96494e-08
3.69517e-08
2.46013e-08
1.48918e-08
1.47485e-08
2.22511e-08
3.06946e-08
4.38883e-08
6.12971e-08
7.29474e-08
7.80335e-08
7.60193e-08
6.60531e-08
5.08893e-08
4.22454e-08
4.75577e-08
7.47674e-08
1.08958e-07
1.08524e-07
3.7253e-08
0
9.37985e-08
2.81316e-07
1.15168e-07
5.27367e-08
0
0
0
2.77406e-07
3.5991e-07
0
0
0
0
6.18698e-06
1.19847e-05
7.49256e-06
3.15131e-06
2.05325e-07
0
0
0
0
0
0
0
8.36632e-08
1.03779e-07
6.60301e-08
2.02761e-08
0
0
0
0
0
0
3.25722e-07
9.43199e-07
4.57163e-07
0
0
0
0
3.63996e-07
0
2.0579e-07
5.80742e-07
4.29429e-07
3.43477e-06
1.74952e-05
2.35808e-05
1.59784e-05
6.36926e-06
2.56539e-06
8.57711e-07
1.76953e-07
0
0
0
0
0
1.20207e-09
2.54653e-09
0
0
0
0
0
0
0
0
0
0
0
0
0
0
0
0
0
0
0
0
0
0
0
0
0
0
0
0
0
0
0
0
0
0
0
0
0
0
0
7.59522e-11
1.98713e-10
2.3432e-10
2.02253e-10
1.29771e-10
3.94492e-11
0
0
0
0
2.55304e-11
1.55784e-10
2.98152e-10
4.18525e-10
4.46088e-10
3.66591e-10
1.86178e-10
0
0
0
0
0
0
0
0
0
0
9.3744e-09
3.4871e-07
2.10638e-06
1.12249e-06
0
0
0
0
0
0
0
0
0
0
0
0
0
0
0
7.4283e-08
2.21185e-07
3.11592e-07
3.35237e-07
3.24604e-07
2.28583e-07
6.41885e-08
0
0
0
0
0
0
0
0
0
1.20861e-10
1.38287e-08
2.59187e-08
4.05562e-08
5.84587e-08
7.59774e-08
9.74862e-08
1.12028e-07
1.28236e-07
1.35148e-07
1.47333e-07
1.69909e-07
2.38327e-07
3.47699e-07
4.1075e-07
2.78944e-07
0
0
2.14999e-07
5.13389e-08
1.74208e-07
0
0
0
2.38536e-07
1.34875e-06
9.9978e-07
0
0
0
1.05274e-05
2.43575e-05
5.36414e-06
1.11822e-06
3.55094e-08
0
0
0
0
0
0
1.74013e-07
1.80821e-07
1.51665e-07
1.31868e-07
1.21768e-07
0
0
0
0
0
2.74198e-09
2.17519e-07
4.21773e-07
2.34131e-07
0
0
0
2.21293e-07
3.71717e-07
0
1.50965e-07
4.03828e-07
1.56627e-07
4.81121e-07
2.71586e-06
9.81598e-06
2.89956e-05
1.84204e-05
3.79885e-06
5.69704e-07
0
0
0
0
0
0
2.25722e-10
1.09123e-08
1.78677e-08
1.88239e-08
7.26725e-09
0
0
0
0
0
0
0
2.46276e-08
4.60702e-09
0
0
0
0
0
0
0
0
0
0
0
0
0
0
0
0
0
0
0
0
0
0
0
0
0
0
0
0
0
0
0
0
0
0
0
0
0
0
0
0
1.24204e-10
1.83121e-10
1.38701e-10
2.25008e-11
0
0
0
0
0
0
0
0
0
0
1.75567e-08
9.20305e-07
5.96947e-06
5.74671e-06
1.36533e-06
0
0
0
0
0
0
0
0
0
0
0
0
0
0
0
1.45804e-07
2.7731e-07
4.27206e-07
6.2446e-07
6.54066e-07
2.69391e-07
0
0
0
0
0
0
0
0
0
0
3.10438e-08
9.46843e-08
1.61033e-07
2.14287e-07
2.47864e-07
2.99989e-07
3.54802e-07
4.11682e-07
4.61439e-07
5.21568e-07
5.9188e-07
7.73199e-07
1.1241e-06
1.48797e-06
1.35529e-06
1.10255e-07
0
0
0
7.94308e-07
1.56418e-06
0
0
5.36656e-07
4.77555e-06
1.56296e-06
0
0
0
5.54243e-06
1.22524e-05
1.59044e-06
2.59586e-07
0
0
0
0
0
0
1.03743e-07
2.34193e-07
1.86507e-07
1.46456e-07
1.18747e-07
9.98949e-08
0
0
0
0
0
6.32193e-08
1.27159e-07
1.98105e-07
1.62699e-07
0
0
0
4.20976e-07
4.15418e-07
0
1.62095e-07
4.85915e-07
1.86258e-07
2.62309e-07
1.09193e-06
3.5569e-06
9.03651e-06
2.0306e-05
4.35943e-06
2.99863e-07
0
0
0
0
0
0
0
1.01751e-08
1.85749e-08
2.37127e-08
2.35871e-08
1.26088e-08
0
0
0
0
1.05266e-08
3.9698e-08
2.06946e-08
4.95346e-09
0
0
0
0
0
0
0
0
0
2.90942e-08
6.24231e-08
5.77721e-08
4.93439e-08
4.1941e-08
3.57106e-08
3.25938e-08
3.28053e-08
3.39096e-08
3.11098e-08
2.53631e-08
1.87683e-08
1.6461e-08
1.52303e-08
1.61743e-08
1.21512e-08
9.18505e-09
2.45204e-09
2.37931e-09
0
7.28417e-10
0
0
0
0
0
2.20759e-08
3.60171e-08
3.01288e-08
2.21021e-08
1.57129e-08
1.2726e-08
1.29009e-08
1.45e-08
1.44812e-08
1.26532e-08
1.01143e-08
9.72268e-09
9.99878e-09
1.12895e-08
9.04351e-09
6.77815e-09
2.23529e-09
2.03604e-09
0
9.06426e-10
0
0
0
0
0
0
0
0
0
2.30521e-10
5.04719e-11
2.29155e-09
5.93206e-09
7.28292e-09
6.44021e-09
5.50724e-09
8.40129e-09
1.23556e-08
1.65628e-08
1.55041e-08
1.32778e-08
6.32881e-09
4.99838e-09
0
2.24581e-09
0
0
0
0
0
0
0
0
0
0
0
0
0
0
0
0
0
0
2.28117e-08
4.71606e-08
6.15284e-08
5.19102e-08
5.32915e-08
2.94487e-08
3.63716e-08
5.14474e-09
1.2993e-08
0
0
0
0
0
0
0
0
0
0
0
0
0
0
0
0
0
0
0
0
2.87065e-08
0
2.04388e-09
0
0
0
0
0
0
0
0
0
0
0
0
0
0
0
0
0
0
0
0
0
0
0
0
0
0
0
0
0
0
0
0
0
0
0
0
0
0
0
0
0
0
0
0
0
0
0
0
0
0
0
0
0
0
0
0
0
0
0
0
0
0
0
0
0
0
0
0
0
0
0
0
0
0
0
0
0
0
0
0
0
0
0
0
0
0
0
3.89325e-08
0
0
0
0
0
0
0
0
0
0
0
0
0
0
0
0
0
0
0
0
0
0
0
0
1.10597e-08
1.35051e-08
0
0
0
0
0
0
0
0
0
0
0
0
0
0
0
0
0
0
0
0
0
0
0
0
0
0
0
0
0
0
0
0
0
0
0
0
0
0
0
0
0
0
0
0
0
0
0
0
0
0
0
0
0
0
0
0
0
0
0
0
0
0
0
0
0
0
0
0
0
0
0
0
0
0
0
0
0
0
0
0
0
0
0
0
0
0
0
0
0
0
0
0
0
0
0
0
0
0
0
0
0
0
0
1.58896e-07
0
0
0
0
0
0
0
0
0
0
0
0
0
0
0
0
0
0
0
0
0
0
0
0
3.50412e-07
1.83012e-07
0
0
0
0
0
0
0
0
0
0
0
0
0
0
0
0
0
0
0
0
0
0
0
1.40473e-07
2.93127e-08
0
0
0
0
0
0
0
0
0
0
0
0
0
0
0
0
0
0
0
0
0
0
0
0
0
0
0
0
0
0
0
0
0
0
0
0
0
0
0
0
0
0
0
0
0
0
0
0
0
0
0
0
0
0
0
0
0
0
0
0
0
0
0
0
0
0
0
0
0
0
0
0
0
0
0
0
0
0
0
0
0
0
0
0
0
0
0
0
0
0
0
0
0
0
0
0
0
0
0
0
0
0
0
0
0
0
0
0
0
0
0
0
0
0
0
0
0
0
0
0
0
0
0
0
0
0
0
0
0
0
0
0
0
0
0
0
0
0
0
0
0
0
0
0
0
0
0
0
0
0
0
0
0
0
0
0
0
0
0
0
0
0
0
0
0
0
0
0
0
0
0
0
0
0
0
0
0
0
0
0
0
0
0
0
0
0
0
0
0
0
0
0
0
0
0
0
0
0
0
0
0
0
0
0
0
0
0
0
0
0
6.24391e-07
0
0
0
0
0
0
0
0
0
0
0
0
0
0
0
0
0
0
0
0
0
0
0
0
1.27923e-06
1.73978e-07
0
0
0
0
0
0
0
0
0
0
0
0
0
0
0
0
0
0
0
0
0
0
0
1.62772e-06
6.15991e-07
0
0
0
0
0
0
0
0
0
0
0
0
0
0
0
0
0
0
0
0
0
0
0
1.82116e-06
9.06392e-07
0
0
0
0
0
0
0
0
0
0
0
0
0
0
0
0
0
0
0
0
0
0
0
1.87791e-06
1.03692e-06
1.57857e-07
0
0
0
0
0
0
0
0
0
0
0
0
0
0
0
0
0
0
0
0
0
1.00875e-06
1.89564e-06
1.07495e-06
5.07644e-07
4.48246e-08
0
0
0
0
0
0
0
0
0
0
0
0
0
0
0
0
0
0
0
0
1.97785e-06
1.8957e-06
1.04397e-06
7.32638e-07
3.44227e-07
0
0
0
0
0
0
0
0
0
0
0
0
0
0
0
0
0
0
0
2.38161e-07
2.8045e-06
1.9234e-06
1.00815e-06
9.22479e-07
6.2285e-07
9.49608e-08
0
0
0
0
0
0
0
0
0
0
0
0
0
0
0
0
0
0
2.55517e-06
3.36365e-06
2.04665e-06
1.17776e-06
1.31462e-06
1.02995e-06
3.16888e-07
0
0
0
0
0
0
5.20307e-07
4.80566e-07
0
0
0
0
0
0
0
0
0
0
3.75969e-06
3.52982e-06
2.2678e-06
1.95825e-06
2.36496e-06
1.75148e-06
5.57149e-07
0
0
0
0
0
5.96417e-07
2.34787e-06
5.59888e-08
0
0
0
0
0
0
0
0
0
0
4.04794e-06
3.33825e-06
2.51195e-06
2.92328e-06
3.26182e-06
2.29904e-06
5.2462e-07
0
0
0
0
7.83849e-07
3.43473e-06
2.48129e-06
0
0
0
0
0
0
0
0
0
0
0
3.7121e-06
2.95954e-06
2.6161e-06
3.04139e-06
3.02893e-06
2.06888e-06
3.46696e-07
0
0
0
2.0525e-06
3.68666e-06
4.11172e-06
1.30075e-06
0
0
0
0
0
0
0
0
0
0
0
3.10509e-06
2.60222e-06
2.54042e-06
2.81873e-06
2.78574e-06
2.22294e-06
1.94752e-06
0
9.77625e-07
4.82512e-06
5.35585e-06
4.44462e-06
3.05192e-06
0
0
0
0
0
0
0
0
0
0
0
0
2.53822e-06
2.35589e-06
2.40063e-06
2.63525e-06
2.64781e-06
2.3577e-06
2.26227e-06
2.26481e-06
8.21098e-06
1.08416e-05
6.87846e-06
3.79095e-06
1.24893e-06
0
0
0
0
0
0
0
0
0
0
0
0
2.22782e-06
2.19484e-06
2.20191e-06
2.24269e-06
1.9853e-06
6.8015e-07
1.34264e-06
8.37422e-06
2.03146e-05
1.54229e-05
6.8358e-06
1.99737e-06
0
0
0
0
0
0
0
0
0
0
0
0
0
2.13743e-06
1.97139e-06
1.58435e-06
9.06587e-07
0
0
4.9706e-06
2.12352e-05
3.84628e-05
1.87445e-05
4.94638e-06
0
0
0
0
0
0
0
0
0
0
0
0
0
0
2.04212e-06
1.26908e-06
0
0
0
4.28395e-06
1.89896e-05
1.50308e-05
5.12149e-05
1.80331e-05
1.76758e-06
0
0
0
0
0
0
0
0
0
0
0
0
0
0
1.45109e-06
0
0
0
6.12022e-06
2.41236e-05
1.54785e-05
0
5.99843e-06
1.0068e-05
0
0
0
0
0
0
0
0
0
0
0
0
0
0
0
0
0
0
5.1568e-06
1.96836e-05
2.82574e-05
7.34337e-06
0
0
1.81288e-06
0
0
0
0
0
0
0
0
0
0
0
0
0
0
0
0
0
3.06497e-06
1.13337e-05
2.32157e-05
1.17441e-05
8.14511e-06
8.52973e-07
0
0
0
0
0
0
0
0
0
0
0
0
0
0
0
0
0
0
1.61392e-06
5.09699e-06
1.06137e-05
1.12152e-05
8.46079e-06
8.88425e-06
4.24579e-06
1.40673e-07
0
0
0
0
0
0
0
0
0
0
0
0
0
0
0
0
0
2.0558e-06
2.35167e-06
2.50366e-06
0
8.85779e-06
8.16699e-06
4.75348e-06
0
0
0
0
0
0
0
0
0
0
0
0
0
0
0
0
0
0
0
0
0
0
7.92813e-06
6.66777e-06
3.71154e-06
0
0
0
0
0
0
0
0
0
0
0
0
0
0
0
0
0
0
0
0
0
0
4.3828e-06
2.6751e-06
9.05386e-07
0
0
0
0
0
0
0
0
0
0
0
0
0
0
0
0
0
0
0
0
0
1.53271e-07
1.02554e-07
2.87128e-08
9.3961e-09
2.01673e-08
4.54071e-08
4.65489e-08
0
0
0
0
0
0
0
0
0
0
0
0
0
0
0
0
0
0
0
0
0
0
0
5.4454e-09
9.24123e-09
8.25405e-09
5.32762e-09
0
0
0
0
0
0
0
0
0
0
0
0
2.0801e-07
0
0
0
0
0
0
0
0
0
0
0
2.28541e-09
3.95398e-09
3.5463e-09
0
0
0
1.03537e-08
0
2.70951e-08
0
3.65049e-08
0
1.04436e-08
1.83094e-07
0
0
0
0
0
0
4.17442e-10
2.72793e-09
4.11789e-09
6.0697e-09
7.81553e-09
1.18067e-08
1.38829e-08
1.67285e-08
1.32362e-08
1.68774e-08
1.31935e-08
2.21956e-08
1.28519e-08
2.72951e-08
5.52518e-09
3.07726e-08
0
1.64063e-08
1.04662e-07
0
0
0
0
0
2.38866e-09
6.97473e-09
1.01954e-08
1.23142e-08
1.44422e-08
1.57837e-08
1.77046e-08
1.65728e-08
1.66941e-08
1.41774e-08
1.52459e-08
1.20264e-08
1.49283e-08
9.29803e-09
1.48494e-08
4.82853e-09
1.5047e-08
0
6.20438e-09
6.37143e-08
0
0
1.02067e-09
5.45825e-10
3.62913e-09
7.54622e-09
9.77212e-09
1.10333e-08
1.15605e-08
1.19302e-08
1.16452e-08
1.13587e-08
9.73388e-09
9.2164e-09
7.62687e-09
7.92234e-09
6.06568e-09
7.17687e-09
4.45921e-09
6.64256e-09
2.39147e-09
6.46101e-09
0
8.95065e-10
3.99966e-08
0
1.08111e-08
9.07914e-09
7.48763e-10
0
0
0
0
0
5.63321e-10
1.14296e-09
1.72064e-09
1.55835e-09
1.72857e-09
1.26385e-09
1.64071e-09
1.0243e-09
1.60592e-09
5.79182e-10
1.51038e-09
0
1.58751e-09
0
0
2.3797e-08
0
5.02632e-09
2.73349e-11
0
0
0
0
0
0
0
0
0
0
0
0
0
0
0
0
0
0
0
0
0
1.4184e-08
1.3305e-09
1.27876e-11
0
0
0
0
0
0
0
0
0
0
0
0
0
0
0
0
0
0
0
0
0
0
)
;

boundaryField
{
    inlet
    {
        type            zeroGradient;
    }
    outlet
    {
        type            zeroGradient;
    }
    upperWall
    {
        type            zeroGradient;
    }
    lowerWall
    {
        type            zeroGradient;
    }
    frontAndBack
    {
        type            empty;
    }
}


// ************************************************************************* //
