/*--------------------------------*- C++ -*----------------------------------*\
  =========                 |
  \\      /  F ield         | OpenFOAM: The Open Source CFD Toolbox
   \\    /   O peration     | Website:  https://openfoam.org
    \\  /    A nd           | Version:  9
     \\/     M anipulation  |
\*---------------------------------------------------------------------------*/
FoamFile
{
    format      ascii;
    class       volScalarField;
    location    "0.066";
    object      s;
}
// * * * * * * * * * * * * * * * * * * * * * * * * * * * * * * * * * * * * * //

dimensions      [0 0 0 0 0 0 0];

internalField   nonuniform List<scalar> 
12225
(
1
1
1
1
1
1
1
1
1
1
1
1
1
1
1
1
1
0.999989
1
1
1
1
1
1
1
1
1
1
1
1
1
1
1
1
1
1
1
1
1
1
1
1
1
1
1
1
1
1
1
1
1
1
1
1
1
1
1
1
1
1
1
1
1
1
1
1
1
1
1
1
1
1
1
1
1
1
1
1
1
1
1
1
1
1
1
1
1
1
1
1
1
1
1
1
1
1
1
1
1
1
1
1
1
1
1
1
1
1
1
1
1
1
1
1
1
1
1
1
1
1
1
1
1
1
1
1
1
1
1
1
1
1
1
1
1
1
1
1
1
1
1
1
1
1
1
1
1
1
1
1
1
1
1
1
1
1
1
1
1
1
1
1
1
1
1
1
1
1
1
1
1
1
1
1
1
1
1
1
1
1
1
1
1
1
1
1
1
1
1
1
1
1
1
1
1
1
1
1
1
1
1
1
1
1
1
1
1
1
1
1
1
1
1
1
1
1
1
1
1
1
1
1
1
1
1
1
1
1
1
1
1
1
1
1
1
1
1
1
1
1
1
1
1
1
1
1
1
1
1
1
1
1
1
1
1
1
1
1
1
1
1
1
1
1
1
1
1
1
1
1
1
1
1
1
1
1
1
1
1
1
1
1
1
1
1
1
1
1
1
1
1
1
1
1
1
1
1
1
1
1
1
1
1
1
1
1
1
1
1
1
1
1
1
1
1
1
1
1
1
1
1
1
1
1
1
1
1
1
1
1
1
1
1
1
1
1
1
1
1
1
1
1
1
1
1
1
1
1
1
1
1
1
1
1
1
1
1
1
1
1
1
1
1
1
1
1
1
1
1
1
1
1
1
1
1
1
1
1
1
1
1
1
1
1
1
1
1
1
1
1
1
1
1
1
1
1
1
1
1
1
1
1
1
1
1
1
1
1
1
1
1
1
1
1
1
1
1
1
1
1
1
1
1
1
1
1
1
1
1
1
1
1
1
1
1
1
1
1
1
1
1
1
1
1
1
1
1
1
1
1
1
1
1
1
1
1
1
1
1
1
1
1
1
1
1
1
1
1
1
1
1
1
1
1
1
1
1
1
1
1
1
1
1
1
1
1
1
1
1
1
1
1
1
1
1
1
1
1
1
1
1
1
1
1
1
1
1
1
1
1
1
1
1
1
1
1
1
1
1
1
1
1
1
1
1
1
1
1
1
1
1
1
1
1
1
1
1
1
1
1
0.667425
0.727873
0.751277
0.75689
0.75955
0.759313
0.758216
0.755705
0.752341
0.74936
0.747371
0.746258
0.744868
0.744051
0.743784
0.743056
0.740975
0.739482
0.736294
0.734235
0.730463
0.724866
0.719288
0.707833
0.698694
0.683063
0.651069
0.634788
0.632214
0.629981
0.623306
0.617013
0.615948
0.621772
0.643829
0.657284
0.662896
0.677296
0.713447
0.690104
0.681034
0.73667
0.775867
0.7916
0.805134
0.817469
0.829643
0.840506
0.850635
0.856628
0.85858
0.859241
0.859388
0.859365
0.858663
0.856474
0.852901
0.848732
0.844174
0.838595
0.832713
0.827485
0.823883
0.822495
0.821935
0.821286
0.821039
0.820787
0.820702
0.821204
0.82198
0.822769
0.823089
0.82304
0.822049
0.817392
0.801268
0.770664
0.754719
0.753287
0.760953
0.78384
0.79461
0.792798
0.79207
0.792804
0.793391
0.793895
0.794612
0.795068
0.795758
0.796418
0.797233
0.798002
0.798724
0.799546
0.800352
0.801266
0.802241
0.803167
0.804247
0.805202
0.806175
0.807147
0.807801
0.808663
0.809438
0.810276
0.81101
0.812028
0.813177
0.815031
0.817915
0.821042
0.824326
0.828456
0.833
0.837234
0.841667
0.845629
0.848895
0.851938
0.854766
0.857424
0.859967
0.862301
0.864255
0.865765
0.866905
0.867748
0.868333
0.868651
0.868698
0.868459
0.867867
0.86731
0.867
0.866988
0.867094
0.867469
0.868501
0.871037
0.874211
0.877692
0.881175
0.884483
0.887717
0.890502
0.892961
0.895179
0.896756
0.897778
0.898028
0.897936
0.897664
0.896721
0.895602
0.893346
0.89077
0.888162
0.879654
0.870964
0.887368
0.920882
0.923339
0.905031
0.885441
0.884224
0.886624
0.888791
0.889445
0.889135
0.887064
0.880266
0.861387
0.804834
0.65905
0.468693
0.398444
0.489601
0.652203
0.67506
0.724069
0.747857
0.751801
0.749107
0.739753
0.723207
0.70133
0.685882
0.674564
0.669081
0.664743
0.660493
0.658499
0.654255
0.652791
0.64985
0.650302
0.652246
0.656612
0.664886
0.675029
0.682114
0.683275
0.680393
0.670548
0.657481
0.644468
0.634254
0.63026
0.627751
0.62312
0.623728
0.63905
0.665954
0.698762
0.692524
0.690462
0.700149
0.726455
0.778243
0.799837
0.821071
0.846917
0.871447
0.88895
0.897779
0.903195
0.904599
0.904364
0.900052
0.891842
0.885273
0.880904
0.873124
0.861614
0.851321
0.841092
0.8294
0.818072
0.807274
0.802164
0.800457
0.800141
0.80056
0.801692
0.803577
0.807725
0.812644
0.817072
0.820123
0.823467
0.823949
0.823007
0.818858
0.805131
0.780447
0.768528
0.770188
0.78784
0.791975
0.791238
0.786843
0.785106
0.78434
0.784183
0.784338
0.785559
0.786897
0.787666
0.789378
0.790561
0.791798
0.793435
0.794937
0.796414
0.798278
0.800421
0.802359
0.8051
0.807506
0.810327
0.813564
0.81613
0.818446
0.819704
0.820092
0.81802
0.813788
0.808435
0.803914
0.802104
0.800527
0.799762
0.800309
0.801896
0.804658
0.808473
0.813655
0.820367
0.828365
0.836955
0.84557
0.854007
0.862201
0.869941
0.877104
0.883506
0.889063
0.893887
0.898188
0.901983
0.905184
0.907704
0.909693
0.91119
0.912374
0.913384
0.914119
0.915182
0.916547
0.918269
0.920163
0.921844
0.92322
0.924405
0.925354
0.926235
0.92738
0.928389
0.929073
0.929766
0.93051
0.930901
0.930855
0.930624
0.930015
0.927769
0.924517
0.916099
0.888488
0.883839
0.887545
0.913703
0.907288
0.897808
0.901549
0.903581
0.903753
0.907112
0.910749
0.914547
0.917963
0.91798
0.913578
0.886618
0.853541
0.850428
0.898803
0.654098
0.707126
0.751217
0.754381
0.748547
0.727454
0.678739
0.629223
0.607532
0.598042
0.593303
0.590123
0.585618
0.580743
0.576463
0.568353
0.561203
0.555129
0.54545
0.542486
0.543397
0.54716
0.557169
0.579248
0.603713
0.642072
0.655819
0.654382
0.649138
0.640321
0.632635
0.627456
0.626155
0.629588
0.654693
0.693408
0.697588
0.695752
0.708232
0.74992
0.806956
0.831993
0.862368
0.901135
0.918803
0.926451
0.928856
0.92858
0.922477
0.916039
0.914075
0.911921
0.907511
0.903169
0.899378
0.891468
0.87901
0.865324
0.849871
0.832538
0.81612
0.803641
0.796337
0.792954
0.791757
0.791844
0.793714
0.800117
0.810682
0.822628
0.830067
0.832405
0.831151
0.828588
0.826066
0.821837
0.807996
0.785091
0.779684
0.785424
0.788058
0.787536
0.782104
0.780697
0.780471
0.781002
0.782601
0.783479
0.784357
0.784543
0.784507
0.784138
0.78299
0.781278
0.779776
0.779133
0.778985
0.780289
0.782577
0.785995
0.791102
0.79676
0.803423
0.811314
0.818817
0.82765
0.8366
0.84419
0.850849
0.856241
0.858861
0.85336
0.846858
0.838374
0.829812
0.821818
0.814882
0.809766
0.807397
0.806958
0.808078
0.81168
0.817463
0.824764
0.833402
0.842603
0.85187
0.860995
0.870173
0.879056
0.88739
0.894851
0.901248
0.906283
0.910283
0.913749
0.916563
0.918886
0.920932
0.922367
0.923906
0.924982
0.92589
0.92688
0.927713
0.928481
0.929635
0.931069
0.932005
0.933449
0.935492
0.936808
0.937639
0.938966
0.940278
0.940444
0.940234
0.939682
0.938088
0.936434
0.933449
0.924902
0.899016
0.89071
0.894489
0.900008
0.891449
0.876854
0.869471
0.871985
0.881258
0.895939
0.911119
0.918822
0.923014
0.924753
0.923185
0.921023
0.922278
0.927266
0.754517
0.766005
0.765018
0.756817
0.722963
0.638018
0.59705
0.585642
0.583617
0.5842
0.58503
0.585582
0.584555
0.581176
0.57713
0.569152
0.557384
0.546268
0.534938
0.523708
0.517932
0.517648
0.519428
0.526175
0.53922
0.566594
0.609
0.637604
0.642589
0.639554
0.63224
0.627397
0.627879
0.636607
0.683372
0.703799
0.700126
0.710402
0.758461
0.833992
0.867241
0.896403
0.927576
0.939269
0.943024
0.943486
0.940106
0.938199
0.938028
0.93904
0.943324
0.946724
0.947644
0.947635
0.944485
0.93711
0.926988
0.911771
0.88953
0.863546
0.837324
0.812176
0.797717
0.791456
0.788869
0.788171
0.791238
0.801036
0.816714
0.831857
0.837219
0.838599
0.83802
0.834516
0.828372
0.819794
0.8033
0.784451
0.782014
0.784388
0.784504
0.779007
0.777381
0.777028
0.776989
0.7769
0.776363
0.773206
0.766125
0.755076
0.741309
0.731728
0.72572
0.720852
0.718544
0.717145
0.716457
0.71629
0.717544
0.719948
0.723644
0.728737
0.736808
0.748542
0.764169
0.783656
0.807485
0.828579
0.849018
0.860318
0.87267
0.879971
0.882416
0.880301
0.876939
0.87251
0.86732
0.861325
0.854387
0.846853
0.839798
0.83441
0.832013
0.832258
0.835927
0.844039
0.852417
0.859818
0.867274
0.874748
0.881954
0.888138
0.893628
0.899015
0.903608
0.907927
0.911448
0.91469
0.917384
0.919399
0.921436
0.922728
0.924018
0.925113
0.926726
0.928531
0.930914
0.934166
0.936978
0.940405
0.945529
0.949665
0.952435
0.955863
0.958135
0.958093
0.95727
0.95517
0.952091
0.946835
0.941587
0.937154
0.927433
0.902164
0.895909
0.894691
0.890913
0.879432
0.871298
0.866534
0.865537
0.86689
0.876921
0.902407
0.917974
0.923888
0.924721
0.923805
0.919993
0.913692
0.771267
0.771072
0.763824
0.730652
0.640635
0.595247
0.583319
0.585092
0.596503
0.610757
0.623378
0.641226
0.649939
0.650299
0.647338
0.635977
0.60425
0.569123
0.541659
0.522972
0.512472
0.508701
0.508654
0.510407
0.515859
0.52897
0.559359
0.60014
0.625706
0.632941
0.62886
0.6269
0.630841
0.653095
0.70489
0.706431
0.707758
0.744396
0.833604
0.889028
0.915418
0.941648
0.95191
0.95455
0.954657
0.951622
0.950719
0.95117
0.954299
0.959185
0.961444
0.962349
0.962582
0.962262
0.960148
0.956498
0.951672
0.944445
0.933253
0.915023
0.885527
0.848355
0.81459
0.79601
0.788252
0.78565
0.785219
0.790549
0.808885
0.828432
0.834894
0.836736
0.836749
0.833148
0.82531
0.812999
0.791581
0.782297
0.781475
0.781856
0.777757
0.773943
0.77288
0.772345
0.770261
0.765007
0.754706
0.734926
0.718019
0.710304
0.705517
0.70209
0.70023
0.69832
0.696622
0.694373
0.693355
0.692913
0.692887
0.694743
0.697118
0.699161
0.703443
0.707455
0.714764
0.72598
0.745435
0.780783
0.820551
0.852851
0.874746
0.889482
0.896935
0.896279
0.894217
0.890624
0.886861
0.883007
0.879438
0.876402
0.87379
0.871484
0.86961
0.868983
0.869339
0.871912
0.879099
0.884106
0.885884
0.886469
0.887822
0.889798
0.891689
0.893013
0.894111
0.895696
0.896867
0.899134
0.900511
0.902954
0.905332
0.908308
0.912083
0.918251
0.924378
0.929485
0.936451
0.944629
0.954298
0.963999
0.972762
0.979381
0.983103
0.985677
0.987174
0.987211
0.986695
0.985054
0.981626
0.974704
0.961661
0.948017
0.940689
0.924772
0.90381
0.896823
0.892265
0.884962
0.880931
0.878595
0.871981
0.866648
0.866704
0.874874
0.903653
0.919311
0.92257
0.920569
0.906563
0.890383
0.773305
0.772326
0.755037
0.69026
0.604344
0.586837
0.591078
0.616076
0.659956
0.688588
0.71121
0.721532
0.72354
0.722085
0.717657
0.706526
0.67311
0.610234
0.559114
0.52883
0.514402
0.509213
0.50852
0.50949
0.513852
0.526281
0.557643
0.592664
0.61454
0.621721
0.623793
0.628008
0.638821
0.686777
0.713005
0.710113
0.724927
0.800523
0.893688
0.929921
0.948686
0.958978
0.961762
0.962037
0.959724
0.958697
0.958776
0.960398
0.9637
0.965932
0.966708
0.966987
0.967034
0.966736
0.965528
0.963435
0.960813
0.957499
0.952691
0.944865
0.931696
0.908264
0.868168
0.821055
0.796778
0.786104
0.782857
0.782474
0.788272
0.807409
0.823846
0.828477
0.829583
0.826574
0.814639
0.795848
0.783166
0.779825
0.779039
0.776736
0.771282
0.769062
0.767966
0.764299
0.754609
0.73538
0.714796
0.705845
0.701328
0.69932
0.698361
0.697466
0.695716
0.692249
0.686951
0.681122
0.677426
0.675671
0.675251
0.678293
0.683879
0.686456
0.69134
0.69381
0.698034
0.704467
0.716496
0.73881
0.784707
0.839116
0.877049
0.902027
0.920453
0.921579
0.91822
0.910713
0.902441
0.895233
0.889757
0.885879
0.883183
0.881381
0.88045
0.880342
0.880927
0.883835
0.889491
0.894154
0.896821
0.897632
0.897617
0.897054
0.894736
0.889847
0.884299
0.879042
0.873548
0.869514
0.867589
0.867781
0.872393
0.887401
0.903616
0.915232
0.928244
0.94131
0.957986
0.973837
0.984803
0.990369
0.992923
0.994127
0.994334
0.994547
0.994892
0.995242
0.995536
0.995625
0.995298
0.993799
0.989629
0.978353
0.955636
0.944309
0.923189
0.905364
0.896669
0.889382
0.885173
0.883564
0.880998
0.873381
0.868087
0.868763
0.882837
0.910352
0.917781
0.914374
0.891563
0.870145
0.778364
0.773045
0.736517
0.628689
0.585218
0.589166
0.621567
0.69401
0.731633
0.743021
0.745235
0.743051
0.739158
0.735142
0.730375
0.724283
0.711505
0.672455
0.594833
0.544935
0.523563
0.516668
0.514877
0.51601
0.522202
0.538059
0.568507
0.596891
0.612937
0.619293
0.624607
0.634587
0.663559
0.711603
0.715671
0.717281
0.755671
0.872206
0.932156
0.953671
0.962662
0.965656
0.965984
0.963801
0.962241
0.962035
0.962644
0.964657
0.967186
0.968122
0.968447
0.968535
0.968514
0.968172
0.967215
0.965723
0.964159
0.962686
0.960786
0.95786
0.952982
0.94391
0.926257
0.891551
0.83525
0.799597
0.784654
0.780015
0.779189
0.782557
0.795363
0.805046
0.807492
0.806633
0.793598
0.783109
0.778914
0.77707
0.775378
0.771294
0.766559
0.763704
0.758255
0.746207
0.725399
0.708047
0.701107
0.69875
0.698334
0.69954
0.699584
0.698708
0.694357
0.682008
0.660962
0.639852
0.627662
0.622071
0.620515
0.628229
0.650162
0.662428
0.676228
0.683556
0.688764
0.69327
0.701366
0.717437
0.754116
0.820601
0.878071
0.918606
0.9466
0.958868
0.957997
0.95137
0.937738
0.922021
0.908522
0.898331
0.891398
0.88701
0.884611
0.883759
0.883821
0.885155
0.8898
0.894764
0.898084
0.899582
0.89981
0.899351
0.89657
0.88715
0.872523
0.857296
0.84763
0.843841
0.843558
0.846064
0.858532
0.881946
0.903761
0.926175
0.951118
0.974664
0.987419
0.993343
0.995813
0.996118
0.995861
0.995269
0.994058
0.99325
0.993276
0.993591
0.994373
0.996071
0.997094
0.997141
0.996583
0.993772
0.985072
0.963338
0.94373
0.9246
0.908203
0.897142
0.890707
0.888253
0.886765
0.882835
0.873246
0.870234
0.873778
0.896974
0.911413
0.908982
0.884822
0.862051
0.783683
0.770494
0.698209
0.594736
0.581939
0.610836
0.702205
0.750765
0.75992
0.758032
0.751797
0.744887
0.738925
0.734133
0.729171
0.724943
0.719178
0.705603
0.661347
0.581892
0.540448
0.530259
0.533145
0.537999
0.547443
0.568251
0.587512
0.60325
0.613916
0.621082
0.632193
0.659107
0.704698
0.719783
0.718696
0.732477
0.807597
0.920897
0.953913
0.964273
0.967392
0.967902
0.966518
0.963835
0.962759
0.962739
0.963572
0.96567
0.967996
0.968828
0.96912
0.969185
0.969134
0.968702
0.96764
0.966331
0.965366
0.964778
0.96422
0.963545
0.962313
0.959614
0.953622
0.940604
0.913135
0.858366
0.80594
0.784918
0.77743
0.775926
0.776583
0.782509
0.78547
0.785908
0.781803
0.777392
0.776096
0.774763
0.772485
0.767067
0.759128
0.753005
0.745391
0.727473
0.705261
0.69722
0.694847
0.694656
0.699144
0.704259
0.705544
0.70477
0.695899
0.671876
0.635798
0.596081
0.571722
0.56205
0.559501
0.563662
0.579783
0.608395
0.641694
0.664352
0.678369
0.687266
0.694735
0.706302
0.731637
0.797913
0.870501
0.923517
0.956631
0.974775
0.982104
0.982464
0.979335
0.968479
0.948643
0.928272
0.912459
0.900772
0.89278
0.88799
0.885811
0.885387
0.886044
0.8896
0.894933
0.89837
0.899498
0.899295
0.896556
0.88317
0.85898
0.844142
0.838149
0.837078
0.837856
0.842049
0.857284
0.889635
0.926966
0.962787
0.982959
0.992531
0.996311
0.997129
0.996934
0.995803
0.992181
0.987844
0.982544
0.978623
0.978371
0.979163
0.981351
0.986203
0.991992
0.995701
0.997035
0.996915
0.994979
0.987571
0.967038
0.944085
0.926707
0.912877
0.902438
0.898548
0.898149
0.896877
0.887434
0.875021
0.874321
0.885495
0.904049
0.90407
0.885482
0.861205
0.789237
0.76204
0.655822
0.583375
0.588888
0.664828
0.758195
0.772818
0.770386
0.762065
0.75002
0.739013
0.72991
0.72454
0.721308
0.719079
0.716176
0.707737
0.679279
0.62407
0.57564
0.55365
0.553686
0.565281
0.579904
0.586981
0.598281
0.610387
0.620227
0.634767
0.667812
0.707237
0.72217
0.723208
0.726301
0.765692
0.891097
0.948253
0.963941
0.967875
0.968531
0.967887
0.965678
0.963127
0.962463
0.962518
0.963767
0.966149
0.968676
0.969712
0.969975
0.96999
0.969658
0.96864
0.967413
0.966422
0.965903
0.965797
0.965879
0.966092
0.966146
0.965725
0.964284
0.960512
0.951589
0.931899
0.889785
0.81976
0.788622
0.776163
0.77326
0.77306
0.775543
0.776612
0.776492
0.774413
0.77296
0.771507
0.766553
0.758749
0.749308
0.742317
0.729773
0.706981
0.693335
0.690056
0.689835
0.693625
0.70478
0.716527
0.718849
0.718742
0.712888
0.695279
0.662495
0.612203
0.569279
0.55289
0.548438
0.549793
0.55658
0.574678
0.612433
0.64795
0.671915
0.685258
0.693052
0.703499
0.725038
0.782928
0.864255
0.924068
0.960348
0.979937
0.989336
0.992625
0.992749
0.99147
0.986924
0.973989
0.95296
0.932439
0.915871
0.902884
0.893693
0.888017
0.88521
0.884383
0.884944
0.88946
0.89377
0.894345
0.89155
0.875013
0.851495
0.840205
0.836578
0.836384
0.838113
0.846586
0.873952
0.928264
0.966594
0.985766
0.994313
0.997366
0.997748
0.99718
0.994429
0.987355
0.973648
0.962287
0.953354
0.946265
0.944569
0.945334
0.94827
0.955346
0.969516
0.983576
0.992449
0.996006
0.99629
0.994837
0.987778
0.966402
0.946202
0.930661
0.918687
0.913997
0.913668
0.913185
0.907758
0.886697
0.877741
0.880818
0.896473
0.899332
0.887188
0.863011
0.791053
0.744554
0.617574
0.580284
0.612078
0.733864
0.780783
0.782994
0.776793
0.763379
0.747074
0.731047
0.71974
0.7136
0.710822
0.709463
0.708006
0.702292
0.685625
0.654376
0.621919
0.603551
0.599169
0.599262
0.599092
0.605866
0.617959
0.632702
0.655707
0.690349
0.717867
0.727476
0.728311
0.729378
0.747898
0.840441
0.934801
0.96106
0.96738
0.96844
0.968391
0.966626
0.962753
0.961315
0.961185
0.962121
0.964255
0.967445
0.969905
0.970539
0.970605
0.97031
0.969452
0.968282
0.966952
0.966505
0.966438
0.966487
0.966698
0.967106
0.96749
0.9676
0.967543
0.966876
0.964881
0.959582
0.946382
0.91531
0.849656
0.796419
0.777184
0.77164
0.770918
0.772323
0.772917
0.772472
0.770314
0.767307
0.76174
0.753596
0.743619
0.732315
0.719835
0.698777
0.687627
0.684498
0.684161
0.687731
0.699856
0.715863
0.724262
0.7275
0.728058
0.722449
0.700086
0.65512
0.597036
0.562803
0.549581
0.549897
0.554366
0.568564
0.604343
0.643075
0.670092
0.685556
0.694402
0.704251
0.724449
0.77929
0.863955
0.928273
0.964789
0.983208
0.9923
0.996111
0.997144
0.997094
0.996466
0.994436
0.989041
0.976208
0.957404
0.936691
0.918251
0.903229
0.892216
0.885461
0.882146
0.881142
0.881253
0.881179
0.878351
0.863389
0.846639
0.839305
0.838099
0.839172
0.845496
0.868407
0.925553
0.965446
0.985615
0.994574
0.997757
0.998158
0.997388
0.993253
0.981309
0.959996
0.94533
0.938047
0.933726
0.930714
0.928756
0.927873
0.927753
0.928336
0.931607
0.945265
0.972501
0.988542
0.994707
0.995481
0.994055
0.986433
0.966219
0.948318
0.93513
0.929599
0.929073
0.928935
0.925977
0.90712
0.885008
0.882618
0.890209
0.895462
0.889594
0.867889
0.790787
0.718266
0.600193
0.58207
0.649229
0.768204
0.796531
0.798382
0.789736
0.770475
0.742893
0.721653
0.71135
0.70671
0.704384
0.702421
0.700136
0.694892
0.683796
0.666582
0.647767
0.632206
0.623651
0.62608
0.637335
0.656828
0.678579
0.70087
0.720438
0.732347
0.735321
0.734514
0.734411
0.745821
0.800581
0.912915
0.954964
0.965726
0.967914
0.968193
0.966993
0.962638
0.960525
0.960113
0.960645
0.962423
0.965727
0.969563
0.97068
0.97087
0.970716
0.970101
0.96893
0.967448
0.966811
0.966631
0.966618
0.966656
0.9668
0.967198
0.967654
0.967988
0.968125
0.968183
0.968128
0.967303
0.964756
0.957332
0.938029
0.892135
0.813632
0.781251
0.770191
0.768398
0.769025
0.769453
0.767954
0.763505
0.757116
0.745887
0.731872
0.718561
0.706459
0.688132
0.673738
0.671729
0.673224
0.675561
0.684051
0.698104
0.711301
0.717673
0.716383
0.707149
0.68314
0.646193
0.601233
0.56994
0.559788
0.560281
0.564891
0.578486
0.610135
0.64938
0.678559
0.696388
0.70639
0.716822
0.73787
0.794169
0.880496
0.941035
0.973889
0.988603
0.994897
0.997726
0.998761
0.998956
0.998894
0.998584
0.997696
0.995531
0.990765
0.980345
0.96239
0.940422
0.919106
0.902161
0.889807
0.882153
0.878056
0.871908
0.861539
0.850235
0.843461
0.842415
0.84333
0.848074
0.865346
0.917148
0.960906
0.983682
0.993962
0.997784
0.998502
0.997947
0.993716
0.978928
0.952632
0.940945
0.935571
0.932922
0.930654
0.928881
0.927734
0.926769
0.925666
0.924152
0.923404
0.924462
0.931584
0.960255
0.984985
0.993472
0.99455
0.992878
0.9848
0.965401
0.95069
0.944083
0.94308
0.943008
0.94127
0.928587
0.897081
0.886005
0.887865
0.89263
0.890292
0.874812
0.787216
0.68475
0.586356
0.589479
0.686039
0.799553
0.822419
0.821894
0.806204
0.771246
0.730124
0.713254
0.707315
0.70443
0.702178
0.699072
0.694518
0.688878
0.681093
0.670713
0.662942
0.659635
0.671713
0.692664
0.711499
0.726811
0.73656
0.743109
0.746175
0.743677
0.741688
0.741137
0.749154
0.785189
0.892383
0.945331
0.962679
0.966817
0.967569
0.966792
0.962606
0.960163
0.959529
0.95964
0.960843
0.963651
0.968596
0.970471
0.970874
0.970868
0.970513
0.969478
0.96788
0.966618
0.966077
0.965785
0.965509
0.965382
0.965361
0.965838
0.966409
0.967239
0.967661
0.968225
0.968462
0.968528
0.968433
0.967509
0.964245
0.954054
0.926007
0.859488
0.793096
0.770482
0.765225
0.765215
0.765396
0.761804
0.753798
0.744704
0.73185
0.717949
0.705998
0.690808
0.672604
0.660079
0.651458
0.646697
0.644818
0.645914
0.649216
0.648597
0.641669
0.624855
0.604611
0.58696
0.577513
0.568284
0.570656
0.578573
0.593404
0.621816
0.659634
0.692103
0.71365
0.724254
0.731267
0.74211
0.766631
0.83125
0.90534
0.95471
0.980832
0.992506
0.997056
0.998763
0.999414
0.999621
0.999638
0.999599
0.99945
0.999056
0.998179
0.996444
0.992835
0.984785
0.967327
0.943811
0.920763
0.901948
0.886934
0.872556
0.858916
0.851696
0.850891
0.851896
0.855914
0.868269
0.907938
0.953989
0.980489
0.992826
0.997575
0.998796
0.998595
0.995738
0.982606
0.953503
0.941061
0.936317
0.934119
0.932805
0.932081
0.93254
0.934301
0.935151
0.934673
0.932762
0.926626
0.922113
0.922341
0.928214
0.956604
0.98415
0.992807
0.993675
0.991645
0.981653
0.965253
0.957107
0.955291
0.955078
0.953865
0.945661
0.913917
0.891908
0.889191
0.890781
0.889944
0.880399
0.778701
0.647165
0.576423
0.601053
0.725963
0.82517
0.840663
0.837226
0.812389
0.761044
0.723683
0.711808
0.707129
0.704698
0.70234
0.699346
0.696392
0.694683
0.693829
0.69625
0.708588
0.72525
0.73672
0.745754
0.753197
0.756429
0.757374
0.756098
0.752152
0.749975
0.749586
0.756906
0.78682
0.87623
0.935332
0.958108
0.964997
0.966419
0.966087
0.962845
0.960079
0.95924
0.959138
0.959753
0.961713
0.966648
0.969868
0.970718
0.970848
0.970693
0.969848
0.968076
0.966184
0.964761
0.963561
0.962065
0.960289
0.959403
0.959096
0.959792
0.961204
0.963143
0.964883
0.966352
0.967632
0.96832
0.968651
0.968744
0.96859
0.967653
0.963928
0.951463
0.916066
0.835844
0.779063
0.762109
0.760056
0.759249
0.755198
0.746823
0.735739
0.722555
0.710589
0.698711
0.683175
0.666524
0.653568
0.644036
0.634595
0.626573
0.617911
0.608932
0.601751
0.593217
0.587835
0.583669
0.585012
0.590803
0.603401
0.624396
0.649235
0.683912
0.717328
0.74039
0.753278
0.758204
0.764556
0.778391
0.812872
0.885348
0.941818
0.973078
0.988282
0.995225
0.998161
0.999296
0.999713
0.999854
0.999886
0.999883
0.999862
0.999794
0.999617
0.999271
0.998643
0.997358
0.994607
0.988231
0.972919
0.948478
0.918641
0.891129
0.874632
0.870531
0.87108
0.874152
0.882932
0.9102
0.953552
0.979784
0.992204
0.997355
0.998991
0.99906
0.997747
0.989052
0.959952
0.943454
0.937825
0.93561
0.935807
0.937376
0.941153
0.946783
0.955073
0.959763
0.959921
0.958404
0.95359
0.937926
0.92547
0.924121
0.929528
0.959145
0.985389
0.992557
0.992963
0.990107
0.978422
0.968545
0.965671
0.965169
0.964061
0.958431
0.931972
0.900805
0.891265
0.890359
0.889309
0.882559
0.763967
0.612188
0.573545
0.616757
0.758339
0.841506
0.852892
0.846672
0.813871
0.754254
0.724654
0.717627
0.715379
0.71471
0.714812
0.716802
0.722588
0.731913
0.746429
0.761585
0.767114
0.768604
0.768837
0.767706
0.766883
0.766534
0.764668
0.761397
0.759645
0.760424
0.76883
0.800185
0.869505
0.927784
0.953166
0.962381
0.964839
0.965123
0.96346
0.96051
0.959275
0.959015
0.959185
0.960366
0.964176
0.968596
0.970262
0.970672
0.970704
0.970214
0.968726
0.966278
0.963419
0.960484
0.956686
0.951481
0.947501
0.945623
0.944962
0.945967
0.94878
0.953135
0.957265
0.961517
0.964077
0.966166
0.967503
0.968332
0.96869
0.968788
0.968728
0.967998
0.965144
0.953823
0.918947
0.83607
0.773121
0.758885
0.755935
0.751532
0.745223
0.73704
0.727652
0.716231
0.707575
0.696416
0.682972
0.668679
0.655642
0.643847
0.634574
0.627003
0.621564
0.619511
0.621372
0.627106
0.63767
0.65464
0.677504
0.700041
0.731558
0.758716
0.774567
0.782681
0.793614
0.803227
0.81518
0.840958
0.898014
0.951414
0.978393
0.990688
0.996102
0.9984
0.999346
0.999727
0.999882
0.999944
0.999965
0.999968
0.999965
0.999955
0.999926
0.999851
0.999728
0.999508
0.999059
0.998094
0.995833
0.989775
0.969406
0.934844
0.91504
0.910772
0.911657
0.916171
0.932175
0.963528
0.982974
0.992953
0.997452
0.999133
0.999411
0.998981
0.99486
0.972218
0.947939
0.939763
0.937221
0.93795
0.941343
0.949955
0.961029
0.96871
0.971925
0.972165
0.971569
0.97111
0.970363
0.9675
0.950861
0.930604
0.928386
0.935032
0.966898
0.987789
0.992549
0.992364
0.987924
0.978146
0.97427
0.973378
0.972198
0.96802
0.948494
0.911997
0.895174
0.891062
0.888903
0.882095
0.741918
0.588401
0.573974
0.633976
0.785223
0.854262
0.863034
0.855591
0.821174
0.76184
0.737874
0.733083
0.73265
0.735827
0.746514
0.76125
0.775244
0.790959
0.801135
0.803283
0.802942
0.800026
0.794591
0.787404
0.779978
0.776531
0.774119
0.77281
0.775638
0.788155
0.818828
0.869442
0.921944
0.948518
0.959745
0.963664
0.964556
0.964437
0.96266
0.960082
0.959223
0.959068
0.95958
0.962201
0.966543
0.969242
0.970208
0.970456
0.970185
0.968943
0.966384
0.962166
0.956542
0.949826
0.942724
0.93753
0.933975
0.932265
0.931665
0.932089
0.933818
0.937251
0.943914
0.952037
0.957941
0.961983
0.96467
0.966345
0.967334
0.967903
0.968344
0.968575
0.968743
0.968767
0.968079
0.964988
0.951009
0.899532
0.814895
0.765723
0.756847
0.74991
0.744733
0.737255
0.729812
0.721134
0.715683
0.707149
0.703626
0.697371
0.692853
0.68988
0.689575
0.691329
0.695789
0.705317
0.716289
0.736815
0.754501
0.777819
0.802926
0.82116
0.838032
0.855503
0.879228
0.895228
0.911378
0.945088
0.969605
0.984614
0.992689
0.99668
0.998553
0.99939
0.999747
0.999894
0.999955
0.99998
0.999989
0.999992
0.999992
0.99999
0.999986
0.999974
0.99995
0.999913
0.999839
0.999679
0.999288
0.998161
0.994224
0.980412
0.968911
0.96672
0.967378
0.970376
0.979766
0.989388
0.995115
0.99804
0.999316
0.999663
0.999559
0.99819
0.988566
0.958522
0.942659
0.93863
0.938967
0.942323
0.953346
0.967956
0.97414
0.976177
0.976064
0.97437
0.971946
0.971544
0.971874
0.97231
0.970539
0.954931
0.934151
0.933318
0.94383
0.976896
0.990246
0.992755
0.991777
0.986232
0.98127
0.979849
0.978618
0.97525
0.961605
0.924907
0.90126
0.892748
0.889223
0.88037
0.716632
0.580479
0.576824
0.65091
0.804021
0.86581
0.874311
0.86863
0.839029
0.783119
0.757375
0.752619
0.752686
0.759321
0.776856
0.798848
0.815263
0.827868
0.836108
0.837429
0.83683
0.834133
0.828797
0.821344
0.812084
0.80478
0.802435
0.803364
0.817309
0.84426
0.879407
0.917167
0.944741
0.957073
0.962182
0.964048
0.964571
0.96442
0.962776
0.960291
0.959515
0.959583
0.961131
0.964298
0.967497
0.969204
0.969971
0.970093
0.969567
0.967586
0.9629
0.956319
0.948483
0.941152
0.934994
0.931025
0.928875
0.927846
0.927493
0.927703
0.92847
0.930073
0.933057
0.938887
0.94907
0.956586
0.961078
0.963905
0.965621
0.966529
0.966822
0.966936
0.966681
0.966548
0.967657
0.969337
0.970524
0.971085
0.969853
0.950214
0.925966
0.889719
0.852029
0.821468
0.798677
0.780123
0.768243
0.757113
0.748198
0.741775
0.738196
0.736901
0.738094
0.741861
0.748106
0.760763
0.776354
0.800263
0.830037
0.860321
0.888622
0.91259
0.936083
0.954122
0.966613
0.973751
0.980417
0.987095
0.992465
0.995989
0.998002
0.999052
0.999569
0.999812
0.99992
0.999966
0.999986
0.999994
0.999997
0.999998
0.999998
0.999998
0.999998
0.999996
0.999993
0.999987
0.999977
0.999954
0.999895
0.999711
0.99901
0.996214
0.993334
0.992527
0.992562
0.99312
0.995266
0.997567
0.998898
0.999576
0.999822
0.999812
0.999435
0.996482
0.978913
0.951298
0.940114
0.938437
0.939984
0.948994
0.966755
0.97519
0.977826
0.977898
0.977005
0.97228
0.965238
0.964059
0.965131
0.969919
0.972223
0.969996
0.951579
0.936787
0.93856
0.957987
0.9841
0.991899
0.992871
0.991334
0.986812
0.984875
0.983597
0.980723
0.970937
0.938392
0.907591
0.896116
0.890089
0.876098
0.694671
0.579122
0.581623
0.665815
0.815539
0.875301
0.885341
0.882255
0.859222
0.809757
0.778102
0.771503
0.77099
0.775864
0.792288
0.817634
0.839549
0.850608
0.857012
0.860475
0.861798
0.863474
0.864007
0.860614
0.852214
0.846876
0.845478
0.848382
0.861812
0.88263
0.911755
0.940747
0.955231
0.961611
0.964202
0.964916
0.964896
0.964663
0.963353
0.961158
0.960598
0.96112
0.962822
0.965325
0.967487
0.96899
0.969617
0.969594
0.968376
0.964695
0.957818
0.949956
0.942331
0.936257
0.93165
0.928728
0.927157
0.926477
0.926411
0.926611
0.927072
0.928129
0.929951
0.933423
0.941304
0.951606
0.95868
0.962422
0.96426
0.965371
0.966058
0.966309
0.965929
0.96471
0.963207
0.962906
0.96515
0.968491
0.970963
0.971393
0.971314
0.970839
0.969378
0.965742
0.958833
0.947896
0.935411
0.919572
0.902565
0.883916
0.872025
0.860979
0.860461
0.863005
0.86977
0.883867
0.904099
0.925096
0.942247
0.956172
0.967535
0.976476
0.983403
0.988506
0.991943
0.994255
0.996032
0.997447
0.998487
0.999172
0.999576
0.999793
0.999902
0.999956
0.99998
0.999991
0.999996
0.999998
0.999999
1
1
1
1
1
0.999999
0.999999
0.999997
0.999995
0.999988
0.999965
0.999874
0.999462
0.998849
0.998622
0.99861
0.998705
0.999107
0.999542
0.9998
0.999919
0.99993
0.999837
0.999041
0.993994
0.970684
0.947192
0.938725
0.937822
0.940902
0.956272
0.971318
0.977341
0.978526
0.978214
0.975533
0.964038
0.948455
0.944047
0.945537
0.953695
0.967454
0.970487
0.966481
0.945811
0.940137
0.946512
0.97323
0.9894
0.993304
0.993274
0.991154
0.988739
0.987384
0.984809
0.977368
0.949633
0.915507
0.901165
0.889553
0.873662
0.681587
0.579991
0.587567
0.675776
0.818403
0.879697
0.894316
0.894205
0.879575
0.840551
0.802059
0.7916
0.789803
0.791147
0.800283
0.819688
0.84281
0.859791
0.869031
0.875199
0.878024
0.879328
0.882323
0.886777
0.886218
0.880317
0.877078
0.877897
0.890657
0.906933
0.926477
0.948054
0.958262
0.962979
0.965147
0.966011
0.966099
0.965745
0.964885
0.96349
0.962888
0.962786
0.963556
0.965401
0.967324
0.968559
0.968934
0.968637
0.967005
0.962645
0.956071
0.949036
0.942275
0.936456
0.932032
0.929147
0.927514
0.926695
0.926511
0.926595
0.926933
0.927865
0.929509
0.932318
0.938966
0.949649
0.957683
0.961962
0.963938
0.964763
0.965153
0.965261
0.965201
0.964634
0.962891
0.960509
0.958656
0.957984
0.958577
0.962541
0.967566
0.971507
0.974096
0.974804
0.974464
0.973015
0.97132
0.968742
0.964847
0.961487
0.958773
0.954684
0.952313
0.952216
0.952666
0.954363
0.957547
0.961547
0.966529
0.972315
0.978397
0.984156
0.989122
0.992985
0.995691
0.997463
0.998565
0.999221
0.999595
0.999799
0.999904
0.999956
0.99998
0.999991
0.999996
0.999998
0.999999
1
1
1
1
1
1
1
1
1
1
0.999999
0.999999
0.999996
0.999985
0.999931
0.999815
0.999766
0.999761
0.999776
0.999841
0.999919
0.999966
0.999976
0.999957
0.999762
0.998472
0.991171
0.965173
0.944945
0.93734
0.936842
0.941019
0.958739
0.972679
0.977695
0.978368
0.976935
0.969535
0.947963
0.929516
0.924489
0.92474
0.928938
0.94947
0.966298
0.967715
0.958098
0.943166
0.944114
0.961053
0.984537
0.992596
0.994159
0.993652
0.991663
0.990178
0.987826
0.981717
0.958313
0.923599
0.90546
0.888913
0.87307
0.676434
0.583293
0.594229
0.682668
0.816992
0.880388
0.900269
0.903717
0.896603
0.869697
0.829943
0.814098
0.81055
0.810362
0.813671
0.82355
0.83941
0.856144
0.869177
0.877226
0.883687
0.88974
0.893345
0.896253
0.902023
0.904169
0.902158
0.899474
0.903449
0.917826
0.933645
0.947823
0.957967
0.962825
0.965132
0.966216
0.966759
0.967045
0.966911
0.966342
0.965617
0.964933
0.964677
0.96552
0.966883
0.967844
0.968078
0.967847
0.966683
0.962926
0.956578
0.949867
0.943362
0.937811
0.933526
0.930614
0.928847
0.927728
0.927578
0.927745
0.928244
0.929478
0.931441
0.934059
0.939636
0.949687
0.958127
0.962469
0.96406
0.96466
0.9649
0.96494
0.964888
0.964641
0.963665
0.961132
0.95837
0.956091
0.954451
0.953781
0.953787
0.954566
0.958067
0.964816
0.970956
0.975265
0.97721
0.97759
0.976527
0.971253
0.965178
0.960968
0.958471
0.956971
0.956617
0.957011
0.957932
0.959528
0.963452
0.969985
0.977145
0.983759
0.989159
0.993198
0.996036
0.997855
0.998918
0.999489
0.999773
0.999905
0.999962
0.999985
0.999994
0.999998
0.999999
1
1
1
1
1
1
1
1
1
1
1
1
1
1
1
0.999998
0.999991
0.999971
0.999961
0.99996
0.999962
0.999972
0.999986
0.999992
0.99999
0.99995
0.999644
0.997838
0.988527
0.962745
0.943536
0.935935
0.935565
0.940595
0.959556
0.972939
0.977144
0.976892
0.972546
0.953821
0.930052
0.921659
0.919546
0.919374
0.920186
0.927647
0.954597
0.965583
0.963646
0.948962
0.94508
0.952677
0.977814
0.990949
0.994522
0.994766
0.993816
0.99221
0.990001
0.984656
0.96462
0.930529
0.908956
0.889025
0.873664
0.674669
0.589169
0.601259
0.685155
0.811277
0.875144
0.902323
0.910897
0.909219
0.892216
0.859626
0.83843
0.832619
0.831651
0.832917
0.837176
0.844014
0.851876
0.860909
0.871592
0.880839
0.888548
0.895714
0.899886
0.904576
0.911051
0.915106
0.916256
0.915727
0.921353
0.933683
0.946273
0.956379
0.961946
0.96475
0.966102
0.966779
0.967319
0.967761
0.967879
0.967633
0.967145
0.966635
0.966125
0.966793
0.967453
0.967602
0.967485
0.966718
0.963935
0.958013
0.951984
0.946144
0.941051
0.936853
0.933885
0.932005
0.930462
0.930171
0.930373
0.931
0.932522
0.934877
0.938824
0.947533
0.956958
0.962704
0.964668
0.964968
0.964807
0.96473
0.964727
0.964689
0.964676
0.964978
0.965648
0.963955
0.959036
0.955122
0.952898
0.951844
0.951376
0.951135
0.951045
0.951678
0.955879
0.964317
0.972413
0.977897
0.980372
0.980725
0.977197
0.965752
0.956491
0.951665
0.950133
0.95018
0.9514
0.956214
0.965867
0.975074
0.982859
0.988889
0.9932
0.996125
0.997958
0.999006
0.999552
0.999812
0.999926
0.999973
0.999991
0.999997
0.999999
1
1
1
1
1
1
1
1
1
1
1
1
1
1
1
1
1
0.999999
0.999995
0.999993
0.999993
0.999993
0.999995
0.999997
0.999997
0.999992
0.999932
0.999516
0.997231
0.986714
0.962131
0.942924
0.934485
0.934042
0.939698
0.959732
0.972568
0.975045
0.973334
0.962456
0.934728
0.923144
0.919798
0.919162
0.919099
0.919164
0.921251
0.937624
0.96031
0.963164
0.954981
0.94653
0.949597
0.969848
0.988153
0.994184
0.995342
0.995018
0.993689
0.991553
0.986748
0.969531
0.936728
0.912329
0.889407
0.875621
0.674314
0.597487
0.608154
0.684393
0.804182
0.866553
0.896354
0.916935
0.920392
0.913478
0.891831
0.870614
0.863847
0.862211
0.862553
0.870084
0.875626
0.878304
0.878976
0.876704
0.8758
0.880479
0.888259
0.898557
0.903361
0.910256
0.916035
0.921278
0.924433
0.926365
0.932741
0.943356
0.95281
0.959608
0.963591
0.965601
0.966595
0.967261
0.967835
0.968313
0.968574
0.968501
0.968264
0.967653
0.967175
0.967451
0.967537
0.967449
0.966921
0.965344
0.961039
0.955209
0.949743
0.944975
0.940924
0.937811
0.936118
0.934471
0.934316
0.934651
0.935653
0.938017
0.941428
0.948064
0.956708
0.96242
0.964759
0.965428
0.965245
0.964819
0.964646
0.964559
0.964503
0.964554
0.96502
0.967325
0.971237
0.972188
0.967879
0.96104
0.956799
0.954159
0.952001
0.950113
0.948349
0.94697
0.94681
0.949242
0.960536
0.973895
0.981297
0.984201
0.984376
0.97836
0.965075
0.958699
0.957737
0.958388
0.961707
0.970902
0.979567
0.986201
0.991044
0.994476
0.996802
0.99828
0.999147
0.999611
0.999836
0.999936
0.999977
0.999992
0.999998
0.999999
1
1
1
1
1
1
1
1
1
1
1
1
1
1
1
1
1
1
0.999999
0.999999
0.999999
0.999999
0.999999
0.999999
0.999999
0.999991
0.999913
0.999391
0.996722
0.985465
0.962354
0.942911
0.933002
0.932237
0.9382
0.959357
0.970466
0.97151
0.96692
0.943468
0.927133
0.921688
0.920217
0.921475
0.922569
0.921692
0.921603
0.928552
0.952841
0.961727
0.958319
0.948259
0.948832
0.962976
0.984496
0.993361
0.995579
0.995603
0.994717
0.992616
0.988071
0.972883
0.943302
0.915276
0.89073
0.878681
0.676175
0.608753
0.615498
0.67535
0.785232
0.854013
0.883522
0.91228
0.924667
0.924729
0.914858
0.902075
0.898578
0.902578
0.925025
0.939953
0.949047
0.952594
0.951358
0.94124
0.920787
0.897273
0.886461
0.887364
0.897557
0.906515
0.913837
0.920641
0.925621
0.92964
0.932789
0.93978
0.948375
0.955601
0.960784
0.96425
0.965953
0.966941
0.9677
0.968294
0.968731
0.969014
0.969096
0.968922
0.968424
0.967871
0.967707
0.967556
0.967164
0.966202
0.964161
0.960029
0.955136
0.95095
0.946996
0.943861
0.941712
0.940495
0.940701
0.941581
0.943804
0.947045
0.953242
0.96028
0.964051
0.965542
0.965918
0.965778
0.965287
0.964566
0.964339
0.964354
0.964396
0.964432
0.964691
0.966227
0.971387
0.976705
0.980092
0.980628
0.977582
0.972752
0.966262
0.958144
0.951153
0.94635
0.94382
0.943195
0.944266
0.953011
0.971477
0.982507
0.987319
0.988704
0.98693
0.982513
0.981998
0.982899
0.98599
0.990302
0.993502
0.995624
0.997022
0.997991
0.998699
0.99922
0.999574
0.999788
0.999903
0.999959
0.999984
0.999994
0.999998
0.999999
1
1
1
1
1
1
1
1
1
1
1
1
1
1
1
1
1
1
1
1
1
1
1
1
0.999999
0.999989
0.999892
0.999267
0.996252
0.984567
0.963797
0.943607
0.931489
0.930047
0.935887
0.957113
0.967061
0.967065
0.957543
0.934674
0.925397
0.922737
0.923356
0.92813
0.932462
0.930867
0.926871
0.929177
0.946673
0.959667
0.959125
0.950267
0.9489
0.957828
0.98096
0.992267
0.995491
0.995831
0.995261
0.993372
0.988942
0.975408
0.948777
0.917963
0.89446
0.882819
0.685283
0.626227
0.630304
0.666992
0.752213
0.836302
0.869092
0.894352
0.922127
0.927232
0.924366
0.919763
0.92446
0.946358
0.964233
0.970647
0.972547
0.972458
0.974639
0.978262
0.980495
0.96996
0.933318
0.900116
0.892892
0.895921
0.906701
0.916934
0.924325
0.929633
0.932878
0.937404
0.944103
0.951248
0.957104
0.961307
0.964332
0.96606
0.967175
0.968026
0.968638
0.969032
0.969306
0.969431
0.969329
0.969052
0.968569
0.968042
0.96773
0.96735
0.966488
0.964947
0.961629
0.958986
0.955598
0.953911
0.95194
0.951914
0.952442
0.953825
0.95663
0.960706
0.963905
0.965634
0.966391
0.966378
0.966188
0.965712
0.964584
0.963754
0.963642
0.963848
0.964124
0.964154
0.964088
0.964293
0.96673
0.974074
0.981008
0.986067
0.989594
0.990891
0.99015
0.984422
0.968353
0.953719
0.945507
0.942547
0.942352
0.944192
0.9553
0.974362
0.985388
0.990491
0.992955
0.99429
0.995174
0.996196
0.99728
0.998104
0.998653
0.99903
0.999308
0.999521
0.999685
0.999807
0.999892
0.999945
0.999974
0.999988
0.999995
0.999998
0.999999
1
1
1
1
1
1
1
1
1
1
1
1
1
1
1
1
1
1
1
1
1
1
1
1
1
0.999999
0.999986
0.999872
0.999143
0.995782
0.983999
0.966289
0.945251
0.929965
0.927557
0.932862
0.9537
0.963029
0.962198
0.948935
0.932152
0.926346
0.926847
0.928927
0.937814
0.945917
0.944847
0.937356
0.935076
0.944858
0.958219
0.959026
0.951925
0.948978
0.954769
0.976616
0.9906
0.995217
0.995843
0.995441
0.993738
0.989539
0.978649
0.953212
0.921473
0.899974
0.887253
0.702252
0.657744
0.662306
0.66914
0.718177
0.798035
0.85113
0.874654
0.905718
0.926724
0.930382
0.932581
0.941887
0.960631
0.966818
0.966331
0.95017
0.941921
0.944076
0.962835
0.981851
0.989564
0.988182
0.962936
0.915318
0.900278
0.900881
0.907062
0.919723
0.928069
0.932494
0.936363
0.941225
0.947221
0.953204
0.957946
0.961527
0.964047
0.965712
0.967114
0.968157
0.96883
0.969246
0.969482
0.969587
0.96956
0.969445
0.969157
0.968931
0.968749
0.968349
0.967823
0.966399
0.965397
0.963533
0.962576
0.961796
0.96193
0.962494
0.963774
0.965214
0.966339
0.966973
0.967002
0.966859
0.966508
0.965764
0.964318
0.962988
0.962379
0.962484
0.9634
0.963929
0.963902
0.963286
0.962175
0.961996
0.965295
0.976226
0.985157
0.990745
0.994172
0.995439
0.995186
0.992015
0.974895
0.955489
0.946026
0.943382
0.943791
0.948576
0.964872
0.980001
0.988992
0.993667
0.996257
0.997765
0.998657
0.999173
0.999449
0.999598
0.999697
0.999776
0.999842
0.999895
0.999935
0.999964
0.999981
0.999991
0.999996
0.999998
0.999999
1
1
1
1
1
1
1
1
1
1
1
1
1
1
1
1
1
1
1
1
1
1
1
1
1
1
0.999999
0.999984
0.999857
0.999038
0.995213
0.983639
0.968978
0.947654
0.929355
0.925257
0.929871
0.950207
0.959279
0.958082
0.945778
0.932061
0.931659
0.932611
0.936029
0.947424
0.956701
0.956441
0.949855
0.943691
0.947228
0.957888
0.959009
0.952993
0.948988
0.952951
0.9729
0.989042
0.994783
0.99579
0.995436
0.993785
0.989877
0.981045
0.958396
0.926567
0.906299
0.891459
0.738589
0.720185
0.728739
0.718281
0.722893
0.762066
0.813855
0.857596
0.879558
0.917583
0.930233
0.935222
0.949528
0.964236
0.966402
0.951237
0.928038
0.922145
0.920018
0.926414
0.956309
0.983493
0.993122
0.992315
0.973735
0.92459
0.90604
0.905704
0.909915
0.923048
0.930827
0.935473
0.939669
0.944441
0.949668
0.954565
0.958561
0.961568
0.963645
0.965127
0.966684
0.96803
0.968837
0.969313
0.969543
0.969618
0.969623
0.969578
0.969504
0.969445
0.969314
0.969165
0.968727
0.968421
0.9678
0.967429
0.967165
0.967233
0.967418
0.967738
0.967791
0.967722
0.967515
0.967155
0.966358
0.965266
0.963193
0.961688
0.961024
0.961088
0.961867
0.963352
0.963905
0.963847
0.962699
0.959913
0.958695
0.959289
0.967183
0.980791
0.989347
0.994171
0.996482
0.996984
0.996435
0.991837
0.971768
0.954718
0.947892
0.9469
0.949006
0.961134
0.976609
0.986825
0.992954
0.996332
0.998136
0.999076
0.999533
0.999738
0.999827
0.999875
0.999909
0.999936
0.999958
0.999974
0.999985
0.999992
0.999996
0.999998
0.999999
1
1
1
1
1
1
1
1
1
1
1
1
1
1
1
1
1
1
1
1
1
1
1
1
1
1
1
0.999998
0.999983
0.99985
0.998949
0.994279
0.982873
0.97118
0.950493
0.929573
0.923144
0.926961
0.946432
0.956174
0.955589
0.944997
0.937368
0.937318
0.938396
0.942935
0.954902
0.962847
0.963046
0.958964
0.951423
0.951702
0.958058
0.959169
0.953577
0.948817
0.951612
0.969541
0.987364
0.994195
0.995633
0.995352
0.993711
0.99012
0.982798
0.963195
0.932614
0.912916
0.895157
0.796067
0.797316
0.840674
0.837263
0.825681
0.825491
0.789987
0.823905
0.864102
0.896455
0.92618
0.933558
0.948331
0.963509
0.966496
0.956819
0.941301
0.931728
0.920095
0.920557
0.94007
0.973549
0.990775
0.995826
0.993845
0.971046
0.92539
0.909726
0.909552
0.913809
0.926478
0.933737
0.938367
0.942564
0.946948
0.951542
0.955685
0.95898
0.961438
0.963178
0.964491
0.965807
0.967342
0.968497
0.969104
0.969405
0.969524
0.969547
0.969532
0.969514
0.969476
0.969428
0.969298
0.969208
0.969027
0.968856
0.968721
0.968634
0.968511
0.968359
0.968058
0.967616
0.966679
0.965441
0.963517
0.961338
0.960368
0.960172
0.960273
0.960652
0.961913
0.963498
0.964029
0.963932
0.962406
0.958017
0.956117
0.956345
0.96119
0.975796
0.986722
0.993212
0.996457
0.997498
0.997417
0.995527
0.983867
0.964485
0.954832
0.952531
0.953282
0.960991
0.976037
0.986346
0.992648
0.996243
0.998192
0.999177
0.999633
0.999826
0.999904
0.999938
0.999957
0.999971
0.999981
0.999988
0.999993
0.999997
0.999998
0.999999
1
1
1
1
1
1
1
1
1
1
1
1
1
1
1
1
1
1
1
1
1
1
1
1
1
1
1
1
0.999998
0.999982
0.999848
0.998929
0.993655
0.981981
0.972307
0.953477
0.93068
0.921115
0.92373
0.941702
0.953566
0.954077
0.947746
0.942755
0.942441
0.943551
0.948655
0.959754
0.967217
0.967688
0.965159
0.958118
0.956971
0.959218
0.959576
0.953921
0.948516
0.9506
0.966927
0.985955
0.993626
0.995344
0.995133
0.993445
0.989958
0.983903
0.967671
0.939623
0.919721
0.89826
0.834487
0.835036
0.849221
0.8862
0.953009
0.969239
0.891466
0.788341
0.810845
0.857646
0.908524
0.926369
0.94332
0.96041
0.965715
0.964065
0.961301
0.950721
0.923712
0.919507
0.93585
0.97127
0.989272
0.996629
0.997467
0.993862
0.966681
0.925034
0.912664
0.913014
0.918409
0.930329
0.93675
0.941112
0.944961
0.949106
0.953133
0.956596
0.959238
0.961119
0.962391
0.963498
0.964678
0.966071
0.967474
0.968366
0.968804
0.969004
0.969099
0.969141
0.969143
0.969114
0.969045
0.968957
0.968837
0.968645
0.968504
0.968211
0.967824
0.967065
0.966268
0.964669
0.962872
0.960929
0.959935
0.959529
0.959596
0.959823
0.960112
0.9607
0.962455
0.964005
0.964431
0.964281
0.962501
0.956628
0.953815
0.953912
0.957991
0.972175
0.984361
0.992015
0.996121
0.997649
0.997767
0.996701
0.989201
0.971905
0.962067
0.959177
0.959377
0.963617
0.976536
0.986534
0.99273
0.996315
0.998257
0.999231
0.999678
0.999865
0.999937
0.999965
0.999978
0.999985
0.999991
0.999994
0.999997
0.999998
0.999999
1
1
1
1
1
1
1
1
1
1
1
1
1
1
1
1
1
1
1
1
1
1
1
1
1
1
1
1
1
0.999998
0.999981
0.999852
0.998971
0.993766
0.981246
0.972468
0.956387
0.932721
0.920378
0.920886
0.936108
0.95093
0.953282
0.951392
0.945332
0.944212
0.945796
0.952984
0.9637
0.969569
0.970582
0.96924
0.96363
0.961147
0.961173
0.960611
0.953906
0.94807
0.94973
0.96501
0.984786
0.993053
0.994973
0.994746
0.992754
0.989568
0.984308
0.969767
0.946455
0.926006
0.900479
0.992636
0.978352
0.970803
0.973933
0.983243
0.991482
0.991378
0.95534
0.824069
0.813926
0.845648
0.888661
0.926148
0.951483
0.962193
0.96272
0.961493
0.952186
0.920501
0.917733
0.938243
0.974844
0.990887
0.997132
0.998683
0.997927
0.989944
0.954255
0.922674
0.915125
0.916336
0.923505
0.933982
0.939793
0.943767
0.947391
0.951075
0.954428
0.95707
0.9591
0.960577
0.961735
0.96252
0.963305
0.964012
0.964964
0.965719
0.966173
0.966457
0.966568
0.966636
0.966567
0.966443
0.966262
0.966029
0.96566
0.965056
0.964315
0.963342
0.962201
0.960879
0.959906
0.959332
0.959066
0.959066
0.959163
0.959504
0.959903
0.960319
0.961277
0.963362
0.964704
0.965007
0.964811
0.962948
0.956299
0.952472
0.952183
0.955223
0.968779
0.982269
0.990882
0.995703
0.997678
0.99797
0.997296
0.992114
0.978389
0.969928
0.967182
0.96716
0.969553
0.979157
0.987978
0.993505
0.996724
0.998463
0.99933
0.999726
0.999892
0.999956
0.999979
0.999988
0.999993
0.999995
0.999997
0.999998
0.999999
1
1
1
1
1
1
1
1
1
1
1
1
1
1
1
1
1
1
1
1
1
1
1
1
1
1
1
1
1
1
0.999997
0.999979
0.999855
0.999058
0.994375
0.981249
0.972351
0.959229
0.935824
0.920554
0.918953
0.930097
0.947859
0.952669
0.951668
0.945882
0.944894
0.9475
0.957713
0.965799
0.970517
0.971964
0.971439
0.96788
0.964462
0.963277
0.961486
0.953474
0.947408
0.948889
0.963506
0.983842
0.992482
0.994488
0.994199
0.991895
0.988983
0.984451
0.972132
0.952735
0.930594
0.90137
0.999865
0.999474
0.998647
0.99859
0.998831
0.999189
0.99927
0.998971
0.996614
0.992309
0.971058
0.908816
0.903841
0.913722
0.942798
0.950162
0.947344
0.925191
0.909845
0.916166
0.953171
0.983708
0.994693
0.998295
0.999356
0.999245
0.996753
0.982149
0.941819
0.921507
0.917908
0.919817
0.927993
0.937403
0.942493
0.946007
0.949279
0.952325
0.955036
0.957211
0.958815
0.959926
0.960478
0.960906
0.961214
0.9615
0.961689
0.961711
0.961624
0.961396
0.961169
0.960913
0.960684
0.960452
0.960181
0.959898
0.959573
0.959221
0.958934
0.958689
0.95851
0.958516
0.958617
0.958781
0.95894
0.959305
0.960177
0.960771
0.961339
0.962638
0.964201
0.965243
0.965531
0.965373
0.963627
0.956684
0.95219
0.951503
0.95345
0.965209
0.980124
0.989741
0.995236
0.997703
0.998242
0.997917
0.994917
0.985806
0.979744
0.977629
0.977529
0.97882
0.984882
0.991276
0.995292
0.997628
0.998887
0.999515
0.999803
0.999924
0.999971
0.999988
0.999994
0.999996
0.999998
0.999999
0.999999
1
1
1
1
1
1
1
1
1
1
1
1
1
1
1
1
1
1
1
1
1
1
1
1
1
1
1
1
1
1
0.999999
0.999995
0.999972
0.999848
0.999149
0.995181
0.981975
0.972087
0.961953
0.940549
0.921954
0.918183
0.924692
0.944124
0.951241
0.950815
0.94576
0.945231
0.950108
0.960573
0.966598
0.970767
0.972487
0.972411
0.970583
0.967492
0.965664
0.962371
0.952089
0.946464
0.947994
0.963126
0.983366
0.991982
0.993908
0.993519
0.991067
0.988464
0.984729
0.976504
0.9606
0.934311
0.901454
0.999998
0.999991
0.999967
0.999958
0.999962
0.99997
0.99997
0.999956
0.99987
0.999527
0.997128
0.983113
0.93672
0.914457
0.913496
0.912679
0.904942
0.900719
0.904937
0.934534
0.976822
0.992765
0.997731
0.999267
0.999741
0.999753
0.999083
0.9943
0.972443
0.936373
0.922556
0.921039
0.923206
0.931671
0.940121
0.944743
0.947971
0.950844
0.953455
0.955506
0.957008
0.958029
0.958624
0.959041
0.959233
0.959274
0.959173
0.958854
0.958555
0.958301
0.958097
0.957952
0.957905
0.957899
0.957876
0.957846
0.957863
0.957915
0.957992
0.958088
0.958175
0.958343
0.958756
0.959099
0.959472
0.960317
0.961151
0.961679
0.962239
0.963176
0.964398
0.965331
0.965659
0.965584
0.964312
0.957812
0.952397
0.951226
0.952395
0.961874
0.978056
0.98867
0.994759
0.997728
0.998709
0.998737
0.997908
0.994148
0.990943
0.989723
0.989599
0.990104
0.992794
0.995843
0.997762
0.998874
0.99947
0.999767
0.999905
0.999963
0.999986
0.999994
0.999997
0.999998
0.999999
0.999999
1
1
1
1
1
1
1
1
1
1
1
1
1
1
1
1
1
1
1
1
1
1
1
1
1
1
1
1
1
1
0.999999
0.999998
0.99999
0.999947
0.99979
0.999172
0.995962
0.983442
0.971873
0.96366
0.94696
0.92535
0.918216
0.921408
0.939187
0.948446
0.948289
0.944656
0.945396
0.954387
0.961865
0.966631
0.970241
0.972433
0.972723
0.972052
0.970051
0.967579
0.962434
0.950111
0.945329
0.947333
0.963568
0.983547
0.991655
0.993327
0.992829
0.990412
0.98818
0.985229
0.979535
0.967935
0.939601
0.901579
1
1
1
0.999999
0.999999
0.999999
0.999999
0.999998
0.999994
0.999971
0.999743
0.998022
0.990563
0.966171
0.937653
0.922704
0.920251
0.925158
0.947422
0.978905
0.992698
0.997619
0.999233
0.999747
0.999913
0.99993
0.999781
0.998424
0.991504
0.96586
0.935203
0.924696
0.92414
0.926438
0.934653
0.942387
0.946749
0.949836
0.952169
0.95397
0.955418
0.956494
0.957225
0.957666
0.957722
0.957563
0.957305
0.957142
0.957071
0.957061
0.957081
0.957127
0.957237
0.957316
0.957385
0.957519
0.95772
0.957894
0.958171
0.958368
0.958558
0.958974
0.959302
0.959534
0.959983
0.960686
0.961319
0.961772
0.962316
0.963178
0.964211
0.965117
0.965573
0.965576
0.964781
0.959472
0.953077
0.951138
0.951673
0.958541
0.975819
0.987656
0.994324
0.997632
0.999002
0.999343
0.999256
0.998461
0.997224
0.996612
0.996475
0.996578
0.997356
0.998454
0.999164
0.99958
0.999803
0.999914
0.999965
0.999986
0.999995
0.999998
0.999999
0.999999
0.999999
1
1
1
1
1
1
1
1
1
1
1
1
1
1
1
1
1
1
1
1
1
1
1
1
1
1
1
1
1
1
1
0.999999
0.999994
0.99997
0.999837
0.999515
0.998911
0.99642
0.985448
0.971913
0.964202
0.953511
0.931257
0.919055
0.91966
0.933493
0.944439
0.944526
0.942839
0.945881
0.957992
0.962284
0.964594
0.967572
0.970953
0.972304
0.972086
0.970843
0.967945
0.96113
0.947887
0.944113
0.947052
0.964922
0.98405
0.991447
0.992789
0.992201
0.989988
0.988164
0.98599
0.981866
0.972501
0.943746
0.901353
1
1
1
1
1
1
1
1
1
0.999998
0.999981
0.999819
0.998955
0.99583
0.987106
0.976803
0.977495
0.981602
0.990259
0.995919
0.998514
0.999496
0.999833
0.999944
0.999981
0.999986
0.999956
0.999626
0.99759
0.989
0.962602
0.936318
0.927501
0.927367
0.929735
0.937185
0.944158
0.948145
0.950749
0.952716
0.954298
0.955492
0.95625
0.956497
0.956475
0.95655
0.956745
0.956909
0.95717
0.957662
0.958301
0.958798
0.959179
0.959278
0.959282
0.959239
0.959167
0.959083
0.959011
0.958994
0.959076
0.959336
0.959429
0.959465
0.959734
0.960357
0.960727
0.961043
0.961703
0.962468
0.963152
0.963991
0.964844
0.965155
0.964817
0.961507
0.954267
0.951142
0.951133
0.955679
0.972818
0.986401
0.993842
0.997461
0.999013
0.999557
0.999646
0.999552
0.999137
0.998818
0.998716
0.998729
0.998937
0.999362
0.999652
0.999824
0.999918
0.999964
0.999985
0.999994
0.999998
0.999999
0.999999
1
1
1
1
1
1
1
1
1
1
1
1
1
1
1
1
1
1
1
1
1
1
1
1
1
1
1
1
1
1
1
1
0.999999
0.999996
0.999982
0.999898
0.999288
0.998399
0.997937
0.996268
0.987641
0.972233
0.964164
0.958224
0.940072
0.921218
0.918821
0.927877
0.940036
0.940689
0.94124
0.947704
0.960374
0.961057
0.961147
0.963206
0.967779
0.970997
0.9716
0.970682
0.967656
0.957917
0.945337
0.942878
0.947118
0.967588
0.985033
0.991337
0.992328
0.991685
0.98981
0.988464
0.986895
0.983678
0.97514
0.944887
0.900239
1
1
1
1
1
1
1
1
1
1
0.999999
0.999988
0.999917
0.999638
0.998464
0.997124
0.997288
0.997921
0.998916
0.999536
0.999824
0.999938
0.999979
0.999993
0.999998
0.999998
0.999992
0.999915
0.999357
0.996541
0.985058
0.960312
0.939594
0.931072
0.930926
0.93306
0.939318
0.945133
0.949057
0.951713
0.953523
0.95469
0.955255
0.955443
0.955857
0.956493
0.957236
0.95884
0.961587
0.964697
0.967302
0.969612
0.971591
0.972673
0.972686
0.971172
0.968534
0.966346
0.964534
0.962996
0.961759
0.960822
0.959952
0.959189
0.958653
0.95834
0.958278
0.95828
0.958795
0.959864
0.960243
0.960672
0.962046
0.963522
0.963764
0.962365
0.955601
0.950866
0.950228
0.953229
0.96919
0.984787
0.993202
0.997219
0.998946
0.999602
0.999794
0.999807
0.999724
0.999576
0.999516
0.999514
0.99957
0.999732
0.999852
0.999925
0.999965
0.999984
0.999994
0.999997
0.999999
1
1
1
1
1
1
1
1
1
1
1
1
1
1
1
1
1
1
1
1
1
1
1
1
1
1
1
1
1
1
1
1
1
1
0.999998
0.999991
0.99995
0.999696
0.99798
0.995778
0.995547
0.994925
0.989405
0.973075
0.964031
0.960598
0.94969
0.92514
0.918633
0.923039
0.935928
0.937857
0.94068
0.952252
0.961321
0.95971
0.957645
0.958758
0.963753
0.968479
0.970189
0.969859
0.966346
0.952883
0.942661
0.941688
0.947977
0.971222
0.98626
0.99132
0.99198
0.991328
0.989858
0.988991
0.987736
0.984924
0.976272
0.944169
0.898381
1
1
1
1
1
1
1
1
1
1
1
0.999999
0.999995
0.999979
0.999885
0.999797
0.999814
0.999871
0.999934
0.999971
0.999988
0.999996
0.999998
0.999999
1
1
0.999998
0.99998
0.999828
0.998919
0.994767
0.978584
0.957124
0.942266
0.934773
0.93452
0.936325
0.941442
0.946733
0.950196
0.952348
0.953579
0.954236
0.954926
0.956011
0.957014
0.957764
0.958464
0.95831
0.95754
0.958655
0.965589
0.972958
0.978467
0.982116
0.984118
0.9848
0.984526
0.98164
0.976779
0.971938
0.967782
0.964009
0.960975
0.958967
0.956737
0.953578
0.951785
0.951841
0.953054
0.95351
0.953432
0.954058
0.95789
0.960394
0.960312
0.956048
0.949658
0.948323
0.950965
0.967288
0.983891
0.992807
0.997058
0.998888
0.999603
0.999845
0.999899
0.999892
0.999845
0.999816
0.999813
0.999829
0.999889
0.999939
0.999968
0.999985
0.999993
0.999997
0.999999
1
1
1
1
1
1
1
1
1
1
1
1
1
1
1
1
1
1
1
1
1
1
1
1
1
1
1
1
1
1
1
1
1
1
0.999999
0.999996
0.999979
0.999885
0.99933
0.996043
0.992207
0.992029
0.992205
0.989305
0.974647
0.963933
0.961865
0.95657
0.931319
0.918964
0.920283
0.931894
0.935826
0.940767
0.955655
0.961667
0.957654
0.953101
0.953526
0.959046
0.966177
0.968396
0.968098
0.962155
0.946687
0.940078
0.940935
0.951271
0.975305
0.987541
0.991382
0.991776
0.991165
0.99014
0.989488
0.988366
0.985593
0.976351
0.941343
0.89592
1
1
1
1
1
1
1
1
1
1
1
1
1
0.999999
0.999995
0.999992
0.999993
0.999995
0.999998
0.999999
1
1
1
1
1
1
1
0.999995
0.999953
0.999668
0.998153
0.991603
0.971234
0.953954
0.943937
0.938706
0.938202
0.93967
0.943944
0.947762
0.950371
0.952179
0.953553
0.954958
0.956223
0.956678
0.955019
0.947267
0.941719
0.941007
0.946177
0.958179
0.969
0.977994
0.984797
0.989272
0.991827
0.993017
0.993347
0.993172
0.991361
0.984932
0.976454
0.968902
0.963642
0.958702
0.952372
0.945404
0.941297
0.940206
0.939299
0.93776
0.937892
0.942476
0.951173
0.953492
0.952112
0.945784
0.944106
0.947951
0.966838
0.983683
0.992721
0.997028
0.998879
0.999607
0.999866
0.999939
0.99995
0.999942
0.999931
0.999929
0.999934
0.999956
0.999975
0.999987
0.999994
0.999997
0.999999
1
1
1
1
1
1
1
1
1
1
1
1
1
1
1
1
1
1
1
1
1
1
1
1
1
1
1
1
1
1
1
1
1
1
1
0.999999
0.999992
0.999954
0.999755
0.998655
0.993257
0.98842
0.988232
0.989048
0.987633
0.975676
0.963883
0.962655
0.960463
0.938738
0.919951
0.91971
0.928781
0.935165
0.942714
0.958526
0.961672
0.954109
0.946943
0.946195
0.954129
0.963597
0.966098
0.964164
0.952251
0.940941
0.937839
0.940972
0.957689
0.97927
0.988778
0.991483
0.991695
0.991153
0.990423
0.989847
0.988734
0.98579
0.975598
0.936509
0.893124
1
1
1
1
1
1
1
1
1
1
1
1
1
1
1
1
1
1
1
1
1
1
1
1
1
1
1
0.999999
0.999988
0.999902
0.999394
0.996968
0.986706
0.965098
0.951422
0.944351
0.941736
0.941475
0.942486
0.945224
0.948379
0.951031
0.953299
0.955058
0.955762
0.953581
0.942914
0.936319
0.934782
0.935909
0.943637
0.956748
0.968503
0.978489
0.986277
0.991718
0.995043
0.996808
0.997598
0.997796
0.997736
0.997224
0.994841
0.986592
0.976469
0.966949
0.956795
0.946172
0.938078
0.932313
0.927381
0.923103
0.920907
0.921482
0.930444
0.938206
0.93862
0.935626
0.935539
0.945024
0.96868
0.984668
0.993257
0.997286
0.99899
0.999651
0.999886
0.99996
0.999976
0.999977
0.999975
0.999974
0.999976
0.999983
0.999991
0.999995
0.999998
0.999999
1
1
1
1
1
1
1
1
1
1
1
1
1
1
1
1
1
1
1
1
1
1
1
1
1
1
1
1
1
1
1
1
1
1
1
1
0.999997
0.999983
0.999904
0.999495
0.997386
0.989562
0.984505
0.984351
0.985855
0.98536
0.975951
0.963911
0.962896
0.962611
0.945921
0.921615
0.919783
0.927223
0.935102
0.945723
0.959776
0.960529
0.948471
0.939106
0.939763
0.949607
0.95812
0.960524
0.953453
0.942497
0.936684
0.936979
0.942319
0.965667
0.982924
0.989795
0.991595
0.991684
0.991214
0.990607
0.990042
0.988888
0.985703
0.973639
0.93017
0.890442
1
1
1
1
1
1
1
1
1
1
1
1
1
1
1
1
1
1
1
1
1
1
1
1
1
1
1
1
0.999997
0.999975
0.999829
0.999055
0.995732
0.982792
0.961941
0.950172
0.944819
0.94325
0.943239
0.943967
0.946395
0.950245
0.953186
0.954579
0.953601
0.944598
0.936417
0.93388
0.933853
0.935508
0.943178
0.959179
0.973046
0.98332
0.990251
0.994621
0.99718
0.998527
0.999157
0.999397
0.999441
0.999406
0.999162
0.998273
0.994762
0.985899
0.973336
0.956808
0.941891
0.93207
0.926348
0.922296
0.918522
0.916297
0.916425
0.918853
0.919691
0.920907
0.926792
0.949065
0.97338
0.987655
0.994818
0.998
0.999282
0.999759
0.999924
0.999976
0.999989
0.999991
0.999991
0.999991
0.999991
0.999994
0.999997
0.999998
0.999999
1
1
1
1
1
1
1
1
1
1
1
1
1
1
1
1
1
1
1
1
1
1
1
1
1
1
1
1
1
1
1
1
1
1
1
1
0.999999
0.999994
0.999964
0.999801
0.998982
0.994983
0.985444
0.981122
0.98103
0.982946
0.983033
0.97573
0.963908
0.962863
0.964049
0.952385
0.92403
0.920307
0.92677
0.93563
0.947922
0.960357
0.95892
0.941998
0.934648
0.936301
0.943258
0.948636
0.948643
0.941394
0.936465
0.934562
0.937239
0.948513
0.973355
0.98587
0.990565
0.991695
0.991695
0.991224
0.990687
0.990122
0.988918
0.985296
0.970393
0.922448
0.88821
1
1
1
1
1
1
1
1
1
1
1
1
1
1
1
1
1
1
1
1
1
1
1
1
1
1
1
1
0.999999
0.999995
0.999961
0.999761
0.99881
0.995101
0.981852
0.961652
0.950646
0.945778
0.944262
0.944301
0.945418
0.949678
0.952719
0.95298
0.94943
0.940005
0.935282
0.934339
0.934844
0.93717
0.945592
0.963296
0.978046
0.988037
0.993943
0.997098
0.998658
0.999388
0.999713
0.999845
0.999887
0.999891
0.999871
0.999758
0.999368
0.998295
0.995619
0.983812
0.958163
0.943104
0.939075
0.938303
0.934813
0.923159
0.916024
0.913953
0.913992
0.916019
0.927072
0.956933
0.978719
0.990731
0.996369
0.9987
0.999569
0.999867
0.99996
0.999988
0.999995
0.999997
0.999997
0.999997
0.999997
0.999998
0.999999
0.999999
1
1
1
1
1
1
1
1
1
1
1
1
1
1
1
1
1
1
1
1
1
1
1
1
1
1
1
1
1
1
1
1
1
1
1
1
1
0.999998
0.999988
0.999926
0.999593
0.997928
0.990523
0.981506
0.978464
0.978564
0.980641
0.981018
0.975246
0.963544
0.962303
0.965513
0.957744
0.927783
0.921372
0.926816
0.936329
0.949203
0.960606
0.95707
0.939202
0.932885
0.932842
0.936783
0.939449
0.937837
0.934848
0.933341
0.934481
0.93902
0.960894
0.979576
0.988125
0.991152
0.991778
0.991708
0.991204
0.990715
0.990167
0.988897
0.984444
0.964407
0.913484
0.88684
1
1
1
1
1
1
1
1
1
1
1
1
1
1
1
1
1
1
1
1
1
1
1
1
1
1
1
1
1
0.999999
0.999992
0.999948
0.999715
0.998715
0.99506
0.983056
0.962845
0.951526
0.946567
0.945235
0.945617
0.948662
0.951144
0.951254
0.94778
0.939639
0.93647
0.936482
0.937586
0.940698
0.951652
0.9706
0.984321
0.992422
0.996604
0.998552
0.9994
0.999756
0.999901
0.999958
0.999978
0.999982
0.99998
0.999968
0.999918
0.999765
0.999243
0.996768
0.984186
0.976131
0.976021
0.977081
0.974764
0.95457
0.928893
0.918635
0.916996
0.919166
0.935827
0.965766
0.984245
0.993554
0.997613
0.999186
0.999741
0.999922
0.999978
0.999994
0.999998
0.999999
0.999999
0.999999
0.999999
0.999999
1
1
1
1
1
1
1
1
1
1
1
1
1
1
1
1
1
1
1
1
1
1
1
1
1
1
1
1
1
1
1
1
1
1
1
1
1
1
1
0.999997
0.999977
0.999858
0.999206
0.995915
0.985088
0.977599
0.976055
0.976677
0.979264
0.979602
0.974654
0.962849
0.96122
0.966841
0.96238
0.933149
0.923008
0.927291
0.936528
0.950009
0.960663
0.956215
0.938011
0.932069
0.931392
0.932385
0.933425
0.932674
0.932232
0.932872
0.935673
0.945856
0.971798
0.984229
0.989731
0.991542
0.991813
0.991681
0.991111
0.990744
0.990255
0.988817
0.982677
0.953013
0.905031
0.886865
1
1
1
1
1
1
1
1
1
1
1
1
1
1
1
1
1
1
1
1
1
1
1
1
1
1
1
1
1
1
0.999999
0.999991
0.999946
0.999729
0.998873
0.995884
0.98802
0.968478
0.95505
0.948785
0.947431
0.948114
0.949082
0.949129
0.947099
0.941288
0.939749
0.939888
0.941088
0.945595
0.963285
0.981066
0.991247
0.996227
0.998442
0.99938
0.999762
0.999911
0.999968
0.999988
0.999995
0.999997
0.999997
0.999995
0.999986
0.999953
0.999808
0.998821
0.99584
0.994739
0.994571
0.994001
0.98995
0.969273
0.943205
0.932112
0.930894
0.934651
0.955402
0.978476
0.990794
0.996429
0.99872
0.99957
0.999864
0.999959
0.999988
0.999997
0.999999
0.999999
1
1
1
1
1
1
1
1
1
1
1
1
1
1
1
1
1
1
1
1
1
1
1
1
1
1
1
1
1
1
1
1
1
1
1
1
1
1
1
1
1
1
0.999999
0.999994
0.999958
0.99974
0.998565
0.992693
0.979859
0.973594
0.973024
0.97491
0.978473
0.978738
0.974037
0.962326
0.960407
0.967292
0.96673
0.940477
0.925432
0.928126
0.936361
0.950308
0.96066
0.955975
0.937715
0.931866
0.930924
0.930886
0.931202
0.931319
0.932022
0.933801
0.940355
0.963184
0.979711
0.987529
0.99079
0.991715
0.991795
0.99151
0.991061
0.99086
0.990462
0.988465
0.978452
0.936268
0.898168
0.888882
1
1
1
1
1
1
1
1
1
1
1
1
1
1
1
1
1
1
1
1
1
1
1
1
1
1
1
1
1
1
1
0.999999
0.999993
0.999959
0.999814
0.999278
0.997636
0.993503
0.98406
0.967811
0.956932
0.951896
0.950458
0.949677
0.946744
0.94354
0.943094
0.943669
0.946811
0.963046
0.981726
0.991783
0.996535
0.99861
0.999465
0.999802
0.999929
0.999975
0.999992
0.999997
0.999999
0.999999
1
0.999999
0.999997
0.999989
0.999947
0.999665
0.999327
0.999195
0.998992
0.998175
0.99365
0.973848
0.95807
0.953902
0.954774
0.964349
0.981871
0.991809
0.996612
0.998701
0.999534
0.999843
0.99995
0.999985
0.999996
0.999999
1
1
1
1
1
1
1
1
1
1
1
1
1
1
1
1
1
1
1
1
1
1
1
1
1
1
1
1
1
1
1
1
1
1
1
1
1
1
1
1
1
1
1
1
0.999999
0.99999
0.999927
0.99955
0.997574
0.988405
0.974172
0.96862
0.968935
0.973681
0.977901
0.978131
0.973292
0.961953
0.960095
0.967202
0.971311
0.950008
0.929278
0.929064
0.935135
0.949943
0.960988
0.957483
0.939127
0.932475
0.931115
0.930912
0.931111
0.931641
0.933334
0.938613
0.955187
0.975729
0.985039
0.989543
0.991324
0.991737
0.991702
0.991415
0.991223
0.991182
0.990504
0.986808
0.966646
0.917233
0.894809
0.892836
1
1
1
1
1
1
1
1
1
1
1
1
1
1
1
1
1
1
1
1
1
1
1
1
1
1
1
1
1
1
1
1
0.999999
0.999996
0.999979
0.999911
0.999685
0.999056
0.997439
0.994206
0.987588
0.975025
0.963523
0.956268
0.952695
0.952479
0.953796
0.960547
0.97672
0.988322
0.994745
0.997822
0.999153
0.999687
0.999889
0.999962
0.999987
0.999996
0.999999
1
1
1
1
1
1
0.999998
0.999987
0.999962
0.999944
0.999912
0.999815
0.99929
0.995434
0.988308
0.984889
0.984362
0.985125
0.98972
0.99478
0.997605
0.998994
0.999609
0.999858
0.999951
0.999984
0.999995
0.999999
1
1
1
1
1
1
1
1
1
1
1
1
1
1
1
1
1
1
1
1
1
1
1
1
1
1
1
1
1
1
1
1
1
1
1
1
1
1
1
1
1
1
1
1
1
0.999998
0.999983
0.999878
0.999268
0.996192
0.983182
0.967092
0.962492
0.964599
0.973352
0.977715
0.977775
0.972369
0.961561
0.959989
0.966601
0.976425
0.961498
0.935475
0.930173
0.934268
0.948081
0.961286
0.960957
0.944465
0.935204
0.93278
0.932225
0.932436
0.934547
0.939638
0.953943
0.973091
0.983104
0.988186
0.9906
0.991525
0.991741
0.991688
0.991551
0.991557
0.991261
0.9896
0.980384
0.939589
0.904433
0.895744
0.898462
1
1
1
1
1
1
1
1
1
1
1
1
1
1
1
1
1
1
1
1
1
1
1
1
1
1
1
1
1
1
1
1
1
1
0.999998
0.999993
0.999972
0.999907
0.999731
0.999313
0.998333
0.996058
0.989768
0.984169
0.983163
0.983779
0.986144
0.991749
0.995835
0.998113
0.999213
0.999692
0.999886
0.99996
0.999986
0.999995
0.999999
1
1
1
1
1
1
1
1
1
1
0.999999
0.999998
0.999992
0.999964
0.999827
0.999054
0.997805
0.997229
0.997137
0.997268
0.998079
0.999008
0.999537
0.999802
0.999921
0.999971
0.99999
0.999997
0.999999
1
1
1
1
1
1
1
1
1
1
1
1
1
1
1
1
1
1
1
1
1
1
1
1
1
1
1
1
1
1
1
1
1
1
1
1
1
1
1
1
1
1
1
1
1
1
0.999997
0.999973
0.999811
0.998887
0.994393
0.976687
0.958621
0.955526
0.962349
0.973861
0.977768
0.97754
0.971122
0.961121
0.959982
0.966388
0.978486
0.973975
0.944654
0.932369
0.933886
0.944758
0.961524
0.963788
0.952599
0.941461
0.938065
0.937188
0.938536
0.945071
0.956847
0.972609
0.981769
0.987201
0.989989
0.991308
0.991754
0.991796
0.991784
0.991747
0.991548
0.990523
0.985
0.956772
0.914802
0.900305
0.899837
0.907679
1
1
1
1
1
1
1
1
1
1
1
1
1
1
1
1
1
1
1
1
1
1
1
1
1
1
1
1
1
1
1
1
1
1
1
1
0.999998
0.999994
0.999981
0.999948
0.99986
0.999626
0.998696
0.99788
0.997755
0.997858
0.998341
0.999154
0.999626
0.999846
0.99994
0.999978
0.999992
0.999997
0.999999
1
1
1
1
1
1
1
1
1
1
1
1
1
1
0.999998
0.999993
0.999964
0.999846
0.999742
0.999701
0.999697
0.999713
0.999801
0.999897
0.999951
0.999979
0.999991
0.999997
0.999999
1
1
1
1
1
1
1
1
1
1
1
1
1
1
1
1
1
1
1
1
1
1
1
1
1
1
1
1
1
1
1
1
1
1
1
1
1
1
1
1
1
1
1
1
1
1
1
0.999999
0.999995
0.999961
0.99973
0.998433
0.992222
0.968535
0.951015
0.951167
0.963526
0.975192
0.978021
0.97728
0.96925
0.960866
0.960443
0.966726
0.978993
0.981111
0.956815
0.936484
0.933738
0.940004
0.960026
0.966829
0.96224
0.951579
0.948583
0.948181
0.953344
0.963942
0.973241
0.981821
0.986487
0.989619
0.991112
0.991738
0.991893
0.991883
0.991824
0.991625
0.99067
0.986194
0.96508
0.923361
0.904732
0.902332
0.906919
0.91799
1
1
1
1
1
1
1
1
1
1
1
1
1
1
1
1
1
1
1
1
1
1
1
1
1
1
1
1
1
1
1
1
1
1
1
1
1
1
0.999999
0.999998
0.999993
0.99998
0.999916
0.999866
0.999862
0.999872
0.99991
0.999959
0.999984
0.999994
0.999998
0.999999
1
1
1
1
1
1
1
1
1
1
1
1
1
1
1
1
1
1
0.999999
0.999995
0.999989
0.999986
0.999986
0.999986
0.999987
0.99999
0.999995
0.999998
0.999999
1
1
1
1
1
1
1
1
1
1
1
1
1
1
1
1
1
1
1
1
1
1
1
1
1
1
1
1
1
1
1
1
1
1
1
1
1
1
1
1
1
1
1
1
1
1
1
1
1
1
0.999999
0.999994
0.99995
0.999647
0.99794
0.989089
0.96094
0.948048
0.949856
0.965802
0.976461
0.978213
0.976587
0.966655
0.961246
0.961549
0.967705
0.978997
0.983113
0.97208
0.942524
0.934312
0.936667
0.953659
0.968047
0.969571
0.963598
0.961324
0.961554
0.969276
0.97789
0.98206
0.986607
0.989396
0.99089
0.991578
0.991833
0.991889
0.99181
0.99148
0.99015
0.985006
0.964482
0.927331
0.908634
0.904818
0.909012
0.916677
0.927076
1
1
1
1
1
1
1
1
1
1
1
1
1
1
1
1
1
1
1
1
1
1
1
1
1
1
1
1
1
1
1
1
1
1
1
1
1
1
1
1
1
0.999999
0.999997
0.999996
0.999996
0.999996
0.999998
0.999999
1
1
1
1
1
1
1
1
1
1
1
1
1
1
1
1
1
1
1
1
1
1
1
1
1
1
1
1
1
1
1
1
1
1
1
1
1
1
1
1
1
1
1
1
1
1
1
1
1
1
1
1
1
1
1
1
1
1
1
1
1
1
1
1
1
1
1
1
1
1
1
0.999999
0.999999
0.999999
0.999999
0.999999
0.999999
0.999999
0.999999
0.999999
0.999999
0.999999
0.999999
0.999998
0.999993
0.999945
0.999607
0.997518
0.985902
0.957598
0.947449
0.949806
0.966759
0.977096
0.978092
0.974453
0.964661
0.962751
0.963575
0.968642
0.977894
0.983274
0.980878
0.953509
0.936926
0.93508
0.94321
0.965559
0.972374
0.973193
0.972237
0.973297
0.980117
0.984375
0.986387
0.98867
0.990397
0.991155
0.991547
0.991685
0.991483
0.990711
0.988224
0.980276
0.956351
0.926552
0.911382
0.907683
0.910538
0.918942
0.92458
0.937928
1
1
1
1
1
1
1
1
1
1
1
1
1
1
1
1
1
1
1
1
1
1
1
1
1
1
1
1
1
1
1
1
1
1
1
1
1
1
1
1
1
1
1
1
1
1
1
1
1
1
1
1
1
1
1
1
1
1
1
1
1
1
1
1
1
1
1
1
1
1
1
1
1
1
1
1
1
1
1
1
1
1
1
1
1
1
1
1
1
1
1
1
1
1
1
1
1
1
1
1
1
1
1
1
1
1
1
1
1
1
1
1
1
1
1
1
1
0.999999
0.999998
0.999993
0.999993
0.999993
0.999994
0.999995
0.999997
0.999997
0.999997
0.999997
0.999997
0.999997
0.999997
0.999996
0.99999
0.999945
0.999606
0.997409
0.984725
0.957537
0.949283
0.95098
0.966107
0.976928
0.977421
0.971179
0.965082
0.965255
0.966824
0.969689
0.974004
0.981043
0.982955
0.971076
0.941863
0.934723
0.936334
0.952372
0.972155
0.976657
0.978021
0.979659
0.98408
0.986227
0.987443
0.989087
0.990315
0.990777
0.990865
0.990279
0.988458
0.98361
0.97037
0.944787
0.923557
0.913307
0.910598
0.91311
0.920743
0.925133
0.932211
0.954167
1
1
1
1
1
1
1
1
1
1
1
1
1
1
1
1
1
1
1
1
1
1
1
1
1
1
1
1
1
1
1
1
1
1
1
1
1
1
1
1
1
1
1
1
1
1
1
1
1
1
1
1
1
1
1
1
1
1
1
1
1
1
1
1
1
1
1
1
1
1
1
1
1
1
1
1
1
1
1
1
1
1
1
1
1
1
1
1
1
1
1
1
1
1
1
1
1
1
1
1
1
1
1
1
1
1
1
1
1
1
1
1
1
1
1
1
0.999998
0.999994
0.999971
0.999943
0.999944
0.999949
0.999963
0.999976
0.999984
0.999988
0.99999
0.99999
0.999989
0.999989
0.99999
0.999989
0.999984
0.999942
0.999626
0.997461
0.98413
0.963175
0.956681
0.95606
0.964398
0.975856
0.975918
0.969403
0.967149
0.969288
0.971297
0.971109
0.968924
0.973354
0.982783
0.978772
0.952829
0.936379
0.934074
0.938554
0.961036
0.975422
0.979347
0.98114
0.984298
0.986079
0.987161
0.988313
0.988845
0.988379
0.98668
0.982536
0.973159
0.954516
0.933819
0.921053
0.915156
0.913582
0.916544
0.922775
0.926075
0.930993
0.945975
0.972362
1
1
1
1
1
1
1
1
1
1
1
1
1
1
1
1
1
1
1
1
1
1
1
1
1
1
1
1
1
1
1
1
1
1
1
1
1
1
1
1
1
1
1
1
1
1
1
1
1
1
1
1
1
1
1
1
1
1
1
1
1
1
1
1
1
1
1
1
1
1
1
1
1
1
1
1
1
1
1
1
1
1
1
1
1
1
1
1
1
1
1
1
1
1
1
1
1
1
1
1
1
1
1
1
1
1
1
1
1
1
1
1
0.999999
0.999999
0.999999
0.999997
0.999984
0.999938
0.999761
0.999654
0.999674
0.999739
0.999839
0.999906
0.999944
0.999962
0.999969
0.99997
0.999971
0.999973
0.999975
0.999975
0.99997
0.999935
0.999672
0.997822
0.98678
0.980698
0.972109
0.959222
0.962968
0.974153
0.974147
0.969409
0.969425
0.973655
0.975256
0.973979
0.966016
0.962963
0.977731
0.980777
0.96931
0.941981
0.933808
0.933456
0.940213
0.962755
0.97483
0.979327
0.981696
0.982968
0.98346
0.982956
0.980995
0.9763
0.967105
0.953512
0.938283
0.927193
0.920284
0.917358
0.916899
0.920518
0.924758
0.927112
0.930986
0.942179
0.967817
0.985086
1
1
1
1
1
1
1
1
1
1
1
1
1
1
1
1
1
1
1
1
1
1
1
1
1
1
1
1
1
1
1
1
1
1
1
1
1
1
1
1
1
1
1
1
1
1
1
1
1
1
1
1
1
1
1
1
1
1
1
1
1
1
1
1
1
1
1
1
1
1
1
1
1
1
1
1
1
1
1
1
1
1
1
1
1
1
1
1
1
1
1
1
1
1
1
1
1
1
1
1
1
1
1
1
1
1
1
1
1
0.999999
0.999998
0.999995
0.999994
0.999994
0.999992
0.999978
0.999866
0.999556
0.998785
0.998604
0.998714
0.999074
0.999496
0.999733
0.99985
0.999902
0.999922
0.99993
0.999935
0.999942
0.999947
0.999948
0.999944
0.999912
0.999657
0.997372
0.993557
0.991556
0.980315
0.959249
0.960932
0.971873
0.972477
0.970506
0.971581
0.976654
0.978306
0.976872
0.966418
0.954389
0.965823
0.980605
0.975633
0.956143
0.936517
0.932467
0.932606
0.93856
0.95277
0.962053
0.965961
0.967232
0.965471
0.960246
0.953602
0.944767
0.936458
0.929417
0.924197
0.921307
0.919941
0.920737
0.924078
0.926384
0.92829
0.93187
0.941943
0.965702
0.983949
0.99157
1
1
1
1
1
1
1
1
1
1
1
1
1
1
1
1
1
1
1
1
1
1
1
1
1
1
1
1
1
1
1
1
1
1
1
1
1
1
1
1
1
1
1
1
1
1
1
1
1
1
1
1
1
1
1
1
1
1
1
1
1
1
1
1
1
1
1
1
1
1
1
1
1
1
1
1
1
1
1
1
1
1
1
1
1
1
1
1
1
1
1
1
1
1
1
1
1
1
1
1
0.999999
0.999999
0.999999
0.999999
0.999999
0.999999
0.999999
0.999998
0.999996
0.999991
0.999975
0.999963
0.999964
0.999968
0.999964
0.999853
0.999158
0.998138
0.997669
0.997563
0.99766
0.997982
0.998803
0.999408
0.999678
0.999794
0.999838
0.999853
0.999867
0.999883
0.999893
0.999895
0.99989
0.999865
0.999677
0.9987
0.997765
0.995531
0.980722
0.953249
0.955766
0.969281
0.971265
0.97156
0.974606
0.977536
0.979163
0.978354
0.969946
0.951881
0.952762
0.974985
0.977355
0.969502
0.946268
0.933641
0.931287
0.931283
0.934001
0.938382
0.940269
0.940837
0.938694
0.935717
0.932343
0.928992
0.92616
0.924275
0.923157
0.922751
0.924321
0.926337
0.927939
0.930009
0.934083
0.944974
0.967633
0.983796
0.991974
0.993094
1
1
1
1
1
1
1
1
1
1
1
1
1
1
1
1
1
1
1
1
1
1
1
1
1
1
1
1
1
1
1
1
1
1
1
1
1
1
1
1
1
1
1
1
1
1
1
1
1
1
1
1
1
1
1
1
1
1
1
1
1
1
1
1
1
1
1
1
1
1
1
1
1
1
1
1
1
1
1
1
1
1
1
1
1
1
1
1
1
1
1
1
1
1
1
1
1
0.999999
0.999998
0.999996
0.999995
0.999994
0.999994
0.999995
0.999995
0.999994
0.999991
0.999987
0.999974
0.999928
0.999796
0.999787
0.999809
0.999863
0.999852
0.999156
0.997656
0.997621
0.997471
0.997357
0.997395
0.997583
0.998165
0.99889
0.999344
0.999561
0.999662
0.999734
0.999782
0.999803
0.999806
0.999804
0.999794
0.999772
0.999717
0.999542
0.998959
0.996164
0.974975
0.944564
0.948455
0.965627
0.970923
0.974918
0.975471
0.972133
0.973707
0.975698
0.972016
0.95437
0.945663
0.962041
0.976196
0.972837
0.963843
0.941098
0.932145
0.930343
0.93012
0.930322
0.930647
0.930466
0.929287
0.928354
0.927197
0.926255
0.925505
0.925034
0.925406
0.926873
0.928505
0.930408
0.933291
0.939053
0.953698
0.972697
0.985896
0.992132
0.993835
0.990542
1
1
1
1
1
1
1
1
1
1
1
1
1
1
1
1
1
1
1
1
1
1
1
1
1
1
1
1
1
1
1
1
1
1
1
1
1
1
1
1
1
1
1
1
1
1
1
1
1
1
1
1
1
1
1
1
1
1
1
1
1
1
1
1
1
1
1
1
1
1
1
1
1
1
1
1
1
1
1
1
1
1
1
1
1
1
1
1
1
1
1
1
1
0.999999
0.999999
0.999997
0.999994
0.999985
0.999974
0.999964
0.999958
0.999958
0.99996
0.999962
0.999962
0.999957
0.999947
0.999924
0.999817
0.999422
0.998958
0.999026
0.999247
0.999595
0.999394
0.997103
0.997256
0.997734
0.99752
0.997346
0.997395
0.997599
0.998177
0.998739
0.999107
0.999331
0.999489
0.999597
0.99964
0.999642
0.999631
0.999594
0.999573
0.99956
0.999518
0.999265
0.997981
0.992452
0.962091
0.933049
0.939476
0.962883
0.97229
0.975026
0.971719
0.956327
0.958338
0.968171
0.967802
0.957136
0.942045
0.947459
0.968379
0.972794
0.969325
0.96042
0.939249
0.932207
0.930319
0.929728
0.929493
0.92902
0.928477
0.928058
0.927675
0.927508
0.927798
0.928841
0.930616
0.932768
0.935822
0.940949
0.951646
0.966777
0.980581
0.988911
0.992832
0.99377
0.993049
0.977108
1
1
1
1
1
1
1
1
1
1
1
1
1
1
1
1
1
1
1
1
1
1
1
1
1
1
1
1
1
1
1
1
1
1
1
1
1
1
1
1
1
1
1
1
1
1
1
1
1
1
1
1
1
1
1
1
1
1
1
1
1
1
1
1
1
1
1
1
1
1
1
1
1
1
1
1
1
1
1
1
1
1
1
1
1
1
1
1
1
0.999999
0.999998
0.999997
0.999994
0.999989
0.999979
0.999956
0.9999
0.999826
0.999773
0.999744
0.999741
0.999745
0.99975
0.99975
0.999755
0.999756
0.99974
0.999608
0.998646
0.997411
0.997666
0.998373
0.99916
0.999233
0.99703
0.995856
0.99726
0.997831
0.997752
0.99751
0.997529
0.997782
0.998316
0.998787
0.999107
0.999315
0.99945
0.999486
0.99947
0.999365
0.999016
0.998898
0.998938
0.998933
0.998618
0.996677
0.99097
0.977325
0.935361
0.914039
0.924068
0.956589
0.968386
0.968084
0.950913
0.921097
0.925763
0.949604
0.954595
0.949802
0.935376
0.93553
0.953805
0.965554
0.969567
0.967836
0.960968
0.942411
0.935684
0.933334
0.932382
0.931941
0.93176
0.932108
0.932796
0.934211
0.93634
0.939463
0.94403
0.950929
0.960503
0.971413
0.981154
0.987528
0.991169
0.992585
0.992644
0.991277
0.982607
0.923594
1
1
1
1
1
1
1
1
1
1
1
1
1
1
1
1
1
1
1
1
1
1
1
1
1
1
1
1
1
1
1
1
1
1
1
1
1
1
1
1
1
1
1
1
1
1
1
1
1
1
1
1
1
1
1
1
1
1
1
1
1
1
1
1
1
1
1
1
1
1
1
1
1
1
1
1
1
1
1
1
1
1
1
1
1
1
0.999999
0.999995
0.999983
0.999968
0.999949
0.999927
0.999879
0.999798
0.999677
0.99938
0.998936
0.998805
0.998815
0.998801
0.998732
0.998705
0.998779
0.998933
0.999043
0.999069
0.998403
0.99558
0.995352
0.996448
0.997503
0.998116
0.998288
0.997288
0.994724
0.994751
0.996385
0.99767
0.998057
0.998129
0.998126
0.998401
0.998707
0.998973
0.999164
0.999261
0.999236
0.999005
0.998139
0.995486
0.993772
0.99373
0.994036
0.993533
0.989479
0.973609
0.956852
0.933302
0.895452
0.880671
0.887926
0.921746
0.932204
0.923271
0.880458
0.862598
0.873158
0.912254
0.921483
0.919538
0.915436
0.917856
0.940438
0.957412
0.960954
0.967424
0.969616
0.965862
0.958981
0.953159
0.950825
0.950108
0.950855
0.953449
0.955659
0.960322
0.964678
0.969802
0.975087
0.979495
0.983188
0.986032
0.987579
0.98809
0.987773
0.985367
0.978436
0.959495
0.911675
0.757866
1
1
1
1
1
1
1
1
1
1
1
1
1
1
1
1
1
1
1
1
1
1
1
1
1
1
1
1
1
1
1
1
1
1
1
1
1
1
1
1
1
1
1
1
1
1
1
1
1
1
1
1
1
1
1
1
1
1
1
1
1
1
1
1
1
1
1
1
1
1
1
1
1
1
1
1
1
1
1
1
1
1
1
0.999999
0.999996
0.999981
0.999927
0.999793
0.999496
0.999264
0.999022
0.998645
0.998107
0.997525
0.996829
0.996431
0.996367
0.996819
0.997177
0.996341
0.995598
0.995737
0.996484
0.996884
0.99705
0.996994
0.995588
0.994337
0.99361
0.993129
0.993832
0.994545
0.994596
0.993303
0.992376
0.992798
0.994287
0.996174
0.997538
0.998157
0.998377
0.998497
0.998602
0.998661
0.998479
0.99778
0.995875
0.990224
0.977427
0.969533
0.965257
0.964454
0.963777
0.957938
0.934475
0.907698
0.883136
0.853276
0.830597
0.823642
0.825283
0.837556
0.840466
0.834996
0.831871
0.835412
0.856551
0.872664
0.873335
0.873768
0.877198
0.891403
0.932985
0.954938
0.956326
0.953056
0.964242
0.969464
0.971459
0.97199
0.971233
0.970953
0.971019
0.971647
0.972071
0.973099
0.97378
0.974238
0.974224
0.974492
0.972012
0.968247
0.9607
0.949195
0.935033
0.912499
0.866108
0.758687
0.627645
0.467292
1
1
1
1
1
1
1
1
1
1
1
1
1
1
1
1
1
1
1
1
1
1
1
1
1
1
1
1
1
1
1
1
1
1
1
1
1
1
1
1
1
1
1
1
1
1
1
1
1
1
1
1
1
1
1
1
1
1
1
1
1
1
1
1
1
1
1
1
1
1
1
1
1
1
1
1
1
1
1
1
0.999999
0.999997
0.999987
0.999944
0.999795
0.999438
0.998798
0.997343
0.995247
0.994689
0.994652
0.994862
0.995354
0.995595
0.995659
0.995666
0.99563
0.995469
0.995017
0.994658
0.99467
0.995348
0.995594
0.995623
0.99563
0.995445
0.994742
0.99419
0.993201
0.991853
0.991107
0.990948
0.991004
0.990847
0.990856
0.99186
0.993081
0.993482
0.993602
0.993681
0.993815
0.993289
0.992117
0.990289
0.986298
0.977438
0.962448
0.941287
0.923464
0.914738
0.901318
0.890517
0.88076
0.857444
0.839114
0.821083
0.802003
0.792858
0.79692
0.806715
0.814458
0.822301
0.827329
0.829184
0.831035
0.835768
0.841735
0.846441
0.857829
0.887834
0.912265
0.936284
0.954857
0.95973
0.957882
0.949141
0.947149
0.948356
0.949005
0.949016
0.948568
0.947132
0.945282
0.942241
0.938321
0.932853
0.926223
0.918804
0.903807
0.893168
0.869889
0.846055
0.810433
0.761969
0.702278
0.631423
0.569383
0.489875
0.438465
0.349677
0.646159
0.67285
0.676672
0.671085
0.655893
0.626164
0.592253
0.556133
0.52447
0.498881
0.479933
0.461313
0.442239
0.419753
0.395088
0.368107
0.340841
0.315018
0.288574
0.264693
0.237396
0.213761
0.187841
0.167983
0.136627
0.917325
0.921229
0.923919
0.925343
0.925264
0.923925
0.921496
0.917197
0.912395
0.905257
0.897018
0.888793
0.878998
0.870121
0.852546
0.830504
0.793056
0.758694
0.724299
0.707366
0.690918
0.686481
0.672906
0.666389
0.629414
0.926055
0.926349
0.930046
0.934789
0.937656
0.939092
0.940757
0.943379
0.946798
0.950199
0.953022
0.954938
0.95594
0.956277
0.955531
0.95227
0.941885
0.917108
0.888043
0.864159
0.848786
0.840915
0.837897
0.83742
0.838174
0.904613
0.905122
0.917171
0.933271
0.940604
0.941715
0.941813
0.942295
0.944187
0.948212
0.953279
0.958004
0.961155
0.962849
0.963452
0.963438
0.962597
0.958505
0.942531
0.915525
0.894198
0.880763
0.874651
0.873448
0.87808
0.878529
0.879854
0.899153
0.929716
0.948364
0.954218
0.953238
0.949739
0.946511
0.945781
0.946843
0.951734
0.95784
0.962141
0.964251
0.96479
0.964661
0.963382
0.957677
0.938424
0.914492
0.896347
0.885202
0.880471
0.882331
0.861213
0.86224
0.878176
0.917657
0.947499
0.96446
0.969858
0.968453
0.96171
0.954491
0.951511
0.951505
0.954709
0.960977
0.964481
0.965578
0.965548
0.964514
0.959994
0.945557
0.924995
0.90619
0.892027
0.883328
0.882672
0.855538
0.856069
0.864775
0.899195
0.938595
0.964081
0.977469
0.981381
0.980289
0.973025
0.963529
0.959561
0.959193
0.961332
0.965872
0.967392
0.967281
0.965444
0.958269
0.944924
0.929156
0.912257
0.897716
0.886973
0.884621
0.854496
0.854607
0.859669
0.883833
0.926659
0.958539
0.977479
0.986416
0.98839
0.987333
0.980491
0.971626
0.96837
0.968134
0.969315
0.97009
0.969654
0.96645
0.956118
0.943589
0.93007
0.915248
0.901773
0.890927
0.888024
0.85518
0.854733
0.85807
0.875767
0.917432
0.951825
0.974578
0.986841
0.991863
0.992483
0.991226
0.984738
0.978501
0.97609
0.975335
0.974778
0.973409
0.968558
0.956056
0.943077
0.929935
0.916303
0.904197
0.894541
0.892202
0.857491
0.85593
0.857873
0.87068
0.909407
0.94563
0.970648
0.985492
0.992605
0.994877
0.99482
0.992879
0.986861
0.982978
0.981354
0.980195
0.977932
0.971738
0.958959
0.945273
0.931235
0.917484
0.906076
0.89777
0.896391
0.861026
0.857306
0.858101
0.866996
0.900867
0.939048
0.966134
0.983133
0.992111
0.99575
0.996429
0.995921
0.992608
0.988299
0.986227
0.984761
0.981984
0.975303
0.964814
0.952011
0.937254
0.922151
0.909869
0.901582
0.900578
0.864368
0.858155
0.858068
0.864049
0.891915
0.931432
0.960779
0.980001
0.990812
0.995734
0.997223
0.997199
0.995847
0.992245
0.990293
0.988362
0.983697
0.97724
0.970945
0.962619
0.949724
0.933084
0.917942
0.907174
0.905295
0.866143
0.85864
0.857953
0.861497
0.881785
0.922058
0.954216
0.976076
0.988892
0.995177
0.997465
0.997802
0.997289
0.994925
0.993111
0.991159
0.985962
0.97839
0.973966
0.971051
0.965592
0.951282
0.932271
0.916571
0.912035
0.866228
0.858912
0.857997
0.860102
0.872643
0.910739
0.946594
0.971472
0.986506
0.994222
0.997364
0.998111
0.997959
0.996596
0.994966
0.993343
0.989319
0.98165
0.976484
0.974409
0.972855
0.968889
0.9546
0.932444
0.923123
0.86517
0.859079
0.858379
0.859789
0.86819
0.900293
0.940107
0.967355
0.984089
0.993092
0.99705
0.998237
0.998282
0.997666
0.996495
0.994956
0.990976
0.984685
0.980707
0.979376
0.978851
0.977571
0.972277
0.953406
0.939731
0.863823
0.859649
0.859008
0.859921
0.866482
0.895597
0.937352
0.965657
0.982847
0.992284
0.996719
0.998266
0.9985
0.998331
0.997661
0.996073
0.991997
0.98734
0.984851
0.984342
0.984397
0.984229
0.982365
0.97212
0.958428
0.863888
0.86011
0.859084
0.859544
0.865085
0.892796
0.935888
0.964877
0.982309
0.991884
0.996507
0.998285
0.998714
0.998693
0.998301
0.996677
0.992777
0.989812
0.988797
0.988838
0.989342
0.989432
0.988663
0.983603
0.973425
0.864925
0.860419
0.857797
0.857785
0.862891
0.891108
0.935091
0.964498
0.98207
0.991689
0.996405
0.99834
0.998892
0.998909
0.998581
0.996913
0.993858
0.992095
0.991711
0.991919
0.992837
0.993151
0.992841
0.990433
0.983898
0.866399
0.859916
0.856123
0.856067
0.861492
0.890422
0.934692
0.964339
0.98199
0.991621
0.996374
0.998392
0.999003
0.999037
0.998721
0.997125
0.994944
0.993925
0.993801
0.994105
0.995174
0.995587
0.995468
0.994296
0.990548
0.867982
0.860042
0.855589
0.855505
0.861075
0.890177
0.934516
0.964306
0.982006
0.991625
0.996389
0.998434
0.999073
0.999118
0.998825
0.99744
0.995921
0.995318
0.995293
0.995648
0.996694
0.997118
0.997088
0.996527
0.994567
0.869799
0.860248
0.855351
0.855292
0.861047
0.890642
0.934725
0.964514
0.982231
0.991787
0.996481
0.998497
0.99914
0.999196
0.998946
0.997825
0.996752
0.996371
0.996379
0.996728
0.997663
0.998076
0.998093
0.997854
0.99695
0.871668
0.860534
0.855326
0.85533
0.861475
0.891649
0.935042
0.964641
0.982361
0.991901
0.996557
0.998556
0.999209
0.999281
0.999089
0.998226
0.997446
0.997186
0.997201
0.997497
0.99829
0.998691
0.998747
0.998667
0.998329
0.873312
0.860829
0.855646
0.855821
0.86253
0.893571
0.936127
0.965279
0.982768
0.992141
0.996682
0.99863
0.999282
0.999372
0.999236
0.998601
0.998027
0.997838
0.99785
0.998073
0.998715
0.999094
0.999185
0.999174
0.999096
0.874593
0.861124
0.856197
0.856588
0.863961
0.895943
0.937516
0.966137
0.983329
0.992477
0.996858
0.998724
0.99936
0.999463
0.999373
0.998923
0.998502
0.998361
0.998369
0.998528
0.999019
0.999356
0.999474
0.9995
0.99951
0.875453
0.861469
0.856964
0.857585
0.865602
0.898352
0.938934
0.967016
0.983899
0.992821
0.997041
0.99882
0.999434
0.999548
0.999494
0.999188
0.998883
0.998778
0.998783
0.998892
0.999259
0.999528
0.999651
0.999685
0.999734
0.876014
0.861882
0.857839
0.858685
0.867423
0.901072
0.940607
0.968042
0.98453
0.993183
0.997229
0.998916
0.999503
0.999626
0.999598
0.9994
0.999182
0.999104
0.999106
0.999182
0.999454
0.999647
0.999754
0.999792
0.999856
0.876213
0.862294
0.85873
0.85982
0.869441
0.904112
0.942474
0.969164
0.985191
0.993548
0.997412
0.999007
0.999566
0.999694
0.999685
0.999564
0.99941
0.999352
0.999352
0.999403
0.999593
0.999741
0.999829
0.999871
0.999923
0.876024
0.862676
0.859676
0.861075
0.87187
0.9077
0.944707
0.970503
0.985951
0.99395
0.997607
0.9991
0.999625
0.999758
0.99976
0.999695
0.99959
0.999547
0.999546
0.999579
0.999706
0.99982
0.999889
0.999924
0.99996
0.875502
0.863096
0.860715
0.862523
0.874963
0.912059
0.947486
0.972175
0.986869
0.994409
0.997819
0.999195
0.999681
0.999812
0.999823
0.999789
0.999717
0.999686
0.999684
0.999706
0.999795
0.99988
0.99993
0.999957
0.99998
0.875106
0.863611
0.861808
0.864154
0.878799
0.916949
0.950699
0.974124
0.987916
0.994912
0.998039
0.999288
0.999728
0.99985
0.999864
0.999844
0.999793
0.999771
0.99977
0.999788
0.999857
0.999919
0.999956
0.999975
0.999989
0.87472
0.864265
0.863056
0.866142
0.883729
0.922221
0.954315
0.976328
0.989086
0.995463
0.998272
0.999378
0.999762
0.999867
0.999881
0.999867
0.999833
0.99982
0.999821
0.99984
0.9999
0.999946
0.999972
0.999985
0.999994
0.874287
0.865147
0.864551
0.868691
0.889922
0.927895
0.958356
0.97879
0.990385
0.996065
0.998519
0.999467
0.999788
0.999875
0.999885
0.999874
0.999854
0.999848
0.999851
0.999878
0.999931
0.999964
0.999982
0.999991
0.999996
0.873936
0.866389
0.866392
0.872081
0.897236
0.934108
0.96271
0.981418
0.991758
0.996692
0.998768
0.999546
0.999803
0.999873
0.999881
0.999873
0.999863
0.999863
0.999871
0.999909
0.999951
0.999975
0.999988
0.999994
0.999998
0.87383
0.868109
0.868767
0.876617
0.905628
0.940778
0.967305
0.984148
0.993159
0.997313
0.998992
0.999594
0.999794
0.999849
0.999859
0.99986
0.999861
0.999866
0.999888
0.999934
0.999965
0.999982
0.999992
0.999996
0.999999
0.874194
0.870385
0.871871
0.882645
0.914879
0.947748
0.972006
0.98687
0.994505
0.997856
0.999129
0.999586
0.999735
0.999785
0.999809
0.999823
0.99984
0.999874
0.999916
0.999951
0.999974
0.999987
0.999994
0.999997
0.999999
0.875322
0.873276
0.875901
0.890762
0.924519
0.954885
0.976698
0.989473
0.99568
0.998212
0.999149
0.999465
0.999582
0.999643
0.999702
0.999769
0.999833
0.999888
0.999931
0.999961
0.99998
0.99999
0.999995
0.999998
0.999999
0.877315
0.876767
0.881177
0.901213
0.934138
0.962105
0.981248
0.991802
0.996546
0.998352
0.998967
0.999153
0.99926
0.999409
0.999574
0.999717
0.999821
0.999891
0.999937
0.999966
0.999982
0.999991
0.999996
0.999998
0.999999
0.880261
0.880936
0.888333
0.913136
0.944069
0.969241
0.985437
0.993673
0.997021
0.998171
0.998499
0.998615
0.998788
0.999123
0.999436
0.99966
0.999803
0.999888
0.999939
0.999968
0.999983
0.999991
0.999996
0.999997
0.999998
0.884111
0.886329
0.898158
0.925692
0.954055
0.976014
0.989007
0.994939
0.997068
0.997653
0.997799
0.997938
0.998318
0.998904
0.999337
0.999617
0.999786
0.999883
0.999938
0.999967
0.999983
0.999991
0.999994
0.999996
0.999997
0.888808
0.89374
0.911015
0.938037
0.963845
0.98208
0.99174
0.995571
0.996706
0.996937
0.997038
0.997308
0.998098
0.998828
0.999306
0.999602
0.999778
0.999881
0.999937
0.999967
0.999981
0.999988
0.999992
0.999993
0.999994
0.895059
0.904436
0.924892
0.95066
0.973089
0.987105
0.993536
0.99566
0.996117
0.996195
0.996333
0.996966
0.998052
0.998818
0.999307
0.999605
0.999782
0.999883
0.999938
0.999966
0.999979
0.999984
0.999986
0.999987
0.999989
0.90474
0.917489
0.939199
0.963246
0.981205
0.990805
0.99445
0.995345
0.995441
0.995485
0.995799
0.996947
0.998109
0.99887
0.999345
0.999631
0.999798
0.999892
0.999942
0.999965
0.999974
0.999976
0.999977
0.999977
0.999978
0.915813
0.931214
0.953864
0.974458
0.987325
0.993008
0.994647
0.994826
0.994789
0.994889
0.995635
0.997175
0.998277
0.998987
0.999423
0.99968
0.999826
0.999906
0.999946
0.999962
0.999965
0.999964
0.999959
0.999957
0.999957
0.927255
0.945964
0.967402
0.983132
0.991197
0.993963
0.994406
0.99428
0.994231
0.994556
0.995981
0.997537
0.998538
0.999158
0.999528
0.999741
0.999857
0.999918
0.999945
0.999952
0.999952
0.999943
0.999924
0.999916
0.999916
0.940683
0.961067
0.978712
0.989057
0.993226
0.994131
0.99402
0.993737
0.993834
0.994693
0.996628
0.997995
0.998845
0.999351
0.999637
0.999794
0.999877
0.999915
0.999929
0.99993
0.999924
0.99989
0.999847
0.999827
0.999826
0.95658
0.974866
0.986893
0.992419
0.993934
0.993932
0.993435
0.993334
0.993714
0.995475
0.997329
0.998455
0.999115
0.999491
0.999702
0.999813
0.999861
0.999876
0.999878
0.999871
0.999836
0.999747
0.999668
0.999624
0.999622
0.972484
0.985161
0.991646
0.993763
0.993917
0.993339
0.992917
0.993035
0.994118
0.996174
0.997655
0.998609
0.999184
0.999506
0.99967
0.99974
0.999757
0.999747
0.999713
0.999671
0.999561
0.99939
0.999239
0.999155
0.999154
0.984419
0.991128
0.993619
0.993936
0.993382
0.99253
0.992421
0.992772
0.994385
0.996211
0.99745
0.998284
0.998817
0.999131
0.999295
0.999356
0.999354
0.999278
0.999194
0.999054
0.99878
0.998456
0.998204
0.998085
0.998101
0.991106
0.993552
0.993939
0.99347
0.992143
0.991612
0.991597
0.99205
0.993274
0.994295
0.995177
0.996035
0.99678
0.997307
0.997619
0.997758
0.997775
0.997704
0.997512
0.997141
0.996589
0.99608
0.995753
0.995639
0.995704
0.993491
0.993827
0.993424
0.991704
0.990309
0.989575
0.988483
0.98706
0.986419
0.986477
0.986802
0.987734
0.98945
0.990739
0.991589
0.992178
0.992511
0.992599
0.992357
0.991598
0.990668
0.990053
0.989657
0.989534
0.989618
0.993222
0.992751
0.990518
0.98812
0.986022
0.982124
0.975285
0.967875
0.963815
0.963294
0.963802
0.965341
0.968858
0.972051
0.974513
0.976445
0.977603
0.978033
0.977784
0.976857
0.975217
0.974707
0.973709
0.9736
0.972848
0.989741
0.987011
0.982584
0.977366
0.967714
0.951633
0.932143
0.91663
0.910222
0.909947
0.911339
0.916043
0.923609
0.930162
0.93546
0.939547
0.941732
0.94253
0.941981
0.940903
0.937897
0.937069
0.934333
0.933489
0.929703
0.974033
0.965914
0.95476
0.933638
0.900721
0.86295
0.831364
0.814719
0.81158
0.812941
0.818491
0.83096
0.842412
0.852437
0.860162
0.865475
0.867821
0.868431
0.866758
0.864738
0.859144
0.857027
0.850937
0.848013
0.838194
0.914169
0.892116
0.854099
0.796457
0.737477
0.694624
0.674001
0.670046
0.67168
0.679568
0.693714
0.707447
0.719946
0.730353
0.737565
0.741672
0.742921
0.742791
0.739204
0.735718
0.727675
0.723726
0.714091
0.708507
0.692964
0.733461
0.673659
0.61167
0.560819
0.530641
0.518916
0.517489
0.519843
0.528154
0.539271
0.551335
0.563308
0.573438
0.580842
0.585329
0.587343
0.587538
0.586683
0.58208
0.577653
0.568809
0.563632
0.552466
0.545605
0.529058
0.454916
0.432963
0.408995
0.391414
0.385185
0.385254
0.38924
0.39891
0.410148
0.422053
0.433355
0.442682
0.449367
0.453648
0.455719
0.456103
0.455287
0.453066
0.446834
0.442028
0.433159
0.427641
0.416877
0.410482
0.396252
0.325524
0.31394
0.306556
0.30643
0.312733
0.324138
0.336714
0.349903
0.361927
0.371695
0.378915
0.383858
0.386891
0.388377
0.388349
0.387235
0.383199
0.379449
0.372241
0.3677
0.359011
0.353856
0.344007
0.338696
0.326513
)
;

boundaryField
{
    inlet
    {
        type            fixedValue;
        value           uniform 1;
    }
    outlet
    {
        type            inletOutlet;
        inletValue      uniform 0;
        value           nonuniform List<scalar> 
57
(
0.136627
0.629414
0.838174
0.87808
0.882331
0.882672
0.884621
0.888024
0.892202
0.896391
0.900578
0.905295
0.912035
0.923123
0.939731
0.958428
0.973425
0.983898
0.990548
0.994567
0.99695
0.998329
0.999096
0.99951
0.999734
0.999856
0.999923
0.99996
0.99998
0.999989
0.999994
0.999996
0.999998
0.999999
0.999999
0.999999
0.999999
0.999998
0.999997
0.999994
0.999989
0.999978
0.999957
0.999916
0.999826
0.999622
0.999154
0.998101
0.995704
0.989618
0.972848
0.929703
0.838194
0.692964
0.529058
0.396252
0.326513
)
;
    }
    upperWall
    {
        type            zeroGradient;
    }
    lowerWall
    {
        type            zeroGradient;
    }
    frontAndBack
    {
        type            empty;
    }
}


// ************************************************************************* //
