/*--------------------------------*- C++ -*----------------------------------*\
  =========                 |
  \\      /  F ield         | OpenFOAM: The Open Source CFD Toolbox
   \\    /   O peration     | Website:  https://openfoam.org
    \\  /    A nd           | Version:  9
     \\/     M anipulation  |
\*---------------------------------------------------------------------------*/
FoamFile
{
    format      ascii;
    class       volScalarField;
    location    "0.059";
    object      p;
}
// * * * * * * * * * * * * * * * * * * * * * * * * * * * * * * * * * * * * * //

dimensions      [0 2 -2 0 0 0 0];

internalField   nonuniform List<scalar> 
12225
(
301.119
295.845
291.215
287.573
284.48
281.699
279.141
276.787
274.615
272.598
270.729
268.992
267.346
265.776
264.196
262.661
261.009
259.235
300.384
295.826
291.195
287.54
284.456
281.685
279.131
276.781
274.61
272.587
270.705
268.953
267.294
265.707
264.122
262.549
260.874
258.915
300.46
295.805
291.161
287.488
284.409
281.644
279.096
276.755
274.589
272.566
270.675
268.909
267.228
265.606
263.998
262.367
260.634
258.626
302.292
295.796
291.094
287.422
284.358
281.608
279.067
276.73
274.566
272.538
270.635
268.85
267.148
265.498
263.864
262.2
260.437
258.497
303.313
295.676
290.942
287.293
284.259
281.533
279.01
276.687
274.531
272.504
270.593
268.792
267.072
265.4
263.746
262.066
260.322
258.507
301.812
295.303
290.759
287.171
284.167
281.46
278.952
276.636
274.483
272.455
270.539
268.726
266.991
265.302
263.633
261.957
260.256
258.545
299.805
294.701
290.411
286.941
284.003
281.342
278.867
276.571
274.429
272.405
270.484
268.659
266.908
265.206
263.534
261.876
260.224
258.597
299.32
294.085
289.997
286.724
283.859
281.228
278.779
276.498
274.359
272.333
270.409
268.578
266.822
265.117
263.448
261.808
260.197
258.635
298.679
293.239
289.469
286.374
283.618
281.056
278.656
276.405
274.283
272.261
270.331
268.49
266.724
265.016
263.355
261.739
260.17
258.666
296.248
292.028
288.826
286.027
283.419
280.925
278.547
276.306
274.186
272.167
270.242
268.404
266.64
264.935
263.284
261.687
260.149
258.684
295.075
290.955
288.11
285.573
283.097
280.692
278.375
276.175
274.079
272.069
270.143
268.303
266.539
264.842
263.206
261.631
260.122
258.687
291.356
289.123
287.331
285.192
282.904
280.574
278.276
276.074
273.977
271.965
270.039
268.203
266.444
264.752
263.122
261.558
260.065
258.649
286.169
287.645
286.671
284.777
282.608
280.333
278.073
275.913
273.843
271.842
269.924
268.094
266.341
264.658
263.042
261.494
260.015
258.608
280.997
285.942
286.038
284.467
282.423
280.201
277.963
275.795
273.717
271.716
269.797
267.968
266.218
264.539
262.927
261.385
259.913
258.511
281.247
287.013
286.141
284.297
282.145
279.896
277.677
275.553
273.515
271.538
269.641
267.829
266.089
264.417
262.811
261.274
259.806
258.404
293.388
288.764
286.49
284.252
281.965
279.731
277.548
275.417
273.347
271.359
269.452
267.632
265.894
264.227
262.627
261.095
259.628
258.223
300.396
291.776
287.581
284.582
281.907
279.477
277.204
275.056
273.018
271.064
269.184
267.383
265.658
264
262.407
260.876
259.406
257.992
294.724
289.909
286.772
284.09
281.531
279.2
276.986
274.836
272.775
270.799
268.907
267.097
265.363
263.701
262.109
260.583
259.119
257.709
279.503
285.37
285.329
283.353
280.958
278.586
276.383
274.261
272.216
270.283
268.448
266.684
264.983
263.345
261.773
260.261
258.803
257.395
299.432
292.242
287.46
284.035
281.189
278.568
276.2
274.017
271.951
269.986
268.125
266.357
264.662
263.032
261.467
259.964
258.517
257.122
308.295
295.584
288.571
283.935
280.517
277.833
275.48
273.354
271.4
269.533
267.744
266.031
264.382
262.788
261.247
259.756
258.317
256.928
304.965
292.734
286.615
282.649
279.658
277.308
275.114
273.048
271.106
269.271
267.504
265.803
264.17
262.596
261.07
259.593
258.165
256.787
300.75
290.77
284.604
280.911
278.338
276.265
274.29
272.427
270.642
268.907
267.208
265.554
263.957
262.413
260.913
259.457
258.048
256.687
281.031
281.887
280.93
279.138
277.36
275.613
273.852
272.113
270.407
268.724
267.062
265.431
263.848
262.312
260.821
259.374
257.973
256.617
274.599
278.031
278.219
277.41
276.258
274.842
273.299
271.722
270.115
268.495
266.877
265.269
263.716
262.199
260.723
259.289
257.899
256.555
264.612
273.052
276.001
276.247
275.516
274.399
273.024
271.538
269.988
268.401
266.801
265.225
263.678
262.162
260.687
259.253
257.864
256.522
264.847
271.842
274.68
275.346
274.935
273.926
272.709
271.322
269.84
268.293
266.719
265.151
263.593
262.085
260.62
259.201
257.827
256.497
265.521
270.582
273.741
274.807
274.635
273.788
272.604
271.257
269.798
268.264
266.698
265.135
263.589
262.082
260.616
259.192
257.813
256.483
263.233
269.907
273.255
274.499
274.459
273.638
272.483
271.17
269.744
268.231
266.673
265.105
263.551
262.037
260.57
259.155
257.79
256.47
261.93
269.569
273.033
274.387
274.41
273.615
272.466
271.156
269.734
268.224
266.667
265.1
263.551
262.042
260.578
259.162
257.794
256.471
227.635
227.676
227.853
227.962
227.843
227.52
227.128
226.789
226.547
226.359
226.125
225.828
225.48
225.104
224.762
224.364
223.882
223.524
222.889
222.069
221.087
220.307
219.701
219.074
218.365
217.344
216.018
214.573
212.986
211.311
209.54
207.69
205.777
203.828
201.878
199.963
198.129
196.414
194.857
193.497
192.364
191.484
190.874
190.54
190.472
190.726
191.261
192.052
193.071
194.287
195.668
197.184
198.8
200.469
202.152
203.819
205.429
206.922
208.229
209.303
210.102
210.589
210.771
210.705
210.486
210.187
209.893
209.668
209.5
209.412
209.422
209.45
209.482
209.612
208.911
207.326
204.95
201.934
198.547
195.063
191.793
189.408
188.608
189.528
191.619
194.249
196.732
198.141
202.226
203.757
197.996
187.421
175.795
164.373
154.094
145.253
138.04
132.497
128.638
126.43
125.83
126.712
128.893
132.146
136.218
140.865
145.874
151.069
156.305
161.45
166.369
170.942
175.081
178.74
181.919
184.647
186.948
188.823
190.245
191.18
191.608
191.559
191.115
190.378
189.42
188.272
186.921
185.332
183.475
181.355
178.997
176.443
173.729
170.888
167.951
164.956
161.941
158.953
156.045
153.289
150.767
148.57
146.786
145.508
144.823
144.801
145.321
146.12
146.781
147.009
146.97
146.948
146.699
145.768
144.066
141.935
139.681
137.37
134.978
132.513
130.003
127.489
125.023
122.63
120.317
118.158
116.352
115.038
114.155
113.546
112.984
112.329
111.502
110.484
109.287
107.948
106.503
105.001
103.51
101.966
227.191
227.218
227.362
227.347
227.141
226.784
226.386
226.026
225.756
225.586
225.463
225.389
225.39
225.304
225.018
224.593
224.117
223.598
222.916
222
221.268
220.328
219.149
218.382
217.895
216.971
215.779
214.356
212.749
211.005
209.155
207.229
205.243
203.234
201.226
199.26
197.381
195.629
194.05
192.681
191.558
190.707
190.154
189.913
189.988
190.308
190.888
191.714
192.762
194.005
195.41
196.949
198.598
200.329
202.093
203.826
205.459
206.935
208.215
209.255
209.999
210.417
210.523
210.383
210.122
209.822
209.57
209.425
209.407
209.456
209.542
209.495
209.434
209.331
208.663
207.191
204.863
201.678
197.938
193.996
190.231
187.361
186.116
187.123
189.868
193.633
198.667
198.522
198.116
196.686
189.813
180.129
169.651
159.481
150.259
142.22
135.571
130.432
126.892
124.95
124.541
125.567
127.869
131.232
135.41
140.149
145.232
150.481
155.76
160.947
165.915
170.54
174.722
178.409
181.597
184.324
186.632
188.527
189.983
190.95
191.399
191.35
190.886
190.133
189.164
188.014
186.67
185.086
183.233
181.111
178.753
176.2
173.488
170.65
167.717
164.726
161.717
158.732
155.825
153.066
150.541
148.335
146.532
145.238
144.553
144.461
144.849
145.561
146.21
146.526
146.669
146.844
146.751
145.839
144.116
141.996
139.766
137.45
135.023
132.52
129.979
127.449
124.974
122.566
120.226
118.052
116.248
114.937
114.118
113.53
112.981
112.334
111.509
110.484
109.281
107.933
106.486
104.982
103.489
101.979
227.134
226.905
226.494
225.957
225.358
224.787
224.316
223.998
223.861
223.91
224.115
224.451
224.831
225.091
225.168
225.098
224.875
224.496
223.856
222.906
221.977
221.075
220.067
219.016
217.909
216.643
215.235
213.657
211.923
210.043
208.043
205.956
203.811
201.651
199.512
197.44
195.478
193.668
192.053
190.668
189.55
188.724
188.206
188.007
188.133
188.563
189.276
190.251
191.457
192.854
194.406
196.085
197.86
199.686
201.515
203.292
204.954
206.45
207.745
208.783
209.5
209.86
209.887
209.641
209.241
208.82
208.555
208.563
208.833
209.312
210.001
210.622
210.845
210.611
209.63
207.885
205.315
201.853
197.589
192.61
187.524
183.329
181.543
182.725
186.751
190.033
192.011
192.396
190.335
186.057
179.424
171.494
162.804
154.115
145.915
138.604
132.436
127.624
124.31
122.529
122.267
123.452
125.93
129.482
133.847
138.753
143.967
149.312
154.664
159.922
164.976
169.698
173.968
177.715
180.924
183.646
185.955
187.885
189.405
190.446
190.947
190.902
190.424
189.646
188.66
187.511
186.176
184.6
182.746
180.621
178.26
175.707
172.999
170.164
167.234
164.245
161.238
158.257
155.352
152.586
150.046
147.822
146.006
144.689
143.949
143.825
144.283
145
145.641
146.067
146.37
146.574
146.418
145.587
144.055
142.081
139.858
137.47
134.97
132.418
129.859
127.31
124.795
122.354
120.038
117.937
116.199
114.944
114.088
113.5
112.962
112.318
111.488
110.459
109.256
107.909
106.467
104.96
103.461
101.955
226.404
225.939
225.121
224.324
223.607
222.996
222.518
222.223
222.146
222.286
222.627
223.168
223.849
224.529
225.054
225.324
225.3
225.007
224.369
223.482
222.443
221.337
220.153
218.879
217.47
215.908
214.19
212.315
210.302
208.163
205.922
203.608
201.255
198.905
196.6
194.387
192.31
190.417
188.751
187.351
186.255
185.488
185.06
184.973
185.222
185.791
186.656
187.789
189.151
190.701
192.397
194.202
196.078
197.986
199.883
201.723
203.459
205.055
206.464
207.623
208.466
208.948
209.065
208.874
208.501
208.114
207.909
208.026
208.513
209.428
210.738
211.962
212.517
212.298
211.374
209.451
206.435
202.629
198.126
192.974
187.601
183.034
180.543
180.602
182.874
185.437
186.343
185.2
182.095
177.263
171.034
163.911
156.17
148.372
140.925
134.218
128.496
123.993
120.879
119.267
119.191
120.586
123.295
127.095
131.708
136.836
142.219
147.674
153.099
158.428
163.58
168.431
172.835
176.68
179.927
182.634
184.923
186.875
188.476
189.627
190.214
190.202
189.718
188.918
187.92
186.775
185.453
183.886
182.033
179.902
177.539
174.99
172.289
169.459
166.529
163.537
160.53
157.547
154.636
151.862
149.306
147.057
145.206
143.849
143.073
142.914
143.333
144.089
144.866
145.484
145.935
146.18
146.019
145.243
143.833
141.95
139.757
137.349
134.8
132.201
129.61
127.046
124.529
122.09
119.787
117.711
115.997
114.752
113.964
113.431
112.935
112.313
111.49
110.455
109.245
107.892
106.446
104.932
103.414
101.884
224.771
224.279
223.599
222.927
222.32
221.805
221.406
221.166
221.113
221.253
221.611
222.204
222.973
223.799
224.558
225.01
225.117
224.86
224.252
223.366
222.281
221.04
219.641
218.082
216.357
214.467
212.416
210.213
207.876
205.425
202.89
200.3
197.695
195.114
192.603
190.211
187.988
185.985
184.248
182.826
181.759
181.068
180.755
180.813
181.24
182.018
183.119
184.501
186.116
187.912
189.839
191.848
193.896
195.941
197.945
199.87
201.689
203.373
204.896
206.219
207.288
208.048
208.472
208.584
208.473
208.299
208.241
208.458
209.088
210.176
211.613
212.981
213.661
213.211
212.242
210.739
208.346
205.006
200.793
195.924
190.99
186.908
184.365
183.519
183.806
183.958
182.81
180.083
176.088
170.908
164.679
157.679
150.268
142.903
135.948
129.696
124.336
120.08
117.141
115.691
115.785
117.374
120.312
124.375
129.268
134.656
140.234
145.795
151.257
156.604
161.81
166.779
171.345
175.339
178.668
181.368
183.6
185.534
187.202
188.484
189.178
189.233
188.762
187.952
186.95
185.817
184.512
182.957
181.107
178.976
176.617
174.078
171.387
168.563
165.63
162.63
159.614
156.626
153.706
150.916
148.338
146.059
144.166
142.745
141.895
141.698
142.116
142.93
143.805
144.599
145.276
145.685
145.576
144.802
143.417
141.588
139.441
137.035
134.454
131.822
129.219
126.655
124.137
121.713
119.447
117.422
115.756
114.565
113.828
113.356
112.909
112.313
111.494
110.454
109.239
107.881
106.427
104.903
103.36
101.808
223.455
223.084
222.6
222.064
221.541
221.084
220.743
220.558
220.541
220.687
221.021
221.562
222.252
223.02
223.713
224.124
224.221
223.967
223.381
222.501
221.377
220.011
218.402
216.574
214.544
212.328
209.939
207.396
204.719
201.933
199.068
196.159
193.249
190.383
187.613
184.995
182.587
180.445
178.619
177.153
176.084
175.437
175.22
175.435
176.08
177.131
178.543
180.261
182.225
184.374
186.646
188.981
191.325
193.627
195.849
197.961
199.945
201.79
203.489
205.032
206.401
207.562
208.481
209.151
209.604
209.919
210.212
210.641
211.339
212.276
213.278
214.058
214.368
214.314
213.613
212.353
210.522
208.065
205.003
201.48
197.852
194.434
191.642
189.472
187.446
184.913
181.549
177.361
172.435
166.672
160.085
152.903
145.518
138.335
131.651
125.655
120.483
116.334
113.473
112.099
112.287
114.014
117.147
121.463
126.657
132.351
138.175
143.879
149.377
154.691
159.863
164.862
169.547
173.712
177.187
179.928
182.093
183.972
185.672
187.051
187.867
188.008
187.575
186.777
185.788
184.675
183.39
181.849
180.007
177.886
175.539
173.012
170.331
167.509
164.567
161.551
158.518
155.516
152.586
149.781
147.174
144.847
142.885
141.387
140.461
140.199
140.589
141.437
142.379
143.316
144.247
144.919
144.956
144.22
142.841
141.028
138.899
136.496
133.91
131.277
128.681
126.137
123.666
121.309
119.108
117.128
115.502
114.359
113.694
113.291
112.895
112.321
111.501
110.451
109.225
107.862
106.402
104.87
103.306
101.724
222.873
222.614
222.265
221.852
221.431
221.055
220.771
220.615
220.612
220.719
220.964
221.351
221.842
222.371
222.82
223.065
223.042
222.705
222.047
221.092
219.856
218.318
216.49
214.406
212.081
209.541
206.807
203.907
200.869
197.725
194.513
191.274
188.054
184.902
181.878
179.044
176.463
174.188
172.275
170.757
169.652
168.999
168.85
169.244
170.14
171.489
173.233
175.311
177.663
180.216
182.897
185.632
188.354
191.01
193.557
195.97
198.233
200.342
202.303
204.128
205.823
207.388
208.811
210.077
211.175
212.106
212.905
213.642
214.366
215.05
215.619
215.962
216.016
215.806
215.302
214.475
213.267
211.628
209.614
207.201
204.397
201.348
198.143
194.706
190.839
186.422
181.534
176.253
170.506
164.112
157.063
149.591
142.08
134.898
128.278
122.342
117.197
113.037
110.14
108.755
108.978
110.781
114.034
118.53
123.981
129.98
136.088
141.987
147.566
152.858
157.956
162.89
167.592
171.873
175.509
178.342
180.455
182.293
183.981
185.419
186.336
186.567
186.191
185.431
184.473
183.39
182.129
180.603
178.775
176.672
174.343
171.827
169.147
166.316
163.359
160.32
157.263
154.24
151.292
148.468
145.828
143.441
141.384
139.753
138.693
138.344
138.703
139.528
140.477
141.517
142.683
143.699
144.027
143.446
142.118
140.3
138.151
135.744
133.174
130.57
128.019
125.546
123.162
120.893
118.774
116.864
115.292
114.209
113.605
113.26
112.898
112.334
111.507
110.445
109.205
107.836
106.373
104.834
103.252
101.641
223.004
222.831
222.583
222.279
221.969
221.7
221.501
221.4
221.369
221.409
221.517
221.689
221.905
222.122
222.262
222.242
221.989
221.444
220.593
219.454
218.004
216.219
214.123
211.741
209.094
206.218
203.147
199.919
196.572
193.146
189.678
186.21
182.781
179.435
176.223
173.203
170.432
167.975
165.9
164.267
163.121
162.506
162.46
163.007
164.109
165.722
167.787
170.228
172.958
175.886
178.931
182.019
185.094
188.106
191.01
193.773
196.38
198.835
201.149
203.328
205.386
207.337
209.187
210.923
212.518
213.93
215.131
216.114
216.879
217.425
217.762
217.9
217.867
217.688
217.355
216.844
216.11
215.151
213.778
211.937
209.515
206.459
202.726
198.3
193.247
187.746
182.001
176.046
169.732
162.859
155.429
147.679
139.985
132.699
126.023
120.055
114.897
110.746
107.872
106.51
106.733
108.506
111.702
116.162
121.658
127.807
134.117
140.191
145.867
151.159
156.185
161.027
165.672
169.972
173.724
176.621
178.764
180.564
182.221
183.682
184.662
184.967
184.657
183.955
183.047
182.002
180.768
179.259
177.446
175.363
173.053
170.543
167.852
165.002
162.023
158.961
155.876
152.825
149.852
146.998
144.304
141.83
139.648
137.849
136.598
136.092
136.348
137.054
137.915
139.032
140.436
141.883
142.667
142.397
141.207
139.411
137.237
134.818
132.272
129.727
127.268
124.908
122.65
120.512
118.503
116.663
115.143
114.117
113.581
113.274
112.919
112.342
111.498
110.422
109.173
107.797
106.33
104.789
103.197
101.565
223.729
223.605
223.408
223.165
222.916
222.7
222.545
222.46
222.429
222.431
222.441
222.442
222.413
222.329
222.146
221.806
221.233
220.374
219.234
217.812
216.055
213.954
211.539
208.832
205.878
202.727
199.424
196.012
192.516
188.958
185.355
181.726
178.102
174.518
171.018
167.655
164.499
161.637
159.174
157.235
155.951
155.374
155.485
156.221
157.61
159.617
162.159
165.115
168.361
171.78
175.273
178.755
182.158
185.434
188.56
191.54
194.394
197.137
199.787
202.355
204.837
207.219
209.487
211.624
213.599
215.361
216.857
218.046
218.907
219.458
219.748
219.845
219.811
219.686
219.475
219.158
218.7
217.988
216.895
215.27
212.914
209.677
205.512
200.493
194.832
188.815
182.654
176.343
169.719
162.595
154.975
147.063
139.217
131.801
125.035
119.026
113.89
109.818
107.049
105.751
105.966
107.642
110.659
114.898
120.217
126.281
132.586
138.694
144.391
149.652
154.602
159.36
163.913
168.167
171.901
174.86
177.045
178.83
180.461
181.919
182.923
183.276
183.032
182.399
181.552
180.551
179.342
177.848
176.051
173.984
171.688
169.179
166.473
163.598
160.594
157.508
154.392
151.297
148.275
145.369
142.598
139.996
137.645
135.643
134.149
133.395
133.427
133.87
134.433
135.605
137.306
139.31
140.735
140.955
140.034
138.333
136.164
133.742
131.236
128.788
126.464
124.263
122.173
120.19
118.3
116.55
115.115
114.165
113.667
113.352
112.958
112.34
111.468
110.378
109.123
107.747
106.281
104.741
103.144
101.497
224.89
224.791
224.625
224.414
224.187
223.975
223.806
223.69
223.614
223.551
223.462
223.317
223.088
222.756
222.296
221.649
220.732
219.526
218.063
216.313
214.213
211.785
209.07
206.102
202.949
199.66
196.267
192.787
189.214
185.535
181.73
177.782
173.696
169.5
165.258
161.068
157.066
153.422
150.299
147.855
146.235
145.526
145.748
146.878
148.866
151.616
154.999
158.86
163.026
167.326
171.61
175.757
179.684
183.343
186.714
189.808
192.692
195.478
198.257
201.069
203.912
206.737
209.469
212.031
214.367
216.428
218.168
219.542
220.527
221.153
221.484
221.607
221.599
221.505
221.334
221.07
220.666
220.004
218.942
217.288
214.837
211.438
207.058
201.797
195.909
189.701
183.377
176.922
170.199
163.044
155.456
147.583
139.721
132.247
125.415
119.387
114.299
110.32
107.651
106.409
106.585
108.116
110.89
114.823
119.828
125.624
131.718
137.676
143.268
148.44
153.293
157.946
162.379
166.514
170.172
173.139
175.357
177.141
178.755
180.189
181.182
181.556
181.37
180.811
180.029
179.069
177.881
176.4
174.614
172.561
170.273
167.762
165.041
162.143
159.112
155.992
152.828
149.666
146.56
143.559
140.679
137.927
135.372
133.124
131.325
130.216
129.863
129.858
129.806
130.984
133.046
135.787
138.076
139.001
138.506
137.006
134.903
132.509
130.077
127.773
125.646
123.659
121.769
119.955
118.201
116.563
115.224
114.346
113.864
113.505
113.033
112.344
111.426
110.317
109.06
107.687
106.225
104.687
103.089
101.433
226.383
226.29
226.127
225.909
225.662
225.409
225.173
224.969
224.788
224.61
224.396
224.108
223.716
223.196
222.515
221.602
220.387
218.887
217.14
215.088
212.686
209.994
207.062
203.937
200.691
197.349
193.904
190.328
186.562
182.547
178.237
173.605
168.663
163.473
158.153
152.872
147.837
143.274
139.409
136.433
134.489
133.681
134.048
135.589
138.21
141.786
146.152
151.106
156.419
161.861
167.223
172.342
177.105
181.44
185.299
188.681
191.635
194.306
196.924
199.681
202.656
205.798
208.972
212.009
214.768
217.157
219.13
220.675
221.789
222.524
222.924
223.075
223.069
222.956
222.748
222.426
221.939
221.184
220.018
218.255
215.702
212.218
207.789
202.529
196.679
190.471
184.138
177.671
170.983
163.96
156.586
148.974
141.348
134.009
127.236
121.242
116.205
112.294
109.661
108.388
108.458
109.793
112.292
115.876
120.471
125.846
131.565
137.218
142.585
147.601
152.318
156.83
161.112
165.083
168.613
171.532
173.758
175.548
177.147
178.537
179.486
179.859
179.724
179.237
178.514
177.589
176.415
174.941
173.165
171.122
168.838
166.322
163.586
160.663
157.594
154.423
151.188
147.932
144.712
141.581
138.563
135.649
132.865
130.307
128.109
126.497
125.569
124.952
124.721
125.007
127.424
131.128
134.549
136.422
136.541
135.368
133.409
131.089
128.771
126.674
124.818
123.109
121.459
119.84
118.247
116.745
115.511
114.682
114.17
113.725
113.152
112.376
111.399
110.259
108.993
107.624
106.168
104.634
103.036
101.375
228.139
228.045
227.88
227.642
227.354
227.031
226.693
226.358
226.033
225.701
225.336
224.902
224.365
223.691
222.83
221.703
220.266
218.552
216.586
214.297
211.668
208.795
205.729
202.516
199.213
195.808
192.242
188.434
184.283
179.702
174.636
169.078
163.085
156.777
150.331
143.97
137.942
132.507
127.919
124.402
122.151
121.278
121.807
123.665
126.841
131.205
136.552
142.621
149.117
155.741
162.231
168.388
174.082
179.236
183.809
187.743
191.009
193.716
196.122
198.571
201.34
204.524
207.99
211.473
214.701
217.488
219.755
221.497
222.655
223.473
223.948
224.155
224.137
223.953
223.643
223.201
222.564
221.637
220.299
218.399
215.781
212.324
208.003
202.902
197.221
191.174
184.932
178.547
171.986
165.191
158.15
150.941
143.727
136.743
130.239
124.435
119.524
115.673
113.015
111.629
111.506
112.581
114.758
117.946
122.057
126.898
132.113
137.347
142.395
147.183
151.716
156.046
160.141
163.914
167.276
170.096
172.304
174.093
175.668
176.991
177.873
178.23
178.137
177.712
177.039
176.138
174.971
173.499
171.731
169.696
167.412
164.885
162.129
159.171
156.05
152.808
149.482
146.116
142.762
139.478
136.301
133.21
130.168
127.223
124.507
122.236
120.47
118.814
117.375
117.336
120.249
125.185
130.039
133.131
134.069
133.358
131.614
129.406
127.245
125.428
123.932
122.577
121.225
119.839
118.432
117.083
115.94
115.122
114.538
113.982
113.304
112.446
111.411
110.231
108.945
107.572
106.118
104.584
102.985
101.321
230.105
230.012
229.852
229.607
229.292
228.915
228.49
228.037
227.569
227.086
226.572
226
225.332
224.524
223.509
222.213
220.606
218.729
216.589
214.116
211.316
208.312
205.153
201.868
198.491
194.971
191.196
187.043
182.384
177.129
171.232
164.717
157.681
150.287
142.747
135.316
128.271
121.913
116.543
112.425
109.765
108.704
109.277
111.493
115.271
120.446
126.788
133.994
141.714
149.571
157.215
164.393
170.956
176.84
182.046
186.581
190.382
193.383
195.746
197.887
200.288
203.217
206.715
210.517
214.204
217.399
219.973
221.898
223.231
224.089
224.551
224.716
224.679
224.483
224.087
223.447
222.586
221.466
219.976
217.977
215.338
211.969
207.843
203.011
197.61
191.812
185.768
179.554
173.189
166.663
159.985
153.216
146.483
139.963
133.863
128.384
123.707
119.987
117.342
115.83
115.48
116.252
118.057
120.802
124.386
128.637
133.282
138.035
142.708
147.209
151.51
155.615
159.48
163.027
166.191
168.877
171.035
172.808
174.338
175.571
176.368
176.702
176.643
176.267
175.629
174.742
173.574
172.103
170.34
168.309
166.017
163.471
160.682
157.677
154.492
151.167
147.739
144.249
140.738
137.268
133.895
130.595
127.257
123.862
120.553
117.509
114.619
111.439
108.51
107.908
111.45
117.901
124.492
129.067
131.019
130.88
129.396
127.325
125.379
123.939
122.91
121.998
121
119.879
118.678
117.484
116.423
115.592
114.919
114.252
113.477
112.547
111.459
110.239
108.925
107.538
106.079
104.543
102.939
101.272
232.247
232.162
232.026
231.802
231.494
231.106
230.648
230.135
229.587
229.009
228.393
227.718
226.944
226.017
224.862
223.411
221.647
219.616
217.315
214.677
211.724
208.603
205.354
201.986
198.505
194.833
190.813
186.286
181.114
175.21
168.544
161.167
153.208
144.857
136.355
127.983
120.06
112.934
106.949
102.398
99.4733
98.2979
98.8973
101.285
105.411
111.124
118.181
126.259
134.984
143.934
152.661
160.81
168.191
174.703
180.36
185.283
189.5
192.912
195.451
197.509
199.571
202.142
205.435
209.346
213.47
217.01
219.853
221.942
223.378
224.289
224.775
224.915
224.778
224.422
223.892
223.207
222.264
220.96
219.256
217.13
214.503
211.276
207.401
202.899
197.853
192.39
186.638
180.687
174.587
168.364
162.051
155.709
149.444
143.395
137.73
132.62
128.224
124.679
122.086
120.499
119.955
120.434
121.867
124.166
127.229
130.906
134.986
139.245
143.511
147.681
151.698
155.533
159.13
162.426
165.373
167.899
169.977
171.706
173.163
174.284
174.992
175.302
175.267
174.925
174.308
173.424
172.251
170.777
169.016
166.981
164.672
162.094
159.261
156.198
152.94
149.525
145.985
142.349
138.647
134.938
131.306
127.74
124.079
120.233
116.314
112.417
108.158
102.985
98.1757
96.8238
101.119
109.352
117.949
124.221
127.332
127.829
126.622
124.724
123.085
122.159
121.729
121.347
120.748
119.912
118.919
117.874
116.889
116.039
115.284
114.517
113.657
112.668
111.536
110.281
108.936
107.528
106.057
104.514
102.902
101.23
234.488
234.43
234.337
234.169
233.914
233.57
233.141
232.661
232.125
231.54
230.901
230.183
229.343
228.315
227.023
225.413
223.482
221.286
218.821
216.023
212.918
209.674
206.329
202.865
199.262
195.436
191.187
186.344
180.755
174.342
167.089
159.072
150.444
141.418
132.251
123.249
114.754
107.134
100.752
95.9043
92.7713
91.4566
91.9936
94.4235
98.7179
104.731
112.213
120.808
130.126
139.766
149.232
158.07
166.065
173.104
179.132
184.242
188.575
192.17
194.97
197.152
199.121
201.42
204.452
208.335
212.57
216.416
219.503
221.724
223.196
224.084
224.534
224.648
224.487
224.073
223.42
222.544
221.428
220.04
218.316
216.159
213.502
210.347
206.698
202.542
197.904
192.858
187.495
181.9
176.14
170.267
164.334
158.407
152.582
146.976
141.727
136.978
132.864
129.505
126.988
125.37
124.677
124.901
125.994
127.879
130.46
133.607
137.154
140.924
144.765
148.564
152.25
155.773
159.073
162.102
164.817
167.166
169.138
170.788
172.139
173.137
173.761
174.049
174.029
173.706
173.096
172.207
171.024
169.545
167.778
165.729
163.393
160.771
157.881
154.75
151.412
147.894
144.221
140.411
136.484
132.493
128.543
124.648
120.647
116.386
111.891
107.092
101.269
93.7639
86.7376
84.4693
89.6054
99.8114
110.602
118.712
123.065
124.239
123.347
121.711
120.516
120.245
120.508
120.694
120.499
119.943
119.146
118.232
117.312
116.451
115.626
114.775
113.844
112.802
111.634
110.348
108.975
107.541
106.052
104.497
102.876
101.196
236.796
236.791
236.775
236.676
236.507
236.257
235.935
235.536
235.077
234.561
233.975
233.283
232.426
231.332
229.925
228.167
226.074
223.714
221.085
218.134
214.897
211.527
208.074
204.517
200.799
196.815
192.386
187.33
181.498
174.8
167.229
158.877
149.911
140.552
131.067
121.764
112.99
105.115
98.5026
93.4511
90.1503
88.7006
89.1413
91.5319
95.8347
101.909
109.516
118.29
127.808
137.69
147.47
156.607
164.827
172.108
178.413
183.66
187.946
191.468
194.337
196.668
198.729
200.965
203.83
207.585
211.822
215.786
218.972
221.22
222.673
223.531
223.942
223.997
223.761
223.287
222.589
221.641
220.423
218.934
217.125
214.943
212.367
209.359
205.894
202.002
197.734
193.128
188.226
183.084
177.76
172.315
166.812
161.325
155.942
150.768
145.919
141.516
137.677
134.502
132.074
130.443
129.63
129.633
130.416
131.917
134.048
136.701
139.742
143.025
146.418
149.811
153.127
156.304
159.286
162.031
164.501
166.656
168.49
170.025
171.244
172.117
172.668
172.939
172.926
172.609
171.995
171.092
169.896
168.406
166.626
164.552
162.174
159.497
156.54
153.333
149.899
146.253
142.408
138.387
134.207
129.917
125.626
121.37
117.014
112.367
107.328
101.618
94.1314
84.126
74.691
71.3725
77.3937
89.673
102.753
112.776
118.441
120.379
119.953
118.78
118.2
118.641
119.551
120.218
120.351
120.021
119.383
118.574
117.704
116.832
115.954
115.032
114.036
112.946
111.744
110.433
109.034
107.576
106.065
104.495
102.861
101.172
238.945
239.005
239.078
238.987
238.898
238.731
238.516
238.245
237.924
237.55
237.096
236.509
235.717
234.632
233.184
231.334
229.137
226.648
223.878
220.806
217.463
213.969
210.402
206.754
202.954
198.892
194.406
189.317
183.471
176.777
169.229
160.919
152.009
142.719
133.309
124.078
115.36
107.514
100.89
95.7866
92.4031
90.8219
91.0949
93.317
97.4356
103.292
110.663
119.21
128.48
138.094
147.678
156.7
164.784
171.942
178.21
183.422
187.553
190.846
193.587
195.996
198.254
200.647
203.549
207.219
211.32
215.156
218.231
220.394
221.78
222.58
222.95
222.993
222.752
222.244
221.483
220.489
219.258
217.742
215.918
213.769
211.26
208.358
205.07
201.426
197.455
193.201
188.715
184.033
179.192
174.234
169.213
164.199
159.276
154.536
150.081
146.016
142.443
139.45
137.11
135.477
134.569
134.384
134.897
136.055
137.784
139.992
142.566
145.386
148.336
151.317
154.249
157.069
159.727
162.183
164.401
166.354
168.032
169.427
170.507
171.271
171.769
172.027
172.009
171.68
171.05
170.129
168.915
167.408
165.605
163.494
161.064
158.321
155.289
151.99
148.437
144.63
140.576
136.305
131.857
127.276
122.655
118.054
113.361
108.352
102.814
96.2594
87.2056
74.7866
63.0666
58.7178
65.5385
79.7801
95.0576
106.951
113.975
116.836
117.128
116.658
116.779
117.825
119.17
120.104
120.405
120.201
119.663
118.923
118.083
117.198
116.274
115.29
114.235
113.098
111.864
110.528
109.108
107.626
106.093
104.505
102.858
101.157
240.593
240.607
240.638
240.663
240.67
240.625
240.545
240.433
240.282
240.08
239.792
239.358
238.689
237.684
236.268
234.42
232.175
229.597
226.724
223.559
220.127
216.528
212.858
209.132
205.289
201.224
196.791
191.824
186.166
179.723
172.479
164.51
155.965
147.053
138.021
129.152
120.756
113.166
106.702
101.646
98.2086
96.4979
96.5894
98.5634
102.37
107.831
114.721
122.736
131.442
140.455
149.453
157.954
165.571
172.337
178.345
183.361
187.212
190.167
192.695
195.152
197.688
200.41
203.514
207.144
210.99
214.488
217.263
219.241
220.559
221.366
221.763
221.812
221.568
221.067
220.323
219.327
218.074
216.559
214.771
212.682
210.264
207.505
204.398
200.953
197.209
193.223
189.046
184.72
180.283
175.769
171.214
166.668
162.197
157.881
153.811
150.077
146.769
143.967
141.735
140.118
139.14
138.808
139.101
139.973
141.361
143.185
145.35
147.754
150.296
152.886
155.45
157.928
160.277
162.461
164.447
166.212
167.738
168.991
169.948
170.634
171.099
171.339
171.298
170.945
170.292
169.349
168.115
166.585
164.751
162.595
160.106
157.293
154.176
150.769
147.072
143.078
138.79
134.254
129.535
124.676
119.749
114.836
109.856
104.54
98.5989
91.3637
81.0292
66.5789
52.9484
47.7636
55.2191
71.0982
88.2652
101.846
110.225
114.163
115.395
115.758
116.51
117.926
119.426
120.389
120.688
120.502
120
119.29
118.458
117.555
116.588
115.55
114.44
113.257
111.989
110.629
109.189
107.686
106.133
104.526
102.864
101.152
241.788
241.567
241.494
241.664
241.853
242.017
242.117
242.179
242.204
242.178
242.066
241.798
241.278
240.394
239.064
237.261
235.005
232.366
229.409
226.164
222.663
218.987
215.231
211.436
207.565
203.527
199.197
194.424
189.063
183.013
176.241
168.798
160.811
152.468
143.999
135.667
127.756
120.567
114.393
109.494
106.088
104.313
104.23
105.905
109.303
114.246
120.503
127.789
135.711
143.919
152.126
159.89
166.867
173.111
178.693
183.335
186.821
189.453
191.825
194.388
197.251
200.335
203.634
207.154
210.639
213.716
216.164
217.969
219.227
220.033
220.459
220.556
220.357
219.879
219.142
218.164
216.945
215.45
213.695
211.669
209.356
206.743
203.82
200.592
197.078
193.319
189.375
185.305
181.162
176.983
172.805
168.664
164.608
160.697
156.998
153.589
150.548
147.943
145.833
144.258
143.246
142.808
142.928
143.565
144.665
146.159
147.967
149.999
152.168
154.395
156.615
158.779
160.852
162.798
164.587
166.192
167.575
168.698
169.558
170.193
170.632
170.843
170.764
170.376
169.697
168.733
167.476
165.92
164.051
161.845
159.293
156.404
153.193
149.66
145.795
141.591
137.057
132.248
127.256
122.129
116.914
111.723
106.509
100.976
94.7876
87.1224
75.8652
59.9415
44.9171
39.1243
47.0629
64.1651
82.7862
97.7773
107.437
112.523
114.777
115.938
117.139
118.68
120.126
120.969
121.156
120.913
120.395
119.683
118.84
117.909
116.901
115.814
114.652
113.422
112.119
110.735
109.274
107.753
106.18
104.557
102.881
101.155
243.112
242.698
242.517
242.65
242.979
243.276
243.512
243.707
243.869
243.99
244.033
243.921
243.552
242.798
241.568
239.817
237.563
234.876
231.841
228.517
224.954
221.221
217.4
213.544
209.643
205.632
201.405
196.834
191.79
186.17
179.929
173.089
165.75
158.071
150.259
142.556
135.221
128.525
122.736
118.09
114.792
112.976
112.746
114.122
117.075
121.438
126.993
133.471
140.526
147.858
155.19
162.116
168.377
174.06
179.165
183.348
186.427
188.812
191.18
193.956
197.133
200.479
203.844
207.163
210.271
212.962
215.131
216.79
217.997
218.803
219.244
219.354
219.169
218.719
218.014
217.058
215.847
214.407
212.706
210.748
208.527
206.037
203.28
200.258
196.981
193.467
189.758
185.91
181.985
178.043
174.131
170.292
166.563
162.989
159.622
156.517
153.735
151.332
149.355
147.843
146.826
146.318
146.304
146.751
147.61
148.821
150.316
152.017
153.85
155.751
157.671
159.573
161.422
163.181
164.812
166.275
167.525
168.538
169.33
169.931
170.339
170.503
170.373
169.949
169.246
168.26
166.982
165.4
163.493
161.235
158.617
155.646
152.33
148.655
144.602
140.171
135.381
130.29
125.012
119.617
114.141
108.716
103.335
97.7031
91.4563
83.6443
71.8794
55.09
39.3017
33.1949
41.4359
59.2743
78.8284
94.8557
105.617
111.793
115.013
116.822
118.255
119.728
121.006
121.68
121.73
121.399
120.838
120.099
119.229
118.264
117.216
116.082
114.871
113.596
112.256
110.846
109.365
107.825
106.235
104.596
102.905
101.167
245.06
244.527
244.136
244.12
244.381
244.66
244.903
245.13
245.355
245.579
245.766
245.81
245.578
244.939
243.789
242.077
239.818
237.085
233.975
230.574
226.95
223.17
219.304
215.404
211.478
207.485
203.343
198.948
194.188
188.969
183.238
176.998
170.318
163.328
156.207
149.169
142.448
136.288
130.931
126.593
123.448
121.575
121.259
122.354
124.863
128.639
133.485
139.149
145.335
151.797
158.255
164.354
169.943
175.106
179.709
183.38
186.073
188.338
190.845
193.894
197.321
200.788
204.099
207.19
209.977
212.366
214.317
215.848
216.987
217.755
218.173
218.274
218.091
217.65
216.96
216.029
214.856
213.448
211.798
209.908
207.774
205.395
202.776
199.926
196.856
193.581
190.122
186.514
182.808
179.068
175.353
171.722
168.22
164.892
161.778
158.92
156.362
154.145
152.304
150.865
149.867
149.315
149.2
149.493
150.149
151.118
152.339
153.75
155.296
156.932
158.621
160.328
162.011
163.623
165.117
166.447
167.578
168.508
169.253
169.821
170.18
170.281
170.1
169.643
168.918
167.914
166.617
165.01
163.065
160.755
158.07
155.013
151.582
147.749
143.493
138.818
133.755
128.367
122.779
117.104
111.395
105.791
100.326
94.729
88.6319
80.9454
69.1052
52.0719
36.1285
30.061
38.4245
56.4872
76.4005
93.0284
104.625
111.734
115.772
118.035
119.511
120.793
121.867
122.394
122.338
121.929
121.314
120.535
119.627
118.623
117.532
116.354
115.097
113.777
112.401
110.963
109.461
107.903
106.296
104.641
102.936
101.187
247.208
246.527
245.965
245.797
245.929
246.105
246.266
246.432
246.647
246.925
247.316
247.513
247.416
246.867
245.757
244.043
241.752
238.964
235.784
232.314
228.636
224.821
220.931
217.01
213.073
209.098
205.025
200.77
196.244
191.364
186.077
180.376
174.308
167.975
161.524
155.14
149.029
143.408
138.493
134.484
131.55
129.836
129.273
130.072
132.152
135.37
139.541
144.437
149.82
155.479
161.127
166.479
171.485
176.167
180.258
183.418
185.811
188.098
190.844
194.154
197.715
201.169
204.346
207.216
209.753
211.916
213.69
215.092
216.142
216.853
217.236
217.313
217.117
216.674
215.998
215.088
213.945
212.571
210.967
209.138
207.087
204.812
202.316
199.61
196.711
193.635
190.404
187.04
183.573
180.051
176.529
173.071
169.734
166.572
163.629
160.943
158.549
156.477
154.74
153.376
152.401
151.819
151.622
151.786
152.272
153.035
154.029
155.21
156.542
157.994
159.527
161.096
162.646
164.126
165.49
166.698
167.733
168.601
169.305
169.822
170.113
170.149
169.922
169.44
168.698
167.681
166.369
164.74
162.759
160.398
157.646
154.5
150.944
146.94
142.464
137.526
132.166
126.458
120.538
114.567
108.637
102.903
97.4432
92.0196
86.2728
78.9891
67.4762
50.7775
35.2075
29.5288
37.8533
55.6411
75.3664
92.1599
104.273
112.092
116.747
119.286
120.685
121.731
122.616
123.046
122.936
122.478
121.812
120.985
120.032
118.983
117.848
116.627
115.327
113.965
112.553
111.086
109.563
107.987
106.364
104.694
102.974
101.214
249.345
248.416
247.631
247.3
247.368
247.467
247.538
247.582
247.715
248.013
248.611
249.016
249.082
248.61
247.499
245.742
243.387
240.526
237.273
233.741
230.02
226.184
222.289
218.373
214.45
210.503
206.491
202.349
198.007
193.396
188.472
183.225
177.687
171.938
166.095
160.315
154.773
149.659
145.164
141.466
138.715
137.023
136.405
136.968
138.666
141.38
144.943
149.161
153.845
158.789
163.716
168.438
172.963
177.198
180.77
183.467
185.695
188.134
191.158
194.651
198.216
201.544
204.531
207.184
209.509
211.492
213.124
214.417
215.385
216.037
216.381
216.436
216.23
215.786
215.117
214.227
213.11
211.769
210.209
208.437
206.458
204.276
201.893
199.318
196.565
193.655
190.612
187.46
184.222
180.929
177.62
174.347
171.168
168.142
165.319
162.744
160.452
158.469
156.814
155.501
154.537
153.924
153.654
153.706
154.05
154.65
155.477
156.504
157.702
159.037
160.456
161.905
163.329
164.68
165.922
167.027
167.985
168.797
169.444
169.89
170.108
170.087
169.825
169.325
168.573
167.548
166.227
164.58
162.567
160.158
157.341
154.103
150.413
146.225
141.513
136.288
130.601
124.545
118.272
111.987
105.837
100.007
94.6335
89.5193
84.2983
77.6689
66.852
50.9742
36.1279
31.1943
39.3387
56.4197
75.5175
92.0678
104.366
112.636
117.696
120.383
121.669
122.506
123.243
123.625
123.508
123.028
122.319
121.442
120.44
119.344
118.165
116.902
115.561
114.16
112.712
111.217
109.672
108.078
106.438
104.753
103.019
101.248
251.319
250.132
249.054
248.569
248.616
248.679
248.648
248.489
248.448
248.76
249.544
250.296
250.592
250.189
249.031
247.176
244.714
241.756
238.429
234.846
231.1
227.263
223.387
219.503
215.618
211.719
207.771
203.727
199.53
195.13
190.491
185.606
180.504
175.245
169.927
164.676
159.643
154.988
150.878
147.468
144.892
143.248
142.58
142.949
144.323
146.604
149.647
153.293
157.382
161.705
166.02
170.242
174.366
178.157
181.218
183.562
185.776
188.447
191.712
195.273
198.736
201.877
204.652
207.095
209.231
211.06
212.573
213.773
214.671
215.274
215.587
215.625
215.411
214.966
214.306
213.433
212.343
211.035
209.517
207.796
205.883
203.784
201.503
199.046
196.426
193.661
190.776
187.799
184.756
181.672
178.576
175.503
172.499
169.618
166.912
164.428
162.207
160.278
158.671
157.383
156.413
155.764
155.428
155.389
155.624
156.113
156.835
157.765
158.872
160.109
161.417
162.744
164.043
165.275
166.411
167.428
168.316
169.059
169.628
169.995
170.147
170.082
169.798
169.287
168.531
167.505
166.182
164.523
162.483
160.03
157.15
153.819
149.988
145.603
140.636
135.097
129.049
122.614
115.961
109.338
102.956
97.0503
91.8331
87.1503
82.6111
76.8318
67.0126
52.3912
38.3555
34.5712
42.391
58.4669
76.5946
92.551
104.732
113.188
118.465
121.233
122.438
123.136
123.777
124.144
124.051
123.568
122.825
121.9
120.848
119.704
118.48
117.176
115.797
114.359
112.878
111.355
109.787
108.174
106.518
104.819
103.08
101.29
252.633
251.382
250.121
249.434
249.598
249.834
249.744
249.32
248.901
249.067
250.09
251.343
251.939
251.605
250.378
248.399
245.798
242.715
239.298
235.663
231.901
228.08
224.246
220.418
216.598
212.768
208.895
204.942
200.866
196.629
192.21
187.609
182.851
177.989
173.104
168.299
163.7
159.444
155.672
152.521
150.11
148.527
147.828
148.048
149.162
151.089
153.706
156.88
160.467
164.257
168.079
171.912
175.674
179.011
181.614
183.753
186.079
188.996
192.412
195.931
199.226
202.161
204.735
206.992
208.964
210.654
212.057
213.171
214.004
214.562
214.849
214.873
214.652
214.208
213.555
212.698
211.634
210.361
208.882
207.21
205.359
203.335
201.143
198.792
196.292
193.659
190.914
188.086
185.205
182.297
179.39
176.509
173.688
170.968
168.395
166.013
163.866
161.987
160.407
159.128
158.147
157.462
157.072
156.964
157.124
157.538
158.187
159.041
160.06
161.193
162.387
163.597
164.784
165.911
166.951
167.883
168.688
169.344
169.828
170.123
170.224
170.129
169.831
169.316
168.563
167.543
166.225
164.562
162.5
160.01
157.071
153.645
149.666
145.07
139.827
133.948
127.506
120.651
113.58
106.579
99.9363
93.9645
88.9588
84.8067
81.0833
76.2996
67.6779
54.7619
43.9096
39.2357
46.5064
61.407
78.3188
93.429
105.238
113.638
118.993
121.821
123.012
123.652
124.242
124.618
124.562
124.091
123.322
122.354
121.253
120.061
118.793
117.449
116.033
114.562
113.048
111.497
109.907
108.275
106.603
104.89
103.137
101.337
253.522
252.071
250.21
249.556
250.098
250.804
250.749
249.869
248.821
248.607
249.959
252.097
253.085
252.817
251.49
249.381
246.648
243.457
239.957
236.268
232.486
228.683
224.897
221.14
217.402
213.657
209.873
206.016
202.051
197.951
193.707
189.329
184.844
180.3
175.766
171.33
167.096
163.178
159.698
156.776
154.516
152.998
152.281
152.388
153.297
154.935
157.205
159.995
163.158
166.505
169.942
173.46
176.866
179.754
182.001
184.082
186.587
189.708
193.169
196.569
199.669
202.404
204.798
206.896
208.726
210.294
211.594
212.626
213.396
213.909
214.168
214.177
213.949
213.504
212.857
212.015
210.976
209.736
208.298
206.673
204.878
202.922
200.813
198.557
196.164
193.649
191.033
188.34
185.598
182.838
180.088
177.374
174.723
172.165
169.736
167.474
165.417
163.6
162.054
160.789
159.801
159.09
158.658
158.499
158.605
158.96
159.541
160.315
161.241
162.271
163.359
164.466
165.55
166.576
167.518
168.355
169.066
169.632
170.037
170.274
170.337
170.221
169.915
169.403
168.66
167.655
166.35
164.689
162.614
160.093
157.1
153.579
149.445
144.625
139.084
132.836
125.963
118.643
111.098
103.659
96.7108
90.6671
85.908
82.361
79.5581
75.8816
68.552
57.3318
47.7639
44.3464
51.1944
64.8665
80.4443
94.5561
105.796
113.961
119.301
122.186
123.427
124.078
124.655
125.051
125.04
124.59
123.806
122.801
121.653
120.414
119.103
117.72
116.27
114.766
113.223
111.645
110.032
108.381
106.693
104.966
103.199
101.39
254.523
252.27
250.537
249.56
250.232
251.523
251.926
250.752
248.478
247.385
249.058
252.395
254.13
253.858
252.384
250.13
247.241
243.935
240.368
236.644
232.861
229.087
225.359
221.681
218.036
214.389
210.704
206.946
203.085
199.105
195.008
190.811
186.546
182.257
178.008
173.874
169.941
166.307
163.076
160.353
158.238
156.788
156.07
156.096
156.844
158.253
160.244
162.717
165.522
168.51
171.648
174.882
177.921
180.401
182.428
184.563
187.261
190.507
193.923
197.158
200.061
202.614
204.85
206.809
208.516
209.975
211.183
212.139
212.85
213.318
213.547
213.539
213.301
212.853
212.21
211.38
210.363
209.155
207.758
206.179
204.436
202.544
200.509
198.339
196.042
193.634
191.134
188.564
185.95
183.32
180.704
178.129
175.622
173.211
170.922
168.786
166.835
165.098
163.601
162.359
161.38
160.66
160.203
160.008
160.068
160.365
160.876
161.568
162.403
163.339
164.332
165.337
166.318
167.239
168.078
168.816
169.435
169.919
170.258
170.448
170.483
170.352
170.044
169.541
168.816
167.834
166.551
164.9
162.82
160.278
157.235
153.618
149.324
144.267
138.403
131.752
124.409
116.563
108.472
100.516
93.2043
87.0691
82.5718
79.6813
77.8747
75.381
69.4153
59.8866
51.8174
49.5433
56.0458
68.5286
82.7722
95.8202
106.367
114.195
119.462
122.397
123.73
124.437
125.027
125.451
125.487
125.065
124.275
123.237
122.046
120.762
119.408
117.988
116.505
114.971
113.4
111.796
110.161
108.492
106.787
105.046
103.268
101.448
256.278
253.59
250.924
249.246
250.763
253.735
254.19
251.492
247.615
245.717
247.577
251.653
254.503
254.61
253.113
250.79
247.749
244.317
240.654
236.876
233.087
229.346
225.682
222.093
218.548
215.007
211.427
207.77
204.011
200.141
196.172
192.13
188.049
183.977
179.972
176.096
172.424
169.037
166.026
163.475
161.472
160.104
159.396
159.363
159.985
161.213
162.98
165.182
167.68
170.379
173.262
176.204
178.864
181.014
182.946
185.204
188.072
191.36
194.663
197.71
200.422
202.807
204.898
206.729
208.322
209.682
210.804
211.687
212.338
212.76
212.956
212.927
212.678
212.224
211.583
210.763
209.766
208.589
207.232
205.701
204.011
202.178
200.215
198.127
195.923
193.616
191.225
188.773
186.282
183.778
181.289
178.841
176.464
174.184
172.026
170.016
168.177
166.534
165.105
163.906
162.952
162.242
161.776
161.555
161.57
161.808
162.248
162.859
163.607
164.448
165.339
166.236
167.104
167.915
168.65
169.29
169.821
170.23
170.512
170.661
170.669
170.527
170.222
169.737
169.04
168.093
166.842
165.213
163.138
160.583
157.493
153.774
149.301
143.97
137.732
130.605
122.696
114.192
105.409
96.798
89.0211
82.7504
78.5408
76.3936
75.7317
74.5713
70.1225
62.4402
56.0801
54.9373
61.1559
72.4733
85.3532
97.252
107.008
114.428
119.565
122.54
123.991
124.782
125.404
125.864
125.951
125.563
124.771
123.702
122.467
121.136
119.738
118.279
116.762
115.197
113.595
111.966
110.306
108.617
106.895
105.14
103.348
101.518
256.455
254.181
251.91
250.882
251.799
253.075
253.196
251.691
248.18
245.155
247.323
253.388
256.718
255.382
253.354
251.109
248.025
244.589
240.884
237.06
233.246
229.516
225.903
222.398
218.961
215.539
212.078
208.534
204.884
201.127
197.286
193.392
189.484
185.61
181.823
178.18
174.743
171.583
168.779
166.409
164.536
163.231
162.534
162.454
162.969
164.038
165.605
167.565
169.796
172.243
174.865
177.474
179.756
181.672
183.616
186.037
189.029
192.273
195.404
198.246
200.769
202.991
204.941
206.649
208.134
209.398
210.436
211.247
211.836
212.209
212.368
212.315
212.052
211.593
210.952
210.141
209.163
208.016
206.7
205.219
203.585
201.814
199.921
197.914
195.802
193.595
191.312
188.975
186.607
184.229
181.866
179.544
177.289
175.13
173.091
171.198
169.466
167.919
166.569
165.432
164.517
163.828
163.364
163.122
163.098
163.281
163.653
164.185
164.841
165.582
166.363
167.146
167.902
168.607
169.242
169.792
170.241
170.582
170.81
170.919
170.902
170.752
170.46
170.004
169.348
168.45
167.248
165.656
163.603
161.048
157.917
154.09
149.413
143.761
137.082
129.374
120.736
111.383
101.698
92.2693
83.9106
77.4401
73.5326
72.2198
72.8521
73.2
70.4183
64.7225
60.2361
60.2437
66.2763
76.5227
88.0795
98.818
107.761
114.737
119.704
122.697
124.259
125.136
125.803
126.305
126.444
126.089
125.294
124.194
122.914
121.534
120.091
118.592
117.039
115.441
113.81
112.152
110.468
108.758
107.018
105.247
103.442
101.6
256.534
254.762
253.147
252.183
252.123
252.647
252.762
251.732
249.487
248.228
249.913
253.302
254.826
255.284
254.359
251.417
248.084
244.575
240.837
237.034
233.247
229.554
226.009
222.606
219.296
216.012
212.686
209.267
205.732
202.09
198.371
194.614
190.865
187.178
183.602
180.182
176.967
174.013
171.391
169.174
167.456
166.24
165.567
165.453
165.882
166.816
168.194
169.925
171.921
174.129
176.458
178.697
180.649
182.446
184.491
187.081
190.114
193.225
196.14
198.767
201.105
203.167
204.977
206.564
207.944
209.116
210.071
210.81
211.338
211.661
211.782
211.702
211.426
210.962
210.323
209.52
208.561
207.444
206.169
204.739
203.163
201.456
199.632
197.704
195.68
193.571
191.394
189.168
186.917
184.662
182.423
180.223
178.085
176.038
174.107
172.316
170.678
169.217
167.943
166.868
165.997
165.333
164.874
164.619
164.562
164.697
165.005
165.459
166.027
166.669
167.348
168.029
168.687
169.298
169.845
170.312
170.686
170.963
171.138
171.207
171.167
171.016
170.745
170.329
169.727
168.893
167.756
166.218
164.206
161.668
158.508
154.573
149.678
143.675
136.496
128.1
118.571
108.226
97.5148
87.2142
78.2438
71.535
67.8953
67.4266
69.3712
71.2598
70.1813
66.4205
63.7816
64.9151
70.8784
80.2387
90.6531
100.377
108.608
115.182
119.977
122.959
124.577
125.509
126.22
126.764
126.945
126.612
125.807
124.675
123.352
121.926
120.439
118.902
117.314
115.686
114.026
112.342
110.634
108.903
107.146
105.361
103.542
101.689
256.721
255.31
254.005
253.001
252.55
252.593
252.512
251.805
250.554
249.655
250.092
252.407
254.328
254.543
253.298
251.411
248.514
244.733
240.832
236.96
233.158
229.502
226.036
222.749
219.581
216.451
213.277
209.995
206.584
203.062
199.47
195.855
192.27
188.768
185.398
182.201
179.216
176.483
174.052
171.993
170.371
169.233
168.585
168.438
168.783
169.581
170.775
172.295
174.07
176.016
178.009
179.885
181.604
183.401
185.605
188.314
191.279
194.18
196.854
199.268
201.425
203.329
205.001
206.469
207.747
208.828
209.702
210.368
210.836
211.11
211.195
211.09
210.801
210.334
209.698
208.906
207.965
206.877
205.642
204.262
202.746
201.104
199.351
197.5
195.562
193.547
191.472
189.354
187.216
185.077
182.958
180.876
178.854
176.915
175.084
173.388
171.832
170.448
169.24
168.218
167.386
166.745
166.293
166.028
165.945
166.037
166.287
166.672
167.16
167.717
168.307
168.902
169.474
170.002
170.466
170.853
171.154
171.366
171.487
171.518
171.46
171.314
171.073
170.708
170.174
169.42
168.366
166.904
164.956
162.455
159.28
155.241
150.111
143.73
135.968
126.736
116.174
104.774
93.0599
81.9601
72.431
65.4525
61.9854
62.2602
65.4367
68.7744
69.375
67.511
66.63
68.8538
74.8513
83.5209
93.0119
101.91
109.558
115.794
120.433
123.367
124.976
125.924
126.669
127.253
127.465
127.137
126.311
125.144
123.779
122.311
120.783
119.208
117.588
115.929
114.242
112.532
110.802
109.052
107.278
105.478
103.648
101.785
256.951
255.725
254.56
253.602
253.003
252.721
252.441
251.909
251.12
250.5
250.961
252.34
253.266
253.024
252.097
250.589
248.144
244.935
241.155
237.099
233.091
229.303
225.804
222.588
219.577
216.651
213.685
210.592
207.347
203.974
200.521
197.043
193.605
190.266
187.076
184.07
181.285
178.757
176.524
174.59
173.079
172.026
171.431
171.29
171.575
172.248
173.284
174.638
176.204
177.861
179.507
181.085
182.701
184.606
186.971
189.688
192.47
195.108
197.536
199.745
201.724
203.472
205.008
206.362
207.541
208.533
209.325
209.921
210.33
210.558
210.607
210.48
210.18
209.712
209.083
208.303
207.38
206.32
205.124
203.795
202.337
200.761
199.079
197.304
195.448
193.524
191.547
189.533
187.503
185.477
183.471
181.504
179.593
177.759
176.024
174.404
172.94
171.626
170.477
169.5
168.699
168.076
167.63
167.356
167.25
167.305
167.505
167.83
168.25
168.734
169.249
169.768
170.264
170.713
171.097
171.407
171.637
171.785
171.854
171.849
171.777
171.642
171.438
171.133
170.682
170.028
169.079
167.718
165.862
163.42
160.25
156.107
150.735
143.942
135.475
125.261
113.647
101.311
88.8031
77.1011
67.1345
59.852
56.3891
57.1758
61.3709
66.1063
68.2506
68.1028
68.821
72.064
78.1957
86.3715
95.1563
103.401
110.574
116.539
121.053
123.902
125.446
126.382
127.157
127.776
128.004
127.664
126.807
125.601
124.196
122.687
121.121
119.51
117.859
116.171
114.457
112.723
110.972
109.203
107.414
105.6
103.758
101.885
257.122
256.003
254.95
254.053
253.37
252.88
252.467
251.992
251.446
251.034
251.04
251.576
252.01
251.77
250.894
249.361
247.137
244.263
240.807
236.899
232.797
228.83
225.24
222.083
219.254
216.574
213.865
211.004
207.949
204.722
201.378
197.993
194.647
191.414
188.354
185.512
182.927
180.607
178.56
176.871
175.513
174.543
173.993
173.857
174.104
174.7
175.616
176.809
178.179
179.596
180.989
182.424
184.09
186.148
188.565
191.128
193.633
195.991
198.183
200.193
201.996
203.591
204.999
206.246
207.33
208.233
208.945
209.471
209.823
210.007
210.024
209.877
209.567
209.099
208.479
207.713
206.811
205.779
204.621
203.34
201.94
200.428
198.817
197.117
195.343
193.506
191.622
189.707
187.781
185.861
183.964
182.105
180.301
178.569
176.929
175.401
174.009
172.76
171.664
170.728
169.956
169.348
168.903
168.619
168.492
168.513
168.671
168.943
169.303
169.724
170.173
170.624
171.048
171.423
171.733
171.971
172.132
172.22
172.24
172.201
172.113
171.991
171.828
171.596
171.246
170.713
169.895
168.665
166.929
164.575
161.433
157.19
151.579
144.303
134.998
123.768
111.279
98.3081
85.2832
73.1925
62.9271
55.3282
51.6973
52.7356
57.6539
63.4744
66.9807
68.3884
70.528
74.6817
81.0189
88.864
97.1051
104.813
111.596
117.368
121.781
124.508
125.954
126.876
127.686
128.338
128.565
128.192
127.293
126.046
124.602
123.056
121.453
119.809
118.126
116.411
114.671
112.914
111.142
109.356
107.551
105.725
103.873
101.99
257.274
256.241
255.266
254.394
253.66
253.06
252.548
252.054
251.552
251.097
250.849
250.898
250.958
250.571
249.578
248.03
245.935
243.26
240.031
236.346
232.421
228.575
225.084
222.036
219.333
216.79
214.225
211.518
208.619
205.536
202.316
199.043
195.824
192.755
189.897
187.272
184.905
182.811
181.006
179.475
178.237
177.339
176.802
176.619
176.763
177.216
177.973
178.994
180.182
181.428
182.712
184.163
185.925
188.006
190.263
192.533
194.727
196.82
198.792
200.608
202.24
203.688
204.977
206.122
207.114
207.931
208.564
209.024
209.321
209.464
209.452
209.286
208.968
208.5
207.888
207.138
206.258
205.254
204.134
202.9
201.556
200.108
198.565
196.94
195.245
193.493
191.699
189.879
188.051
186.233
184.437
182.681
180.978
179.344
177.796
176.353
175.033
173.847
172.802
171.906
171.159
170.564
170.121
169.827
169.679
169.67
169.788
170.013
170.321
170.685
171.076
171.465
171.825
172.133
172.375
172.546
172.644
172.673
172.643
172.565
172.46
172.347
172.232
172.086
171.856
171.47
170.812
169.745
168.162
165.929
162.839
158.506
152.674
144.787
134.592
122.489
109.447
96.1323
82.7363
70.3814
59.9453
52.0851
48.2173
49.2671
54.5434
61.166
65.8049
68.5611
71.9572
76.9081
83.4628
91.0778
98.8727
106.123
112.609
118.256
122.56
125.12
126.472
127.404
128.262
128.941
129.145
128.72
127.77
126.48
124.998
123.415
121.779
120.102
118.39
116.647
114.883
113.103
111.312
109.509
107.691
105.853
103.991
102.1
257.382
256.408
255.481
254.629
253.875
253.217
252.632
252.084
251.545
251.035
250.623
250.339
250.024
249.381
248.278
246.753
244.797
242.357
239.442
236.133
232.593
229.065
225.771
222.801
220.097
217.528
214.961
212.306
209.519
206.597
203.577
200.538
197.576
194.762
192.137
189.732
187.552
185.596
183.895
182.472
181.317
180.439
179.865
179.61
179.659
179.983
180.583
181.447
182.486
183.613
184.859
186.322
188.032
189.917
191.868
193.818
195.737
197.6
199.366
200.992
202.457
203.767
204.944
205.991
206.892
207.625
208.184
208.581
208.828
208.931
208.891
208.708
208.382
207.916
207.313
206.579
205.72
204.747
203.663
202.475
201.186
199.799
198.324
196.771
195.154
193.485
191.779
190.05
188.315
186.594
184.893
183.234
181.627
180.085
178.624
177.261
176.011
174.884
173.889
173.028
172.305
171.721
171.277
170.973
170.806
170.77
170.853
171.036
171.299
171.613
171.953
172.289
172.593
172.841
173.023
173.134
173.17
173.139
173.055
172.935
172.806
172.701
172.636
172.588
172.501
172.29
171.825
170.956
169.559
167.487
164.467
160.082
154.012
145.42
134.416
121.682
108.354
94.7792
80.9671
68.3984
57.9309
49.9733
45.9447
46.8017
52.1944
59.4145
64.9386
68.7787
73.2447
78.8937
85.6399
93.0724
100.489
107.369
113.658
119.207
123.346
125.71
127.003
127.977
128.895
129.589
129.742
129.245
128.236
126.901
125.382
123.765
122.096
120.388
118.648
116.879
115.091
113.29
111.481
109.662
107.831
105.982
104.112
102.213
257.469
256.537
255.636
254.789
254.008
253.294
252.636
252.016
251.419
250.847
250.309
249.797
249.212
248.386
247.218
245.707
243.849
241.616
239.012
236.091
232.962
229.783
226.707
223.817
221.1
218.489
215.907
213.297
210.624
207.881
205.1
202.335
199.639
197.058
194.631
192.384
190.308
188.438
186.803
185.425
184.306
183.453
182.882
182.59
182.562
182.797
183.293
184.008
184.89
185.922
187.123
188.497
190.009
191.617
193.287
194.99
196.691
198.347
199.911
201.35
202.655
203.836
204.904
205.853
206.662
207.312
207.802
208.141
208.342
208.409
208.343
208.142
207.809
207.345
206.751
206.033
205.198
204.254
203.208
202.064
200.827
199.5
198.092
196.61
195.069
193.481
191.86
190.22
188.574
186.938
185.334
183.767
182.251
180.796
179.417
178.128
176.943
175.873
174.923
174.096
173.395
172.821
172.376
172.062
171.877
171.815
171.866
172.013
172.234
172.506
172.802
173.093
173.349
173.548
173.679
173.734
173.71
173.617
173.473
173.302
173.14
173.035
173.021
173.087
173.166
173.162
172.924
172.289
171.109
169.241
166.307
161.95
155.54
146.293
134.659
121.472
107.92
93.9793
79.6267
66.895
56.564
48.7632
44.7612
45.4338
50.7053
58.3446
64.5389
69.1937
74.4729
80.6952
87.6161
94.9047
102.022
108.645
114.812
120.232
124.118
126.288
127.563
128.608
129.593
130.278
130.35
129.765
128.691
127.31
125.753
124.104
122.403
120.665
118.897
117.104
115.293
113.473
111.646
109.813
107.97
106.112
104.234
102.329
257.519
256.608
255.72
254.871
254.068
253.311
252.594
251.904
251.233
250.567
249.896
249.198
248.419
247.466
246.259
244.767
242.987
240.915
238.554
235.942
233.154
230.288
227.445
224.69
222.037
219.459
216.919
214.383
211.827
209.251
206.673
204.118
201.623
199.229
196.968
194.852
192.901
191.142
189.6
188.289
187.211
186.371
185.776
185.435
185.351
185.51
185.885
186.463
187.237
188.179
189.25
190.434
191.732
193.132
194.605
196.113
197.614
199.064
200.43
201.691
202.848
203.905
204.865
205.712
206.428
206.997
207.419
207.705
207.863
207.895
207.803
207.586
207.245
206.783
206.199
205.498
204.687
203.774
202.765
201.665
200.478
199.209
197.864
196.453
194.988
193.48
191.942
190.389
188.832
187.286
185.768
184.287
182.854
181.481
180.179
178.96
177.836
176.818
175.91
175.115
174.435
173.87
173.425
173.101
172.898
172.812
172.833
172.946
173.132
173.369
173.629
173.882
174.101
174.261
174.347
174.352
174.27
174.112
173.898
173.661
173.448
173.329
173.365
173.558
173.832
174.069
174.092
173.718
172.788
171.153
168.351
164.095
157.247
147.502
135.426
121.792
107.959
93.5124
78.5251
65.711
55.672
48.2927
44.5477
45.0869
50.1221
57.9836
64.6918
69.9568
75.7657
82.3862
89.4694
96.6581
103.568
110.044
116.109
121.313
124.869
126.877
128.177
129.321
130.366
131.002
130.959
130.275
129.132
127.704
126.112
124.43
122.698
120.931
119.137
117.32
115.488
113.649
111.806
109.96
108.107
106.242
104.358
102.449
257.545
256.647
255.764
254.906
254.079
253.281
252.508
251.75
250.996
250.232
249.441
248.603
247.684
246.63
245.383
243.909
242.203
240.265
238.098
235.731
233.212
230.609
227.989
225.402
222.867
220.381
217.927
215.487
213.054
210.627
208.216
205.839
203.528
201.308
199.2
197.215
195.393
193.748
192.289
191.029
189.982
189.157
188.561
188.197
188.055
188.125
188.4
188.87
189.509
190.285
191.188
192.219
193.366
194.602
195.893
197.205
198.501
199.749
200.927
202.025
203.044
203.982
204.831
205.575
206.197
206.686
207.044
207.279
207.394
207.393
207.274
207.039
206.69
206.228
205.655
204.972
204.186
203.304
202.333
201.276
200.138
198.924
197.643
196.301
194.909
193.48
192.025
190.557
189.087
187.628
186.193
184.793
183.44
182.143
180.913
179.76
178.694
177.725
176.857
176.092
175.431
174.875
174.428
174.093
173.873
173.763
173.757
173.84
173.998
174.206
174.439
174.666
174.858
174.987
175.036
174.994
174.854
174.625
174.33
174.006
173.716
173.558
173.636
173.972
174.473
174.984
175.295
175.2
174.547
173.156
170.579
166.409
159.206
149.128
136.681
122.454
108.389
93.4458
77.7678
64.9603
55.2788
48.487
45.2077
45.7191
50.4731
58.2991
65.3858
71.1492
77.2593
84.0802
91.283
98.4231
105.217
111.606
117.526
122.408
125.609
127.508
128.877
130.139
131.21
131.742
131.56
130.77
129.559
128.083
126.454
124.74
122.978
121.184
119.364
117.524
115.672
113.815
111.959
110.102
108.241
106.369
104.482
102.573
257.52
256.628
255.744
254.876
254.028
253.198
252.382
251.571
250.754
249.916
249.042
248.112
247.102
245.974
244.691
243.226
241.574
239.733
237.71
235.524
233.21
230.814
228.384
225.956
223.551
221.177
218.827
216.497
214.185
211.893
209.629
207.41
205.255
203.182
201.221
199.348
197.634
196.077
194.686
193.48
192.471
191.664
191.061
190.663
190.467
190.467
190.652
191.004
191.509
192.16
192.948
193.85
194.846
195.913
197.029
198.16
199.277
200.354
201.377
202.338
203.236
204.063
204.807
205.453
205.987
206.403
206.703
206.89
206.967
206.933
206.789
206.536
206.178
205.716
205.151
204.485
203.722
202.869
201.933
200.917
199.825
198.663
197.44
196.162
194.84
193.484
192.105
190.716
189.326
187.947
186.59
185.266
183.985
182.756
181.591
180.497
179.485
178.562
177.731
176.994
176.349
175.8
175.35
175.004
174.766
174.635
174.606
174.667
174.803
174.993
175.21
175.424
175.6
175.709
175.729
175.644
175.444
175.137
174.747
174.316
173.917
173.687
173.791
174.279
175.032
175.839
176.444
176.623
176.252
175.11
172.855
168.689
161.401
151.211
138.143
123.15
109.238
94.0292
77.6961
64.9682
55.534
49.3046
46.6268
47.2774
51.7654
59.2173
66.4708
72.7115
78.9146
85.7979
93.0772
100.227
106.977
113.297
119.008
123.472
126.352
128.211
129.7
131.067
132.095
132.471
132.138
131.243
129.963
128.442
126.777
125.032
123.241
121.42
119.575
117.713
115.842
113.97
112.102
110.237
108.37
106.495
104.607
102.699
257.482
256.586
255.692
254.806
253.931
253.065
252.203
251.338
250.46
249.559
248.62
247.625
246.553
245.379
244.077
242.629
241.027
239.272
237.37
235.335
233.193
230.976
228.716
226.443
224.176
221.924
219.691
217.478
215.288
213.125
210.997
208.916
206.892
204.941
203.071
201.346
199.738
198.267
196.953
195.804
194.829
194.035
193.424
192.997
192.748
192.673
192.764
193.019
193.425
193.962
194.611
195.362
196.203
197.116
198.072
199.042
199.999
200.925
201.809
202.646
203.428
204.146
204.787
205.337
205.786
206.132
206.376
206.518
206.557
206.493
206.325
206.057
205.69
205.227
204.669
204.018
203.277
202.453
201.551
200.574
199.527
198.416
197.249
196.034
194.779
193.494
192.189
190.874
189.56
188.256
186.974
185.722
184.509
183.346
182.241
181.203
180.241
179.361
178.566
177.854
177.225
176.68
176.225
175.868
175.613
175.462
175.413
175.455
175.576
175.755
175.966
176.177
176.35
176.449
176.448
176.323
176.062
175.665
175.157
174.587
174.035
173.688
173.789
174.436
175.466
176.587
177.48
177.917
177.812
176.935
175.049
170.89
163.787
153.621
139.333
123.78
110.51
95.2662
78.7742
66.1248
56.6391
50.7229
48.68
49.6859
53.939
60.9543
68.0246
74.3904
80.7151
87.5711
94.8778
102.08
108.869
115.124
120.515
124.502
127.148
129.052
130.686
132.091
132.99
133.175
132.688
131.691
130.346
128.779
127.08
125.305
123.486
121.638
119.768
117.885
115.997
114.113
112.237
110.365
108.494
106.619
104.733
102.83
257.381
256.481
255.577
254.674
253.773
252.871
251.964
251.047
250.111
249.147
248.144
247.087
245.963
244.753
243.444
242.023
240.483
238.823
237.049
235.17
233.202
231.166
229.084
226.977
224.862
222.75
220.649
218.564
216.502
214.468
212.471
210.52
208.63
206.817
205.097
203.485
201.984
200.607
199.367
198.269
197.323
196.535
195.904
195.432
195.122
194.973
194.977
195.122
195.395
195.789
196.299
196.913
197.609
198.362
199.15
199.951
200.747
201.523
202.27
202.978
203.639
204.24
204.769
205.216
205.577
205.85
206.034
206.128
206.129
206.034
205.844
205.561
205.188
204.724
204.174
203.537
202.818
202.022
201.155
200.219
199.221
198.165
197.059
195.91
194.725
193.513
192.284
191.045
189.808
188.581
187.374
186.196
185.054
183.956
182.911
181.929
181.016
180.178
179.416
178.728
178.113
177.573
177.112
176.74
176.466
176.294
176.224
176.248
176.357
176.533
176.75
176.972
177.155
177.256
177.243
177.089
176.769
176.267
175.609
174.837
174.034
173.467
173.511
174.327
175.679
177.138
178.309
178.975
179.101
178.508
176.973
172.95
166.206
155.795
140.08
124.36
112.075
97.2999
81.4866
69.0135
59.0733
52.9961
51.3356
52.6759
56.8761
63.3715
70.0091
76.262
82.546
89.3495
96.723
104.086
110.984
117.073
121.995
125.562
128.107
130.12
131.848
133.177
133.869
133.847
133.211
132.117
130.708
129.098
127.365
125.561
123.713
121.837
119.943
118.039
116.138
114.245
112.362
110.487
108.615
106.741
104.86
102.963
257.273
256.363
255.443
254.517
253.589
252.654
251.708
250.745
249.761
248.746
247.694
246.593
245.435
244.209
242.906
241.515
240.034
238.461
236.8
235.057
233.244
231.374
229.463
227.525
225.574
223.62
221.673
219.741
217.831
215.95
214.106
212.31
210.571
208.9
207.305
205.8
204.391
203.09
201.905
200.845
199.917
199.123
198.47
197.962
197.598
197.369
197.271
197.304
197.463
197.739
198.115
198.571
199.094
199.67
200.281
200.911
201.543
202.166
202.769
203.341
203.869
204.344
204.756
205.099
205.369
205.566
205.687
205.728
205.687
205.562
205.351
205.057
204.678
204.216
203.673
203.051
202.354
201.587
200.754
199.86
198.911
197.914
196.873
195.794
194.683
193.547
192.394
191.233
190.073
188.923
187.793
186.689
185.618
184.587
183.603
182.675
181.811
181.013
180.282
179.616
179.013
178.474
178.005
177.616
177.319
177.121
177.025
177.031
177.132
177.316
177.556
177.808
178.018
178.136
178.128
177.961
177.59
176.982
176.146
175.078
173.832
172.827
172.69
173.692
175.439
177.266
178.688
179.529
179.819
179.474
178.193
174.414
167.892
156.558
139.944
125.161
113.777
100.235
86.1451
74.1076
63.6424
56.8777
54.6789
55.7597
59.8603
65.9348
72.1184
78.1094
84.2974
91.2071
98.8053
106.378
113.266
119.008
123.455
126.761
129.316
131.419
133.117
134.255
134.702
134.478
133.702
132.516
131.049
129.398
127.632
125.797
123.92
122.016
120.098
118.179
116.267
114.367
112.479
110.602
108.731
106.862
104.988
103.1
257.084
256.166
255.234
254.293
253.343
252.382
251.406
250.411
249.392
248.343
247.258
246.13
244.954
243.723
242.43
241.073
239.648
238.157
236.602
234.989
233.324
231.618
229.879
228.119
226.346
224.57
222.798
221.037
219.293
217.573
215.883
214.227
212.615
211.063
209.581
208.174
206.851
205.62
204.491
203.469
202.56
201.769
201.1
200.551
200.122
199.814
199.627
199.556
199.59
199.718
199.932
200.224
200.58
200.985
201.426
201.887
202.358
202.826
203.281
203.71
204.105
204.454
204.75
204.99
205.17
205.288
205.342
205.329
205.245
205.09
204.861
204.557
204.177
203.72
203.187
202.581
201.907
201.169
200.372
199.521
198.622
197.683
196.707
195.698
194.66
193.598
192.521
191.436
190.352
189.279
188.225
187.195
186.196
185.231
184.308
183.435
182.616
181.855
181.151
180.503
179.907
179.366
178.884
178.473
178.144
177.91
177.781
177.763
177.859
178.065
178.352
178.662
178.925
179.086
179.109
178.947
178.529
177.81
176.755
175.23
173.203
171.4
170.892
172.13
174.396
176.638
178.277
179.212
179.544
179.294
178.078
174.314
166.987
154.395
138.477
125.769
115.439
103.942
92.2339
81.0554
70.621
63.227
59.8524
59.7729
63.0331
68.4553
74.2909
80.1731
86.4482
93.5842
101.373
108.925
115.51
120.812
124.938
128.148
130.738
132.821
134.355
135.239
135.445
135.038
134.139
132.876
131.358
129.668
127.869
126.004
124.098
122.169
120.233
118.301
116.381
114.475
112.584
110.706
108.838
106.975
105.111
103.234
256.837
255.903
254.956
253.998
253.029
252.045
251.045
250.025
248.982
247.913
246.813
245.68
244.509
243.295
242.037
240.731
239.377
237.975
236.527
235.036
233.509
231.949
230.365
228.763
227.149
225.53
223.914
222.305
220.712
219.139
217.594
216.085
214.619
213.202
211.838
210.537
209.305
208.149
207.075
206.088
205.192
204.392
203.69
203.089
202.591
202.198
201.905
201.71
201.61
201.601
201.675
201.819
202.02
202.266
202.544
202.842
203.152
203.464
203.771
204.063
204.331
204.564
204.756
204.9
204.992
205.032
205.017
204.946
204.817
204.629
204.38
204.068
203.69
203.243
202.726
202.142
201.496
200.791
200.034
199.228
198.38
197.497
196.582
195.638
194.667
193.674
192.667
191.655
190.646
189.648
188.667
187.709
186.779
185.881
185.02
184.201
183.428
182.702
182.023
181.388
180.795
180.245
179.742
179.297
178.923
178.637
178.457
178.404
178.498
178.745
179.111
179.52
179.881
180.129
180.229
180.104
179.658
178.818
177.433
175.122
171.832
168.88
167.913
169.504
172.417
175.083
176.871
177.784
177.963
177.497
176.048
171.163
161.267
147.384
134.277
125.132
116.872
108.026
98.9007
89.1477
79.5648
71.9734
67.4768
66.1507
68.0127
72.2838
77.4726
83.1795
89.5508
96.7596
104.351
111.496
117.602
122.538
126.496
129.678
132.22
134.149
135.446
136.077
136.071
135.514
134.517
133.19
131.627
129.902
128.072
126.179
124.248
122.298
120.347
118.405
116.477
114.567
112.674
110.796
108.932
107.076
105.224
103.36
256.555
255.621
254.671
253.707
252.729
251.735
250.723
249.691
248.639
247.564
246.463
245.336
244.18
242.993
241.775
240.525
239.242
237.927
236.581
235.208
233.81
232.39
230.953
229.503
228.044
226.581
225.119
223.663
222.218
220.788
219.377
217.993
216.642
215.327
214.054
212.83
211.662
210.556
209.517
208.55
207.661
206.852
206.128
205.49
204.939
204.475
204.098
203.808
203.6
203.468
203.405
203.401
203.447
203.532
203.649
203.789
203.946
204.111
204.276
204.435
204.576
204.694
204.78
204.829
204.838
204.804
204.726
204.6
204.426
204.202
203.927
203.601
203.221
202.785
202.291
201.737
201.126
200.461
199.748
198.99
198.193
197.361
196.5
195.613
194.704
193.777
192.838
191.897
190.961
190.036
189.129
188.244
187.384
186.553
185.753
184.989
184.265
183.578
182.924
182.301
181.704
181.132
180.588
180.085
179.638
179.271
179.011
178.902
178.996
179.321
179.826
180.396
180.915
181.319
181.567
181.555
181.178
180.299
178.47
174.958
169.898
165.609
164.239
166.222
169.636
172.697
174.526
175.173
175.011
173.912
171.607
163.889
149.256
133.091
124.333
121.837
118.377
112.808
106.124
98.124
89.6661
82.2839
77.0846
74.679
75.1344
77.9979
82.2238
87.4592
93.5635
100.407
107.458
114.012
119.65
124.334
128.163
131.235
133.616
135.326
136.374
136.779
136.6
135.924
134.849
133.467
131.864
130.106
128.249
126.33
124.377
122.41
120.446
118.494
116.56
114.645
112.75
110.873
109.014
107.166
105.326
103.477
256.238
255.3
254.348
253.383
252.405
251.412
250.402
249.377
248.334
247.272
246.191
245.09
243.968
242.825
241.66
240.472
239.263
238.033
236.783
235.514
234.23
232.932
231.624
230.308
228.987
227.665
226.344
225.026
223.716
222.418
221.136
219.872
218.628
217.409
216.219
215.065
213.952
212.884
211.868
210.907
210.008
209.173
208.406
207.71
207.086
206.536
206.062
205.663
205.339
205.084
204.896
204.765
204.683
204.641
204.63
204.642
204.671
204.712
204.758
204.8
204.831
204.844
204.833
204.794
204.725
204.623
204.486
204.312
204.098
203.842
203.544
203.202
202.815
202.382
201.901
201.372
200.794
200.17
199.503
198.795
198.05
197.269
196.459
195.625
194.771
193.903
193.027
192.151
191.283
190.429
189.593
188.78
187.992
187.232
186.501
185.802
185.136
184.497
183.879
183.27
182.663
182.05
181.433
180.828
180.254
179.746
179.345
179.129
179.226
179.704
180.464
181.296
182.041
182.657
183.101
183.294
183.194
182.56
180.529
175.993
169.465
164.262
162.634
164.616
167.8
170.389
171.686
171.788
170.936
168.671
164.716
152.813
130.043
111.031
108.148
116.755
121.325
119.275
114.302
107.816
100.241
93.1106
87.4227
84.064
83.223
84.8201
87.991
92.4723
97.9853
104.199
110.58
116.544
121.775
126.196
129.814
132.684
134.846
136.329
137.152
137.372
137.057
136.286
135.144
133.715
132.076
130.289
128.406
126.463
124.49
122.508
120.531
118.57
116.63
114.711
112.815
110.94
109.086
107.246
105.42
103.586
255.978
255.054
254.114
253.159
252.192
251.212
250.22
249.213
248.19
247.152
246.098
245.026
243.938
242.832
241.71
240.572
239.417
238.247
237.063
235.867
234.659
233.441
232.216
230.986
229.753
228.518
227.287
226.06
224.84
223.63
222.433
221.252
220.088
218.943
217.821
216.723
215.651
214.61
213.603
212.634
211.709
210.831
210.006
209.241
208.543
207.917
207.367
206.895
206.498
206.171
205.907
205.697
205.533
205.406
205.309
205.235
205.177
205.127
205.081
205.034
204.981
204.917
204.838
204.741
204.623
204.479
204.308
204.106
203.871
203.602
203.295
202.947
202.555
202.122
201.647
201.132
200.576
199.981
199.347
198.676
197.968
197.227
196.458
195.666
194.855
194.029
193.198
192.37
191.553
190.752
189.972
189.217
188.487
187.786
187.115
186.476
185.868
185.283
184.708
184.123
183.511
182.854
182.155
181.423
180.664
179.917
179.237
178.799
178.888
179.638
180.804
181.988
182.978
183.759
184.336
184.739
184.996
184.67
182.781
178.422
172.236
167.226
165.217
166.187
168.08
169.459
169.794
169.105
167.458
164.163
158.101
144.048
116.328
94.7089
96.9839
115.698
127.501
127.403
122.331
116.199
109.041
102.032
96.1433
92.1606
90.6856
91.0186
93.2714
97.0081
101.904
107.496
113.284
118.757
123.622
127.761
131.148
133.808
135.774
137.075
137.734
137.826
137.417
136.578
135.387
133.922
132.253
130.442
128.536
126.572
124.582
122.586
120.6
118.631
116.685
114.764
112.868
110.994
109.146
107.313
105.502
103.684
255.787
254.866
253.931
252.985
252.029
251.064
250.084
249.09
248.083
247.063
246.028
244.98
243.918
242.842
241.753
240.651
239.538
238.414
237.28
236.136
234.984
233.825
232.66
231.49
230.318
229.147
227.98
226.813
225.652
224.498
223.355
222.224
221.106
220
218.909
217.832
216.772
215.73
214.71
213.715
212.751
211.825
210.944
210.118
209.357
208.67
208.066
207.548
207.115
206.76
206.471
206.236
206.042
205.878
205.736
205.612
205.5
205.394
205.289
205.183
205.073
204.956
204.829
204.69
204.539
204.372
204.186
203.976
203.737
203.463
203.15
202.794
202.399
201.968
201.504
201.006
200.472
199.9
199.29
198.643
197.959
197.242
196.496
195.724
194.932
194.129
193.322
192.522
191.736
190.97
190.229
189.517
188.836
188.188
187.572
186.988
186.435
185.903
185.373
184.817
184.21
183.523
182.766
181.929
180.978
179.919
178.759
177.919
178
179.171
180.849
182.398
183.596
184.462
185.089
185.609
185.957
185.569
183.767
180.189
175.395
171.186
168.901
168.853
169.216
169.325
168.795
167.471
165.236
161.351
154.604
140.144
113.735
92.8005
97.3649
120.29
135.284
135.391
129.218
122.528
115.404
108.357
102.347
97.9717
95.8354
95.5639
97.2117
100.404
104.825
109.94
115.284
120.391
124.973
128.887
132.093
134.595
136.42
137.598
138.15
138.162
137.691
136.805
135.579
134.086
132.395
130.563
128.638
126.658
124.654
122.647
120.653
118.678
116.729
114.805
112.909
111.038
109.196
107.371
105.576
103.774
255.655
254.742
253.816
252.879
251.932
250.975
250.005
249.023
248.031
247.026
246.01
244.981
243.94
242.888
241.825
240.752
239.669
238.576
237.476
236.369
235.256
234.138
233.017
231.894
230.768
229.642
228.517
227.4
226.29
225.187
224.091
223.003
221.921
220.848
219.782
218.723
217.671
216.627
215.587
214.554
213.531
212.529
211.563
210.65
209.81
209.057
208.403
207.854
207.409
207.055
206.776
206.549
206.356
206.182
206.019
205.86
205.705
205.553
205.406
205.261
205.114
204.964
204.805
204.638
204.461
204.272
204.069
203.85
203.612
203.346
203.042
202.692
202.302
201.876
201.42
200.931
200.411
199.859
199.271
198.646
197.983
197.283
196.551
195.791
195.009
194.214
193.417
192.631
191.865
191.129
190.425
189.755
189.121
188.519
187.949
187.414
186.915
186.445
185.977
185.478
184.894
184.178
183.376
182.444
181.283
179.823
177.89
176.376
176.47
178.315
180.691
182.659
184.008
184.905
185.549
186.088
186.362
185.829
184.066
181.018
177.186
173.71
171.432
170.61
170.05
169.346
168.219
166.47
163.869
159.758
153.014
140.164
117.815
99.5182
103.701
127.47
143.745
142.914
135.1
127.649
120.288
113.079
106.896
102.243
99.6085
98.9038
100.109
102.916
106.966
111.728
116.745
121.581
125.953
129.702
132.776
135.166
136.894
137.99
138.47
138.426
137.909
136.986
135.732
134.217
132.508
130.659
128.718
126.724
124.71
122.695
120.694
118.715
116.762
114.837
112.943
111.073
109.237
107.42
105.642
103.855
255.569
254.664
253.746
252.816
251.877
250.93
249.967
248.994
248.01
247.016
246.011
244.996
243.97
242.935
241.89
240.836
239.773
238.703
237.625
236.541
235.453
234.361
233.267
232.173
231.083
229.996
228.912
227.833
226.761
225.697
224.642
223.593
222.549
221.508
220.469
219.428
218.382
217.328
216.264
215.188
214.101
213.013
211.943
210.92
209.979
209.15
208.454
207.897
207.47
207.15
206.909
206.716
206.545
206.378
206.209
206.033
205.849
205.661
205.476
205.297
205.122
204.948
204.773
204.596
204.415
204.221
204.006
203.768
203.512
203.235
202.928
202.585
202.209
201.808
201.378
200.915
200.415
199.877
199.301
198.685
198.03
197.338
196.612
195.856
195.074
194.277
193.478
192.695
191.942
191.228
190.555
189.923
189.328
188.766
188.236
187.747
187.308
186.91
186.521
186.097
185.543
184.828
184.039
183.055
181.681
179.58
176.425
174.035
174.266
177.067
180.346
182.825
184.329
185.225
185.804
186.265
186.415
185.717
183.931
181.269
178.157
175.227
173.014
171.673
170.577
169.375
167.883
165.877
163.089
158.993
152.631
142.07
124.542
109.072
112.908
134.984
151.35
149.378
139.756
131.684
124.117
116.722
110.305
105.351
102.331
101.294
102.18
104.716
108.487
113.002
117.789
122.435
126.658
130.293
133.274
135.588
137.249
138.288
138.714
138.629
138.077
137.127
135.852
134.321
132.597
130.734
128.78
126.775
124.752
122.731
120.725
118.743
116.789
114.863
112.969
111.102
109.271
107.461
105.699
103.927
255.5
254.596
253.682
252.757
251.821
250.872
249.916
248.95
247.973
246.985
245.988
244.981
243.967
242.944
241.913
240.876
239.832
238.784
237.729
236.671
235.609
234.545
233.48
232.415
231.349
230.286
229.23
228.184
227.149
226.124
225.108
224.1
223.096
222.094
221.089
220.075
219.044
217.986
216.888
215.746
214.561
213.346
212.131
210.96
209.89
208.976
208.252
207.724
207.364
207.126
206.958
206.817
206.676
206.517
206.336
206.138
205.931
205.722
205.516
205.318
205.127
204.938
204.747
204.552
204.353
204.146
203.925
203.689
203.437
203.164
202.863
202.527
202.162
201.77
201.347
200.891
200.405
199.89
199.34
198.744
198.102
197.419
196.696
195.936
195.142
194.329
193.517
192.73
191.986
191.292
190.651
190.053
189.486
188.946
188.441
187.993
187.622
187.314
187.028
186.685
186.119
185.44
184.795
183.917
182.443
179.328
174.065
170.574
171.35
175.555
179.948
182.974
184.627
185.49
185.935
186.257
186.234
185.312
183.493
181.185
178.67
176.165
174.01
172.367
170.895
169.415
167.699
165.538
162.676
158.692
152.865
144.296
130.932
119.028
122.036
141.268
156.729
154.126
143.202
134.689
127.153
119.608
112.935
107.652
104.332
103.015
103.677
106.003
109.572
113.912
118.539
123.051
127.167
130.723
133.639
135.898
137.511
138.509
138.897
138.781
138.203
137.234
135.945
134.402
132.666
130.791
128.825
126.812
124.783
122.758
120.749
118.764
116.809
114.883
112.989
111.125
109.299
107.497
105.748
103.99
255.451
254.561
253.658
252.74
251.81
250.867
249.913
248.949
247.974
246.99
245.997
244.995
243.986
242.969
241.946
240.918
239.885
238.849
237.812
236.771
235.727
234.681
233.634
232.587
231.542
230.502
229.471
228.453
227.447
226.453
225.469
224.491
223.519
222.551
221.582
220.605
219.606
218.565
217.46
216.267
214.976
213.608
212.206
210.839
209.596
208.571
207.822
207.351
207.104
206.999
206.949
206.891
206.798
206.658
206.467
206.234
205.981
205.731
205.501
205.294
205.102
204.915
204.723
204.523
204.31
204.085
203.851
203.609
203.36
203.094
202.804
202.487
202.146
201.775
201.366
200.919
200.439
199.931
199.389
198.805
198.173
197.497
196.776
196.009
195.199
194.362
193.529
192.733
191.995
191.321
190.707
190.135
189.589
189.067
188.584
188.179
187.878
187.676
187.529
187.265
186.622
185.978
185.588
185.052
183.811
179.554
171.417
166.508
168.007
173.941
179.557
183.184
184.963
185.723
185.983
186.128
185.967
184.885
182.998
180.987
178.94
176.775
174.693
172.875
171.181
169.479
167.611
165.355
162.475
158.612
153.284
146.068
135.845
126.538
129.34
145.726
159.6
156.673
145.312
136.81
129.627
121.913
114.979
109.36
105.788
104.247
104.75
106.916
110.345
114.554
119.072
123.49
127.53
131.03
133.9
136.12
137.699
138.667
139.029
138.892
138.297
137.315
136.015
134.462
132.716
130.831
128.858
126.839
124.806
122.778
120.767
118.78
116.824
114.898
113.005
111.144
109.321
107.527
105.788
104.042
255.417
254.523
253.617
252.701
251.774
250.835
249.886
248.925
247.953
246.971
245.981
244.983
243.978
242.968
241.954
240.936
239.915
238.892
237.865
236.837
235.807
234.775
233.742
232.712
231.685
230.664
229.654
228.659
227.679
226.716
225.767
224.829
223.901
222.979
222.058
221.128
220.171
219.163
218.065
216.827
215.414
213.843
212.189
210.565
209.108
207.959
207.201
206.829
206.749
206.821
206.917
206.959
206.922
206.806
206.614
206.359
206.067
205.769
205.493
205.255
205.05
204.856
204.655
204.441
204.214
203.984
203.76
203.542
203.317
203.068
202.781
202.46
202.115
201.75
201.358
200.931
200.474
199.987
199.463
198.893
198.275
197.608
196.887
196.108
195.271
194.396
193.525
192.705
191.969
191.322
190.747
190.205
189.679
189.157
188.67
188.291
188.051
187.989
188.031
187.802
187.015
186.368
186.25
186.239
185.449
180.384
170.214
164.334
166.096
172.93
179.31
183.396
185.288
185.908
185.959
186
185.789
184.638
182.743
180.886
179.079
177.125
175.121
173.225
171.395
169.539
167.574
165.26
162.383
158.624
153.667
147.295
139.295
132.143
134.92
148.52
160.174
157.015
145.95
138.198
131.8
123.821
116.565
110.616
106.812
105.104
105.492
107.549
110.878
114.993
119.44
123.793
127.781
131.241
134.081
136.275
137.831
138.778
139.125
138.973
138.366
137.375
136.066
134.506
132.752
130.859
128.88
126.858
124.823
122.793
120.78
118.792
116.835
114.909
113.017
111.158
109.338
107.551
105.819
104.083
255.402
254.516
253.617
252.705
251.781
250.843
249.893
248.931
247.958
246.975
245.984
244.985
243.981
242.973
241.962
240.95
239.937
238.923
237.906
236.888
235.867
234.845
233.823
232.801
231.784
230.776
229.781
228.802
227.843
226.904
225.986
225.085
224.202
223.332
222.472
221.609
220.721
219.768
218.693
217.413
215.861
214.042
212.046
210.08
208.39
207.144
206.419
206.182
206.299
206.584
206.86
207.03
207.065
206.959
206.732
206.425
206.09
205.766
205.478
205.238
205.032
204.832
204.622
204.394
204.151
203.906
203.678
203.47
203.264
203.035
202.766
202.465
202.131
201.769
201.377
200.958
200.511
200.037
199.524
198.966
198.358
197.699
196.983
196.196
195.332
194.417
193.509
192.664
191.922
191.296
190.753
190.24
189.732
189.211
188.719
188.342
188.152
188.244
188.494
188.201
187.175
186.6
186.526
186.934
186.649
181.088
170.283
164.158
165.849
172.819
179.383
183.602
185.473
185.986
185.975
186.014
185.801
184.622
182.741
180.898
179.143
177.262
175.308
173.398
171.511
169.622
167.553
165.207
162.342
158.658
153.952
148.077
141.482
135.791
138.797
150.156
159.218
155.711
145.507
139.104
133.842
125.594
117.788
111.544
107.51
105.683
105.985
107.972
111.232
115.286
119.683
123.994
127.948
131.382
134.202
136.38
137.92
138.851
139.194
139.03
138.414
137.416
136.101
134.534
132.775
130.878
128.895
126.87
124.834
122.803
120.789
118.801
116.842
114.917
113.025
111.169
109.35
107.568
105.84
104.112
255.387
254.501
253.603
252.692
251.768
250.83
249.88
248.917
247.942
246.958
245.966
244.968
243.968
242.965
241.962
240.958
239.953
238.947
237.94
236.93
235.918
234.903
233.886
232.87
231.859
230.859
229.874
228.909
227.968
227.051
226.156
225.283
224.432
223.604
222.8
222.015
221.23
220.396
219.411
218.13
216.46
214.35
211.858
209.395
207.402
206.127
205.58
205.596
205.953
206.411
206.818
207.102
207.222
207.156
206.903
206.53
206.109
205.71
205.387
205.153
204.974
204.793
204.579
204.332
204.066
203.815
203.602
203.424
203.247
203.034
202.765
202.444
202.101
201.745
201.372
200.974
200.554
200.1
199.606
199.056
198.459
197.809
197.091
196.286
195.384
194.42
193.471
192.609
191.877
191.282
190.771
190.281
189.775
189.22
188.718
188.308
188.167
188.539
188.939
188.522
187.098
186.559
186.782
186.595
186.116
181.614
171.086
164.968
166.423
173.129
179.574
183.734
185.572
186.049
186.053
186.134
185.912
184.689
182.803
180.925
179.153
177.29
175.348
173.429
171.529
169.603
167.528
165.17
162.319
158.686
154.144
148.55
142.723
137.941
141.375
151.276
157.605
154.247
144.676
139.869
135.735
127.299
118.743
112.22
107.97
106.063
106.303
108.244
111.457
115.473
119.837
124.123
128.054
131.472
134.28
136.446
137.978
138.899
139.238
139.066
138.445
137.441
136.122
134.551
132.789
130.889
128.904
126.878
124.841
122.81
120.795
118.806
116.847
114.922
113.03
111.175
109.356
107.577
105.852
104.129
255.383
254.506
253.615
252.709
251.788
250.852
249.901
248.935
247.954
246.962
245.961
244.955
243.948
242.943
241.942
240.944
239.948
238.953
237.957
236.959
235.957
234.95
233.939
232.927
231.917
230.918
229.937
228.983
228.061
227.171
226.31
225.472
224.656
223.866
223.107
222.385
221.698
221.011
220.176
218.962
217.244
214.887
211.889
208.749
206.232
204.784
204.42
204.894
205.669
206.398
206.931
207.254
207.37
207.277
207.005
206.614
206.174
205.749
205.4
205.145
204.958
204.782
204.583
204.338
204.059
203.782
203.551
203.372
203.212
203.02
202.777
202.479
202.143
201.779
201.392
200.989
200.565
200.112
199.618
199.082
198.498
197.862
197.154
196.343
195.417
194.417
193.434
192.556
191.829
191.259
190.773
190.3
189.804
189.23
188.692
188.246
188.049
188.504
189.075
188.647
187.179
186.426
186.528
186.525
185.997
182.028
172.153
166.136
167.286
173.549
179.724
183.792
185.599
186.104
186.206
186.318
186.037
184.769
182.858
180.925
179.104
177.238
175.313
173.406
171.506
169.579
167.501
165.144
162.304
158.699
154.256
148.815
143.348
139.177
143.055
152.202
156.344
153.843
144.95
140.582
137.105
128.747
119.512
112.69
108.263
106.312
106.499
108.406
111.588
115.583
119.926
124.197
128.114
131.522
134.324
136.484
138.01
138.925
139.262
139.085
138.461
137.454
136.133
134.56
132.795
130.893
128.907
126.881
124.845
122.814
120.798
118.808
116.849
114.924
113.033
111.177
109.359
107.581
105.856
104.137
255.383
254.502
253.608
252.699
251.777
250.841
249.891
248.926
247.947
246.956
245.956
244.952
243.946
242.943
241.943
240.947
239.953
238.961
237.967
236.972
235.973
234.969
233.961
232.951
231.945
230.949
229.972
229.022
228.103
227.217
226.359
225.529
224.726
223.954
223.222
222.538
221.892
221.243
220.436
219.271
217.601
215.233
212.229
209.121
206.509
204.93
204.443
204.771
205.53
206.295
206.881
207.246
207.373
207.273
206.989
206.589
206.148
205.74
205.408
205.158
204.96
204.775
204.564
204.318
204.048
203.787
203.569
203.391
203.223
203.025
202.773
202.468
202.128
201.768
201.39
200.991
200.572
200.122
199.631
199.093
198.508
197.869
197.157
196.348
195.428
194.431
193.448
192.568
191.838
191.261
190.772
190.298
189.796
189.24
188.704
188.254
188.12
188.524
188.957
188.565
187.21
186.548
186.662
186.467
185.811
182.14
172.766
166.938
167.866
173.817
179.794
183.799
185.617
186.137
186.275
186.381
186.069
184.805
182.9
180.938
179.096
177.219
175.293
173.393
171.502
169.575
167.495
165.135
162.299
158.707
154.299
148.936
143.621
139.92
143.906
152.765
156.049
154.32
145.573
140.647
137.394
129.271
119.972
112.912
108.418
106.417
106.585
108.472
111.644
115.626
119.962
124.225
128.137
131.54
134.339
136.497
138.021
138.934
139.27
139.091
138.465
137.458
136.136
134.563
132.797
130.895
128.908
126.881
124.844
122.812
120.797
118.808
116.849
114.924
113.033
111.177
109.359
107.581
105.857
104.138
100.844
99.3021
97.4831
95.4583
93.2695
90.9318
88.4448
85.8032
83.0051
80.0491
76.9295
73.6345
70.1505
66.4599
62.5443
58.3839
53.9647
49.2578
44.238
38.8554
33.0853
26.8534
20.1749
12.8618
5.01047
100.789
99.2026
97.3608
95.3392
93.1567
90.8221
88.3357
85.6942
82.8963
79.9416
76.8235
73.5297
70.047
66.3569
62.4412
58.2804
53.8598
49.15
44.1264
38.7385
32.9666
26.7323
20.0523
12.7349
4.87198
100.59
99.0125
97.1917
95.1868
93.0206
90.6985
88.2208
85.586
82.7945
79.8444
76.7294
73.4381
69.9581
66.2695
62.3548
58.1944
53.7735
49.0624
44.037
38.6469
32.8752
26.6447
19.9654
12.6432
4.78004
100.432
98.8537
97.0522
95.0576
92.8984
90.582
88.1085
85.4775
82.6901
79.7444
76.6325
73.3424
69.8629
66.1743
62.2594
58.0988
53.6773
48.9649
43.9373
38.5452
32.7725
26.5384
19.861
12.544
4.68136
100.299
98.6985
96.904
94.9197
92.768
90.4582
87.9914
85.3675
82.5874
79.6488
76.5428
73.2554
69.7783
66.0901
62.1759
58.0158
53.5944
48.8815
43.8535
38.4609
32.6888
26.4605
19.7775
12.463
4.61247
100.175
98.5496
96.7593
94.7896
92.6473
90.3422
87.8798
85.2618
82.4891
79.558
76.4585
73.1764
69.6966
66.0074
62.0921
57.9313
53.5091
48.7946
43.7641
38.3689
32.5961
26.3594
19.6816
12.3778
4.53303
100.061
98.4119
96.6201
94.661
92.5263
90.2248
87.7666
85.1554
82.3912
79.4688
76.3761
73.0972
69.6187
65.9287
62.0128
57.8522
53.4301
48.7151
43.6839
38.2887
32.516
26.2892
19.6124
12.3086
4.4819
99.9569
98.2869
96.4883
94.536
92.4092
90.1121
87.658
85.0533
82.2975
79.384
76.2984
73.0238
69.5459
65.8551
61.9386
57.7779
53.3551
48.6389
43.6057
38.2084
32.4356
26.2052
19.5306
12.236
4.42001
99.8639
98.1758
96.3686
94.419
92.2985
90.0056
87.5553
84.9566
82.2088
79.3029
76.223
72.9517
69.4754
65.7843
61.8677
57.707
53.2837
48.5664
43.5318
38.1342
32.3616
26.1363
19.4658
12.1758
4.38023
99.7807
98.0784
96.2623
94.3118
92.1956
89.907
87.4603
84.8666
82.1254
79.2258
76.1509
72.8831
69.4087
65.7179
61.801
57.6403
53.2166
48.4983
43.4623
38.0639
32.2912
26.0662
19.3978
12.1158
4.3355
99.7077
97.9938
96.1694
94.2153
92.1012
89.8161
87.372
84.7819
82.0461
79.1521
76.0817
72.8173
69.3452
65.655
61.7382
57.5774
53.1531
48.4337
43.3963
37.9972
32.225
26.0026
19.3383
12.0633
4.30431
99.6425
97.9196
96.0877
94.1283
92.0138
89.7309
87.2891
84.7018
81.9705
79.0813
76.0152
72.7546
69.2853
65.5963
61.6794
57.5182
53.0933
48.3728
43.334
37.9345
32.1626
25.9422
19.2815
12.0143
4.27333
99.5858
97.8555
96.016
94.0499
91.9329
89.6513
87.2116
84.6269
81.8991
79.0137
75.9514
72.6946
69.2284
65.5408
61.6241
57.4626
53.0371
48.3155
43.2755
37.8755
32.1043
25.8861
19.2292
11.9697
4.24907
99.5365
97.7996
95.9526
93.9793
91.8586
89.5775
87.1401
84.5579
81.8326
78.9498
75.8902
72.6368
69.1741
65.4884
61.5721
57.4106
52.9844
48.2618
43.2207
37.8206
32.0494
25.8338
19.1809
11.9292
4.22739
99.4951
97.7514
95.897
93.9164
91.7915
89.5103
87.0752
84.4956
81.7721
78.8905
75.8324
72.5816
69.122
65.4386
61.5233
57.3621
52.9358
48.2118
43.1697
37.7695
31.9993
25.7857
19.1366
11.8923
4.20879
99.462
97.7108
95.8487
93.8611
91.732
89.4502
87.017
84.4398
81.7176
78.8363
75.7787
72.5294
69.0723
65.3912
61.4775
57.317
52.8905
48.1656
43.1227
37.7223
31.9535
25.7417
19.0962
11.8589
4.19245
99.4376
97.6778
95.8078
93.8134
91.6802
89.3975
86.9655
84.3902
81.6691
78.7876
75.7295
72.4807
69.0253
65.3464
61.4346
57.2755
52.849
48.1232
43.0796
37.6797
31.912
25.7018
19.0596
11.8289
4.17801
99.422
97.6528
95.7747
93.7736
91.6363
89.3523
86.9206
84.3465
81.6261
78.7441
75.6852
72.436
68.9814
65.3043
61.3949
57.2376
52.8113
48.0847
43.0407
37.6413
31.8748
25.6661
19.0267
11.8021
4.16526
99.415
97.6359
95.7494
93.7419
91.6007
89.3145
86.8823
84.3085
81.5883
78.7056
75.6455
72.3955
68.941
65.2656
61.3587
57.2034
52.7775
48.0503
43.006
37.6073
31.842
25.6343
18.9974
11.7783
4.15407
99.4163
97.6273
95.7322
93.7183
91.5729
89.2846
86.8511
84.2766
81.5557
78.672
75.6106
72.3595
68.9047
65.2307
61.3263
57.173
52.7475
48.0198
42.9755
37.5778
31.8134
25.6066
18.9716
11.7574
4.14432
99.4255
97.6267
95.723
93.7027
91.5532
89.2626
86.8273
84.2512
81.5286
78.6433
75.5804
72.328
68.8728
65.2001
61.298
57.1465
52.7213
47.9933
42.9492
37.5526
31.7891
25.5827
18.9493
11.7393
4.13496
99.4425
97.6341
95.7217
93.6952
91.5418
89.2487
86.8113
84.2327
81.5074
78.6198
75.5551
72.3013
68.8455
65.1739
61.2739
57.1238
52.6988
47.9706
42.9273
37.5319
31.7691
25.5628
18.9302
11.7238
4.12801
99.4669
97.6491
95.7281
93.6957
91.5381
89.2423
86.8026
84.2209
81.4922
78.6017
75.5349
72.2794
68.823
65.1523
61.2541
57.1049
52.68
47.9519
42.9096
37.5156
31.7533
25.5468
18.9145
11.7108
4.1223
99.4981
97.6714
95.7421
93.7036
91.5416
89.2425
86.8
84.2151
81.4828
78.5891
75.52
72.2625
68.8053
65.1354
61.2386
57.0899
52.6649
47.9371
42.8961
37.5037
31.7419
25.5346
18.902
11.7005
4.11756
99.5357
97.7003
95.7645
93.7183
91.5512
89.2482
86.8028
84.2148
81.4789
78.582
75.5103
72.2506
68.7924
65.1232
61.2273
57.0789
52.6536
47.9263
42.8868
37.4961
31.7346
25.5265
18.8929
11.6927
4.11364
99.5792
97.7353
95.7916
93.7389
91.566
89.2587
86.8103
84.2193
81.4802
78.5803
75.5058
72.2438
68.7844
65.1156
61.2204
57.0719
52.6463
47.9198
42.8818
37.4927
31.7314
25.5222
18.8871
11.6875
4.1105
99.6281
97.7758
95.8242
93.7646
91.5854
89.2735
86.8221
84.2286
81.4865
78.5838
75.5064
72.2419
68.7812
65.1125
61.2177
57.0689
52.6429
47.9172
42.8809
37.4933
31.7322
25.5218
18.8848
11.6851
4.10815
99.6877
97.8262
95.8658
93.7982
91.6117
89.2944
86.8397
84.2438
81.499
78.5932
75.5126
72.2452
68.783
65.1142
61.2194
57.07
52.6437
47.9189
42.8844
37.4981
31.737
25.5255
18.886
11.6854
4.10654
99.7598
97.8884
95.9185
93.8416
91.6468
89.3237
86.8656
84.267
81.5195
78.6104
75.5261
72.2557
68.7919
65.1225
61.2273
57.077
52.6505
47.9268
42.8939
37.5085
31.7472
25.5344
18.8921
11.6896
4.10626
99.8386
97.9575
95.978
93.8916
91.6886
89.36
86.8986
84.2973
81.5467
78.6341
75.5462
72.2729
68.8075
65.1373
61.2411
57.0898
52.6632
47.9405
42.9089
37.5238
31.7619
25.5481
18.903
11.6978
4.10764
99.9236
98.0332
96.0443
93.9487
91.738
89.4041
86.939
84.3345
81.5804
78.664
75.5725
72.2965
68.8296
65.1582
61.2606
57.1082
52.6818
47.9602
42.9293
37.5439
31.7811
25.5664
18.9187
11.7099
4.11084
100.015
98.1155
96.1175
94.0132
91.7955
89.4564
86.9872
84.3788
81.6204
78.6998
75.6047
72.3264
68.8581
65.1853
61.2858
57.1321
52.7061
47.9856
42.9551
37.5688
31.8048
25.5892
18.9389
11.7259
4.11603
100.111
98.2042
96.1978
94.0855
91.8615
89.517
87.043
84.4298
81.6666
78.7414
75.6428
72.3623
68.8926
65.2183
61.3167
57.1617
52.7361
48.0164
42.986
37.5985
31.8331
25.6167
18.9639
11.7458
4.12342
100.214
98.2994
96.2851
94.1659
91.9358
89.5858
87.1063
84.4877
81.7191
78.7891
75.6868
72.4042
68.9331
65.257
61.3533
57.197
52.7716
48.0526
43.022
37.633
31.8663
25.6491
18.9937
11.7697
4.1333
100.321
98.4008
96.3798
94.2544
92.0183
89.6622
87.1766
84.5521
81.7778
78.8428
75.7366
72.4519
68.9793
65.3013
61.3954
57.2378
52.8124
48.094
43.063
37.6726
31.9046
25.6864
19.0283
11.7975
4.14705
100.434
98.5086
96.4819
94.3508
92.1085
89.7457
87.2536
84.6227
81.8425
78.9024
75.7923
72.5053
69.031
65.3509
61.4429
57.284
52.8586
48.1404
43.109
37.7173
31.9481
25.729
19.0679
11.8295
4.16286
100.552
98.6229
96.5915
94.4549
92.2059
89.8359
87.3367
84.6992
81.9129
78.9668
75.8538
72.5643
69.0879
65.4055
61.4953
57.3354
52.9099
48.1919
43.1602
37.7674
31.9972
25.777
19.1126
11.8657
4.18165
100.675
98.7437
96.7084
94.566
92.3099
89.9324
87.4258
84.7813
81.9886
79.0375
75.9207
72.6286
69.1498
65.4649
61.5527
57.3919
52.9664
48.2486
43.2167
37.823
32.052
25.8306
19.1626
11.9064
4.20388
100.804
98.8708
96.8321
94.6838
92.4202
90.035
87.5209
84.8689
82.0694
79.1132
75.9927
72.698
69.2166
65.5291
61.615
57.4534
53.0281
48.3104
43.2785
37.8841
32.1126
25.8898
19.218
11.9521
4.23008
100.937
99.0042
96.9624
94.8078
92.5364
90.1434
87.6218
84.962
82.1553
79.1937
76.0696
72.7722
69.288
65.598
61.6822
57.5201
53.0949
48.3774
43.3456
37.9509
32.1788
25.9546
19.2789
12.0029
4.26077
101.075
99.144
97.0994
94.938
92.6584
90.2575
87.7283
85.0607
82.2464
79.279
76.1511
72.8507
69.3638
65.6716
61.7544
57.5919
53.1669
48.4497
43.4182
38.0233
32.2508
26.0249
19.3454
12.059
4.29681
101.219
99.2909
97.2434
95.0744
92.7859
90.377
87.8402
85.1648
82.3428
79.3694
76.237
72.9334
69.4438
65.7496
61.8314
57.6688
53.2443
48.5274
43.4962
38.1013
32.3283
26.1007
19.4177
12.1206
4.33909
101.363
99.4393
97.3886
95.2109
92.9128
90.4958
87.9515
85.2688
82.44
79.4608
76.3235
73.0166
69.5244
65.8287
61.9096
57.7474
53.3234
48.6069
43.5762
38.1811
32.4077
26.1787
19.4926
12.1856
4.38679
101.501
99.5824
97.5274
95.3397
93.0322
90.6074
88.0558
85.3664
82.5318
79.5477
76.4062
73.0961
69.6014
65.9042
61.9845
57.8228
53.3994
48.6836
43.6532
38.2582
32.4843
26.2538
19.5655
12.2498
4.4368
101.632
99.7201
97.6589
95.4601
93.1435
90.7111
88.1522
85.4564
82.6169
79.6291
76.4842
73.1713
69.6743
65.9756
62.0553
57.8941
53.4716
48.7565
43.7266
38.3316
32.5577
26.3257
19.6359
12.3129
4.48873
101.759
99.8531
97.7825
95.572
93.2468
90.8069
88.2406
85.539
82.6955
79.7046
76.5569
73.2418
69.7427
66.0427
62.1218
57.9612
53.5395
48.8251
43.7958
38.4011
32.6277
26.3938
19.703
12.3738
4.54105
101.882
99.9817
97.8977
95.676
93.3429
90.8953
88.3217
85.6148
82.7678
79.7744
76.6245
73.3074
69.8066
66.1054
62.1841
58.0239
53.603
48.8893
43.8607
38.4666
32.6942
26.459
19.7676
12.4334
4.59413
102.004
100.105
98.0045
95.7725
93.432
90.9764
88.3958
85.6843
82.8344
79.8388
76.6868
73.368
69.8658
66.1637
62.242
58.0822
53.662
48.9489
43.9211
38.5278
32.7558
26.5194
19.8281
12.49
4.64619
102.127
100.221
98.1029
95.8624
93.5147
91.0508
88.4636
85.7481
82.8956
79.8978
76.744
73.4237
69.9205
66.2178
62.296
58.1364
53.7168
49.0043
43.9775
38.5855
32.8148
26.5769
19.8892
12.545
4.69828
102.251
100.329
98.1938
95.9464
93.5909
91.1187
88.5258
85.8069
82.9519
79.9519
76.7963
73.4746
69.9705
66.2672
62.3455
58.1861
53.767
49.0552
44.0293
38.6384
32.8682
26.6292
19.9424
12.5959
4.74778
102.377
100.428
98.2786
96.025
93.6608
91.1806
88.5828
85.8607
83.0036
80.0016
76.8445
73.5219
70.0172
66.3136
62.3919
58.2326
53.814
49.1029
44.078
38.6889
32.9199
26.6793
19.9938
12.6456
4.79685
102.499
100.515
98.357
96.0975
93.724
91.2366
88.6348
85.9096
83.0502
80.046
76.8877
73.5641
70.0591
66.3551
62.4337
58.2745
53.8564
49.1459
44.1217
38.7339
32.9655
26.7236
20.0391
12.6906
4.84215
102.606
100.588
98.4279
96.1624
93.7798
91.2865
88.6817
85.9544
83.0935
80.0878
76.9286
73.6044
70.0992
66.3948
62.4736
58.3145
53.8968
49.187
44.1637
38.7777
33.0102
26.7668
20.0838
12.7351
4.8875
102.688
100.648
98.4892
96.2175
93.8273
91.3292
88.7221
85.9928
83.1308
80.1236
76.9638
73.6391
70.134
66.4293
62.5084
58.3494
53.9321
49.2231
44.2004
38.8159
33.049
26.8045
20.1227
12.7749
4.92806
102.743
100.695
98.5402
96.2637
93.869
91.3684
88.7599
86.0293
83.1664
80.158
76.9977
73.6725
70.1674
66.4624
62.5418
58.3829
53.9659
49.2577
44.2357
38.8535
33.0876
26.842
20.1615
12.8149
4.96911
102.778
100.732
98.5789
96.2985
93.9019
91.4
88.7905
86.0595
83.1962
80.1869
77.0264
73.7012
70.1966
66.4912
62.5712
58.4122
53.9957
49.2881
44.2666
38.886
33.1206
26.8747
20.1951
12.8501
5.00495
102.803
100.765
98.6132
96.3312
93.9342
91.4325
88.8214
86.0982
83.2268
80.2164
77.0566
73.7358
70.2342
66.5284
62.6095
58.4504
54.0345
49.3278
44.3063
38.9287
33.1633
26.9177
20.2392
12.9002
5.04707
)
;

boundaryField
{
    inlet
    {
        type            zeroGradient;
    }
    outlet
    {
        type            fixedValue;
        value           uniform 0;
    }
    upperWall
    {
        type            zeroGradient;
    }
    lowerWall
    {
        type            zeroGradient;
    }
    frontAndBack
    {
        type            empty;
    }
}


// ************************************************************************* //
