/*--------------------------------*- C++ -*----------------------------------*\
  =========                 |
  \\      /  F ield         | OpenFOAM: The Open Source CFD Toolbox
   \\    /   O peration     | Website:  https://openfoam.org
    \\  /    A nd           | Version:  9
     \\/     M anipulation  |
\*---------------------------------------------------------------------------*/
FoamFile
{
    format      ascii;
    class       volScalarField;
    location    "0.059";
    object      s;
}
// * * * * * * * * * * * * * * * * * * * * * * * * * * * * * * * * * * * * * //

dimensions      [0 0 0 0 0 0 0];

internalField   nonuniform List<scalar> 
12225
(
1
1
1
1
1
1
1
1
1
1
1
1
1
1
1
1
1
0.999966
1
1
1
1
1
1
1
1
1
1
1
1
1
1
1
1
1
0.999998
1
1
1
1
1
1
1
1
1
1
1
1
1
1
1
1
1
1
1
1
1
1
1
1
1
1
1
1
1
1
1
1
1
1
1
1
1
1
1
1
1
1
1
1
1
1
1
1
1
1
1
1
1
1
1
1
1
1
1
1
1
1
1
1
1
1
1
1
1
1
1
1
1
1
1
1
1
1
1
1
1
1
1
1
1
1
1
1
1
1
1
1
1
1
1
1
1
1
1
1
1
1
1
1
1
1
1
1
1
1
1
1
1
1
1
1
1
1
1
1
1
1
1
1
1
1
1
1
1
1
1
1
1
1
1
1
1
1
1
1
1
1
1
1
1
1
1
1
1
1
1
1
1
1
1
1
1
1
1
1
1
1
1
1
1
1
1
1
1
1
1
1
1
1
1
1
1
1
1
1
1
1
1
1
1
1
1
1
1
1
1
1
1
1
1
1
1
1
1
1
1
1
1
1
1
1
1
1
1
1
1
1
1
1
1
1
1
1
1
1
1
1
1
1
1
1
1
1
1
1
1
1
1
1
1
1
1
1
1
1
1
1
1
1
1
1
1
1
1
1
1
1
1
1
1
1
1
1
1
1
1
1
1
1
1
1
1
1
1
1
1
1
1
1
1
1
1
1
1
1
1
1
1
1
1
1
1
1
1
1
1
1
1
1
1
1
1
1
1
1
1
1
1
1
1
1
1
1
1
1
1
1
1
1
1
1
1
1
1
1
1
1
1
1
1
1
1
1
1
1
1
1
1
1
1
1
1
1
1
1
1
1
1
1
1
1
1
1
1
1
1
1
1
1
1
1
1
1
1
1
1
1
1
1
1
1
1
1
1
1
1
1
1
1
1
1
1
1
1
1
1
1
1
1
1
1
1
1
1
1
1
1
1
1
1
1
1
1
1
1
1
1
1
1
1
1
1
1
1
1
1
1
1
1
1
1
1
1
1
1
1
1
1
1
1
1
1
1
1
1
1
1
1
1
1
1
1
1
1
1
1
1
1
1
1
1
1
1
1
1
1
1
1
1
1
1
1
1
1
1
1
1
1
1
1
1
1
1
1
1
1
1
1
1
1
1
1
1
1
1
1
1
1
1
1
1
1
1
1
1
1
1
1
1
1
1
1
1
1
1
1
1
1
1
0.64929
0.643963
0.636145
0.629371
0.624864
0.624492
0.626046
0.631863
0.640278
0.646315
0.649098
0.649077
0.643517
0.629875
0.624254
0.628437
0.648432
0.653097
0.640804
0.600231
0.592143
0.577573
0.53681
0.600769
0.721317
0.747293
0.751502
0.751163
0.74698
0.738328
0.727093
0.716461
0.708535
0.702766
0.69766
0.693052
0.689602
0.6871
0.684862
0.683094
0.681814
0.680016
0.677287
0.67414
0.670508
0.666054
0.661057
0.65566
0.650493
0.646765
0.644042
0.641071
0.636397
0.630851
0.627473
0.62614
0.625777
0.625894
0.626426
0.626923
0.627022
0.62682
0.626581
0.626547
0.62625
0.625503
0.625229
0.62506
0.626079
0.62871
0.633962
0.641042
0.645459
0.653589
0.672558
0.690746
0.701741
0.714646
0.73281
0.754222
0.774605
0.791075
0.807725
0.824467
0.840443
0.849238
0.854554
0.861365
0.834204
0.81143
0.806168
0.802805
0.800593
0.79855
0.796846
0.795122
0.793699
0.792524
0.791153
0.790373
0.790028
0.790167
0.79178
0.793637
0.796011
0.79863
0.800336
0.802746
0.805449
0.807083
0.809793
0.812135
0.813859
0.815885
0.817967
0.819604
0.821097
0.823173
0.824635
0.827045
0.828121
0.830309
0.831719
0.832802
0.833449
0.83402
0.834508
0.834932
0.835341
0.835668
0.8359
0.836024
0.836047
0.836006
0.835835
0.835412
0.83485
0.834166
0.833343
0.832454
0.831597
0.83083
0.830296
0.830124
0.830348
0.832524
0.84208
0.857002
0.86793
0.873564
0.876709
0.88243
0.896122
0.909466
0.917663
0.92188
0.924586
0.927031
0.929176
0.930651
0.931342
0.931463
0.931185
0.928612
0.914264
0.887181
0.870504
0.869757
0.87214
0.872765
0.871673
0.86809
0.860011
0.840486
0.780923
0.599763
0.4083
0.263329
0.207339
0.128079
0.642098
0.623991
0.613548
0.596004
0.580278
0.564863
0.561078
0.563405
0.572156
0.595929
0.621605
0.637841
0.642259
0.642232
0.63621
0.621009
0.625536
0.636087
0.582919
0.53335
0.563529
0.620585
0.676397
0.743101
0.76741
0.771914
0.76119
0.739948
0.728728
0.721157
0.709332
0.698927
0.693696
0.687116
0.684265
0.683559
0.683422
0.683681
0.68499
0.687382
0.690574
0.694539
0.699238
0.704098
0.708548
0.712406
0.715777
0.718123
0.719146
0.719616
0.719732
0.718915
0.715183
0.707603
0.697864
0.69504
0.695841
0.698854
0.70187
0.703982
0.704762
0.703419
0.699785
0.693887
0.685522
0.674112
0.662204
0.650806
0.643693
0.640546
0.637666
0.631108
0.636306
0.642276
0.658396
0.694247
0.72765
0.76037
0.789094
0.81161
0.830327
0.838476
0.840572
0.846105
0.855507
0.860254
0.854145
0.838426
0.815372
0.801348
0.788105
0.768055
0.743199
0.720577
0.709622
0.697325
0.690184
0.686488
0.684645
0.684051
0.684688
0.686908
0.689031
0.692935
0.698555
0.704169
0.711771
0.721636
0.731403
0.74224
0.752099
0.75902
0.766481
0.77541
0.782232
0.790285
0.797466
0.80492
0.810819
0.818023
0.822929
0.829036
0.833651
0.838162
0.84266
0.846924
0.850672
0.853594
0.856195
0.858398
0.860499
0.862499
0.864215
0.865481
0.866329
0.866793
0.866893
0.866787
0.866148
0.863754
0.860615
0.858266
0.855494
0.84983
0.834814
0.820269
0.816126
0.816851
0.822116
0.842264
0.860965
0.873501
0.88139
0.887667
0.898861
0.909515
0.916261
0.920397
0.923262
0.926022
0.928036
0.92887
0.929094
0.929132
0.928037
0.924078
0.924135
0.925671
0.925803
0.926128
0.926736
0.927265
0.927359
0.927198
0.925879
0.919673
0.897681
0.861526
0.830929
0.760124
0.618587
0.616932
0.606188
0.577581
0.549362
0.531429
0.519833
0.518061
0.52
0.527327
0.54557
0.59179
0.626885
0.638946
0.639506
0.632345
0.615691
0.605038
0.552462
0.585961
0.691618
0.760462
0.783413
0.789013
0.781958
0.759308
0.743167
0.729886
0.721202
0.714765
0.70517
0.701125
0.699281
0.698726
0.70044
0.707098
0.715372
0.723678
0.733161
0.743239
0.752635
0.761009
0.767804
0.772642
0.776481
0.778451
0.779591
0.780315
0.780997
0.782059
0.783851
0.786196
0.788189
0.791231
0.797222
0.802985
0.806156
0.809156
0.811121
0.812291
0.812622
0.812031
0.809316
0.80484
0.798051
0.788297
0.776019
0.760791
0.739702
0.717831
0.700025
0.696011
0.682928
0.671289
0.685353
0.746224
0.834263
0.859716
0.866457
0.869444
0.870694
0.87061
0.865997
0.861946
0.859233
0.854033
0.835796
0.813153
0.796003
0.765811
0.714535
0.676463
0.659942
0.65295
0.650448
0.649907
0.650974
0.653822
0.656102
0.659435
0.66071
0.661619
0.662505
0.663805
0.665078
0.666377
0.668757
0.672699
0.678817
0.688071
0.702361
0.720557
0.736242
0.750558
0.76462
0.77883
0.791583
0.802067
0.811469
0.818455
0.825234
0.832991
0.84047
0.847484
0.854116
0.86085
0.867033
0.871125
0.874631
0.877019
0.879923
0.884028
0.888635
0.892659
0.896052
0.899408
0.902941
0.906542
0.909723
0.911324
0.911401
0.911147
0.910505
0.909659
0.907879
0.902964
0.884721
0.844249
0.823138
0.819303
0.823253
0.845866
0.868557
0.878079
0.882622
0.885653
0.890373
0.901736
0.912325
0.91908
0.92294
0.92431
0.924673
0.925503
0.926115
0.925733
0.925745
0.925995
0.927313
0.929925
0.932277
0.934233
0.936282
0.940093
0.945818
0.950857
0.952455
0.952381
0.950651
0.939656
0.632117
0.626105
0.593643
0.550916
0.52594
0.512855
0.50465
0.501851
0.502455
0.505643
0.514759
0.53767
0.591304
0.628227
0.637847
0.631955
0.609132
0.580986
0.590267
0.720538
0.789363
0.803216
0.803896
0.791772
0.772268
0.755313
0.745103
0.739554
0.737483
0.737169
0.740332
0.751378
0.768966
0.791463
0.816336
0.837199
0.858718
0.878282
0.889158
0.900835
0.907925
0.912287
0.914265
0.914851
0.913611
0.908712
0.903021
0.893415
0.883325
0.873407
0.865179
0.861169
0.856404
0.850764
0.846217
0.842507
0.840687
0.838723
0.8378
0.83683
0.835989
0.834107
0.830459
0.824307
0.814839
0.802369
0.789131
0.77415
0.765709
0.751227
0.727318
0.694834
0.668625
0.683521
0.821345
0.870518
0.872073
0.868971
0.864197
0.861095
0.861728
0.861918
0.859468
0.85467
0.845517
0.829596
0.81249
0.791275
0.752483
0.684408
0.654745
0.643814
0.641352
0.64565
0.655176
0.660165
0.672727
0.685758
0.691868
0.695407
0.696422
0.69424
0.687
0.680986
0.672672
0.667966
0.665906
0.665261
0.666713
0.669305
0.674955
0.685754
0.70446
0.727393
0.751336
0.770683
0.78954
0.807064
0.825442
0.840534
0.852105
0.862098
0.871584
0.880803
0.888415
0.894718
0.899495
0.902105
0.903807
0.904989
0.906688
0.910424
0.916222
0.921928
0.927684
0.933838
0.939485
0.944172
0.948099
0.950846
0.951785
0.951705
0.951288
0.950487
0.94924
0.946416
0.938966
0.914558
0.858965
0.82813
0.819841
0.822584
0.844049
0.867662
0.875756
0.877295
0.877882
0.879757
0.888649
0.906496
0.913386
0.913993
0.912142
0.911107
0.910824
0.910544
0.911026
0.913704
0.917626
0.921841
0.926396
0.930345
0.932926
0.934769
0.93783
0.944739
0.952887
0.959232
0.962882
0.963043
0.6481
0.630628
0.581947
0.539304
0.517509
0.506876
0.500266
0.496884
0.496831
0.498307
0.504199
0.521518
0.567481
0.616591
0.634697
0.625358
0.595832
0.594527
0.683754
0.794553
0.814268
0.815428
0.807041
0.793004
0.781947
0.778568
0.785344
0.804852
0.818854
0.843374
0.863887
0.889058
0.908347
0.922965
0.938019
0.94566
0.955096
0.959364
0.963045
0.96487
0.965828
0.966168
0.966158
0.965283
0.964297
0.962544
0.960092
0.956353
0.950727
0.942171
0.929566
0.912774
0.897391
0.883516
0.870073
0.860591
0.854664
0.849006
0.845851
0.843454
0.841714
0.838961
0.834195
0.825811
0.812353
0.793892
0.774476
0.756025
0.730024
0.699207
0.695739
0.713443
0.805845
0.866026
0.872321
0.870569
0.860967
0.848441
0.841493
0.840028
0.841394
0.843071
0.842714
0.836661
0.827241
0.811469
0.786502
0.742903
0.674521
0.641949
0.632115
0.631006
0.642519
0.662211
0.691951
0.730753
0.749326
0.757181
0.759272
0.758546
0.751323
0.745685
0.742984
0.738323
0.729732
0.71171
0.691045
0.67578
0.669549
0.66771
0.668592
0.672696
0.680069
0.693199
0.717516
0.748581
0.774145
0.801645
0.825873
0.847845
0.865296
0.878936
0.889791
0.898506
0.905236
0.909979
0.912773
0.914183
0.915103
0.916569
0.919811
0.927711
0.937509
0.948688
0.958596
0.966273
0.97178
0.975097
0.977036
0.977936
0.977944
0.977589
0.976354
0.974614
0.973555
0.97261
0.970562
0.963631
0.93511
0.864528
0.828399
0.819414
0.823569
0.848621
0.867922
0.872808
0.872892
0.872137
0.873612
0.881956
0.89645
0.899921
0.898368
0.890035
0.883025
0.881763
0.88562
0.894814
0.902155
0.909764
0.917396
0.924862
0.931066
0.934681
0.936356
0.938073
0.941997
0.949355
0.956995
0.962349
0.653899
0.632104
0.579948
0.535266
0.515381
0.505743
0.499456
0.495708
0.495435
0.497695
0.505548
0.525629
0.569867
0.612034
0.625959
0.607269
0.596054
0.636243
0.782386
0.827098
0.831081
0.826044
0.820016
0.818011
0.834194
0.861938
0.882912
0.900412
0.916865
0.931358
0.94277
0.953771
0.959411
0.965671
0.968517
0.970124
0.971096
0.971447
0.971553
0.971425
0.971235
0.971017
0.9707
0.970571
0.970495
0.970424
0.970272
0.970198
0.969896
0.969331
0.967234
0.962832
0.955874
0.944537
0.927447
0.907585
0.885788
0.870978
0.858777
0.852334
0.847943
0.844604
0.841365
0.836926
0.829387
0.814176
0.794459
0.783649
0.780188
0.78466
0.820382
0.858882
0.870702
0.872704
0.868855
0.854575
0.836903
0.829248
0.826941
0.826877
0.82745
0.827243
0.823431
0.81637
0.803033
0.780669
0.743638
0.685085
0.637257
0.623679
0.622186
0.632365
0.662493
0.714582
0.758965
0.775158
0.780209
0.780845
0.775526
0.760504
0.749264
0.744987
0.743747
0.746625
0.751482
0.751587
0.747079
0.729932
0.696513
0.679941
0.673686
0.672289
0.676572
0.684006
0.698262
0.724118
0.755458
0.790735
0.823741
0.850515
0.871257
0.886591
0.898096
0.906658
0.912925
0.91688
0.918956
0.919892
0.920816
0.922726
0.92743
0.937732
0.950777
0.963199
0.972981
0.97885
0.981818
0.983225
0.983521
0.983307
0.98261
0.981147
0.97861
0.976067
0.974367
0.97366
0.973299
0.972269
0.96606
0.932893
0.857106
0.823889
0.817969
0.825834
0.853825
0.86753
0.870075
0.869847
0.866942
0.867209
0.871889
0.878149
0.878362
0.875886
0.874106
0.876312
0.8832
0.886914
0.893433
0.904382
0.914914
0.923093
0.929843
0.935164
0.938226
0.939418
0.940376
0.942405
0.947996
0.955595
0.658503
0.640376
0.587408
0.533951
0.515829
0.508748
0.502899
0.497456
0.496942
0.500797
0.512836
0.538982
0.579012
0.60874
0.610605
0.59938
0.609621
0.716825
0.837398
0.857585
0.858436
0.856661
0.860597
0.882371
0.910402
0.926761
0.936997
0.948506
0.957041
0.96165
0.966109
0.968438
0.969539
0.970037
0.970108
0.969678
0.968974
0.967823
0.967189
0.966388
0.965977
0.965682
0.96555
0.965489
0.965494
0.965929
0.966799
0.967969
0.969625
0.971386
0.973494
0.974712
0.975419
0.975707
0.974774
0.969555
0.959279
0.939644
0.914333
0.887773
0.87092
0.860981
0.855985
0.853962
0.853168
0.854993
0.858193
0.861783
0.866154
0.873981
0.877578
0.878283
0.878181
0.875313
0.864937
0.844641
0.825775
0.820517
0.819269
0.818708
0.817639
0.815119
0.808931
0.798116
0.780226
0.750527
0.702327
0.641152
0.617893
0.613171
0.613917
0.629718
0.674304
0.748839
0.781849
0.788973
0.789224
0.781452
0.758224
0.716734
0.675081
0.65822
0.655289
0.67317
0.727322
0.749437
0.756425
0.756703
0.746796
0.717014
0.691408
0.682814
0.680298
0.683447
0.69425
0.714825
0.747081
0.785662
0.824563
0.859161
0.884518
0.901409
0.912195
0.918987
0.922694
0.924395
0.925261
0.926044
0.927524
0.930934
0.940162
0.956499
0.969077
0.977484
0.982381
0.984782
0.985665
0.985719
0.985379
0.984369
0.982092
0.97895
0.976416
0.974336
0.972958
0.972268
0.971912
0.971415
0.969864
0.960508
0.910634
0.841166
0.816999
0.815963
0.830829
0.85715
0.866472
0.867841
0.866842
0.862907
0.856717
0.856148
0.856091
0.855455
0.856563
0.859831
0.858508
0.856876
0.862699
0.888443
0.91375
0.927262
0.934485
0.939307
0.942431
0.943746
0.944166
0.944801
0.946609
0.952282
0.665877
0.649959
0.59692
0.538882
0.52149
0.516065
0.513274
0.510013
0.506164
0.51176
0.531481
0.559552
0.590993
0.602936
0.602804
0.599466
0.640278
0.798826
0.87501
0.88806
0.891346
0.895925
0.909779
0.93153
0.947837
0.9552
0.960305
0.965302
0.967562
0.968679
0.969194
0.969302
0.96897
0.968001
0.967306
0.966468
0.965979
0.965757
0.965576
0.965465
0.965347
0.965208
0.965042
0.964442
0.963732
0.962919
0.962175
0.961533
0.96108
0.960894
0.961602
0.965321
0.969619
0.975794
0.979084
0.980641
0.981262
0.980751
0.975412
0.962629
0.933506
0.90072
0.873485
0.86182
0.857385
0.857121
0.861309
0.869166
0.878061
0.8852
0.887893
0.888801
0.888123
0.883063
0.871156
0.849972
0.823793
0.815431
0.815056
0.81578
0.814806
0.810922
0.804907
0.795484
0.778921
0.7499
0.702554
0.635917
0.598645
0.592835
0.598514
0.61771
0.662136
0.736256
0.779684
0.789176
0.78971
0.781843
0.753758
0.696091
0.616209
0.54704
0.522126
0.521877
0.587339
0.692477
0.744082
0.758461
0.759657
0.750593
0.721253
0.699537
0.694139
0.692074
0.695736
0.712306
0.744384
0.78398
0.828786
0.86805
0.896305
0.912359
0.920842
0.925054
0.926817
0.927455
0.927903
0.928801
0.930949
0.936941
0.952093
0.966096
0.976444
0.982851
0.986104
0.987124
0.98716
0.986829
0.985748
0.983108
0.980428
0.97773
0.975785
0.975419
0.975841
0.976669
0.976564
0.975141
0.972517
0.966996
0.946246
0.873692
0.823969
0.81124
0.814459
0.837727
0.859007
0.865303
0.865714
0.863513
0.856495
0.848232
0.841615
0.838563
0.837485
0.835195
0.832817
0.833513
0.842662
0.876333
0.912723
0.93502
0.945114
0.949292
0.951037
0.951143
0.950912
0.950757
0.951127
0.953263
0.673459
0.663925
0.608212
0.542898
0.523884
0.519438
0.518608
0.520976
0.521989
0.530541
0.548413
0.572581
0.590108
0.593863
0.590653
0.604842
0.698405
0.85634
0.903739
0.914143
0.918597
0.92659
0.941557
0.956341
0.963118
0.966335
0.968244
0.969296
0.96956
0.969157
0.968912
0.968173
0.967677
0.967476
0.967415
0.96752
0.968593
0.969435
0.970464
0.971086
0.971539
0.971741
0.971793
0.971743
0.97135
0.970457
0.968754
0.966504
0.963355
0.960123
0.957731
0.956689
0.956306
0.95711
0.962657
0.971414
0.979519
0.984026
0.986002
0.986572
0.984205
0.974659
0.95053
0.90994
0.876205
0.861224
0.856138
0.857429
0.863518
0.873647
0.884537
0.893187
0.89595
0.896167
0.889678
0.869954
0.838218
0.814305
0.808678
0.80964
0.812177
0.810821
0.805979
0.797676
0.78329
0.757881
0.715716
0.652983
0.59971
0.577376
0.569948
0.57975
0.616964
0.682188
0.74839
0.772395
0.776185
0.770559
0.750354
0.71041
0.634998
0.536369
0.481739
0.471287
0.500172
0.587074
0.698082
0.749349
0.760772
0.75793
0.741974
0.715676
0.704896
0.705837
0.708168
0.717898
0.749018
0.792227
0.837198
0.87621
0.902574
0.917581
0.924831
0.927775
0.928606
0.928828
0.92919
0.930193
0.933215
0.942702
0.959245
0.972731
0.981824
0.986524
0.988196
0.988557
0.988344
0.987298
0.985672
0.983031
0.981238
0.981144
0.981367
0.982665
0.984298
0.984701
0.984638
0.983967
0.981116
0.975032
0.961004
0.909104
0.838487
0.810769
0.807287
0.815417
0.844612
0.859751
0.863672
0.863199
0.859634
0.849986
0.841082
0.834592
0.830647
0.828554
0.828251
0.830159
0.840723
0.87848
0.925641
0.954139
0.965596
0.967553
0.967203
0.965318
0.961497
0.959163
0.958567
0.958537
0.678736
0.67851
0.633449
0.556501
0.529088
0.521765
0.520522
0.523041
0.528255
0.539049
0.554639
0.575033
0.586518
0.587226
0.584693
0.614027
0.750101
0.8921
0.925337
0.934198
0.938809
0.947147
0.959389
0.966436
0.969204
0.970272
0.97061
0.970273
0.96963
0.968898
0.968429
0.968198
0.968131
0.968843
0.969729
0.970659
0.971297
0.971618
0.972046
0.972352
0.97257
0.97266
0.972722
0.9732
0.973622
0.973836
0.973941
0.973944
0.973334
0.971768
0.968361
0.962597
0.956579
0.953317
0.951871
0.95139
0.955595
0.967601
0.979158
0.986803
0.989992
0.990977
0.990214
0.982884
0.961637
0.916139
0.876352
0.858033
0.852499
0.854077
0.862006
0.873861
0.88732
0.899927
0.903612
0.900843
0.880635
0.836633
0.810344
0.803955
0.803863
0.807923
0.807448
0.804019
0.796996
0.782865
0.756071
0.709313
0.635467
0.586469
0.565975
0.554887
0.553934
0.570445
0.610807
0.653945
0.671962
0.663704
0.632004
0.581952
0.534097
0.50173
0.469548
0.45934
0.481072
0.556224
0.676302
0.741246
0.758965
0.758832
0.748407
0.726072
0.715859
0.7139
0.717868
0.733658
0.767982
0.811619
0.856538
0.892866
0.915007
0.925533
0.928868
0.929454
0.929412
0.929494
0.930021
0.931951
0.937969
0.954482
0.971691
0.982895
0.988088
0.989941
0.990243
0.990012
0.989328
0.987442
0.987416
0.987792
0.988639
0.989333
0.989317
0.988912
0.987623
0.986482
0.985999
0.98567
0.984845
0.981872
0.972468
0.937995
0.858446
0.81521
0.803507
0.805128
0.820697
0.848196
0.858985
0.861984
0.861307
0.857502
0.846758
0.837115
0.831609
0.830108
0.830832
0.836249
0.858295
0.909174
0.948406
0.971502
0.98122
0.983126
0.98285
0.981044
0.975236
0.969725
0.967276
0.966148
0.682466
0.68482
0.657294
0.576799
0.536919
0.524088
0.520852
0.521783
0.527888
0.53935
0.554703
0.572014
0.578653
0.573204
0.572167
0.630447
0.801195
0.915855
0.941245
0.948662
0.95277
0.959798
0.967566
0.970636
0.971678
0.971915
0.971379
0.970314
0.969424
0.968856
0.968681
0.968704
0.969184
0.969639
0.970014
0.970175
0.969905
0.968938
0.967701
0.966379
0.965594
0.9653
0.965901
0.967107
0.969338
0.971242
0.97312
0.974215
0.974726
0.974881
0.974755
0.97374
0.970873
0.963836
0.955086
0.949562
0.947911
0.947878
0.952627
0.966582
0.981636
0.989767
0.993323
0.994643
0.994451
0.988746
0.969082
0.921574
0.874806
0.85244
0.846838
0.849309
0.859667
0.875876
0.894792
0.905836
0.907434
0.895386
0.850951
0.812179
0.802153
0.799707
0.801709
0.803777
0.802439
0.799167
0.79115
0.773131
0.736327
0.664193
0.59605
0.56398
0.54859
0.538878
0.534664
0.53455
0.531681
0.520699
0.499724
0.476602
0.457511
0.450662
0.451165
0.457794
0.482064
0.555783
0.675569
0.740325
0.758479
0.75864
0.749787
0.730719
0.723408
0.724223
0.73084
0.751863
0.791994
0.837175
0.878494
0.90754
0.923197
0.929063
0.930256
0.929975
0.929673
0.92978
0.93069
0.934377
0.946732
0.967197
0.980993
0.987976
0.990765
0.991301
0.991253
0.990578
0.990427
0.990912
0.991758
0.992208
0.992195
0.991977
0.991389
0.9898
0.987766
0.986221
0.985548
0.985419
0.98523
0.984154
0.978996
0.957563
0.883743
0.823782
0.803341
0.800924
0.806504
0.826689
0.848883
0.857978
0.862424
0.862259
0.85938
0.848565
0.840177
0.839878
0.843133
0.856089
0.897045
0.941571
0.969633
0.984674
0.990759
0.991919
0.991712
0.99055
0.986247
0.979329
0.97522
0.973182
0.691792
0.693918
0.682467
0.613285
0.553494
0.530403
0.519694
0.516965
0.520348
0.532428
0.548672
0.55883
0.558375
0.553014
0.57249
0.649715
0.831367
0.931658
0.952434
0.958759
0.962141
0.967076
0.971311
0.972657
0.972985
0.972684
0.971577
0.97029
0.96932
0.968948
0.968875
0.968905
0.969048
0.969049
0.968317
0.966215
0.962373
0.956511
0.951788
0.94847
0.946822
0.946231
0.947022
0.949408
0.953503
0.958366
0.964069
0.969168
0.972721
0.974431
0.975084
0.975209
0.9748
0.973215
0.969132
0.95939
0.949717
0.945713
0.944755
0.946404
0.953657
0.972205
0.985176
0.992921
0.996229
0.997385
0.997205
0.992644
0.974507
0.925695
0.871664
0.845042
0.839887
0.844575
0.862838
0.887731
0.903607
0.909298
0.904217
0.87361
0.825469
0.804393
0.798958
0.797231
0.797944
0.799034
0.798179
0.795207
0.786672
0.765483
0.721571
0.655058
0.592746
0.558663
0.538834
0.525488
0.512762
0.498172
0.482811
0.468124
0.456033
0.456283
0.462595
0.482994
0.535484
0.654419
0.734211
0.757608
0.760983
0.758459
0.746008
0.733502
0.731773
0.734917
0.748801
0.784237
0.827487
0.869067
0.903173
0.921456
0.928881
0.9309
0.930839
0.930085
0.929791
0.930149
0.932295
0.939961
0.960158
0.976782
0.986753
0.991165
0.992592
0.992631
0.992288
0.992269
0.99245
0.992873
0.993016
0.992944
0.992706
0.992142
0.990842
0.988499
0.986434
0.985086
0.984525
0.984503
0.984646
0.984446
0.982049
0.96889
0.909326
0.835748
0.805322
0.799639
0.801958
0.812915
0.828921
0.848465
0.85815
0.865946
0.869104
0.867467
0.865691
0.867311
0.873858
0.893671
0.932698
0.962746
0.981333
0.991167
0.995303
0.996282
0.996227
0.995648
0.99341
0.987168
0.98205
0.979074
0.708995
0.705206
0.706156
0.659565
0.585481
0.55073
0.523993
0.511191
0.507113
0.510761
0.52274
0.530064
0.53454
0.543297
0.575747
0.670665
0.866603
0.943676
0.960387
0.96548
0.968091
0.97112
0.973323
0.973869
0.973845
0.97301
0.971742
0.970363
0.969379
0.968996
0.968831
0.96867
0.968137
0.966298
0.961234
0.953246
0.945417
0.940365
0.936029
0.933415
0.93211
0.931624
0.932055
0.933447
0.936059
0.940095
0.946192
0.954762
0.964115
0.970415
0.973625
0.974889
0.97514
0.974583
0.972647
0.967321
0.957033
0.94844
0.94403
0.942196
0.942474
0.947578
0.964226
0.981017
0.99094
0.996132
0.998212
0.998803
0.998471
0.994906
0.978679
0.924888
0.864015
0.836205
0.832571
0.838377
0.866151
0.896607
0.90788
0.907972
0.895041
0.85829
0.817748
0.802269
0.797342
0.794447
0.794443
0.794234
0.793731
0.791149
0.783279
0.76508
0.734683
0.684146
0.630427
0.58728
0.55877
0.533281
0.520021
0.502534
0.504335
0.514274
0.542259
0.590458
0.685917
0.737438
0.75792
0.762516
0.761583
0.7554
0.743941
0.73904
0.741118
0.750964
0.780727
0.826407
0.868728
0.902194
0.920472
0.928634
0.931342
0.931626
0.931079
0.930008
0.930033
0.931171
0.936217
0.95232
0.973241
0.986704
0.99254
0.994311
0.994325
0.993678
0.993141
0.99307
0.99317
0.993275
0.993228
0.992974
0.992117
0.990026
0.988333
0.987039
0.985796
0.984709
0.984128
0.984057
0.98425
0.984284
0.983188
0.975099
0.931488
0.849452
0.809381
0.79993
0.800979
0.808797
0.818339
0.828014
0.846312
0.860534
0.869621
0.878356
0.883267
0.888278
0.899141
0.925618
0.953728
0.974534
0.987463
0.994343
0.997353
0.998235
0.998281
0.998049
0.996984
0.99298
0.98761
0.983948
0.738632
0.711775
0.716869
0.704658
0.641568
0.597652
0.543454
0.512278
0.50259
0.501269
0.505156
0.513137
0.524097
0.543445
0.585663
0.71091
0.893445
0.951636
0.965646
0.969932
0.971894
0.973542
0.974551
0.974766
0.974384
0.973377
0.971967
0.97055
0.96955
0.969022
0.968667
0.967996
0.965928
0.959887
0.95109
0.942877
0.936334
0.931782
0.928933
0.927233
0.926422
0.926148
0.92653
0.927449
0.92912
0.931937
0.936029
0.941568
0.950033
0.961344
0.969442
0.973416
0.974719
0.974812
0.973703
0.96928
0.958304
0.949666
0.944338
0.941007
0.938772
0.938725
0.945861
0.965162
0.98068
0.990308
0.995723
0.998323
0.999231
0.99944
0.999044
0.995632
0.978112
0.915281
0.857879
0.837167
0.835706
0.843579
0.874008
0.901155
0.908344
0.904572
0.888347
0.856516
0.819635
0.803271
0.796046
0.793237
0.791629
0.790678
0.789705
0.787528
0.782765
0.772077
0.758102
0.733322
0.714519
0.685506
0.674503
0.667344
0.672668
0.687275
0.712771
0.737666
0.754776
0.763653
0.765069
0.763743
0.759432
0.752538
0.74625
0.74859
0.758065
0.783046
0.835653
0.878907
0.904189
0.919147
0.927579
0.93122
0.932039
0.931838
0.930665
0.930153
0.930732
0.933961
0.945258
0.968308
0.984045
0.992071
0.99508
0.995604
0.995034
0.993827
0.993374
0.993335
0.993394
0.993384
0.993196
0.992292
0.990003
0.98831
0.987384
0.986711
0.985751
0.984646
0.983941
0.983812
0.984003
0.984167
0.983632
0.978494
0.948226
0.864435
0.815045
0.800832
0.80086
0.807277
0.815289
0.820917
0.828075
0.842816
0.862038
0.875506
0.885665
0.897359
0.916075
0.940147
0.962867
0.979742
0.990179
0.995703
0.99818
0.999025
0.999155
0.999078
0.998601
0.996584
0.991903
0.987956
0.791307
0.731043
0.72282
0.727571
0.69349
0.660615
0.609874
0.531191
0.50532
0.501029
0.501887
0.508581
0.523096
0.546804
0.602226
0.754288
0.909613
0.957276
0.969093
0.972441
0.974011
0.97499
0.975485
0.975455
0.974874
0.973827
0.972379
0.970872
0.969817
0.969046
0.968129
0.966391
0.96093
0.952129
0.943176
0.93576
0.930758
0.927412
0.92555
0.924598
0.924179
0.92406
0.924368
0.925095
0.926269
0.928366
0.931823
0.936357
0.943355
0.953313
0.963493
0.970904
0.974235
0.974811
0.974194
0.970399
0.957405
0.946343
0.941478
0.938315
0.936183
0.935502
0.939627
0.955312
0.973285
0.985216
0.992367
0.996373
0.998462
0.999395
0.99971
0.999734
0.999249
0.995384
0.971039
0.898318
0.854443
0.839279
0.839535
0.849618
0.880331
0.900161
0.907799
0.904833
0.891811
0.865126
0.830624
0.809943
0.79803
0.79295
0.789915
0.788239
0.786612
0.784692
0.782581
0.777421
0.774375
0.768494
0.765365
0.76556
0.766225
0.767408
0.769189
0.769765
0.769425
0.768216
0.76601
0.760249
0.756836
0.753102
0.756605
0.768013
0.794453
0.849929
0.887527
0.905738
0.917345
0.925504
0.930251
0.93203
0.932174
0.93144
0.930497
0.930789
0.932976
0.940874
0.962592
0.981872
0.992052
0.996046
0.996982
0.996677
0.995165
0.993854
0.993473
0.99346
0.993488
0.993435
0.992964
0.991154
0.989276
0.987951
0.987184
0.986748
0.986032
0.984751
0.983721
0.983479
0.983679
0.984059
0.983805
0.980418
0.958676
0.880522
0.821766
0.80263
0.801196
0.805827
0.813728
0.819882
0.824841
0.8305
0.842636
0.863702
0.87992
0.897127
0.919895
0.944384
0.965887
0.981503
0.991068
0.996124
0.998439
0.999311
0.999518
0.999507
0.999304
0.998338
0.995155
0.991238
0.823722
0.784376
0.729089
0.736657
0.739837
0.707817
0.689809
0.625603
0.531119
0.508559
0.505288
0.50967
0.525919
0.558592
0.63723
0.799178
0.923517
0.960734
0.971966
0.974943
0.975718
0.976147
0.976229
0.975917
0.975391
0.97456
0.972947
0.971542
0.970383
0.969253
0.967943
0.964937
0.958509
0.950123
0.942134
0.935477
0.930779
0.927471
0.925583
0.924415
0.923732
0.923585
0.923756
0.924397
0.925453
0.927147
0.930121
0.934394
0.940538
0.949955
0.960666
0.969111
0.973618
0.974797
0.974504
0.971417
0.957882
0.943459
0.936656
0.934072
0.933561
0.934343
0.938411
0.95259
0.970959
0.983524
0.991172
0.995503
0.99784
0.999015
0.999576
0.999824
0.999896
0.999855
0.999182
0.992558
0.961371
0.891024
0.85492
0.842837
0.843696
0.853201
0.880798
0.899078
0.907264
0.90584
0.899297
0.881205
0.856169
0.825298
0.806722
0.796464
0.791506
0.788096
0.785837
0.782795
0.780552
0.778947
0.777801
0.777183
0.776526
0.775347
0.774019
0.771669
0.769852
0.7656
0.762602
0.759189
0.760387
0.767074
0.783664
0.816704
0.871832
0.897482
0.908224
0.914702
0.921958
0.927944
0.931228
0.932204
0.932086
0.931254
0.931381
0.932905
0.939085
0.957221
0.979129
0.991419
0.996433
0.99794
0.997969
0.997081
0.994875
0.993774
0.993519
0.993543
0.993577
0.993492
0.992832
0.990707
0.98909
0.987924
0.987256
0.986948
0.986528
0.98518
0.983591
0.983154
0.983325
0.983932
0.983852
0.981542
0.965536
0.896107
0.829344
0.805125
0.801855
0.804656
0.812767
0.819747
0.82507
0.830344
0.835634
0.844827
0.865274
0.890136
0.916905
0.943575
0.965904
0.98163
0.991135
0.996149
0.99847
0.999395
0.999671
0.999696
0.999614
0.999133
0.997263
0.993769
0.828008
0.81564
0.765343
0.733883
0.758593
0.750456
0.733577
0.722051
0.645814
0.548078
0.523996
0.520647
0.537699
0.597958
0.692912
0.829331
0.92299
0.959817
0.971895
0.975825
0.977154
0.977337
0.977285
0.976761
0.975887
0.975227
0.974117
0.972419
0.971099
0.969827
0.968362
0.965423
0.95935
0.951362
0.943623
0.937018
0.932179
0.928725
0.92664
0.925282
0.924435
0.924368
0.924533
0.92503
0.926173
0.927332
0.929886
0.934231
0.940126
0.949156
0.959835
0.968576
0.973443
0.975012
0.974879
0.972155
0.959864
0.944737
0.936695
0.934108
0.934196
0.935951
0.941991
0.956674
0.973131
0.984499
0.991411
0.995449
0.997714
0.998915
0.999505
0.99978
0.999907
0.999957
0.999955
0.999712
0.997108
0.985576
0.945051
0.883185
0.854759
0.845387
0.846407
0.855209
0.880344
0.89802
0.907494
0.908428
0.906027
0.897885
0.879508
0.85328
0.826859
0.810138
0.799211
0.792255
0.786825
0.783712
0.781054
0.77868
0.776046
0.77335
0.770788
0.768643
0.767267
0.765615
0.766754
0.771916
0.784334
0.811827
0.857199
0.891817
0.905837
0.911303
0.913598
0.916559
0.923179
0.928847
0.931594
0.932223
0.932071
0.932318
0.933536
0.938364
0.953621
0.977798
0.990858
0.996439
0.998441
0.998797
0.99846
0.996677
0.99447
0.993637
0.993527
0.993623
0.993664
0.993541
0.992733
0.990449
0.988997
0.988221
0.987803
0.987553
0.987141
0.985644
0.983465
0.982854
0.983032
0.98382
0.983852
0.982198
0.97005
0.911067
0.838153
0.808717
0.803274
0.805059
0.81254
0.820736
0.827432
0.832615
0.837416
0.842418
0.851285
0.873421
0.907713
0.939195
0.963948
0.980739
0.990703
0.995942
0.998392
0.999396
0.999731
0.999791
0.999757
0.999501
0.998425
0.99558
0.811321
0.813829
0.815898
0.748933
0.743339
0.771684
0.765578
0.759584
0.7543
0.678112
0.587104
0.558323
0.563737
0.624403
0.718585
0.829338
0.91808
0.956386
0.970728
0.975614
0.977371
0.978128
0.978112
0.977851
0.976899
0.975799
0.975001
0.973921
0.972474
0.970952
0.969377
0.966724
0.961471
0.954412
0.947262
0.940889
0.935721
0.931785
0.929371
0.927753
0.926583
0.926504
0.926708
0.927285
0.928552
0.930177
0.933709
0.939184
0.945717
0.954281
0.963679
0.970897
0.974693
0.975574
0.975178
0.972127
0.959866
0.94636
0.939844
0.938804
0.940136
0.94542
0.958996
0.977365
0.98857
0.994117
0.996632
0.997859
0.998623
0.999175
0.999562
0.999791
0.999904
0.99996
0.999982
0.999981
0.999847
0.998738
0.993207
0.97545
0.923053
0.873375
0.852886
0.846127
0.847429
0.855875
0.879775
0.899005
0.907195
0.912489
0.912031
0.908577
0.89969
0.883236
0.861592
0.837449
0.819474
0.807297
0.799361
0.792165
0.78802
0.784344
0.782324
0.782798
0.78469
0.789636
0.799713
0.82194
0.856664
0.893232
0.908986
0.91352
0.912974
0.912923
0.913648
0.916084
0.923291
0.929232
0.931769
0.932428
0.933079
0.934499
0.938578
0.950318
0.976194
0.990295
0.996263
0.99859
0.99926
0.999242
0.998595
0.996071
0.994142
0.993543
0.993521
0.993674
0.993699
0.993504
0.992329
0.990251
0.989108
0.988769
0.988676
0.988507
0.988071
0.985936
0.983181
0.982478
0.98274
0.983743
0.983855
0.982574
0.97298
0.924056
0.849135
0.813907
0.806444
0.807441
0.814326
0.825442
0.834632
0.840295
0.843457
0.84574
0.849928
0.860549
0.892419
0.930731
0.959551
0.978567
0.989672
0.995471
0.998195
0.999337
0.999742
0.999838
0.999828
0.99968
0.999001
0.996836
0.798768
0.804096
0.820621
0.80457
0.74737
0.768591
0.782613
0.781974
0.789072
0.781999
0.725314
0.657023
0.621232
0.648005
0.717932
0.822145
0.90683
0.949111
0.967461
0.974543
0.977127
0.978151
0.978553
0.978501
0.978124
0.976976
0.975732
0.974918
0.9737
0.972743
0.9715
0.969402
0.965285
0.959224
0.952452
0.946224
0.941144
0.936996
0.933989
0.932212
0.930678
0.930373
0.930592
0.931268
0.932799
0.934905
0.939494
0.945203
0.951553
0.959538
0.967453
0.972881
0.975414
0.975957
0.975292
0.97107
0.957035
0.946472
0.944229
0.945001
0.949378
0.961989
0.981046
0.990892
0.995705
0.997946
0.998968
0.999441
0.999669
0.999786
0.99985
0.999897
0.999939
0.999967
0.999985
0.999993
0.999989
0.999913
0.999338
0.996664
0.987064
0.960643
0.899559
0.864539
0.850215
0.845547
0.847256
0.855839
0.878669
0.90018
0.909052
0.915737
0.917569
0.916793
0.913883
0.907987
0.896468
0.88134
0.867965
0.85328
0.844448
0.834693
0.834271
0.836695
0.843574
0.858467
0.880897
0.903459
0.916188
0.92001
0.918765
0.91563
0.909146
0.906589
0.907211
0.913913
0.92403
0.929867
0.93225
0.933498
0.93542
0.939659
0.949886
0.973831
0.989418
0.995936
0.998526
0.999426
0.999592
0.999425
0.998349
0.995508
0.993908
0.993487
0.993524
0.993724
0.993724
0.99341
0.991946
0.990333
0.989662
0.989531
0.989502
0.989398
0.988717
0.985786
0.982736
0.982058
0.982462
0.983692
0.98385
0.982789
0.974886
0.93445
0.860738
0.823416
0.814711
0.815822
0.822834
0.836811
0.846792
0.851061
0.851521
0.851522
0.852397
0.857771
0.880363
0.922767
0.955233
0.976388
0.988622
0.994984
0.99798
0.999256
0.999731
0.99986
0.999864
0.999773
0.999305
0.997659
0.796569
0.804061
0.822661
0.816952
0.759128
0.759134
0.785978
0.796524
0.80039
0.816346
0.809093
0.770727
0.723146
0.695969
0.724506
0.792335
0.88547
0.93588
0.960642
0.971648
0.976094
0.977871
0.978528
0.97873
0.978665
0.978266
0.97724
0.975906
0.974645
0.973626
0.972946
0.971872
0.969835
0.965739
0.960197
0.954076
0.948798
0.944217
0.940537
0.938404
0.936499
0.936276
0.936627
0.937722
0.939611
0.94296
0.948519
0.954292
0.960513
0.967849
0.973051
0.975666
0.97648
0.976371
0.975066
0.96799
0.953165
0.946951
0.946539
0.948621
0.957814
0.978573
0.989939
0.995489
0.998015
0.999113
0.999579
0.999781
0.999874
0.999922
0.99995
0.999967
0.999979
0.999986
0.999991
0.999996
0.999997
0.999994
0.999947
0.999631
0.998176
0.992897
0.977849
0.935359
0.882281
0.857334
0.846648
0.843892
0.845966
0.854522
0.876873
0.900123
0.911479
0.917687
0.922474
0.92392
0.923741
0.922784
0.919777
0.916908
0.914085
0.911249
0.911709
0.913534
0.917598
0.922879
0.927316
0.927923
0.9266
0.922669
0.914143
0.901145
0.888226
0.889393
0.899581
0.915627
0.926266
0.93133
0.933572
0.935954
0.940673
0.95076
0.973037
0.988771
0.995618
0.998391
0.999437
0.999744
0.999744
0.999472
0.99789
0.995026
0.993684
0.993421
0.993546
0.993783
0.993769
0.993391
0.991859
0.990771
0.990506
0.990493
0.990473
0.990223
0.989
0.98527
0.98224
0.981636
0.982216
0.983646
0.983836
0.982874
0.976084
0.942039
0.872423
0.835502
0.828212
0.829812
0.836373
0.85065
0.860573
0.863442
0.861005
0.856327
0.855915
0.858594
0.87397
0.916199
0.951953
0.974962
0.988064
0.994762
0.997886
0.999217
0.999724
0.999874
0.999887
0.999825
0.999479
0.9982
0.795698
0.803026
0.820104
0.810715
0.764355
0.756452
0.784593
0.80238
0.809402
0.823112
0.837144
0.832657
0.810905
0.779602
0.754658
0.786948
0.841019
0.906718
0.946593
0.96496
0.973178
0.976716
0.978154
0.97866
0.978757
0.978694
0.978372
0.977676
0.97626
0.974879
0.973971
0.973148
0.972208
0.970293
0.967429
0.962867
0.958698
0.954368
0.950631
0.948334
0.946231
0.946141
0.946605
0.947969
0.950088
0.954504
0.959202
0.963725
0.968845
0.972812
0.975388
0.976604
0.976801
0.976455
0.973983
0.962607
0.950258
0.946903
0.947429
0.952588
0.970322
0.985995
0.993985
0.997578
0.999037
0.999603
0.999824
0.999913
0.999951
0.99997
0.99998
0.999987
0.999991
0.999994
0.999996
0.999998
0.999999
0.999999
0.999996
0.999966
0.99978
0.998935
0.995935
0.98659
0.962774
0.906488
0.867815
0.850959
0.842682
0.841275
0.843554
0.851928
0.874199
0.898045
0.912417
0.919858
0.924923
0.928662
0.930635
0.931694
0.932564
0.933339
0.933879
0.934186
0.934406
0.934113
0.932948
0.92962
0.921509
0.903246
0.881267
0.861722
0.865955
0.881466
0.903
0.919442
0.928687
0.932905
0.935934
0.940952
0.951152
0.972393
0.988263
0.995346
0.998261
0.99939
0.999785
0.999867
0.999812
0.9994
0.997367
0.99462
0.993498
0.993347
0.993569
0.99385
0.993837
0.993416
0.992176
0.991433
0.991175
0.991128
0.99106
0.990609
0.988631
0.984681
0.98176
0.981202
0.98198
0.983585
0.983793
0.982829
0.976611
0.94686
0.883061
0.848148
0.841936
0.843734
0.851361
0.867049
0.876472
0.878074
0.871717
0.861289
0.858895
0.860399
0.87229
0.912414
0.950777
0.974811
0.988183
0.99487
0.997934
0.999232
0.99973
0.999885
0.999903
0.999858
0.999588
0.998563
0.794859
0.789611
0.802645
0.79746
0.759895
0.753773
0.776056
0.803553
0.814248
0.823864
0.840754
0.852353
0.853898
0.843152
0.822322
0.807081
0.832175
0.869927
0.914522
0.948891
0.965697
0.973308
0.976697
0.978119
0.978615
0.978695
0.978648
0.978452
0.977911
0.976886
0.975555
0.974756
0.973784
0.972611
0.971491
0.968997
0.966581
0.963711
0.960984
0.959224
0.957599
0.957615
0.958095
0.959252
0.961602
0.964815
0.967942
0.971147
0.973849
0.975686
0.976691
0.977016
0.976952
0.976161
0.97159
0.956974
0.948531
0.947271
0.949503
0.961769
0.980737
0.991305
0.996469
0.998677
0.999517
0.999815
0.999923
0.999964
0.999981
0.999988
0.999992
0.999995
0.999996
0.999997
0.999998
0.999999
0.999999
1
0.999999
0.999997
0.999977
0.999861
0.999352
0.997516
0.991815
0.976951
0.935756
0.884708
0.856903
0.844844
0.838289
0.837686
0.84
0.847649
0.86845
0.892738
0.909115
0.919318
0.925683
0.929689
0.932698
0.93489
0.935551
0.935396
0.934595
0.932165
0.925665
0.910484
0.880888
0.846592
0.8319
0.838237
0.858675
0.886106
0.909264
0.923922
0.931324
0.935672
0.940962
0.951169
0.971923
0.987971
0.995152
0.99816
0.99934
0.999777
0.999912
0.99992
0.999831
0.999268
0.996825
0.99426
0.99335
0.993294
0.993641
0.993974
0.993968
0.993602
0.992662
0.992116
0.991893
0.991799
0.991615
0.990796
0.987618
0.984034
0.981308
0.980773
0.981656
0.983461
0.983693
0.982688
0.976606
0.949754
0.891802
0.860023
0.855331
0.857677
0.869116
0.88616
0.89432
0.894515
0.882699
0.866416
0.86174
0.862619
0.873021
0.911882
0.951071
0.975302
0.988589
0.99511
0.998044
0.999272
0.999745
0.999895
0.999915
0.99988
0.999653
0.998811
0.795409
0.780956
0.773849
0.771673
0.753906
0.752252
0.767618
0.801429
0.815424
0.824638
0.838927
0.853283
0.864696
0.869783
0.866189
0.856215
0.84724
0.863619
0.888769
0.91883
0.946365
0.964195
0.972327
0.976102
0.977774
0.97841
0.978581
0.978543
0.978404
0.978062
0.977193
0.976525
0.9757
0.974615
0.974008
0.97269
0.971504
0.969976
0.96851
0.967439
0.966667
0.966761
0.967202
0.968187
0.969927
0.971764
0.973488
0.974901
0.976019
0.976749
0.977084
0.977111
0.976897
0.97525
0.966495
0.952351
0.947569
0.948007
0.954168
0.974243
0.988683
0.995459
0.99827
0.999362
0.999766
0.999911
0.999964
0.999984
0.999992
0.999995
0.999997
0.999998
0.999998
0.999999
0.999999
1
1
1
1
1
0.999998
0.999984
0.999908
0.999584
0.998415
0.994844
0.984721
0.959344
0.904694
0.866951
0.847899
0.838391
0.833141
0.83286
0.83475
0.840492
0.856801
0.880325
0.898132
0.909145
0.917647
0.922072
0.922123
0.920786
0.916558
0.90655
0.883067
0.843764
0.814793
0.80691
0.811605
0.83151
0.864524
0.894573
0.916177
0.929098
0.936448
0.942491
0.952514
0.972692
0.988199
0.995144
0.99811
0.999305
0.999759
0.999919
0.999958
0.999944
0.999812
0.999068
0.996257
0.993921
0.993219
0.993247
0.993782
0.994172
0.994185
0.993905
0.993267
0.992945
0.992766
0.992507
0.991969
0.990627
0.986314
0.983198
0.980885
0.98036
0.98126
0.983202
0.983477
0.98239
0.976369
0.951575
0.898368
0.87098
0.868317
0.872232
0.889992
0.906953
0.913106
0.911507
0.892653
0.871094
0.86436
0.86483
0.874458
0.912543
0.952083
0.976196
0.989183
0.995434
0.998192
0.99933
0.999765
0.999905
0.999925
0.999896
0.999703
0.99904
0.801764
0.780074
0.762815
0.754416
0.751727
0.751797
0.760638
0.7877
0.81364
0.824565
0.83619
0.848884
0.863676
0.873695
0.881432
0.883545
0.879935
0.875477
0.88602
0.903559
0.924219
0.943512
0.959596
0.969943
0.974778
0.977019
0.977996
0.97835
0.978346
0.978265
0.977995
0.97758
0.977224
0.976417
0.975995
0.975154
0.974571
0.973774
0.973116
0.972559
0.972346
0.972453
0.972776
0.973469
0.974314
0.975117
0.975791
0.976362
0.976809
0.977071
0.977156
0.977097
0.97649
0.973173
0.959746
0.948797
0.946941
0.949391
0.963579
0.983024
0.993002
0.99731
0.999019
0.999653
0.999877
0.999955
0.999983
0.999993
0.999996
0.999998
0.999999
0.999999
0.999999
1
1
1
1
1
1
1
1
0.999998
0.999988
0.999936
0.99972
0.998954
0.996581
0.989829
0.973586
0.928881
0.88158
0.853432
0.839765
0.831337
0.826747
0.826215
0.827061
0.82989
0.83828
0.852848
0.869672
0.877657
0.877499
0.873913
0.863374
0.837468
0.810693
0.796567
0.792653
0.795036
0.806275
0.839306
0.875393
0.903138
0.92304
0.936822
0.946529
0.956714
0.976067
0.989346
0.995463
0.998162
0.999297
0.999746
0.999914
0.999969
0.999976
0.999952
0.999773
0.998807
0.995691
0.993614
0.993105
0.993223
0.993956
0.994419
0.994473
0.99433
0.994113
0.993802
0.993269
0.992744
0.991956
0.989836
0.98462
0.982063
0.980528
0.979973
0.980755
0.982754
0.983067
0.981883
0.975791
0.9513
0.902988
0.881531
0.880885
0.888273
0.912274
0.927243
0.931027
0.926887
0.900319
0.87492
0.866676
0.866904
0.876428
0.914712
0.953974
0.977467
0.989904
0.995793
0.99835
0.999391
0.999786
0.999914
0.999934
0.999909
0.999748
0.999218
0.812308
0.800824
0.774495
0.763149
0.75788
0.754208
0.756664
0.771836
0.798721
0.819628
0.830763
0.841917
0.854914
0.869962
0.881428
0.889705
0.894979
0.896607
0.895457
0.902612
0.915945
0.930322
0.944299
0.956099
0.965884
0.972425
0.975672
0.977248
0.977863
0.978079
0.978005
0.977823
0.977685
0.977334
0.977109
0.976654
0.976373
0.975958
0.975651
0.975396
0.975333
0.975392
0.975545
0.975832
0.976117
0.976395
0.976615
0.976845
0.977008
0.977114
0.977084
0.976799
0.975377
0.968624
0.952709
0.946174
0.946295
0.952681
0.973991
0.98835
0.995216
0.998205
0.999372
0.999789
0.99993
0.999976
0.999991
0.999996
0.999998
0.999999
0.999999
1
1
1
1
1
1
1
1
1
1
1
0.999999
0.999991
0.999954
0.999804
0.999282
0.997659
0.993171
0.981513
0.950984
0.898654
0.863181
0.842378
0.831525
0.823651
0.818709
0.816971
0.816322
0.816149
0.81812
0.818435
0.816838
0.811885
0.801888
0.793085
0.787924
0.786898
0.788018
0.793432
0.814809
0.855147
0.888985
0.916329
0.937371
0.952695
0.966106
0.982901
0.99168
0.996192
0.998357
0.999332
0.999745
0.999909
0.99997
0.999986
0.999984
0.999948
0.999712
0.998466
0.995156
0.993371
0.993032
0.993268
0.994226
0.994798
0.994966
0.995008
0.994823
0.994086
0.993338
0.99264
0.991268
0.987676
0.982633
0.980648
0.980147
0.979616
0.98016
0.98205
0.982394
0.981065
0.974818
0.950301
0.906985
0.892107
0.893187
0.906409
0.932987
0.945148
0.946855
0.939687
0.906142
0.878078
0.868805
0.869016
0.87947
0.9193
0.957011
0.979179
0.990762
0.996184
0.998513
0.999453
0.999808
0.999923
0.999941
0.999921
0.999785
0.999366
0.846902
0.862284
0.858334
0.823089
0.802584
0.769601
0.758195
0.763472
0.775706
0.793852
0.812986
0.828046
0.843929
0.859006
0.875226
0.88794
0.896227
0.903256
0.90749
0.908669
0.915901
0.926206
0.936784
0.94673
0.955682
0.962943
0.96915
0.973658
0.97595
0.977109
0.977584
0.977662
0.977629
0.977506
0.977405
0.977193
0.977079
0.976874
0.976738
0.976629
0.976559
0.976564
0.976586
0.97664
0.976691
0.976753
0.97681
0.976932
0.97698
0.976926
0.976685
0.975842
0.972786
0.960398
0.947036
0.943793
0.945897
0.960425
0.980945
0.991917
0.996891
0.998896
0.999632
0.999881
0.999962
0.999987
0.999996
0.999998
0.999999
1
1
1
1
1
1
1
1
1
1
1
1
1
1
0.999999
0.999993
0.999966
0.999858
0.99949
0.998364
0.995247
0.98699
0.96765
0.918349
0.876007
0.848696
0.832382
0.822888
0.815314
0.809455
0.805989
0.803363
0.800747
0.796956
0.792131
0.787893
0.785736
0.785305
0.786006
0.789858
0.803559
0.841046
0.880001
0.913575
0.94131
0.962732
0.977603
0.988846
0.994315
0.997173
0.998673
0.999416
0.99976
0.999908
0.999968
0.999989
0.999992
0.999987
0.999937
0.999632
0.998012
0.99466
0.993157
0.992978
0.993386
0.994604
0.995329
0.995501
0.995404
0.99501
0.993923
0.992895
0.991552
0.988972
0.983792
0.98007
0.979174
0.979517
0.979277
0.979522
0.98108
0.981473
0.979962
0.973464
0.947748
0.911585
0.902822
0.905663
0.925001
0.950343
0.959607
0.959908
0.949957
0.910835
0.880504
0.870708
0.871176
0.883698
0.925598
0.960745
0.981142
0.991691
0.99659
0.998679
0.999516
0.99983
0.999932
0.999948
0.999932
0.999817
0.999494
0.852173
0.889191
0.955065
0.951387
0.92536
0.844644
0.778389
0.771096
0.78976
0.814872
0.826631
0.810387
0.812871
0.838487
0.862488
0.881128
0.894111
0.90313
0.910298
0.914897
0.918936
0.926384
0.934198
0.941864
0.949242
0.955763
0.961467
0.966357
0.970595
0.973789
0.975756
0.976695
0.977105
0.977248
0.977256
0.9772
0.977113
0.977017
0.976952
0.976884
0.976842
0.976813
0.976796
0.976787
0.976782
0.976779
0.976795
0.976742
0.97659
0.976249
0.975452
0.973441
0.967119
0.950448
0.941793
0.941275
0.947315
0.969461
0.986335
0.994606
0.998104
0.999384
0.999805
0.999939
0.999981
0.999994
0.999998
0.999999
1
1
1
1
1
1
1
1
1
1
1
1
1
1
1
1
0.999999
0.999994
0.999974
0.999895
0.999631
0.998839
0.996653
0.990992
0.977517
0.940965
0.892251
0.859149
0.837238
0.823556
0.814016
0.806442
0.801362
0.797053
0.792707
0.788808
0.786416
0.786288
0.787354
0.79183
0.80494
0.839462
0.883396
0.922436
0.954892
0.976915
0.987971
0.993543
0.996487
0.998103
0.999021
0.999529
0.999789
0.999913
0.999967
0.999988
0.999995
0.999995
0.999986
0.99992
0.999526
0.997483
0.994231
0.992991
0.992955
0.993624
0.995123
0.995634
0.995628
0.995442
0.994677
0.992816
0.990888
0.988154
0.983296
0.979107
0.977238
0.977381
0.978955
0.979079
0.978899
0.979794
0.980145
0.978481
0.971647
0.944848
0.917373
0.9134
0.918204
0.942256
0.964118
0.970665
0.969966
0.956949
0.912723
0.881698
0.872341
0.873424
0.889236
0.932724
0.964764
0.983194
0.992637
0.996994
0.998842
0.999577
0.999852
0.99994
0.999955
0.999942
0.999848
0.999605
0.98066
0.968904
0.970844
0.974739
0.98462
0.983171
0.914529
0.831365
0.868409
0.941725
0.95728
0.917896
0.829783
0.814725
0.829261
0.864217
0.886558
0.900611
0.909862
0.916211
0.921469
0.927252
0.933806
0.940166
0.946293
0.951802
0.956698
0.961123
0.964935
0.968235
0.970995
0.97325
0.974774
0.975753
0.976309
0.976626
0.976755
0.976798
0.976796
0.976785
0.976764
0.976734
0.976704
0.976668
0.976609
0.9765
0.976274
0.975818
0.97518
0.974191
0.972248
0.968025
0.95546
0.941184
0.936776
0.939148
0.953869
0.977476
0.99061
0.996519
0.998811
0.999615
0.999881
0.999964
0.999989
0.999997
0.999999
1
1
1
1
1
1
1
1
1
1
1
1
1
1
1
1
1
1
0.999999
0.999996
0.99998
0.999924
0.999743
0.999209
0.997758
0.994091
0.985184
0.963609
0.917307
0.877661
0.849881
0.830563
0.817746
0.809098
0.801796
0.795281
0.79285
0.793202
0.795213
0.801102
0.816051
0.851707
0.903085
0.945313
0.972377
0.986156
0.993022
0.996385
0.998044
0.998907
0.999392
0.999678
0.999842
0.999929
0.99997
0.999989
0.999995
0.999997
0.999996
0.999983
0.999895
0.999376
0.996852
0.993792
0.992873
0.992971
0.994137
0.995459
0.995689
0.995579
0.994967
0.992859
0.989454
0.985633
0.979785
0.975153
0.973365
0.973619
0.974992
0.978579
0.97903
0.978327
0.978479
0.978404
0.976467
0.969024
0.943174
0.925414
0.924766
0.93217
0.95818
0.975082
0.979203
0.97747
0.960404
0.912139
0.882052
0.873966
0.876158
0.897204
0.940489
0.969163
0.985397
0.993632
0.997413
0.999008
0.999639
0.999874
0.999949
0.999962
0.999952
0.999878
0.999707
0.99946
0.998362
0.997277
0.997298
0.997593
0.997514
0.995693
0.984364
0.982249
0.986753
0.99371
0.993407
0.95636
0.843979
0.822069
0.828773
0.858652
0.889333
0.905573
0.914897
0.921284
0.927263
0.933344
0.939229
0.944894
0.949991
0.954511
0.958548
0.962073
0.965171
0.967798
0.970024
0.971826
0.973208
0.97421
0.974993
0.975555
0.975918
0.976125
0.976212
0.976249
0.976224
0.976151
0.975987
0.975673
0.97515
0.974073
0.972602
0.970808
0.968631
0.964552
0.955556
0.939816
0.931831
0.932475
0.940066
0.965337
0.984634
0.993956
0.997832
0.999274
0.999771
0.999931
0.99998
0.999994
0.999998
0.999999
1
1
1
1
1
1
1
1
1
1
1
1
1
1
1
1
1
1
1
0.999999
0.999997
0.999987
0.999951
0.999837
0.99951
0.998646
0.996517
0.991493
0.980516
0.951775
0.910653
0.876342
0.853797
0.836499
0.821583
0.815678
0.815917
0.818516
0.825889
0.842738
0.88375
0.936344
0.967317
0.98377
0.992085
0.996159
0.998113
0.999033
0.999472
0.999698
0.999828
0.999907
0.999954
0.999979
0.999991
0.999996
0.999998
0.999998
0.999995
0.999977
0.999856
0.999151
0.996108
0.993369
0.992821
0.993148
0.994817
0.99558
0.995548
0.994925
0.992905
0.987201
0.981701
0.973581
0.966803
0.964932
0.965686
0.967764
0.972662
0.978279
0.979038
0.978125
0.977573
0.976884
0.974606
0.966177
0.943962
0.936035
0.937205
0.94737
0.971233
0.98311
0.985264
0.982372
0.960918
0.910444
0.882083
0.875799
0.879819
0.907666
0.948499
0.973676
0.987617
0.994624
0.997825
0.999171
0.9997
0.999895
0.999958
0.999969
0.999962
0.999908
0.999792
0.999988
0.999953
0.999874
0.999833
0.999824
0.999796
0.999692
0.999015
0.998595
0.998841
0.999367
0.999395
0.997932
0.986699
0.900756
0.842226
0.841348
0.854834
0.885451
0.905525
0.916697
0.92455
0.930959
0.936689
0.942038
0.946987
0.951508
0.955625
0.959274
0.962474
0.965212
0.967523
0.969412
0.970901
0.972043
0.97292
0.973558
0.974058
0.974345
0.974595
0.974531
0.974304
0.973843
0.972874
0.971581
0.969566
0.966651
0.963014
0.95914
0.954912
0.946125
0.932371
0.924753
0.925145
0.930272
0.950635
0.976599
0.990413
0.996491
0.998831
0.999635
0.999889
0.999967
0.999991
0.999997
0.999999
1
1
1
1
1
1
1
1
1
1
1
1
1
1
1
1
1
1
1
1
1
1
0.999998
0.999992
0.999971
0.999906
0.999727
0.999272
0.998196
0.995827
0.9909
0.979016
0.954938
0.930838
0.901454
0.87928
0.874349
0.876018
0.882814
0.898626
0.936321
0.96458
0.981483
0.990789
0.995566
0.997899
0.999007
0.999521
0.999755
0.999865
0.999921
0.999954
0.999974
0.999987
0.999994
0.999997
0.999999
0.999998
0.999997
0.999993
0.999966
0.999798
0.998832
0.995324
0.993071
0.992823
0.993588
0.995196
0.995481
0.994908
0.992583
0.986907
0.975315
0.967027
0.960829
0.955473
0.954976
0.956575
0.960919
0.970498
0.978146
0.979195
0.978139
0.977197
0.976174
0.973672
0.964545
0.95013
0.947742
0.949838
0.961879
0.980697
0.988429
0.989183
0.984912
0.958758
0.90732
0.881833
0.877729
0.884563
0.919204
0.956157
0.977845
0.989651
0.995529
0.998199
0.999317
0.999754
0.999914
0.999966
0.999975
0.999971
0.999935
0.999855
1
0.999999
0.999997
0.999994
0.999992
0.999989
0.999982
0.999952
0.999906
0.999914
0.999943
0.999938
0.999757
0.997746
0.983257
0.907736
0.853454
0.849638
0.856603
0.876019
0.89338
0.905305
0.913921
0.920978
0.927645
0.934553
0.941121
0.946948
0.951954
0.956009
0.959325
0.962019
0.964047
0.965535
0.966563
0.967216
0.967771
0.967854
0.967997
0.967569
0.966523
0.964794
0.963031
0.959462
0.955552
0.95049
0.944823
0.938254
0.933382
0.925767
0.919246
0.916865
0.918001
0.922421
0.937575
0.968041
0.986371
0.994944
0.998276
0.999436
0.999823
0.999946
0.999984
0.999995
0.999999
1
1
1
1
1
1
1
1
1
1
1
1
1
1
1
1
1
1
1
1
1
1
1
1
0.999999
0.999995
0.999985
0.999953
0.999868
0.999664
0.999211
0.998228
0.995585
0.992535
0.987423
0.97354
0.962124
0.96051
0.961661
0.965758
0.975284
0.984504
0.991233
0.99541
0.997731
0.99892
0.999496
0.999766
0.999888
0.999943
0.999968
0.999981
0.999988
0.999993
0.999997
0.999998
0.999999
0.999999
0.999998
0.999996
0.999987
0.999946
0.999713
0.998371
0.994555
0.992892
0.992923
0.994329
0.995277
0.994926
0.992715
0.986186
0.972918
0.964548
0.960314
0.956543
0.951789
0.950297
0.950969
0.955041
0.967847
0.978006
0.979581
0.978295
0.97717
0.976085
0.973564
0.965033
0.959696
0.959442
0.962197
0.974565
0.987521
0.991821
0.991646
0.985573
0.953601
0.903171
0.881474
0.879667
0.891031
0.931264
0.96329
0.981668
0.991509
0.996353
0.998538
0.999448
0.999801
0.99993
0.999972
0.99998
0.999977
0.999955
0.999896
1
1
1
1
1
1
0.999999
0.999998
0.999995
0.999995
0.999995
0.999993
0.999969
0.999633
0.996778
0.981602
0.919967
0.866901
0.859807
0.862897
0.871982
0.881008
0.888024
0.893586
0.898361
0.902594
0.907025
0.913175
0.920394
0.926747
0.932584
0.93664
0.9389
0.939719
0.939426
0.938328
0.937525
0.936707
0.935039
0.933305
0.931923
0.930407
0.928836
0.925709
0.922236
0.918655
0.915423
0.913433
0.911744
0.910776
0.911085
0.912422
0.916517
0.928801
0.960835
0.98317
0.993565
0.997685
0.999209
0.999742
0.999919
0.999976
0.999993
0.999998
0.999999
1
1
1
1
1
1
1
1
1
1
1
1
1
1
1
1
1
1
1
1
1
1
1
1
1
0.999999
0.999998
0.999993
0.99998
0.999947
0.999873
0.999702
0.999216
0.998695
0.997948
0.995792
0.992439
0.991578
0.991726
0.992532
0.994657
0.996692
0.998139
0.999029
0.999522
0.999774
0.999895
0.999952
0.999977
0.999988
0.999993
0.999996
0.999997
0.999998
0.999999
1
0.999999
0.999999
0.999996
0.99999
0.999973
0.999912
0.999585
0.997698
0.993924
0.992827
0.993176
0.994743
0.994918
0.993317
0.986931
0.972296
0.965463
0.961709
0.959007
0.955501
0.950449
0.94822
0.948456
0.951583
0.964716
0.977664
0.980252
0.978799
0.977381
0.976403
0.974191
0.97043
0.969863
0.970352
0.973784
0.984488
0.992002
0.99385
0.992851
0.984684
0.94546
0.89772
0.880964
0.881495
0.900641
0.942691
0.969813
0.985143
0.993191
0.997097
0.998843
0.999564
0.999843
0.999944
0.999975
0.999982
0.99998
0.999962
0.99991
1
1
1
1
1
1
1
1
1
1
1
0.999999
0.999996
0.99995
0.999475
0.996592
0.984286
0.94563
0.893674
0.8762
0.87682
0.881008
0.888528
0.89518
0.900401
0.904252
0.906121
0.907334
0.908444
0.9096
0.911263
0.913813
0.916738
0.919438
0.921698
0.923485
0.924355
0.924535
0.924593
0.923348
0.921533
0.920102
0.91859
0.916526
0.914008
0.91157
0.910055
0.90959
0.909607
0.909911
0.911207
0.915612
0.927276
0.959376
0.98238
0.992883
0.997308
0.999039
0.999674
0.999894
0.999967
0.99999
0.999997
0.999999
1
1
1
1
1
1
1
1
1
1
1
1
1
1
1
1
1
1
1
1
1
1
1
1
1
1
1
1
0.999999
0.999997
0.999993
0.999983
0.999959
0.999885
0.999805
0.999714
0.999503
0.998967
0.998749
0.99875
0.998841
0.999135
0.999457
0.99969
0.999836
0.999918
0.999961
0.999982
0.999992
0.999996
0.999998
0.999999
0.999999
0.999999
1
1
1
0.999999
0.999998
0.99999
0.999975
0.999946
0.999854
0.999395
0.996866
0.993453
0.992854
0.993779
0.994869
0.994043
0.988777
0.97396
0.966452
0.963888
0.961578
0.959305
0.95545
0.949979
0.947111
0.947114
0.949775
0.962944
0.977325
0.981056
0.980106
0.978395
0.978014
0.977967
0.978563
0.978795
0.979809
0.983724
0.990909
0.994518
0.994914
0.992956
0.980969
0.932293
0.891024
0.880317
0.884151
0.913789
0.952829
0.975726
0.988255
0.99469
0.99776
0.999114
0.999667
0.999879
0.999953
0.999976
0.99998
0.999977
0.999957
0.999907
1
1
1
1
1
1
1
1
1
1
1
1
1
0.999994
0.999932
0.999491
0.997393
0.990109
0.970664
0.941724
0.926407
0.924144
0.926442
0.934539
0.942271
0.945856
0.946189
0.945014
0.938405
0.928999
0.925234
0.925271
0.926394
0.929265
0.935454
0.94253
0.949397
0.956191
0.960895
0.96291
0.962751
0.958462
0.951433
0.944297
0.935988
0.928408
0.924548
0.923871
0.92414
0.925422
0.929726
0.941519
0.968707
0.985292
0.993656
0.997457
0.999045
0.99966
0.999885
0.999963
0.999988
0.999997
0.999999
1
1
1
1
1
1
1
1
1
1
1
1
1
1
1
1
1
1
1
1
1
1
1
1
1
1
1
1
1
1
1
0.999999
0.999998
0.999996
0.999987
0.999975
0.999965
0.999949
0.999902
0.999871
0.999868
0.999874
0.9999
0.999935
0.999961
0.999979
0.999989
0.999995
0.999997
0.999999
0.999999
1
1
1
1
1
1
1
0.999999
0.999994
0.999972
0.999942
0.999893
0.999758
0.999116
0.995956
0.993136
0.992994
0.994294
0.994427
0.99143
0.978009
0.967785
0.965222
0.964597
0.964782
0.963041
0.957576
0.950039
0.946419
0.94624
0.948616
0.961723
0.976901
0.981705
0.981553
0.98065
0.981045
0.983264
0.984951
0.985757
0.987124
0.990621
0.994378
0.995634
0.995242
0.991719
0.970935
0.914761
0.884401
0.879876
0.88938
0.92885
0.96225
0.980994
0.990988
0.995997
0.998336
0.999349
0.999755
0.999906
0.999957
0.999971
0.999972
0.999966
0.999936
0.999888
1
1
1
1
1
1
1
1
1
1
1
1
1
0.999999
0.999993
0.999939
0.999651
0.998538
0.995297
0.986544
0.978659
0.976427
0.976711
0.978567
0.981899
0.98401
0.984721
0.984671
0.983848
0.980249
0.974839
0.972866
0.972979
0.974194
0.978049
0.98241
0.986303
0.989244
0.99116
0.99222
0.992656
0.992623
0.991367
0.989078
0.985634
0.979696
0.974224
0.972134
0.972112
0.973093
0.976214
0.984491
0.991585
0.995941
0.998218
0.999278
0.999726
0.999902
0.999966
0.999989
0.999997
0.999999
1
1
1
1
1
1
1
1
1
1
1
1
1
1
1
1
1
1
1
1
1
1
1
1
1
1
1
1
1
1
1
1
1
1
1
0.999999
0.999997
0.999996
0.999996
0.999993
0.999991
0.99999
0.99999
0.999992
0.999994
0.999996
0.999998
0.999999
0.999999
1
1
1
1
1
1
1
1
1
0.999999
0.999997
0.999984
0.999928
0.999867
0.999793
0.999603
0.998714
0.995066
0.992983
0.993252
0.994471
0.993411
0.984769
0.969109
0.966302
0.966917
0.969952
0.971376
0.97078
0.963905
0.951342
0.946197
0.945709
0.947973
0.961413
0.976878
0.981983
0.982609
0.982697
0.984129
0.987154
0.989274
0.990543
0.992059
0.994354
0.995843
0.99594
0.994777
0.98721
0.948536
0.898007
0.879373
0.879837
0.900371
0.943517
0.970623
0.98558
0.993328
0.997102
0.998817
0.999541
0.999822
0.999922
0.999951
0.999956
0.999953
0.999934
0.999887
0.99985
1
1
1
1
1
1
1
1
1
1
1
1
1
1
0.999999
0.999994
0.999964
0.999834
0.999413
0.998088
0.995899
0.994912
0.994866
0.995094
0.995819
0.99643
0.996742
0.996822
0.99678
0.99648
0.995274
0.994611
0.994614
0.994857
0.99563
0.996636
0.997498
0.998117
0.998523
0.998757
0.998844
0.998818
0.998401
0.997928
0.997644
0.997123
0.995608
0.994724
0.994589
0.994707
0.995273
0.996865
0.998247
0.99913
0.99961
0.999839
0.999938
0.999978
0.999992
0.999997
0.999999
1
1
1
1
1
1
1
1
1
1
1
1
1
1
1
1
1
1
1
1
1
1
1
1
1
1
1
1
1
1
1
1
1
1
1
1
1
1
1
1
1
0.999999
0.999999
0.999999
1
1
1
1
1
1
1
1
1
1
1
1
1
1
1
0.999998
0.999991
0.999957
0.99983
0.999718
0.999611
0.999355
0.998148
0.994232
0.992921
0.993855
0.994355
0.990477
0.97221
0.96677
0.967673
0.971655
0.972554
0.973005
0.974175
0.970619
0.954426
0.946314
0.945445
0.947494
0.960029
0.976471
0.982054
0.983213
0.984096
0.986334
0.989346
0.991725
0.993358
0.994751
0.99588
0.996168
0.99572
0.99222
0.973483
0.919485
0.884216
0.876241
0.882193
0.917801
0.956189
0.977904
0.98946
0.995259
0.997994
0.999197
0.999685
0.999864
0.999919
0.999928
0.999925
0.999903
0.999845
0.999806
0.999783
1
1
1
1
1
1
1
1
1
1
1
1
1
1
1
1
0.999997
0.999986
0.999945
0.999821
0.999484
0.999242
0.999195
0.999213
0.999298
0.999405
0.999473
0.999506
0.999512
0.9995
0.999385
0.999258
0.999255
0.99929
0.999406
0.999561
0.999682
0.999768
0.999822
0.999853
0.999866
0.999866
0.999833
0.999737
0.999683
0.999612
0.999381
0.999173
0.999124
0.999134
0.999208
0.999462
0.999699
0.999851
0.999933
0.999972
0.999989
0.999996
0.999999
1
1
1
1
1
1
1
1
1
1
1
1
1
1
1
1
1
1
1
1
1
1
1
1
1
1
1
1
1
1
1
1
1
1
1
1
1
1
1
1
1
1
1
1
1
1
1
1
1
1
1
1
1
1
1
1
1
1
1
1
0.999999
0.999994
0.999973
0.999884
0.999615
0.999433
0.999296
0.998978
0.997379
0.993594
0.993003
0.994136
0.993424
0.983143
0.967091
0.966832
0.97142
0.972864
0.972233
0.97267
0.974893
0.97446
0.958811
0.946751
0.945536
0.94783
0.960621
0.976613
0.982151
0.983549
0.984827
0.987256
0.990176
0.992805
0.994671
0.995775
0.996163
0.995985
0.993885
0.983056
0.9405
0.894485
0.875065
0.874818
0.892097
0.937333
0.967407
0.984044
0.992624
0.996784
0.998677
0.999475
0.999777
0.99987
0.999883
0.999873
0.99982
0.99973
0.999674
0.999655
0.999647
1
1
1
1
1
1
1
1
1
1
1
1
1
1
1
1
1
0.999999
0.999996
0.999987
0.999958
0.999923
0.99991
0.99991
0.999916
0.999927
0.999936
0.999941
0.999944
0.999945
0.999939
0.999926
0.999926
0.99993
0.999942
0.999959
0.999971
0.99998
0.999985
0.999988
0.999989
0.999989
0.999987
0.999978
0.999973
0.999965
0.99994
0.999911
0.999902
0.999902
0.999909
0.999937
0.999965
0.999983
0.999992
0.999997
0.999999
1
1
1
1
1
1
1
1
1
1
1
1
1
1
1
1
1
1
1
1
1
1
1
1
1
1
1
1
1
1
1
1
1
1
1
1
1
1
1
1
1
1
1
1
1
1
1
1
1
1
1
1
1
1
1
1
1
1
1
1
1
0.999999
0.999995
0.999979
0.999917
0.999675
0.999173
0.998925
0.998777
0.998426
0.996416
0.993208
0.993193
0.994213
0.991294
0.970698
0.965767
0.969465
0.972278
0.971092
0.967616
0.969401
0.974901
0.978221
0.964129
0.947636
0.946024
0.948951
0.962285
0.976577
0.982071
0.983622
0.985052
0.987381
0.990277
0.993047
0.995005
0.995872
0.995892
0.994307
0.985837
0.952548
0.905302
0.876532
0.87015
0.876732
0.913816
0.953853
0.976799
0.989007
0.995082
0.997925
0.999167
0.999652
0.9998
0.999817
0.999782
0.999629
0.999467
0.999388
0.999374
0.999389
0.999459
1
1
1
1
1
1
1
1
1
1
1
1
1
1
1
1
1
1
1
0.999999
0.999998
0.999994
0.999992
0.999992
0.999992
0.999993
0.999994
0.999994
0.999995
0.999995
0.999995
0.999994
0.999994
0.999995
0.999996
0.999997
0.999998
0.999999
0.999999
0.999999
0.999999
0.999999
0.999999
0.999999
0.999998
0.999998
0.999995
0.999993
0.999992
0.999992
0.999992
0.999995
0.999997
0.999999
0.999999
1
1
1
1
1
1
1
1
1
1
1
1
1
1
1
1
1
1
1
1
1
1
1
1
1
1
1
1
1
1
1
1
1
1
1
1
1
1
1
1
1
1
1
1
1
1
1
1
1
1
1
1
1
1
1
1
1
1
1
1
1
1
1
0.999997
0.999984
0.999933
0.999751
0.999111
0.998361
0.998092
0.997991
0.997678
0.995459
0.992973
0.993581
0.994021
0.985491
0.96542
0.966378
0.970042
0.970172
0.963241
0.956399
0.962298
0.975072
0.980411
0.971516
0.949763
0.947167
0.951521
0.962716
0.974932
0.980926
0.983357
0.984959
0.987044
0.989888
0.992844
0.994872
0.995346
0.994074
0.98627
0.955843
0.911351
0.878671
0.866261
0.868636
0.890907
0.937751
0.967685
0.984284
0.992792
0.996882
0.998728
0.999476
0.999707
0.999727
0.999635
0.999266
0.998951
0.998827
0.998816
0.998885
0.999132
0.999374
1
1
1
1
1
1
1
1
1
1
1
1
1
1
1
1
1
1
1
1
1
1
1
0.999999
0.999999
1
1
1
1
1
1
1
1
1
1
1
1
1
1
1
1
1
1
1
1
1
1
0.999999
0.999999
0.999999
0.999999
1
1
1
1
1
1
1
1
1
1
1
1
1
1
1
1
1
1
1
1
1
1
1
1
1
1
1
1
1
1
1
1
1
1
1
1
1
1
1
1
1
1
1
1
1
1
1
1
1
1
1
1
1
1
1
1
1
1
1
1
1
1
1
1
1
1
0.999998
0.999989
0.999946
0.999788
0.99925
0.997831
0.996951
0.996805
0.996885
0.996703
0.994513
0.992814
0.993858
0.993038
0.974147
0.96354
0.967476
0.967988
0.962247
0.947047
0.94083
0.953601
0.975263
0.980894
0.979503
0.957579
0.949719
0.953408
0.961072
0.968687
0.975709
0.981095
0.983671
0.98508
0.987757
0.991504
0.993772
0.992916
0.985721
0.954589
0.910358
0.877866
0.862213
0.862155
0.874775
0.920115
0.957313
0.978649
0.989939
0.99553
0.998139
0.999237
0.999586
0.999615
0.999444
0.998743
0.99816
0.997947
0.997939
0.998122
0.998611
0.999005
0.999295
1
1
1
1
1
1
1
1
1
1
1
1
1
1
1
1
1
1
1
1
1
1
1
1
1
1
1
1
1
1
1
1
1
1
1
1
1
1
1
1
1
1
1
1
1
1
1
1
1
1
1
1
1
1
1
1
1
1
1
1
1
1
1
1
1
1
1
1
1
1
1
1
1
1
1
1
1
1
1
1
1
1
1
1
1
1
1
1
1
1
1
1
1
1
1
1
1
1
1
1
1
1
1
1
1
1
1
1
1
1
1
1
1
1
1
1
0.999999
0.999994
0.999959
0.999812
0.999312
0.997615
0.995321
0.994627
0.994729
0.995415
0.995396
0.993507
0.992708
0.994003
0.990836
0.965284
0.963212
0.966163
0.958953
0.947994
0.926387
0.922493
0.942382
0.971846
0.980418
0.982032
0.974792
0.957182
0.955363
0.960236
0.965482
0.972501
0.978786
0.982047
0.983666
0.986528
0.98986
0.990249
0.983763
0.951088
0.902604
0.871528
0.856539
0.855858
0.865255
0.90399
0.947259
0.972871
0.986835
0.99397
0.997422
0.998936
0.999439
0.999491
0.999258
0.998193
0.997212
0.996854
0.996838
0.997122
0.997883
0.998497
0.998939
0.999266
1
1
1
1
1
1
1
1
1
1
1
1
1
1
1
1
1
1
1
1
1
1
1
1
1
1
1
1
1
1
1
1
1
1
1
1
1
1
1
1
1
1
1
1
1
1
1
1
1
1
1
1
1
1
1
1
1
1
1
1
1
1
1
1
1
1
1
1
1
1
1
1
1
1
1
1
1
1
1
1
1
1
1
1
1
1
1
1
1
1
1
1
1
1
1
1
1
1
1
1
1
1
1
1
1
1
1
1
1
1
1
1
1
1
1
1
0.999997
0.999974
0.999845
0.99932
0.99771
0.993518
0.990899
0.990727
0.991262
0.993417
0.993808
0.992551
0.992646
0.994063
0.98486
0.961211
0.962941
0.958699
0.947701
0.939501
0.90895
0.897501
0.919234
0.958047
0.974884
0.981585
0.981671
0.971911
0.963025
0.962218
0.966412
0.973132
0.979043
0.98199
0.983461
0.985645
0.986354
0.979217
0.943198
0.889596
0.860453
0.84892
0.849631
0.858705
0.892666
0.939525
0.968092
0.984038
0.992439
0.99666
0.998594
0.999276
0.999367
0.999114
0.997773
0.996293
0.995707
0.995647
0.99595
0.996955
0.997841
0.998477
0.998929
0.999279
1
1
1
1
1
1
1
1
1
1
1
1
1
1
1
1
1
1
1
1
1
1
1
1
1
1
1
1
1
1
1
1
1
1
1
1
1
1
1
1
1
1
1
1
1
1
1
1
1
1
1
1
1
1
1
1
1
1
1
1
1
1
1
1
1
1
1
1
1
1
1
1
1
1
1
1
1
1
1
1
1
1
1
1
1
1
1
1
1
1
1
1
1
1
1
1
1
1
1
1
1
1
1
1
1
1
1
1
1
1
1
1
1
1
1
0.999999
0.999988
0.999895
0.999389
0.997477
0.992307
0.986564
0.98486
0.984998
0.986504
0.990967
0.992099
0.99173
0.992914
0.993461
0.973316
0.959309
0.958715
0.947572
0.943464
0.936952
0.901041
0.867695
0.874074
0.917986
0.953171
0.974811
0.979571
0.979709
0.975183
0.973371
0.974229
0.977898
0.980516
0.981891
0.982595
0.981889
0.972111
0.928591
0.873192
0.847753
0.840822
0.84392
0.853744
0.886834
0.935182
0.964998
0.981936
0.991129
0.995932
0.998239
0.999112
0.999261
0.999046
0.997653
0.995593
0.994648
0.994473
0.9947
0.995773
0.997012
0.997887
0.998529
0.998991
0.999352
1
1
1
1
1
1
1
1
1
1
1
1
1
1
1
1
1
1
1
1
1
1
1
1
1
1
1
1
1
1
1
1
1
1
1
1
1
1
1
1
1
1
1
1
1
1
1
1
1
1
1
1
1
1
1
1
1
1
1
1
1
1
1
1
1
1
1
1
1
1
1
1
1
1
1
1
1
1
1
1
1
1
1
1
1
1
1
1
1
1
1
1
1
1
1
1
1
1
1
1
1
1
1
1
1
1
1
1
1
1
1
1
1
1
1
0.999996
0.999949
0.999555
0.997556
0.990617
0.984549
0.982703
0.982214
0.982427
0.984577
0.98961
0.990788
0.991084
0.993095
0.992228
0.963596
0.956839
0.948356
0.941778
0.941536
0.936966
0.905233
0.855002
0.838282
0.848286
0.897033
0.95174
0.970735
0.976451
0.97723
0.976872
0.977086
0.978217
0.979
0.978071
0.973163
0.956011
0.903979
0.856119
0.836796
0.833985
0.839105
0.850925
0.886782
0.934489
0.963809
0.980737
0.990199
0.99533
0.997907
0.998952
0.999174
0.999032
0.99787
0.995239
0.993786
0.993391
0.993506
0.994424
0.996041
0.997206
0.998059
0.998682
0.999131
0.999475
1
1
1
1
1
1
1
1
1
1
1
1
1
1
1
1
1
1
1
1
1
1
1
1
1
1
1
1
1
1
1
1
1
1
1
1
1
1
1
1
1
1
1
1
1
1
1
1
1
1
1
1
1
1
1
1
1
1
1
1
1
1
1
1
1
1
1
1
1
1
1
1
1
1
1
1
1
1
1
1
1
1
1
1
1
1
1
1
1
1
1
1
1
1
1
1
1
1
1
1
1
1
1
1
1
1
1
1
1
1
1
1
1
1
0.999999
0.999985
0.999781
0.99807
0.990393
0.981203
0.981623
0.981859
0.981718
0.981957
0.98516
0.989326
0.990033
0.990764
0.993218
0.987854
0.959237
0.952074
0.940183
0.936368
0.938034
0.941198
0.925329
0.8602
0.828253
0.820601
0.829144
0.868891
0.925593
0.950941
0.961452
0.96465
0.965657
0.963668
0.957612
0.942593
0.910104
0.866478
0.83903
0.828478
0.829448
0.836087
0.853019
0.894733
0.938655
0.965354
0.981052
0.990062
0.99509
0.997699
0.998816
0.999095
0.999018
0.998153
0.995273
0.993156
0.99243
0.992433
0.993089
0.994947
0.996459
0.997541
0.998347
0.998917
0.999331
0.999622
1
1
1
1
1
1
1
1
1
1
1
1
1
1
1
1
1
1
1
1
1
1
1
1
1
1
1
1
1
1
1
1
1
1
1
1
1
1
1
1
1
1
1
1
1
1
1
1
1
1
1
1
1
1
1
1
1
1
1
1
1
1
1
1
1
1
1
1
1
1
1
1
1
1
1
1
1
1
1
1
1
1
1
1
1
1
1
1
1
1
1
1
1
1
1
1
1
1
1
1
1
1
1
1
1
1
1
1
1
1
1
1
1
1
0.999997
0.999935
0.999053
0.991968
0.976971
0.977632
0.982576
0.984309
0.983604
0.984465
0.988402
0.989437
0.989516
0.990927
0.992587
0.982387
0.956582
0.946254
0.930105
0.924325
0.928484
0.94281
0.945696
0.916472
0.839298
0.815345
0.81036
0.811318
0.827903
0.852195
0.874791
0.885095
0.888729
0.88183
0.868398
0.849454
0.834782
0.826184
0.824396
0.828493
0.839747
0.866885
0.912322
0.947983
0.970005
0.983212
0.990952
0.995351
0.99768
0.998713
0.999
0.998959
0.998285
0.995473
0.992696
0.991571
0.991447
0.9919
0.993762
0.995667
0.997022
0.998006
0.998721
0.999204
0.999559
0.999728
1
1
1
1
1
1
1
1
1
1
1
1
1
1
1
1
1
1
1
1
1
1
1
1
1
1
1
1
1
1
1
1
1
1
1
1
1
1
1
1
1
1
1
1
1
1
1
1
1
1
1
1
1
1
1
1
1
1
1
1
1
1
1
1
1
1
1
1
1
1
1
1
1
1
1
1
1
1
1
1
1
1
1
1
1
1
1
1
1
1
1
1
1
1
1
1
1
1
1
1
1
1
1
1
1
1
1
1
1
1
1
1
1
0.999999
0.999989
0.999772
0.996753
0.978148
0.970957
0.977514
0.98625
0.98861
0.989431
0.989344
0.988938
0.988449
0.988617
0.990322
0.990998
0.982066
0.955629
0.940374
0.918302
0.910916
0.912708
0.932945
0.950194
0.962252
0.910366
0.835597
0.809927
0.803887
0.803113
0.806021
0.812771
0.818901
0.821359
0.821811
0.820817
0.820029
0.821347
0.824789
0.832676
0.851989
0.891044
0.932595
0.958804
0.975737
0.986125
0.992301
0.995844
0.997739
0.998605
0.998874
0.998857
0.998308
0.995722
0.992371
0.990821
0.990527
0.990837
0.992559
0.994859
0.99651
0.997697
0.998537
0.999135
0.999488
0.999705
0.999756
1
1
1
1
1
1
1
1
1
1
1
1
1
1
1
1
1
1
1
1
1
1
1
1
1
1
1
1
1
1
1
1
1
1
1
1
1
1
1
1
1
1
1
1
1
1
1
1
1
1
1
1
1
1
1
1
1
1
1
1
1
1
1
1
1
1
1
1
1
1
1
1
1
1
1
1
1
1
1
1
1
1
1
1
1
1
1
1
1
1
1
1
1
1
1
1
1
1
1
1
1
1
1
1
1
1
1
0.999999
0.999998
0.999998
0.999998
0.999998
0.999998
0.999997
0.99997
0.99945
0.992749
0.969987
0.966583
0.97633
0.984901
0.988009
0.988292
0.988084
0.987425
0.986683
0.986807
0.987893
0.988336
0.982449
0.958373
0.940982
0.919482
0.907599
0.909262
0.926474
0.931143
0.971749
0.964454
0.911
0.841909
0.815338
0.806523
0.804205
0.804121
0.807936
0.811183
0.814485
0.818336
0.822865
0.831472
0.847344
0.879265
0.918611
0.948741
0.968426
0.981072
0.988913
0.993614
0.996309
0.997754
0.998436
0.99869
0.998683
0.998185
0.995822
0.992089
0.990149
0.989662
0.989862
0.991371
0.994029
0.995985
0.997394
0.998423
0.999068
0.999415
0.999629
0.999706
0.999579
1
1
1
1
1
1
1
1
1
1
1
1
1
1
1
1
1
1
1
1
1
1
1
1
1
1
1
1
1
1
1
1
1
1
1
1
1
1
1
1
1
1
1
1
1
1
1
1
1
1
1
1
1
1
1
1
1
1
1
1
1
1
1
1
1
1
1
1
1
1
1
1
1
1
1
1
1
1
1
1
1
1
1
1
1
1
1
1
1
1
1
1
1
1
1
1
1
1
1
1
1
1
1
1
1
0.999999
0.999992
0.999985
0.999985
0.999987
0.999991
0.999992
0.999992
0.99999
0.999938
0.999051
0.989355
0.962029
0.956809
0.964516
0.974126
0.980286
0.983392
0.984271
0.983462
0.981852
0.981918
0.98297
0.984687
0.981742
0.964314
0.943538
0.923067
0.907995
0.908762
0.925715
0.916907
0.97319
0.977477
0.964321
0.92231
0.862524
0.837662
0.826104
0.821159
0.819851
0.823659
0.829706
0.840703
0.857767
0.885577
0.917335
0.943753
0.964394
0.97724
0.986116
0.991547
0.994802
0.996653
0.997649
0.998161
0.9984
0.998363
0.997772
0.995352
0.99155
0.989426
0.988804
0.988944
0.990287
0.993194
0.995487
0.997217
0.998315
0.998921
0.999317
0.999477
0.999471
0.999373
0.998371
1
1
1
1
1
1
1
1
1
1
1
1
1
1
1
1
1
1
1
1
1
1
1
1
1
1
1
1
1
1
1
1
1
1
1
1
1
1
1
1
1
1
1
1
1
1
1
1
1
1
1
1
1
1
1
1
1
1
1
1
1
1
1
1
1
1
1
1
1
1
1
1
1
1
1
1
1
1
1
1
1
1
1
1
1
1
1
1
1
1
1
1
1
1
1
1
1
1
1
1
1
1
1
1
0.999997
0.999984
0.999916
0.999889
0.999899
0.999922
0.999947
0.999963
0.999969
0.999965
0.999885
0.998629
0.986066
0.95208
0.943506
0.948964
0.956007
0.962469
0.968318
0.96996
0.968709
0.968967
0.970428
0.9755
0.979393
0.978994
0.971522
0.949714
0.929378
0.911786
0.914831
0.929507
0.906078
0.968505
0.979937
0.978937
0.969158
0.944817
0.914021
0.89856
0.887843
0.883135
0.883787
0.892098
0.91409
0.936802
0.949789
0.964706
0.976248
0.985313
0.99008
0.993596
0.995553
0.99668
0.997317
0.997721
0.997897
0.997721
0.996815
0.99403
0.990553
0.988554
0.987931
0.988063
0.989311
0.992473
0.995187
0.996993
0.998077
0.998767
0.998963
0.998917
0.998701
0.998083
0.997111
0.992296
1
1
1
1
1
1
1
1
1
1
1
1
1
1
1
1
1
1
1
1
1
1
1
1
1
1
1
1
1
1
1
1
1
1
1
1
1
1
1
1
1
1
1
1
1
1
1
1
1
1
1
1
1
1
1
1
1
1
1
1
1
1
1
1
1
1
1
1
1
1
1
1
1
1
1
1
1
1
1
1
1
1
1
1
1
1
1
1
1
1
1
1
1
1
1
1
1
1
1
1
1
1
0.999999
0.999995
0.999972
0.999866
0.999471
0.999409
0.999474
0.999644
0.999774
0.999853
0.999889
0.999888
0.999777
0.998111
0.98247
0.943846
0.930739
0.929382
0.925629
0.918429
0.916359
0.923689
0.932284
0.940465
0.954722
0.965174
0.971154
0.973376
0.970667
0.961191
0.939204
0.91924
0.926855
0.932689
0.897151
0.961166
0.980124
0.981582
0.981582
0.975788
0.96669
0.96016
0.955085
0.951907
0.950825
0.953988
0.967165
0.975761
0.9799
0.985334
0.98997
0.993003
0.994475
0.995591
0.996258
0.996718
0.996956
0.996875
0.996279
0.994683
0.991785
0.98906
0.987494
0.987032
0.987231
0.988599
0.991918
0.994811
0.996818
0.997885
0.997963
0.997772
0.997042
0.995236
0.993307
0.989485
0.985725
0.970353
1
1
1
1
1
1
1
1
1
1
1
1
1
1
1
1
1
1
1
1
1
1
1
1
1
1
1
1
1
1
1
1
1
1
1
1
1
1
1
1
1
1
1
1
1
1
1
1
1
1
1
1
1
1
1
1
1
1
1
1
1
1
1
1
1
1
1
1
1
1
1
1
1
1
1
1
1
1
1
1
1
1
1
1
1
1
1
1
1
1
1
1
1
1
1
1
1
1
1
1
0.999999
0.999997
0.99999
0.999961
0.999792
0.999162
0.997907
0.997878
0.998139
0.998863
0.999328
0.999583
0.999711
0.999718
0.999535
0.997072
0.97808
0.934748
0.916584
0.914238
0.914257
0.903182
0.882534
0.872495
0.880078
0.906036
0.932613
0.947957
0.957427
0.962508
0.966109
0.962917
0.95446
0.935569
0.941558
0.933859
0.881213
0.950286
0.976543
0.981586
0.98385
0.984305
0.983637
0.982841
0.982196
0.98116
0.9805
0.981596
0.986878
0.989387
0.990573
0.992117
0.993532
0.994369
0.994832
0.995284
0.995479
0.995219
0.994396
0.992988
0.991038
0.988888
0.987234
0.986328
0.986176
0.986551
0.988118
0.991856
0.995167
0.996674
0.996671
0.996021
0.993044
0.989769
0.982692
0.976381
0.967879
0.956816
0.946955
0.910862
1
1
1
1
1
1
1
1
1
1
1
1
1
1
1
1
1
1
1
1
1
1
1
1
1
1
1
1
1
1
1
1
1
1
1
1
1
1
1
1
1
1
1
1
1
1
1
1
1
1
1
1
1
1
1
1
1
1
1
1
1
1
1
1
1
1
1
1
1
1
1
1
1
1
1
1
1
1
1
1
1
1
1
1
1
1
1
1
1
1
1
1
1
1
0.999999
0.999999
0.999999
0.999998
0.999997
0.999994
0.999986
0.999968
0.999919
0.999733
0.998829
0.997072
0.996555
0.996516
0.996739
0.997535
0.998473
0.99906
0.999385
0.999413
0.999095
0.995738
0.973704
0.930405
0.912926
0.910464
0.911959
0.910018
0.892536
0.864219
0.851013
0.859342
0.892281
0.918152
0.934197
0.942062
0.954451
0.958825
0.956558
0.950951
0.947006
0.925474
0.858563
0.937038
0.96937
0.974976
0.98284
0.985219
0.986513
0.987573
0.988304
0.988539
0.988621
0.989194
0.990808
0.991538
0.991908
0.992451
0.992886
0.992997
0.992619
0.991861
0.991076
0.989675
0.988341
0.987263
0.986306
0.98565
0.985464
0.985634
0.986399
0.988893
0.992878
0.995049
0.995117
0.993964
0.988086
0.980214
0.962217
0.948815
0.927876
0.912311
0.891701
0.871293
0.852957
0.78973
1
1
1
1
1
1
1
1
1
1
1
1
1
1
1
1
1
1
1
1
1
1
1
1
1
1
1
1
1
1
1
1
1
1
1
1
1
1
1
1
1
1
1
1
1
1
1
1
1
1
1
1
1
1
1
1
1
1
1
1
1
1
1
1
1
1
1
1
1
1
1
1
1
1
1
1
1
1
1
1
1
1
1
1
1
1
1
0.999999
0.999999
0.999998
0.999997
0.999996
0.999995
0.999993
0.999991
0.999987
0.999983
0.99998
0.999971
0.999938
0.999853
0.999731
0.999443
0.99845
0.996474
0.996301
0.996364
0.996252
0.996357
0.996787
0.997681
0.998605
0.998953
0.998892
0.998033
0.992286
0.962935
0.925375
0.91264
0.910427
0.911296
0.916476
0.918832
0.90932
0.858776
0.833317
0.839391
0.86604
0.893886
0.910914
0.926877
0.943644
0.950783
0.949808
0.942354
0.896937
0.826649
0.912499
0.96215
0.965813
0.976974
0.980446
0.983517
0.985002
0.98628
0.987039
0.987717
0.988165
0.988675
0.988833
0.988487
0.988322
0.987587
0.986964
0.986388
0.986013
0.985759
0.985285
0.985003
0.984861
0.984895
0.985192
0.986028
0.987899
0.990486
0.99221
0.992303
0.990673
0.982429
0.967336
0.932013
0.901911
0.859584
0.830414
0.79456
0.770768
0.741465
0.716123
0.690765
0.609138
1
1
1
1
1
1
1
1
1
1
1
1
1
1
1
1
1
1
1
1
1
1
1
1
1
1
1
1
1
1
1
1
1
1
1
1
1
1
1
1
1
1
1
1
1
1
1
1
1
1
1
1
1
1
1
1
1
1
1
1
1
1
1
1
1
1
1
1
1
1
1
1
1
1
1
1
1
1
1
1
1
1
1
1
0.999999
0.999995
0.99999
0.999981
0.999971
0.999963
0.999951
0.999943
0.999923
0.999903
0.999866
0.99981
0.999804
0.999792
0.999733
0.999367
0.998603
0.998169
0.996468
0.995696
0.995748
0.996121
0.996398
0.996386
0.996532
0.997104
0.997882
0.998297
0.998137
0.99696
0.992513
0.974933
0.937644
0.922371
0.921756
0.920983
0.917002
0.917298
0.922688
0.922362
0.905203
0.840407
0.809058
0.81089
0.825051
0.852302
0.870708
0.899811
0.92436
0.928493
0.910844
0.833216
0.795381
0.872887
0.949505
0.953728
0.972861
0.976034
0.977584
0.979056
0.980121
0.981083
0.982261
0.982725
0.982927
0.983204
0.983481
0.983668
0.983724
0.984056
0.984225
0.984257
0.984248
0.984272
0.984374
0.984684
0.985097
0.985662
0.986098
0.986251
0.985458
0.981591
0.969745
0.942066
0.885381
0.829997
0.76336
0.714063
0.662313
0.631071
0.596592
0.574966
0.546934
0.520979
0.492523
0.406127
1
1
1
1
1
1
1
1
1
1
1
1
1
1
1
1
1
1
1
1
1
1
1
1
1
1
1
1
1
1
1
1
1
1
1
1
1
1
1
1
1
1
1
1
1
1
1
1
1
1
1
1
1
1
1
1
1
1
1
1
1
1
1
1
1
1
1
1
1
1
1
1
1
1
1
1
1
1
1
1
1
1
0.999997
0.999982
0.999942
0.999857
0.999784
0.999688
0.999619
0.999515
0.999388
0.999212
0.99898
0.998621
0.998214
0.998131
0.998216
0.998309
0.997847
0.993472
0.99257
0.993927
0.994881
0.995395
0.995471
0.995504
0.9961
0.9967
0.996961
0.99711
0.997195
0.996096
0.993167
0.985911
0.968927
0.947858
0.93782
0.939093
0.939119
0.934772
0.922789
0.919788
0.92227
0.921636
0.907122
0.848654
0.796828
0.777339
0.777331
0.782251
0.795633
0.811888
0.837952
0.845909
0.824319
0.782801
0.774495
0.810597
0.879294
0.916766
0.967151
0.973109
0.975131
0.976288
0.977414
0.977977
0.97874
0.979114
0.979501
0.979747
0.979953
0.980057
0.980126
0.980182
0.980188
0.979816
0.97912
0.978744
0.977419
0.976058
0.972956
0.967703
0.959145
0.947053
0.921226
0.869134
0.793439
0.716816
0.63562
0.575728
0.524018
0.494447
0.463432
0.445498
0.419953
0.401312
0.375498
0.348463
0.320414
0.248044
1
1
1
1
1
1
1
1
1
1
1
1
1
1
1
1
1
1
1
1
1
1
1
1
1
1
1
1
1
1
1
1
1
1
1
1
1
1
1
1
1
1
1
1
1
1
1
1
1
1
1
1
1
1
1
1
1
1
1
1
1
1
1
1
1
1
1
1
1
1
1
1
1
1
1
1
1
1
1
1
0.999999
0.999991
0.999916
0.999545
0.999142
0.998949
0.998775
0.998433
0.997527
0.99496
0.992598
0.991618
0.99145
0.991675
0.992195
0.992777
0.9931
0.992799
0.990877
0.989758
0.991455
0.993934
0.994724
0.995167
0.995282
0.994962
0.994506
0.994187
0.993941
0.993111
0.991404
0.988574
0.983774
0.973619
0.961052
0.953338
0.952407
0.950498
0.942575
0.924047
0.905012
0.883384
0.858514
0.831715
0.801465
0.773127
0.754211
0.747613
0.747296
0.748176
0.750953
0.757694
0.764778
0.765502
0.76893
0.769231
0.766942
0.776858
0.797479
0.857853
0.955755
0.96647
0.966534
0.966443
0.966121
0.965695
0.965532
0.965314
0.964623
0.963502
0.962348
0.959814
0.957667
0.954509
0.950155
0.945087
0.938703
0.933083
0.920309
0.90722
0.884362
0.850613
0.796459
0.734602
0.668596
0.612697
0.556175
0.511899
0.469721
0.441443
0.411629
0.392749
0.367685
0.3513
0.326959
0.308143
0.283859
0.255763
0.232504
0.171232
0.205832
0.256566
0.277208
0.289593
0.289341
0.285815
0.279648
0.269042
0.25647
0.244298
0.226367
0.20258
0.17612
0.148732
0.122978
0.0991999
0.0785417
0.0599613
0.044501
0.0315311
0.0217277
0.0143368
0.00907338
0.00590698
0.00297877
0.782673
0.784525
0.779902
0.765642
0.753499
0.743762
0.732635
0.719319
0.706476
0.69589
0.688287
0.684309
0.682971
0.677505
0.661876
0.631786
0.585738
0.519651
0.438522
0.348335
0.259699
0.184013
0.120346
0.0820994
0.0410559
0.939903
0.938632
0.934322
0.923952
0.910213
0.895179
0.879238
0.863547
0.850745
0.842952
0.840127
0.840101
0.841342
0.845476
0.856085
0.864984
0.869621
0.871066
0.867435
0.849652
0.785477
0.636939
0.453848
0.335863
0.175965
0.963382
0.963404
0.96283
0.960545
0.953467
0.941133
0.925861
0.90864
0.892104
0.87932
0.871847
0.86901
0.868777
0.86996
0.876444
0.897511
0.920605
0.936014
0.942791
0.943652
0.939875
0.917594
0.8074
0.653811
0.365532
0.96435
0.965292
0.965541
0.965321
0.963843
0.958445
0.945754
0.929508
0.911866
0.896028
0.884224
0.877154
0.8742
0.873811
0.874924
0.88204
0.907893
0.937497
0.956559
0.965156
0.966502
0.963694
0.941754
0.870883
0.587519
0.960723
0.964175
0.965613
0.965832
0.965413
0.962641
0.952977
0.939613
0.924496
0.908441
0.894087
0.883326
0.876948
0.87453
0.874411
0.876265
0.886748
0.918791
0.948958
0.96731
0.974813
0.975593
0.971654
0.949908
0.780664
0.959317
0.96425
0.966642
0.967084
0.966663
0.963703
0.953147
0.94095
0.929332
0.916256
0.902442
0.890121
0.881332
0.876932
0.875976
0.876753
0.88285
0.907799
0.941453
0.964871
0.977717
0.982021
0.981911
0.976636
0.895735
0.960202
0.966338
0.969372
0.969889
0.969195
0.964423
0.949846
0.937921
0.929142
0.919715
0.908339
0.89647
0.886787
0.88123
0.879634
0.880066
0.884718
0.905845
0.939164
0.963577
0.978772
0.986016
0.987819
0.986989
0.954153
0.962421
0.969292
0.972901
0.973473
0.972336
0.964719
0.947478
0.935792
0.928204
0.920806
0.911404
0.90081
0.891673
0.886253
0.884673
0.885112
0.889779
0.910751
0.942335
0.965308
0.980214
0.988431
0.99177
0.992113
0.980078
0.967541
0.972145
0.975484
0.975955
0.974514
0.965005
0.947488
0.93684
0.929708
0.922186
0.912864
0.902918
0.894841
0.890445
0.889438
0.890236
0.896529
0.921025
0.950075
0.970209
0.983166
0.990645
0.994303
0.995301
0.990746
0.973606
0.97598
0.978428
0.978652
0.976884
0.966109
0.950658
0.941854
0.934541
0.925416
0.914736
0.904635
0.897378
0.893981
0.893498
0.894856
0.903603
0.931077
0.956985
0.974565
0.985751
0.992295
0.995759
0.997073
0.995207
0.97905
0.979987
0.981435
0.981479
0.9797
0.969003
0.954497
0.94786
0.942328
0.933045
0.920713
0.909038
0.900964
0.897363
0.896916
0.898539
0.908506
0.936346
0.96048
0.976853
0.987186
0.993224
0.996509
0.997997
0.997217
0.983453
0.983674
0.984301
0.984235
0.982595
0.973364
0.959749
0.953441
0.950634
0.946003
0.934189
0.919193
0.907901
0.902288
0.901193
0.902518
0.911654
0.93838
0.96203
0.977998
0.98799
0.993773
0.996917
0.998491
0.998208
0.986915
0.986814
0.986904
0.986789
0.98541
0.977846
0.966506
0.961173
0.959236
0.957246
0.952244
0.937613
0.921452
0.911858
0.908988
0.909633
0.916573
0.940457
0.963768
0.97928
0.98887
0.994339
0.997268
0.998807
0.998758
0.989751
0.989299
0.989195
0.988976
0.987771
0.981665
0.972972
0.969075
0.967948
0.967308
0.965783
0.960043
0.943301
0.92942
0.923894
0.92372
0.92799
0.946471
0.967766
0.981794
0.990369
0.995191
0.997728
0.999078
0.999115
0.992069
0.991398
0.991186
0.990877
0.989769
0.984846
0.978989
0.976769
0.976376
0.976363
0.976169
0.974594
0.966328
0.951742
0.944593
0.943641
0.945866
0.957637
0.974419
0.985618
0.992463
0.99629
0.998279
0.999332
0.999372
0.993868
0.9931
0.992821
0.992489
0.991494
0.987723
0.984252
0.983323
0.9834
0.983965
0.984134
0.98374
0.980716
0.970496
0.963528
0.96217
0.963264
0.969968
0.981645
0.98967
0.994617
0.997381
0.998807
0.99955
0.999558
0.995223
0.994441
0.994136
0.993818
0.992927
0.990284
0.988683
0.988466
0.988737
0.989646
0.990005
0.989903
0.988675
0.983031
0.977632
0.976364
0.97689
0.980499
0.987893
0.993155
0.996446
0.998288
0.999235
0.999716
0.999688
0.996232
0.995503
0.995207
0.994914
0.994049
0.992588
0.992099
0.992149
0.992669
0.993533
0.993845
0.993821
0.993261
0.990315
0.98691
0.986049
0.986321
0.988266
0.992599
0.995786
0.997816
0.998959
0.999545
0.999832
0.999777
0.996988
0.996357
0.996105
0.995805
0.995039
0.994514
0.994466
0.994641
0.995372
0.996004
0.99622
0.996216
0.995941
0.994434
0.992623
0.99219
0.992357
0.993448
0.995814
0.997591
0.998751
0.99941
0.999748
0.999906
0.999834
0.997556
0.997102
0.996853
0.996444
0.996068
0.995959
0.996005
0.996314
0.997049
0.997503
0.997671
0.997679
0.997551
0.996823
0.996007
0.995853
0.995972
0.996619
0.997814
0.998723
0.999336
0.999689
0.999871
0.99995
0.999871
0.998082
0.997679
0.997375
0.997113
0.996979
0.996972
0.997049
0.997428
0.99802
0.998396
0.998565
0.99859
0.998541
0.998233
0.997929
0.997899
0.997991
0.998391
0.998944
0.99937
0.99967
0.999847
0.999938
0.999975
0.999893
0.998469
0.998118
0.997885
0.997743
0.997696
0.997706
0.997808
0.998176
0.998598
0.99892
0.999114
0.999171
0.99916
0.99905
0.998958
0.998963
0.999045
0.999291
0.999523
0.999709
0.999847
0.999929
0.999972
0.999987
0.999907
0.998775
0.998507
0.998347
0.998263
0.998243
0.99826
0.998372
0.998685
0.998981
0.999241
0.999436
0.999523
0.999532
0.999507
0.999489
0.999502
0.999577
0.999704
0.999797
0.999874
0.999933
0.999969
0.999988
0.999993
0.999916
0.999035
0.998841
0.998732
0.99868
0.998671
0.998689
0.99879
0.999033
0.999259
0.999464
0.999629
0.999723
0.999749
0.999749
0.99975
0.999766
0.999826
0.999882
0.999919
0.999949
0.999973
0.999988
0.999995
0.999996
0.999923
0.999254
0.999116
0.999043
0.999011
0.999007
0.999023
0.999102
0.999282
0.99946
0.999625
0.999756
0.999833
0.999861
0.999868
0.999876
0.9999
0.999935
0.999956
0.99997
0.999981
0.99999
0.999995
0.999998
0.999998
0.999928
0.999433
0.999337
0.999288
0.99927
0.999268
0.99928
0.999334
0.999468
0.99961
0.99974
0.99984
0.999899
0.999921
0.999929
0.999942
0.999962
0.999976
0.999984
0.999989
0.999993
0.999996
0.999998
0.999999
0.999999
0.999935
0.999588
0.999523
0.999492
0.999481
0.999481
0.999487
0.999519
0.999615
0.99973
0.999829
0.9999
0.999939
0.999957
0.999967
0.999977
0.999986
0.999992
0.999995
0.999997
0.999998
0.999999
1
1
0.999999
0.999943
0.999711
0.999666
0.999644
0.999636
0.999635
0.999638
0.999658
0.999727
0.99982
0.999892
0.99994
0.999966
0.999978
0.999986
0.999991
0.999995
0.999997
0.999998
0.999999
0.999999
1
1
1
0.999999
0.999955
0.999796
0.99976
0.999741
0.999734
0.999732
0.999735
0.999749
0.999808
0.999881
0.999933
0.999964
0.999981
0.999989
0.999994
0.999996
0.999998
0.999999
0.999999
1
1
1
1
1
1
0.999967
0.999846
0.999815
0.999798
0.99979
0.999789
0.999792
0.999811
0.999869
0.999923
0.999959
0.999979
0.999989
0.999994
0.999997
0.999998
0.999999
1
1
1
1
1
1
1
1
0.999977
0.999867
0.99984
0.999825
0.999821
0.999821
0.999828
0.999861
0.999913
0.999951
0.999975
0.999988
0.999994
0.999997
0.999998
0.999999
1
1
1
1
1
1
1
1
1
0.999983
0.999869
0.999848
0.999839
0.999837
0.99984
0.999858
0.999904
0.999942
0.999968
0.999984
0.999992
0.999996
0.999998
0.999999
1
1
1
1
1
1
1
1
1
1
0.999987
0.99986
0.999847
0.999843
0.999844
0.999855
0.999892
0.999932
0.99996
0.999979
0.999989
0.999995
0.999998
0.999999
0.999999
1
1
1
1
1
1
1
1
1
1
0.999989
0.999838
0.999836
0.999837
0.999845
0.999879
0.99992
0.999951
0.999972
0.999985
0.999993
0.999996
0.999998
0.999999
1
1
1
1
1
1
1
1
1
1
1
0.99999
0.999785
0.999792
0.999813
0.999859
0.999902
0.999937
0.999963
0.999979
0.999989
0.999994
0.999997
0.999999
0.999999
1
1
1
1
1
1
1
1
1
1
1
0.999991
0.999678
0.999741
0.99981
0.999869
0.999914
0.999947
0.999969
0.999983
0.999991
0.999995
0.999997
0.999998
0.999999
0.999999
0.999999
0.999999
0.999999
1
1
1
1
1
1
1
0.999991
0.999608
0.999721
0.999807
0.999872
0.999918
0.999951
0.999972
0.999985
0.999992
0.999995
0.999997
0.999998
0.999999
0.999999
0.999999
0.999999
0.999999
0.999999
0.999999
0.999999
0.999999
0.999999
0.999999
0.999999
0.999991
0.999561
0.999696
0.999796
0.999868
0.999918
0.999952
0.999973
0.999986
0.999992
0.999994
0.999996
0.999997
0.999997
0.999997
0.999997
0.999998
0.999998
0.999998
0.999998
0.999998
0.999998
0.999998
0.999998
0.999998
0.999991
0.999513
0.999669
0.999783
0.999863
0.999918
0.999953
0.999974
0.999985
0.999991
0.999992
0.999993
0.999994
0.999994
0.999994
0.999994
0.999995
0.999996
0.999996
0.999996
0.999996
0.999996
0.999996
0.999996
0.999996
0.99999
0.999497
0.999664
0.999783
0.999865
0.99992
0.999955
0.999975
0.999985
0.999988
0.999988
0.999988
0.999988
0.999988
0.999988
0.999988
0.99999
0.999991
0.999992
0.999992
0.999991
0.999991
0.99999
0.99999
0.999991
0.999987
0.999514
0.99968
0.999798
0.999877
0.999929
0.999959
0.999976
0.999982
0.999984
0.999983
0.999979
0.999977
0.999976
0.999976
0.999976
0.999979
0.999982
0.999983
0.999983
0.999981
0.999979
0.999977
0.999977
0.999979
0.999979
0.999572
0.999726
0.999831
0.999898
0.999939
0.999963
0.999974
0.999977
0.999977
0.999972
0.999962
0.999956
0.999954
0.999953
0.999954
0.999956
0.999962
0.999963
0.999963
0.99996
0.999953
0.99995
0.999949
0.999952
0.999962
0.999663
0.999788
0.999867
0.999916
0.999945
0.99996
0.999966
0.999966
0.999963
0.99995
0.999934
0.999922
0.999913
0.999909
0.999909
0.999911
0.999919
0.999923
0.999923
0.999918
0.999904
0.999897
0.999897
0.999901
0.999928
0.999756
0.999839
0.999891
0.999922
0.999939
0.999945
0.999945
0.99994
0.999919
0.999898
0.999881
0.999858
0.999832
0.999816
0.999813
0.999815
0.999829
0.999839
0.99984
0.999832
0.999814
0.999806
0.999806
0.999816
0.999875
0.999811
0.999862
0.999892
0.999906
0.999908
0.999904
0.999884
0.999842
0.999804
0.999784
0.999766
0.999723
0.999658
0.999613
0.999602
0.999606
0.99963
0.999659
0.999664
0.999659
0.999646
0.999643
0.999648
0.999678
0.999802
0.999808
0.999838
0.999846
0.999843
0.99982
0.999753
0.999675
0.9996
0.999547
0.99952
0.999485
0.99939
0.999249
0.999158
0.999136
0.999145
0.999194
0.999275
0.999309
0.999321
0.999326
0.999334
0.999366
0.999484
0.99968
0.999639
0.999647
0.999639
0.999597
0.999459
0.999286
0.999137
0.999022
0.998954
0.998901
0.998779
0.998547
0.998311
0.99818
0.998158
0.99818
0.998286
0.998493
0.99862
0.998682
0.998719
0.998775
0.998895
0.999128
0.999273
0.998618
0.99865
0.998631
0.998521
0.998238
0.997965
0.997744
0.997608
0.997518
0.997327
0.996997
0.996629
0.996365
0.996274
0.996286
0.996374
0.996702
0.997111
0.997361
0.997478
0.99751
0.997523
0.997558
0.997648
0.9976
0.993701
0.994367
0.994621
0.9946
0.994397
0.994191
0.994027
0.993929
0.99372
0.993303
0.992847
0.992528
0.992408
0.992419
0.992518
0.99288
0.993592
0.994065
0.994205
0.994178
0.993584
0.993109
0.992547
0.992388
0.990931
0.976343
0.979659
0.981723
0.982807
0.983316
0.983787
0.984044
0.984071
0.983858
0.983476
0.983266
0.98323
0.983282
0.983438
0.983834
0.984549
0.984861
0.984911
0.98428
0.982898
0.979286
0.977801
0.974796
0.973375
0.966774
0.929128
0.940144
0.94761
0.952154
0.955035
0.95729
0.958742
0.959356
0.959583
0.95972
0.959912
0.960141
0.960102
0.960174
0.95967
0.959491
0.957856
0.956175
0.95016
0.945392
0.935826
0.931821
0.921932
0.916668
0.898451
0.828368
0.855236
0.873257
0.884352
0.891729
0.897112
0.900406
0.902264
0.903044
0.903342
0.902733
0.902296
0.899766
0.898378
0.893847
0.890992
0.882186
0.875594
0.858611
0.849787
0.831581
0.822921
0.802214
0.790774
0.758198
0.659464
0.700653
0.730588
0.750599
0.764033
0.773148
0.779561
0.78161
0.78148
0.780505
0.776321
0.773502
0.76596
0.761509
0.749954
0.742194
0.722743
0.71069
0.687295
0.675706
0.651408
0.638774
0.610562
0.595388
0.557703
0.458326
0.504227
0.534032
0.553909
0.565692
0.574748
0.579127
0.579162
0.578166
0.575673
0.57101
0.567062
0.558465
0.551701
0.537177
0.527466
0.507564
0.496792
0.475438
0.46399
0.440613
0.42768
0.401196
0.387342
0.35509
0.280229
0.316794
0.34099
0.356694
0.367236
0.376455
0.381888
0.382994
0.382629
0.381807
0.380082
0.376518
0.369004
0.3609
0.349444
0.339908
0.325378
0.315794
0.298922
0.289086
0.269994
0.259563
0.239578
0.228985
0.204806
0.180619
0.20719
0.230761
0.247198
0.261342
0.272407
0.278107
0.280128
0.280658
0.280331
0.278658
0.273455
0.265584
0.25738
0.247973
0.238796
0.227539
0.21823
0.204936
0.196165
0.180889
0.172837
0.157072
0.14896
0.129884
)
;

boundaryField
{
    inlet
    {
        type            fixedValue;
        value           uniform 1;
    }
    outlet
    {
        type            inletOutlet;
        inletValue      uniform 0;
        value           nonuniform List<scalar> 
57
(
0.00297877
0.0410559
0.175965
0.365532
0.587519
0.780664
0.895735
0.954153
0.980078
0.990746
0.995207
0.997217
0.998208
0.998758
0.999115
0.999372
0.999558
0.999688
0.999777
0.999834
0.999871
0.999893
0.999907
0.999916
0.999923
0.999928
0.999935
0.999943
0.999955
0.999967
0.999977
0.999983
0.999987
0.999989
0.99999
0.999991
0.999991
0.999991
0.999991
0.99999
0.999987
0.999979
0.999962
0.999928
0.999875
0.999802
0.99968
0.999273
0.9976
0.990931
0.966774
0.898451
0.758198
0.557703
0.35509
0.204806
0.129884
)
;
    }
    upperWall
    {
        type            zeroGradient;
    }
    lowerWall
    {
        type            zeroGradient;
    }
    frontAndBack
    {
        type            empty;
    }
}


// ************************************************************************* //
