/*--------------------------------*- C++ -*----------------------------------*\
  =========                 |
  \\      /  F ield         | OpenFOAM: The Open Source CFD Toolbox
   \\    /   O peration     | Website:  https://openfoam.org
    \\  /    A nd           | Version:  9
     \\/     M anipulation  |
\*---------------------------------------------------------------------------*/
FoamFile
{
    format      ascii;
    class       volScalarField;
    location    "0.042";
    object      pPrime2Mean;
}
// * * * * * * * * * * * * * * * * * * * * * * * * * * * * * * * * * * * * * //

dimensions      [0 4 -4 0 0 0 0];

internalField   nonuniform List<scalar> 
12225
(
300368
297571
294332
290807
287117
283347
279558
275784
272050
268365
264732
261147
257598
254063
250508
246874
243041
238723
300386
297599
294355
290826
287132
283360
279569
275795
272060
268375
264744
261161
257615
254085
250540
246926
243147
239030
300456
297663
294406
290868
287166
283389
279594
275818
272083
268399
264770
261191
257652
254135
250611
247037
243352
239499
300585
297770
294492
290937
287223
283437
279636
275857
272121
268438
264813
261242
257715
254216
250725
247211
243647
240048
300771
297930
294620
291039
287306
283507
279698
275914
272177
268496
264877
261316
257805
254333
250884
247445
244013
240636
301048
298151
294795
291179
287421
283604
279783
275993
272253
268576
264964
261416
257927
254488
251092
247735
244434
241245
301435
298450
295028
291365
287573
283732
279896
276097
272355
268680
265077
261546
258083
254683
251346
248077
244899
241865
301945
298835
295329
291605
287768
283896
280040
276229
272484
268813
265221
261709
258275
254920
251646
248463
245398
242493
302627
299323
295706
291903
288011
284101
280220
276395
272644
268976
265397
261907
258507
255199
251989
248890
245924
243127
303382
299917
296169
292271
288310
284352
280439
276596
272839
269175
265609
262142
258778
255518
252372
249351
246474
243766
304283
300633
296730
292715
288670
284654
280703
276838
273072
269411
265858
262416
259088
255877
252791
249842
247042
244410
305247
301424
297345
293199
289061
284981
280989
277100
273323
269663
266123
262704
259409
256241
253207
250316
247578
245004
306509
302339
298042
293745
289502
285351
281311
277394
273604
269944
266416
263019
259755
256628
253643
250804
248120
245596
308159
303550
298957
294458
290077
285831
281729
277774
273967
270306
266789
263416
260187
257102
254166
251381
248749
246274
310337
305116
300139
295377
290815
286446
282265
278263
274432
270765
267260
263910
260716
257674
254787
252052
249471
247041
313046
307125
301637
296531
291737
287216
282936
278873
275011
271337
267840
264513
261352
258352
255509
252822
250287
247898
316292
309495
303391
297886
292829
288134
283741
279610
275712
272025
268534
265228
262097
259133
256332
253686
251190
248838
320198
312073
305264
299333
294003
289135
284634
280439
276507
272810
269325
266038
262934
260003
257236
254626
252163
249841
323010
313977
306691
300496
295014
290051
285494
281268
277326
273633
270163
266897
263820
260919
258183
255603
253168
250870
321447
313510
306681
300714
295357
290474
285971
281787
277878
274216
270774
267536
264485
261609
258897
256338
253922
251642
319377
312324
306086
300467
295328
290582
286169
282049
278189
274562
271150
267937
264908
262051
259356
256811
254408
252139
317196
311042
305346
300071
295152
290550
286237
282185
278374
274785
271402
268211
265201
262360
259678
257145
254752
252490
315332
309877
304637
299658
294935
290464
286240
282251
278484
274927
271569
268398
265403
262575
259903
257378
254992
252736
313927
308958
304050
299302
294734
290370
286218
282279
278548
275018
271679
268524
265541
262722
260058
257540
255159
252907
312897
308245
303596
299022
294571
290287
286190
282289
278585
275075
271752
268608
265634
262822
260164
257650
255273
253024
312039
307707
303261
298815
294450
290223
286165
282292
278608
275112
271799
268663
265695
262889
260234
257723
255349
253102
311378
307331
303030
298674
294366
290178
286147
282292
278621
275134
271828
268698
265734
262931
260279
257771
255398
253152
310910
307082
302883
298584
294313
290149
286135
282291
278628
275148
271846
268719
265758
262956
260306
257799
255427
253183
310662
306942
302801
298535
294284
290133
286128
282291
278632
275155
271855
268730
265770
262970
260321
257814
255443
253199
310537
306884
302768
298515
294272
290127
286125
282290
278634
275157
271859
268734
265776
262976
260327
257821
255449
253205
202068
202049
202014
201963
201900
201823
201730
201618
201483
201322
201137
200927
200695
200442
200173
199888
199590
199279
198954
198615
198261
197890
197500
197091
196661
196210
195734
195236
194716
194181
193629
193057
192470
191865
191250
190632
190013
189389
188733
188039
187326
186608
185889
185159
184397
183610
182807
181984
181152
180294
179365
178384
177375
176356
175339
174331
173338
172358
171394
170443
169503
168573
167651
166734
165820
164906
163990
163069
162140
161200
160247
159277
158288
157280
156252
155203
154134
153045
151940
150817
149681
148531
147370
146198
145017
143827
142628
141421
140204
138976
137734
136479
135210
133931
132645
131356
130065
128777
127491
126210
124932
123657
122385
121115
119846
118579
117311
116042
114773
113502
112229
110954
109677
108398
107116
105832
104545
103256
101964
100670
99374
98075.8
96775.7
95473.6
94169.9
92864.6
91557.8
90249.7
88940.5
87630.4
86319.5
85008.1
83696.3
82384.3
81072.3
79760.4
78449
77138.1
75828
74519
73211.2
71904.7
70599.9
69296.9
67995.9
66697.2
65401
64107.5
62816.9
61529.5
60245.6
58965.3
57688.9
56416.6
55148.8
53885.6
52627.4
51374.3
50126.6
48884.8
47649
46419.7
45197
43981.3
42773
41572.5
40380
39196
38020.8
36855
35699.1
34553.4
33418.7
32295.5
31184.8
30087.5
29005.1
27939.7
26894.9
25879.7
202128
202109
202074
202022
201959
201880
201784
201667
201526
201361
201171
200958
200724
200471
200201
199917
199618
199306
198980
198640
198285
197913
197523
197114
196684
196232
195759
195263
194747
194212
193651
193066
192466
191850
191228
190601
189977
189350
188702
188019
187312
186597
185882
185161
184405
183627
182801
181914
181047
180168
179234
178260
177264
176260
175258
174265
173284
172315
171359
170414
169480
168554
167634
166720
165808
164896
163982
163062
162135
161197
160244
159275
158288
157281
156253
155204
154135
153047
151941
150819
149682
148532
147371
146199
145018
143829
142631
141426
140210
138984
137743
136488
135220
133941
132654
131363
130072
128782
127497
126215
124936
123661
122389
121119
119850
118582
117314
116045
114775
113504
112231
110956
109679
108399
107117
105833
104546
103257
101965
100671
99374.7
98076.5
96776.2
95474.2
94170.3
92865
91558.2
90250.1
88940.8
87630.7
86319.8
85008.3
83696.5
82384.5
81072.4
79760.6
78449.1
77138.2
75828.2
74519.1
73211.2
71904.8
70600
69296.9
67996
66697.3
65401
64107.5
62817
61529.6
60245.6
58965.3
57688.9
56416.7
55148.8
53885.6
52627.3
51374.2
50126.6
48884.8
47649
46419.6
45196.9
43981.3
42773
41572.4
40379.9
39195.9
38020.7
36854.9
35698.9
34553.2
33418.4
32295.2
31184.4
30086.9
29004.2
27938.2
26892
25872
202282
202265
202230
202176
202103
202012
201902
201770
201615
201438
201238
201018
200779
200523
200251
199966
199667
199355
199031
198692
198338
197966
197577
197168
196739
196287
195816
195323
194809
194272
193710
193128
192524
191903
191273
190640
190002
189355
188689
187998
187291
186586
185883
185153
184376
183564
182724
181837
180927
180002
179056
178093
177118
176138
175159
174185
173219
172262
171315
170377
169448
168525
167609
166697
165787
164878
163966
163049
162124
161188
160238
159271
158286
157280
156253
155205
154137
153049
151943
150821
149684
148534
147372
146201
145021
143832
142637
141434
140222
138999
137761
136508
135240
133959
132670
131377
130084
128794
127507
126225
124946
123671
122398
121127
119858
118589
117320
116051
114781
113509
112236
110960
109682
108402
107120
105835
104548
103259
101967
100673
99376.2
98077.8
96777.4
95475.2
94171.3
92865.8
91558.9
90250.7
88941.4
87631.2
86320.3
85008.8
83696.9
82384.8
81072.7
79760.8
78449.3
77138.4
75828.3
74519.3
73211.4
71904.9
70600.1
69297.1
67996.1
66697.4
65401.1
64107.6
62817.1
61529.7
60245.7
58965.3
57688.9
56416.6
55148.8
53885.6
52627.3
51374.2
50126.5
48884.7
47648.9
46419.5
45196.8
43981.2
42772.9
41572.3
40379.7
39195.7
38020.5
36854.7
35698.6
34552.8
33417.9
32294.6
31183.5
30085.7
29002.4
27935.6
26887.2
25861.6
202501
202485
202448
202389
202305
202200
202074
201927
201760
201573
201367
201142
200900
200641
200368
200081
199780
199467
199140
198799
198442
198069
197678
197267
196836
196384
195911
195421
194910
194380
193831
193260
192669
192061
191439
190807
190160
189487
188788
188068
187338
186603
185872
185119
184323
183488
182620
181722
180802
179865
178915
177956
176992
176026
175062
174102
173148
172201
171262
170330
169406
168488
167576
166667
165760
164853
163943
163029
162107
161175
160228
159265
158282
157279
156253
155207
154139
153051
151945
150823
149686
148536
147375
146204
145025
143838
142645
141446
140239
139021
137788
136537
135269
133986
132694
131398
130102
128810
127522
126239
124960
123684
122411
121139
119869
118599
117330
116059
114788
113516
112242
110966
109687
108407
107124
105839
104552
103262
101969
100675
99378.4
98079.7
96779.1
95476.7
94172.7
92867
91560
90251.6
88942.3
87632
86321
85009.4
83697.4
82385.3
81073.1
79761.2
78449.7
77138.7
75828.6
74519.5
73211.6
71905.1
70600.3
69297.2
67996.2
66697.5
65401.3
64107.7
62817.1
61529.7
60245.7
58965.4
57688.9
56416.7
55148.8
53885.5
52627.2
51374.1
50126.5
48884.6
47648.8
46419.4
45196.7
43981
42772.7
41572.1
40379.5
39195.5
38020.2
36854.3
35698.1
34552.2
33417.1
32293.5
31182.1
30083.8
28999.7
27931.4
26880.5
25848.9
202800
202779
202734
202662
202567
202450
202314
202158
201983
201790
201577
201346
201099
200835
200557
200265
199960
199643
199311
198965
198604
198226
197830
197413
196977
196520
196044
195552
195044
194523
193987
193438
192872
192291
191692
191072
190423
189737
189014
188263
187500
186725
185937
185128
184293
183429
182538
181626
180698
179755
178803
177846
176886
175928
174972
174021
173075
172136
171204
170278
169359
168445
167536
166631
165727
164822
163916
163005
162087
161158
160216
159256
158277
157276
156253
155208
154141
153054
151948
150825
149689
148539
147378
146208
145029
143844
142655
141461
140261
139050
137823
136576
135308
134023
132727
131426
130126
128832
127542
126258
124979
123702
122428
121155
119884
118613
117342
116071
114798
113525
112250
110973
109694
108413
107129
105844
104556
103265
101973
100678
99381.2
98082.3
96781.5
95478.8
94174.5
92868.6
91561.3
90252.9
88943.4
87632.9
86321.8
85010.1
83698.1
82385.9
81073.7
79761.7
78450.1
77139.1
75828.9
74519.8
73211.9
71905.4
70600.5
69297.4
67996.4
66697.7
65401.4
64107.9
62817.3
61529.8
60245.8
58965.4
57689
56416.7
55148.8
53885.5
52627.2
51374.1
50126.4
48884.6
47648.8
46419.3
45196.6
43980.9
42772.5
41571.9
40379.3
39195.1
38019.8
36853.8
35697.5
34551.4
33416.1
32292.1
31180.2
30081.3
28996.2
27926.1
26872.2
25835.2
203173
203142
203082
202999
202896
202772
202629
202466
202284
202082
201861
201620
201361
201086
200798
200497
200185
199861
199525
199174
198807
198423
198020
197597
197153
196691
196211
195716
195209
194691
194165
193631
193086
192528
191949
191341
190693
190000
189263
188490
187692
186875
186040
185186
184310
183414
182499
181568
180625
179672
178714
177754
176796
175840
174890
173944
173004
172070
171142
170221
169306
168396
167491
166590
165689
164789
163887
162979
162065
161141
160202
159247
158271
157273
156252
155209
154143
153056
151950
150828
149691
148542
147381
146212
145035
143852
142666
141478
140287
139085
137867
136626
135360
134072
132769
131462
130157
128858
127567
126282
125001
123724
122448
121175
119901
118629
117357
116084
114810
113535
112259
110981
109701
108420
107135
105849
104561
103270
101977
100682
99384.5
98085.2
96784.1
95481.1
94176.5
92870.4
91563
90254.3
88944.6
87634
86322.8
85011
83698.9
82386.6
81074.3
79762.3
78450.6
77139.5
75829.3
74520.1
73212.2
71905.7
70600.8
69297.7
67996.6
66697.9
65401.6
64108
62817.4
61529.9
60245.9
58965.5
57689
56416.7
55148.8
53885.5
52627.2
51374
50126.4
48884.5
47648.7
46419.2
45196.5
43980.7
42772.3
41571.6
40379
39194.7
38019.3
36853.2
35696.7
34550.4
33414.7
32290.4
31177.9
30078.2
28991.9
27920
26863.1
25821.2
203591
203555
203491
203406
203300
203173
203025
202856
202666
202455
202222
201968
201697
201409
201108
200797
200474
200141
199795
199435
199058
198664
198251
197819
197367
196898
196412
195913
195403
194883
194357
193827
193291
192744
192175
191570
190920
190223
189479
188692
187874
187031
186166
185280
184374
183448
182505
181550
180584
179614
178644
177677
176716
175761
174813
173871
172935
172004
171079
170160
169246
168340
167438
166541
165646
164751
163854
162953
162044
161124
160191
159240
158268
157273
156254
155212
154146
153060
151954
150831
149694
148545
147385
146216
145040
143860
142677
141495
140312
139121
137914
136681
135418
134128
132820
131505
130193
128890
127596
126309
125028
123749
122472
121197
119922
118648
117373
116099
114824
113548
112270
110991
109710
108427
107142
105855
104566
103275
101981
100686
99388.2
98088.6
96787.1
95483.8
94178.9
92872.5
91564.8
90255.9
88946.1
87635.3
86323.9
85012
83699.8
82387.4
81075.1
79762.9
78451.2
77140
75829.8
74520.5
73212.6
71906
70601.1
69298
67996.9
66698.1
65401.8
64108.2
62817.5
61530.1
60246
58965.6
57689.1
56416.8
55148.8
53885.5
52627.2
51374
50126.3
48884.4
47648.6
46419.1
45196.3
43980.5
42772.1
41571.3
40378.6
39194.3
38018.7
36852.4
35695.7
34549.2
33413.2
32288.4
31175.3
30074.6
28987
27913.1
26853.3
25807.2
204076
204042
203983
203900
203793
203663
203511
203337
203140
202919
202676
202411
202126
201825
201511
201185
200849
200501
200140
199764
199373
198964
198537
198093
197630
197152
196658
196152
195635
195108
194575
194038
193498
192946
192370
191758
191106
190408
189662
188873
188051
187199
186322
185418
184488
183535
182562
181575
180580
179586
178597
177617
176648
175691
174743
173803
172869
171940
171015
170095
169182
168276
167377
166484
165595
164707
163818
162924
162023
161111
160184
159239
158272
157280
156262
155220
154154
153066
151960
150836
149699
148549
147389
146221
145047
143868
142688
141510
140332
139150
137953
136731
135474
134185
132872
131550
130232
128924
127628
126339
125057
123777
122498
121221
119944
118668
117392
116115
114839
113561
112282
111001
109719
108435
107150
105862
104572
103280
101986
100690
99392.2
98092.2
96790.4
95486.8
94181.6
92874.9
91566.9
90257.8
88947.7
87636.8
86325.2
85013.1
83700.8
82388.3
81075.8
79763.6
78451.8
77140.6
75830.3
74521
73213
71906.4
70601.4
69298.3
67997.2
66698.4
65402
64108.4
62817.7
61530.2
60246.1
58965.7
57689.2
56416.8
55148.9
53885.5
52627.2
51374
50126.3
48884.4
47648.5
46419
45196.2
43980.3
42771.8
41571
40378.2
39193.8
38018.1
36851.6
35694.7
34547.8
33411.5
32286.1
31172.3
30070.7
28981.7
27905.9
26843.3
25793.5
204665
204633
204576
204493
204386
204254
204099
203920
203716
203488
203235
202959
202663
202350
202022
201680
201326
200959
200577
200181
199769
199341
198896
198435
197958
197467
196963
196446
195918
195380
194835
194284
193730
193162
192571
191950
191294
190597
189857
189078
188264
187418
186537
185621
184670
183687
182678
181653
180621
179593
178576
177577
176596
175632
174682
173741
172807
171878
170952
170031
169116
168209
167310
166420
165537
164657
163778
162895
162005
161103
160185
159246
158283
157294
156277
155234
154166
153076
151968
150843
149704
148554
147395
146227
145054
143877
142698
141521
140346
139169
137980
136767
135518
134232
132918
131592
130270
128959
127660
126371
125087
123806
122526
121246
119968
118689
117411
116133
114854
113575
112294
111013
109729
108444
107158
105869
104579
103286
101992
100695
99396.7
98096.3
96794
95490.1
94184.5
92877.5
91569.2
90259.8
88949.5
87638.3
86326.6
85014.4
83701.9
82389.3
81076.7
79764.4
78452.5
77141.3
75830.9
74521.6
73213.5
71906.8
70601.8
69298.7
67997.5
66698.7
65402.3
64108.6
62817.9
61530.4
60246.3
58965.9
57689.3
56416.9
55148.9
53885.6
52627.2
51374
50126.2
48884.3
47648.4
46418.9
45196
43980.1
42771.6
41570.7
40377.7
39193.2
38017.4
36850.7
35693.5
34546.3
33409.6
32283.6
31169.1
30066.5
28976.1
27898.4
26833.3
25780.2
205367
205336
205279
205196
205088
204954
204795
204612
204402
204167
203907
203623
203317
202991
202648
202289
201914
201524
201119
200698
200261
199809
199342
198860
198365
197858
197340
196809
196266
195714
195153
194586
194013
193427
192822
192193
191535
190844
190116
189353
188554
187716
186835
185907
184932
183915
182864
181793
180714
179643
178590
177563
176563
175588
174632
173688
172752
171821
170894
169970
169052
168142
167243
166355
165477
164605
163738
162868
161991
161101
160193
159262
158303
157315
156298
155253
154182
153090
151978
150851
149711
148561
147401
146234
145062
143886
142709
141531
140356
139180
137996
136789
135547
134267
132956
131629
130306
128993
127694
126403
125118
123835
122553
121272
119991
118711
117431
116151
114871
113590
112308
111025
109740
108454
107167
105877
104586
103293
101998
100701
99401.6
98100.7
96798
95493.7
94187.7
92880.4
91571.8
90262.1
88951.5
87640.1
86328.1
85015.8
83703.1
82390.4
81077.7
79765.3
78453.3
77142
75831.6
74522.2
73214
71907.3
70602.2
69299
67997.9
66699
65402.6
64108.9
62818.1
61530.6
60246.5
58966
57689.4
56417
55149
53885.6
52627.2
51374
50126.2
48884.2
47648.3
46418.7
45195.8
43979.9
42771.3
41570.3
40377.3
39192.6
38016.6
36849.7
35692.3
34544.7
33407.5
32281
31165.7
30062
28970.3
27890.8
26823.3
25767.4
206187
206156
206098
206013
205901
205764
205600
205411
205196
204954
204687
204394
204078
203739
203380
203001
202605
202191
201760
201313
200850
200373
199882
199378
198862
198337
197800
197252
196693
196125
195549
194965
194375
193774
193158
192523
191865
191180
190463
189712
188923
188090
187204
186261
185259
184204
183108
181986
180856
179737
178644
177584
176560
175569
174603
173653
172713
171778
170845
169917
168995
168082
167181
166294
165420
164557
163701
162845
161982
161105
160206
159282
158328
157341
156323
155275
154200
153104
151990
150861
149720
148569
147410
146244
145073
143898
142721
141544
140367
139189
138005
136801
135565
134290
132983
131660
130338
129026
127726
126435
125149
123865
122581
121298
120015
118734
117452
116170
114888
113606
112322
111038
109752
108465
107176
105886
104594
103300
102004
100707
99407
98105.6
96802.5
95497.7
94191.3
92883.6
91574.6
90264.6
88953.7
87642.1
86329.9
85017.3
83704.4
82391.5
81078.7
79766.2
78454.2
77142.8
75832.3
74522.8
73214.6
71907.8
70602.7
69299.4
67998.2
66699.3
65402.9
64109.2
62818.4
61530.8
60246.7
58966.1
57689.5
56417.1
55149
53885.7
52627.2
51374
50126.2
48884.2
47648.2
46418.6
45195.6
43979.7
42771
41569.9
40376.8
39192
38015.8
36848.7
35691
34543.1
33405.4
32278.3
31162.2
30057.5
28964.4
27883.2
26813.6
25755.1
207127
207095
207034
206944
206827
206683
206512
206314
206090
205839
205561
205258
204928
204575
204200
203802
203384
202947
202492
202020
201532
201031
200516
199990
199454
198908
198352
197787
197212
196629
196038
195442
194838
194224
193596
192952
192287
191596
190877
190125
189334
188494
187595
186629
185597
184505
183366
182199
181025
179865
178735
177645
176598
175590
174611
173652
172703
171760
170820
169885
168956
168038
167134
166247
165376
164520
163674
162830
161979
161112
160222
159304
158353
157367
156347
155296
154218
153119
152002
150872
149731
148580
147422
146257
145087
143913
142737
141559
140381
139200
138014
136811
135576
134306
133003
131685
130367
129058
127758
126467
125180
123894
122608
121324
120039
118756
117473
116190
114906
113622
112337
111051
109764
108476
107186
105895
104602
103308
102011
100713
99412.9
98110.9
96807.3
95502
94195.3
92887.1
91577.8
90267.4
88956.2
87644.3
86331.8
85019
83705.9
82392.9
81079.9
79767.3
78455.1
77143.6
75833
74523.5
73215.2
71908.3
70603.2
69299.8
67998.6
66699.6
65403.2
64109.4
62818.6
61531
60246.8
58966.3
57689.7
56417.2
55149.1
53885.7
52627.2
51374
50126.1
48884.1
47648.1
46418.5
45195.5
43979.4
42770.6
41569.5
40376.2
39191.3
38015
36847.6
35689.6
34541.4
33403.2
32275.5
31158.6
30052.9
28958.6
27875.7
26804.2
25743.5
208189
208154
208088
207992
207867
207712
207529
207319
207080
206815
206522
206202
205857
205486
205092
204675
204237
203779
203302
202809
202299
201776
201241
200695
200140
199575
199002
198420
197831
197234
196630
196018
195397
194763
194114
193447
192759
192047
191307
190534
189720
188856
187932
186939
185880
184759
183593
182399
181199
180015
178863
177753
176688
175664
174672
173700
172739
171784
170834
169888
168952
168027
167119
166229
165359
164506
163665
162827
161982
161121
160236
159322
158373
157387
156365
155312
154232
153132
152015
150885
149745
148595
147437
146273
145103
143930
142755
141577
140398
139215
138026
136820
135585
134315
133017
131705
130393
129087
127789
126498
125209
123922
122635
121349
120063
118779
117494
116209
114924
113639
112353
111066
109777
108488
107197
105905
104612
103316
102019
100720
99419.3
98116.8
96812.6
95506.8
94199.6
92891
91581.3
90270.6
88959
87646.7
86333.9
85020.8
83707.6
82394.3
81081.2
79768.4
78456.1
77144.5
75833.8
74524.2
73215.8
71908.9
70603.7
69300.3
67999
66700
65403.5
64109.7
62818.9
61531.3
60247
58966.5
57689.8
56417.3
55149.2
53885.8
52627.3
51374
50126.1
48884
47648
46418.3
45195.3
43979.2
42770.3
41569.1
40375.7
39190.6
38014.1
36846.5
35688.2
34539.6
33401
32272.7
31155.1
30048.4
28952.8
27868.5
26795.2
25732.5
209378
209339
209267
209162
209025
208856
208657
208428
208170
207884
207571
207230
206864
206472
206057
205620
205162
204684
204189
203676
203148
202607
202054
201490
200917
200335
199745
199146
198539
197922
197296
196658
196006
195340
194656
193951
193224
192471
191689
190876
190024
189125
188170
187154
186077
184945
183771
182573
181370
180182
179025
177908
176833
175798
174791
173805
172829
171861
170899
169943
168997
168065
167149
166254
165379
164523
163679
162839
161993
161132
160248
159333
158384
157397
156375
155322
154243
153143
152028
150899
149760
148611
147454
146291
145122
143950
142775
141597
140417
139234
138040
136828
135589
134320
133025
131720
130414
129114
127818
126527
125238
123949
122661
121374
120087
118801
117515
116230
114943
113656
112369
111081
109791
108501
107209
105916
104622
103326
102027
100728
99426.2
98123
96818.2
95511.9
94204.2
92895.2
91585.1
90273.9
88962
87649.3
86336.3
85022.9
83709.4
82395.9
81082.6
79769.6
78457.2
77145.5
75834.7
74525
73216.5
71909.5
70604.2
69300.8
67999.5
66700.4
65403.9
64110.1
62819.2
61531.5
60247.3
58966.7
57690
56417.4
55149.3
53885.8
52627.3
51374
50126.1
48884
47647.9
46418.2
45195.1
43978.9
42770
41568.6
40375.2
39189.9
38013.2
36845.4
35686.9
34537.9
33398.8
32269.9
31151.5
30043.9
28947.2
27861.5
26786.6
25722.2
210703
210659
210578
210462
210310
210123
209903
209651
209368
209057
208717
208350
207958
207543
207105
206646
206167
205669
205155
204624
204078
203519
202946
202363
201769
201164
200548
199921
199283
198633
197971
197294
196601
195891
195160
194406
193628
192823
191991
191130
190235
189299
188318
187285
186203
185075
183913
182730
181544
180371
179224
178109
177031
175986
174967
173965
172975
171993
171019
170054
169099
168159
167234
166328
165443
164576
163721
162871
162017
161149
160259
159340
158388
157400
156379
155327
154249
153152
152038
150913
149776
148629
147474
146312
145145
143973
142799
141621
140440
139253
138053
136833
135588
134317
133028
131731
130433
129137
127844
126553
125264
123975
122686
121398
120111
118824
117537
116250
114962
113674
112386
111096
109806
108515
107222
105928
104632
103335
102037
100736
99433.7
98129.8
96824.4
95517.5
94209.2
92899.7
91589.1
90277.5
88965.1
87652.2
86338.8
85025.1
83711.3
82397.6
81084.1
79771
78458.4
77146.5
75835.6
74525.8
73217.3
71910.2
70604.8
69301.3
67999.9
66700.8
65404.2
64110.4
62819.5
61531.8
60247.5
58966.9
57690.1
56417.6
55149.4
53885.9
52627.4
51374
50126.1
48884
47647.9
46418.1
45194.9
43978.7
42769.7
41568.2
40374.7
39189.3
38012.4
36844.4
35685.5
34536.1
33396.6
32267.1
31148.1
30039.6
28941.8
27854.9
26778.5
25712.6
212225
212174
212083
211951
211779
211569
211322
211041
210728
210384
210013
209615
209194
208750
208284
207799
207295
206773
206233
205677
205104
204516
203912
203295
202664
202020
201364
200697
200018
199327
198620
197898
197158
196397
195614
194807
193975
193119
192239
191334
190400
189435
188433
187392
186313
185200
184060
182905
181746
180596
179464
178356
177276
176223
175191
174175
173170
172176
171191
170217
169255
168305
167370
166451
165550
164666
163794
162928
162058
161175
160274
159346
158389
157399
156377
155327
154252
153158
152048
150925
149792
148649
147497
146338
145172
144002
142829
141651
140467
139273
138065
136836
135584
134313
133029
131740
130449
129158
127868
126578
125289
123999
122711
121422
120134
118846
117559
116271
114982
113693
112404
111113
109822
108529
107236
105941
104644
103346
102046
100745
99441.9
98137.2
96831.1
95523.5
94214.6
92904.6
91593.4
90281.4
88968.6
87655.3
86341.5
85027.5
83713.4
82399.4
81085.7
79772.4
78459.7
77147.7
75836.7
74526.7
73218.1
71910.9
70605.5
69301.9
68000.5
66701.3
65404.7
64110.8
62819.9
61532.1
60247.8
58967.1
57690.4
56417.8
55149.6
53886.1
52627.5
51374.1
50126.2
48884
47647.8
46418
45194.8
43978.5
42769.5
41567.9
40374.2
39188.7
38011.6
36843.4
35684.2
34534.5
33394.5
32264.5
31144.8
30035.5
28936.8
27848.7
26771
25703.7
213897
213838
213732
213580
213383
213144
212865
212550
212201
211822
211415
210982
210526
210046
209544
209022
208479
207916
207334
206733
206114
205478
204828
204164
203489
202802
202106
201398
200680
199948
199200
198434
197650
196845
196017
195166
194293
193397
192481
191542
190581
189593
188578
187533
186460
185362
184244
183113
181978
180848
179730
178628
177546
176484
175441
174412
173395
172389
171394
170411
169440
168480
167533
166600
165681
164778
163886
162999
162110
161210
160294
159355
158389
157396
156374
155326
154254
153164
152057
150938
149809
148669
147521
146365
145203
144035
142863
141684
140495
139294
138075
136836
135580
134309
133031
131748
130463
129176
127888
126600
125311
124022
122733
121445
120156
118868
117579
116291
115002
113712
112421
111130
109838
108544
107250
105954
104656
103357
102056
100754
99450.3
98144.9
96838
95529.7
94220.2
92909.5
91597.9
90285.3
88972.1
87658.3
86344.2
85029.8
83715.5
82401.2
81087.3
79773.8
78460.9
77148.8
75837.6
74527.5
73218.8
71911.6
70606
69302.4
68000.9
66701.7
65405
64111.1
62820.1
61532.3
60247.9
58967.3
57690.5
56417.8
55149.6
53886.1
52627.4
51374
50126.1
48883.9
47647.7
46417.8
45194.6
43978.2
42769.1
41567.4
40373.6
39188
38010.7
36842.2
35682.8
34532.8
33392.4
32261.9
31141.5
30031.4
28931.8
27842.7
26763.9
25695.4
215573
215503
215380
215204
214978
214707
214393
214040
213653
213234
212785
212309
211807
211280
210728
210154
209559
208942
208306
207652
206982
206299
205604
204900
204187
203466
202736
201997
201247
200483
199702
198904
198087
197251
196392
195510
194607
193685
192744
191782
190800
189797
188771
187722
186651
185561
184455
183339
182219
181102
179991
178893
177807
176739
175685
174646
173618
172602
171598
170606
169624
168653
167693
166746
165812
164892
163982
163076
162167
161250
160318
159368
158395
157397
156375
155329
154260
153171
152068
150952
149826
148690
147545
146392
145232
144067
142895
141715
140520
139310
138081
136835
135577
134309
133035
131757
130475
129191
127905
126618
125330
124042
122753
121465
120176
118887
117599
116310
115020
113730
112438
111146
109853
108559
107263
105966
104668
103368
102066
100763
99458.7
98152.5
96844.8
95535.9
94225.7
92914.4
91602.2
90289.2
88975.5
87661.3
86346.8
85032.1
83717.5
82403
81088.8
79775.1
78462.1
77149.8
75838.5
74528.3
73219.5
71912.2
70606.6
69302.9
68001.3
66702.1
65405.3
64111.3
62820.3
61532.5
60248.1
58967.4
57690.6
56417.9
55149.7
53886.1
52627.4
51374
50126
48883.8
47647.5
46417.6
45194.3
43977.9
42768.7
41567
40373.1
39187.3
38009.9
36841.2
35681.5
34531.2
33390.4
32259.4
31138.4
30027.7
28927.2
27837.2
26757.4
25687.8
217250
217169
217024
216819
216559
216249
215893
215496
215059
214585
214078
213543
212983
212401
211798
211172
210523
209854
209166
208463
207746
207020
206286
205547
204802
204053
203296
202531
201755
200965
200158
199335
198493
197632
196749
195845
194921
193979
193019
192040
191043
190027
188991
187937
186865
185777
184677
183569
182457
181346
180240
179142
178055
176981
175919
174870
173834
172809
171796
170793
169801
168818
167846
166887
165940
165005
164078
163153
162226
161293
160349
159388
158408
157407
156383
155337
154270
153183
152081
150968
149845
148712
147570
146419
145261
144096
142923
141738
140538
139319
138083
136833
135575
134309
133039
131764
130485
129203
127919
126633
125346
124059
122771
121483
120194
118905
117616
116327
115037
113746
112455
111162
109868
108573
107277
105979
104680
103379
102076
100773
99467
98160.1
96851.7
95542.1
94231.2
92919.3
91606.5
90293
88978.8
87664.2
86349.4
85034.4
83719.5
82404.8
81090.4
79776.5
78463.3
77150.9
75839.4
74529.2
73220.2
71912.8
70607.1
69303.4
68001.8
66702.5
65405.7
64111.6
62820.6
61532.7
60248.3
58967.5
57690.7
56418
55149.7
53886.1
52627.4
51373.9
50125.9
48883.7
47647.4
46417.5
45194.1
43977.7
42768.4
41566.6
40372.6
39186.7
38009.1
36840.3
35680.4
34529.7
33388.5
32257.1
31135.6
30024.2
28923.1
27832.2
26751.5
25680.9
218932
218835
218663
218421
218118
217759
217347
216887
216382
215839
215263
214664
214049
213424
212782
212117
211425
210708
209970
209217
208454
207685
206913
206139
205365
204588
203806
203018
202219
201406
200577
199731
198869
197987
197085
196163
195222
194264
193289
192297
191287
190260
189217
188157
187082
185994
184897
183792
182684
181577
180473
179375
178286
177208
176140
175084
174038
173005
171983
170970
169968
168975
167992
167022
166065
165116
164172
163230
162288
161343
160388
159419
158432
157424
156397
155350
154284
153199
152099
150987
149867
148737
147597
146447
145287
144120
142943
141753
140547
139322
138081
136831
135573
134311
133043
131771
130494
129214
127931
126647
125361
124074
122787
121499
120210
118922
117633
116343
115053
113762
112470
111177
109883
108587
107290
105991
104691
103390
102086
100782
99475.4
98167.7
96858.6
95548.2
94236.7
92924.2
91610.8
90296.7
88982.1
87667.1
86351.9
85036.7
83721.5
82406.5
81091.9
79777.9
78464.5
77151.9
75840.4
74530
73221
71913.5
70607.7
69303.9
68002.2
66702.8
65406
64111.9
62820.8
61532.9
60248.4
58967.7
57690.8
56418.1
55149.8
53886.1
52627.4
51373.9
50125.9
48883.6
47647.3
46417.4
45194
43977.5
42768.1
41566.3
40372.2
39186.1
38008.4
36839.4
35679.3
34528.4
33386.9
32255
31133.1
30021.1
28919.3
27827.7
26746.2
25674.8
220619
220504
220295
220005
219642
219212
218722
218181
217601
216990
216355
215704
215047
214391
213723
213027
212295
211531
210743
209940
209129
208316
207504
206695
205887
205081
204274
203463
202643
201809
200960
200094
199212
198313
197394
196457
195502
194531
193544
192540
191520
190485
189434
188369
187292
186203
185106
184003
182898
181792
180689
179592
178501
177419
176346
175283
174230
173189
172158
171137
170125
169124
168132
167153
166184
165222
164264
163308
162354
161399
160436
159459
158463
157448
156416
155368
154302
153218
152120
151010
149891
148763
147624
146473
145311
144139
142955
141759
140548
139320
138078
136828
135572
134312
133047
131776
130502
129223
127942
126659
125374
124088
122801
121513
120225
118937
117648
116359
115068
113777
112485
111191
109896
108600
107302
106003
104702
103400
102096
100791
99483.8
98175.4
96865.6
95554.4
94242.2
92929
91615
90300.4
88985.4
87670
86354.4
85038.9
83723.4
82408.2
81093.4
79779.2
78465.6
77153
75841.3
74530.8
73221.7
71914.1
70608.3
69304.4
68002.6
66703.2
65406.3
64112.2
62821.1
61533.1
60248.6
58967.8
57690.9
56418.2
55149.8
53886.2
52627.5
51373.9
50125.9
48883.6
47647.3
46417.3
45193.8
43977.3
42767.9
41566
40371.8
39185.7
38007.9
36838.7
35678.3
34527.2
33385.4
32253.2
31130.8
30018.4
28916
27823.7
26741.5
25669.4
222313
222171
221912
221550
221100
220575
219992
219367
218716
218049
217370
216682
215993
215310
214619
213892
213122
212316
211482
210629
209771
208914
208062
207216
206374
205538
204705
203870
203028
202174
201306
200423
199523
198608
197675
196725
195758
194776
193779
192766
191738
190695
189639
188570
187489
186399
185302
184200
183096
181991
180889
179791
178698
177613
176536
175467
174409
173360
172322
171294
170274
169265
168265
167276
166297
165325
164356
163389
162424
161460
160489
159504
158500
157478
156441
155389
154323
153240
152143
151034
149916
148789
147650
146498
145332
144152
142962
141760
140544
139315
138074
136826
135572
134314
133050
131781
130508
129231
127952
126669
125385
124100
122814
121527
120239
118951
117662
116373
115083
113791
112499
111205
109910
108613
107315
106015
104714
103411
102106
100800
99492.3
98183.2
96872.6
95560.7
94247.8
92933.9
91619.3
90304.2
88988.6
87672.8
86356.9
85041.1
83725.4
82409.9
81094.9
79780.5
78466.8
77154
75842.2
74531.6
73222.4
71914.8
70608.9
69304.9
68003.1
66703.6
65406.7
64112.5
62821.3
61533.3
60248.8
58968
57691
56418.3
55149.9
53886.2
52627.5
51374
50125.9
48883.5
47647.2
46417.2
45193.7
43977.1
42767.7
41565.7
40371.5
39185.3
38007.3
36838
35677.5
34526.2
33384.1
32251.7
31128.9
30016
28913.1
27820.3
26737.5
25664.8
224017
223834
223494
223027
222464
221834
221158
220454
219738
219018
218300
217582
216864
216155
215437
214680
213876
213033
212160
211267
210367
209470
208580
207699
206824
205958
205099
204242
203379
202507
201620
200720
199805
198875
197929
196966
195990
194999
193993
192972
191938
190889
189828
188755
187672
186581
185483
184381
183277
182174
181073
179973
178878
177790
176710
175638
174574
173521
172477
171442
170415
169397
168389
167392
166406
165426
164448
163472
162498
161524
160545
159552
158541
157513
156470
155415
154347
153264
152166
151058
149940
148813
147674
146520
145349
144162
142964
141757
140539
139310
138071
136824
135572
134315
133053
131786
130514
129238
127960
126679
125395
124111
122825
121539
120252
118964
117676
116387
115096
113805
112512
111218
109923
108625
107327
106027
104725
103421
102116
100809
99501
98191.1
96879.8
95567.2
94253.4
92938.9
91623.6
90307.9
88991.8
87675.6
86359.4
85043.2
83727.3
82411.6
81096.4
79781.8
78468
77155
75843.1
74532.4
73223.1
71915.4
70609.4
69305.4
68003.5
66704
65407
64112.8
62821.6
61533.6
60249
58968.1
57691.2
56418.4
55150
53886.3
52627.5
51374
50125.9
48883.5
47647.2
46417.1
45193.7
43977
42767.6
41565.5
40371.2
39184.9
38006.9
36837.5
35676.9
34525.3
33383.1
32250.4
31127.3
30014.1
28910.7
27817.4
26734.2
25661
225742
225482
225019
224419
223734
222999
222233
221454
220673
219901
219140
218386
217636
216898
216150
215364
214531
213660
212758
211837
210906
209976
209054
208141
207237
206344
205461
204582
203700
202809
201906
200991
200062
199119
198160
197187
196200
195201
194188
193161
192120
191067
190001
188925
187840
186747
185648
184547
183443
182341
181239
180139
179042
177951
176869
175795
174729
173671
172621
171581
170548
169523
168508
167504
166511
165525
164540
163555
162572
161589
160602
159601
158584
157550
156503
155445
154374
153288
152189
151079
149961
148834
147694
146537
145361
144169
142965
141753
140533
139305
138068
136823
135573
134317
133056
131790
130519
129245
127967
126687
125405
124121
122836
121551
120264
118977
117689
116400
115109
113818
112525
111231
109935
108638
107339
106038
104736
103432
102127
100819
99509.9
98199.2
96887.1
95573.7
94259.2
92943.9
91627.9
90311.6
88995.1
87678.4
86361.8
85045.4
83729.2
82413.3
81097.9
79783.1
78469.1
77156.1
75844
74533.2
73223.8
71916
70610
69305.9
68004
66704.4
65407.3
64113.1
62821.8
61533.8
60249.2
58968.3
57691.3
56418.5
55150.1
53886.4
52627.6
51374
50125.9
48883.5
47647.2
46417.1
45193.6
43977
42767.5
41565.4
40371.1
39184.7
38006.6
36837.1
35676.4
34524.7
33382.3
32249.3
31126
30012.5
28908.8
27815.2
26731.5
25657.9
227517
227118
226485
225729
224914
224074
223223
222371
221528
220700
219891
219091
218304
217535
216757
215943
215089
214200
213279
212337
211384
210429
209480
208540
207612
206697
205792
204893
203993
203086
202168
201239
200297
199341
198372
197388
196392
195385
194365
193333
192287
191229
190160
189081
187993
186899
185800
184698
183595
182493
181391
180290
179192
178100
177017
175942
174873
173811
172757
171711
170672
169642
168621
167612
166614
165621
164630
163638
162646
161655
160659
159651
158628
157589
156538
155477
154402
153313
152211
151099
149979
148850
147708
146548
145368
144172
142964
141750
140529
139302
138066
136823
135574
134319
133059
131794
130524
129250
127974
126695
125413
124130
122846
121561
120276
118989
117701
116412
115122
113830
112538
111243
109948
108650
107351
106050
104748
103443
102137
100829
99519.2
98207.7
96894.8
95580.5
94265.2
92949
91632.3
90315.4
88998.3
87681.2
86364.2
85047.5
83731
82414.9
81099.4
79784.4
78470.3
77157.1
75844.9
74534
73224.6
71916.7
70610.5
69306.4
68004.4
66704.7
65407.7
64113.4
62822.1
61534
60249.4
58968.4
57691.4
56418.6
55150.2
53886.5
52627.7
51374.1
50125.9
48883.6
47647.2
46417.1
45193.6
43976.9
42767.4
41565.3
40370.9
39184.5
38006.4
36836.8
35676
34524.2
33381.7
32248.6
31125.1
30011.3
28907.4
27813.5
26729.5
25655.7
229388
228750
227882
226950
226004
225060
224127
223208
222304
221420
220557
219714
218891
218087
217276
216439
215568
214665
213732
212776
211806
210831
209860
208899
207951
207018
206096
205181
204263
203340
202408
201466
200513
199546
198566
197573
196569
195554
194529
193491
192441
191379
190307
189224
188135
187039
185940
184838
183735
182632
181530
180429
179331
178238
177154
176077
175007
173942
172884
171833
170790
169755
168730
167716
166712
165714
164716
163717
162718
161719
160715
159700
158671
157629
156575
155509
154431
153339
152233
151117
149993
148861
147716
146554
145372
144173
142963
141747
140527
139300
138065
136823
135575
134321
133061
131797
130528
129256
127980
126702
125421
124139
122856
121572
120286
119000
117713
116424
115134
113843
112550
111256
109960
108662
107363
106062
104759
103455
102148
100839
99528.9
98216.7
96902.8
95587.6
94271.4
92954.3
91636.8
90319.2
89001.5
87684
86366.6
85049.6
83732.8
82416.5
81100.8
79785.7
78471.4
77158.1
75845.8
74534.8
73225.3
71917.3
70611.1
69306.9
68004.8
66705.1
65408
64113.7
62822.3
61534.2
60249.6
58968.6
57691.6
56418.7
55150.3
53886.6
52627.7
51374.1
50126
48883.6
47647.2
46417.1
45193.6
43976.9
42767.4
41565.3
40370.9
39184.5
38006.3
36836.7
35675.8
34524
33381.3
32248.1
31124.5
30010.6
28906.5
27812.4
26728.2
25654.2
231464
230346
229178
228060
226988
225953
224944
223961
222999
222063
221152
220271
219414
218577
217736
216876
215991
215075
214129
213159
212176
211188
210199
209223
208258
207310
206375
205443
204512
203574
202629
201676
200711
199735
198746
197744
196732
195710
194679
193637
192583
191518
190442
189358
188267
187170
186070
184967
183864
182761
181658
180557
179459
178367
177282
176204
175131
174064
173002
171948
170901
169863
168834
167815
166806
165802
164798
163793
162788
161782
160771
159749
158715
157669
156611
155542
154460
153364
152254
151133
150005
148869
147721
146556
145372
144172
142962
141746
140525
139299
138065
136824
135576
134323
133064
131800
130532
129261
127986
126708
125429
124148
122865
121581
120297
119011
117724
116435
115146
113855
112562
111268
109972
108675
107375
106074
104771
103467
102160
100851
99539.4
98226.4
96911.5
95595.3
94277.9
92959.9
91641.5
90323
89004.8
87686.8
86369
85051.6
83734.6
82418.1
81102.2
79787
78472.5
77159.1
75846.7
74535.6
73225.9
71917.9
70611.6
69307.4
68005.2
66705.5
65408.3
64114
62822.6
61534.4
60249.8
58968.8
57691.7
56418.9
55150.4
53886.6
52627.8
51374.2
50126.1
48883.6
47647.2
46417.1
45193.6
43976.9
42767.4
41565.3
40370.9
39184.4
38006.3
36836.6
35675.7
34523.9
33381.2
32247.9
31124.3
30010.3
28906.1
27811.9
26727.7
25653.5
233677
231758
230313
229036
227860
226743
225671
224632
223620
222637
221689
220778
219889
219017
218146
217264
216368
215441
214482
213500
212506
211504
210505
209516
208540
207581
206635
205691
204745
203794
202838
201872
200899
199913
198915
197905
196885
195858
194822
193776
192718
191650
190572
189487
188394
187296
186194
185090
183987
182884
181781
180680
179582
178490
177404
176325
175251
174182
173118
172060
171011
169969
168936
167913
166898
165889
164880
163869
162858
161846
160828
159800
158761
157710
156649
155576
154490
153388
152273
151147
150014
148874
147722
146555
145370
144170
142960
141745
140525
139298
138065
136825
135578
134325
133067
131804
130537
129266
127992
126715
125436
124156
122874
121591
120307
119022
117735
116447
115158
113867
112575
111281
109985
108688
107389
106088
104785
103480
102173
100863
99551.7
98237.7
96921.8
95604.3
94285.5
92966.1
91646.6
90327.2
89008.2
87689.6
86371.5
85053.7
83736.5
82419.7
81103.6
79788.2
78473.6
77160
75847.5
74536.4
73226.6
71918.5
70612.1
69307.8
68005.6
66705.8
65408.6
64114.2
62822.8
61534.6
60249.9
58968.9
57691.8
56418.9
55150.5
53886.7
52627.8
51374.2
50126.1
48883.6
47647.2
46417.1
45193.6
43976.9
42767.4
41565.3
40370.9
39184.5
38006.3
36836.7
35675.8
34523.9
33381.3
32248
31124.3
30010.4
28906.2
27812
26727.7
25653.5
235118
232997
231359
229956
228685
227496
226364
225276
224222
223202
222225
221285
220368
219455
218551
217649
216738
215793
214818
213826
212823
211812
210804
209805
208819
207852
206895
205938
204980
204016
203046
202071
201087
200093
199086
198067
197040
196007
194966
193916
192854
191784
190705
189618
188524
187423
186319
185215
184111
183009
181906
180805
179707
178615
177529
176450
175374
174303
173238
172177
171124
170080
169043
168015
166995
165979
164964
163949
162932
161913
160889
159855
158810
157754
156689
155612
154520
153414
152293
151161
150022
148877
147721
146552
145367
144168
142959
141745
140525
139299
138066
136826
135580
134328
133070
131808
130542
129271
127998
126723
125445
124165
122884
121602
120318
119033
117747
116460
115171
113881
112589
111295
110000
108703
107404
106103
104801
103496
102189
100879
99567.2
98252.2
96934.9
95615.6
94295
92973.8
91652.7
90332.1
89012.2
87693
86374.3
85056.2
83738.6
82421.6
81105.3
79789.7
78475
77161.2
75848.6
74537.3
73227.5
71919.3
70612.9
69308.4
68006.2
66706.4
65409.1
64114.6
62823.2
61535
60250.2
58969.2
57692.1
56419.2
55150.7
53886.9
52628.1
51374.4
50126.2
48883.8
47647.4
46417.3
45193.8
43977.1
42767.6
41565.5
40371.1
39184.7
38006.6
36837
35676.2
34524.4
33381.8
32248.6
31125.1
30011.2
28907.2
27813
26728.9
25654.9
236213
234104
232375
230878
229526
228271
227082
225946
224854
223800
222784
221806
220853
219913
218982
218054
217114
216151
215161
214157
213145
212128
211112
210103
209110
208136
207169
206199
205226
204249
203267
202281
201287
200282
199266
198238
197202
196162
195116
194061
192998
191926
190846
189757
188659
187555
186449
185345
184241
183138
182036
180935
179837
178745
177659
176579
175503
174431
173363
172299
171243
170195
169154
168121
167095
166073
165053
164032
163010
161984
160953
159913
158862
157800
156730
155647
154550
153438
152310
151173
150028
148878
147719
146548
145363
144166
142959
141745
140526
139300
138068
136828
135582
134331
133074
131812
130547
129277
128005
126730
125453
124174
122894
121613
120330
119046
117760
116473
115185
113895
112604
111311
110016
108719
107421
106121
104819
103515
102208
100899
99586.2
98270.2
96951.2
95629.6
94306.4
92982.9
91659.7
90337.6
89016.5
87696.5
86377.3
85058.7
83740.8
82423.6
81107
79791.2
78476.3
77162.5
75849.7
74538.3
73228.4
71920.1
70613.6
69309.1
68006.8
66706.9
65409.6
64115.1
62823.6
61535.4
60250.6
58969.5
57692.4
56419.5
55150.9
53887.1
52628.3
51374.6
50126.4
48884
47647.6
46417.5
45194
43977.3
42767.8
41565.8
40371.4
39185.1
38007
36837.5
35676.8
34525.1
33382.7
32249.7
31126.3
30012.6
28908.8
27815
26731.1
25657.3
237137
235106
233348
231792
230378
229065
227826
226645
225511
224418
223365
222348
221356
220384
219425
218471
217506
216520
215516
214501
213481
212455
211430
210413
209414
208432
207453
206472
205485
204494
203500
202502
201498
200484
199458
198419
197373
196325
195273
194214
193149
192076
190995
189903
188802
187694
186585
185479
184376
183274
182172
181071
179973
178880
177794
176714
175637
174563
173493
172427
171367
170314
169270
168232
167201
166172
165145
164118
163090
162058
161021
159973
158916
157848
156770
155682
154579
153460
152327
151183
150034
148879
147718
146545
145360
144164
142959
141746
140527
139302
138069
136831
135585
134334
133078
131817
130552
129284
128012
126738
125462
124184
122905
121624
120342
119058
117773
116487
115199
113910
112620
111327
110034
108738
107441
106142
104841
103538
102232
100923
99610.2
98293.3
96971.9
95647.2
94320.7
92993.8
91667.9
90343.6
89021.1
87700.1
86380.3
85061.3
83743.1
82425.5
81108.7
79792.8
78477.7
77163.7
75850.8
74539.3
73229.3
71920.9
70614.3
69309.8
68007.4
66707.5
65410.1
64115.5
62824
61535.7
60250.9
58969.8
57692.7
56419.7
55151.2
53887.4
52628.5
51374.8
50126.7
48884.2
47647.8
46417.7
45194.2
43977.6
42768.1
41566.1
40371.8
39185.6
38007.6
36838.2
35677.6
34526.1
33383.9
32251.1
31128
30014.7
28911.2
27817.7
26734.3
25660.9
237969
236025
234274
232688
231231
229871
228588
227365
226191
225061
223971
222916
221887
220880
219887
218900
217908
216905
215887
214861
213828
212793
211758
210735
209730
208738
207748
206754
205754
204747
203740
202732
201721
200696
199658
198607
197552
196496
195438
194376
193309
192236
191152
190058
188952
187838
186726
185619
184516
183415
182314
181213
180114
179021
177935
176854
175777
174701
173629
172560
171496
170439
169390
168348
167311
166275
165241
164207
163173
162134
161090
160036
158971
157895
156810
155714
154604
153479
152341
151193
150040
148882
147718
146544
145359
144164
142959
141748
140529
139304
138072
136833
135589
134338
133083
131822
130558
129290
128020
126747
125471
124194
122916
121635
120354
119071
117787
116502
115215
113927
112637
111346
110054
108760
107465
106167
104868
103566
102262
100954
99641.6
98323.3
96999.2
95670.5
94339.1
93007.4
91677.5
90350.4
89026.1
87703.9
86383.4
85063.9
83745.3
82427.5
81110.5
79794.3
78479.1
77164.9
75851.9
74540.3
73230.2
71921.7
70615.1
69310.4
68008
66708
65410.6
64116
62824.4
61536.1
60251.3
58970.2
57693
56420
55151.5
53887.6
52628.7
51375.1
50126.9
48884.4
47648.1
46418
45194.5
43977.9
42768.5
41566.5
40372.3
39186.1
38008.3
36839
35678.6
34527.3
33385.3
32252.9
31130.2
30017.3
28914.3
27821.4
26738.5
25665.7
238747
236883
235158
233562
232078
230684
229363
228103
226893
225728
224601
223508
222443
221399
220370
219352
218334
217309
216276
215236
214191
213145
212103
211074
210058
209055
208052
207043
206026
205006
203988
202971
201950
200916
199866
198806
197740
196676
195613
194549
193481
192407
191321
190221
189108
187989
186873
185766
184666
183564
182462
181361
180262
179168
178082
177001
175923
174846
173770
172697
171630
170570
169517
168469
167425
166382
165340
164298
163256
162210
161158
160096
159023
157939
156845
155741
154625
153495
152353
151202
150047
148886
147720
146545
145360
144165
142961
141750
140532
139307
138075
136837
135593
134343
133088
131828
130565
129298
128028
126756
125481
124205
122927
121648
120367
119085
117802
116518
115232
113945
112658
111369
110078
108787
107493
106199
104902
103603
102301
100995
99683.2
98363.4
97035.6
95701.2
94363.1
93024.6
91689.3
90358.3
89031.5
87707.9
86386.5
85066.5
83747.5
82429.4
81112.2
79795.8
78480.5
77166.1
75853
74541.3
73231.1
71922.5
70615.8
69311.1
68008.6
66708.6
65411.1
64116.5
62824.8
61536.5
60251.6
58970.5
57693.3
56420.3
55151.7
53887.9
52629
51375.3
50127.1
48884.7
47648.3
46418.2
45194.8
43978.2
42768.9
41567
40372.8
39186.8
38009.1
36840
35679.8
34528.8
33387.1
32255
31132.8
30020.4
28918.1
27825.8
26743.6
25671.5
239493
237698
236005
234413
232915
231497
230147
228855
227613
226414
225253
224125
223024
221946
220884
219833
218787
217739
216688
215633
214578
213523
212474
211434
210405
209383
208361
207334
206303
205271
204242
203216
202185
201140
200081
199011
197936
196865
195798
194732
193663
192586
191496
190391
189271
188148
187032
185925
184823
183722
182619
181517
180417
179323
178236
177154
176075
174996
173917
172840
171769
170705
169648
168594
167544
166492
165440
164389
163338
162284
161223
160153
159071
157978
156876
155765
154643
153509
152364
151212
150055
148893
147725
146548
145363
144168
142964
141753
140535
139310
138079
136841
135597
134348
133094
131835
130572
129306
128037
126766
125492
124216
122939
121661
120381
119100
117818
116536
115252
113967
112682
111395
110108
108820
107530
106239
104946
103651
102353
101050
99738.6
98417
97084.1
95741.8
94394.2
93046.6
91703.6
90367.4
89037.4
87712.1
86389.7
85069.2
83749.8
82431.4
81113.9
79797.4
78481.8
77167.4
75854.1
74542.3
73232
71923.3
70616.5
69311.8
68009.2
66709.1
65411.6
64116.9
62825.3
61536.9
60252
58970.8
57693.6
56420.5
55152
53888.1
52629.2
51375.5
50127.3
48884.9
47648.5
46418.5
45195.1
43978.6
42769.3
41567.5
40373.4
39187.5
38010
36841.1
35681.1
34530.4
33389.1
32257.5
31135.8
30024.1
28922.5
27831
26749.7
25678.5
240219
238483
236823
235243
233740
232306
230934
229617
228346
227117
225924
224764
223630
222518
221424
220343
219269
218198
217128
216058
214990
213925
212864
211809
210763
209722
208681
207638
206592
205548
204508
203470
202426
201370
200300
199221
198139
197064
195993
194924
193854
192772
191678
190566
189443
188317
187199
186092
184992
183890
182785
181679
180579
179486
178398
177314
176232
175151
174068
172987
171912
170845
169782
168722
167662
166600
165537
164477
163416
162354
161284
160204
159114
158012
156902
155785
154659
153522
152376
151224
150066
148902
147732
146554
145367
144172
142968
141757
140539
139315
138084
136846
135603
134355
133101
131843
130581
129315
128047
126776
125504
124229
122953
121675
120397
119117
117837
116557
115276
113994
112712
111430
110146
108862
107577
106291
105004
103715
102422
101122
99811.6
98487.7
97147.7
95794.6
94434.2
93074.1
91721.1
90378
89043.9
87716.4
86393
85071.8
83752
82433.3
81115.6
79798.9
78483.2
77168.6
75855.2
74543.3
73232.9
71924.1
70617.3
69312.5
68009.9
66709.7
65412.1
64117.4
62825.7
61537.2
60252.3
58971.1
57693.9
56420.8
55152.2
53888.3
52629.4
51375.7
50127.6
48885.1
47648.8
46418.8
45195.4
43978.9
42769.7
41568
40374.1
39188.3
38010.9
36842.2
35682.6
34532.2
33391.4
32260.3
31139.2
30028.2
28927.4
27837
26756.7
25686.5
240932
239245
237617
236053
234551
233109
231721
230383
229088
227832
226611
225421
224256
223114
221990
220879
219778
218684
217594
216508
215424
214345
213271
212202
211137
210078
209020
207961
206901
205843
204788
203735
202676
201607
200527
199439
198353
197271
196197
195125
194048
192962
191862
190746
189622
188496
187378
186271
185170
184066
182959
181851
180749
179655
178566
177481
176395
175309
174222
173137
172057
170985
169916
168849
167778
166705
165632
164561
163492
162419
161339
160250
159151
158042
156927
155805
154675
153537
152390
151237
150078
148913
147740
146560
145373
144177
142973
141762
140545
139320
138090
136853
135610
134362
133109
131852
130590
129326
128058
126789
125517
124243
122968
121692
120415
119138
117860
116583
115306
114029
112752
111474
110196
108918
107639
106360
105080
103797
102510
101214
99904.5
98576.1
97227.3
95860.2
94483.3
93107.3
91741.6
90390
89051
87720.9
86396.3
85074.4
83754.2
82435.2
81117.3
79800.4
78484.5
77169.8
75856.3
74544.3
73233.8
71925
70618
69313.1
68010.5
66710.2
65412.6
64117.8
62826.1
61537.6
60252.7
58971.4
57694.1
56421.1
55152.5
53888.6
52629.6
51376
50127.8
48885.4
47649.1
46419.1
45195.7
43979.3
42770.2
41568.5
40374.7
39189.1
38011.9
36843.5
35684.2
34534.2
33393.8
32263.3
31142.9
30032.8
28933
27843.6
26764.5
25695.6
241635
239990
238392
236845
235349
233903
232504
231150
229835
228556
227310
226092
224900
223730
222577
221440
220313
219196
218085
216980
215880
214785
213695
212610
211530
210453
209378
208304
207230
206157
205086
204016
202942
201860
200771
199676
198582
197494
196411
195331
194246
193153
192047
190931
189807
188683
187566
186456
185353
184246
183136
182027
180923
179827
178738
177649
176558
175466
174374
173283
172199
171120
170043
168966
167887
166804
165721
164641
163562
162479
161389
160292
159186
158072
156952
155826
154694
153554
152406
151252
150091
148924
147750
146568
145379
144183
142979
141768
140551
139327
138097
136860
135618
134371
133119
131862
130602
129338
128071
126803
125532
124260
122986
121712
120438
119164
117891
116618
115346
114075
112804
111533
110262
108990
107719
106447
105175
103900
102619
101327
100017
98681.6
97320.2
95936
94539.5
93144.9
91764.4
90402.9
89058.3
87725.5
86399.5
85077
83756.4
82437.1
81118.9
79801.8
78485.8
77171
75857.4
74545.3
73234.7
71925.8
70618.8
69313.8
68011.1
66710.8
65413.1
64118.3
62826.5
61538
60253
58971.7
57694.4
56421.4
55152.7
53888.8
52629.9
51376.2
50128
48885.7
47649.3
46419.4
45196.1
43979.7
42770.6
41569.1
40375.5
39190
38013
36844.9
35685.8
34536.2
33396.4
32266.5
31146.9
30037.7
28939
27850.9
26773.2
25705.8
242334
240724
239153
237622
236134
234688
233282
231915
230583
229285
228016
226775
225558
224361
223183
222020
220870
219730
218598
217473
216355
215243
214136
213035
211938
210845
209754
208664
207575
206487
205400
204313
203225
202132
201033
199931
198830
197732
196638
195546
194452
193351
192242
191125
190001
188875
187756
186647
185538
184429
183316
182204
181098
180000
178906
177814
176718
175620
174522
173425
172333
171247
170162
169076
167987
166897
165807
164718
163630
162537
161439
160334
159223
158105
156981
155851
154716
153573
152424
151268
150106
148936
147760
146577
145387
144190
142986
141776
140558
139335
138105
136870
135628
134382
133131
131875
130615
129353
128087
126820
125551
124281
123010
121739
120468
119199
117931
116666
115401
114137
112874
111611
110347
109083
107819
106555
105290
104022
102745
101454
100140
98797.4
97421
96016.7
94598.4
93183.8
91787.8
90416
89065.6
87729.9
86402.6
85079.4
83758.5
82438.9
81120.6
79803.3
78487.1
77172.2
75858.5
74546.3
73235.6
71926.6
70619.5
69314.5
68011.7
66711.3
65413.6
64118.7
62826.9
61538.4
60253.4
58972.1
57694.7
56421.6
55153
53889.1
52630.1
51376.5
50128.3
48885.9
47649.6
46419.7
45196.5
43980.2
42771.1
41569.7
40376.2
39190.9
38014.1
36846.2
35687.6
34538.4
33399.1
32269.9
31151.1
30042.9
28945.5
27858.8
26782.7
25717
242970
241389
239839
238323
236843
235399
233990
232614
231271
229958
228672
227411
226173
224955
223755
222571
221399
220239
219088
217946
216811
215682
214559
213442
212329
211220
210115
209011
207908
206806
205705
204605
203504
202400
201292
200183
199074
197968
196864
195762
194657
193549
192436
191314
190188
189063
187942
186827
185715
184602
183486
182372
181265
180162
179062
177962
176863
175760
174655
173553
172456
171362
170270
169175
168079
166984
165887
164791
163693
162593
161488
160377
159261
158139
157011
155878
154739
153594
152443
151284
150120
148949
147771
146587
145396
144199
142994
141784
140567
139344
138115
136881
135640
134395
133144
131889
130631
129370
128106
126841
125575
124308
123041
121774
120509
119246
117986
116728
115472
114216
112961
111706
110450
109193
107935
106676
105415
104149
102873
101580
100261
98907
97514.5
96090.6
94651.4
93218.2
91808.1
90427.2
89071.9
87733.8
86405.4
85081.6
83760.3
82440.5
81122
79804.6
78488.3
77173.2
75859.4
74547.1
73236.3
71927.3
70620.1
69315
68012.2
66711.8
65414
64119.1
62827.2
61538.7
60253.6
58972.3
57694.9
56421.8
55153.2
53889.2
52630.3
51376.6
50128.4
48886.1
47649.8
46419.9
45196.7
43980.5
42771.5
41570.2
40376.8
39191.7
38015.1
36847.5
35689.2
34540.5
33401.7
32273.3
31155.4
30048.3
28952.2
27867.1
26792.8
25729
243598
242041
240511
239009
237537
236096
234685
233303
231950
230624
229323
228045
226789
225551
224331
223127
221936
220756
219587
218426
217274
216129
214990
213856
212728
211604
210483
209364
208248
207133
206018
204905
203791
202676
201560
200442
199326
198211
197098
195987
194873
193757
192637
191512
190384
189256
188131
187011
185894
184777
183661
182544
181431
180323
179217
178110
177004
175896
174787
173681
172577
171476
170376
169276
168173
167071
165968
164864
163759
162652
161540
160423
159302
158176
157044
155908
154765
153617
152462
151302
150135
148962
147783
146597
145406
144208
143004
141794
140578
139356
138128
136894
135655
134410
133161
131908
130651
129392
128132
126870
125608
124346
123085
121825
120567
119311
118059
116810
115562
114316
113068
111819
110569
109315
108061
106803
105541
104273
102994
101695
100367
99000
97591.1
96149
94692.3
93244.5
91823.6
90436.1
89077.1
87737.4
86408.1
85083.9
83762.2
82442.3
81123.6
79806
78489.6
77174.4
75860.6
74548.1
73237.3
71928.2
70620.9
69315.8
68012.9
66712.4
65414.6
64119.6
62827.7
61539.1
60254
58972.7
57695.3
56422.2
55153.5
53889.6
52630.6
51376.9
50128.8
48886.4
47650.2
46420.3
45197.1
43981
42772.1
41570.9
40377.6
39192.6
38016.3
36849
35691
34542.7
33404.6
32276.8
31159.8
30053.9
28959.2
27875.9
26803.7
25742.1
244310
242777
241265
239777
238314
236876
235464
234077
232714
231376
230060
228764
227489
226231
224990
223764
222551
221351
220160
218980
217808
216643
215486
214334
213188
212046
210908
209773
208641
207510
206381
205253
204126
202999
201871
200744
199618
198493
197370
196247
195124
193999
192870
191739
190607
189475
188346
187221
186099
184978
183857
182737
181618
180502
179388
178275
177161
176047
174934
173821
172711
171603
170495
169387
168278
167169
166059
164947
163834
162719
161600
160477
159350
158219
157083
155942
154795
153643
152485
151322
150153
148978
147797
146610
145418
144220
143016
141807
140592
139371
138145
136913
135675
134432
133185
131934
130681
129426
128170
126915
125660
124406
123154
121902
120653
119406
118162
116921
115681
114442
113199
111953
110703
109448
108189
106925
105657
104380
103091
101782
100442
99061.8
97638.7
96183
94714.6
93258.1
91831.8
90441.3
89080.8
87740.3
86410.5
85086
83764.2
82444
81125.1
79807.5
78490.9
77175.6
75861.7
74549.2
73238.2
71929
70621.8
69316.5
68013.6
66713.1
65415.2
64120.2
62828.3
61539.6
60254.5
58973.1
57695.7
56422.6
55153.9
53889.9
52631
51377.3
50129.1
48886.8
47650.6
46420.7
45197.6
43981.5
42772.7
41571.6
40378.4
39193.6
38017.5
36850.4
35692.8
34545
33407.4
32280.3
31164.3
30059.6
28966.4
27885
26815.1
25756.1
245110
243598
242104
240629
239174
237740
236327
234935
233564
232214
230883
229570
228276
226998
225735
224486
223251
222028
220815
219612
218418
217232
216053
214881
213714
212553
211396
210243
209093
207945
206800
205656
204514
203373
202232
201093
199954
198817
197681
196546
195410
194274
193137
191999
190862
189727
188593
187462
186334
185206
184079
182952
181826
180702
179580
178458
177338
176217
175098
173978
172860
171743
170627
169511
168394
167277
166159
165039
163917
162794
161668
160538
159405
158268
157126
155980
154829
153673
152512
151345
150174
148996
147814
146627
145434
144236
143033
141825
140611
139393
138169
136939
135705
134465
133222
131976
130729
129481
128235
126991
125747
124504
123261
122019
120778
119537
118298
117061
115825
114587
113343
112093
110834
109569
108297
107018
105735
104443
103139
101816
100463
99071.5
97640.3
96179.5
94709.5
93254.2
91830
90441.6
89082.5
87742.4
86412.7
85088
83766
82445.7
81126.7
79808.9
78492.3
77176.9
75862.8
74550.2
73239.2
71930
70622.6
69317.3
68014.3
66713.7
65415.8
64120.8
62828.8
61540.1
60255
58973.6
57696.1
56423
55154.3
53890.3
52631.3
51377.6
50129.5
48887.2
47651
46421.2
45198.1
43982
42773.3
41572.2
40379.2
39194.6
38018.7
36851.8
35694.5
34547.1
33410.1
32283.8
31168.7
30065.2
28973.7
27894.3
26826.9
25770.9
245996
244503
243024
241560
240113
238682
237269
235873
234494
233132
231787
230459
229145
227847
226563
225292
224033
222786
221549
220322
219104
217894
216692
215497
214309
213125
211947
210773
209603
208437
207273
206112
204953
203796
202641
201487
200334
199183
198033
196885
195737
194590
193443
192298
191153
190011
188870
187731
186594
185457
184322
183187
182053
180921
179790
178660
177530
176402
175274
174147
173021
171895
170769
169644
168519
167393
166266
165137
164008
162876
161742
160605
159465
158322
157175
156023
154868
153707
152543
151373
150198
149019
147835
146647
145454
144257
143055
141849
140639
139425
138206
136982
135753
134520
133284
132048
130811
129577
128345
127115
125884
124651
123417
122179
120939
119698
118455
117213
115970
114722
113466
112199
110922
109637
108343
107045
105742
104432
103111
101774
100411
99014.8
97584.6
96131.1
94673.2
93230.9
91817.8
90436.9
89082
87743.7
86414.5
85089.9
83767.8
82447.4
81128.3
79810.4
78493.6
77178.2
75864
74551.4
73240.3
71930.9
70623.5
69318.2
68015.1
66714.5
65416.5
64121.4
62829.4
61540.7
60255.5
58974.1
57696.7
56423.5
55154.7
53890.8
52631.8
51378.1
50130
48887.6
47651.5
46421.7
45198.6
43982.6
42773.9
41573
40380.1
39195.6
38019.8
36853.3
35696.3
34549.3
33412.7
32287.1
31172.9
30070.5
28980.6
27903.3
26838.6
25785.9
246960
245483
244017
242562
241121
239693
238279
236879
235493
234121
232763
231418
230088
228770
227464
226171
224889
223617
222356
221104
219861
218627
217400
216181
214968
213761
212559
211363
210171
208984
207800
206619
205442
204267
203095
201924
200756
199591
198427
197264
196103
194944
193787
192630
191476
190323
189172
188022
186874
185728
184583
183438
182296
181154
180013
178874
177736
176598
175462
174326
173190
172055
170920
169785
168650
167515
166379
165242
164103
162963
161821
160677
159530
158381
157228
156071
154911
153746
152578
151405
150228
149047
147862
146673
145481
144286
143088
141888
140685
139479
138269
137056
135839
134618
133396
132175
130955
129736
128517
127297
126072
124840
123600
122353
121102
119847
118591
117331
116068
114799
113519
112228
110926
109617
108302
106984
105663
104337
103003
101657
100290
98897.7
97479.9
96046.6
94612.2
93193.1
91798.2
90428.8
89079.9
87744.3
86415.9
85091.5
83769.4
82448.9
81129.8
79811.8
78495
77179.4
75865.2
74552.4
73241.3
71931.9
70624.4
69319
68015.9
66715.2
65417.2
64122.1
62830.1
61541.3
60256.1
58974.7
57697.2
56424
55155.3
53891.3
52632.3
51378.6
50130.5
48888.2
47652
46422.2
45199.2
43983.2
42774.6
41573.7
40380.9
39196.5
38020.9
36854.6
35697.8
34551.2
33415
32290
31176.6
30075.3
28986.8
27911.5
26849.5
25800.2
247984
246519
245062
243615
242178
240752
239337
237932
236539
235158
233788
232429
231082
229746
228420
227105
225801
224506
223220
221944
220676
219416
218164
216920
215682
214450
213224
212004
210789
209579
208373
207172
205974
204780
203589
202401
201216
200034
198854
197676
196501
195328
194157
192988
191822
190656
189494
188333
187173
186016
184860
183705
182552
181400
180250
179100
177952
176804
175658
174512
173367
172222
171077
169932
168787
167642
166497
165351
164203
163055
161906
160754
159601
158445
157287
156125
154961
153792
152620
151445
150266
149084
147899
146712
145524
144335
143145
141956
140767
139580
138391
137199
136002
134800
133593
132384
131169
129952
128731
127501
126260
125009
123747
122475
121197
119916
118631
117346
116057
114762
113457
112144
110822
109495
108165
106835
105503
104169
102831
101482
100120
98742.3
97347.6
95943.4
94540.7
93149.7
91775.7
90419.3
89077
87744.4
86417
85092.9
83770.8
82450.3
81131.1
79813
78496.2
77180.6
75866.3
74553.5
73242.2
71932.8
70625.2
69319.8
68016.6
66715.9
65417.9
64122.7
62830.7
61541.9
60256.7
58975.2
57697.7
56424.5
55155.8
53891.8
52632.8
51379.1
50131
48888.7
47652.5
46422.8
45199.8
43983.9
42775.3
41574.5
40381.7
39197.5
38022
36855.8
35699.3
34552.9
33417.2
32292.6
31179.8
30079.5
28992.3
27918.9
26859.5
25813.6
249030
247574
246124
244682
243248
241822
240405
238997
237597
236207
234826
233455
232093
230740
229397
228062
226737
225420
224112
222812
221520
220236
218960
217690
216428
215171
213922
212678
211439
210206
208978
207755
206536
205321
204111
202904
201700
200500
199303
198110
196919
195731
194545
193363
192182
191004
189829
188655
187484
186314
185147
183981
182817
181654
180493
179333
178174
177016
175859
174702
173547
172391
171236
170082
168927
167772
166618
165463
164307
163151
161995
160837
159679
158518
157355
156190
155022
153852
152678
151502
150323
149143
147962
146782
145604
144430
143261
142097
140939
139788
138637
137479
136305
135108
133890
132652
131399
130137
128873
127604
126327
125041
123744
122440
121131
119819
118510
117201
115890
114577
113260
111939
110614
109286
107957
106628
105300
103969
102635
101296
99947.6
98589
97220.8
95847.9
94476
93111
91755.5
90410.7
89074
87744.2
86417.7
85094
83772.1
82451.6
81132.3
79814.2
78497.3
77181.6
75867.3
74554.4
73243.1
71933.6
70626
69320.5
68017.3
66716.6
65418.5
64123.3
62831.2
61542.5
60257.2
58975.7
57698.2
56425
55156.3
53892.3
52633.3
51379.6
50131.5
48889.2
47653.1
46423.4
45200.4
43984.5
42776
41575.2
40382.6
39198.4
38023.1
36857
35700.7
34554.5
33419.1
32295
31182.8
30083.3
28997.2
27925.5
26868.5
25826.3
249812
248361
246916
245477
244044
242619
241201
239790
238386
236991
235603
234223
232851
231488
230132
228785
227445
226114
224790
223474
222166
220865
219571
218284
217003
215729
214462
213201
211945
210695
209450
208210
206975
205745
204520
203298
202081
200867
199657
198450
197247
196047
194850
193656
192465
191277
190091
188908
187727
186548
185372
184197
183024
181853
180683
179514
178347
177181
176015
174851
173687
172524
171361
170198
169036
167874
166713
165552
164391
163231
162071
160912
159751
158590
157428
156265
155099
153931
152761
151590
150418
149245
148075
146910
145751
144601
143463
142334
141218
140109
138994
137854
136664
135418
134121
132793
131457
130131
128818
127514
126211
124902
123585
122264
120941
119620
118302
116988
115675
114363
113051
111737
110422
109104
107785
106467
105148
103827
102503
101174
99837.5
98494
97144.2
95790.6
94437
93087.1
91742.7
90404.5
89071.7
87743.4
86417.8
85094.4
83772.6
82452.1
81132.8
79814.7
78497.7
77182
75867.6
74554.7
73243.4
71933.8
70626.2
69320.6
68017.4
66716.6
65418.5
64123.3
62831.2
61542.4
60257.1
58975.6
57698.1
56424.8
55156.1
53892.1
52633.1
51379.4
50131.3
48889
47652.9
46423.2
45200.2
43984.3
42775.8
41575.1
40382.5
39198.4
38023.1
36857.2
35700.9
34555
33419.8
32296
31184.2
30085.4
29000.3
27930
26875.4
25836.8
250316
248869
247426
245989
244558
243133
241714
240301
238896
237497
236105
234720
233343
231973
230610
229255
227907
226567
225234
223908
222589
221278
219973
218675
217384
216099
214820
213548
212281
211020
209765
208515
207269
206029
204793
203562
202335
201113
199894
198679
197467
196260
195055
193854
192655
191460
190268
189078
187891
186706
185523
184343
183164
181987
180811
179637
178464
177292
176121
174951
173782
172613
171445
170278
169111
167946
166780
165617
164455
163294
162136
160978
159821
158665
157511
156356
155200
154042
152882
151720
150557
149395
148235
147083
145941
144812
143695
142590
141494
140403
139297
138138
136900
135581
134201
132795
131396
130027
128688
127372
126062
124749
123430
122110
120789
119472
118159
116850
115542
114236
112929
111622
110313
109003
107691
106379
105066
103751
102432
101109
99779.6
98444.5
97104.3
95760.6
94416.6
93074.4
91735.6
90401.1
89070.3
87743
86417.8
85094.7
83773
82452.5
81133.3
79815.1
78498.1
77182.4
75867.9
74555
73243.6
71934
70626.4
69320.8
68017.5
66716.7
65418.6
64123.4
62831.2
61542.4
60257.1
58975.6
57698.1
56424.9
55156.1
53892.1
52633.1
51379.4
50131.3
48889
47652.9
46423.2
45200.2
43984.4
42775.9
41575.2
40382.6
39198.5
38023.3
36857.5
35701.4
34555.6
33420.6
32297
31185.6
30087.3
29003
27934.1
26881.6
25846.6
250672
249228
247787
246352
244921
243497
242077
240664
239257
237856
236462
235074
233693
232318
230951
229591
228237
226891
225551
224219
222893
221574
220262
218957
217658
216365
215079
213799
212524
211256
209993
208735
207483
206235
204993
203755
202521
201292
200067
198846
197628
196415
195204
193998
192794
191594
190397
189203
188011
186822
185635
184450
183267
182085
180905
179727
178550
177374
176199
175025
173852
172679
171508
170338
169169
168001
166836
165673
164514
163359
162208
161059
159913
158769
157629
156489
155347
154201
153050
151891
150724
149554
148390
147235
146096
144971
143857
142750
141655
140565
139443
138251
136962
135585
134155
132708
131284
129901
128560
127243
125935
124625
123312
121997
120683
119373
118066
116763
115461
114160
112858
111555
110250
108945
107638
106329
105020
103708
102392
101072
99746.9
98416.4
97081.6
95743.7
94404.7
93066.8
91731.2
90398.8
89069.4
87742.6
86417.9
85094.9
83773.3
82452.8
81133.5
79815.4
78498.4
77182.6
75868.1
74555.2
73243.8
71934.2
70626.5
69320.9
68017.6
66716.8
65418.6
64123.4
62831.2
61542.4
60257.1
58975.6
57698.1
56424.8
55156.1
53892.1
52633.1
51379.4
50131.2
48889
47652.8
46423.2
45200.2
43984.4
42775.9
41575.3
40382.7
39198.7
38023.5
36857.7
35701.7
34556
33421.1
32297.8
31186.7
30088.8
29005.1
27937.3
26886.7
25855.5
250922
249480
248041
246606
245177
243752
242333
240919
239511
238109
236713
235323
233939
232562
231192
229828
228471
227120
225776
224439
223109
221785
220468
219157
217853
216555
215264
213978
212698
211425
210156
208894
207636
206384
205136
203893
202655
201421
200192
198966
197744
196526
195312
194102
192895
191691
190491
189294
188099
186907
185716
184528
183342
182157
180974
179793
178613
177434
176256
175079
173903
172728
171554
170383
169214
168048
166886
165730
164582
163441
162305
161171
160037
158907
157781
156649
155510
154362
153201
152024
150838
149651
148471
147306
146158
145024
143899
142785
141685
140587
139450
138228
136904
135494
134042
132587
131166
129791
128458
127148
125846
124541
123234
121924
120616
119311
118010
116710
115412
114114
112816
111516
110214
108911
107606
106300
104993
103682
102368
101050
99727.4
98399.6
97067.8
95733.2
94397.3
93062
91728.4
90397.3
89068.7
87742.4
86417.9
85095
83773.4
82453
81133.7
79815.5
78498.5
77182.7
75868.2
74555.2
73243.9
71934.2
70626.5
69320.9
68017.6
66716.8
65418.7
64123.4
62831.2
61542.4
60257.1
58975.6
57698.1
56424.8
55156.1
53892
52633
51379.3
50131.2
48888.9
47652.8
46423.1
45200.2
43984.4
42775.9
41575.3
40382.7
39198.7
38023.6
36857.8
35701.9
34556.2
33421.5
32298.3
31187.4
30089.8
29006.7
27939.8
26890.9
25863.4
251096
249655
248217
246784
245355
243931
242511
241097
239689
238286
236888
235497
234112
232733
231360
229994
228634
227281
225934
224594
223260
221933
220612
219298
217991
216689
215394
214105
212821
211544
210272
209006
207745
206489
205238
203992
202750
201513
200280
199052
197827
196606
195389
194176
192967
191761
190559
189359
188163
186968
185776
184585
183397
182210
181025
179842
178659
177477
176297
175118
173940
172764
171589
170419
169254
168095
166942
165799
164667
163540
162417
161290
160159
159033
157908
156771
155625
154465
153289
152095
150889
149681
148482
147303
146143
144994
143857
142735
141626
140519
139369
138131
136789
135366
133915
132474
131071
129713
128392
127091
125793
124492
123187
121880
120575
119273
117975
116679
115383
114087
112791
111493
110193
108891
107588
106283
104977
103667
102354
101037
99715.4
98389.2
97059.1
95726.4
94392.5
93058.8
91726.5
90396.3
89068.3
87742.3
86417.9
85095.1
83773.6
82453.2
81133.9
79815.6
78498.6
77182.8
75868.3
74555.3
73243.9
71934.2
70626.5
69320.9
68017.6
66716.8
65418.6
64123.4
62831.2
61542.4
60257.1
58975.6
57698.1
56424.8
55156
53892
52633
51379.3
50131.2
48888.9
47652.8
46423.1
45200.2
43984.3
42775.9
41575.3
40382.8
39198.8
38023.7
36857.9
35702
34556.4
33421.8
32298.7
31188
30090.6
29007.8
27941.7
26894.2
25870.2
251214
249775
248338
246905
245477
244053
242633
241219
239810
238407
237009
235616
234230
232850
231476
230108
228746
227391
226042
224700
223364
222035
220712
219396
218085
216781
215484
214192
212906
211627
210352
209084
207820
206562
205309
204061
202817
201578
200343
199112
197885
196662
195443
194228
193017
191810
190607
189406
188209
187013
185819
184627
183437
182249
181063
179877
178693
177509
176327
175147
173968
172790
171616
170451
169296
168148
167008
165875
164748
163621
162493
161359
160224
159092
157960
156819
155666
154501
153315
152107
150880
149654
148444
147253
146083
144921
143773
142642
141522
140403
139246
138005
136663
135248
133810
132389
131005
129662
128351
127055
125761
124463
123159
121854
120550
119250
117954
116659
115365
114071
112775
111479
110180
108879
107577
106273
104967
103658
102346
101029
99708
98382.5
97053.5
95722
94389.3
93056.7
91725.3
90395.7
89068
87742.2
86418
85095.2
83773.6
82453.2
81133.9
79815.7
78498.6
77182.8
75868.3
74555.3
73243.9
71934.2
70626.5
69320.9
68017.6
66716.7
65418.6
64123.3
62831.2
61542.3
60257
58975.5
57698
56424.7
55156
53891.9
52632.9
51379.2
50131.1
48888.8
47652.7
46423.1
45200.1
43984.3
42775.9
41575.3
40382.7
39198.8
38023.7
36858
35702.1
34556.5
33421.9
32298.9
31188.3
30091.1
29008.7
27943.1
26896.8
25876
251294
249855
248419
246986
245558
244134
242715
241301
239892
238488
237089
235696
234309
232928
231553
230184
228821
227465
226115
224772
223434
222104
220779
219461
218149
216844
215544
214251
212964
211682
210407
209137
207872
206612
205358
204108
202863
201622
200385
199153
197924
196700
195480
194264
193052
191845
190641
189441
188242
187046
185850
184657
183466
182277
181090
179904
178718
177533
176349
175167
173988
172810
171637
170481
169336
168194
167056
165917
164781
163650
162517
161374
160231
159090
157950
156806
155652
154481
153286
152064
150828
149598
148384
147192
146014
144846
143688
142545
141412
140280
139116
137879
136550
135154
133734
132331
130963
129631
128325
127033
125741
124444
123142
121837
120535
119236
117941
116647
115354
114061
112766
111470
110172
108872
107570
106267
104962
103653
102341
101024
99703.3
98378.3
97049.9
95719.2
94387.2
93055.4
91724.5
90395.3
89067.8
87742.1
86418
85095.2
83773.7
82453.3
81134
79815.7
78498.6
77182.8
75868.3
74555.2
73243.8
71934.2
70626.5
69320.9
68017.5
66716.7
65418.5
64123.3
62831.1
61542.3
60257
58975.5
57698
56424.7
55155.9
53891.9
52632.9
51379.2
50131.1
48888.8
47652.7
46423
45200.1
43984.3
42775.9
41575.2
40382.7
39198.7
38023.7
36858
35702.1
34556.6
33422
32299.1
31188.6
30091.5
29009.2
27944
26898.7
25880.9
251345
249906
248470
247038
245610
244187
242768
241353
239944
238540
237141
235748
234360
232979
231603
230233
228870
227513
226162
224818
223480
222148
220822
219503
218191
216884
215584
214290
213001
211719
210442
209171
207906
206645
205390
204140
202894
201652
200414
199181
197951
196726
195505
194288
193076
191868
190665
189466
188268
187070
185873
184678
183488
182299
181111
179925
178734
177547
176365
175182
174002
172825
171650
170492
169354
168214
167074
165928
164777
163635
162499
161355
160205
159055
157910
156762
155602
154421
153226
152004
150774
149545
148332
147141
145961
144786
143618
142464
141320
140174
139003
137772
136459
135083
133681
132293
130937
129612
128310
127019
125728
124432
123130
121827
120525
119228
117933
116640
115348
114054
112760
111465
110167
108868
107567
106264
104959
103650
102338
101021
99700.5
98375.7
97047.7
95717.4
94386
93054.6
91724.1
90395.1
89067.8
87742.1
86418
85095.3
83773.8
82453.3
81134
79815.7
78498.6
77182.8
75868.3
74555.2
73243.8
71934.1
70626.4
69320.8
68017.5
66716.7
65418.5
64123.2
62831.1
61542.2
60256.9
58975.4
57697.9
56424.6
55155.9
53891.8
52632.8
51379.1
50131
48888.7
47652.6
46423
45200
43984.2
42775.8
41575.2
40382.7
39198.7
38023.7
36858
35702.1
34556.6
33422.1
32299.1
31188.7
30091.7
29009.6
27944.6
26900
25884.7
251375
249937
248502
247070
245642
244219
242799
241385
239976
238571
237172
235779
234391
233009
231633
230263
228900
227542
226191
224846
223507
222175
220849
219529
218216
216909
215608
214313
213024
211741
210464
209193
207927
206666
205411
204160
202914
201672
200433
199199
197969
196743
195521
194305
193093
191885
190683
189485
188289
187089
185889
184695
183506
182318
181130
179946
178751
177556
176369
175187
174006
172827
171656
170501
169361
168218
167076
165917
164755
163612
162473
161329
160174
159015
157863
156711
155548
154371
153174
151957
150731
149506
148297
147107
145926
144745
143571
142406
141254
140099
138922
137695
136395
135034
133644
132267
130920
129600
128301
127010
125720
124424
123123
121820
120519
119222
117929
116636
115344
114051
112757
111462
110164
108865
107565
106262
104957
103649
102337
101020
99699
98374.3
97046.5
95716.5
94385.3
93054.1
91723.8
90395
89067.8
87742.2
86418.1
85095.3
83773.8
82453.4
81134
79815.7
78498.6
77182.8
75868.2
74555.2
73243.8
71934.1
70626.4
69320.8
68017.5
66716.6
65418.5
64123.2
62831
61542.2
60256.9
58975.4
57697.9
56424.6
55155.8
53891.8
52632.8
51379.1
50131
48888.7
47652.6
46422.9
45200
43984.2
42775.8
41575.1
40382.7
39198.7
38023.6
36858
35702.1
34556.6
33422.1
32299.2
31188.8
30091.8
29009.9
27945
26901
25887.6
251392
249954
248518
247087
245659
244235
242816
241402
239993
238588
237189
235796
234408
233026
231649
230279
228915
227558
226206
224861
223522
222189
220863
219543
218229
216922
215621
214326
213037
211754
210477
209205
207939
206679
205423
204173
202927
201684
200446
199212
197981
196755
195533
194317
193105
191898
190696
189499
188306
187105
185903
184705
183516
182329
181140
179952
178757
177560
176369
175187
174008
172830
171656
170499
169356
168208
167059
165895
164727
163583
162442
161300
160149
158990
157835
156678
155514
154335
153141
151925
150702
149480
148275
147087
145905
144722
143541
142370
141212
140053
138873
137648
136356
135003
133621
132250
130907
129592
128294
127004
125714
124419
123118
121816
120516
119220
117926
116634
115342
114049
112755
111460
110163
108864
107564
106261
104956
103648
102336
101019
99698.1
98373.5
97045.8
95716
94385
93054
91723.8
90395
89067.8
87742.2
86418.1
85095.4
83773.8
82453.4
81134
79815.7
78498.6
77182.7
75868.2
74555.2
73243.7
71934.1
70626.4
69320.8
68017.4
66716.6
65418.4
64123.2
62831
61542.2
60256.9
58975.3
57697.8
56424.5
55155.8
53891.8
52632.8
51379.1
50130.9
48888.7
47652.5
46422.9
45200
43984.1
42775.7
41575.1
40382.6
39198.6
38023.6
36857.9
35702.1
34556.6
33422.1
32299.2
31188.8
30091.9
29010
27945.3
26901.6
25889.6
251399
249961
248525
247094
245666
244242
242823
241409
240000
238595
237196
235802
234414
233032
231656
230286
228922
227564
226212
224867
223528
222195
220869
219549
218235
216927
215626
214331
213042
211759
210482
209210
207944
206684
205428
204178
202932
201690
200452
199217
197986
196760
195539
194322
193110
191903
190700
189503
188308
187109
185908
184712
183522
182335
181147
179959
178763
177564
176374
175189
174009
172832
171658
170496
169348
168200
167048
165885
164718
163572
162433
161290
160136
158977
157819
156660
155495
154318
153123
151909
150688
149469
148265
147077
145895
144712
143527
142352
141191
140028
138849
137625
136337
134988
133609
132241
130900
129587
128290
127001
125712
124417
123116
121814
120515
119218
117925
116633
115341
114048
112754
111459
110162
108863
107563
106261
104956
103648
102335
101019
99697.7
98373.1
97045.6
95715.8
94384.9
93053.9
91723.7
90395
89067.8
87742.2
86418.1
85095.4
83773.8
82453.4
81134
79815.7
78498.6
77182.7
75868.2
74555.1
73243.7
71934.1
70626.3
69320.7
68017.4
66716.5
65418.4
64123.1
62831
61542.1
60256.8
58975.3
57697.8
56424.5
55155.7
53891.7
52632.7
51379
50130.9
48888.6
47652.5
46422.8
45199.9
43984.1
42775.7
41575.1
40382.6
39198.6
38023.6
36857.9
35702
34556.6
33422.1
32299.2
31188.8
30091.9
29010.1
27945.4
26901.8
25890.5
24939.4
23977.1
22967.8
21920.5
20841.3
19733.3
18599
17441
16262.1
15065.3
13854.2
12633
11406.3
10179.9
8960.51
7756.27
6576.91
5434.08
4341.45
3315.59
2376.22
1547.19
856.907
341.011
44.2636
24904.7
23936.3
22926.8
21880.2
20801.5
19694.3
18561.1
17404.4
16226.8
15031.5
13821.9
12602.2
11377.1
10152.4
8934.8
7732.51
6555.17
5414.42
4323.95
3300.45
2363.45
1537.03
849.43
336.354
42.8007
24878.5
23901.2
22888.9
21841.9
20763.3
19656.5
18524.1
17368.3
16191.8
14997.6
13789.3
12571
11347.4
10124.3
8908.37
7707.89
6532.49
5393.78
4305.51
3284.35
2349.88
1526.15
841.459
331.538
41.4273
24854.7
23869.6
22853.9
21805.8
20727.2
19620.7
18488.8
17333.9
16158.4
14965.4
13758.4
12541.4
11319.2
10097.6
8883.39
7684.66
6511.12
5374.38
4288.21
3269.29
2337.19
1516.03
834.111
327.203
40.2861
24832.9
23841.5
22822.1
21772.4
20693.4
19586.9
18455.5
17301.2
16126.6
14934.6
13728.7
12512.9
11292.1
10071.9
8859.24
7662.17
6490.4
5355.55
4271.41
3254.64
2324.88
1506.22
827.04
323.092
39.3031
24812.6
23815.8
22792.7
21741.2
20661.5
19554.9
18423.7
17270
16096.2
14905.2
13700.3
12485.8
11266.2
10047.5
8836.31
7640.86
6470.8
5337.77
4255.56
3240.87
2313.32
1497.06
820.471
319.377
38.4641
24793.5
23792.2
22765.7
21712.3
20631.7
19524.9
18393.8
17240.6
16067.4
14877.3
13673.4
12459.9
11241.6
10024.1
8814.36
7620.41
6451.96
5320.66
4240.3
3227.59
2302.19
1488.25
814.214
315.876
37.7377
24775.5
23770.4
22740.8
21685.4
20603.7
19496.6
18365.6
17212.6
16040
14850.6
13647.7
12435.3
11218.1
10001.9
8793.51
7601.03
6434.15
5304.52
4225.93
3215.11
2291.75
1480.03
808.395
312.701
37.1079
24758.6
23750.1
22717.8
21660.4
20577.7
19470.1
18339
17186.3
16014.3
14825.6
13623.5
12412
11195.9
9980.87
8773.72
7582.59
6417.17
5289.1
4212.19
3203.18
2281.78
1472.18
802.903
309.74
36.5575
24742.7
23731.3
22696.5
21637.3
20553.4
19445.2
18314
17161.5
15989.9
14801.8
13600.5
12389.9
11174.8
9960.89
8754.97
7565.16
6401.14
5274.58
4199.28
3191.99
2272.45
1464.87
797.799
307.05
36.0753
24727.8
23713.8
22676.8
21615.8
20530.8
19422.1
18290.7
17138.3
15967
14779.4
13578.9
12369.1
11155
9942.11
8737.31
7548.71
6386
5260.84
4187.05
3181.38
2263.61
1457.96
793.022
304.547
35.6501
24713.8
23697.6
22658.5
21596
20509.9
19400.5
18268.9
17116.5
15945.5
14758.4
13558.5
12349.5
11136.2
9924.36
8720.65
7533.23
6371.77
5247.95
4175.6
3171.47
2255.37
1451.54
788.597
302.28
35.2751
24700.8
23682.6
22641.7
21577.7
20490.5
19380.5
18248.6
17096.3
15925.5
14738.9
13539.5
12331.3
11118.8
9907.83
8705.09
7518.74
6358.44
5235.86
4164.85
3162.16
2247.63
1445.52
784.487
300.185
34.9425
24688.7
23668.7
22626.2
21560.8
20472.7
19362
18229.8
17077.5
15906.9
14720.6
13521.8
12314.2
11102.4
9892.31
8690.53
7505.2
6346
5224.6
4154.85
3153.52
2240.47
1439.97
780.701
298.29
34.6481
24677.5
23655.9
22611.9
21545.4
20456.3
19345.1
18212.5
17060.1
15889.7
14703.7
13505.4
12298.4
11087.4
9878
8677.07
7492.67
6334.47
5214.15
4145.57
3145.5
2233.82
1434.82
777.222
296.556
34.3867
24667.2
23644.2
22599
21531.3
20441.4
19329.5
18196.7
17044.2
15873.9
14688.2
13490.2
12283.7
11073.4
9864.72
8664.59
7481.07
6323.82
5204.51
4137.01
3138.12
2227.71
1430.12
774.043
294.997
34.1555
24657.7
23633.6
22587.2
21518.5
20427.8
19315.4
18182.2
17029.6
15859.4
14674
13476.4
12270.4
11060.6
9852.62
8653.22
7470.48
6314.08
5195.69
4129.18
3131.37
2222.13
1425.81
771.163
293.587
33.9509
24649.2
23623.9
22576.5
21507
20415.6
19302.6
18169.2
17016.5
15846.3
14661.1
13463.8
12258.2
11048.9
9841.56
8642.82
7460.81
6305.2
5187.67
4122.07
3125.24
2217.07
1421.93
768.562
292.334
33.7711
24641.5
23615.4
22567.1
21496.7
20404.6
19291.3
18157.5
17004.7
15834.5
14649.5
13452.5
12247.3
11038.5
9831.67
8633.52
7452.16
6297.24
5180.46
4115.68
3119.74
2212.54
1418.45
766.25
291.218
33.6138
24634.7
23607.8
22558.7
21487.7
20395
19281.2
18147.2
16994.2
15824.1
14639.2
13442.5
12237.6
11029.2
9822.82
8625.2
7444.43
6290.15
5174.05
4110.01
3114.85
2208.51
1415.38
764.205
290.246
33.4776
24628.8
23601.2
22551.5
21479.8
20386.6
19272.5
18138.2
16985.1
15815
14630.2
13433.7
12229.1
11021.1
9815.12
8617.97
7437.7
6283.97
5168.46
4105.05
3110.59
2205.01
1412.7
762.439
289.403
33.361
24623.7
23595.6
22545.3
21473.1
20379.5
19265
18130.5
16977.3
15807.2
14622.5
13426.2
12221.8
11014.1
9808.48
8611.73
7431.9
6278.64
5163.65
4100.8
3106.94
2202.01
1410.42
760.931
288.692
33.263
24619.5
23590.9
22540.2
21467.6
20373.6
19258.8
18124.1
16970.8
15800.7
14616.1
13419.9
12215.7
11008.3
9802.97
8606.56
7427.09
6274.23
5159.66
4097.27
3103.91
2199.53
1408.53
759.692
288.106
33.1827
24616.2
23587.2
22536.1
21463.2
20368.9
19253.9
18119
16965.6
15795.5
14610.9
13414.8
12210.9
11003.6
9798.54
8602.39
7423.22
6270.68
5156.46
4094.45
3101.49
2197.55
1407.03
758.707
287.644
33.1195
24613.7
23584.5
22533.1
21459.9
20365.4
19250.2
18115.2
16961.7
15791.6
14607.1
13411
12207.2
11000.1
9795.22
8599.28
7420.33
6268.03
5154.07
4092.34
3099.68
2196.08
1405.92
757.984
287.304
33.0728
24612.1
23582.7
22531.1
21457.8
20363.1
19247.7
18112.6
16959.1
15789
14604.5
13408.5
12204.7
10997.7
9792.99
8597.19
7418.39
6266.25
5152.47
4090.93
3098.49
2195.1
1405.19
757.512
287.083
33.042
24611.4
23581.9
22530.2
21456.7
20361.9
19246.5
18111.3
16957.8
15787.6
14603.1
13407.2
12203.5
10996.5
9791.86
8596.13
7417.42
6265.37
5151.68
4090.24
3097.9
2194.64
1404.85
757.298
286.982
33.0272
24611.6
23582
22530.3
21456.8
20361.9
19246.5
18111.3
16957.7
15787.6
14603
13407.1
12203.4
10996.5
9791.82
8596.11
7417.4
6265.36
5151.68
4090.25
3097.93
2194.68
1404.9
757.339
287
33.0281
24613
23583.5
22531.9
21458.4
20363.7
19248.2
18113.1
16959.5
15789.3
14604.8
13408.8
12205.1
10998.1
9793.37
8597.57
7418.77
6266.63
5152.84
4091.29
3098.84
2195.45
1405.5
757.753
287.192
33.0516
24615.7
23586.4
22535
21461.7
20367.1
19251.7
18116.7
16963.1
15792.9
14608.4
13412.3
12208.5
11001.4
9796.49
8600.52
7421.52
6269.17
5155.14
4093.34
3100.62
2196.94
1406.66
758.529
287.554
33.0976
24619.6
23590.7
22539.5
21466.6
20372.2
19257
18122.1
16968.6
15798.4
14613.8
13417.6
12213.6
11006.3
9801.2
8604.96
7425.67
6272.99
5158.61
4096.42
3103.29
2199.16
1408.38
759.68
288.094
33.1668
24624.8
23596.3
22545.6
21473
20379
19264.1
18129.3
16976
15805.8
14621
13424.7
12220.5
11012.9
9807.49
8610.89
7431.19
6278.07
5163.21
4100.52
3106.83
2202.1
1410.65
761.2
288.809
33.2595
24631.2
23603.3
22553.2
21481.1
20387.5
19273
18138.5
16985.2
15815
14630.2
13433.6
12229.1
11021.2
9815.37
8618.31
7438.11
6284.44
5168.98
4105.65
3111.26
2205.78
1413.48
763.104
289.708
33.3771
24638.9
23611.6
22562.2
21490.9
20397.9
19283.8
18149.5
16996.4
15826.1
14641.2
13444.4
12239.5
11031.2
9824.84
8627.23
7446.42
6292.08
5175.9
4111.79
3116.57
2210.18
1416.88
765.389
290.796
33.5205
24647.8
23621.4
22572.9
21502.3
20410
19296.4
18162.5
17009.5
15839.2
14654
13456.9
12251.7
11042.8
9835.91
8637.65
7456.12
6301.01
5183.99
4118.97
3122.77
2215.32
1420.85
768.072
292.08
33.6919
24657.9
23632.6
22585.1
21515.5
20424
19311
18177.4
17024.5
15854.2
14668.8
13471.4
12265.6
11056.2
9848.58
8649.57
7467.22
6311.22
5193.22
4127.17
3129.85
2221.21
1425.39
771.152
293.57
33.8932
24669.3
23645.3
22599
21530.5
20439.8
19327.5
18194.3
17041.6
15871.2
14685.5
13487.6
12281.3
11071.2
9862.86
8663.01
7479.73
6322.72
5203.63
4136.42
3137.83
2227.84
1430.52
774.648
295.275
34.1275
24682
23659.4
22614.6
21547.3
20457.7
19346
18213.2
17060.7
15890.1
14704.1
13505.7
12298.8
11087.9
9878.74
8677.95
7493.63
6335.51
5215.21
4146.7
3146.71
2235.22
1436.23
778.561
297.207
34.3986
24695.8
23675
22631.9
21566.1
20477.6
19366.7
18234.3
17081.8
15911.1
14724.7
13525.8
12318.1
11106.4
9896.25
8694.41
7508.95
6349.59
5227.95
4158.03
3156.49
2243.36
1442.54
782.914
299.385
34.7113
24711
23692.2
22651.1
21586.9
20499.6
19389.5
18257.5
17105.1
15934.1
14747.3
13547.7
12339.2
11126.6
9915.36
8712.39
7525.68
6364.98
5241.87
4170.41
3167.17
2252.27
1449.46
787.706
301.818
35.0719
24727.3
23711.1
22672.1
21609.8
20523.8
19414.5
18282.9
17130.5
15959.2
14771.8
13571.5
12362.1
11148.5
9936.12
8731.91
7543.83
6381.68
5256.97
4183.84
3178.77
2261.94
1456.99
792.959
304.53
35.4886
24745
23731.7
22695.3
21634.9
20550.3
19441.9
18310.6
17158.1
15986.5
14798.4
13597.2
12386.9
11172.1
9958.51
8752.96
7563.39
6399.68
5273.26
4198.34
3191.29
2272.41
1465.14
798.678
307.534
35.9721
24763.2
23753.2
22719.6
21661.3
20578.1
19470.3
18339.3
17186.6
16014.6
14825.8
13623.8
12412.4
11196.4
9981.51
8774.58
7583.48
6418.17
5289.98
4213.23
3204.15
2283.17
1473.54
804.609
310.709
36.5121
24780.9
23774.4
22743.7
21687.4
20605.3
19498.2
18367.3
17214.5
16041.9
14852.4
13649.4
12437
11219.9
10003.8
8795.5
7602.9
6436.06
5306.17
4227.65
3216.62
2293.62
1481.7
810.394
313.871
37.0824
24797.9
23795.1
22767.2
21712.7
20631.8
19525.2
18394.3
17241.2
16068.1
14877.9
13674
12460.6
11242.4
10025
8815.45
7621.42
6453.11
5321.59
4241.41
3228.52
2303.58
1489.52
815.952
316.954
37.6771
24814.3
23815.3
22790
21737.3
20657.2
19551
18420.1
17266.6
16093
14902
13697.3
12482.9
11263.7
10045.1
8834.36
7638.98
6469.28
5336.24
4254.47
3239.82
2313.06
1496.97
821.26
319.956
38.2937
24830
23834.7
22812.1
21760.9
20681.6
19575.5
18444.6
17290.7
16116.5
14924.9
13719.3
12504
11283.8
10064.1
8852.16
7655.5
6484.49
5350.02
4266.75
3250.47
2321.98
1504
826.279
322.828
38.9278
24845
23853.5
22833.4
21783.4
20704.7
19598.7
18467.6
17313.4
16138.6
14946.3
13740
12523.7
11302.6
10081.9
8868.87
7671.02
6498.77
5362.97
4278.3
3260.5
2330.38
1510.64
831.015
325.583
39.5761
24859.2
23871.6
22853.7
21804.8
20726.5
19620.6
18489.3
17334.7
16159.4
14966.4
13759.3
12542.2
11320.2
10098.4
8884.44
7685.48
6512.07
5375.04
4289.05
3269.85
2338.2
1516.84
835.438
328.179
40.2334
24872.8
23889.1
22873.1
21825
20747
19641.1
18509.6
17354.5
16178.7
14985.1
13777.3
12559.5
11336.6
10113.9
8898.94
7698.96
6524.47
5386.31
4299.09
3278.6
2345.51
1522.67
839.583
330.639
40.8959
24885.8
23905.8
22891.5
21844.1
20766.2
19660.3
18528.5
17373
16196.6
15002.5
13794
12575.4
11351.8
10128.3
8912.35
7711.44
6535.92
5396.74
4308.36
3286.71
2352.26
1528.07
843.413
332.927
41.5582
24898.5
23922
22908.9
21861.9
20784.2
19678.1
18546
17390.1
16213.3
15018.6
13809.5
12590.3
11365.8
10141.6
8924.79
7723.03
6546.55
5406.44
4316.97
3294.26
2358.54
1533.12
846.993
335.077
42.2165
24910.9
23937.6
22925.2
21878.6
20800.9
19694.7
18562.3
17406
16228.7
15033.4
13823.8
12603.9
11378.8
10153.8
8936.2
7733.68
6556.3
5415.35
4324.87
3301.2
2364.3
1537.76
850.269
337.05
42.8659
24923.5
23952.6
22940.7
21894.1
20816.5
19710.1
18577.3
17420.6
16242.9
15047.2
13837
12616.6
11390.7
10165.2
8946.77
7743.56
6565.33
5423.62
4332.2
3307.66
2369.65
1542.1
853.328
338.897
43.5039
24936.4
23967.1
22955.2
21908.7
20830.9
19724.3
18591.1
17434.1
16255.9
15059.7
13849.1
12628.1
11401.7
10175.5
8956.38
7752.55
6573.55
5431.16
4338.86
3313.54
2374.5
1546.05
856.087
340.562
44.1219
24949.7
23981
22969
21922.4
20844.4
19737.5
18604
17446.6
16268
15071.4
13860.3
12638.9
11411.8
10185.2
8965.33
7760.94
6581.2
5438.19
4345.07
3319.04
2379.03
1549.75
858.687
342.134
44.7284
24962.7
23993.9
22981.6
21934.6
20856.1
19748.6
18614.9
17457.2
16278.2
15081.1
13869.5
12647.6
11419.9
10192.9
8972.42
7767.59
6587.23
5443.75
4349.95
3323.38
2382.57
1552.67
860.692
343.347
45.2398
)
;

boundaryField
{
    inlet
    {
        type            calculated;
        value           nonuniform List<scalar> 
30
(
9.9616e+06
9.96184e+06
9.96217e+06
9.96256e+06
9.96295e+06
9.96357e+06
9.96438e+06
9.96538e+06
9.96687e+06
9.96857e+06
9.97121e+06
9.97348e+06
9.97684e+06
9.98119e+06
9.98686e+06
9.99367e+06
1.0002e+07
1.00113e+07
1.00213e+07
1.00284e+07
1.00315e+07
1.00341e+07
1.00341e+07
1.00346e+07
1.00346e+07
1.00337e+07
1.0033e+07
1.00327e+07
1.00326e+07
1.00326e+07
)
;
    }
    outlet
    {
        type            calculated;
        value           uniform 0;
    }
    upperWall
    {
        type            calculated;
        value           nonuniform List<scalar> 
223
(
1.00326e+07
9.87577e+06
9.71608e+06
9.56381e+06
9.41943e+06
9.2826e+06
9.15297e+06
9.03022e+06
8.91399e+06
8.80397e+06
8.69983e+06
8.60127e+06
8.50799e+06
8.41971e+06
8.33616e+06
8.25708e+06
8.18221e+06
8.11133e+06
8.0542e+06
8.00872e+06
7.96332e+06
7.91801e+06
7.87279e+06
7.82769e+06
7.78271e+06
7.73786e+06
7.69314e+06
7.64856e+06
7.60414e+06
7.55987e+06
7.51576e+06
7.47182e+06
7.42806e+06
7.38447e+06
7.34107e+06
7.29785e+06
7.25483e+06
7.21199e+06
7.16934e+06
7.12689e+06
7.08463e+06
7.04256e+06
7.00069e+06
6.95901e+06
6.91752e+06
6.87622e+06
6.8351e+06
6.79417e+06
6.75341e+06
6.71283e+06
6.67242e+06
6.63218e+06
6.5921e+06
6.55217e+06
6.51241e+06
6.47279e+06
6.43331e+06
6.39398e+06
6.35477e+06
6.31569e+06
6.27672e+06
6.23784e+06
6.19906e+06
6.16036e+06
6.12174e+06
6.0832e+06
6.04475e+06
6.00638e+06
5.96808e+06
5.92983e+06
5.89163e+06
5.85347e+06
5.81535e+06
5.77726e+06
5.7392e+06
5.70118e+06
5.66315e+06
5.62513e+06
5.58711e+06
5.54908e+06
5.51107e+06
5.47307e+06
5.43508e+06
5.39707e+06
5.359e+06
5.32089e+06
5.28272e+06
5.24451e+06
5.20626e+06
5.16795e+06
5.12957e+06
5.09115e+06
5.05267e+06
5.01416e+06
4.97558e+06
4.93692e+06
4.89819e+06
4.85938e+06
4.82049e+06
4.78152e+06
4.74249e+06
4.70339e+06
4.66422e+06
4.62498e+06
4.58566e+06
4.54626e+06
4.50679e+06
4.46724e+06
4.42759e+06
4.3878e+06
4.34786e+06
4.30778e+06
4.2676e+06
4.22735e+06
4.18705e+06
4.14668e+06
4.10625e+06
4.06574e+06
4.02515e+06
3.98447e+06
3.9437e+06
3.90285e+06
3.86192e+06
3.82092e+06
3.77984e+06
3.73868e+06
3.69745e+06
3.65615e+06
3.61477e+06
3.57333e+06
3.53181e+06
3.49023e+06
3.44858e+06
3.40687e+06
3.3651e+06
3.32328e+06
3.2814e+06
3.23947e+06
3.19749e+06
3.15546e+06
3.11339e+06
3.07129e+06
3.02916e+06
2.987e+06
2.94481e+06
2.9026e+06
2.86038e+06
2.81815e+06
2.77591e+06
2.73367e+06
2.69143e+06
2.6492e+06
2.60698e+06
2.56478e+06
2.5226e+06
2.48045e+06
2.43834e+06
2.39626e+06
2.35422e+06
2.31224e+06
2.27032e+06
2.22845e+06
2.18666e+06
2.14495e+06
2.10331e+06
2.06177e+06
2.02033e+06
1.97899e+06
1.93776e+06
1.89665e+06
1.85567e+06
1.81482e+06
1.77412e+06
1.73356e+06
1.69317e+06
1.65295e+06
1.61291e+06
1.57305e+06
1.53339e+06
1.49393e+06
1.4547e+06
1.41569e+06
1.37692e+06
1.3384e+06
1.30014e+06
1.26215e+06
1.22446e+06
1.18706e+06
1.14998e+06
1.11324e+06
1.07685e+06
1.04084e+06
1.00523e+06
970069
935394
901280
867856
835422
805904
774753
742110
708294
673455
637691
601086
563724
525688
487075
447996
408581
368979
329384
290001
251105
212993
176052
140709
107520
77096.9
50244.3
27840.6
11075.3
1438.2
)
;
    }
    lowerWall
    {
        type            calculated;
        value           nonuniform List<scalar> 
250
(
9.9616e+06
9.80363e+06
9.64099e+06
9.48385e+06
9.33266e+06
9.18706e+06
9.0467e+06
8.91118e+06
8.7801e+06
8.653e+06
8.52937e+06
8.40863e+06
8.29008e+06
8.17283e+06
8.05563e+06
7.93656e+06
7.81218e+06
7.6737e+06
6.48613e+06
6.4885e+06
6.4932e+06
6.50029e+06
6.50981e+06
6.52184e+06
6.53648e+06
6.5538e+06
6.57389e+06
6.59689e+06
6.62298e+06
6.65242e+06
6.68549e+06
6.72256e+06
6.76409e+06
6.81215e+06
6.86544e+06
6.91926e+06
6.9734e+06
7.02774e+06
7.08233e+06
7.13732e+06
7.19301e+06
7.2499e+06
7.30919e+06
7.37332e+06
7.44316e+06
6.48613e+06
6.48562e+06
6.48459e+06
6.48301e+06
6.48088e+06
6.47819e+06
6.47494e+06
6.47112e+06
6.46672e+06
6.46175e+06
6.45618e+06
6.45001e+06
6.44325e+06
6.43587e+06
6.42787e+06
6.41925e+06
6.41002e+06
6.40015e+06
6.38967e+06
6.37856e+06
6.36684e+06
6.3545e+06
6.34155e+06
6.32799e+06
6.31385e+06
6.2991e+06
6.28378e+06
6.26787e+06
6.25138e+06
6.23432e+06
6.21669e+06
6.1985e+06
6.17977e+06
6.1605e+06
6.14068e+06
6.12034e+06
6.09948e+06
6.07812e+06
6.05627e+06
6.03394e+06
6.01111e+06
5.98779e+06
5.964e+06
5.93973e+06
5.915e+06
5.88981e+06
5.86418e+06
5.83811e+06
5.8116e+06
5.78468e+06
5.75735e+06
5.72962e+06
5.70151e+06
5.67302e+06
5.64416e+06
5.61494e+06
5.58537e+06
5.55545e+06
5.52518e+06
5.49458e+06
5.46364e+06
5.43238e+06
5.40079e+06
5.36889e+06
5.33667e+06
5.30414e+06
5.2713e+06
5.23816e+06
5.20473e+06
5.171e+06
5.13699e+06
5.1027e+06
5.06814e+06
5.03331e+06
4.99823e+06
4.9629e+06
4.92733e+06
4.89152e+06
4.85549e+06
4.81924e+06
4.78278e+06
4.7461e+06
4.70923e+06
4.67215e+06
4.63488e+06
4.59742e+06
4.55978e+06
4.52195e+06
4.48394e+06
4.44576e+06
4.40741e+06
4.36888e+06
4.33019e+06
4.29135e+06
4.25235e+06
4.2132e+06
4.1739e+06
4.13446e+06
4.09488e+06
4.05517e+06
4.01533e+06
3.97535e+06
3.93524e+06
3.89502e+06
3.85467e+06
3.8142e+06
3.77362e+06
3.73292e+06
3.69212e+06
3.65122e+06
3.61021e+06
3.56911e+06
3.52791e+06
3.48662e+06
3.44525e+06
3.4038e+06
3.36227e+06
3.32066e+06
3.27899e+06
3.23725e+06
3.19545e+06
3.1536e+06
3.11169e+06
3.06974e+06
3.02774e+06
2.9857e+06
2.94363e+06
2.90153e+06
2.8594e+06
2.81726e+06
2.7751e+06
2.73293e+06
2.69076e+06
2.64859e+06
2.60642e+06
2.56427e+06
2.52214e+06
2.48003e+06
2.43795e+06
2.3959e+06
2.3539e+06
2.31195e+06
2.27005e+06
2.22821e+06
2.18644e+06
2.14474e+06
2.10313e+06
2.0616e+06
2.02017e+06
1.97884e+06
1.93762e+06
1.89652e+06
1.85555e+06
1.81471e+06
1.77401e+06
1.73347e+06
1.69308e+06
1.65286e+06
1.61282e+06
1.57296e+06
1.5333e+06
1.49385e+06
1.45461e+06
1.4156e+06
1.37683e+06
1.33831e+06
1.30004e+06
1.26206e+06
1.22435e+06
1.18695e+06
1.14987e+06
1.11312e+06
1.07673e+06
1.04071e+06
1.0051e+06
969928
935245
901121
867677
835173
805061
773846
741224
707440
672635
636906
600335
563004
524999
486417
447368
407985
368421
328857
289513
250650
212578
175671
140375
107225
76859.8
50047
27711.1
10996.6
1406.04
)
;
    }
    frontAndBack
    {
        type            empty;
    }
}


// ************************************************************************* //
