/*--------------------------------*- C++ -*----------------------------------*\
  =========                 |
  \\      /  F ield         | OpenFOAM: The Open Source CFD Toolbox
   \\    /   O peration     | Website:  https://openfoam.org
    \\  /    A nd           | Version:  9
     \\/     M anipulation  |
\*---------------------------------------------------------------------------*/
FoamFile
{
    format      ascii;
    class       volScalarField;
    location    "0.042";
    object      s_0;
}
// * * * * * * * * * * * * * * * * * * * * * * * * * * * * * * * * * * * * * //

dimensions      [0 0 0 0 0 0 0];

internalField   nonuniform List<scalar> 
12225
(
1
1
1
1
1
1
1
1
1
1
1
1
1
1
1
1
1
1
1
1
1
1
1
1
1
1
1
1
1
1
1
1
1
1
1
1
1
1
1
1
1
1
1
1
1
1
1
1
1
1
1
1
1
1
1
1
1
1
1
1
1
1
1
1
1
1
1
1
1
1
1
1
1
1
1
1
1
1
1
1
1
1
1
1
1
1
1
1
1
1
1
1
1
1
1
1
1
1
1
1
1
1
1
1
1
1
1
1
1
1
1
1
1
1
1
1
1
1
1
1
1
1
1
1
1
1
1
1
1
1
1
1
1
1
1
1
1
1
1
1
1
1
1
1
1
1
1
1
1
1
1
1
1
1
1
1
1
1
1
1
1
1
1
1
1
1
1
1
1
1
1
1
1
1
1
1
1
1
1
1
1
1
1
1
1
1
1
1
1
1
1
1
1
1
1
1
1
1
1
1
1
1
1
1
1
1
1
1
1
1
1
1
1
1
1
1
1
1
1
1
1
1
1
1
1
1
1
1
1
1
1
1
1
1
1
1
1
1
1
1
1
1
1
1
1
1
1
1
1
1
1
1
1
1
1
1
1
1
1
1
1
1
1
1
1
1
1
1
1
1
1
1
1
1
1
1
1
1
1
1
1
1
1
1
1
1
1
1
1
1
1
1
1
1
1
1
1
1
1
1
1
1
1
1
1
1
1
1
1
1
1
1
1
1
1
1
1
1
1
1
1
1
1
1
1
1
1
1
1
1
1
1
1
1
1
1
1
1
1
1
1
1
1
1
1
1
1
1
1
1
1
1
1
1
1
1
1
1
1
1
1
1
1
1
1
1
1
1
1
1
1
1
1
1
1
1
1
1
1
1
1
1
1
1
1
1
1
1
1
1
1
1
1
1
1
1
1
1
1
1
1
1
1
1
1
1
1
1
1
1
1
1
1
1
1
1
1
1
1
1
1
1
1
1
1
1
1
1
1
1
1
1
1
1
1
1
1
1
1
1
1
1
1
1
1
1
1
1
1
1
1
1
1
1
1
1
1
1
1
1
1
1
1
1
1
1
1
1
1
1
1
1
1
1
1
1
1
1
1
1
1
1
1
1
1
1
1
1
1
1
1
1
1
1
1
1
1
1
1
1
1
1
1
1
1
1
1
1
1
1
1
1
1
1
1
1
1
1
1
1
1
1
1
1
1
1
1
1
1
1
1
1
1
1
1
1
1
1
1
1
0.40059
0.457049
0.514124
0.570686
0.59844
0.62684
0.651966
0.674799
0.69392
0.705969
0.710147
0.714411
0.714929
0.714461
0.713289
0.710686
0.707522
0.704583
0.698061
0.693559
0.686141
0.679737
0.673662
0.661995
0.653553
0.637765
0.613973
0.56182
0.441722
0.402461
0.390642
0.389577
0.392766
0.401127
0.413591
0.428784
0.45521
0.529254
0.568238
0.599561
0.616096
0.618315
0.619354
0.618969
0.611201
0.575145
0.480169
0.472376
0.833246
0.901055
0.904268
0.906443
0.908373
0.909216
0.910302
0.911809
0.912305
0.91257
0.913049
0.914127
0.915797
0.916547
0.91674
0.916827
0.916886
0.916987
0.91724
0.917727
0.918468
0.918876
0.919047
0.919222
0.919674
0.920515
0.921141
0.921388
0.921542
0.921623
0.921653
0.921625
0.921315
0.920437
0.918746
0.916448
0.913702
0.910193
0.906158
0.903057
0.901726
0.900924
0.900353
0.900176
0.900303
0.901414
0.902673
0.903327
0.904386
0.906551
0.908799
0.910755
0.912984
0.915348
0.916873
0.919149
0.921062
0.922858
0.924461
0.925672
0.926834
0.927931
0.928956
0.929874
0.930646
0.931228
0.931543
0.931422
0.930698
0.929423
0.927631
0.925302
0.922441
0.918994
0.914945
0.910575
0.906141
0.90175
0.897609
0.893922
0.890691
0.887348
0.882875
0.877234
0.871858
0.867501
0.864107
0.861579
0.859501
0.857881
0.856893
0.856272
0.855739
0.855296
0.854912
0.854316
0.853066
0.849811
0.84076
0.829794
0.819227
0.805086
0.779252
0.731647
0.655496
0.553115
0.437176
0.325182
0.231085
0.160281
0.110754
0.0771875
0.0542938
0.038216
0.0266577
0.0183706
0.0125007
0.00839178
0.00554258
0.00359292
0.00228084
0.00141623
0.000858741
0.000508471
0.000293405
0.000165161
9.02996e-05
4.80448e-05
2.46637e-05
1.21185e-05
6.00344e-06
1.49935e-06
0.388574
0.421782
0.410825
0.456414
0.57765
0.670685
0.726865
0.75148
0.762129
0.766479
0.766715
0.766012
0.764498
0.761059
0.758609
0.754285
0.751614
0.74618
0.743068
0.737579
0.733721
0.725308
0.719333
0.707663
0.695389
0.684876
0.661344
0.637895
0.595727
0.493596
0.427395
0.400775
0.386124
0.360536
0.354231
0.368199
0.400773
0.486642
0.593945
0.636975
0.665505
0.673405
0.669559
0.656671
0.599236
0.592264
0.78674
0.865546
0.893584
0.902148
0.903463
0.904091
0.904252
0.903622
0.903114
0.902725
0.901178
0.899034
0.897134
0.895425
0.893712
0.892255
0.890647
0.888178
0.8846
0.881008
0.87881
0.877723
0.877341
0.877634
0.878423
0.87894
0.881337
0.884878
0.887035
0.888557
0.889586
0.889863
0.889586
0.886627
0.881476
0.876333
0.870572
0.868156
0.867041
0.865946
0.864349
0.86247
0.860058
0.856301
0.854674
0.854082
0.854331
0.857661
0.86239
0.866467
0.868972
0.870912
0.872344
0.872929
0.873441
0.87431
0.874648
0.875643
0.876696
0.878237
0.880702
0.884244
0.888789
0.894293
0.900741
0.908115
0.916406
0.925547
0.935323
0.944656
0.95235
0.958199
0.963151
0.967123
0.969958
0.971696
0.972512
0.972452
0.970638
0.965144
0.956951
0.947246
0.93833
0.932279
0.92897
0.927013
0.923911
0.916073
0.90222
0.889824
0.881481
0.877136
0.875385
0.874575
0.873291
0.869838
0.865066
0.861858
0.860508
0.860351
0.860768
0.863686
0.875975
0.890088
0.89531
0.895396
0.893004
0.88525
0.867493
0.821744
0.755949
0.706912
0.682113
0.671128
0.657308
0.625439
0.547725
0.44786
0.350702
0.26685
0.19711
0.140858
0.0972749
0.0650155
0.0420348
0.0263786
0.0160238
0.00947883
0.00541245
0.0030178
0.00160867
0.000833413
0.000415193
0.000167455
0.353448
0.355496
0.432579
0.616015
0.72704
0.766058
0.776782
0.777834
0.777069
0.77479
0.772183
0.767693
0.760657
0.752267
0.743993
0.733642
0.724478
0.715633
0.709337
0.70514
0.702901
0.700506
0.699573
0.697451
0.692479
0.687996
0.678221
0.668141
0.654636
0.62912
0.582136
0.494181
0.433268
0.391423
0.38659
0.395071
0.425682
0.529851
0.632131
0.651998
0.676457
0.686374
0.676958
0.641421
0.639289
0.808133
0.876745
0.890689
0.894316
0.895332
0.88935
0.88219
0.870649
0.857468
0.842557
0.830648
0.812344
0.802016
0.792879
0.785332
0.777318
0.772789
0.769785
0.768552
0.76822
0.76921
0.771804
0.773127
0.775666
0.779367
0.781634
0.783674
0.786745
0.790344
0.792877
0.796241
0.800128
0.804322
0.809125
0.814538
0.82017
0.826864
0.837453
0.852122
0.858366
0.859207
0.858055
0.851565
0.835981
0.818963
0.811926
0.808892
0.808833
0.816693
0.83203
0.847852
0.857484
0.865784
0.872564
0.87592
0.878717
0.879972
0.879585
0.877891
0.874958
0.870681
0.864723
0.857848
0.852061
0.848392
0.846146
0.844971
0.84513
0.847078
0.851103
0.858617
0.870764
0.887113
0.906068
0.926645
0.946598
0.962046
0.972229
0.979067
0.983051
0.984732
0.984931
0.98347
0.97546
0.960241
0.948284
0.941341
0.938104
0.936392
0.933947
0.928109
0.91281
0.898564
0.890177
0.886282
0.884763
0.884118
0.883413
0.881882
0.877062
0.869808
0.866179
0.865544
0.865926
0.867749
0.873185
0.881015
0.893119
0.909726
0.924449
0.932159
0.934017
0.933925
0.933749
0.933498
0.932222
0.926513
0.913748
0.903225
0.889167
0.859137
0.777771
0.616515
0.459929
0.329502
0.228305
0.154119
0.101092
0.0647271
0.0400534
0.0242076
0.0140115
0.00787549
0.00425218
0.00198949
0.312352
0.529567
0.725325
0.778935
0.792154
0.79034
0.78551
0.78017
0.775631
0.765434
0.75461
0.73298
0.709616
0.68397
0.654701
0.633077
0.610325
0.596537
0.58485
0.57804
0.579107
0.583609
0.595007
0.608932
0.629554
0.650966
0.660191
0.659842
0.656263
0.648214
0.635159
0.608954
0.563927
0.505879
0.487244
0.492913
0.51985
0.611187
0.656972
0.657843
0.663565
0.675503
0.669654
0.673128
0.804604
0.870638
0.882758
0.884719
0.875459
0.85539
0.822008
0.798578
0.769624
0.756335
0.748306
0.743331
0.740766
0.739924
0.739775
0.740765
0.742858
0.748707
0.754178
0.758781
0.764796
0.773056
0.781643
0.789022
0.794044
0.798484
0.800426
0.801188
0.801368
0.801059
0.800745
0.800715
0.801961
0.804461
0.809301
0.817268
0.831783
0.854976
0.87085
0.873623
0.87325
0.865432
0.840448
0.797366
0.773904
0.766287
0.761035
0.750982
0.743411
0.741756
0.749058
0.76526
0.790127
0.817254
0.843009
0.859721
0.877927
0.891855
0.902539
0.911996
0.920192
0.927076
0.932574
0.935389
0.933016
0.92475
0.912529
0.897512
0.88094
0.864554
0.85062
0.841509
0.837699
0.837003
0.839466
0.847088
0.859882
0.881112
0.909382
0.93874
0.96225
0.976804
0.984989
0.988512
0.989158
0.988105
0.980684
0.963493
0.951652
0.945618
0.942917
0.94057
0.935742
0.92256
0.906634
0.896044
0.890849
0.889002
0.888521
0.888279
0.887753
0.886111
0.880088
0.87116
0.864955
0.861848
0.861172
0.861499
0.864094
0.874706
0.895867
0.913412
0.927828
0.941757
0.955201
0.966592
0.974319
0.978018
0.978961
0.978919
0.978159
0.975438
0.96777
0.948374
0.896689
0.750625
0.56669
0.409665
0.284696
0.191829
0.125144
0.0796652
0.0490015
0.029101
0.0168412
0.00851097
0.596392
0.75604
0.804172
0.804264
0.799207
0.787454
0.77496
0.765428
0.751755
0.727232
0.692078
0.646946
0.6041
0.564069
0.529112
0.504366
0.484621
0.473015
0.465245
0.465571
0.468446
0.476645
0.487298
0.504683
0.529359
0.553322
0.588369
0.621284
0.63949
0.640453
0.637135
0.629758
0.613694
0.589004
0.562184
0.559893
0.578902
0.650621
0.66238
0.65268
0.668618
0.680964
0.700466
0.801206
0.858259
0.870017
0.871055
0.846682
0.796401
0.766893
0.747202
0.736603
0.7318
0.731153
0.733953
0.737916
0.743558
0.751112
0.763037
0.778525
0.799898
0.822838
0.840461
0.855795
0.867644
0.875959
0.879566
0.88182
0.886423
0.891843
0.897899
0.902525
0.905266
0.907863
0.910561
0.911178
0.908459
0.906165
0.905396
0.90571
0.907064
0.905278
0.901546
0.892479
0.869369
0.826093
0.781074
0.768592
0.766693
0.766779
0.764563
0.754561
0.734917
0.726564
0.72362
0.724194
0.730629
0.744446
0.762638
0.775383
0.787795
0.80714
0.8296
0.853981
0.879997
0.907094
0.930153
0.946488
0.958323
0.966109
0.971128
0.974136
0.974652
0.971469
0.962057
0.945683
0.922956
0.897734
0.873128
0.854524
0.846909
0.846482
0.85232
0.869295
0.895155
0.928016
0.957742
0.976725
0.986556
0.990034
0.990238
0.98787
0.975753
0.960622
0.952438
0.948654
0.945219
0.93771
0.922002
0.907533
0.898156
0.893806
0.892597
0.892577
0.892718
0.892571
0.891422
0.88584
0.873825
0.865791
0.861372
0.859704
0.859623
0.860709
0.86629
0.884395
0.906701
0.926084
0.942729
0.956712
0.96825
0.977616
0.984669
0.988983
0.990771
0.991035
0.990718
0.988945
0.982755
0.964373
0.911038
0.75831
0.571039
0.413098
0.287368
0.193089
0.125345
0.0781508
0.0479142
0.0257396
0.812566
0.819882
0.817101
0.806198
0.786608
0.774156
0.762698
0.747368
0.71582
0.668485
0.611435
0.554732
0.505763
0.467539
0.438378
0.421994
0.404035
0.394095
0.383274
0.378401
0.379563
0.384133
0.393515
0.414384
0.434455
0.468911
0.504082
0.540335
0.587106
0.61691
0.627559
0.626287
0.619287
0.609538
0.586202
0.581859
0.637138
0.678824
0.662796
0.662949
0.690977
0.723423
0.803625
0.845053
0.855155
0.850914
0.811262
0.75937
0.736609
0.726976
0.723769
0.72534
0.730803
0.736382
0.749278
0.768932
0.800835
0.829451
0.853136
0.868525
0.87629
0.883134
0.886537
0.887714
0.887872
0.886104
0.880566
0.877956
0.877529
0.883723
0.895587
0.905414
0.915278
0.923945
0.939026
0.947811
0.952166
0.95394
0.954281
0.952619
0.945498
0.933095
0.915149
0.889594
0.848208
0.796257
0.780772
0.779667
0.788659
0.801467
0.804001
0.794977
0.761857
0.730947
0.72019
0.718034
0.72023
0.729284
0.742484
0.753982
0.758867
0.763637
0.769663
0.777972
0.789504
0.806664
0.839403
0.879573
0.916498
0.942977
0.961618
0.973836
0.981545
0.986317
0.989073
0.990493
0.990585
0.988573
0.981786
0.965623
0.937479
0.904728
0.878383
0.868048
0.868865
0.881249
0.908369
0.939758
0.967062
0.982823
0.989202
0.990258
0.988886
0.979796
0.967041
0.960925
0.95548
0.945092
0.930437
0.916009
0.905611
0.900147
0.898251
0.898015
0.89831
0.898495
0.898312
0.897083
0.891779
0.878127
0.867861
0.862771
0.861206
0.86122
0.862539
0.869199
0.89039
0.913597
0.932257
0.94749
0.960314
0.971171
0.980004
0.986762
0.991382
0.99393
0.994816
0.994858
0.994398
0.992166
0.984489
0.961221
0.890669
0.715951
0.537707
0.38777
0.269346
0.177698
0.114891
0.0650909
0.822108
0.824799
0.815044
0.793377
0.78251
0.771467
0.757887
0.730732
0.674409
0.608759
0.538886
0.480047
0.443125
0.420346
0.402067
0.38731
0.370081
0.352504
0.340612
0.3262
0.321301
0.32253
0.327387
0.340762
0.3575
0.390385
0.426251
0.472802
0.520982
0.568855
0.600107
0.614554
0.61424
0.608321
0.584314
0.61525
0.714218
0.687473
0.679635
0.713956
0.763985
0.807532
0.832482
0.840134
0.830445
0.778914
0.738936
0.722246
0.717095
0.716899
0.723906
0.730901
0.74808
0.776085
0.814323
0.837719
0.854544
0.861962
0.865137
0.86578
0.861666
0.845446
0.82271
0.794146
0.759438
0.727256
0.702403
0.690655
0.686102
0.691914
0.714951
0.740534
0.778062
0.812198
0.859823
0.893435
0.925296
0.944783
0.95423
0.956897
0.956286
0.946505
0.925987
0.894425
0.847385
0.802101
0.791495
0.792984
0.806703
0.819362
0.820912
0.808862
0.781681
0.742455
0.719613
0.715169
0.716404
0.723915
0.733684
0.747622
0.753523
0.757162
0.760498
0.764357
0.769062
0.774831
0.786467
0.806817
0.834564
0.870754
0.906181
0.935354
0.957753
0.973728
0.984224
0.990456
0.993896
0.995699
0.996498
0.996588
0.995688
0.991717
0.978588
0.945984
0.914647
0.899162
0.898474
0.909135
0.936925
0.963428
0.981037
0.988304
0.989716
0.98899
0.984515
0.974763
0.962729
0.948194
0.932653
0.918962
0.909599
0.904949
0.90351
0.903405
0.903742
0.90394
0.903863
0.903329
0.900954
0.891737
0.87852
0.870062
0.866231
0.865395
0.865829
0.869109
0.8829
0.90872
0.930298
0.947173
0.960166
0.970283
0.978399
0.984983
0.990102
0.993701
0.995843
0.996763
0.996926
0.99678
0.995842
0.992267
0.980678
0.945928
0.837202
0.649653
0.483064
0.339893
0.234975
0.142713
0.82496
0.826728
0.808568
0.791548
0.782685
0.770694
0.747366
0.700485
0.63446
0.552305
0.488182
0.447792
0.42389
0.40889
0.394138
0.376501
0.356328
0.332576
0.313114
0.295101
0.285589
0.285577
0.288398
0.296682
0.313321
0.341541
0.378166
0.425784
0.478569
0.536091
0.582746
0.60355
0.608424
0.601571
0.584516
0.721888
0.731293
0.716912
0.737618
0.784041
0.806474
0.820194
0.825668
0.812106
0.755588
0.725007
0.712873
0.709628
0.714309
0.719868
0.735091
0.760734
0.806719
0.831752
0.844177
0.849964
0.852274
0.851863
0.836797
0.803773
0.742774
0.646847
0.558471
0.503548
0.450857
0.428319
0.417869
0.414551
0.41913
0.437672
0.459237
0.485967
0.520628
0.558927
0.607282
0.668539
0.740213
0.817134
0.888297
0.926348
0.942924
0.948075
0.943741
0.91704
0.876313
0.827275
0.807521
0.805796
0.81346
0.826159
0.825377
0.811984
0.785137
0.745175
0.717511
0.71074
0.714055
0.721762
0.728849
0.740242
0.749534
0.754492
0.757973
0.760879
0.763683
0.766333
0.771147
0.781847
0.80015
0.823028
0.850687
0.882391
0.912849
0.93924
0.960362
0.975925
0.986402
0.992769
0.99619
0.997812
0.998499
0.998673
0.998455
0.996898
0.990108
0.966057
0.940248
0.930171
0.930928
0.944374
0.967275
0.982285
0.988688
0.990075
0.989681
0.986297
0.973335
0.953401
0.935199
0.920939
0.912205
0.908505
0.907729
0.907892
0.908495
0.908605
0.908482
0.907855
0.905326
0.895905
0.884376
0.877549
0.874645
0.873984
0.874137
0.87591
0.884792
0.90962
0.933345
0.951399
0.964511
0.973939
0.980926
0.986328
0.990569
0.993792
0.99606
0.997444
0.998079
0.998222
0.998163
0.997702
0.995833
0.989567
0.970125
0.911296
0.752278
0.561511
0.41151
0.267008
0.827322
0.828812
0.80706
0.794056
0.786508
0.769625
0.735413
0.67928
0.601261
0.523537
0.468928
0.438556
0.420309
0.408013
0.393707
0.374011
0.351177
0.320626
0.290023
0.26844
0.259816
0.259829
0.262247
0.269507
0.282426
0.302128
0.339154
0.392028
0.453271
0.519794
0.570788
0.597834
0.598816
0.595458
0.650075
0.766869
0.757656
0.759717
0.78731
0.801617
0.807754
0.811085
0.7919
0.739343
0.713962
0.705081
0.70318
0.710375
0.719341
0.736429
0.774678
0.814412
0.833053
0.840327
0.842579
0.84205
0.826904
0.789548
0.710195
0.577489
0.473224
0.400794
0.359231
0.329178
0.315387
0.309766
0.308797
0.317181
0.332392
0.352597
0.37874
0.406979
0.438567
0.469648
0.500611
0.529901
0.558962
0.594707
0.647201
0.733061
0.821665
0.888509
0.920855
0.929345
0.923767
0.890633
0.85928
0.841986
0.838885
0.833324
0.823134
0.800283
0.763569
0.72318
0.708319
0.708564
0.71326
0.721337
0.728119
0.737573
0.746721
0.753187
0.757297
0.76013
0.762443
0.764162
0.766093
0.769565
0.77716
0.793484
0.818126
0.848448
0.878801
0.90744
0.932612
0.953681
0.970301
0.982437
0.990486
0.995268
0.997776
0.998905
0.999327
0.999405
0.99923
0.997959
0.991689
0.972618
0.959304
0.956481
0.959943
0.974459
0.98544
0.98965
0.990302
0.989523
0.984458
0.966054
0.943159
0.926753
0.917451
0.913851
0.913294
0.913675
0.914477
0.914563
0.91426
0.912792
0.907136
0.89614
0.888034
0.883666
0.88208
0.881864
0.882149
0.884019
0.892121
0.916199
0.940822
0.959541
0.972761
0.981394
0.986767
0.990237
0.992788
0.994882
0.996579
0.997814
0.998578
0.998933
0.999015
0.998983
0.998721
0.997636
0.993922
0.982058
0.946116
0.827681
0.642261
0.441761
0.830249
0.831497
0.807518
0.798021
0.787037
0.765196
0.723246
0.662611
0.584683
0.510528
0.463534
0.438205
0.428342
0.421577
0.40962
0.388878
0.356161
0.317918
0.282282
0.259186
0.251485
0.251395
0.253809
0.261416
0.274987
0.298866
0.339829
0.394686
0.457304
0.523678
0.572643
0.593365
0.597276
0.61571
0.751489
0.784686
0.780284
0.787304
0.797878
0.800463
0.798384
0.778766
0.729206
0.707217
0.699259
0.697545
0.705197
0.720138
0.742567
0.775259
0.807489
0.826669
0.833966
0.836378
0.83036
0.805271
0.74027
0.606325
0.473603
0.390024
0.332837
0.292511
0.273305
0.262221
0.257916
0.257125
0.264552
0.279518
0.297314
0.32237
0.350702
0.383088
0.418306
0.452849
0.484796
0.512366
0.534016
0.551653
0.568081
0.584121
0.60756
0.649364
0.726737
0.800743
0.851955
0.879472
0.881772
0.871058
0.844575
0.819718
0.786149
0.742441
0.709202
0.702737
0.705278
0.708467
0.714032
0.72474
0.734315
0.741398
0.748894
0.754996
0.759362
0.762069
0.763736
0.76477
0.765769
0.767223
0.769495
0.773468
0.781721
0.800041
0.835523
0.876572
0.910315
0.93583
0.955504
0.970608
0.981886
0.989745
0.994716
0.997527
0.998926
0.99951
0.999684
0.99968
0.999395
0.997665
0.989519
0.978757
0.975033
0.975587
0.982071
0.988811
0.990832
0.990814
0.988977
0.980157
0.95835
0.939445
0.927798
0.922932
0.922048
0.922384
0.923361
0.923472
0.922827
0.919431
0.908744
0.897695
0.89065
0.887249
0.886246
0.886243
0.887021
0.89091
0.905423
0.929044
0.949553
0.965882
0.977815
0.985789
0.990692
0.993566
0.995321
0.996557
0.997545
0.998341
0.998925
0.999284
0.999444
0.999476
0.999451
0.999279
0.998572
0.996112
0.988038
0.96181
0.883799
0.665711
0.833096
0.835543
0.812188
0.798408
0.784856
0.756989
0.713834
0.653344
0.578499
0.507477
0.470012
0.456614
0.445748
0.436344
0.425856
0.411271
0.388003
0.348471
0.304737
0.270316
0.255859
0.253828
0.256297
0.264501
0.27916
0.305883
0.350098
0.406886
0.470561
0.533839
0.577005
0.59375
0.604419
0.684171
0.789646
0.797399
0.795053
0.796671
0.796308
0.789998
0.762118
0.71822
0.698154
0.691452
0.690283
0.696961
0.713238
0.737924
0.766954
0.796013
0.81616
0.82539
0.828492
0.821683
0.791429
0.706608
0.570245
0.453246
0.356353
0.302177
0.265642
0.245116
0.235527
0.231517
0.230626
0.235293
0.249419
0.266237
0.288042
0.314985
0.345888
0.380568
0.418279
0.456198
0.49202
0.523849
0.549534
0.564799
0.574574
0.581102
0.586397
0.590631
0.598355
0.610279
0.630609
0.660521
0.686585
0.702754
0.701188
0.695707
0.687184
0.685703
0.691136
0.698846
0.705684
0.712675
0.722376
0.734734
0.748278
0.757636
0.763797
0.767259
0.769613
0.770857
0.771147
0.770956
0.770306
0.769931
0.770271
0.7721
0.776266
0.783573
0.797597
0.829153
0.872096
0.912289
0.942188
0.961868
0.975033
0.984326
0.990826
0.995088
0.997624
0.998968
0.999581
0.999796
0.999827
0.999749
0.999143
0.995799
0.988897
0.985924
0.985861
0.988478
0.991595
0.992134
0.991552
0.987924
0.975217
0.957743
0.944411
0.937364
0.935411
0.935448
0.936196
0.936397
0.935558
0.930452
0.915601
0.902977
0.89533
0.891707
0.890695
0.890729
0.891762
0.896815
0.914104
0.936266
0.954799
0.969457
0.980271
0.987674
0.992369
0.995146
0.996734
0.997689
0.998346
0.998849
0.999236
0.999505
0.99966
0.999722
0.999729
0.999706
0.999574
0.999044
0.997158
0.990651
0.969012
0.883157
0.835897
0.839369
0.813628
0.798371
0.782049
0.75052
0.706959
0.648787
0.580566
0.521816
0.489754
0.471428
0.459246
0.447257
0.434487
0.420782
0.406818
0.387437
0.35327
0.31006
0.280379
0.269369
0.267965
0.276552
0.293807
0.325611
0.375946
0.433807
0.489381
0.547767
0.581817
0.596917
0.630004
0.760864
0.805524
0.806747
0.800331
0.796516
0.78916
0.763328
0.708751
0.686596
0.679406
0.67833
0.68267
0.696197
0.71477
0.740566
0.771739
0.800693
0.814172
0.818668
0.814045
0.78714
0.70966
0.583803
0.454029
0.354694
0.290629
0.253123
0.233056
0.223905
0.220207
0.219322
0.221498
0.231888
0.247645
0.268927
0.299785
0.339539
0.384319
0.429302
0.475545
0.521566
0.56306
0.597035
0.62674
0.642265
0.64838
0.646396
0.641759
0.632625
0.621552
0.614862
0.612909
0.61401
0.619168
0.628386
0.639008
0.649782
0.662637
0.676759
0.690616
0.704327
0.717314
0.729372
0.74262
0.753727
0.762825
0.771233
0.774724
0.776479
0.777455
0.778
0.778303
0.778633
0.778685
0.778162
0.778144
0.778739
0.781254
0.786505
0.795809
0.818029
0.854002
0.890717
0.92387
0.950631
0.969244
0.980885
0.988179
0.992964
0.996105
0.998057
0.99914
0.999659
0.999856
0.999895
0.999865
0.999572
0.997841
0.993606
0.991687
0.9916
0.992781
0.993725
0.993585
0.991901
0.985369
0.974517
0.964193
0.956773
0.953458
0.952955
0.95319
0.953358
0.952773
0.94882
0.933644
0.916311
0.906006
0.9012
0.899797
0.899764
0.900549
0.90449
0.919001
0.94023
0.957814
0.971537
0.98162
0.988577
0.993083
0.995825
0.997411
0.998319
0.998869
0.999235
0.999496
0.999677
0.999791
0.999849
0.999866
0.999865
0.99984
0.99972
0.999246
0.997497
0.991212
0.962223
0.838877
0.841633
0.815066
0.7993
0.780631
0.747349
0.70419
0.647623
0.582205
0.533745
0.514681
0.505428
0.494353
0.478255
0.4589
0.438152
0.419574
0.406779
0.39368
0.374137
0.344117
0.319141
0.309251
0.313555
0.33563
0.373084
0.417321
0.464925
0.512196
0.56325
0.588568
0.606996
0.687595
0.796401
0.81483
0.811024
0.79921
0.789848
0.767833
0.724804
0.68958
0.675184
0.670872
0.670682
0.677058
0.693439
0.713743
0.739143
0.771008
0.797482
0.805796
0.80294
0.777667
0.711843
0.607481
0.487064
0.376298
0.311696
0.273839
0.246746
0.231551
0.223455
0.221098
0.221911
0.231937
0.251717
0.281563
0.320978
0.371967
0.432197
0.495084
0.552273
0.601741
0.643471
0.679247
0.703924
0.724926
0.735734
0.738947
0.73703
0.732234
0.724845
0.713994
0.701055
0.687206
0.673144
0.662418
0.658042
0.658811
0.664702
0.679055
0.697908
0.717846
0.73627
0.750124
0.760881
0.76897
0.774245
0.777455
0.778542
0.779242
0.780007
0.780685
0.781234
0.781612
0.782166
0.783397
0.784913
0.786715
0.790114
0.798495
0.809939
0.81875
0.832491
0.858912
0.889623
0.919437
0.944791
0.964029
0.977548
0.986383
0.991865
0.995239
0.997338
0.99864
0.999387
0.999756
0.999902
0.999932
0.999911
0.999703
0.998452
0.99582
0.994765
0.994761
0.995331
0.99548
0.995028
0.992418
0.985477
0.978518
0.973329
0.970777
0.970275
0.97037
0.970404
0.969754
0.965963
0.953252
0.939096
0.929093
0.923621
0.921667
0.921421
0.921646
0.922983
0.928422
0.943949
0.960403
0.973426
0.983003
0.989559
0.993774
0.996341
0.997841
0.998698
0.999193
0.999492
0.999682
0.999804
0.999879
0.999919
0.999935
0.999938
0.999933
0.999903
0.999772
0.999253
0.997265
0.987357
0.840814
0.842896
0.820029
0.800606
0.779919
0.745889
0.705553
0.653222
0.599061
0.558808
0.542405
0.534811
0.530926
0.522054
0.503085
0.475701
0.444975
0.423006
0.412741
0.405536
0.395924
0.384288
0.378075
0.378849
0.394679
0.420264
0.451635
0.48971
0.531225
0.57362
0.59471
0.62815
0.740822
0.81424
0.821956
0.813578
0.794721
0.766603
0.715673
0.679107
0.6669
0.66338
0.662237
0.663515
0.670197
0.686702
0.708964
0.733492
0.764668
0.786254
0.790515
0.783013
0.746282
0.65554
0.54693
0.436997
0.365314
0.313068
0.278735
0.253791
0.240574
0.23379
0.235906
0.24645
0.267825
0.304035
0.355711
0.420065
0.491527
0.564544
0.629537
0.682451
0.723594
0.749108
0.764499
0.773412
0.777859
0.77875
0.777997
0.776541
0.773733
0.769527
0.764538
0.758512
0.752203
0.74675
0.741921
0.737842
0.738318
0.740862
0.746819
0.759417
0.769288
0.775224
0.778577
0.780462
0.781896
0.783001
0.78343
0.783396
0.783454
0.784018
0.785702
0.78755
0.788797
0.789591
0.790612
0.792147
0.794609
0.798997
0.808857
0.8339
0.863575
0.890608
0.908661
0.919605
0.931845
0.947852
0.963651
0.976485
0.985464
0.991253
0.994851
0.997037
0.998357
0.999157
0.999617
0.999848
0.999937
0.999952
0.999928
0.999719
0.998583
0.997028
0.99655
0.996619
0.996951
0.99694
0.996434
0.993995
0.988808
0.984961
0.982966
0.982387
0.98236
0.982327
0.981866
0.979355
0.970652
0.961332
0.955057
0.951091
0.948792
0.947818
0.947671
0.947815
0.948758
0.953032
0.965247
0.977179
0.985814
0.99155
0.995096
0.997181
0.998376
0.999055
0.999445
0.999673
0.999808
0.999889
0.999935
0.99996
0.99997
0.999973
0.999972
0.999964
0.999923
0.99975
0.999053
0.995454
0.842364
0.846097
0.82477
0.803024
0.780378
0.74725
0.705171
0.654959
0.609105
0.582423
0.571571
0.566357
0.563474
0.560931
0.552885
0.533341
0.499462
0.457912
0.432513
0.421238
0.417179
0.415886
0.418231
0.422405
0.433059
0.451005
0.475449
0.507757
0.544956
0.581622
0.601098
0.65096
0.776446
0.825004
0.828059
0.816338
0.79463
0.76131
0.701383
0.650196
0.634738
0.63264
0.63648
0.643144
0.652753
0.668685
0.691813
0.716001
0.742945
0.757021
0.75692
0.7395
0.685414
0.61047
0.521706
0.439776
0.37478
0.326641
0.296925
0.277041
0.267448
0.269887
0.279487
0.29956
0.336514
0.394476
0.472961
0.560407
0.647582
0.720328
0.76972
0.799468
0.813665
0.817685
0.81588
0.811744
0.80575
0.801133
0.79794
0.795538
0.792548
0.790612
0.78859
0.784701
0.779755
0.776119
0.775267
0.7761
0.778593
0.780908
0.784747
0.787842
0.78998
0.789944
0.789529
0.788826
0.788351
0.788245
0.788204
0.788355
0.788925
0.790505
0.794012
0.798245
0.801434
0.803781
0.806698
0.80966
0.813933
0.818799
0.8263
0.845223
0.896248
0.938589
0.962872
0.973578
0.974845
0.973156
0.97348
0.978935
0.985858
0.991157
0.994715
0.996933
0.998264
0.99905
0.999517
0.999783
0.999914
0.999961
0.999964
0.999927
0.999662
0.998617
0.997831
0.997682
0.997823
0.998092
0.998075
0.997717
0.996106
0.993114
0.991138
0.990245
0.989991
0.989844
0.989478
0.988093
0.983168
0.978073
0.975137
0.973128
0.971219
0.969503
0.96847
0.968218
0.968359
0.969508
0.974539
0.983359
0.989924
0.994189
0.99673
0.998165
0.99896
0.999404
0.999659
0.999807
0.999893
0.999942
0.999968
0.999982
0.999987
0.999989
0.999989
0.999986
0.999971
0.999906
0.999633
0.998208
0.845658
0.852311
0.83311
0.809752
0.789163
0.758204
0.720122
0.679543
0.643884
0.61679
0.602835
0.595183
0.589332
0.583461
0.579025
0.571678
0.556361
0.528433
0.48268
0.447547
0.433649
0.43006
0.431054
0.440371
0.451144
0.466211
0.488709
0.519194
0.55509
0.588081
0.612307
0.681378
0.799806
0.833686
0.835018
0.822204
0.797174
0.763187
0.703845
0.646629
0.622226
0.611553
0.60722
0.606283
0.608118
0.614441
0.627706
0.645955
0.659599
0.662367
0.655902
0.635165
0.600444
0.556039
0.505587
0.454241
0.407251
0.37016
0.347659
0.329885
0.330081
0.335743
0.350156
0.381744
0.441961
0.53414
0.637041
0.724522
0.790335
0.832286
0.855728
0.862685
0.862236
0.860241
0.856132
0.848972
0.839574
0.829005
0.819919
0.812853
0.808035
0.804673
0.802605
0.801682
0.800913
0.800285
0.800318
0.800485
0.799995
0.799806
0.800592
0.800947
0.800777
0.80024
0.798793
0.797443
0.79647
0.795987
0.796044
0.796491
0.797848
0.800919
0.80505
0.811069
0.816448
0.820542
0.825905
0.830953
0.840961
0.854718
0.871155
0.896382
0.930631
0.961401
0.980873
0.990034
0.993422
0.993875
0.993184
0.991016
0.990579
0.992437
0.995248
0.997103
0.998293
0.99903
0.999475
0.999738
0.999885
0.999954
0.999973
0.999968
0.999904
0.999515
0.998762
0.998461
0.998454
0.998669
0.998897
0.998894
0.998681
0.997696
0.99611
0.995183
0.994816
0.994664
0.994415
0.9937
0.991209
0.988561
0.987343
0.986879
0.986228
0.984734
0.983259
0.982516
0.98242
0.982711
0.984438
0.989422
0.993742
0.996487
0.998078
0.998946
0.999412
0.999667
0.999812
0.999897
0.999945
0.999971
0.999985
0.999992
0.999995
0.999996
0.999996
0.999995
0.999988
0.99996
0.999839
0.999213
0.847382
0.857229
0.840727
0.819283
0.798223
0.768964
0.74128
0.719115
0.698862
0.681171
0.666206
0.651469
0.634471
0.615573
0.599494
0.59026
0.581033
0.568195
0.546648
0.509763
0.466529
0.447132
0.442385
0.445084
0.456462
0.471398
0.493377
0.523726
0.559553
0.593309
0.619132
0.692653
0.809984
0.841555
0.842434
0.832349
0.805932
0.770256
0.714571
0.65274
0.623244
0.60944
0.601206
0.594968
0.589851
0.585825
0.584082
0.58472
0.585135
0.581986
0.574959
0.562926
0.545351
0.524129
0.501781
0.471459
0.441992
0.415356
0.397032
0.393053
0.396381
0.410001
0.448206
0.52159
0.620321
0.702807
0.761537
0.812433
0.852808
0.882075
0.902081
0.91589
0.924797
0.929026
0.929842
0.926704
0.915663
0.897886
0.87642
0.856753
0.840853
0.828446
0.820023
0.814955
0.812093
0.810911
0.810945
0.812315
0.813479
0.813582
0.813475
0.813131
0.81234
0.810964
0.809285
0.807647
0.806274
0.805463
0.805523
0.806232
0.809098
0.814338
0.819294
0.826377
0.834391
0.842689
0.851476
0.858586
0.871917
0.894643
0.935426
0.964024
0.979247
0.988009
0.993379
0.996372
0.997912
0.998458
0.998489
0.998332
0.997658
0.996999
0.996991
0.997771
0.998615
0.999151
0.9995
0.999726
0.999866
0.999943
0.999974
0.999978
0.999962
0.99984
0.999366
0.999014
0.998944
0.999002
0.999264
0.999396
0.999387
0.999208
0.998482
0.997771
0.997462
0.99735
0.99722
0.996881
0.99572
0.994489
0.993994
0.993872
0.993736
0.993311
0.992145
0.991293
0.991054
0.991122
0.991761
0.994136
0.996623
0.998156
0.999016
0.99947
0.999707
0.999835
0.999908
0.99995
0.999974
0.999987
0.999994
0.999997
0.999998
0.999998
0.999998
0.999998
0.999995
0.999981
0.99992
0.999613
0.848392
0.862413
0.852201
0.83382
0.816601
0.798341
0.785218
0.784473
0.793072
0.804425
0.808746
0.792965
0.753682
0.706638
0.658607
0.623183
0.598533
0.586508
0.573743
0.554492
0.523612
0.483295
0.459407
0.453787
0.459046
0.47306
0.494408
0.524428
0.560438
0.594861
0.618855
0.69047
0.809413
0.846532
0.848553
0.842582
0.824125
0.788892
0.742044
0.681552
0.637308
0.616579
0.605228
0.596948
0.590074
0.583804
0.578018
0.572795
0.567608
0.56135
0.553887
0.544802
0.533656
0.520632
0.503882
0.485285
0.467206
0.455311
0.454842
0.463712
0.494144
0.53801
0.60143
0.673383
0.723974
0.765991
0.805395
0.847979
0.880833
0.900556
0.917327
0.933634
0.948492
0.961483
0.971592
0.977487
0.97909
0.977813
0.97046
0.952881
0.927775
0.899194
0.873097
0.855526
0.84365
0.836048
0.831003
0.827706
0.825638
0.824006
0.822746
0.821304
0.819079
0.816781
0.814563
0.812532
0.81197
0.812228
0.813227
0.815891
0.823418
0.831306
0.837722
0.845168
0.856381
0.872144
0.887402
0.901742
0.922734
0.956692
0.976913
0.987816
0.993554
0.996539
0.998076
0.998872
0.999309
0.999525
0.999572
0.999564
0.999516
0.999334
0.999066
0.99895
0.99902
0.99931
0.999554
0.999732
0.999855
0.999933
0.999971
0.999981
0.999978
0.999933
0.99969
0.99938
0.999281
0.999291
0.999435
0.999617
0.999658
0.999625
0.999378
0.998949
0.99875
0.998689
0.99864
0.998517
0.998064
0.997512
0.9973
0.997271
0.997255
0.99715
0.996647
0.996034
0.995819
0.995828
0.996083
0.997162
0.9984
0.999144
0.99955
0.999759
0.999867
0.999925
0.999958
0.999978
0.999989
0.999994
0.999997
0.999999
0.999999
0.999999
0.999999
0.999999
0.999997
0.99999
0.999955
0.999788
0.845223
0.866099
0.861235
0.839561
0.830381
0.83283
0.848695
0.886077
0.929564
0.943239
0.947464
0.946396
0.935576
0.907123
0.833328
0.730238
0.652654
0.610873
0.59045
0.57637
0.55804
0.53021
0.49471
0.471412
0.466078
0.475655
0.495963
0.525084
0.561171
0.594396
0.617156
0.68341
0.804901
0.847464
0.853323
0.850164
0.83939
0.816504
0.783988
0.744164
0.694706
0.656649
0.633175
0.617512
0.605726
0.595623
0.586868
0.579244
0.572143
0.564967
0.557634
0.549586
0.540491
0.530162
0.519789
0.515398
0.515938
0.527636
0.550013
0.580261
0.616055
0.662655
0.708631
0.742695
0.764442
0.787716
0.836427
0.874059
0.889374
0.90064
0.914372
0.93227
0.949948
0.965241
0.977392
0.986103
0.99125
0.993315
0.993577
0.993087
0.990857
0.984241
0.967719
0.942859
0.916522
0.89364
0.875886
0.863175
0.854034
0.847506
0.842131
0.838046
0.833955
0.83002
0.826462
0.824626
0.824615
0.82552
0.828331
0.834757
0.846421
0.856351
0.866114
0.873621
0.889297
0.91085
0.932316
0.959178
0.976585
0.986879
0.992824
0.996165
0.997974
0.998919
0.999399
0.999639
0.999765
0.999828
0.999844
0.999843
0.999833
0.999804
0.999718
0.999586
0.99952
0.999513
0.999568
0.999714
0.999834
0.999917
0.999963
0.99998
0.999981
0.999964
0.999844
0.999609
0.999512
0.999507
0.999572
0.999729
0.999786
0.999782
0.999693
0.99947
0.999366
0.999342
0.999333
0.999307
0.999179
0.998947
0.998854
0.998844
0.998846
0.998819
0.998634
0.998327
0.998209
0.998208
0.998315
0.998787
0.999328
0.999645
0.999813
0.999899
0.999943
0.999967
0.999982
0.99999
0.999995
0.999998
0.999999
1
1
1
1
1
0.999999
0.999994
0.999973
0.999873
0.838502
0.868523
0.868674
0.858842
0.848487
0.852564
0.887631
0.947008
0.966188
0.969527
0.968908
0.967883
0.9723
0.980031
0.975911
0.937625
0.810439
0.684198
0.622261
0.591439
0.576977
0.559088
0.53303
0.503879
0.485297
0.482408
0.499902
0.527198
0.562766
0.592952
0.613472
0.670299
0.793059
0.846553
0.855641
0.854708
0.849454
0.836258
0.815128
0.790348
0.761542
0.734205
0.710741
0.689194
0.670353
0.653277
0.637296
0.62316
0.610136
0.600567
0.594681
0.590003
0.584844
0.583764
0.586078
0.595162
0.607063
0.62532
0.648686
0.675586
0.706066
0.737297
0.758703
0.768728
0.77924
0.810407
0.860383
0.88241
0.889995
0.894075
0.905959
0.929608
0.951625
0.968601
0.980558
0.989011
0.994429
0.997083
0.998037
0.998161
0.998096
0.997805
0.996959
0.994667
0.988755
0.976168
0.95561
0.929988
0.905553
0.888289
0.877557
0.869623
0.86257
0.855734
0.851282
0.849876
0.850259
0.852439
0.859021
0.870321
0.881249
0.892619
0.906763
0.919126
0.940047
0.961345
0.978216
0.987792
0.993156
0.996165
0.997871
0.998838
0.999373
0.999659
0.999806
0.99988
0.999915
0.999929
0.99993
0.999927
0.99991
0.999881
0.999837
0.999735
0.999643
0.999611
0.999612
0.999649
0.999774
0.999881
0.999946
0.999975
0.99998
0.999973
0.999913
0.99975
0.999671
0.999662
0.999694
0.999804
0.999858
0.999861
0.999822
0.999712
0.999668
0.999665
0.999672
0.999672
0.999651
0.999575
0.999535
0.999531
0.999532
0.999523
0.999456
0.999336
0.99929
0.99929
0.999336
0.999534
0.999746
0.999866
0.999928
0.99996
0.999976
0.999986
0.999992
0.999996
0.999998
0.999999
1
1
1
1
1
1
0.999999
0.999996
0.999982
0.999917
0.82554
0.867764
0.871883
0.871564
0.869687
0.870409
0.888896
0.942289
0.968059
0.970517
0.964789
0.951714
0.949023
0.979401
0.991582
0.993732
0.969887
0.835446
0.705439
0.625458
0.58958
0.575423
0.558341
0.534965
0.514129
0.50218
0.511042
0.533843
0.565546
0.590758
0.609555
0.659116
0.778394
0.843795
0.855785
0.85723
0.855025
0.848209
0.835166
0.819528
0.801788
0.783811
0.767386
0.751363
0.735728
0.720506
0.705349
0.69142
0.680074
0.672709
0.666756
0.660318
0.657079
0.657927
0.66049
0.665983
0.678736
0.696446
0.71565
0.736165
0.75586
0.76951
0.775758
0.781059
0.794002
0.83751
0.872039
0.884126
0.887107
0.892246
0.90525
0.935817
0.96325
0.980883
0.989947
0.994479
0.997116
0.998643
0.999298
0.999499
0.999518
0.999504
0.999447
0.999301
0.998971
0.998215
0.996436
0.992087
0.981405
0.965417
0.951898
0.942725
0.933017
0.921108
0.909627
0.902537
0.90103
0.902498
0.910074
0.922138
0.931893
0.943612
0.957444
0.972965
0.983141
0.989859
0.994082
0.996598
0.998048
0.998878
0.999358
0.999639
0.9998
0.999888
0.999934
0.999956
0.999964
0.999966
0.999964
0.999956
0.999926
0.999886
0.999849
0.999762
0.999647
0.999588
0.999579
0.999588
0.999649
0.9998
0.999905
0.999959
0.999975
0.999973
0.999942
0.999836
0.999777
0.999769
0.999788
0.999862
0.999903
0.999907
0.999887
0.999834
0.999817
0.999818
0.999834
0.999846
0.999844
0.999831
0.999816
0.999814
0.999814
0.999811
0.999785
0.999747
0.999734
0.999735
0.999756
0.999835
0.999911
0.999953
0.999974
0.999985
0.999991
0.999994
0.999997
0.999998
0.999999
1
1
1
1
1
1
1
0.999999
0.999997
0.999988
0.999943
0.797126
0.860351
0.871293
0.873241
0.874489
0.877417
0.885754
0.909458
0.945382
0.956231
0.948926
0.917963
0.915305
0.953446
0.987471
0.997466
0.997279
0.963758
0.82656
0.704005
0.618163
0.585798
0.572742
0.556723
0.53872
0.527542
0.529014
0.545448
0.569566
0.589692
0.606995
0.651799
0.764838
0.837679
0.8553
0.858388
0.857661
0.854545
0.847157
0.836747
0.824661
0.811553
0.798345
0.784389
0.769908
0.755367
0.741149
0.728545
0.719898
0.712924
0.705356
0.699118
0.697824
0.698463
0.701595
0.71189
0.726204
0.740891
0.755389
0.768438
0.777508
0.781873
0.784701
0.790367
0.812292
0.854966
0.875888
0.881235
0.884804
0.892545
0.916842
0.953201
0.976904
0.988808
0.994702
0.99754
0.998857
0.999454
0.999729
0.999846
0.999876
0.999878
0.999874
0.999863
0.999835
0.999779
0.999664
0.999415
0.998812
0.996742
0.993354
0.991187
0.98943
0.986008
0.980094
0.974364
0.971594
0.971683
0.973903
0.978488
0.982509
0.9865
0.990245
0.993341
0.995678
0.997301
0.998364
0.999027
0.999424
0.999658
0.999797
0.999882
0.999932
0.999961
0.999975
0.999981
0.999982
0.99998
0.999975
0.999963
0.999928
0.999846
0.999803
0.999733
0.999542
0.999416
0.999395
0.999405
0.99946
0.999643
0.999821
0.999922
0.999962
0.999967
0.999953
0.999888
0.999846
0.99984
0.999853
0.999903
0.999931
0.999935
0.999923
0.999898
0.999891
0.999893
0.999909
0.999925
0.99993
0.99993
0.999928
0.999927
0.999927
0.999924
0.999914
0.999905
0.999903
0.999904
0.999914
0.999945
0.999971
0.999984
0.999991
0.999994
0.999996
0.999998
0.999999
0.999999
1
1
1
1
1
1
1
1
1
0.999998
0.999991
0.999958
0.773147
0.840752
0.866259
0.871857
0.873589
0.875375
0.878595
0.882755
0.889461
0.903116
0.902134
0.897793
0.908316
0.948672
0.98354
0.996422
0.999258
0.994103
0.903835
0.800619
0.682519
0.605058
0.581514
0.570042
0.556341
0.546588
0.544642
0.556491
0.574629
0.589649
0.606144
0.647221
0.752126
0.829891
0.853974
0.85848
0.85885
0.857563
0.853627
0.846419
0.836987
0.825843
0.813581
0.799878
0.785228
0.770546
0.757178
0.746407
0.738729
0.730612
0.723295
0.719759
0.719521
0.722238
0.732327
0.744858
0.756919
0.767883
0.777108
0.783527
0.786819
0.788557
0.791321
0.799689
0.832597
0.863484
0.874987
0.879065
0.88392
0.897031
0.934417
0.965928
0.983107
0.992042
0.996444
0.998488
0.999375
0.999736
0.999881
0.999941
0.999964
0.999969
0.999969
0.999968
0.999965
0.999959
0.99995
0.999932
0.999893
0.999785
0.999354
0.998903
0.998649
0.998305
0.997427
0.995961
0.994983
0.994703
0.994848
0.995373
0.996069
0.996879
0.997666
0.998334
0.998855
0.999242
0.999516
0.999701
0.999817
0.999888
0.999931
0.999959
0.999976
0.999985
0.999989
0.99999
0.999989
0.999985
0.999977
0.999958
0.999903
0.999761
0.999673
0.999516
0.999179
0.998995
0.998976
0.998999
0.999086
0.999356
0.99966
0.999847
0.999933
0.999956
0.999952
0.999918
0.999889
0.999885
0.999894
0.99993
0.99995
0.999952
0.999945
0.999932
0.99993
0.999932
0.999945
0.999961
0.999967
0.99997
0.99997
0.999971
0.999971
0.999969
0.999967
0.999965
0.999965
0.999966
0.99997
0.999982
0.99999
0.999995
0.999997
0.999998
0.999999
0.999999
0.999999
1
1
1
1
1
1
1
1
1
1
0.999999
0.999993
0.999967
0.771933
0.796351
0.839111
0.859805
0.866175
0.868509
0.871516
0.873806
0.875359
0.879704
0.884148
0.891545
0.912882
0.962704
0.988575
0.997058
0.999583
0.998881
0.967109
0.841741
0.770167
0.651737
0.593302
0.577758
0.567973
0.559694
0.556451
0.565279
0.579609
0.591336
0.606789
0.644665
0.739006
0.821084
0.851034
0.85825
0.859339
0.858838
0.856663
0.851634
0.843182
0.832429
0.819958
0.805704
0.790462
0.775623
0.763603
0.754304
0.746008
0.737952
0.733302
0.732465
0.735617
0.746112
0.757726
0.768087
0.776722
0.783492
0.788131
0.790623
0.791856
0.793423
0.797484
0.815189
0.848727
0.867347
0.874561
0.878365
0.886205
0.911415
0.949363
0.974601
0.989
0.995613
0.998288
0.999319
0.999724
0.999886
0.999949
0.999976
0.999987
0.999991
0.999992
0.999992
0.999992
0.999991
0.99999
0.999988
0.999985
0.999977
0.99995
0.999889
0.999853
0.99981
0.999719
0.999467
0.999239
0.999093
0.999025
0.999029
0.999095
0.999241
0.999404
0.999547
0.999667
0.999765
0.999842
0.999899
0.999937
0.99996
0.999975
0.999985
0.999991
0.999993
0.999994
0.999994
0.999991
0.999985
0.999968
0.999931
0.999808
0.99957
0.99939
0.998967
0.998319
0.998106
0.998117
0.998194
0.998378
0.998855
0.999369
0.999706
0.999876
0.999937
0.999945
0.999934
0.999915
0.999913
0.999921
0.999948
0.999962
0.999963
0.999959
0.999954
0.999953
0.999955
0.999966
0.999978
0.999984
0.999986
0.999987
0.999988
0.999988
0.999987
0.999987
0.999987
0.999987
0.999987
0.99999
0.999994
0.999997
0.999998
0.999999
0.999999
0.999999
1
1
1
1
1
1
1
1
1
1
1
1
0.999999
0.999994
0.999973
0.780934
0.788317
0.812733
0.836892
0.859429
0.877052
0.890881
0.894458
0.894292
0.897039
0.903313
0.919307
0.960735
0.990166
0.997732
0.999516
0.999911
0.999739
0.991523
0.893765
0.807474
0.726837
0.621979
0.58547
0.575086
0.568413
0.564721
0.571342
0.582848
0.59428
0.608961
0.642613
0.727751
0.811059
0.847662
0.857676
0.859407
0.859293
0.857947
0.854145
0.845996
0.834908
0.821812
0.806974
0.791303
0.776552
0.765652
0.757089
0.748563
0.742976
0.741769
0.745465
0.756435
0.767531
0.776658
0.783537
0.78849
0.79178
0.793608
0.794503
0.795434
0.797571
0.805293
0.832269
0.857296
0.869628
0.874379
0.880048
0.894028
0.932434
0.967226
0.986817
0.99486
0.998033
0.99925
0.99971
0.999884
0.999952
0.999979
0.99999
0.999995
0.999997
0.999998
0.999998
0.999998
0.999998
0.999998
0.999997
0.999997
0.999996
0.999994
0.999989
0.999985
0.99998
0.999969
0.999936
0.999896
0.999856
0.999815
0.999787
0.999783
0.999796
0.999832
0.999864
0.999892
0.999919
0.999944
0.999963
0.999976
0.999985
0.99999
0.999994
0.999996
0.999997
0.999996
0.999995
0.99999
0.999975
0.999939
0.999857
0.999603
0.999146
0.998767
0.997805
0.996709
0.996473
0.99653
0.996721
0.997132
0.997999
0.998855
0.999448
0.999767
0.999899
0.999935
0.999936
0.999932
0.999931
0.999938
0.99996
0.999971
0.999972
0.999971
0.999969
0.999969
0.999971
0.99998
0.999987
0.999992
0.999994
0.999994
0.999995
0.999995
0.999995
0.999995
0.999995
0.999995
0.999995
0.999997
0.999998
0.999999
0.999999
1
1
1
1
1
1
1
1
1
1
1
1
1
1
1
0.999999
0.999995
0.999977
0.801964
0.826167
0.870776
0.916926
0.949947
0.970571
0.979371
0.981575
0.980028
0.97749
0.979025
0.985569
0.994517
0.998344
0.999561
0.999896
0.999979
0.999931
0.997083
0.950148
0.830248
0.780075
0.679657
0.602158
0.580359
0.574005
0.570412
0.574832
0.583977
0.594868
0.608981
0.639835
0.717557
0.800273
0.84399
0.85662
0.859339
0.859383
0.858418
0.855133
0.847165
0.835562
0.821987
0.806476
0.79017
0.776201
0.765891
0.757785
0.750981
0.749123
0.753012
0.764383
0.775248
0.783489
0.788994
0.792495
0.794671
0.795887
0.796502
0.79714
0.798581
0.803439
0.822554
0.850627
0.866692
0.873115
0.877511
0.886667
0.913345
0.955161
0.980837
0.992257
0.997008
0.998885
0.999592
0.999851
0.999944
0.999978
0.99999
0.999996
0.999998
0.999999
0.999999
0.999999
0.999999
0.999999
0.999999
0.999999
0.999999
0.999999
0.999999
0.999999
0.999998
0.999998
0.999996
0.999992
0.999987
0.999977
0.999962
0.99995
0.999944
0.999944
0.99995
0.999956
0.999962
0.99997
0.999979
0.999986
0.999991
0.999994
0.999996
0.999997
0.999998
0.999998
0.999997
0.999994
0.999983
0.99995
0.999868
0.999684
0.999212
0.99821
0.997451
0.995724
0.994166
0.993882
0.994
0.994364
0.995158
0.996602
0.998026
0.999028
0.999582
0.999828
0.999913
0.999934
0.999939
0.999942
0.999952
0.999969
0.999978
0.99998
0.999979
0.999979
0.999979
0.999982
0.999988
0.999993
0.999995
0.999997
0.999997
0.999998
0.999998
0.999998
0.999998
0.999998
0.999998
0.999998
0.999999
0.999999
1
1
1
1
1
1
1
1
1
1
1
1
1
1
1
1
1
0.999999
0.999996
0.999981
0.890251
0.921711
0.963722
0.985134
0.994342
0.99788
0.999106
0.999451
0.999527
0.999468
0.999182
0.999244
0.999595
0.999849
0.999952
0.999987
0.999997
0.999981
0.998935
0.979517
0.868795
0.802266
0.740792
0.634839
0.589706
0.57779
0.574368
0.576752
0.583903
0.594644
0.608373
0.636122
0.705597
0.789206
0.838323
0.854999
0.859125
0.859376
0.858549
0.855431
0.847622
0.835392
0.819536
0.801175
0.785337
0.774217
0.76557
0.75844
0.755344
0.758776
0.770452
0.781319
0.788911
0.793296
0.795609
0.796879
0.79758
0.798002
0.798604
0.800029
0.804568
0.820907
0.8491
0.866156
0.873399
0.877062
0.883588
0.899754
0.942246
0.973446
0.988864
0.995673
0.998402
0.999425
0.999794
0.999926
0.999973
0.999989
0.999996
0.999998
0.999999
1
1
1
1
1
1
1
1
1
1
1
1
1
0.999999
0.999999
0.999998
0.999996
0.999992
0.999987
0.999984
0.999984
0.999984
0.999985
0.999986
0.999988
0.999991
0.999994
0.999996
0.999998
0.999998
0.999999
0.999999
0.999998
0.999997
0.999989
0.999964
0.99989
0.999709
0.999288
0.99844
0.996324
0.994897
0.99311
0.991128
0.990587
0.990691
0.991127
0.992289
0.994553
0.996714
0.99833
0.999273
0.999711
0.999876
0.999926
0.999938
0.999948
0.999963
0.999977
0.999983
0.999985
0.999986
0.999986
0.999987
0.999989
0.999993
0.999995
0.999997
0.999998
0.999999
0.999999
0.999999
0.999999
0.999999
0.999999
0.999999
0.999999
1
1
1
1
1
1
1
1
1
1
1
1
1
1
1
1
1
1
1
0.999999
0.999997
0.999984
0.999519
0.999309
0.999394
0.999635
0.999823
0.999926
0.999971
0.999986
0.999988
0.999987
0.999984
0.999983
0.999985
0.999992
0.999996
0.999999
1
0.999995
0.999601
0.990973
0.913354
0.819352
0.777384
0.691484
0.608265
0.58306
0.576826
0.577847
0.58316
0.593862
0.607113
0.630756
0.691178
0.776721
0.82985
0.85301
0.858718
0.859312
0.858569
0.855509
0.847194
0.830395
0.810713
0.794255
0.781704
0.772566
0.765208
0.760867
0.763586
0.775692
0.786393
0.793255
0.796568
0.797988
0.79862
0.798982
0.799396
0.800278
0.802699
0.808829
0.827949
0.85331
0.868444
0.875074
0.878301
0.883577
0.895809
0.929294
0.966607
0.986566
0.994845
0.998075
0.999296
0.999745
0.999908
0.999966
0.999987
0.999995
0.999998
0.999999
1
1
1
1
1
1
1
1
1
1
1
1
1
1
1
1
1
0.999999
0.999998
0.999997
0.999996
0.999996
0.999995
0.999995
0.999995
0.999995
0.999997
0.999998
0.999998
0.999999
0.999999
0.999999
0.999999
0.999998
0.999994
0.999978
0.999919
0.999751
0.999351
0.998315
0.996527
0.993763
0.991401
0.990465
0.989033
0.987806
0.987653
0.987825
0.988507
0.990912
0.994701
0.997298
0.998784
0.999504
0.999801
0.999903
0.999935
0.999954
0.99997
0.999982
0.999987
0.99999
0.99999
0.999991
0.999991
0.999993
0.999995
0.999997
0.999998
0.999999
0.999999
0.999999
1
1
1
1
1
1
1
1
1
1
1
1
1
1
1
1
1
1
1
1
1
1
1
1
1
1
0.999997
0.999988
0.999998
0.999997
0.999996
0.999997
0.999998
0.999999
1
1
1
1
1
1
0.999999
0.999999
1
1
1
0.999999
0.999859
0.996082
0.953999
0.84267
0.797711
0.744146
0.646327
0.594503
0.580008
0.579184
0.58235
0.591429
0.603527
0.623199
0.67424
0.760314
0.819532
0.849267
0.857959
0.85904
0.858271
0.853718
0.839761
0.821028
0.803936
0.790123
0.779578
0.771837
0.766621
0.768652
0.781055
0.791068
0.796699
0.799089
0.799889
0.80019
0.800547
0.801281
0.803373
0.80841
0.822206
0.844889
0.862483
0.873707
0.879037
0.882231
0.887213
0.898107
0.925531
0.964403
0.98473
0.993797
0.997588
0.999095
0.999669
0.999881
0.999957
0.999984
0.999994
0.999998
0.999999
1
1
1
1
1
1
1
1
1
1
1
1
1
1
1
1
1
1
1
1
0.999999
0.999999
0.999999
0.999999
0.999998
0.999998
0.999998
0.999999
0.999999
0.999999
1
1
1
0.999999
0.999997
0.999988
0.99995
0.999809
0.999417
0.998521
0.996317
0.992898
0.991284
0.989499
0.988479
0.988032
0.986855
0.985748
0.985611
0.985801
0.986878
0.99097
0.995423
0.997947
0.999175
0.999685
0.999865
0.999927
0.999957
0.999975
0.999985
0.99999
0.999992
0.999993
0.999994
0.999994
0.999996
0.999997
0.999998
0.999999
0.999999
1
1
1
1
1
1
1
1
1
1
1
1
1
1
1
1
1
1
1
1
1
1
1
1
1
1
1
1
0.999998
0.999992
1
1
1
1
1
1
1
1
1
1
1
1
1
1
1
1
1
1
0.999959
0.998537
0.980617
0.885887
0.813394
0.779795
0.709437
0.621058
0.587843
0.581447
0.582723
0.587871
0.597868
0.614505
0.655785
0.741349
0.807383
0.842991
0.855662
0.856963
0.85451
0.844625
0.830389
0.814822
0.799926
0.787724
0.778699
0.773035
0.774866
0.786728
0.795292
0.799493
0.801092
0.801548
0.801972
0.802869
0.805214
0.813099
0.831634
0.849179
0.862402
0.87255
0.87953
0.885062
0.889639
0.895427
0.906581
0.932339
0.96607
0.984404
0.993281
0.99726
0.998934
0.999601
0.999854
0.999948
0.999981
0.999993
0.999998
0.999999
1
1
1
1
1
1
1
1
1
1
1
1
1
1
1
1
1
1
1
1
1
1
1
1
1
1
1
1
1
1
1
1
1
1
0.999999
0.999995
0.999973
0.999883
0.999543
0.998628
0.996695
0.993684
0.990923
0.989485
0.988488
0.987178
0.98662
0.986302
0.985399
0.984398
0.984251
0.98457
0.986733
0.992692
0.996746
0.998707
0.999511
0.999806
0.999912
0.999955
0.999976
0.999987
0.999992
0.999994
0.999995
0.999996
0.999996
0.999997
0.999998
0.999999
0.999999
0.999999
1
1
1
1
1
1
1
1
1
1
1
1
1
1
1
1
1
1
1
1
1
1
1
1
1
1
1
1
0.999999
0.999995
1
1
1
1
1
1
1
1
1
1
1
1
1
1
1
1
1
1
0.999992
0.999616
0.993921
0.947424
0.841156
0.798979
0.760798
0.682665
0.609635
0.587698
0.584529
0.587407
0.594026
0.607485
0.640917
0.724685
0.794263
0.834721
0.849383
0.850859
0.848054
0.83728
0.824829
0.811183
0.797564
0.786771
0.780078
0.781886
0.792378
0.799085
0.801922
0.802783
0.803309
0.804399
0.807533
0.818249
0.837839
0.855438
0.869022
0.878051
0.882201
0.886428
0.892523
0.899898
0.908959
0.920137
0.9467
0.971822
0.986137
0.993628
0.997249
0.998877
0.999564
0.999837
0.999941
0.999979
0.999992
0.999997
0.999999
1
1
1
1
1
1
1
1
1
1
1
1
1
1
1
1
1
1
1
1
1
1
1
1
1
1
1
1
1
1
1
1
1
1
0.999999
0.999998
0.999988
0.999938
0.999732
0.998905
0.996738
0.994525
0.991603
0.989744
0.988367
0.986819
0.985623
0.985239
0.985221
0.985008
0.984041
0.983198
0.983189
0.984139
0.989004
0.994814
0.997828
0.99916
0.999684
0.999877
0.999948
0.999976
0.999988
0.999993
0.999996
0.999996
0.999997
0.999997
0.999998
0.999998
0.999999
0.999999
1
1
1
1
1
1
1
1
1
1
1
1
1
1
1
1
1
1
1
1
1
1
1
1
1
1
1
1
1
0.999999
0.999998
1
1
1
1
1
1
1
1
1
1
1
1
1
1
1
1
1
1
0.999999
0.999946
0.998872
0.986688
0.906468
0.820316
0.789366
0.744473
0.668715
0.608238
0.590782
0.589436
0.593685
0.604487
0.633649
0.715961
0.786101
0.827266
0.842822
0.844803
0.842616
0.833385
0.821893
0.809016
0.796738
0.788739
0.790084
0.798009
0.802642
0.804223
0.80465
0.805495
0.808333
0.819372
0.841488
0.860703
0.873563
0.882209
0.887506
0.892383
0.897272
0.902596
0.91393
0.923055
0.93825
0.962359
0.978994
0.989071
0.994687
0.997578
0.99896
0.999577
0.999836
0.999939
0.999978
0.999992
0.999997
0.999999
1
1
1
1
1
1
1
1
1
1
1
1
1
1
1
1
1
1
1
1
1
1
1
1
1
1
1
1
1
1
1
1
1
1
1
0.999999
0.999995
0.999972
0.999856
0.999395
0.997392
0.994467
0.99326
0.990293
0.988048
0.98665
0.983449
0.981811
0.981923
0.982743
0.983656
0.983518
0.982702
0.982289
0.982643
0.985642
0.992739
0.996976
0.998864
0.999587
0.999847
0.999939
0.999974
0.999988
0.999994
0.999996
0.999997
0.999997
0.999998
0.999998
0.999999
0.999999
0.999999
1
1
1
1
1
1
1
1
1
1
1
1
1
1
1
1
1
1
1
1
1
1
1
1
1
1
1
1
1
1
0.999999
1
1
1
1
1
1
1
1
1
1
1
1
1
1
1
1
1
1
1
0.999987
0.99965
0.995258
0.959078
0.854123
0.804738
0.780851
0.736237
0.669176
0.615057
0.598424
0.598106
0.605463
0.632354
0.713825
0.784739
0.821994
0.837322
0.839836
0.838441
0.831752
0.820849
0.808549
0.800143
0.800402
0.804214
0.806287
0.806688
0.806866
0.80835
0.815473
0.837942
0.861087
0.87604
0.884205
0.888585
0.89331
0.897916
0.902228
0.912681
0.924988
0.937157
0.95769
0.974845
0.985731
0.992326
0.996104
0.998136
0.999158
0.99964
0.999854
0.999944
0.999979
0.999992
0.999997
0.999999
1
1
1
1
1
1
1
1
1
1
1
1
1
1
1
1
1
1
1
1
1
1
1
1
1
1
1
1
1
1
1
1
1
1
1
1
0.999998
0.999989
0.999935
0.999668
0.998641
0.995688
0.993099
0.991736
0.988511
0.985193
0.981953
0.976464
0.974993
0.975514
0.977397
0.980832
0.982277
0.982193
0.981643
0.98168
0.983408
0.990196
0.99572
0.998306
0.999374
0.999775
0.999918
0.999969
0.999987
0.999994
0.999996
0.999997
0.999997
0.999998
0.999998
0.999999
0.999999
0.999999
1
1
1
1
1
1
1
1
1
1
1
1
1
1
1
1
1
1
1
1
1
1
1
1
1
1
1
1
1
1
0.999999
1
1
1
1
1
1
1
1
1
1
1
1
1
1
1
1
1
1
1
0.999998
0.99992
0.998612
0.986739
0.918481
0.830483
0.798457
0.775508
0.737522
0.686548
0.639848
0.620306
0.620791
0.640171
0.715554
0.784864
0.820525
0.83404
0.83683
0.836131
0.831593
0.821923
0.814059
0.812205
0.811515
0.810452
0.809473
0.809458
0.811868
0.826395
0.8533
0.87231
0.88273
0.88774
0.891997
0.896841
0.900801
0.90877
0.920934
0.935089
0.955573
0.972975
0.984042
0.990898
0.995024
0.997407
0.998716
0.999397
0.999731
0.999886
0.999954
0.999982
0.999993
0.999998
0.999999
1
1
1
1
1
1
1
1
1
1
1
1
1
1
1
1
1
1
1
1
1
1
1
1
1
1
1
1
1
1
1
1
1
1
1
1
0.999999
0.999996
0.999976
0.999851
0.999246
0.996895
0.993923
0.992259
0.990273
0.985117
0.979445
0.973959
0.966494
0.964717
0.965526
0.968146
0.974968
0.979898
0.981044
0.980896
0.980863
0.981926
0.987707
0.994397
0.997761
0.999184
0.999717
0.999902
0.999965
0.999986
0.999994
0.999996
0.999997
0.999997
0.999998
0.999998
0.999999
0.999999
0.999999
0.999999
1
1
1
1
1
1
1
1
1
1
1
1
1
1
1
1
1
1
1
1
1
1
1
1
1
1
1
1
1
1
1
1
1
1
1
1
1
1
1
1
1
1
1
1
1
1
1
1
1
1
0.999984
0.999652
0.996038
0.97107
0.880283
0.818167
0.794282
0.775796
0.749757
0.719082
0.695112
0.686251
0.694123
0.741407
0.790206
0.820989
0.833078
0.835867
0.835619
0.833449
0.829053
0.823422
0.819317
0.815483
0.812823
0.812432
0.81589
0.836682
0.862976
0.878926
0.887116
0.890908
0.893
0.8953
0.900045
0.911253
0.927892
0.950767
0.969879
0.982038
0.989565
0.994127
0.996812
0.998337
0.999168
0.999602
0.999818
0.999921
0.999967
0.999987
0.999995
0.999998
0.999999
1
1
1
1
1
1
1
1
1
1
1
1
1
1
1
1
1
1
1
1
1
1
1
1
1
1
1
1
1
1
1
1
1
1
1
1
0.999999
0.999998
0.999992
0.999944
0.999661
0.998361
0.994889
0.992978
0.991167
0.987383
0.979092
0.970187
0.963628
0.956107
0.953917
0.954666
0.9574
0.96518
0.975085
0.979318
0.980145
0.980279
0.981028
0.985726
0.993259
0.997256
0.998976
0.999637
0.999873
0.999955
0.999983
0.999993
0.999996
0.999997
0.999997
0.999998
0.999998
0.999999
0.999999
0.999999
0.999999
0.999999
0.999999
0.999999
1
1
1
1
1
1
1
1
1
1
1
1
1
1
1
1
1
1
1
1
1
1
1
1
1
1
1
1
1
1
1
1
1
1
1
1
1
1
1
1
1
1
1
1
1
1
1
0.999997
0.99993
0.999022
0.991767
0.951333
0.857094
0.811197
0.79437
0.782829
0.770205
0.760195
0.756199
0.761423
0.786644
0.809292
0.824714
0.833374
0.835926
0.836244
0.835825
0.832676
0.826295
0.820989
0.81689
0.815829
0.820124
0.844159
0.868523
0.882258
0.888332
0.890626
0.892068
0.894638
0.900315
0.913573
0.938057
0.961892
0.977517
0.987048
0.99273
0.996035
0.997904
0.998928
0.999471
0.999748
0.999885
0.999949
0.999978
0.999991
0.999997
0.999999
1
1
1
1
1
1
1
1
1
1
1
1
1
1
1
1
1
1
1
1
1
1
1
1
1
1
1
1
1
1
1
1
1
1
1
1
1
0.999999
0.999999
0.999997
0.999981
0.999873
0.999241
0.996467
0.993761
0.992178
0.989038
0.98132
0.970621
0.961844
0.955439
0.948877
0.946209
0.946606
0.94865
0.954646
0.968097
0.976058
0.978583
0.979066
0.979946
0.984322
0.9922
0.996698
0.99874
0.999552
0.999847
0.999948
0.999981
0.999992
0.999995
0.999996
0.999997
0.999997
0.999998
0.999998
0.999999
0.999999
0.999999
0.999999
0.999999
0.999999
0.999999
0.999999
1
1
1
1
1
1
1
1
1
1
1
1
1
1
1
1
1
1
1
1
1
1
1
1
1
1
1
1
1
1
1
1
1
1
1
1
1
1
1
1
1
1
1
1
1
1
0.999988
0.999794
0.998002
0.986906
0.93677
0.849289
0.810633
0.79799
0.793454
0.791434
0.792379
0.800184
0.813666
0.824431
0.831577
0.835452
0.837029
0.837227
0.836555
0.832631
0.826144
0.821335
0.819535
0.824287
0.848821
0.871187
0.883585
0.88874
0.890458
0.891669
0.894096
0.900118
0.915441
0.945082
0.968077
0.981979
0.990053
0.994642
0.997188
0.998566
0.99929
0.999659
0.999841
0.999929
0.999969
0.999987
0.999995
0.999998
0.999999
1
1
1
1
1
1
1
1
1
1
1
1
1
1
1
1
1
1
1
1
1
1
1
1
1
1
1
1
1
1
1
1
1
1
1
1
1
0.999999
0.999999
0.999998
0.999993
0.999958
0.999716
0.99837
0.994587
0.992774
0.990663
0.985324
0.973333
0.964191
0.956757
0.949453
0.943239
0.941061
0.941409
0.943025
0.94738
0.960285
0.972247
0.976804
0.977905
0.979097
0.983431
0.991499
0.996349
0.998593
0.999493
0.999823
0.999939
0.999978
0.99999
0.999994
0.999996
0.999996
0.999997
0.999997
0.999998
0.999998
0.999998
0.999998
0.999998
0.999998
0.999998
0.999999
0.999999
0.999999
0.999999
0.999999
0.999999
0.999999
0.999999
0.999999
0.999999
1
1
1
1
1
1
1
1
1
1
1
1
1
1
1
1
1
1
1
1
1
1
1
1
1
1
1
1
1
1
1
1
1
1
1
1
1
1
0.999998
0.999963
0.999583
0.996931
0.983666
0.932384
0.84942
0.814786
0.80457
0.80385
0.805547
0.813796
0.823364
0.83023
0.834445
0.836618
0.837342
0.837299
0.835485
0.82964
0.825193
0.823005
0.827229
0.850454
0.871589
0.883465
0.888255
0.889652
0.890588
0.892649
0.898627
0.917278
0.94991
0.97206
0.984883
0.992008
0.995874
0.997923
0.998981
0.999514
0.999775
0.999899
0.999956
0.999981
0.999992
0.999997
0.999999
1
1
1
1
1
1
1
1
1
1
1
1
1
1
1
1
1
1
1
1
1
1
1
1
1
1
1
0.999999
0.999999
0.999998
0.999998
0.999998
0.999999
0.999999
0.999999
0.999999
0.999999
0.999999
0.999999
0.999999
0.999998
0.999995
0.999985
0.999907
0.999375
0.996592
0.993309
0.991778
0.988825
0.97856
0.967755
0.960155
0.952085
0.943463
0.937161
0.936044
0.936652
0.938532
0.942577
0.954305
0.968443
0.974912
0.97675
0.978217
0.983133
0.991279
0.996172
0.998485
0.999443
0.999803
0.999931
0.999975
0.999989
0.999993
0.999995
0.999995
0.999995
0.999996
0.999996
0.999997
0.999997
0.999997
0.999997
0.999997
0.999997
0.999997
0.999998
0.999999
0.999999
0.999999
0.999999
0.999999
0.999999
0.999999
0.999999
0.999999
0.999999
0.999999
0.999999
0.999999
0.999999
0.999999
0.999999
1
1
1
1
1
1
1
1
1
1
1
1
1
1
1
1
1
1
1
1
1
1
1
1
1
1
1
1
1
1
1
0.999994
0.999923
0.999344
0.996084
0.981994
0.933313
0.853777
0.821276
0.811758
0.811869
0.816346
0.824524
0.830605
0.834446
0.83624
0.83664
0.835937
0.831609
0.827868
0.825774
0.828309
0.849137
0.869932
0.881949
0.886927
0.888297
0.888964
0.890586
0.896184
0.915643
0.950391
0.973298
0.98618
0.992992
0.996521
0.998312
0.999201
0.999632
0.999835
0.999928
0.99997
0.999988
0.999995
0.999998
0.999999
1
1
1
1
1
1
1
1
1
1
1
1
1
1
1
1
1
1
1
1
1
1
1
1
1
1
0.999999
0.999999
0.999996
0.999995
0.999995
0.999995
0.999995
0.999997
0.999998
0.999998
0.999998
0.999999
0.999998
0.999998
0.999997
0.999996
0.999991
0.999969
0.999801
0.998678
0.994612
0.992288
0.990855
0.98673
0.97263
0.962954
0.956529
0.947255
0.938736
0.933491
0.932556
0.933106
0.935004
0.939113
0.950053
0.965561
0.973302
0.975543
0.977392
0.983258
0.991403
0.996219
0.998493
0.999433
0.999794
0.999926
0.999972
0.999987
0.999992
0.999993
0.999993
0.999993
0.999993
0.999994
0.999995
0.999995
0.999995
0.999995
0.999995
0.999995
0.999995
0.999997
0.999998
0.999998
0.999998
0.999998
0.999998
0.999998
0.999998
0.999998
0.999998
0.999999
0.999999
0.999998
0.999998
0.999998
0.999999
0.999999
0.999999
0.999999
0.999999
1
1
1
1
1
1
1
1
1
1
1
1
1
1
1
1
1
1
1
1
1
1
1
1
1
1
1
1
0.999999
0.999988
0.999884
0.999207
0.995938
0.983361
0.948796
0.869757
0.832635
0.820537
0.820614
0.824052
0.828477
0.8312
0.832366
0.832425
0.831824
0.829904
0.828851
0.83203
0.84883
0.866842
0.878441
0.884089
0.885802
0.886264
0.887691
0.893233
0.914174
0.951607
0.974788
0.987263
0.993719
0.996973
0.998574
0.999343
0.999705
0.999871
0.999945
0.999977
0.999991
0.999996
0.999999
0.999999
1
1
1
1
1
1
1
1
1
1
1
1
1
1
1
1
1
1
1
1
1
1
1
1
1
0.999999
0.999998
0.999997
0.999993
0.999986
0.999983
0.999983
0.999984
0.999987
0.999991
0.999994
0.999996
0.999997
0.999997
0.999997
0.999997
0.999995
0.999992
0.999984
0.999937
0.99958
0.997226
0.99293
0.991629
0.990194
0.983747
0.967065
0.960144
0.954795
0.944898
0.936067
0.931595
0.930818
0.931267
0.932891
0.936762
0.948797
0.964283
0.972071
0.974278
0.976857
0.983917
0.991799
0.996376
0.998539
0.999445
0.999795
0.999924
0.99997
0.999985
0.999989
0.99999
0.99999
0.99999
0.99999
0.999992
0.999993
0.999993
0.999992
0.999992
0.999992
0.999992
0.999992
0.999994
0.999995
0.999996
0.999996
0.999996
0.999996
0.999996
0.999997
0.999997
0.999997
0.999997
0.999997
0.999997
0.999997
0.999997
0.999997
0.999998
0.999998
0.999998
0.999999
0.999999
0.999999
1
1
1
1
1
1
1
1
1
1
1
1
1
1
1
1
1
1
1
1
1
1
1
1
1
1
1
0.999999
0.999985
0.999885
0.999331
0.996936
0.989012
0.968505
0.922113
0.863685
0.83845
0.830313
0.8297
0.830233
0.830652
0.830754
0.830616
0.830152
0.831015
0.840131
0.856628
0.86992
0.877423
0.879672
0.880706
0.883598
0.891142
0.921581
0.95805
0.978674
0.989538
0.995017
0.997686
0.99895
0.999534
0.999797
0.999914
0.999965
0.999986
0.999994
0.999998
0.999999
1
1
1
1
1
1
1
1
1
1
1
1
1
1
1
1
1
1
1
1
1
1
1
1
1
1
0.999999
0.999995
0.99999
0.999984
0.999967
0.999948
0.999945
0.999946
0.999951
0.999963
0.999976
0.999985
0.999991
0.999993
0.999994
0.999994
0.999994
0.999991
0.999986
0.999969
0.999868
0.9991
0.99503
0.991827
0.991257
0.989656
0.979124
0.963565
0.958807
0.953945
0.94368
0.934686
0.930621
0.929919
0.930272
0.932007
0.936732
0.949856
0.964751
0.971245
0.973308
0.97687
0.985266
0.992578
0.996704
0.998652
0.999478
0.999803
0.999925
0.999968
0.999982
0.999985
0.999986
0.999985
0.999985
0.999985
0.999987
0.999988
0.999988
0.999988
0.999987
0.999986
0.999986
0.999986
0.999989
0.999991
0.999993
0.999993
0.999994
0.999994
0.999994
0.999994
0.999994
0.999994
0.999994
0.999994
0.999994
0.999993
0.999993
0.999994
0.999995
0.999996
0.999996
0.999997
0.999998
0.999998
0.999999
0.999999
0.999999
0.999999
1
1
1
1
1
1
1
1
1
1
1
1
1
1
1
1
1
1
1
1
1
1
1
1
0.999999
0.999988
0.999924
0.999607
0.998393
0.994724
0.985266
0.965129
0.928862
0.893355
0.86338
0.848956
0.84097
0.836778
0.835625
0.835591
0.836984
0.844346
0.858642
0.869114
0.87349
0.876364
0.88301
0.911134
0.948505
0.972531
0.986153
0.993336
0.996914
0.998616
0.999396
0.999742
0.999893
0.999956
0.999983
0.999993
0.999997
0.999999
1
1
1
1
1
1
1
1
1
1
1
1
1
1
1
1
1
1
1
1
1
1
1
1
1
1
1
0.999999
0.999994
0.999973
0.999949
0.99992
0.999853
0.999818
0.999818
0.999827
0.999853
0.9999
0.999938
0.999963
0.999978
0.999986
0.999989
0.999989
0.999988
0.999984
0.999973
0.999938
0.999709
0.998034
0.992506
0.99111
0.991148
0.989131
0.974985
0.961775
0.958346
0.95375
0.943467
0.934318
0.930321
0.929754
0.9304
0.932552
0.938271
0.9532
0.96621
0.970751
0.973123
0.977957
0.98716
0.993675
0.997194
0.998837
0.999539
0.999821
0.999929
0.999966
0.999976
0.999978
0.999977
0.999976
0.999976
0.999977
0.99998
0.999981
0.999981
0.99998
0.999978
0.999976
0.999976
0.999977
0.999979
0.999984
0.999987
0.999988
0.999988
0.999988
0.999988
0.999989
0.999989
0.999989
0.999989
0.999987
0.999986
0.999986
0.999986
0.999987
0.999989
0.99999
0.999992
0.999993
0.999995
0.999997
0.999998
0.999999
0.999999
0.999999
1
1
1
1
1
1
1
1
1
1
1
1
1
1
1
1
1
1
1
1
1
1
1
1
1
0.999999
0.999994
0.999966
0.999843
0.999416
0.998156
0.994799
0.988451
0.976047
0.959056
0.941155
0.923286
0.904829
0.893722
0.892558
0.892863
0.89464
0.900175
0.906346
0.917448
0.939148
0.961145
0.977676
0.988155
0.994102
0.997213
0.998739
0.99945
0.999767
0.999904
0.999962
0.999985
0.999994
0.999998
0.999999
1
1
1
1
1
1
1
1
1
1
1
1
1
1
1
1
1
1
1
1
1
1
1
1
1
1
1
1
0.999998
0.999992
0.999963
0.999854
0.999753
0.999597
0.999413
0.99938
0.999399
0.999453
0.999578
0.999727
0.999839
0.99991
0.99995
0.999971
0.999978
0.999979
0.999977
0.999969
0.999949
0.99987
0.999328
0.995589
0.990639
0.990754
0.991841
0.989042
0.972696
0.961134
0.95834
0.955708
0.947243
0.937262
0.931961
0.930817
0.93188
0.935137
0.944753
0.960512
0.968103
0.970823
0.973495
0.980945
0.989622
0.994994
0.997775
0.999064
0.999621
0.999847
0.999932
0.99996
0.999967
0.999967
0.999965
0.999963
0.999963
0.999964
0.999967
0.999968
0.999968
0.999966
0.999963
0.99996
0.99996
0.99996
0.999963
0.99997
0.999974
0.999976
0.999977
0.999977
0.999978
0.999978
0.999978
0.999978
0.999977
0.999973
0.99997
0.999969
0.99997
0.999971
0.999976
0.99998
0.999983
0.999987
0.99999
0.999993
0.999996
0.999997
0.999998
0.999997
1
1
1
1
1
1
1
1
1
1
1
1
1
1
1
1
1
1
1
1
1
1
1
1
1
1
1
0.999998
0.99999
0.999958
0.999854
0.999548
0.998851
0.997378
0.993486
0.989929
0.986211
0.979281
0.974104
0.973447
0.973589
0.974227
0.975805
0.979047
0.985027
0.990791
0.994791
0.997257
0.998642
0.999362
0.999714
0.999877
0.999949
0.99998
0.999992
0.999997
0.999999
1
1
1
1
1
1
1
1
1
1
1
1
1
1
1
1
1
1
1
1
1
1
1
1
1
1
1
1
1
1
0.999998
0.999989
0.999945
0.999769
0.999282
0.998845
0.998231
0.997955
0.997983
0.998109
0.998377
0.998826
0.999266
0.999585
0.999779
0.999887
0.999939
0.999958
0.999959
0.999956
0.99994
0.999898
0.999703
0.998367
0.992184
0.988985
0.990667
0.992935
0.989178
0.971874
0.961273
0.959604
0.958598
0.954268
0.946164
0.939957
0.937306
0.939334
0.946609
0.958439
0.965829
0.969062
0.971162
0.975525
0.985224
0.992288
0.996333
0.998368
0.999308
0.999713
0.999876
0.999934
0.999951
0.999953
0.999949
0.999942
0.999939
0.999939
0.999942
0.999944
0.999945
0.999944
0.999941
0.999936
0.999932
0.999931
0.999932
0.999936
0.999943
0.999947
0.999951
0.999953
0.999956
0.999957
0.999958
0.999958
0.999957
0.999953
0.999943
0.999938
0.999936
0.999937
0.999941
0.999952
0.99996
0.999967
0.999974
0.999981
0.999987
0.999992
0.999994
0.999995
0.999994
1
1
1
1
1
1
1
1
1
1
1
1
1
1
1
1
1
1
1
1
1
1
1
1
1
1
1
1
1
0.999998
0.999993
0.999976
0.999933
0.99983
0.999462
0.999056
0.998681
0.997679
0.996854
0.996762
0.996806
0.996936
0.997223
0.997849
0.998655
0.999277
0.999634
0.999824
0.999919
0.999964
0.999985
0.999994
0.999998
0.999999
1
1
1
1
1
1
1
1
1
1
1
1
1
1
1
1
1
1
1
1
1
1
1
1
1
1
1
1
1
1
1
1
0.999999
0.999988
0.999918
0.999638
0.998604
0.996982
0.995229
0.993766
0.993747
0.994001
0.994601
0.995624
0.996928
0.998125
0.998972
0.999477
0.999748
0.999875
0.999917
0.99992
0.999912
0.999881
0.999782
0.999234
0.995613
0.988231
0.987437
0.991271
0.994561
0.990424
0.974226
0.963744
0.960683
0.960506
0.959585
0.957452
0.955436
0.954389
0.956358
0.960574
0.964986
0.967746
0.9699
0.973035
0.981878
0.989989
0.994969
0.997656
0.998966
0.999557
0.999803
0.999895
0.999924
0.999928
0.999923
0.999912
0.999906
0.999903
0.999901
0.9999
0.999898
0.999895
0.999891
0.999887
0.999883
0.999882
0.999882
0.999883
0.999886
0.999887
0.999888
0.999889
0.999894
0.999904
0.999912
0.999916
0.999917
0.999916
0.999906
0.999888
0.999878
0.999876
0.999877
0.999887
0.999909
0.999926
0.99994
0.999953
0.999966
0.999977
0.999984
0.999988
0.999989
0.999985
1
1
1
1
1
1
1
1
1
1
1
1
1
1
1
1
1
1
1
1
1
1
1
1
1
1
1
1
1
1
1
0.999999
0.999998
0.999994
0.999977
0.999954
0.999934
0.999867
0.999812
0.999806
0.999812
0.999823
0.999846
0.999892
0.999939
0.999971
0.999987
0.999994
0.999998
0.999999
1
1
1
1
1
1
1
1
1
1
1
1
1
1
1
1
1
1
1
1
1
1
1
1
1
1
1
1
1
1
1
1
1
1
0.999999
0.999998
0.99999
0.999908
0.99938
0.997785
0.993494
0.989414
0.985424
0.98356
0.983711
0.984592
0.986612
0.989767
0.993339
0.996199
0.998032
0.999047
0.99956
0.999779
0.999839
0.999839
0.999816
0.999741
0.999447
0.997637
0.989303
0.984398
0.98557
0.992147
0.995676
0.994546
0.981819
0.968998
0.964096
0.962632
0.962354
0.962209
0.962044
0.962355
0.963518
0.965349
0.967385
0.969728
0.973073
0.981272
0.989418
0.994459
0.99732
0.998774
0.999448
0.999735
0.999845
0.999884
0.999889
0.999886
0.999874
0.999861
0.999849
0.999836
0.999821
0.999804
0.999786
0.999773
0.999766
0.999764
0.999767
0.999777
0.999785
0.999786
0.999782
0.999766
0.999755
0.999751
0.999753
0.99976
0.999789
0.999814
0.999821
0.99982
0.999808
0.99978
0.999767
0.999765
0.99977
0.999797
0.999839
0.999867
0.99989
0.999913
0.999937
0.999958
0.999971
0.999975
0.999975
0.999953
1
1
1
1
1
1
1
1
1
1
1
1
1
1
1
1
1
1
1
1
1
1
1
1
1
1
1
1
1
1
1
1
1
1
0.999999
0.999999
0.999998
0.999995
0.999993
0.999993
0.999993
0.999994
0.999995
0.999997
0.999998
0.999999
1
1
1
1
1
1
1
1
1
1
1
1
1
1
1
1
1
1
1
1
1
1
1
1
1
1
1
1
1
1
1
1
1
1
1
1
0.999999
0.999998
0.999996
0.99999
0.999941
0.999372
0.99646
0.990797
0.985175
0.98189
0.979397
0.977323
0.976767
0.976999
0.978081
0.980791
0.986549
0.992193
0.995996
0.998122
0.999173
0.999592
0.999682
0.999673
0.999602
0.99939
0.998365
0.991937
0.98134
0.980003
0.984304
0.992598
0.995943
0.996406
0.992111
0.978938
0.970371
0.966521
0.965074
0.964663
0.964885
0.965551
0.966764
0.968563
0.971109
0.975107
0.983189
0.990358
0.994774
0.997382
0.998754
0.999405
0.999685
0.999795
0.999837
0.999842
0.999835
0.999821
0.9998
0.999772
0.999737
0.999694
0.999641
0.999581
0.999527
0.999489
0.999475
0.999476
0.999493
0.999528
0.999537
0.999534
0.999502
0.999434
0.999398
0.99939
0.999394
0.99942
0.999503
0.999567
0.99959
0.999593
0.999584
0.999565
0.99956
0.999565
0.999591
0.999665
0.999722
0.99976
0.999797
0.99984
0.999886
0.999923
0.999941
0.999944
0.999937
0.999818
1
1
1
1
1
1
1
1
1
1
1
1
1
1
1
1
1
1
1
1
1
1
1
1
1
1
1
1
1
1
1
1
1
1
1
1
1
1
1
1
1
1
1
1
1
1
1
1
1
1
1
1
1
1
1
1
1
1
1
1
1
1
1
1
1
1
1
1
1
1
1
1
1
1
1
1
1
1
1
1
0.999999
0.999997
0.99999
0.999984
0.999977
0.999958
0.999749
0.997162
0.989892
0.987106
0.983199
0.980997
0.978823
0.976644
0.975559
0.975548
0.976308
0.979597
0.986795
0.992517
0.996207
0.998253
0.999216
0.999503
0.999511
0.999416
0.999217
0.998673
0.995354
0.981487
0.974121
0.975079
0.983402
0.991543
0.995644
0.996956
0.996358
0.992122
0.983069
0.975761
0.972068
0.970358
0.969742
0.970425
0.97213
0.97501
0.980063
0.986674
0.991976
0.995495
0.997653
0.99883
0.999399
0.999644
0.999742
0.999782
0.999785
0.999769
0.999752
0.999724
0.999675
0.999603
0.999508
0.999388
0.999249
0.99911
0.998997
0.998928
0.998907
0.998913
0.998955
0.998991
0.998991
0.998955
0.998799
0.998651
0.998599
0.998597
0.998625
0.998762
0.998962
0.999075
0.999124
0.99914
0.999148
0.99916
0.999183
0.999256
0.999382
0.999472
0.999525
0.999572
0.999634
0.999717
0.999798
0.999851
0.999864
0.999855
0.99979
0.999179
1
1
1
1
1
1
1
1
1
1
1
1
1
1
1
1
1
1
1
1
1
1
1
1
1
1
1
1
1
1
1
1
1
1
1
1
1
1
1
1
1
1
1
1
1
1
1
1
1
1
1
1
1
1
1
1
1
1
1
1
1
1
1
1
1
1
1
1
1
1
1
1
1
1
1
0.999999
0.999999
0.999999
0.999998
0.999996
0.999989
0.999966
0.999927
0.999915
0.999903
0.999857
0.999219
0.992202
0.987275
0.986342
0.983176
0.983317
0.981692
0.978011
0.976334
0.976125
0.97719
0.981534
0.98849
0.993668
0.996926
0.998636
0.99921
0.999259
0.999126
0.998951
0.998697
0.997269
0.986686
0.968801
0.965456
0.968849
0.978287
0.987195
0.994136
0.99697
0.997426
0.996621
0.994314
0.990074
0.985503
0.982813
0.981707
0.98213
0.984143
0.987463
0.990938
0.994236
0.996595
0.998125
0.998993
0.999421
0.999605
0.999683
0.999716
0.999712
0.999681
0.999649
0.999611
0.999532
0.999383
0.999174
0.998908
0.998606
0.998309
0.998065
0.997905
0.997832
0.997818
0.997835
0.997867
0.997868
0.997824
0.997596
0.997251
0.997087
0.99706
0.997091
0.997272
0.99773
0.998045
0.9982
0.998262
0.998296
0.998343
0.998447
0.998687
0.998921
0.999071
0.999141
0.999177
0.999234
0.999349
0.999496
0.999597
0.999625
0.999606
0.999464
0.99898
0.996143
1
1
1
1
1
1
1
1
1
1
1
1
1
1
1
1
1
1
1
1
1
1
1
1
1
1
1
1
1
1
1
1
1
1
1
1
1
1
1
1
1
1
1
1
1
1
1
1
1
1
1
1
1
1
1
1
1
1
1
1
1
1
1
1
1
1
1
1
1
1
1
0.999999
0.999999
0.999998
0.999997
0.999996
0.999995
0.999992
0.999987
0.999967
0.999892
0.999663
0.999592
0.999622
0.999647
0.999599
0.998356
0.989253
0.986045
0.986975
0.986051
0.987166
0.985569
0.981158
0.979081
0.978735
0.980919
0.986496
0.991915
0.995794
0.997969
0.998826
0.999017
0.998948
0.998749
0.998568
0.997982
0.992745
0.967819
0.95238
0.951545
0.956189
0.96448
0.977886
0.990613
0.996375
0.99762
0.997762
0.997404
0.99643
0.994993
0.993539
0.992765
0.992616
0.993534
0.994953
0.996472
0.997749
0.998639
0.999168
0.999436
0.999554
0.999612
0.99963
0.999606
0.999548
0.999492
0.999425
0.999293
0.998987
0.998509
0.997912
0.997247
0.996603
0.996089
0.995768
0.995627
0.995602
0.995627
0.995662
0.995659
0.995601
0.995328
0.994852
0.994588
0.994529
0.994563
0.994791
0.995557
0.996255
0.996629
0.996787
0.996867
0.996988
0.997276
0.99774
0.998147
0.998407
0.998503
0.998524
0.998529
0.998545
0.998615
0.998719
0.998711
0.998616
0.998236
0.996822
0.99423
0.983427
1
1
1
1
1
1
1
1
1
1
1
1
1
1
1
1
1
1
1
1
1
1
1
1
1
1
1
1
1
1
1
1
1
1
1
1
1
1
1
1
1
1
1
1
1
1
1
1
1
1
1
1
1
1
1
1
1
1
1
1
1
1
1
1
1
1
1
0.999999
0.999999
0.999998
0.999996
0.999994
0.999987
0.999983
0.999979
0.999973
0.999967
0.999952
0.999912
0.999749
0.998984
0.998001
0.998073
0.998394
0.998913
0.998982
0.997476
0.986876
0.984674
0.988683
0.987086
0.988323
0.987444
0.985827
0.984877
0.985412
0.988264
0.992027
0.995257
0.99736
0.998354
0.998705
0.998633
0.998341
0.998061
0.997783
0.99572
0.977069
0.940301
0.927561
0.926064
0.927842
0.936084
0.959528
0.983311
0.99429
0.997237
0.99791
0.998102
0.998138
0.997917
0.997588
0.997378
0.997334
0.99765
0.998132
0.998635
0.999028
0.999277
0.999408
0.999478
0.999511
0.999494
0.999419
0.999317
0.999206
0.999052
0.998734
0.998043
0.996979
0.995665
0.99424
0.992867
0.991736
0.990987
0.990647
0.990601
0.990752
0.991099
0.991188
0.991174
0.99103
0.990784
0.990692
0.990698
0.990809
0.991348
0.992694
0.99374
0.994318
0.994569
0.994719
0.994981
0.99558
0.996326
0.996857
0.997026
0.997015
0.996751
0.996358
0.995897
0.995721
0.995236
0.994851
0.993665
0.992288
0.989212
0.980809
0.972004
0.9394
1
1
1
1
1
1
1
1
1
1
1
1
1
1
1
1
1
1
1
1
1
1
1
1
1
1
1
1
1
1
1
1
1
1
1
1
1
1
1
1
1
1
1
1
1
1
1
1
1
1
1
1
1
1
1
1
1
1
1
1
1
1
1
1
0.999999
0.999998
0.999996
0.999992
0.999987
0.999977
0.999965
0.999938
0.999901
0.99989
0.999876
0.999852
0.999822
0.999753
0.999485
0.998236
0.994014
0.991762
0.992279
0.994482
0.997172
0.998114
0.99636
0.984498
0.982992
0.989216
0.988189
0.989526
0.990941
0.990894
0.990665
0.991561
0.993309
0.995408
0.996899
0.997755
0.998229
0.998081
0.997378
0.997023
0.997067
0.99666
0.989951
0.949945
0.907438
0.887992
0.876917
0.875613
0.886956
0.928701
0.970111
0.988889
0.994795
0.996971
0.997947
0.998378
0.99858
0.998683
0.998765
0.998821
0.998912
0.999035
0.999156
0.999248
0.999306
0.999335
0.999298
0.999181
0.998992
0.998739
0.998393
0.997818
0.996751
0.994937
0.992383
0.989407
0.986438
0.984003
0.982466
0.981827
0.98179
0.982277
0.98324
0.983681
0.983802
0.98384
0.98391
0.984093
0.984539
0.985434
0.98674
0.988238
0.989569
0.990426
0.990794
0.990943
0.991101
0.991427
0.991915
0.992151
0.992177
0.992014
0.991307
0.989473
0.986325
0.984845
0.982434
0.980929
0.976621
0.973049
0.963742
0.956838
0.942048
0.9183
0.896406
0.818297
1
1
1
1
1
1
1
1
1
1
1
1
1
1
1
1
1
1
1
1
1
1
1
1
1
1
1
1
1
1
1
1
1
1
1
1
1
1
1
1
1
1
1
1
1
1
1
1
1
1
1
1
1
1
1
1
1
1
1
1
1
0.999998
0.999997
0.999993
0.999986
0.999976
0.999956
0.999928
0.999871
0.999805
0.999699
0.999432
0.999326
0.999343
0.999334
0.999289
0.999192
0.998909
0.99733
0.989239
0.987085
0.985962
0.986106
0.987949
0.993385
0.996112
0.994583
0.98337
0.981656
0.989486
0.989848
0.989707
0.9919
0.992828
0.993746
0.994167
0.995567
0.996278
0.996967
0.997342
0.99684
0.996034
0.996055
0.996538
0.996538
0.994552
0.975481
0.919006
0.874095
0.829741
0.79986
0.797946
0.822044
0.890601
0.949535
0.977095
0.987016
0.99207
0.995114
0.996934
0.99793
0.998447
0.998705
0.998837
0.998891
0.99893
0.998945
0.998895
0.998753
0.998478
0.99804
0.997395
0.996449
0.995002
0.99272
0.989252
0.984561
0.979403
0.974951
0.971737
0.969833
0.968954
0.968741
0.968945
0.970172
0.972002
0.973397
0.974456
0.975288
0.976044
0.976834
0.97769
0.978507
0.979169
0.979565
0.979732
0.979706
0.979232
0.977631
0.975974
0.974268
0.973028
0.971112
0.969331
0.96517
0.961066
0.952442
0.945485
0.93672
0.932319
0.922577
0.914261
0.891345
0.876523
0.84583
0.828896
0.79354
0.750039
0.704746
0.565309
1
1
1
1
1
1
1
1
1
1
1
1
1
1
1
1
1
1
1
1
1
1
1
1
1
1
1
1
1
1
1
1
1
1
1
1
1
1
1
1
1
1
1
1
1
1
1
1
1
1
1
1
1
1
1
1
1
1
0.999999
0.999997
0.999989
0.999971
0.999951
0.999912
0.999866
0.999786
0.999656
0.99934
0.998936
0.99847
0.997302
0.995479
0.995687
0.996372
0.996756
0.996827
0.996761
0.995511
0.984911
0.982403
0.98716
0.987845
0.986856
0.988519
0.993478
0.99513
0.993421
0.982283
0.979969
0.989201
0.990633
0.990362
0.991876
0.992929
0.993978
0.994499
0.995306
0.995592
0.995651
0.995255
0.994987
0.995386
0.996043
0.99627
0.995552
0.988696
0.955801
0.91291
0.870752
0.806747
0.739293
0.723126
0.762494
0.847473
0.917507
0.952515
0.967018
0.976727
0.983664
0.988854
0.992306
0.994493
0.995732
0.99635
0.996493
0.996332
0.995893
0.995118
0.993913
0.992153
0.989736
0.986599
0.982549
0.977464
0.971627
0.965832
0.961091
0.957827
0.955688
0.954405
0.953711
0.95337
0.953173
0.953077
0.952838
0.952335
0.951548
0.950389
0.948825
0.947052
0.944975
0.942425
0.938917
0.935132
0.931094
0.926935
0.921602
0.914636
0.905661
0.897863
0.889164
0.881374
0.870644
0.860538
0.842586
0.826241
0.806617
0.79622
0.777602
0.762534
0.725904
0.695271
0.64922
0.625998
0.581209
0.555244
0.502713
0.44184
0.371635
0.219434
1
1
1
1
1
1
1
1
1
1
1
1
1
1
1
1
1
1
1
1
1
1
1
1
1
1
1
1
1
1
1
1
1
1
1
1
1
1
1
1
1
1
1
1
1
1
1
1
1
1
1
1
1
1
1
1
1
1
0.999984
0.999927
0.999762
0.999655
0.999447
0.999301
0.998959
0.998629
0.997198
0.993264
0.991571
0.987937
0.979146
0.979161
0.980668
0.987582
0.989612
0.976477
0.977463
0.979142
0.978039
0.981238
0.988615
0.990922
0.990291
0.991893
0.994198
0.994568
0.991573
0.980019
0.978024
0.987728
0.991166
0.991366
0.991477
0.992405
0.992807
0.993516
0.993843
0.994161
0.994323
0.994708
0.995179
0.995726
0.996028
0.995635
0.993039
0.982508
0.953848
0.929215
0.892136
0.816124
0.728775
0.687917
0.711859
0.796579
0.865898
0.902816
0.921324
0.936195
0.947601
0.958265
0.96657
0.972644
0.976428
0.978264
0.97875
0.977709
0.97541
0.971788
0.966845
0.96049
0.952901
0.944446
0.935579
0.926869
0.919031
0.912554
0.907337
0.902858
0.898599
0.894152
0.889168
0.883395
0.876769
0.869394
0.861369
0.85279
0.843671
0.833996
0.823793
0.813118
0.801977
0.790464
0.778553
0.766215
0.752528
0.737195
0.72013
0.70187
0.682967
0.664597
0.64601
0.627768
0.608006
0.58755
0.563783
0.540002
0.512358
0.485377
0.452153
0.421887
0.384997
0.356324
0.319104
0.291979
0.249569
0.220521
0.175725
0.142359
0.104659
0.0484899
1
1
1
1
1
1
1
1
1
1
1
1
1
1
1
1
1
1
1
1
1
1
1
1
1
1
1
1
1
1
1
1
1
1
1
1
1
1
1
1
1
1
1
1
1
1
1
1
1
1
1
1
1
1
1
1
1
0.999988
0.9995
0.998438
0.997192
0.996814
0.996132
0.995532
0.994081
0.992747
0.976444
0.949762
0.947815
0.951459
0.962058
0.977018
0.981545
0.980737
0.962586
0.944679
0.952235
0.96394
0.968699
0.974549
0.984996
0.990491
0.992584
0.993127
0.99385
0.993193
0.987014
0.976678
0.975781
0.98469
0.991203
0.99179
0.992437
0.992947
0.993333
0.99373
0.994027
0.994425
0.994668
0.995036
0.995257
0.995364
0.994881
0.993249
0.98941
0.979686
0.966596
0.952806
0.922307
0.847656
0.744656
0.679676
0.673963
0.726225
0.790799
0.817025
0.832372
0.843359
0.852004
0.863497
0.874694
0.884178
0.890808
0.894259
0.893701
0.888445
0.880245
0.868798
0.854762
0.838291
0.820224
0.801653
0.784252
0.768431
0.754036
0.74069
0.727726
0.714532
0.700673
0.686043
0.670669
0.654734
0.63847
0.622047
0.605538
0.588941
0.572257
0.555512
0.538736
0.521899
0.504929
0.487752
0.47033
0.452723
0.435001
0.417238
0.399369
0.38147
0.363507
0.345502
0.327257
0.308906
0.290068
0.271107
0.251567
0.232313
0.212536
0.193682
0.17432
0.156816
0.138504
0.122699
0.105009
0.0903558
0.0728997
0.0598005
0.0438447
0.0328173
0.0215354
0.0082669
1
1
1
1
1
1
1
1
1
1
1
1
1
1
1
1
1
1
1
1
1
1
1
1
1
1
1
1
1
1
1
1
1
1
1
1
1
1
1
1
1
1
1
1
1
1
1
1
1
1
1
1
1
1
1
1
0.999999
0.9998
0.991204
0.989071
0.988917
0.988762
0.988702
0.988393
0.987181
0.985226
0.978956
0.95742
0.947709
0.948967
0.95714
0.958168
0.956958
0.947664
0.931943
0.926395
0.934308
0.954269
0.964841
0.972036
0.979185
0.983518
0.985968
0.987416
0.988064
0.986616
0.979087
0.973281
0.973688
0.982937
0.990542
0.991209
0.991386
0.991525
0.991586
0.991623
0.991496
0.991146
0.99061
0.989784
0.988321
0.986213
0.983075
0.978035
0.967985
0.94503
0.916048
0.890717
0.861056
0.807006
0.73407
0.676606
0.662339
0.683214
0.741854
0.757555
0.75718
0.752632
0.741489
0.729423
0.71813
0.703929
0.689236
0.677259
0.664243
0.649421
0.634584
0.617354
0.600534
0.583982
0.568707
0.55499
0.541975
0.529298
0.51666
0.503828
0.490583
0.476837
0.462596
0.447993
0.433144
0.418157
0.403116
0.388069
0.37304
0.358043
0.343097
0.328213
0.313413
0.2987
0.284084
0.269599
0.255286
0.241172
0.227256
0.213532
0.199983
0.186647
0.173543
0.160713
0.148119
0.135812
0.123788
0.112187
0.100962
0.0903111
0.08008
0.0705607
0.0614334
0.0531293
0.0450815
0.0379538
0.0309225
0.0250073
0.0191094
0.0145811
0.0100535
0.00695002
0.00426715
0.00150587
5.02964e-06
4.20838e-06
2.76e-06
1.41433e-06
6.61438e-07
2.91258e-07
1.22346e-07
4.9185e-08
1.89891e-08
7.06434e-09
2.53851e-09
8.81325e-10
2.96241e-10
9.63381e-11
3.04002e-11
9.28061e-12
2.75863e-12
7.93025e-13
2.23237e-13
6.07101e-14
1.63077e-14
4.2206e-15
1.09515e-15
2.7418e-16
6.07093e-17
0.000136923
9.2594e-05
5.6808e-05
3.19126e-05
1.65853e-05
8.07844e-06
3.72195e-06
1.6286e-06
6.78916e-07
2.70311e-07
1.02996e-07
3.76092e-08
1.31827e-08
4.44058e-09
1.44003e-09
4.49866e-10
1.35722e-10
3.95405e-11
1.11671e-11
3.05271e-12
8.1313e-13
2.1002e-13
5.32714e-14
1.32189e-14
2.76823e-15
0.00133818
0.000836166
0.000492471
0.000273867
0.00014364
7.12743e-05
3.35959e-05
1.50793e-05
6.45648e-06
2.64108e-06
1.03345e-06
3.87248e-07
1.39134e-07
4.79831e-08
1.59054e-08
5.0725e-09
1.55914e-09
4.62234e-10
1.32509e-10
3.67387e-11
9.89098e-12
2.58242e-12
6.58544e-13
1.64601e-13
3.42808e-14
0.00567357
0.00356943
0.00212409
0.00119839
0.00063987
0.000323596
0.000155411
7.10407e-05
3.09603e-05
1.28824e-05
5.12398e-06
1.95042e-06
7.11401e-07
2.48912e-07
8.3655e-08
2.7034e-08
8.41419e-09
2.5247e-09
7.31958e-10
2.05155e-10
5.57874e-11
1.47072e-11
3.78259e-12
9.53816e-13
1.99655e-13
0.0174031
0.0111884
0.00680339
0.00392109
0.00213971
0.00110555
0.00054188
0.000252517
0.000112078
4.74513e-05
1.91881e-05
7.41992e-06
2.74741e-06
9.75216e-07
3.32281e-07
1.08801e-07
3.4291e-08
1.04138e-08
3.05398e-09
8.65496e-10
2.37826e-10
6.33399e-11
1.64456e-11
4.18693e-12
8.82841e-13
0.0447798
0.0294559
0.0183275
0.0107993
0.00602369
0.00318016
0.00159134
0.000756326
0.000342065
0.000147451
6.06633e-05
2.38495e-05
8.9722e-06
3.23365e-06
1.118e-06
3.71244e-07
1.18589e-07
3.64828e-08
1.08323e-08
3.10673e-09
8.63472e-10
2.32515e-10
6.0999e-11
1.56941e-11
3.33494e-12
0.100119
0.0673143
0.0428253
0.0257872
0.0146937
0.00792226
0.00404604
0.00196108
0.000903818
0.000396737
0.000166103
6.64147e-05
2.53944e-05
9.29657e-06
3.26288e-06
1.09929e-06
3.56075e-07
1.11024e-07
3.33925e-08
9.69719e-09
2.72751e-09
7.43036e-10
1.9708e-10
5.1271e-11
1.09892e-11
0.193108
0.133808
0.0876056
0.0541506
0.0316054
0.0174278
0.00909138
0.00449572
0.00211184
0.000944062
0.000402246
0.000163575
6.35717e-05
2.36416e-05
8.42461e-06
2.88029e-06
9.46287e-07
2.9913e-07
9.11693e-08
2.68181e-08
7.63704e-09
2.10573e-09
5.64916e-10
1.48682e-10
3.21482e-11
0.329029
0.234685
0.158153
0.100535
0.0602756
0.0341004
0.018226
0.00922035
0.00442428
0.00201752
0.00087584
0.000362506
0.000143262
5.41342e-05
1.95872e-05
6.79541e-06
2.26419e-06
7.25518e-07
2.24036e-07
6.67427e-08
1.92397e-08
5.36838e-09
1.45662e-09
3.87781e-10
8.46074e-11
0.508917
0.37352
0.258869
0.169036
0.103974
0.0602885
0.0329996
0.0170826
0.00838031
0.00390344
0.00172919
0.000729608
0.000293643
0.000112887
4.15158e-05
1.46269e-05
4.94542e-06
1.60693e-06
5.02866e-07
1.5174e-07
4.42818e-08
1.2504e-08
3.43117e-09
9.2399e-10
2.0338e-10
0.725113
0.54739
0.389923
0.261464
0.164956
0.0979877
0.0548892
0.0290516
0.0145593
0.00692239
0.00312799
0.00134532
0.000551528
0.000215821
8.07335e-05
2.89112e-05
9.92822e-06
3.27424e-06
1.03918e-06
3.17826e-07
9.39415e-08
2.68536e-08
7.45419e-09
2.03048e-09
4.5097e-10
0.903986
0.741793
0.545302
0.37604
0.243417
0.14813
0.0849022
0.0459314
0.023506
0.0114029
0.00525292
0.00230154
0.000960546
0.0003824
0.000145438
5.2922e-05
1.84559e-05
6.17779e-06
1.98899e-06
6.16785e-07
1.84738e-07
5.34906e-08
1.50283e-08
4.14369e-09
9.28978e-10
0.96612
0.899716
0.712475
0.506579
0.336954
0.210152
0.123241
0.068133
0.0355951
0.0176115
0.00826787
0.00368886
0.0015666
0.0006342
0.000245119
9.05864e-05
3.20658e-05
1.08892e-05
3.5549e-06
1.1173e-06
3.39007e-07
9.94003e-08
2.82626e-08
7.88668e-09
1.78503e-09
0.986937
0.960171
0.863543
0.643644
0.440783
0.28191
0.16916
0.0955462
0.0509404
0.0256961
0.0122884
0.00558068
0.00241063
0.000991933
0.000389434
0.000146103
5.24719e-05
1.80694e-05
5.97877e-06
1.90371e-06
5.8489e-07
1.736e-07
4.99337e-08
1.40984e-08
3.22059e-09
0.994488
0.982386
0.938411
0.780464
0.548953
0.359876
0.220916
0.127443
0.0693105
0.035629
0.0173483
0.00801564
0.00352014
0.00147163
0.000586621
0.000223323
8.13406e-05
2.83927e-05
9.51778e-06
3.06902e-06
9.54411e-07
2.86629e-07
8.3372e-08
2.38057e-08
5.48707e-09
0.997431
0.991405
0.969017
0.881859
0.654987
0.440128
0.276292
0.162709
0.0902184
0.0472348
0.0234049
0.0109963
0.0049071
0.00208322
0.000842746
0.000325406
0.000120148
4.24925e-05
1.44252e-05
4.70854e-06
1.48153e-06
4.50034e-07
1.32322e-07
3.81977e-08
8.88075e-09
0.998671
0.995372
0.982796
0.93291
0.755116
0.518007
0.331896
0.199295
0.112549
0.0599602
0.0302071
0.0144192
0.00653317
0.00281431
0.00115457
0.00045186
0.000169013
6.05259e-05
2.07956e-05
6.86721e-06
2.18501e-06
6.70965e-07
1.99322e-07
5.81381e-08
1.36285e-08
0.999242
0.997265
0.98953
0.958236
0.832943
0.58925
0.385039
0.23537
0.135192
0.0731948
0.0374481
0.0181421
0.00833753
0.0036409
0.00151339
0.0005998
0.000227086
8.22786e-05
2.85893e-05
9.54418e-06
3.06868e-06
9.51947e-07
2.85529e-07
8.40978e-08
1.98671e-08
0.999528
0.998243
0.99309
0.971836
0.885143
0.65276
0.433533
0.269352
0.15712
0.0863385
0.0448077
0.0220076
0.0102484
0.00453253
0.00190714
0.000764783
0.000292837
0.000107263
3.76631e-05
1.27012e-05
4.12367e-06
1.29136e-06
3.90821e-07
1.16156e-07
2.76392e-08
0.999683
0.998784
0.995094
0.979593
0.915435
0.708167
0.476196
0.300066
0.177508
0.0988827
0.052002
0.0258703
0.0121968
0.00545875
0.00232326
0.000941946
0.000364503
0.000134878
4.7825e-05
1.62812e-05
5.33412e-06
1.68519e-06
5.14287e-07
1.54143e-07
3.69268e-08
0.999772
0.9991
0.996278
0.984222
0.933665
0.751688
0.512281
0.326895
0.195875
0.110512
0.0588466
0.029632
0.0141346
0.00639753
0.00275235
0.00112753
0.000440674
0.000164627
5.89102e-05
2.02327e-05
6.68506e-06
2.12936e-06
6.54911e-07
1.97834e-07
4.7693e-08
0.999826
0.999294
0.997011
0.987113
0.945154
0.784493
0.542112
0.350036
0.212291
0.12124
0.0653391
0.0332876
0.0160578
0.00734669
0.00319337
0.00132112
0.000521195
0.000196461
7.09068e-05
2.4554e-05
8.17696e-06
2.62442e-06
8.13004e-07
2.47372e-07
5.99845e-08
0.99986
0.999417
0.997484
0.989001
0.952742
0.809069
0.566722
0.370131
0.227133
0.131274
0.0715858
0.0368892
0.0179909
0.00831715
0.00365101
0.00152461
0.000606825
0.000230672
8.39228e-05
2.92842e-05
9.82351e-06
3.17504e-06
9.90111e-07
3.03264e-07
7.39327e-08
0.999883
0.999501
0.997809
0.990316
0.958107
0.828164
0.587794
0.388334
0.241148
0.141062
0.0778379
0.0405685
0.0199987
0.00933908
0.00413852
0.00174357
0.000699772
0.000268098
9.82645e-05
3.45306e-05
1.1661e-05
3.79306e-06
1.18997e-06
3.66675e-07
8.98265e-08
0.999899
0.999563
0.99806
0.991361
0.962472
0.844937
0.607968
0.406593
0.25565
0.151418
0.084563
0.0445756
0.0222065
0.0104713
0.00468205
0.00198898
0.000804434
0.000310418
0.000114543
4.0507e-05
1.37611e-05
4.50173e-06
1.41986e-06
4.39843e-07
1.08214e-07
0.999913
0.999619
0.998294
0.992376
0.966827
0.862719
0.630866
0.427631
0.272514
0.163524
0.0924473
0.0492809
0.0248012
0.0118026
0.00532125
0.00227763
0.000927557
0.000360214
0.000133704
4.75446e-05
1.62356e-05
5.33727e-06
1.6911e-06
5.26251e-07
1.29945e-07
0.999927
0.999678
0.998557
0.993552
0.971966
0.884059
0.662052
0.455207
0.294355
0.179042
0.102464
0.0552135
0.0280514
0.0134609
0.00611368
0.00263402
0.00107904
0.000421292
0.000157146
5.61354e-05
1.92505e-05
6.35368e-06
2.02062e-06
6.31107e-07
1.56292e-07
0.999944
0.999754
0.998901
0.99511
0.978799
0.912319
0.712472
0.497722
0.327206
0.201964
0.117046
0.0637485
0.0326822
0.0158046
0.00722601
0.00313137
0.00128936
0.000505728
0.000189426
6.79251e-05
2.33754e-05
7.74066e-06
2.46917e-06
7.73543e-07
1.92017e-07
0.999963
0.99984
0.999293
0.99689
0.986609
0.944532
0.790699
0.564738
0.377837
0.236712
0.138874
0.0763981
0.0394917
0.0192294
0.00884321
0.00385141
0.00159279
0.000627164
0.000235728
8.4796e-05
2.92657e-05
9.7174e-06
3.10736e-06
9.75853e-07
2.42688e-07
0.999979
0.999911
0.999613
0.998324
0.992831
0.970106
0.879967
0.656095
0.446583
0.28348
0.168037
0.0932082
0.0485056
0.02375
0.0109734
0.00479837
0.00199135
0.000786516
0.000296434
0.000106899
3.69774e-05
1.23038e-05
3.94182e-06
1.24023e-06
3.08864e-07
0.99999
0.999956
0.999811
0.999189
0.996521
0.985232
0.938968
0.770224
0.531497
0.341111
0.204021
0.113995
0.0596827
0.0293732
0.0136319
0.00598407
0.00249197
0.000987272
0.000373125
0.000134893
4.67665e-05
1.55937e-05
5.00524e-06
1.57772e-06
3.93453e-07
0.999995
0.999979
0.999909
0.999608
0.998288
0.992502
0.967755
0.866604
0.621518
0.404046
0.243919
0.137328
0.072369
0.035821
0.016709
0.00736837
0.00308108
0.00122523
0.00046463
0.000168495
5.85821e-05
1.95847e-05
6.30124e-06
1.99086e-06
4.97363e-07
0.999997
0.999989
0.999953
0.999793
0.999069
0.995766
0.981024
0.918515
0.708202
0.464418
0.283097
0.160753
0.0853542
0.0425354
0.0199634
0.00885303
0.00372095
0.00148667
0.000566222
0.000206159
7.19417e-05
2.41335e-05
7.78928e-06
2.46854e-06
6.18206e-07
0.999998
0.999993
0.999972
0.999873
0.999412
0.997236
0.987194
0.943339
0.772621
0.514842
0.317012
0.18165
0.097254
0.0488371
0.0230833
0.0103037
0.00435692
0.00175054
0.000670199
0.000245199
8.59516e-05
2.89548e-05
9.38211e-06
2.98479e-06
7.49831e-07
0.999999
0.999995
0.999979
0.999907
0.99956
0.997892
0.990052
0.955198
0.812068
0.550527
0.342461
0.198009
0.106916
0.0541203
0.0257732
0.0115855
0.00493125
0.00199351
0.000767621
0.000282358
9.94796e-05
3.36719e-05
1.09595e-05
3.50196e-06
8.82989e-07
0.999999
0.999996
0.999982
0.99992
0.99962
0.998163
0.991268
0.960395
0.831896
0.571184
0.358493
0.209003
0.113766
0.0580356
0.0278426
0.0126035
0.00540007
0.00219665
0.000850819
0.000314697
0.000111456
3.79132e-05
1.23984e-05
3.98036e-06
1.00757e-06
0.999999
0.999996
0.999984
0.999925
0.999642
0.998261
0.9917
0.962289
0.839757
0.580809
0.366942
0.215381
0.118045
0.060629
0.029279
0.0133376
0.00574917
0.00235211
0.000916027
0.000340583
0.000121225
4.14321e-05
1.36108e-05
4.38935e-06
1.11543e-06
0.999999
0.999997
0.999985
0.99993
0.999658
0.998313
0.99189
0.963061
0.843077
0.585743
0.371826
0.219374
0.120873
0.0624089
0.0302938
0.0138687
0.00600681
0.0024689
0.000965803
0.000360637
0.000128899
4.42328e-05
1.45878e-05
4.72326e-06
1.20438e-06
0.999999
0.999998
0.999988
0.999941
0.999696
0.998453
0.992435
0.965242
0.851766
0.595796
0.379659
0.224805
0.124285
0.064376
0.0313434
0.0143912
0.00625089
0.00257644
0.00101067
0.000378433
0.000135628
4.66689e-05
1.54326e-05
5.01081e-06
1.28087e-06
0.999999
0.999998
0.999992
0.999957
0.999764
0.998751
0.993725
0.970659
0.873432
0.62286
0.39829
0.236546
0.131019
0.0679412
0.0331037
0.0152078
0.00660901
0.00272559
0.00106989
0.00040092
0.000143818
4.95379e-05
1.63994e-05
5.33189e-06
1.36448e-06
0.999999
0.999999
0.999995
0.999974
0.999851
0.999166
0.99565
0.979051
0.907423
0.679215
0.435926
0.259674
0.143956
0.0746069
0.0363009
0.0166471
0.00722096
0.00297255
0.00116486
0.000435853
0.000156138
5.37229e-05
1.77677e-05
5.77271e-06
1.47643e-06
0.999999
0.999999
0.999997
0.999986
0.99992
0.999538
0.997501
0.987502
0.942626
0.76574
0.498974
0.298766
0.165915
0.0859479
0.0417454
0.0190972
0.00826088
0.00339096
0.00132509
0.000494471
0.000176688
6.0648e-05
2.00125e-05
6.48863e-06
1.65627e-06
0.999998
0.999998
0.999997
0.99999
0.999953
0.999738
0.998581
0.992759
0.96565
0.849411
0.575455
0.348918
0.195001
0.101334
0.0492778
0.0225421
0.00974329
0.00399442
0.00155851
0.000580577
0.000207077
7.09502e-05
2.33687e-05
7.56282e-06
1.92711e-06
0.999995
0.999995
0.999994
0.999989
0.999961
0.999809
0.998999
0.994874
0.975254
0.889365
0.633839
0.388602
0.219773
0.115335
0.0565368
0.0260302
0.0113088
0.00465482
0.00182177
0.000680212
0.000243031
8.33634e-05
2.74784e-05
8.89698e-06
2.26744e-06
0.999985
0.999985
0.999984
0.999979
0.999954
0.999818
0.999108
0.995502
0.97822
0.901858
0.657427
0.405209
0.230605
0.121834
0.0601414
0.0278881
0.0122029
0.00505828
0.00199318
0.000749034
0.000269254
9.28853e-05
3.07806e-05
1.00158e-05
2.56369e-06
0.999951
0.999949
0.999947
0.999942
0.999918
0.999786
0.999085
0.995524
0.978513
0.903488
0.661211
0.408258
0.232771
0.123224
0.0609619
0.0283386
0.0124342
0.00516971
0.0020437
0.000770654
0.000278023
9.62563e-05
3.20162e-05
1.0458e-05
2.68676e-06
0.999807
0.999803
0.999808
0.999808
0.999788
0.999655
0.998934
0.995264
0.977783
0.900958
0.656728
0.405652
0.231377
0.122523
0.060627
0.0281864
0.0123687
0.00514319
0.00203362
0.000767068
0.000276833
9.58975e-05
3.19201e-05
1.04359e-05
2.68409e-06
0.999167
0.999193
0.9993
0.999336
0.999321
0.999172
0.998359
0.994323
0.975439
0.893345
0.643827
0.397845
0.227004
0.120251
0.059519
0.0276754
0.0121447
0.00504959
0.00199631
0.000752854
0.000271649
9.40752e-05
3.13059e-05
1.0232e-05
2.63192e-06
0.996358
0.996882
0.997443
0.997606
0.997586
0.997335
0.996158
0.990978
0.968268
0.872549
0.61357
0.379273
0.216274
0.114531
0.0566793
0.0263514
0.0115614
0.0048058
0.0018992
0.000715885
0.00025815
8.93416e-05
2.97095e-05
9.70181e-06
2.49475e-06
0.985812
0.98873
0.990731
0.991146
0.991018
0.990214
0.987511
0.978315
0.943734
0.808537
0.548406
0.337491
0.191682
0.101222
0.0499872
0.0232007
0.0101637
0.00421881
0.00166478
0.00062659
0.000225587
7.79397e-05
2.58734e-05
8.43215e-06
2.16724e-06
0.951636
0.962305
0.967769
0.968183
0.96721
0.96368
0.954772
0.930907
0.85543
0.645683
0.42525
0.257635
0.144618
0.075692
0.0371248
0.0171377
0.00747359
0.00308992
0.00121486
0.000455709
0.000163525
5.63258e-05
1.86446e-05
6.05852e-06
1.55655e-06
0.855578
0.886172
0.896312
0.895364
0.889316
0.874475
0.843315
0.763658
0.585533
0.40262
0.254484
0.149348
0.0818457
0.0420556
0.0203316
0.00927826
0.00400878
0.00164501
0.000642838
0.000239972
8.57821e-05
2.94657e-05
9.73629e-06
3.16053e-06
8.14441e-07
0.63926
0.698941
0.703793
0.694216
0.664574
0.607599
0.516191
0.398233
0.280593
0.18255
0.110531
0.062619
0.0333203
0.0167045
0.00791204
0.00355026
0.00151316
0.000614221
0.000238043
8.83207e-05
3.14456e-05
1.07795e-05
3.56175e-06
1.15817e-06
3.00677e-07
0.259514
0.330176
0.335482
0.326527
0.304257
0.258547
0.20181
0.144643
0.0958655
0.0592153
0.0342946
0.0187006
0.00963213
0.0046983
0.00217549
0.000958324
0.000402579
0.000161604
6.21464e-05
2.29404e-05
8.15051e-06
2.79465e-06
9.26407e-07
3.02938e-07
7.9655e-08
0.0801964
0.116539
0.117171
0.111932
0.0991686
0.0779814
0.056296
0.0376014
0.0234456
0.013748
0.00761916
0.00400302
0.00199866
0.000950025
0.00043079
0.000186616
7.7425e-05
3.07968e-05
1.17829e-05
4.33838e-06
1.54377e-06
5.31346e-07
1.77563e-07
5.86894e-08
1.57237e-08
0.0205308
0.0318733
0.0310885
0.0284077
0.0229883
0.0167532
0.0112337
0.00702159
0.00413881
0.00231626
0.00123509
0.00062846
0.000305656
0.000142226
6.34399e-05
2.71426e-05
1.11717e-05
4.42325e-06
1.69158e-06
6.24379e-07
2.23663e-07
7.76809e-08
2.63228e-08
8.84483e-09
2.42873e-09
0.00495456
0.00718745
0.00675047
0.0058079
0.0043484
0.00294479
0.00185142
0.00109904
0.000619099
0.000333119
0.000171851
8.51178e-05
4.05204e-05
1.85515e-05
8.17975e-06
3.47564e-06
1.42628e-06
5.65526e-07
2.17403e-07
8.0979e-08
2.93942e-08
1.03794e-08
3.59346e-09
1.23718e-09
3.50913e-10
)
;

boundaryField
{
    inlet
    {
        type            fixedValue;
        value           uniform 1;
    }
    outlet
    {
        type            inletOutlet;
        inletValue      uniform 0;
        value           nonuniform List<scalar> 
57
(
6.07093e-17
2.76823e-15
3.42808e-14
1.99655e-13
8.82841e-13
3.33494e-12
1.09892e-11
3.21482e-11
8.46074e-11
2.0338e-10
4.5097e-10
9.28978e-10
1.78503e-09
3.22059e-09
5.48707e-09
8.88075e-09
1.36285e-08
1.98671e-08
2.76392e-08
3.69268e-08
4.7693e-08
5.99845e-08
7.39327e-08
8.98265e-08
1.08214e-07
1.29945e-07
1.56292e-07
1.92017e-07
2.42688e-07
3.08864e-07
3.93453e-07
4.97363e-07
6.18206e-07
7.49831e-07
8.82989e-07
1.00757e-06
1.11543e-06
1.20438e-06
1.28087e-06
1.36448e-06
1.47643e-06
1.65627e-06
1.92711e-06
2.26744e-06
2.56369e-06
2.68676e-06
2.68409e-06
2.63192e-06
2.49475e-06
2.16724e-06
1.55655e-06
8.14441e-07
3.00677e-07
7.9655e-08
1.57237e-08
2.42873e-09
3.50913e-10
)
;
    }
    upperWall
    {
        type            zeroGradient;
    }
    lowerWall
    {
        type            zeroGradient;
    }
    frontAndBack
    {
        type            empty;
    }
}


// ************************************************************************* //
