/*--------------------------------*- C++ -*----------------------------------*\
  =========                 |
  \\      /  F ield         | OpenFOAM: The Open Source CFD Toolbox
   \\    /   O peration     | Website:  https://openfoam.org
    \\  /    A nd           | Version:  9
     \\/     M anipulation  |
\*---------------------------------------------------------------------------*/
FoamFile
{
    format      ascii;
    class       volScalarField;
    location    "0.07";
    object      pPrime2Mean;
}
// * * * * * * * * * * * * * * * * * * * * * * * * * * * * * * * * * * * * * //

dimensions      [0 4 -4 0 0 0 0];

internalField   nonuniform List<scalar> 
12225
(
299329
296362
293001
289398
285655
281852
278042
274258
270520
266837
263211
259635
256097
252575
249037
245422
241612
237327
299355
296388
293023
289415
285669
281864
278053
274268
270530
266848
263222
259648
256113
252598
249069
245474
241717
237629
299429
296448
293071
289454
285701
281891
278076
274290
270552
266871
263248
259678
256150
252646
249138
245583
241920
238091
299528
296547
293151
289518
285754
281936
278116
274327
270588
266909
263290
259727
256211
252726
249250
245754
242210
238633
299701
296695
293269
289613
285832
282002
278175
274382
270642
266965
263351
259799
256300
252841
249408
245985
242571
239215
299992
296903
293432
289744
285940
282094
278256
274457
270716
267041
263436
259897
256419
252994
249612
246272
242988
239816
300371
297179
293648
289918
286082
282214
278362
274556
270813
267142
263546
260024
256572
253186
249863
246609
243447
240430
300822
297532
293927
290141
286265
282369
278499
274683
270937
267270
263686
260183
256762
253419
250159
246991
243940
241050
301401
297977
294277
290420
286493
282563
278670
274841
271091
267429
263857
260377
256988
253693
250497
247412
244461
241677
302083
298522
294706
290764
286774
282799
278878
275033
271278
267620
264063
260607
257254
254007
250874
247866
245003
242308
302907
299183
295229
291180
287112
283084
279129
275264
271502
267848
264305
260874
257558
254360
251288
248351
245565
242944
303789
299916
295802
291633
287480
283394
279400
275514
271743
268092
264562
261155
257872
254717
251697
248819
246094
243531
304931
300765
296456
292147
287896
283743
279705
275794
272013
268364
264846
261462
258212
255098
252125
249300
246629
244116
306484
301904
297319
292819
288438
284197
280102
276158
272361
268713
265209
261849
258634
255563
252640
249868
247249
244785
308552
303401
298439
293687
289136
284779
280612
276623
272807
269156
265665
262331
259151
256124
253250
250529
247961
245543
311250
305332
299858
294778
290007
285508
281249
277206
273363
269706
266227
262917
259772
256787
253960
251287
248764
246388
314501
307606
301524
296058
291037
286375
282012
277908
274034
270369
266899
263612
260499
257553
254767
252136
249654
247315
317912
309964
303259
297405
292137
287318
282858
278697
274795
271125
267664
264399
261315
258403
255654
253059
250612
248304
320505
311698
304566
298478
293075
288174
283668
279484
275578
271916
268474
265233
262178
259298
256581
254018
251600
249318
318838
311164
304517
298665
293391
288571
284119
279978
276108
272478
269065
265853
262826
259972
257280
254740
252342
250077
316990
310090
303958
298427
293356
288668
284305
280227
276404
272811
269429
266243
263239
260404
257729
255204
252819
250566
315109
308925
303270
298052
293186
288636
284368
280357
276582
273026
269673
266509
263524
260706
258045
255532
253156
250912
313351
307822
302592
297654
292976
288551
284369
280419
276687
273163
269835
266691
263721
260916
258265
255760
253393
251154
311856
306890
302017
297308
292782
288460
284347
280445
276749
273251
269942
266813
263856
261060
258417
255919
253557
251322
310747
306175
301568
297033
292623
288378
284320
280455
276785
273307
270012
266895
263946
261158
258521
256027
253669
251437
309904
305647
301240
296831
292504
288315
284296
280458
276807
273342
270058
266949
264006
261223
258590
256099
253743
251514
309315
305280
301013
296692
292422
288271
284277
280457
276819
273364
270087
266983
264044
261264
258634
256145
253791
251563
308874
305041
300870
296604
292370
288243
284265
280456
276827
273377
270104
267003
264067
261289
258660
256173
253820
251593
308635
304908
300790
296556
292341
288228
284258
280456
276830
273383
270113
267014
264080
261302
258675
256188
253836
251609
308517
304852
300758
296536
292330
288221
284255
280455
276832
273386
270117
267018
264085
261308
258680
256194
253842
251616
200929
200909
200873
200823
200759
200682
200590
200479
200347
200192
200014
199813
199590
199349
199088
198810
198514
198200
197869
197521
197155
196773
196374
195959
195527
195078
194609
194121
193614
193090
192549
191991
191417
190825
190217
189593
188957
188310
187652
186982
186302
185609
184901
184173
183423
182652
181863
181054
180231
179396
178546
177682
176809
175925
175031
174133
173240
172335
171409
170466
169516
168565
167614
166662
165705
164738
163760
162772
161776
160757
159709
158635
157540
156426
155298
154162
153022
151883
150748
149623
148505
147391
146274
145151
144026
142890
141759
140629
139492
138320
137117
135920
134746
133599
132473
131357
130242
129118
127977
126812
125619
124392
123131
121834
120503
119144
117761
116362
114953
113543
112136
110739
109355
107986
106630
105288
103957
102637
101324
100018
98715.6
97416.8
96120
94824.2
93529
92233.9
90938.9
89644.1
88349.5
87055.5
85762
84469.4
83177.5
81886.5
80596.3
79306.8
78017.9
76729.5
75441.6
74154.1
72867
71580.3
70294.1
69008.5
67723.5
66439.3
65156
63873.8
62592.8
61313.5
60035.9
58760.4
57487.3
56217
54950.4
53689
52434.1
51186.3
49946.1
48713.7
47488.3
46267.4
45050.3
43841.2
42641.5
41449.1
40265.7
39094.3
37932.9
36780.8
35640
34507.9
33384.6
32272.3
31171.1
30082.3
29005.5
27943.4
26898.9
25881.8
200985
200965
200930
200878
200814
200736
200641
200527
200391
200233
200053
199852
199631
199390
199132
198855
198560
198247
197916
197566
197198
196813
196411
195992
195556
195104
194632
194143
193635
193111
192570
192011
191437
190846
190239
189616
188977
188328
187668
186995
186309
185610
184898
184170
183421
182650
181856
181036
180204
179363
178508
177641
176768
175889
175003
174104
173200
172290
171363
170428
169487
168545
167601
166654
165700
164737
163761
162766
161758
160734
159684
158615
157530
156420
155292
154156
153011
151872
150738
149610
148495
147383
146269
145152
144028
142897
141754
140603
139444
138264
137072
135891
134733
133598
132479
131368
130255
129133
127993
126830
125636
124410
123148
121850
120519
119158
117774
116374
114964
113552
112144
110746
109361
107991
106635
105292
103961
102640
101327
100020
98718.1
97419.1
96122.1
94826.2
93530.9
92235.7
90940.7
89645.8
88351.2
87057.1
85763.6
84470.9
83179.1
81888.1
80597.9
79308.4
78019.5
76731.2
75443.4
74155.8
72868.8
71582.1
70296
69010.4
67725.5
66441.3
65158.1
63876
62595.3
61316.1
60038.8
58763.7
57491.1
56221.4
54955.6
53695
52440.7
51193.5
49953.1
48719.9
47492.6
46269.8
45052.2
43844.3
42645.7
41452.8
40269.3
39097.6
37935.8
36784.2
35643.7
34511.9
33388.9
32276.2
31174.6
30085
29007.2
27943.7
26896.9
25873.2
201137
201119
201083
201029
200958
200871
200766
200643
200499
200336
200153
199952
199732
199494
199237
198961
198667
198353
198019
197666
197294
196904
196496
196071
195629
195169
194694
194201
193692
193167
192624
192066
191492
190901
190295
189673
189036
188385
187722
187046
186355
185652
184936
184202
183449
182670
181870
181048
180207
179353
178490
177617
176741
175862
174973
174076
173169
172255
171334
170409
169480
168547
167609
166664
165707
164737
163752
162753
161739
160714
159670
158608
157525
156418
155288
154147
152999
151853
150718
149593
148481
147375
146268
145156
144030
142890
141728
140554
139373
138192
137018
135858
134718
133595
132484
131379
130271
129152
128015
126854
125663
124438
123177
121879
120547
119185
117799
116396
114984
113570
112160
110760
109374
108002
106645
105301
103970
102648
101334
100026
98723.7
97424.1
96126.7
94830.5
93534.9
92239.6
90944.4
89649.4
88354.7
87060.5
85767
84474.3
83182.4
81891.4
80601.2
79311.7
78022.9
76734.6
75446.8
74159.3
72872.3
71585.7
70299.7
69014.1
67729.3
66445.2
65162.1
63880.2
62599.6
61320.7
60043.7
58769
57496.8
56227.7
54962.6
53702.4
52448.1
51200.3
49959.2
48725.1
47497.3
46275.4
45059.4
43850.7
42650.3
41457.7
40275
39103.5
37942.3
36791.5
35651.7
34520.8
33397.8
32284.5
31182.2
30091
29011.3
27944.8
26893.5
25861.5
201358
201341
201304
201247
201171
201077
200965
200835
200686
200519
200334
200131
199910
199671
199413
199135
198837
198518
198180
197821
197443
197046
196631
196198
195748
195282
194800
194303
193791
193265
192723
192167
191594
191005
190400
189779
189142
188491
187824
187145
186453
185748
185029
184294
183536
182749
181936
181101
180247
179381
178506
177625
176742
175855
174962
174062
173158
172250
171339
170423
169502
168573
167635
166685
165719
164737
163740
162732
161716
160691
159655
158600
157520
156413
155283
154134
152980
151832
150698
149577
148469
147365
146259
145140
144008
142852
141676
140490
139307
138133
136972
135828
134702
133590
132489
131391
130289
129175
128042
126885
125697
124475
123216
121919
120586
119222
117833
116428
115013
113596
112184
110781
109392
108018
106660
105315
103982
102660
101345
100036
98732.4
97432.1
96134
94837.2
93541.1
92245.4
90950
89654.7
88359.9
87065.7
85772.1
84479.3
83187.5
81896.5
80606.3
79316.9
78028.2
76739.9
75452.1
74164.7
72877.8
71591.3
70305.3
69019.8
67735
66451
65168
63886.2
62605.9
61327.2
60050.5
58776.1
57504.4
56235.9
54971.3
53711.4
52457
51208.8
49967
48731.7
47502.9
46280.6
45064.4
43855.6
42655.6
41464.3
40281.9
39111
37951.4
36802.4
35664.4
34534.8
33412.2
32298.1
31194.8
30101.8
29018.7
27948
26890.9
25849.9
201651
201632
201592
201532
201453
201356
201241
201107
200954
200784
200595
200387
200161
199915
199651
199365
199060
198733
198386
198019
197632
197226
196803
196362
195904
195431
194943
194440
193925
193396
192856
192302
191734
191149
190548
189930
189294
188642
187975
187295
186605
185902
185184
184446
183682
182886
182060
181207
180335
179449
178555
177657
176760
175863
174964
174064
173162
172259
171353
170442
169524
168598
167660
166707
165736
164747
163745
162734
161717
160693
159659
158606
157526
156418
155285
154138
152983
151835
150698
149577
148468
147361
146247
145119
143971
142802
141617
140430
139251
138084
136933
135800
134684
133583
132491
131401
130306
129198
128071
126919
125736
124518
123261
121965
120631
119265
117874
116466
115049
113629
112214
110808
109416
108040
106680
105334
104000
102676
101359
100049
98744.5
97443
96144
94846.4
93549.7
92253.4
90957.6
89662.1
88367.1
87072.7
85779.1
84486.3
83194.5
81903.6
80613.5
79324.3
78035.7
76747.5
75459.7
74172.4
72885.5
71599.1
70313.2
69027.8
67743
66459
65176
63894.4
62614.1
61335.6
60059.1
58785.1
57513.8
56245.8
54981.6
53722
52467.7
51219.1
49976.7
48740.6
47510.9
46287.7
45070.9
43861.2
42660.5
41468.7
40286.7
39116.3
37958.3
36812.3
35677.5
34549.8
33427.8
32314.2
31210.6
30116
29029.6
27953.9
26889.7
25839.3
202019
201996
201953
201891
201809
201709
201591
201454
201298
201122
200927
200713
200479
200225
199950
199654
199337
198999
198640
198261
197863
197446
197012
196561
196094
195613
195117
194609
194088
193557
193015
192463
191897
191318
190721
190107
189473
188821
188154
187475
186785
186082
185362
184620
183848
183042
182201
181329
180434
179524
178606
177686
176771
175864
174962
174062
173163
172263
171360
170453
169539
168617
167682
166734
165768
164786
163790
162784
161769
160744
159707
158649
157566
156457
155325
154177
153024
151876
150739
149614
148497
147378
146251
145107
143943
142761
141570
140382
139205
138042
136896
135770
134663
133571
132488
131407
130320
129219
128098
126951
125774
124561
123308
122014
120681
119313
117919
116508
115089
113667
112249
110840
109444
108066
106704
105356
104021
102695
101377
100066
98759.6
97456.9
96156.6
94858
93560.4
92263.6
90967.2
89671.4
88376.1
87081.6
85788
84495.3
83203.6
81912.8
80623
79334
78045.5
76757.5
75469.9
74182.7
72895.8
71609.4
70323.5
69038.2
67753.4
66469.3
65186.2
63904.5
62624.4
61346
60069.7
58796
57525
56257.4
54993.6
53734.3
52480.1
51231.4
49988.6
48751.8
47521.3
46297.2
45079.7
43869.2
42667
41474
40290.8
39119.5
37961.5
36817.1
35684.9
34560.2
33440.7
32328.8
31226.1
30131
29042
27961.8
26890.5
25830.6
202457
202434
202389
202325
202243
202142
202020
201878
201716
201534
201331
201108
200863
200597
200309
199999
199668
199316
198943
198550
198139
197709
197261
196798
196321
195830
195326
194810
194284
193747
193201
192646
192080
191501
190906
190292
189659
189008
188341
187661
186970
186264
185539
184791
184011
183194
182339
181450
180535
179602
178660
177718
176785
175868
174962
174063
173168
172273
171375
170472
169564
168647
167721
166781
165828
164859
163877
162881
161873
160849
159808
158744
157658
156547
155416
154269
153116
151966
150825
149692
148563
147429
146282
145119
143936
142739
141540
140348
139168
138005
136863
135741
134639
133553
132478
131404
130325
129231
128118
126978
125808
124601
123353
122063
120730
119361
117964
116551
115130
113707
112286
110875
109477
108096
106732
105382
104045
102718
101399
100086
98777.6
97473.3
96171.8
94872
93573.5
92275.9
90979
89682.8
88387.3
87092.6
85799
84506.4
83214.8
81924.4
80634.9
79346.2
78058.1
76770.4
75483
74195.9
72909.1
71622.7
70336.9
69051.5
67766.6
66482.3
65199
63917.2
62636.9
61358.5
60082.4
58808.8
57538.2
56270.9
55007.4
53748.5
52494.5
51245.8
50002.7
48765.4
47534.3
46309.5
45091.2
43879.9
42676.3
41481.7
40296.8
39123.2
37963
36817.5
35685.9
34563.6
33447.6
32338.9
31238.7
30144.8
29054.7
27970.7
26892.6
25824
202978
202954
202910
202846
202760
202653
202526
202376
202205
202013
201799
201563
201305
201023
200720
200394
200047
199680
199292
198885
198459
198016
197555
197079
196590
196089
195576
195052
194517
193973
193420
192857
192286
191702
191103
190486
189851
189200
188534
187854
187161
186453
185724
184969
184181
183354
182485
181579
180644
179689
178723
177758
176809
175883
174976
174079
173187
172297
171406
170510
169609
168701
167784
166858
165919
164967
163998
163014
162012
160990
159947
158882
157794
156683
155553
154409
153258
152106
150959
149815
148669
147514
146344
145155
143950
142737
141527
140326
139141
137975
136832
135712
134612
133530
132459
131391
130318
129231
128125
126993
125831
124631
123390
122104
120773
119404
118007
116592
115169
113745
112324
110911
109512
108128
106762
105411
104073
102744
101422
100108
98798
97492.2
96189.2
94888.2
93588.7
92290.3
90992.9
89696.3
88400.6
87105.9
85812.2
84519.8
83228.5
81938.5
80649.5
79361.3
78073.7
76786.5
75499.4
74212.6
72925.9
71639.6
70353.7
69068.2
67783.1
66498.4
65214.6
63932.3
62652
61373.5
60097.3
58823.9
57553.6
56286.5
55023.4
53764.8
52511
51262.4
50019.2
48781.6
47549.9
46324.4
45105.4
43893.2
42688.7
41492.6
40305.7
39129.7
37966
36816.6
35682.1
34559.4
33445.8
32341.4
31245.2
30154.4
29065.1
27978.9
26895.4
25818.9
203592
203567
203520
203451
203359
203244
203107
202947
202764
202559
202331
202079
201804
201507
201186
200845
200482
200099
199696
199274
198833
198376
197902
197413
196912
196400
195877
195344
194799
194245
193682
193110
192528
191934
191327
190704
190066
189415
188751
188074
187383
186675
185944
185183
184386
183548
182665
181740
180782
179802
178810
177825
176861
175927
175016
174119
173231
172346
171461
170574
169683
168784
167879
166964
166038
165099
164143
163168
162173
161156
160114
159049
157961
156852
155725
154584
153435
152281
151128
149971
148806
147627
146430
145214
143985
142753
141530
140319
139125
137953
136806
135684
134584
133503
132434
131368
130298
129216
128116
126993
125839
124648
123414
122133
120806
119438
118041
116627
115204
113781
112360
110947
109546
108162
106795
105442
104102
102771
101448
100132
98820.5
97513.1
96208.8
94906.6
93606
92306.9
91008.9
89711.9
88416.1
87121.4
85827.9
84535.8
83244.9
81955.5
80667
79379.6
78092.7
76806.2
75519.8
74233.2
72946.8
71660.8
70375.1
69089.4
67803.9
66518.6
65234.3
63951.4
62670.5
61391.6
60115.1
58841.8
57571.7
56304.8
55042
53783.7
52530.1
51281.6
50038.2
48800.3
47568.1
46341.9
45122.1
43909
42703.6
41506.2
40317.7
39139.3
37972.2
36818.1
35678.2
34551.6
33437.4
32335.2
31242.7
30155.6
29069
27983.3
26897.1
25814
204294
204267
204216
204141
204041
203916
203768
203595
203398
203178
202933
202665
202374
202059
201722
201364
200985
200585
200166
199729
199274
198803
198316
197815
197303
196780
196246
195702
195147
194582
194007
193422
192827
192221
191603
190972
190330
189678
189016
188344
187657
186951
186219
185453
184646
183793
182890
181942
180959
179952
178934
177928
176951
176008
175092
174194
173307
172426
171548
170667
169783
168894
167997
167091
166175
165246
164301
163337
162350
161338
160300
159237
158150
157042
155916
154777
153630
152477
151318
150149
148965
147761
146536
145291
144037
142788
141550
140326
139121
137941
136788
135661
134559
133476
132405
131338
130268
129189
128094
126977
125832
124649
123422
122146
120822
119458
118063
116651
115231
113810
112391
110979
109579
108195
106827
105474
104132
102800
101476
100158
98844.9
97536.1
96230.4
94927
93625.4
92325.4
91026.9
89729.7
88433.8
87139.2
85846.1
84554.5
83264.4
81975.7
80688.3
79402
78116.2
76830.7
75545.2
74259.3
72973.5
71687.7
70402.1
69116.3
67830.2
66544.1
65258.7
63975.1
62693.3
61413.6
60136.6
58863.3
57593.3
56326.5
55063.7
53805.5
52552.2
51303.5
50059.8
48821.5
47588.8
46361.9
45141.3
43927.4
42720.9
41522.4
40332.6
39152.1
37982
36823.4
35677.7
34545.4
33426.8
32323.1
31231.9
30147.6
29064
27980.5
26894.1
25807.3
205087
205058
205002
204920
204811
204677
204517
204331
204121
203885
203625
203341
203033
202702
202348
201974
201578
201162
200728
200275
199805
199320
198820
198307
197784
197250
196706
196151
195585
195008
194420
193820
193209
192588
191956
191314
190664
190008
189344
188672
187987
187281
186546
185773
184953
184083
183156
182182
181172
180137
179094
178069
177078
176126
175205
174303
173417
172539
171663
170786
169906
169020
168128
167229
166320
165399
164464
163509
162530
161525
160493
159432
158346
157238
156111
154973
153827
152674
151512
150335
149135
147910
146658
145386
144108
142841
141589
140351
139134
137945
136784
135651
134543
133454
132377
131306
130233
129153
128060
126949
125810
124634
123411
122139
120819
119459
118070
116663
115248
113830
112415
111006
109609
108227
106860
105506
104163
102830
101504
100185
98871
97560.9
96253.9
94949.4
93646.9
92346.1
91047.1
89749.8
88453.9
87159.7
85867.2
84576.5
83287.5
82000.2
80714.4
79429.7
78145.7
76861.8
75577.5
74292.4
73007.1
71721.9
70436.5
69150.5
67863.7
66576.3
65289.6
64004.7
62721.7
61440.7
60163
58889.1
57619.1
56352.2
55089.2
53831
52577.5
51328.5
50084.4
48845.6
47612.2
46384.6
45163.1
43948.2
42740.8
41541.2
40350
39167.7
37994.9
36832.6
35681.7
34543.1
33418.2
32309.3
31215.3
30130.8
29049.6
27968.7
26883.9
25796
205980
205948
205888
205799
205684
205541
205371
205175
204954
204706
204434
204136
203813
203467
203098
202706
202293
201861
201409
200940
200454
199954
199440
198915
198380
197835
197279
196712
196133
195541
194936
194318
193687
193046
192395
191736
191071
190402
189728
189047
188354
187642
186900
186116
185282
184394
183452
182462
181434
180378
179314
178269
177261
176295
175364
174457
173565
172683
171806
170926
170044
169157
168265
167367
166462
165547
164619
163672
162700
161701
160671
159614
158529
157421
156294
155155
154010
152859
151697
150515
149306
148064
146791
145496
144197
142913
141646
140396
139167
137968
136798
135657
134540
133441
132355
131276
130197
129113
128019
126909
125772
124598
123378
122109
120793
119440
118059
116661
115253
113841
112432
111028
109635
108256
106890
105537
104194
102860
101534
100214
98898.6
97587.3
96279.2
94973.6
93670.3
92369
91069.8
89772.4
88476.9
87183.4
85892
84602.8
83315.7
82030.7
80747.2
79465.1
78183.5
76901.5
75618.9
74334.9
73050.2
71765.5
70480.4
69194.2
67906.3
66617.2
65328.5
64041.8
62757
61474.3
60195.2
58920.5
57649.9
56382.4
55118.9
53860.3
52606.5
51357
50112.4
48872.9
47638.8
46410.2
45187.8
43972
42763.5
41562.7
40370
39185.9
38010.7
36844.9
35689.5
34545.3
33413.7
32297.6
31197.2
30109
29027.1
27948
26865.7
25779
206992
206958
206894
206801
206681
206534
206360
206160
205932
205677
205395
205085
204748
204386
203999
203588
203156
202703
202231
201743
201238
200721
200191
199651
199101
198540
197968
197384
196787
196176
195551
194911
194257
193590
192912
192227
191537
190844
190147
189445
188733
188002
187242
186444
185596
184698
183751
182760
181729
180668
179595
178536
177511
176527
175580
174659
173754
172860
171974
171086
170195
169300
168402
167500
166594
165681
164756
163813
162845
161848
160821
159765
158681
157574
156447
155309
154165
153016
151857
150678
149466
148216
146928
145616
144301
143001
141722
140461
139223
138013
136834
135681
134552
133442
132344
131254
130167
129075
127975
126859
125718
124542
123322
122055
120747
119402
118032
116644
115246
113843
112440
111044
109657
108282
106919
105567
104225
102891
101564
100243
98927.1
97614.9
96305.9
94999.6
93695.7
92394.2
91095
89798
88503.3
87211.1
85921.7
84635.1
83351
82069.1
80789
79510.2
78231.5
76952.1
75671.5
74388.6
73104.8
71820.6
70535.8
69249.1
67959.8
66668.7
65377.6
64088.3
62800.9
61515.9
60234.7
58958.3
57686.1
56417.6
55153.1
53893.9
52639.6
51389.6
50144.2
48904
47669
46439.5
45216
43999.2
42789.6
41587.5
40393.2
39207
38029.2
36860.1
35700.5
34551.1
33413.4
32289.8
31181.4
30086.5
29001
27921.1
26840.5
25756.5
208151
208115
208050
207958
207839
207693
207520
207318
207086
206821
206524
206196
205839
205454
205045
204613
204160
203685
203190
202678
202150
201609
201057
200495
199923
199341
198747
198141
197521
196885
196233
195564
194879
194179
193467
192747
192023
191295
190565
189830
189087
188328
187545
186730
185872
184969
184026
183046
182026
180975
179907
178844
177807
176803
175834
174893
173967
173055
172152
171252
170349
169443
168533
167621
166709
165792
164866
163922
162954
161956
160929
159873
158791
157684
156559
155423
154281
153138
151986
150811
149603
148353
147060
145738
144411
143100
141811
140542
139297
138078
136887
135722
134579
133454
132343
131242
130143
129041
127930
126803
125652
124469
123248
121985
120684
119351
117992
116616
115228
113834
112441
111053
109673
108304
106944
105595
104254
102920
101594
100273
98956
97643.3
96333.8
95027.1
93723.2
92421.9
91123.2
89827.2
88534
87244.1
85957.9
84675.3
83395.6
82118.1
80842.2
79566.8
78291.5
77015.4
75736.5
74454.9
73171.7
71888
70603.3
69316
68025.5
66731.7
65437.6
64145.4
62855.1
61567.1
60282.9
59003.6
57729.1
56458.5
55192.6
53932.3
52677.4
51426.6
50180.3
48939.4
47703.6
46473.2
45248.6
44030.8
42820
41616.5
40420.3
39231.7
38050.8
36878.1
35714.1
34559.9
33416.4
32285.8
31169.4
30066.6
28975.1
27892
26811.5
25730.1
209484
209447
209383
209293
209177
209032
208856
208646
208399
208114
207794
207441
207059
206649
206213
205755
205274
204773
204250
203707
203149
202578
201996
201404
200804
200194
199570
198933
198280
197611
196925
196221
195500
194763
194013
193255
192491
191723
190952
190178
189398
188607
187798
186965
186099
185195
184258
183292
182293
181262
180209
179152
178110
177094
176105
175140
174191
173255
172329
171411
170494
169574
168650
167726
166802
165877
164944
163996
163025
162026
160998
159942
158861
157756
156634
155500
154360
153219
152071
150905
149705
148461
147173
145852
144521
143203
141907
140633
139380
138152
136950
135772
134615
133476
132353
131238
130126
129010
127885
126744
125581
124391
123166
121906
120612
119289
117941
116576
115199
113817
112434
111056
109685
108321
106966
105620
104281
102949
101623
100302
98985.1
97672.2
96362.7
95056.3
93752.9
92452.5
91155.1
89860.8
88570.2
87283.9
86002.4
84725.3
83451.4
82179.2
80907.9
79636.5
78364.6
77090.7
75813.4
74532.8
73249.7
71965.8
70681.6
69393.9
68101.5
66805.3
65508.3
64213.4
62920
61628.5
60340.7
59057.7
57779.9
56506.5
55238.4
53976.6
52720.4
51468.6
50221.4
48979.6
47743.1
46511.8
45286.5
44067.6
42855.6
41650.5
40452.3
39260.8
38076.2
36899.2
35730.4
34571
33421.9
32284.9
31161.1
30050.5
28952.1
27864.1
26782
25702.4
211042
211003
210938
210846
210725
210573
210384
210156
209886
209576
209227
208843
208428
207983
207509
207009
206487
205945
205384
204803
204207
203599
202980
202349
201710
201061
200398
199721
199030
198322
197597
196856
196098
195324
194535
193738
192935
192128
191317
190504
189686
188862
188026
187173
186297
185392
184460
183505
182524
181515
180481
179434
178393
177371
176370
175387
174418
173459
172510
171570
170634
169697
168758
167818
166881
165943
164999
164043
163068
162067
161039
159983
158901
157797
156676
155543
154404
153264
152117
150954
149762
148529
147254
145945
144623
143306
142007
140727
139467
138231
137018
135828
134658
133507
132369
131240
130113
128981
127839
126684
125509
124309
123081
121822
120534
119218
117881
116527
115162
113792
112422
111054
109692
108335
106985
105642
104306
102976
101651
100331
99014.6
97702.2
96393.3
95087.8
93785.7
92487.1
91192.2
89901.1
88614.6
87333.5
86057.9
84787.1
83519.7
82253.2
80986.5
79718.7
78448.7
77175.4
75898.5
74618.1
73334.9
72051.4
70766.5
69478.2
68184.6
66887.2
65588.9
64291.3
62995.3
61700.5
60409
59122.1
57840.3
56563.5
55292.4
54028.4
52770.3
51517
50268.7
49026
47788.8
46557.1
45331.2
44111.6
42898.3
41691.3
40490.5
39295.5
38106.5
36924.2
35749.7
34584.4
33429.6
32286.4
31155.9
30038.3
28933.1
27839.6
26754.8
25675.8
212733
212690
212617
212514
212380
212212
212005
211753
211453
211105
210711
210276
209806
209307
208781
208230
207659
207071
206467
205844
205205
204554
203892
203218
202536
201845
201144
200429
199699
198954
198194
197417
196625
195818
194997
194167
193332
192493
191651
190806
189956
189101
188239
187366
186477
185568
184637
183686
182715
181721
180703
179669
178631
177603
176593
175598
174616
173642
172676
171716
170761
169808
168853
167899
166947
165994
165038
164072
163090
162086
161056
159999
158917
157813
156693
155560
154419
153275
152126
150962
149773
148551
147291
146002
144698
143393
142097
140814
139550
138306
137084
135884
134703
133539
132387
131242
130099
128951
127794
126624
125438
124229
122996
121736
120452
119143
117815
116472
115120
113763
112405
111048
109694
108344
106999
105661
104328
103000
101677
100358
99043.1
97731.9
96424.4
95120.7
93821
92525.7
91234.8
89948.8
88668.1
87393
86123.8
84859.2
83597.1
82335
81071.3
79804.4
78534.2
77260.5
75983.4
74701.3
73416.7
72132.7
70848.3
69560.6
68267.4
66970
65671.7
64374.3
63077.1
61780.5
60485.9
59195.9
57910.2
56629.4
55355
54088.1
52827.6
51572.3
50322.7
49079.3
47842
46610.2
45384.3
44164.2
42949.7
41740.6
40536.3
39336.7
38142.2
36953.4
35772.1
34600.1
33438.8
32289.4
31152.7
30028.9
28917.7
27819.1
26731.2
25651.9
214390
214341
214252
214128
213970
213775
213538
213250
212905
212502
212047
211549
211019
210464
209886
209287
208670
208037
207390
206726
206046
205354
204652
203942
203224
202499
201764
201017
200257
199482
198693
197889
197070
196237
195392
194537
193678
192815
191948
191078
190204
189326
188441
187549
186646
185728
184794
183840
182869
181881
180874
179850
178815
177785
176767
175761
174768
173783
172806
171832
170863
169897
168930
167964
166999
166035
165068
164093
163103
162095
161062
160004
158921
157817
156695
155560
154414
153264
152108
150941
149754
148541
147298
146029
144744
143453
142164
140884
139618
138370
137141
135932
134741
133565
132400
131240
130082
128920
127749
126567
125369
124153
122915
121655
120373
119070
117751
116420
115080
113735
112387
111040
109693
108349
107010
105676
104346
103021
101700
100383
99069.7
97760.1
96454.8
95154
93858
92567.4
91282.4
90002.9
88728.8
87459.7
86195.9
84935.2
83676
82415.7
81151.5
79883.4
78610.8
77334.6
76054.4
74770.3
73484.7
72200.2
70916.7
69631.1
68340.1
67045.4
65749.6
64454.5
63159.2
61862.7
60567.6
59275.8
57987.4
56703.3
55425.6
54155.4
52892.1
51634.7
50384.1
49140.7
47904.1
46673.1
45447.7
44227.4
43011.8
41800.1
40591.4
39386
38184.3
36987.6
35798.1
34618.1
33449.6
32293.8
31151.2
30021.8
28905.6
27802.6
26711.8
25631.7
216029
215965
215851
215690
215487
215244
214955
214615
214214
213752
213236
212680
212095
211488
210860
210215
209554
208878
208190
207486
206769
206042
205307
204564
203815
203061
202298
201525
200739
199941
199128
198301
197461
196609
195743
194869
193990
193106
192219
191328
190434
189536
188632
187722
186804
185876
184934
183976
183002
182013
181010
179992
178963
177932
176906
175890
174886
173893
172906
171924
170944
169967
168991
168016
167043
166070
165093
164110
163114
162100
161064
160004
158920
157814
156690
155551
154400
153242
152079
150908
149722
148516
147286
146034
144766
143487
142207
140932
139667
138416
137183
135968
134768
133581
132403
131232
130061
128886
127704
126510
125304
124081
122840
121580
120300
119004
117694
116372
115043
113708
112369
111029
109690
108352
107018
105689
104363
103040
101721
100406
99094.7
97787.2
96484.6
95187.9
93897.4
92613.3
91335.5
90063.1
88795.1
87530.8
86269.2
85009.5
83749.5
82487
81219.9
79947.2
78670.1
77389.8
76106.2
74819.9
73533.5
72249.7
70968.6
69686.3
68399.8
67109.9
65818.8
64528.1
63236.7
61943.4
60650.9
59359.3
58070
56783.9
55503.8
54230.7
52964.7
51705.8
50455.1
49212.7
47977.7
46748.6
45524.3
44304.3
43087.6
41872.6
40658.4
39445.3
38234.5
37027.9
35828.3
34638.8
33462
32299.3
31150.8
30016.4
28895.9
27789.4
26696.1
25615
217673
217587
217434
217220
216952
216637
216275
215863
215397
214876
214304
213696
213063
212411
211740
211055
210355
209641
208913
208173
207420
206660
205893
205120
204343
203562
202775
201978
201171
200351
199518
198672
197814
196944
196063
195172
194275
193374
192469
191560
190648
189732
188812
187886
186955
186015
185064
184099
183121
182130
181125
180109
179084
178053
177023
175999
174985
173982
172988
171998
171011
170026
169043
168060
167080
166099
165115
164124
163122
162103
161063
160001
158915
157807
156680
155538
154383
153220
152050
150875
149689
148487
147266
146025
144767
143499
142226
140956
139694
138444
137208
135988
134782
133587
132400
131218
130036
128851
127659
126457
125244
124016
122773
121514
120238
118947
117644
116330
115009
113681
112350
111018
109685
108354
107025
105699
104377
103057
101741
100428
99118.4
97813.5
96514.6
95223.1
93939.5
92663.3
91393.5
90127.8
88864.2
87601.5
86338.9
85076.3
83811.6
82543.2
81270.1
79991.5
78708.6
77423.6
76137
74849.6
73563.7
72281.9
71004.3
69726.9
68446.5
67162.7
65878.1
64593.5
63307.9
62020.1
60731.8
59443.8
58155.9
56869.8
55588.7
54313.8
53046.2
51787
50537.4
49297.3
48065.1
46838.6
45616.2
44396.6
43178.6
41959.8
40739
39516.7
38294.5
37075.6
35863.5
34662.5
33476.1
32305.9
31151.4
30012.2
28888.1
27778.7
26683.4
25601.4
219336
219222
219018
218735
218387
217984
217532
217035
216493
215909
215286
214632
213958
213267
212561
211843
211107
210356
209590
208812
208024
207230
206431
205630
204826
204020
203209
202391
201564
200726
199875
199012
198137
197252
196356
195450
194538
193622
192701
191776
190848
189917
188982
188043
187098
186147
185186
184215
183232
182236
181230
180213
179187
178156
177124
176095
175073
174062
173059
172061
171068
170077
169087
168099
167112
166124
165133
164135
163126
162102
161059
159993
158905
157795
156666
155522
154366
153199
152026
150847
149659
148458
147241
146007
144756
143494
142228
140963
139705
138457
137221
135998
134787
133585
132391
131201
130011
128817
127617
126409
125191
123960
122716
121457
120184
118898
117600
116293
114978
113657
112333
111007
109680
108355
107030
105709
104389
103072
101759
100448
99141.2
97839.6
96545.2
95259.9
93984.2
92716.6
91454.3
90193.9
88932
87667.4
86399.7
85130.1
83857.7
82581.5
81300.4
80014.7
78726.5
77437.9
76149.6
74862.7
73578.7
72300.4
71027.4
69756.2
68482.4
67205.8
65928
64650.3
63371.5
62090.5
60808.6
59525.8
58242.2
56958.9
55678.8
54404.3
53137.2
51879.4
50632.5
49395.9
48167.2
46943.7
45723.2
44504.3
43284.7
42061.7
40833.4
39600.4
38365.1
37131.5
35904.5
34689.8
33492.2
32313.4
31152.7
30009
28881.6
27769.9
26673
25590.3
221013
220864
220595
220229
219786
219283
218733
218146
217528
216882
216209
215513
214799
214072
213334
212583
211814
211027
210225
209411
208588
207761
206932
206103
205273
204442
203609
202771
201926
201070
200202
199324
198434
197535
196625
195707
194782
193852
192918
191980
191038
190093
189146
188194
187237
186275
185305
184326
183337
182338
181328
180309
179282
178249
177214
176181
175154
174136
173125
172120
171120
170123
169127
168133
167140
166147
165149
164143
163128
162098
161051
159982
158891
157779
156648
155504
154347
153180
152005
150823
149633
148432
147216
145985
144739
143481
142219
140960
139706
138460
137224
136000
134785
133579
132379
131183
129986
128786
127580
126367
125145
123912
122667
121408
120137
118854
117561
116259
114949
113635
112317
110997
109676
108355
107035
105716
104400
103086
101775
100467
99163.3
97865.8
96576.8
95298.6
94030.9
92771.2
91514.8
90257
88993.9
87723.8
86448
85167.9
83885.7
82600.6
81311.5
80019.9
78727.6
77437
76149.3
74864.8
73584.7
72311.3
71044.3
69779.6
68512.7
67242.8
65971.5
64699.9
63427.6
62153.7
60879
59603.2
58326
57048.1
55772.5
54501.5
53237.6
51983.5
50740.7
49508.3
48283.1
47062.1
45843.3
44624.7
43403.6
42176.1
40939.9
39695.4
38445.9
37195.9
35951.8
34721.2
33510.4
32321.9
31154.7
30006.5
28876.2
27762.5
26664.4
25581.1
222704
222507
222153
221681
221127
220519
219873
219199
218507
217799
217077
216338
215582
214819
214049
213267
212467
211649
210816
209969
209115
208257
207400
206543
205687
204833
203978
203122
202259
201387
200504
199610
198707
197796
196874
195944
195007
194067
193121
192171
191218
190261
189302
188339
187372
186400
185421
184435
183440
182436
181423
180400
179370
178334
177297
176262
175230
174206
173189
172177
171169
170166
169164
168164
167166
166166
165162
164150
163127
162093
161041
159968
158874
157760
156629
155484
154327
153160
151984
150801
149609
148407
147192
145962
144718
143463
142206
140950
139700
138457
137222
135996
134780
133571
132367
131165
129964
128758
127548
126331
125105
123870
122624
121366
120097
118816
117527
116229
114924
113615
112303
110988
109672
108355
107039
105723
104410
103099
101790
100485
99185.2
97892.5
96609.8
95338.9
94078.8
92825.2
91571.9
90313.5
89045.6
87767.2
86480.5
85189.3
83896.5
82602.6
81307.2
80011.5
78717.6
77427.5
76141.8
74861.2
73586.8
72320.1
71060.2
69802.5
68541.9
67277.5
66011
64744
63476.9
62209.7
60941.9
59674
58405.3
57135.7
55868.1
54604.3
53346.7
52098.4
50860.7
49632.2
48409.7
47190.3
45972.3
44753.8
43531
42298.8
41054.5
39798.6
38534.5
37267.4
36005
34756.6
33530.9
32331.6
31157.2
30004.6
28871.5
27756.2
26657.1
25573.3
224418
224148
223672
223071
222398
221683
220943
220187
219423
218654
217878
217092
216296
215498
214697
213887
213061
212217
211357
210483
209602
208717
207834
206951
206071
205194
204319
203444
202565
201677
200780
199874
198959
198036
197103
196163
195216
194265
193310
192350
191387
190421
189451
188479
187502
186521
185534
184541
183540
182531
181513
180487
179454
178416
177377
176338
175303
174274
173251
172232
171218
170207
169199
168194
167189
166184
165174
164155
163126
162086
161029
159952
158855
157739
156608
155463
154307
153140
151964
150780
149587
148384
147168
145938
144695
143444
142190
140938
139691
138451
137217
135991
134773
133562
132354
131149
129943
128734
127519
126299
125070
123834
122587
121329
120060
118782
117496
116202
114902
113598
112290
110980
109669
108356
107042
105730
104419
103110
101805
100503
99207.6
97920.4
96644.3
95380.6
94126.5
92876.2
91622.8
90360.1
89084.4
87795.6
86497.6
85195.6
83893.2
82592.2
81292.7
79995.6
78702.3
77414.7
76133.4
74858.6
73591.4
72332.6
71080
69828.5
68572.8
67312.2
66048.5
64784.1
63520.2
62257.3
60996.3
59736.8
58478.2
57220
55963.8
54711.2
53463
52222
50989.4
49763.5
48542
47322.8
46105.3
44886.4
43661.6
42424.7
41172.5
39905.7
38627.8
37343.9
36062.8
34795.7
33553.7
32342.4
31160.2
30003.1
28867.4
27750.7
26650.9
25566.8
226190
225780
225138
224385
223584
222764
221934
221101
220267
219435
218604
217771
216935
216106
215279
214445
213598
212733
211849
210952
210048
209140
208233
207327
206425
205527
204634
203743
202847
201945
201035
200116
199190
198256
197314
196365
195409
194449
193485
192517
191546
190571
189593
188612
187627
186638
185643
184643
183637
182623
181601
180571
179535
178495
177453
176412
175374
174340
173311
172286
171265
170248
169233
168222
167212
166201
165184
164159
163125
162078
161016
159935
158835
157718
156587
155442
154286
153120
151943
150758
149564
148359
147143
145913
144672
143424
142173
140925
139682
138444
137211
135985
134766
133552
132342
131134
129924
128711
127494
126270
125040
123801
122553
121296
120028
118752
117469
116179
114883
113583
112280
110974
109665
108356
107046
105736
104428
103122
101820
100522
99231.4
97950.1
96680.6
95422.7
94172.2
92922
91664.7
90394.7
89109.2
87809.7
86501.1
85189.6
83880.2
82574.8
81273.6
79977.4
78687
77404
76128.1
74860
73601.1
72351.1
71105.9
69859.5
68607.2
67348.3
66085.1
64821.1
63558.3
62298
61041.9
59790.9
58543.4
57298.7
56057.8
54820.1
53583.8
52350.5
51121.9
49896.9
48674.4
47454.6
46236.6
45016.9
43789.6
42548.1
41288.8
40012
38721.3
37422
36123.1
34837.4
33578.5
32354.1
31163.6
30001.8
28863.7
27745.8
26645.5
25561.2
228045
227407
226535
225607
224677
223754
222838
221930
221029
220138
219255
218380
217509
216650
215797
214942
214077
213193
212291
211375
210452
209524
208597
207671
206749
205834
204925
204019
203109
202193
201269
200340
199402
198459
197508
196550
195586
194618
193647
192672
191694
190712
189727
188738
187746
186750
185749
184742
183730
182711
181685
180651
179613
178570
177526
176483
175441
174403
173368
172338
171311
170288
169267
168249
167233
166217
165194
164163
163123
162071
161003
159919
158816
157698
156566
155422
154266
153099
151922
150735
149540
148334
147117
145888
144649
143403
142156
140912
139671
138436
137204
135979
134759
133543
132331
131120
129907
128691
127471
126245
125013
123772
122524
121266
120000
118726
117445
116158
114866
113569
112270
110967
109662
108356
107049
105742
104437
103134
101836
100543
99257.1
97982
96718.3
95464.1
94214.1
92960.4
91696
90416.4
89120.5
87810.9
86493.7
85175.7
83862.1
82555.1
81255
79961.7
78675.6
77398.1
76129.1
74868.8
73618.9
72377.8
71139.2
69896.5
68645.5
67385.8
66120.7
64854.6
63590.8
62331.6
61079.3
59835.7
58599.6
57370.4
56148.1
54928.4
53705.1
52479.2
51252.7
50026.6
48801.9
47580.4
46361.1
45139.8
43909.7
42663.7
41398.1
40112.9
38811.2
37498.1
36183
34880
33604.5
32366.6
31167.2
30000.6
28860.3
27741.4
26640.7
25556.4
230113
229000
227832
226717
225657
224639
223645
222670
221711
220769
219842
218930
218029
217141
216262
215388
214506
213606
212686
211754
210814
209870
208925
207984
207047
206117
205194
204273
203351
202422
201487
200546
199599
198646
197687
196721
195749
194774
193797
192816
191831
190843
189852
188857
187859
186856
185849
184837
183819
182796
181765
180728
179687
178642
177596
176550
175505
174463
173424
172388
171356
170327
169301
168277
167255
166232
165204
164167
163121
162064
160992
159903
158799
157679
156546
155402
154246
153078
151900
150712
149515
148308
147091
145863
144625
143383
142139
140899
139661
138427
137197
135972
134751
133535
132321
131107
129892
128673
127450
126222
124988
123747
122498
121240
119975
118703
117424
116140
114851
113557
112260
110961
109659
108356
107052
105748
104446
103147
101852
100565
99285.4
98016.2
96756.7
95503.6
94250.4
92989.8
91715.8
90425.6
89120
87802.3
86479.5
85158.7
83844.1
82537.6
81240.6
79951.6
78671
77399.3
76137.3
74885.8
73645.5
72413.3
71179.9
69938.9
68687.2
67424.5
66155.1
64884.6
63617.8
62358.1
61107.8
59870.7
58646.2
57434
56232.7
55032.8
53822.6
52602.5
51376.4
50147.7
48920
47695.8
46474.3
45250.4
44016.7
42766.5
41495.9
40204.4
38893.7
37568.9
36239.7
34921.4
33630.5
32379.4
31170.9
29999.4
28857
27737.3
26636.5
25552.4
232315
230407
228960
227687
226522
225421
224358
223326
222316
221331
220370
219430
218502
217588
216683
215785
214889
213975
213039
212090
211138
210180
209223
208270
207321
206380
205445
204513
203578
202638
201693
200740
199784
198822
197854
196881
195903
194921
193938
192951
191961
190969
189972
188972
187968
186960
185947
184929
183907
182879
181844
180804
179759
178713
177664
176616
175568
174522
173478
172437
171400
170367
169335
168306
167278
166249
165214
164171
163120
162058
160981
159889
158782
157660
156527
155382
154225
153057
151877
150688
149489
148281
147063
145836
144602
143362
142123
140885
139650
138418
137189
135965
134744
133526
132310
131094
129876
128656
127431
126200
124965
123722
122473
121216
119952
118681
117405
116123
114836
113546
112252
110955
109656
108356
107055
105754
104456
103161
101872
100591
99318.5
98054.7
96797.5
95542.1
94282.1
93011.2
91725.5
90424.3
89110.2
87787
86462
85140.7
83827.9
82525.1
81232.6
79948.8
78674.1
77409.4
76155.4
74913.7
73684.4
72460.7
71231.1
69990
68735.1
67466.8
66190.3
64912.7
63641
62378.6
61129.6
59898.4
58686
57493.1
56316.4
55138.4
53941
52725.8
51499
50266.7
49034.8
47806.8
46581.6
45353.3
44115.2
42860.8
41586.4
40290.4
38972.7
37637.5
36295.5
34962.9
33657.4
32392.9
31174.6
29997.8
28853.2
27733
26632.3
25548.5
233743
231633
230000
228601
227338
226161
225037
223955
222906
221887
220895
219926
218977
218031
217096
216175
215262
214330
213376
212415
211450
210483
209516
208553
207594
206642
205698
204755
203808
202856
201899
200937
199970
198999
198023
197042
196057
195069
194079
193087
192093
191096
190095
189090
188081
187066
186047
185025
183997
182965
181926
180882
179835
178785
177735
176684
175634
174584
173536
172490
171448
170409
169372
168337
167303
166267
165225
164177
163120
162053
160972
159876
158766
157643
156508
155362
154203
153033
151852
150661
149461
148252
147034
145809
144577
143341
142106
140871
139639
138409
137181
135957
134736
133517
132300
131081
129861
128638
127411
126179
124942
123699
122450
121193
119930
118661
117387
116107
114823
113534
112243
110949
109654
108357
107059
105762
104468
103180
101898
100624
99358.1
98098.1
96839.8
95577.6
94306.4
93022.4
91724.1
90413.2
89093.3
87768.2
86444.8
85127.4
83819.7
82522
81234.6
79956.8
78689
77431.8
76187
74956.6
73738.9
72522.7
71294.4
70050.2
68789.1
67512
66225.5
64938.2
63658.9
62392.1
61142.8
59916.4
58716.2
57544.3
56394.4
55237.9
54051.4
52840.3
51612.5
50376
49138.7
47904.7
46672.6
45437.9
44194.3
42936.3
41660.1
40362.3
39040.3
37697.1
36344.4
35000.1
33682.4
32405.9
31178
29995.6
28848.9
27728.5
26628.3
25545.2
234826
232728
231006
229515
228171
226924
225744
224613
223523
222465
221438
220437
219454
218484
217529
216586
215642
214689
213721
212748
211771
210794
209819
208848
207881
206920
205965
205010
204052
203088
202118
201145
200167
199186
198201
197211
196218
195224
194229
193231
192232
191231
190225
189215
188199
187178
186154
185126
184093
183055
182013
180966
179915
178862
177809
176756
175703
174649
173597
172546
171498
170454
169412
168370
167330
166287
165239
164185
163123
162051
160965
159865
158751
157626
156489
155341
154180
153008
151825
150632
149431
148221
147004
145781
144552
143320
142088
140857
139627
138399
137172
135949
134727
133508
132289
131068
129846
128621
127392
126159
124922
123678
122429
121173
119911
118643
117370
116092
114810
113525
112236
110945
109652
108358
107065
105772
104484
103202
101928
100662
99402
98142.6
96878.9
95605.8
94320.7
93023.2
91714.3
90396.7
89075
87752.4
86434.4
85123.8
83822.7
82531.3
81249.5
79977.7
78716.4
77467.1
76232.2
75013.3
73806.7
72595.6
71365.2
70115.2
68844.7
67555.8
66256.8
64958
63669.8
62397
61146.1
59923.7
58735.2
57583.3
56457.8
55318.6
54139.4
52931.8
51703.6
50463.2
49219.7
47977.7
46736.1
45492.5
44242.8
42982.3
41706.6
40410.1
39086.9
37738.9
36379
35026.7
33700.8
32415.6
31179.9
29992.8
28844.4
27724.1
26624.8
25542.7
235740
233720
231971
230421
229015
227709
226476
225299
224165
223069
222005
220969
219954
218958
217976
217006
216041
215065
214078
213090
212104
211119
210137
209157
208181
207211
206246
205280
204310
203333
202351
201365
200376
199384
198389
197390
196390
195388
194386
193383
192380
191373
190363
189347
188325
187297
186266
185232
184194
183152
182105
181054
179999
178943
177887
176831
175775
174718
173661
172605
171552
170502
169454
168407
167360
166310
165255
164195
163128
162050
160960
159855
158738
157610
156471
155319
154156
152981
151796
150602
149399
148190
146974
145753
144527
143299
142071
140843
139615
138389
137163
135940
134719
133498
132278
131056
129832
128605
127375
126141
124903
123660
122410
121155
119893
118627
117355
116079
114799
113516
112230
110942
109652
108362
107072
105785
104504
103231
101965
100706
99448.4
98185.7
96912.3
95625.6
94326.2
93016.9
91700.5
90380.5
89061.4
87745.5
86435.1
85132.1
83838.6
82553.5
81277.2
80010.7
78755.7
77513.8
76289.1
75082.4
73885.7
72677.2
71442.1
70183.7
68901.8
67597.9
66283.7
64972
63673.5
62393.7
61140.2
59921.4
58744.1
57611.1
56506.1
55377.5
54201.8
52997.8
51770.2
50526.5
49275.6
48023.2
46770.4
45516.4
44259.8
42997.3
41724.1
40431.8
39110.8
37761.3
36397.2
35040.7
33710.6
32420.4
31179.8
29989.3
28839.8
27720
26622
25541.1
236562
234629
232887
231308
229858
228505
227227
226007
224834
223701
222602
221532
220485
219457
218445
217448
216454
215457
214456
213455
212457
211459
210465
209476
208493
207514
206538
205561
204580
203590
202595
201596
200597
199594
198588
197580
196571
195562
194553
193545
192536
191525
190509
189486
188457
187421
186383
185342
184299
183252
182201
181146
180088
179028
177969
176911
175851
174789
173728
172668
171609
170554
169500
168447
167394
166337
165275
164209
163136
162054
160958
159848
158727
157595
156452
155297
154130
152951
151764
150570
149368
148159
146945
145726
144504
143279
142054
140829
139604
138378
137154
135931
134710
133489
132267
131044
129818
128590
127359
126125
124886
123643
122393
121138
119877
118612
117342
116067
114789
113508
112225
110940
109653
108367
107083
105803
104530
103266
102009
100755
99495.4
98224.8
96938.8
95637.8
94325.9
93008.1
91688.5
90371.4
89058.4
87750.7
86448.9
85154.1
83866.9
82586.9
81314.3
80051.8
78801.8
77567.4
76352.9
75158
73970.4
72762.5
71521.3
70253.5
68958
67636.9
66305.5
64979.1
63669
62380.9
61124.3
59908.9
58741.8
57626.5
56538.2
55414.5
54238.6
53037.6
51811.1
50563.9
49304.3
48040.2
46774.8
45509.5
44245.5
42981
41711.2
40425.4
39109.9
37762.9
36398.5
35041.4
33710.8
32419.5
31177
29985.1
28835.4
27716.5
26619.9
25540.6
237332
235478
233761
232173
230696
229308
227992
226735
225526
224358
223225
222121
221042
219983
218942
217915
216896
215877
214860
213843
212830
211819
210810
209809
208813
207823
206838
205850
204855
203853
202846
201837
200828
199815
198798
197781
196764
195747
194732
193717
192702
191686
190663
189633
188595
187551
186505
185458
184410
183358
182302
181243
180181
179118
178057
176994
175930
174865
173798
172733
171669
170608
169549
168490
167430
166366
165297
164224
163147
162059
160957
159842
158716
157580
156432
155273
154102
152921
151732
150537
149336
148130
146918
145702
144482
143260
142038
140815
139592
138368
137145
135923
134701
133480
132257
131033
129806
128577
127346
126111
124872
123627
122378
121123
119863
118599
117330
116058
114782
113503
112222
110940
109657
108376
107099
105827
104564
103309
102059
100805
99540.6
98258.6
96958.7
95645.1
94324.3
93002.7
91684.7
90373.6
89068.6
87769.5
86475.7
85187.4
83904.2
82626.7
81355.8
80095.7
78849.9
77622.2
76418.1
75235.1
74055.3
72847.4
71599.9
70322
69011.1
67671.1
66321.1
64978.5
63655.6
62358.4
61097.7
59884.1
58726.1
57625.9
56550.2
55428.2
54250.9
53051.6
51824.8
50573.5
49304.2
48027.9
46749.8
45473.5
44201.9
42934.6
41667.4
40388.9
39082.3
37742.2
36382.3
35028.7
33701.4
32412.6
31171.3
29980
28831.2
27713.8
26618.7
25541
238070
236284
234599
233015
231523
230111
228766
227477
226237
225036
223871
222735
221626
220537
219467
218411
217365
216325
215288
214254
213224
212198
211176
210159
209148
208144
207143
206141
205134
204122
203105
202087
201067
200044
199018
197992
196966
195943
194921
193899
192879
191854
190824
189786
188739
187687
186634
185581
184526
183469
182408
181345
180279
179214
178149
177082
176014
174943
173873
172802
171733
170666
169601
168537
167470
166398
165321
164242
163159
162066
160958
159836
158704
157563
156412
155249
154075
152891
151701
150507
149307
148103
146894
145680
144463
143244
142024
140803
139582
138360
137137
135916
134694
133472
132249
131023
129796
128567
127334
126099
124858
123614
122364
121110
119851
118588
117321
116050
114776
113499
112221
110942
109665
108390
107121
105860
104607
103361
102114
100857
99582.3
98287
96974.6
95651.6
94326.6
93006.1
91694
90389.9
89092.7
87800.7
86512.2
85227.1
83945.5
82667.6
81396.2
80137.3
78895.1
77674.4
76480.6
75308.3
74134.6
72926.1
71673.5
70386.8
69059.9
67699.6
66330.1
64971.1
63635
62328.4
61063.1
59849.6
58697.7
57608.8
56541.1
55417.9
54238.3
53040
51810.3
50553.3
49273.7
47985.7
46696.1
45410.1
44131.4
42860.7
41594.7
40322.5
39026.3
37697.9
36348.2
35003
33682.6
32399.5
31162.6
29974.1
28827.3
27711.7
26618.6
25542.7
238788
237060
235408
233835
232339
230911
229544
228229
226960
225731
224536
223372
222233
221115
220016
218933
217862
216798
215740
214688
213641
212599
211560
210527
209500
208478
207460
206442
205421
204397
203371
202344
201313
200279
199244
198210
197178
196148
195118
194089
193060
192028
190990
189943
188888
187829
186767
185708
184649
183588
182522
181452
180383
179314
178245
177173
176100
175025
173949
172873
171799
170727
169657
168586
167512
166432
165347
164261
163171
162071
160957
159829
158691
157545
156390
155225
154048
152863
151673
150479
149282
148080
146873
145662
144447
143230
142012
140794
139574
138353
137132
135911
134689
133467
132243
131017
129788
128558
127325
126088
124847
123602
122353
121099
119841
118579
117313
116044
114773
113499
112224
110950
109679
108413
107154
105904
104661
103420
102172
100907
99620.1
98312.2
96989.9
95662
94337.4
93021.9
91716.6
90419.4
89127.9
87839.3
86552.8
85268
83984.8
82704.2
81430.8
80172.5
78933.9
77720.3
76536.5
75373.5
74204.1
72994.4
71737.6
70444.2
69103.1
67722.8
66334
64959.5
63610.4
62293.9
61022.4
59806.1
58656.9
57576
56512.4
55385
54200.9
53001.5
51766.4
50501.8
49211.3
47913.2
46614.7
45321.8
44038.3
42764.8
41498.7
40230.6
38944.5
37630.6
36296.3
34964.5
33655.1
32380.9
31150.9
29967.2
28823.7
27710.5
26619.5
25545.5
239492
237813
236193
234636
233141
231704
230321
228986
227694
226439
225218
224026
222859
221714
220589
219479
218382
217295
216216
215144
214079
213019
211964
210915
209870
208830
207794
206759
205724
204687
203648
202608
201566
200522
199479
198437
197398
196360
195320
194282
193244
192204
191158
190104
189043
187976
186908
185843
184779
183713
182641
181565
180490
179416
178343
177267
176189
175109
174028
172947
171867
170789
169713
168636
167555
166466
165373
164279
163182
162075
160954
159819
158675
157525
156367
155200
154023
152838
151648
150456
149261
148061
146856
145648
144435
143220
142004
140787
139568
138349
137128
135908
134686
133463
132239
131012
129783
128551
127317
126080
124838
123593
122344
121090
119833
118573
117309
116042
114774
113504
112234
110966
109703
108447
107200
105961
104725
103484
102230
100954
99654.6
98336.2
97007.6
95679.5
94358.6
93049.1
91749.1
90456.3
89166.9
87879
86591.2
85304
84017.1
82732.1
81455.8
80198.5
78964
77757.5
76583.4
75427.6
74260.8
73049.1
71788.6
70491
69139.7
67741.6
66335.5
64946
63583.8
62256
60975.3
59752.8
58600.6
57523.1
56463
55330.1
54139.6
52936.1
51692.9
50418.4
49117.5
47810.6
46506.3
45210.6
43926
42652.2
41386.5
40121.2
38843.2
37544.2
36228.7
34914.4
33619.7
32357.5
31136.9
29959.7
28820.3
27710.1
26621.4
25549.6
240188
238551
236960
235419
233930
232489
231096
229745
228433
227156
225911
224694
223502
222332
221180
220045
218924
217814
216714
215622
214537
213459
212387
211320
210258
209201
208147
207096
206045
204993
203940
202887
201832
200778
199727
198676
197626
196576
195527
194478
193430
192381
191328
190268
189200
188127
187053
185982
184913
183841
182763
181683
180602
179522
178444
177363
176279
175193
174107
173020
171934
170850
169768
168685
167596
166499
165398
164296
163190
162076
160947
159807
158658
157504
156345
155177
153999
152815
151628
150437
149244
148045
146843
145636
144426
143213
141998
140783
139565
138347
137127
135907
134685
133462
132237
131009
129779
128547
127312
126074
124832
123586
122337
121084
119828
118569
117308
116045
114781
113517
112254
110994
109741
108497
107261
106031
104797
103552
102287
100997
99686.4
98360.3
97029.9
95704.1
94388
93082.1
91785.1
90492.8
89202.4
87912
86621.4
85329.9
84037.4
82747.3
81468.7
80213.2
78983.7
77785.2
76619.1
75468.5
74302.5
73087
71823.1
70524.3
69168.2
67757.1
66336
64932.4
63556.3
62215.4
60922.7
59689.7
58528.8
57446.9
56388.8
55252.3
54055.8
52844.5
51591.6
50305
48994.8
47681.4
46374.7
45080
43798.1
42527.4
41264.5
40002.4
38731.8
37446.6
36150.1
34855.4
33578.1
32330.8
31121.2
29951.7
28817.3
27710.4
26624.4
25554.9
240878
239276
237712
236188
234706
233265
231865
230502
229175
227879
226613
225374
224158
222964
221789
220630
219485
218353
217231
216118
215014
213917
212827
211742
210662
209588
208517
207448
206381
205315
204248
203181
202114
201050
199987
198925
197862
196799
195737
194677
193619
192562
191501
190435
189360
188280
187201
186125
185050
183972
182888
181801
180713
179628
178543
177458
176368
175277
174185
173092
171999
170908
169819
168730
167633
166529
165420
164309
163196
162074
160940
159795
158642
157486
156324
155156
153980
152797
151611
150422
149230
148033
146833
145628
144419
143208
141995
140781
139564
138347
137128
135907
134686
133462
132236
131008
129778
128545
127309
126070
124828
123583
122334
121082
119827
118570
117313
116055
114798
113542
112288
111039
109798
108565
107339
106111
104874
103617
102338
101035
99714.3
98384.6
97054.6
95731.6
94418.1
93113.3
91814.9
90520.4
89226.6
87932.5
86637.5
85341
84042.8
82747.8
81468.8
80216.5
78993.1
77802.1
76643.3
75494.8
74327
73106.8
71839
70542.1
69186.8
67768.1
66336
64919.5
63529.1
62173.6
60866.3
59618.4
58442.5
57348.3
56288.1
55150.3
53951
52729.6
51466.1
50167.3
48849.3
47531.7
46226.1
44935.4
43659.5
42395
41137.6
39880.9
38618.6
37346.6
36067.9
34792.7
33533.8
32302.2
31104.9
29943.8
28814.7
27711.5
26628.4
25561.5
241507
239933
238390
236881
235408
233969
232566
231195
229856
228547
227264
226007
224772
223558
222362
221182
220017
218865
217724
216593
215470
214356
213248
212146
211050
209959
208873
207789
206707
205627
204547
203468
202390
201314
200239
199165
198091
197017
195944
194874
193805
192737
191667
190592
189512
188427
187343
186262
185181
184097
183007
181913
180820
179729
178638
177546
176451
175354
174256
173157
172057
170960
169865
168768
167665
166554
165439
164320
163199
162071
160933
159785
158631
157473
156310
155141
153965
152784
151600
150412
149221
148025
146826
145622
144416
143206
141994
140781
139565
138348
137129
135909
134688
133464
132238
131009
129778
128545
127309
126070
124828
123582
122334
121083
119831
118578
117326
116075
114827
113582
112341
111105
109876
108651
107427
106195
104945
103672
102378
101063
99735.3
98403.8
97075.7
95753.3
94439.1
93131.9
91829.7
90530.8
89232.8
87934.9
86635.3
85334.1
84031.7
82733.4
81456.3
80208.9
78991.9
77808.3
76653.5
75505
74332.9
73106.2
71835.5
70542.3
69192.9
67772.5
66333.8
64906.7
63502.9
62132.6
60808.7
59543.1
58347.3
57233.3
56163.9
55027.2
53827.2
52596.6
51323.5
50015.6
48692.6
47373.4
46070.8
44786.2
43517.6
42261.1
41011.1
39762.2
38509.6
37250.7
35988.6
34731.6
33490.3
32274.1
31088.9
29936.2
28812.7
27713.3
26633.5
25569.4
242127
240578
239055
237560
236094
234659
233254
231878
230529
229208
227911
226638
225386
224153
222938
221740
220555
219384
218224
217074
215934
214802
213677
212559
211446
210339
209236
208137
207041
205947
204854
203763
202673
201585
200498
199412
198328
197244
196161
195079
193999
192919
191839
190755
189667
188577
187488
186401
185314
184222
183127
182028
180928
179830
178731
177633
176532
175429
174325
173220
172114
171012
169910
168806
167696
166579
165457
164333
163205
162071
160930
159781
158625
157465
156301
155132
153956
152777
151593
150406
149215
148020
146822
145620
144415
143207
141996
140783
139568
138351
137133
135913
134692
133468
132242
131013
129782
128549
127313
126074
124832
123588
122341
121093
119844
118597
117352
116111
114875
113645
112418
111196
109975
108752
107521
106274
105005
103713
102403
101078
99746.3
98414.1
97085.3
95761.2
94443.5
93131.8
91825.1
90521.9
89220
87918.4
86615.5
85310.9
84005.1
82707.3
81433.2
80192.1
78980.6
77801.5
76649.4
75499.2
74322.5
73090.5
71816.4
70527.8
69186.2
67768.9
66327.7
64892.7
63477.2
62092.6
60751.9
59467.2
58248.4
57108.6
56022.3
54886.3
53687.8
52450.6
51171
49858.1
48534
47216.4
45918.9
44640.8
43380.2
42131.5
40889.8
39649.9
38408
37162
35915.6
34675.3
33450.3
32248.2
31074.3
29929.5
28811.5
27716.2
26639.7
25578.7
242831
241305
239801
238320
236863
235431
234025
232644
231287
229954
228643
227354
226083
224832
223597
222377
221172
219980
218799
217629
216468
215316
214172
213034
211903
210778
209657
208540
207427
206317
205209
204103
202999
201897
200797
199699
198602
197506
196411
195317
194224
193132
192039
190944
189848
188751
187654
186559
185463
184363
183259
182154
181048
179944
178839
177732
176623
175512
174402
173289
172180
171070
169960
168848
167732
166609
165481
164349
163215
162076
160931
159781
158625
157464
156299
155128
153953
152774
151591
150405
149214
148020
146822
145622
144418
143211
142001
140789
139574
138358
137140
135920
134699
133475
132250
131022
129791
128558
127323
126085
124845
123603
122359
121116
119873
118634
117400
116174
114955
113740
112529
111317
110096
108864
107611
106339
105044
103732
102406
101073
99738.3
98404.8
97073.5
95746
94423.9
93108
91797.4
90490.8
89186.4
87882.3
86577.7
85270.5
83963.7
82668.7
81401.3
80164.6
78955.9
77778.4
76625.9
75472.7
74293.5
73060.8
71785.6
70500.4
69163.8
67752.5
66313.1
64873.7
63449
62051.6
60695.3
59392
58149.7
56979.4
55868.9
54730.1
53534.5
52294.8
51013.1
49700.4
48379.3
47066.6
45775.4
44504.4
43251.7
42010.9
40777.6
39546.7
38315
37081.7
35849.6
34624.7
33414.3
32225.1
31061.2
29923.9
28811.2
27719.9
26647
25589.2
243621
242117
240630
239162
237714
236287
234880
233495
232130
230786
229461
228155
226867
225596
224340
223099
221872
220657
219454
218261
217078
215904
214738
213579
212427
211281
210140
209004
207872
206743
205618
204495
203375
202258
201142
200029
198917
197807
196698
195590
194483
193376
192270
191165
190059
188952
187846
186739
185632
184524
183413
182299
181186
180073
178960
177844
176728
175610
174492
173374
172256
171138
170020
168900
167775
166646
165513
164374
163233
162089
160941
159789
158632
157470
156302
155131
153955
152776
151594
150408
149218
148024
146827
145628
144425
143219
142010
140798
139584
138369
137151
135932
134712
133489
132264
131037
129809
128578
127345
126111
124875
123637
122399
121163
119930
118702
117484
116276
115076
113877
112675
111461
110226
108964
107677
106370
105046
103713
102376
101039
99701.7
98365.8
97031.6
95701.2
94376.4
93058.6
91746.3
90438.8
89133
87827.9
86522.3
85214.4
83909.2
82621.9
81359.9
80124.1
78914.4
77735
76578.6
75421.6
74240.7
73013
71744.9
70461.6
69123.8
67720
66284.9
64844.7
63414.6
62007.8
60639.4
59320.9
58057.9
56857.5
55716.4
54568.4
53374.3
52135.8
50856.8
49549.5
48235
46930.6
45647
44383.6
43138.4
41905.1
40679.5
39456.6
38234.2
37011.9
35792.4
34580.8
33383.1
32205.1
31050.2
29919.4
28811.7
27724.4
26655.1
25601
244496
243011
241539
240083
238643
237220
235814
234425
233053
231699
230361
229039
227733
226442
225166
223903
222653
221414
220187
218971
217764
216565
215376
214193
213018
211849
210686
209529
208376
207227
206082
204940
203802
202666
201533
200403
199274
198148
197023
195900
194778
193657
192537
191418
190299
189180
188062
186944
185826
184706
183586
182464
181343
180222
179099
177975
176849
175724
174599
173474
172349
171222
170094
168963
167831
166695
165555
164411
163264
162114
160962
159807
158647
157483
156314
155142
153966
152786
151604
150418
149228
148035
146839
145640
144437
143232
142024
140814
139601
138386
137170
135953
134734
133513
132291
131068
129843
128618
127391
126163
124934
123705
122476
121249
120029
118818
117618
116428
115241
114048
112837
111598
110324
109016
107687
106343
104994
103649
102307
100969
99630.7
98294.2
96960
95630.8
94306.8
92990.2
91679.1
90372.1
89067.1
87761.5
86455.7
85148.5
83850
82572.6
81313.8
80072.5
78857.8
77673.3
76510
75345.9
74161.5
72940
71683.8
70402.9
69064.7
67667.6
66239.4
64802.6
63371.2
61959.7
60584.4
59256.3
57978.2
56753.2
55581.1
54418.7
53223.8
51987.8
50713.6
49414.7
48109.4
46814.9
45539.5
44284.2
43046.2
41819.7
40600.5
39384.6
38169.7
36956.3
35746.9
34545.8
33358.4
32189.2
31041.6
29916.4
28813
27729.4
26663.7
25613.5
245448
243979
242521
241074
239641
238221
236815
235422
234044
232680
231330
229993
228670
227361
226064
224779
223506
222244
220993
219751
218519
217296
216081
214874
213674
212481
211294
210113
208937
207766
206599
205436
204277
203122
201970
200820
199674
198530
197388
196248
195109
193973
192837
191703
190570
189437
188305
187174
186043
184912
183781
182650
181518
180387
179255
178122
176988
175855
174722
173589
172454
171319
170181
169042
167902
166758
165612
164462
163309
162154
160997
159837
158674
157507
156337
155163
153986
152806
151623
150437
149247
148054
146858
145659
144458
143254
142048
140839
139628
138416
137203
135989
134774
133559
132344
131128
129912
128696
127479
126261
125042
123823
122605
121391
120186
118989
117800
116615
115422
114208
112959
111670
110343
108987
107618
106251
104893
103545
102205
100867
99532.8
98201.2
96872.6
95548.2
94229.1
92916.2
91607.4
90301.7
88997
87692.5
86387.5
85084.2
83797.3
82530.5
81269.9
80016.6
78792
77599.7
76426.2
75252.8
74061.6
72843.3
71595.7
70316.6
68982.7
67594.7
66176.4
64746.1
63317.6
61906.4
60529.5
59197.3
57910.5
56668.8
55471.3
54292.9
53095.5
51860.6
50590.8
49300.8
48005.6
46721
45454
44206.3
42974.4
41753.8
40539.9
39329.3
38120.6
36914.1
35712.4
34519.4
33339.7
32177.4
31035.4
29914.6
28814.7
27734.4
26672.2
25625.7
246458
245002
243554
242115
240687
239269
237862
236466
235082
233709
232348
230998
229659
228332
227016
225710
224415
223130
221855
220589
219332
218083
216843
215610
214385
213166
211954
210748
209548
208353
207163
205978
204797
203620
202447
201277
200111
198948
197787
196629
195473
194319
193168
192017
190869
189721
188575
187430
186286
185142
183999
182856
181714
180572
179429
178287
177145
176002
174860
173717
172573
171428
170283
169135
167987
166835
165682
164526
163368
162209
161046
159882
158715
157545
156372
155196
154018
152837
151653
150466
149276
148083
146888
145690
144491
143289
142085
140880
139675
138470
137264
136059
134855
133652
132450
131247
130045
128842
127638
126431
125223
124013
122803
121596
120393
119191
117988
116774
115538
114273
112968
111623
110248
108860
107477
106109
104756
103415
102082
100753
99428
98105.8
96786.2
95469.4
94156.2
92847.3
91540.8
90236.6
88932.8
87629.3
86326.2
85028.8
83757.7
82505.2
81235.4
79961.6
78723.2
77520.5
76334.3
75148.2
73948.5
72728.7
71484.3
70205.7
68877.2
67501.1
66094.8
64674.2
63252.9
61847.4
60474.4
59143.1
57853.3
56602
55387
54194.4
52991.6
51753.6
50486.6
49205.4
47920.9
46645.9
45387.1
44146.2
42919.6
41703.4
40493.4
39287.1
38083
36881.9
35686.2
34499.4
33325.6
32168.6
31030.9
29913.6
28816.7
27739.3
26680.2
25637.6
247490
246043
244602
243170
241745
240328
238921
237521
236131
234751
233379
232017
230664
229321
227987
226663
225347
224041
222743
221454
220173
218900
217635
216377
215126
213883
212646
211415
210190
208971
207758
206549
205346
204146
202952
201761
200574
199390
198210
197033
195859
194688
193519
192352
191188
190025
188864
187704
186546
185390
184234
183079
181925
180771
179618
178465
177313
176160
175008
173855
172702
171549
170394
169239
168082
166923
165763
164602
163438
162273
161106
159938
158767
157594
156419
155242
154062
152880
151696
150509
149320
148128
146935
145741
144545
143350
142155
140961
139769
138580
137393
136209
135025
133841
132657
131471
130282
129089
127894
126695
125487
124269
123040
121803
120555
119299
118034
116758
115465
114145
112798
111426
110043
108663
107298
105949
104615
103289
101970
100655
99340.7
98028.8
96717.8
95408.1
94100.1
92794.2
91489.5
90185.9
88882.9
87580.3
86279.3
84988.9
83736.5
82500.1
81217.4
79914.6
78657
77439.7
76238.2
75036.8
73828
72603.9
71358.1
70078.7
68754.8
67389.8
65996.2
64587.7
63178.3
61784
60420.1
59094.4
57806.1
56550.7
55325.4
54122.3
52909.8
51663.9
50398.8
49125.5
47851.1
46585.2
45334
44098.9
42876.9
41664.3
40457.5
39254.4
38053.9
36857.1
35665.9
34483.9
33314.7
32161.9
31027.7
29913.3
28818.9
27744.1
26687.9
25649
248260
246820
245384
243955
242533
241117
239708
238307
236914
235528
234150
232780
231418
230064
228719
227381
226052
224731
223418
222113
220815
219525
218242
216967
215698
214437
213182
211933
210690
209453
208222
206996
205775
204559
203347
202141
200938
199739
198544
197353
196164
194979
193797
192618
191441
190266
189094
187923
186754
185587
184422
183257
182094
180931
179770
178609
177448
176288
175128
173968
172808
171648
170487
169325
168162
166998
165833
164667
163500
162331
161161
159990
158818
157644
156469
155292
154113
152932
151749
150565
149379
148192
147005
145818
144633
143449
142270
141097
139930
138769
137610
136449
135280
134104
132919
131726
130524
129313
128091
126856
125607
124345
123067
121776
120479
119175
117865
116550
115228
113895
112550
111196
109844
108499
107165
105841
104526
103215
101907
100601
99294.1
97987.4
96680.8
95374.7
94069
92763.9
91460
90156.9
88854
87551.9
86251.8
84964.9
83722
82507.2
81225.9
79893.1
78607.1
77369.8
76152
74936.6
73718.6
72490.2
71240.9
69959.7
68639.3
67282.7
65899.7
64503.1
63106.7
61725.6
60372.7
59054.6
57770
56514.1
55284.3
54072.3
52847.1
51594.1
50331.7
49064.9
47798.5
46539.4
45293.7
44062.5
42843.7
41633.8
40429.5
39228.8
38031.2
36837.5
35649.8
34471.4
33305.8
32156.1
31024.6
29912.5
28820
27747.3
26693.6
25658.5
248757
247320
245888
244461
243040
241625
240216
238814
237418
236030
234648
233273
231906
230546
229194
227849
226512
225182
223859
222544
221236
219936
218642
217356
216076
214803
213536
212276
211022
209773
208531
207293
206061
204834
203612
202395
201182
199973
198768
197567
196370
195176
193985
192797
191612
190429
189249
188071
186895
185721
184549
183379
182209
181041
179874
178707
177542
176376
175211
174046
172882
171717
170551
169386
168219
167052
165885
164716
163547
162377
161207
160036
158864
157691
156518
155344
154169
152992
151814
150634
149454
148274
147094
145917
144744
143576
142416
141265
140123
138985
137843
136686
135506
134307
133093
131864
130621
129368
128104
126830
125543
124245
122936
121620
120302
118983
117666
116351
115035
113715
112389
111061
109734
108414
107100
105790
104485
103182
101879
100576
99272.6
97968.6
96664.2
95359.2
94054
92749.2
91445.2
90141.9
88838.9
87537.1
86237.5
84949.9
83705.9
82508.3
81250.4
79898
78578
77316.8
76084.1
74857.8
73632.2
72400.1
71148
69865.5
68547.4
67197
65822.1
64435.4
63049.8
61679.9
60336.3
59024.7
57743.3
56488.2
55255.5
54034.3
52797.7
51541.6
50282.7
49021.7
47761.4
46507.5
45265.6
44037
42820.2
41612
40409.3
39210.4
38014.9
36823.5
35638.4
34462.7
33299.7
32152.4
31022.8
29912.3
28821.3
27750.3
26698.9
25667.6
249107
247674
246244
244819
243399
241985
240576
239173
237776
236386
235002
233624
232253
230889
229532
228182
226839
225504
224175
222853
221538
220230
218929
217635
216348
215067
213792
212524
211261
210005
208754
207509
206269
205034
203804
202579
201359
200143
198931
197723
196519
195318
194121
192927
191736
190548
189362
188179
186998
185820
184643
183468
182294
181122
179950
178780
177611
176441
175273
174105
172936
171768
170600
169432
168263
167095
165926
164757
163588
162420
161252
160084
158915
157747
156579
155410
154240
153069
151895
150719
149541
148364
147191
146021
144858
143703
142557
141424
140299
139169
138019
136838
135623
134383
133125
131853
130575
129290
128000
126703
125400
124091
122777
121460
120144
118831
117521
116216
114913
113608
112299
110987
109677
108370
107067
105766
104466
103167
101867
100566
99264.2
97961.4
96657.5
95352.3
94046.4
92741.1
91436.7
90133.3
88830.4
87528.4
86228.9
84939.4
83687.5
82494.1
81270.2
79919
78566.2
77277.8
76028.4
74793.6
73560.8
72324.9
71071.2
69789.2
68473.5
67127.7
65759.7
64381
63004.7
61643.8
60307.9
59001.7
57722.8
56467.7
55231.7
54001.4
52756.6
51500
50244.5
48988.5
47733.2
46483.7
45245
44018.7
42803.4
41596.4
40395
39197.4
38003.3
36813.6
35630.4
34456.7
33295.5
32149.8
31021.7
29912.4
28822.4
27752.8
26703.4
25675.9
249354
247922
246494
245070
243652
242238
240829
239426
238028
236636
235251
233871
232498
231131
229771
228418
227071
225731
224398
223072
221752
220440
219134
217834
216541
215255
213974
212700
211432
210170
208914
207663
206417
205177
203942
202712
201486
200265
199048
197835
196626
195421
194219
193021
191826
190633
189444
188257
187073
185891
184711
183532
182356
181181
180007
178834
177661
176490
175318
174147
172977
171806
170636
169466
168297
167129
165961
164795
163630
162466
161303
160140
158976
157812
156649
155484
154317
153147
151972
150794
149616
148442
147274
146112
144956
143802
142656
141520
140386
139243
138072
136862
135612
134335
133043
131748
130453
129159
127864
126566
125264
123960
122653
121345
120038
118735
117435
116140
114846
113551
112251
110950
109648
108350
107053
105757
104460
103163
101864
100564
99262.9
97960.6
96656.6
95350.3
94043
92736.4
91431.8
90128.3
88825.3
87523.3
86223.7
84931.8
83671.5
82470.5
81270.1
79939.5
78569.4
77253.8
75986.2
74741.9
73502.3
72262.6
71009.2
69728.4
68415.7
67074.3
65711.9
64339.7
62970.6
61616.8
60286.8
58984.5
57707.6
56452
55211.9
53973.9
52723.8
51468.2
50215.2
48962.9
47711.4
46465.3
45229.2
44004.8
42791
41585.1
40384.7
39188.2
37995.2
36806.8
35624.9
34452.5
33292.6
32148.1
31020.9
29912.4
28823.3
27754.7
26707.1
25683.2
249525
248095
246668
245246
243827
242414
241005
239602
238204
236811
235425
234044
232669
231301
229938
228583
227234
225891
224555
223225
221903
220587
219277
217974
216677
215387
214103
212825
211553
210287
209027
207772
206522
205278
204039
202805
201576
200351
199130
197914
196702
195493
194289
193087
191889
190694
189502
188313
187126
185941
184759
183579
182401
181224
180048
178873
177698
176525
175352
174179
173006
171834
170663
169493
168325
167159
165995
164834
163674
162516
161358
160197
159033
157871
156708
155542
154376
153206
152032
150855
149679
148506
147340
146178
145014
143846
142681
141526
140372
139209
138020
136790
135519
134221
132915
131613
130318
129031
127745
126457
125165
123870
122573
121274
119976
118680
117388
116099
114811
113522
112228
110932
109636
108342
107049
105755
104460
103163
101865
100565
99264.4
97961.9
96657.5
95350.1
94041.3
92733.6
91428.6
90125.1
88822.2
87520
86220.1
84926.5
83658.2
82443.1
81247.7
79946.4
78579.8
77243.5
75955
74700.3
73454.4
72211.1
70959.1
69680.7
68371.8
67034.4
65676.6
64309.4
62945.8
61597.1
60271.5
58972.1
57696.2
56439.9
55195.9
53951.9
52699.2
51444.7
50193.6
48943.6
47694.8
46451.1
45217
43994.1
42781.5
41576.6
40377.1
39181.4
37989.3
36801.8
35620.9
34449.5
33290.5
32146.7
31020.2
29912.4
28823.9
27756.2
26710
25689.6
249642
248213
246787
245366
243948
242535
241126
239723
238324
236931
235544
234162
232786
231417
230053
228696
227345
226001
224663
223331
222006
220688
219376
218070
216771
215478
214191
212911
211636
210367
209104
207847
206595
205348
204106
202870
201638
200410
199187
197969
196754
195544
194337
193133
191933
190736
189542
188351
187163
185977
184794
183612
182433
181255
180078
178901
177726
176551
175376
174202
173028
171854
170681
169513
168350
167189
166031
164873
163716
162558
161398
160233
159066
157901
156737
155573
154410
153246
152075
150899
149721
148544
147374
146202
145024
143836
142650
141470
140292
139113
137915
136680
135403
134103
132797
131499
130214
128937
127663
126385
125103
123817
122526
121233
119940
118649
117361
116077
114794
113508
112218
110925
109631
108339
107047
105754
104459
103163
101865
100565
99264.2
97961.9
96657.1
95349.3
94039.8
92731.7
91426.5
90123
88820.2
87518
86217.7
84923
83647.8
82417
81211.6
79932.7
78585.2
77239.8
75933.5
74667.8
73413.9
72169.2
70918.7
69644.1
68338.9
67005.3
65651.2
64287.8
62928.1
61583.1
60260.5
58963.1
57687.9
56430.6
55183.3
53935
52681.3
51428.1
50178.1
48929.7
47682.6
46440.6
45207.8
43986
42774.4
41570.2
40371.4
39176.4
37984.9
36798.1
35617.9
34447.2
33288.9
32145.7
31019.7
29912.3
28824.3
27757.3
26712.3
25695
249720
248292
246867
245446
244028
242616
241207
239804
238405
237012
235624
234242
232865
231495
230130
228772
227420
226074
224735
223402
222076
220756
219442
218135
216834
215539
214251
212969
211692
210422
209157
207898
206644
205395
204152
202913
201679
200450
199226
198005
196789
195578
194369
193165
191963
190765
189570
188378
187189
186002
184818
183636
182456
181278
180100
178923
177746
176570
175394
174219
173045
171870
170696
169530
168372
167216
166059
164899
163738
162577
161414
160244
159074
157906
156740
155580
154423
153262
152091
150912
149729
148549
147369
146185
144994
143798
142595
141396
140203
139014
137812
136577
135306
134013
132713
131423
130147
128879
127613
126343
125068
123787
122500
121210
119919
118631
117347
116065
114784
113499
112210
110919
109626
108335
107044
105751
104456
103160
101862
100563
99262.2
97960.2
96655.5
95347.7
94038.2
92730.2
91425.1
90121.7
88818.9
87516.7
86216.2
84920.8
83640
82394
81172.3
79903.5
78578.6
77236.6
75919.3
74642.6
73379.8
72134.9
70886.6
69616.4
68314.9
66984.6
65633.4
64272.8
62915.7
61573.3
60252.7
58956.7
57681.9
56423.5
55173.6
53922.6
52668.6
51416.5
50167.4
48919.9
47674
46433.1
45201.1
43980.1
42769.2
41565.7
40367.4
39172.8
37981.8
36795.4
35615.8
34445.6
33287.8
32145
31019.4
29912.3
28824.7
27758
26714.1
25699.4
249770
248343
246918
245497
244080
242667
241259
239856
238457
237064
235675
234293
232916
231545
230180
228821
227468
226122
224782
223448
222121
220800
219485
218177
216875
215579
214290
213006
211729
210457
209191
207931
206676
205426
204181
202941
201706
200476
199250
198029
196812
195600
194391
193186
191983
190784
189588
188396
187206
186019
184835
183653
182473
181295
180117
178940
177762
176585
175409
174233
173057
171881
170708
169542
168386
167230
166071
164907
163740
162574
161409
160240
159067
157896
156728
155567
154411
153244
152074
150898
149713
148528
147343
146151
144954
143752
142543
141333
140132
138938
137733
136502
135238
133954
132662
131379
130109
128846
127584
126318
125047
123769
122484
121195
119907
118620
117337
116057
114776
113492
112204
110913
109622
108330
107040
105747
104452
103156
101859
100560
99259.4
97957.6
96653.3
95345.9
94036.7
92729.1
91424.2
90120.9
88818.2
87516
86215.3
84919.3
83635
82377.3
81140.5
79873.6
78562.8
77231.6
75910.9
74624.4
73352.3
72105.5
70861.6
69595.4
68297.9
66970.2
65621.3
64262.6
62907.4
61566.6
60247.4
58952.3
57677.7
56418.5
55166.6
53913.8
52659.9
51408.7
50160.1
48913.2
47668.1
46427.8
45196.4
43976
42765.5
41562.5
40364.6
39170.3
37979.7
36793.6
35614.3
34444.5
33287
32144.5
31019.1
29912.2
28824.9
27758.5
26715.3
25703
249800
248373
246949
245528
244112
242699
241291
239887
238489
237095
235707
234324
232947
231575
230210
228851
227497
226150
224810
223476
222148
220826
219511
218202
216899
215603
214313
213029
211751
210479
209212
207951
206695
205444
204199
202959
201723
200492
199266
198044
196827
195614
194405
193200
191997
190798
189601
188408
187218
186031
184847
183666
182487
181309
180131
178954
177775
176597
175420
174245
173068
171889
170714
169549
168392
167234
166072
164902
163731
162565
161400
160233
159058
157881
156711
155545
154388
153224
152048
150867
149685
148497
147308
146114
144919
143716
142504
141289
140084
138887
137681
136452
135196
133916
132630
131353
130087
128827
127567
126304
125035
123758
122475
121187
119899
118613
117331
116051
114770
113487
112199
110908
109617
108326
107035
105742
104448
103152
101855
100557
99256.6
97955.2
96651.2
95344.2
94035.6
92728.4
91423.7
90120.5
88817.8
87515.5
86214.8
84918.5
83632.3
82367.8
81120.2
79850.8
78547.5
77224.5
75905.5
74613.4
73331.3
72080.3
70842.2
69580.3
68286.1
66960.6
65613.3
64256
62902
61562.3
60244
58949.4
57675
56415
55161.8
53907.9
52654.3
51403.7
50155.3
48908.8
47664.1
46424.2
45193.2
43973.1
42763.1
41560.4
40362.7
39168.7
37978.3
36792.5
35613.4
34443.8
33286.5
32144.2
31019
29912.2
28825
27758.9
26716.2
25705.6
249817
248390
246966
245545
244128
242716
241308
239904
238506
237112
235723
234341
232963
231592
230226
228866
227513
226166
224825
223491
222162
220841
219525
218216
216913
215616
214326
213041
211763
210490
209223
207962
206706
205455
204209
202968
201732
200501
199274
198052
196835
195622
194414
193209
192007
190807
189611
188418
187228
186041
184857
183677
182498
181322
180144
178965
177786
176608
175431
174256
173080
171899
170720
169552
168393
167231
166064
164890
163717
162551
161385
160219
159048
157870
156698
155531
154368
153200
152024
150840
149656
148471
147282
146088
144892
143690
142479
141261
140053
138853
137647
136420
135169
133894
132612
131338
130075
128816
127558
126296
125028
123752
122469
121182
119895
118609
117327
116046
114766
113482
112195
110904
109614
108323
107032
105739
104445
103150
101853
100554
99254.5
97953.2
96649.6
95343.1
94034.8
92727.9
91423.4
90120.2
88817.5
87515.3
86214.6
84918.1
83630.9
82362.7
81108.6
79836.6
78536.6
77218.2
75901.8
74608.2
73317.6
72060.5
70827.1
69569.8
68278.3
66954.5
65608.4
64252.1
62898.8
61559.8
60242
58947.7
57673.3
56412.9
55158.8
53904.4
52651.1
51400.7
50152.3
48906
47661.7
46422.1
45191.4
43971.5
42761.6
41559.1
40361.6
39167.8
37977.5
36791.8
35612.9
34443.4
33286.2
32144
31018.9
29912.2
28825.1
27759.1
26716.8
25707.3
249823
248396
246972
245552
244135
242723
241315
239911
238512
237119
235730
234347
232970
231598
230233
228873
227520
226172
224831
223497
222168
220847
219531
218222
216918
215621
214331
213046
211768
210495
209228
207966
206710
205459
204213
202972
201736
200505
199278
198056
196838
195625
194417
193212
192010
190810
189614
188420
187231
186044
184860
183679
182501
181325
180147
178968
177789
176611
175435
174260
173084
171903
170724
169553
168391
167228
166058
164885
163712
162545
161380
160214
159040
157864
156691
155522
154357
153188
152009
150825
149640
148455
147267
146073
144878
143677
142465
141247
140038
138836
137630
136405
135157
133883
132603
131330
130068
128811
127553
126292
125024
123749
122466
121179
119893
118608
117325
116044
114764
113480
112192
110902
109612
108321
107030
105738
104444
103149
101852
100553
99253.4
97952.3
96648.8
95342.5
94034.4
92727.7
91423.2
90120.1
88817.4
87515.2
86214.4
84917.9
83630.4
82360.4
81103
79829.5
78530.9
77214.4
75900.7
74607.6
73312.1
72051.3
70818.3
69564.4
68274.5
66951.7
65606.2
64250.5
62897.6
61558.9
60241.3
58947.1
57672.7
56412.1
55157.8
53903.2
52649.9
51399.4
50151
48904.9
47660.7
46421.3
45190.7
43970.8
42761
41558.6
40361.1
39167.3
37977.1
36791.5
35612.6
34443.2
33286.1
32143.9
31018.8
29912.2
28825.1
27759.2
26717
25708.2
24936.9
23951.9
22925.3
21865.6
20776.8
19661.8
18522.9
17362.6
16183.6
14988.6
13780.8
12564
11342.6
10122.1
8909.05
7711.41
6538.72
5402.45
4316.18
3296.35
2362.5
1538.33
852.095
339.065
44.077
24898.1
23909.9
22883.1
21823.8
20736
19622.1
18484.4
17325.5
16147.9
14954.3
13748
12532.8
11313
10094.2
8882.94
7687.22
6516.55
5382.4
4298.33
3280.88
2349.46
1527.99
844.453
334.448
42.5811
24868.3
23873.9
22844.8
21785.1
20697.6
19584.4
18447.6
17289.7
16113.1
14920.8
13715.8
12501.9
11283.6
10066.3
8856.75
7662.84
6494.08
5361.96
4280.07
3264.94
2336.01
1517.2
836.55
329.667
41.2106
24842.6
23841.2
22809.1
21748.5
20661.1
19548.5
18412.5
17255.4
16079.9
14888.7
13685
12472.4
11255.5
10039.8
8831.86
7639.7
6472.79
5342.64
4262.84
3249.93
2323.39
1507.12
829.235
325.343
40.0738
24820.6
23812.2
22776.5
21714.6
20627.1
19514.8
18379.4
17223.1
16048.5
14858.3
13655.6
12444.2
11228.6
10014.4
8807.96
7617.44
6452.29
5324.01
4246.21
3235.44
2311.19
1497.4
822.22
321.265
39.0931
24801.6
23786
22746.2
21682.7
20594.9
19482.9
18348
17192.3
16018.5
14829.1
13627.5
12417.3
11203
9990.05
8785.15
7596.23
6432.78
5306.3
4230.43
3221.72
2299.68
1488.27
815.681
317.553
38.2585
24785
23762.1
22718.2
21652.9
20564.6
19452.8
18318.4
17163.3
15990.1
14801.6
13600.9
12391.7
11178.6
9966.95
8763.43
7576
6414.15
5289.39
4215.35
3208.6
2288.68
1479.55
809.479
314.083
37.5336
24770.5
23740.2
22692
21624.8
20536.1
19424.4
18290.3
17135.7
15963.1
14775.4
13575.6
12367.4
11155.3
9944.91
8742.73
7556.74
6396.43
5273.32
4201.04
3196.18
2278.29
1471.36
803.687
310.914
36.9073
24757.3
23719.9
22667.5
21598.4
20509.1
19397.6
18263.8
17109.7
15937.7
14750.7
13551.6
12344.4
11133.4
9924.08
8723.14
7538.49
6379.64
5258.08
4187.47
3184.39
2268.43
1463.6
798.245
307.977
36.3571
24744
23700.5
22644.3
21573.4
20483.7
19372.2
18238.8
17085.1
15913.7
14727.2
13529
12322.5
11112.5
9904.3
8704.55
7521.19
6363.72
5243.65
4174.63
3173.26
2259.14
1456.32
793.166
305.29
35.8778
24729
23681.2
22622.1
21549.8
20459.6
19348.2
18215.1
17061.9
15891
14705.2
13507.6
12302
11092.9
9885.72
8687.07
7504.91
6348.74
5230.06
4162.54
3162.78
2250.4
1449.48
788.434
302.813
35.4536
24711.3
23661.5
22600.7
21527.6
20437
19325.6
18192.8
17040.1
15869.7
14684.5
13487.6
12282.7
11074.4
9868.18
8670.58
7489.57
6334.62
5217.27
4151.16
3152.93
2242.21
1443.1
784.032
300.548
35.0806
24690.8
23641.2
22580.1
21506.6
20415.8
19304.4
18171.9
17019.6
15849.7
14665.1
13468.8
12264.7
11057.2
9851.82
8655.19
7475.23
6321.44
5205.31
4140.53
3143.73
2234.56
1437.15
779.962
298.476
34.7501
24668.1
23620.7
22560.4
21486.9
20395.9
19284.5
18152.3
17000.4
15831.1
14647
13451.3
12247.8
11041
9836.5
8640.79
7461.83
6309.12
5194.15
4130.61
3135.15
2227.44
1431.63
776.2
296.587
34.4573
24644.5
23600.4
22541.6
21468.5
20377.5
19266.1
18134.1
16982.6
15813.7
14630.2
13435.1
12232.2
11026.1
9822.35
8627.48
7449.44
6297.72
5183.82
4121.44
3127.22
2220.86
1426.53
772.754
294.871
34.1977
24621.5
23580.9
22524.1
21451.5
20360.4
19249
18117.2
16966.1
15797.7
14614.6
13420
12217.8
11012.3
9809.24
8615.15
7437.97
6287.18
5174.28
4112.96
3119.9
2214.81
1421.86
769.598
293.318
33.9679
24600.4
23562.9
22508
21435.9
20344.8
19233.4
18101.7
16950.9
15782.9
14600.3
13406.3
12204.5
10999.7
9797.27
8603.9
7427.5
6277.55
5165.56
4105.22
3113.22
2209.28
1417.6
766.743
291.923
33.765
24582
23546.8
22493.3
21421.6
20330.5
19219
18087.5
16937
15769.4
14587.3
13393.8
12192.5
10988.2
9786.36
8593.65
7417.96
6268.79
5157.62
4098.19
3107.15
2204.27
1413.75
764.165
290.676
33.5864
24566.4
23532.8
22480.2
21408.8
20317.6
19206.1
18074.7
16924.4
15757.3
14575.6
13382.4
12181.7
10977.8
9776.57
8584.45
7409.41
6260.93
5150.51
4091.88
3101.71
2199.78
1410.31
761.874
289.572
33.4305
24553.3
23520.6
22468.6
21397.3
20306
19194.5
18063.1
16913.2
15746.4
14565.1
13372.4
12172
10968.6
9767.84
8576.25
7401.79
6253.93
5144.18
4086.27
3096.88
2195.8
1407.26
759.848
288.605
33.2954
24542.4
23510.2
22458.5
21387.2
20295.8
19184.2
18052.9
16903.2
15736.7
14555.8
13363.5
12163.5
10960.6
9760.22
8569.1
7395.15
6247.83
5138.66
4081.38
3092.67
2192.34
1404.61
758.098
287.771
33.18
24533.3
23501.2
22449.6
21378.2
20286.8
19175.2
18044
16894.5
15728.4
14547.8
13355.8
12156.2
10953.6
9753.66
8562.95
7389.44
6242.59
5133.93
4077.19
3089.07
2189.38
1402.36
756.606
287.065
33.0828
24525.5
23493.6
22442
21370.6
20279
19167.4
18036.4
16887.2
15721.3
14541
13349.4
12150.1
10947.8
9748.19
8557.84
7384.69
6238.24
5130
4073.71
3086.08
2186.92
1400.49
755.38
286.486
33.0034
24519
23487.1
22435.5
21364
20272.5
19161
18030.1
16881
15715.4
14535.5
13344.1
12145.1
10943.1
9743.79
8553.73
7380.89
6234.75
5126.85
4070.93
3083.7
2184.97
1399.01
754.407
286.028
32.9408
24513.5
23481.7
22430.1
21358.7
20267.2
19155.8
18025.1
16876.2
15710.8
14531.2
13340.1
12141.3
10939.6
9740.48
8550.65
7378.05
6232.16
5124.51
4068.86
3081.93
2183.52
1397.91
753.693
285.692
32.8946
24508.9
23477.2
22425.8
21354.4
20263
19151.8
18021.2
16872.6
15707.5
14528.1
13337.2
12138.7
10937.2
9738.25
8548.59
7376.15
6230.42
5122.96
4067.49
3080.76
2182.57
1397.2
753.23
285.474
32.8643
24505.1
23473.6
22422.4
21351.3
20260.1
19149
18018.7
16870.3
15705.4
14526.2
13335.6
12137.3
10935.9
9737.09
8547.55
7375.21
6229.58
5122.2
4066.83
3080.2
2182.13
1396.87
753.022
285.375
32.8497
24501.7
23470.7
22419.8
21349
20258.1
19147.3
18017.2
16869.1
15704.5
14525.6
13335.1
12137
10935.7
9737.02
8547.53
7375.22
6229.6
5122.23
4066.87
3080.25
2182.18
1396.93
753.068
285.394
32.8506
24499.1
23468.7
22418.4
21348
20257.5
19147.1
18017.5
16869.6
15705.3
14526.6
13336.4
12138.4
10937.2
9738.49
8548.98
7376.6
6230.9
5123.42
4067.94
3081.18
2182.97
1397.54
753.485
285.587
32.874
24497.5
23467.9
22418.4
21348.6
20258.7
19148.7
18019.5
16872
15707.9
14529.5
13339.4
12141.4
10940.3
9741.53
8551.9
7379.36
6233.46
5125.75
4070.01
3082.98
2184.47
1398.7
754.263
285.949
32.9197
24497
23468.4
22419.8
21350.8
20261.5
19152.1
18023.3
16876.2
15712.4
14534.1
13344.1
12146.2
10945
9746.13
8556.29
7383.5
6237.28
5129.23
4073.11
3085.66
2186.69
1400.42
755.411
286.486
32.9884
24497.7
23470.2
22422.6
21354.5
20266
19157.2
18028.9
16882.2
15718.7
14540.6
13350.7
12152.7
10951.4
9752.29
8562.17
7389.01
6242.37
5133.84
4077.21
3089.2
2189.63
1402.69
756.928
287.198
33.0805
24499.5
23473.4
22426.9
21359.9
20272.2
19164.1
18036.3
16890
15726.8
14548.8
13359
12160.9
10959.4
9760.03
8569.52
7395.89
6248.73
5139.61
4082.34
3093.63
2193.3
1405.51
758.824
288.094
33.1974
24502.7
23477.9
22432.8
21366.9
20280.1
19172.8
18045.7
16899.8
15736.8
14559
13369.1
12170.9
10969.1
9769.34
8578.35
7404.16
6256.35
5146.52
4088.47
3098.93
2197.7
1408.9
761.1
289.176
33.3401
24507.2
23483.9
22440.2
21375.6
20289.9
19183.5
18056.9
16911.5
15748.7
14570.9
13381
12182.6
10980.4
9780.22
8588.66
7413.8
6265.24
5154.58
4095.63
3105.11
2202.82
1412.85
763.77
290.454
33.5105
24513
23491.4
22449.3
21386.1
20301.5
19196
18070.1
16925.1
15762.6
14584.8
13394.7
12196
10993.5
9792.69
8600.46
7424.82
6275.4
5163.78
4103.81
3112.16
2208.68
1417.37
766.836
291.936
33.711
24520.3
23500.5
22460.1
21398.4
20315.1
19210.5
18085.4
16940.7
15778.4
14600.6
13410.3
12211.2
11008.2
9806.74
8613.75
7437.24
6286.83
5174.14
4113.01
3120.11
2215.28
1422.48
770.314
293.633
33.9444
24529.1
23511.3
22472.7
21412.7
20330.8
19227.2
18102.7
16958.4
15796.2
14618.3
13427.7
12228.2
11024.5
9822.4
8628.54
7451.04
6299.55
5185.66
4123.25
3128.94
2222.63
1428.16
774.209
295.556
34.2144
24539.3
23523.8
22487.3
21429
20348.5
19245.9
18122.1
16978.2
15816.1
14638
13447.1
12247
11042.6
9839.66
8644.84
7466.24
6313.55
5198.34
4134.52
3138.67
2230.73
1434.44
778.537
297.724
34.526
24551.2
23538.1
22503.9
21447.5
20368.5
19267
18143.8
17000.2
15838
14659.7
13468.3
12267.6
11062.5
9858.54
8662.65
7482.84
6328.84
5212.18
4146.83
3149.3
2239.59
1441.32
783.306
300.145
34.8856
24564.6
23554.3
22522.6
21468.3
20390.8
19290.3
18167.7
17024.4
15862.1
14683.4
13491.5
12290.1
11084
9879.05
8681.99
7500.86
6345.43
5227.19
4160.19
3160.84
2249.22
1448.81
788.531
302.843
35.301
24579.6
23572.5
22543.6
21491.5
20415.5
19316.1
18194
17050.8
15888.4
14709.2
13516.6
12314.3
11107.3
9901.19
8702.86
7520.28
6363.33
5243.39
4174.61
3173.29
2259.62
1456.92
794.22
305.834
35.7834
24595.5
23592
22566
21516.1
20441.7
19343.2
18221.5
17078.3
15915.6
14735.9
13542.6
12339.4
11131.3
9923.95
8724.3
7540.23
6381.7
5260.01
4189.42
3186.09
2270.33
1465.28
800.122
308.998
36.322
24611.4
23611.5
22588.6
21540.8
20467.7
19369.9
18248.5
17105.3
15942.2
14761.9
13567.8
12363.7
11154.6
9945.98
8745.05
7559.52
6399.47
5276.09
4203.75
3198.48
2280.71
1473.39
805.879
312.143
36.8913
24627
23630.9
22610.9
21565.1
20493.1
19395.9
18274.7
17131.2
15967.8
14786.9
13591.9
12386.9
11176.8
9967.03
8764.86
7577.92
6416.43
5291.44
4217.44
3210.31
2290.63
1481.17
811.414
315.222
37.4848
24642.3
23650
22632.7
21588.7
20517.7
19420.9
18299.8
17156.1
15992.2
14810.6
13614.9
12409
11197.9
9986.98
8783.64
7595.36
6432.5
5305.99
4230.41
3221.54
2300.05
1488.57
816.695
318.21
38.1001
24657
23668.6
22654.1
21611.6
20541.4
19444.8
18323.7
17179.7
16015.3
14833.1
13636.6
12429.8
11217.8
10005.8
8801.33
7611.8
6447.63
5319.7
4242.64
3232.14
2308.93
1495.57
821.694
321.08
38.733
24671.2
23686.7
22674.7
21633.6
20563.9
19467.5
18346.3
17202
16037
14854.2
13657
12449.4
11236.5
10023.5
8817.92
7627.21
6461.82
5332.57
4254.11
3242.1
2317.27
1502.17
826.406
323.822
39.38
24684.8
23704.3
22694.7
21654.5
20585.3
19489
18367.6
17222.9
16057.5
14874.1
13676.1
12467.7
11253.9
10040
8833.4
7641.59
6475.05
5344.58
4264.81
3251.4
2325.05
1508.35
830.815
326.416
40.0359
24697.9
23721.4
22713.7
21674.4
20605.4
19509.1
18387.5
17242.5
16076.5
14892.5
13694
12484.8
11270.2
10055.3
8847.81
7654.99
6487.37
5355.78
4274.77
3260.09
2332.31
1514.14
834.937
328.866
40.697
24710.5
23737.9
22731.9
21693.1
20624.4
19528
18406.2
17260.7
16094.3
14909.7
13710.5
12500.6
11285.3
10069.6
8861.15
7667.4
6498.77
5366.16
4284
3268.15
2339.03
1519.51
838.758
331.154
41.3578
24722.8
23754
22749.2
21710.8
20642.1
19545.6
18423.5
17277.6
16110.7
14925.7
13725.9
12515.4
11299.2
10082.8
8873.5
7678.91
6509.32
5375.79
4292.55
3275.65
2345.26
1524.52
842.315
333.292
42.0149
24735
23769.5
22765.5
21727.3
20658.6
19562
18439.5
17293.3
16126
14940.4
13740
12528.9
11312.1
10095
8884.86
7689.51
6519.02
5384.65
4300.41
3282.55
2350.98
1529.15
845.582
335.267
42.6629
24747.3
23784.5
22780.9
21742.8
20674.1
19577.3
18454.4
17307.8
16140
14954
13753.1
12541.5
11324
10106.2
8895.35
7699.32
6528
5392.87
4307.69
3288.97
2356.29
1533.45
848.618
337.104
43.3
24759.9
23798.9
22795.4
21757.2
20688.4
19591.3
18468.1
17321.1
16152.9
14966.5
13765.1
12552.9
11334.8
10116.5
8904.91
7708.27
6536.17
5400.37
4314.31
3294.81
2361.11
1537.38
851.37
338.771
43.9175
24772.7
23812.7
22809.1
21770.8
20701.8
19604.4
18480.9
17333.5
16164.9
14978
13776.2
12563.6
11344.9
10126.1
8913.8
7716.6
6543.78
5407.36
4320.49
3300.29
2365.62
1541.06
853.95
340.331
44.5226
24785.5
23825.5
22821.5
21782.9
20713.5
19615.7
18491.6
17343.9
16174.9
14987.6
13785.4
12572.3
11353
10133.8
8920.87
7723.23
6549.78
5412.88
4325.35
3304.6
2369.14
1543.96
855.956
341.541
45.0396
)
;

boundaryField
{
    inlet
    {
        type            calculated;
        value           nonuniform List<scalar> 
30
(
6.09614e+06
6.09629e+06
6.09653e+06
6.09679e+06
6.09709e+06
6.09758e+06
6.09821e+06
6.09899e+06
6.10009e+06
6.10137e+06
6.10327e+06
6.10496e+06
6.10741e+06
6.11062e+06
6.11483e+06
6.11999e+06
6.12631e+06
6.13312e+06
6.14016e+06
6.14371e+06
6.1449e+06
6.14572e+06
6.14506e+06
6.14473e+06
6.14428e+06
6.14339e+06
6.14277e+06
6.14242e+06
6.14226e+06
6.14219e+06
)
;
    }
    outlet
    {
        type            calculated;
        value           uniform 0;
    }
    upperWall
    {
        type            calculated;
        value           nonuniform List<scalar> 
223
(
6.14219e+06
6.04665e+06
5.94921e+06
5.85617e+06
5.76787e+06
5.68414e+06
5.6048e+06
5.52963e+06
5.45846e+06
5.39108e+06
5.3273e+06
5.26693e+06
5.2098e+06
5.15573e+06
5.10456e+06
5.05612e+06
5.01027e+06
4.96685e+06
4.93186e+06
4.90401e+06
4.8762e+06
4.84845e+06
4.82076e+06
4.79314e+06
4.76559e+06
4.73812e+06
4.71073e+06
4.68344e+06
4.65623e+06
4.62912e+06
4.60211e+06
4.5752e+06
4.5484e+06
4.52171e+06
4.49513e+06
4.46867e+06
4.44232e+06
4.41608e+06
4.38997e+06
4.36397e+06
4.3381e+06
4.31234e+06
4.2867e+06
4.26118e+06
4.23577e+06
4.21048e+06
4.18531e+06
4.16024e+06
4.13529e+06
4.11044e+06
4.0857e+06
4.06106e+06
4.03651e+06
4.01207e+06
3.98772e+06
3.96346e+06
3.93929e+06
3.9152e+06
3.89119e+06
3.86726e+06
3.8434e+06
3.8196e+06
3.79586e+06
3.77217e+06
3.74853e+06
3.72494e+06
3.7014e+06
3.67791e+06
3.65446e+06
3.63105e+06
3.60766e+06
3.5843e+06
3.56096e+06
3.53764e+06
3.51434e+06
3.49106e+06
3.46778e+06
3.44451e+06
3.42124e+06
3.39796e+06
3.37469e+06
3.35141e+06
3.32813e+06
3.30483e+06
3.28152e+06
3.25817e+06
3.23481e+06
3.21142e+06
3.188e+06
3.16456e+06
3.14108e+06
3.11756e+06
3.09401e+06
3.07044e+06
3.04684e+06
3.0232e+06
2.9995e+06
2.97575e+06
2.95194e+06
2.9281e+06
2.90422e+06
2.88029e+06
2.8563e+06
2.83226e+06
2.80817e+06
2.78402e+06
2.75984e+06
2.73561e+06
2.71132e+06
2.68695e+06
2.66251e+06
2.63799e+06
2.61341e+06
2.58879e+06
2.56413e+06
2.53943e+06
2.51467e+06
2.48986e+06
2.465e+06
2.44008e+06
2.41511e+06
2.39008e+06
2.365e+06
2.33988e+06
2.31471e+06
2.28951e+06
2.26425e+06
2.23896e+06
2.21362e+06
2.18823e+06
2.16281e+06
2.13734e+06
2.11184e+06
2.08629e+06
2.06071e+06
2.0351e+06
2.00946e+06
1.98378e+06
1.95808e+06
1.93235e+06
1.90659e+06
1.88082e+06
1.85502e+06
1.8292e+06
1.80337e+06
1.77753e+06
1.75169e+06
1.72583e+06
1.69998e+06
1.67412e+06
1.64827e+06
1.62244e+06
1.59662e+06
1.5708e+06
1.54498e+06
1.51916e+06
1.49336e+06
1.4676e+06
1.44187e+06
1.41619e+06
1.39056e+06
1.36496e+06
1.33937e+06
1.3138e+06
1.28826e+06
1.26277e+06
1.23734e+06
1.21198e+06
1.1867e+06
1.16151e+06
1.13641e+06
1.1114e+06
1.08647e+06
1.06164e+06
1.03691e+06
1.01227e+06
987749
963337
939042
914875
890842
866950
843207
819618
796187
772923
749832
726924
704210
681700
659408
637349
615540
594003
572767
551877
531410
511549
493475
474399
454411
433705
412373
390474
368060
345183
321893
298249
274320
250186
225937
201692
177577
153760
130423
107803
86161.8
65839.1
47209.9
30767.2
17048.7
6782.66
881.141
)
;
    }
    lowerWall
    {
        type            calculated;
        value           nonuniform List<scalar> 
250
(
6.09614e+06
6.00014e+06
5.90119e+06
5.80546e+06
5.71324e+06
5.62436e+06
5.53862e+06
5.4558e+06
5.37566e+06
5.29793e+06
5.22231e+06
5.14844e+06
5.07591e+06
5.00415e+06
4.93243e+06
4.85955e+06
4.7834e+06
4.69861e+06
3.97158e+06
3.97303e+06
3.97591e+06
3.98025e+06
3.98609e+06
3.99346e+06
4.00242e+06
4.01301e+06
4.02529e+06
4.03937e+06
4.05534e+06
4.07337e+06
4.09363e+06
4.11636e+06
4.14185e+06
4.17134e+06
4.204e+06
4.23692e+06
4.27002e+06
4.30325e+06
4.33664e+06
4.3703e+06
4.40438e+06
4.43919e+06
4.47547e+06
4.51468e+06
4.55741e+06
3.97158e+06
3.97127e+06
3.97063e+06
3.96967e+06
3.96836e+06
3.96672e+06
3.96473e+06
3.9624e+06
3.95971e+06
3.95667e+06
3.95326e+06
3.94948e+06
3.94534e+06
3.94082e+06
3.93592e+06
3.93064e+06
3.92498e+06
3.91894e+06
3.91252e+06
3.90572e+06
3.89854e+06
3.89099e+06
3.88306e+06
3.87477e+06
3.8661e+06
3.85708e+06
3.84769e+06
3.83795e+06
3.82786e+06
3.81741e+06
3.80662e+06
3.79549e+06
3.78402e+06
3.77222e+06
3.76008e+06
3.74763e+06
3.73485e+06
3.72177e+06
3.70839e+06
3.69471e+06
3.68073e+06
3.66646e+06
3.65189e+06
3.63703e+06
3.6219e+06
3.60648e+06
3.5908e+06
3.57484e+06
3.55862e+06
3.54214e+06
3.52542e+06
3.50845e+06
3.49125e+06
3.47382e+06
3.45616e+06
3.43827e+06
3.42018e+06
3.40186e+06
3.38334e+06
3.3646e+06
3.34567e+06
3.32654e+06
3.30721e+06
3.2877e+06
3.268e+06
3.24811e+06
3.22804e+06
3.20778e+06
3.18734e+06
3.16672e+06
3.14592e+06
3.12495e+06
3.10381e+06
3.08251e+06
3.06105e+06
3.03945e+06
3.01769e+06
2.99579e+06
2.97376e+06
2.95158e+06
2.92928e+06
2.90685e+06
2.88429e+06
2.86161e+06
2.83882e+06
2.8159e+06
2.79287e+06
2.76974e+06
2.74649e+06
2.72315e+06
2.69972e+06
2.67619e+06
2.65258e+06
2.62888e+06
2.60508e+06
2.58119e+06
2.55718e+06
2.53307e+06
2.50885e+06
2.48452e+06
2.46007e+06
2.43552e+06
2.41087e+06
2.38613e+06
2.3613e+06
2.33638e+06
2.3114e+06
2.28635e+06
2.26124e+06
2.23609e+06
2.21088e+06
2.18564e+06
2.16035e+06
2.13502e+06
2.10965e+06
2.08425e+06
2.0588e+06
2.03331e+06
2.00779e+06
1.98223e+06
1.95664e+06
1.93101e+06
1.90535e+06
1.87966e+06
1.85395e+06
1.82821e+06
1.80244e+06
1.77666e+06
1.75087e+06
1.72506e+06
1.69925e+06
1.67343e+06
1.64761e+06
1.62179e+06
1.59598e+06
1.57017e+06
1.54438e+06
1.5186e+06
1.49284e+06
1.4671e+06
1.44138e+06
1.4157e+06
1.39005e+06
1.36443e+06
1.33886e+06
1.31333e+06
1.28785e+06
1.26242e+06
1.23705e+06
1.21175e+06
1.18651e+06
1.16134e+06
1.13625e+06
1.11124e+06
1.08632e+06
1.06148e+06
1.03675e+06
1.01212e+06
987607
963203
938920
914762
890735
866848
843106
819517
796088
772828
749745
726845
704141
681642
659358
637305
615500
593964
572726
551830
531348
511443
493002
473879
453897
433205
411888
390007
367611
344750
321477
297851
273940
249824
225597
201371
177280
153483
130170
107571
85958.1
65658.8
47065.3
30646.7
16969.5
6734.46
861.472
)
;
    }
    frontAndBack
    {
        type            empty;
    }
}


// ************************************************************************* //
