/*--------------------------------*- C++ -*----------------------------------*\
  =========                 |
  \\      /  F ield         | OpenFOAM: The Open Source CFD Toolbox
   \\    /   O peration     | Website:  https://openfoam.org
    \\  /    A nd           | Version:  9
     \\/     M anipulation  |
\*---------------------------------------------------------------------------*/
FoamFile
{
    format      ascii;
    class       volScalarField;
    location    "0.095";
    object      pPrime2Mean;
}
// * * * * * * * * * * * * * * * * * * * * * * * * * * * * * * * * * * * * * //

dimensions      [0 4 -4 0 0 0 0];

internalField   nonuniform List<scalar> 
12225
(
292590
289816
286590
283104
279471
275771
272060
268371
264723
261127
257585
254090
250632
247190
243730
240195
236468
232277
292627
289845
286612
283122
279485
275783
272071
268381
264733
261138
257596
254104
250649
247212
243762
240246
236571
232573
292729
289909
286661
283161
279517
275811
272095
268403
264755
261160
257621
254133
250686
247260
243830
240354
236771
233028
292869
290015
286743
283226
279570
275856
272135
268440
264791
261198
257663
254182
250746
247339
243941
240523
237057
233560
293093
290170
286862
283321
279648
275922
272193
268494
264844
261253
257724
254253
250833
247452
244096
240749
237412
234130
293401
290384
287027
283453
279757
276014
272274
268569
264918
261330
257808
254350
250951
247602
244297
241031
237820
234720
293784
290662
287245
283627
279899
276134
272380
268668
265014
261429
257917
254475
251101
247791
244543
241362
238270
235321
294190
291012
287524
283851
280082
276289
272517
268794
265137
261556
258054
254632
251287
248020
244833
241736
238754
235929
294730
291452
287873
284130
280312
276483
272687
268951
265290
261713
258223
254822
251511
248290
245165
242149
239264
236542
295388
291995
288304
284475
280593
276720
272895
269143
265476
261903
258426
255049
251772
248598
245535
242595
239796
237161
296244
292659
288827
284892
280932
277005
273146
269373
265698
262128
258666
255313
252071
248945
245941
243070
240346
237784
297156
293396
289402
285347
281301
277315
273416
269621
265937
262370
258920
255589
252380
249296
246342
243529
240864
238359
298308
294249
290058
285862
281717
277664
273721
269900
266205
262639
259200
255892
252714
249669
246763
244001
241388
238932
299862
295387
290923
286537
282261
278118
274118
270262
266551
262984
259558
256273
253129
250127
247268
244557
241997
239587
301842
296875
292047
287410
282961
278702
274626
270726
266993
263423
260009
256748
253638
250678
247867
245206
242694
240330
304544
298819
293478
288506
283836
279431
275262
271306
267545
263968
260564
257326
254249
251330
248564
245950
243482
241158
307958
301161
295177
289802
284873
280300
276024
272004
268211
264624
261227
258011
254965
252082
249357
246783
244355
242067
311564
303607
296946
291165
285978
281244
276867
272788
268965
265370
261983
258786
255767
252918
250228
247689
245295
243036
313999
305260
298216
292220
286905
282091
277669
273567
269738
266151
262780
259606
256616
253797
251138
248630
246264
244031
312318
304706
298147
292388
287205
282475
278109
274050
270257
266702
263360
260215
257252
254459
251824
249338
246991
244775
310350
303591
297566
292134
287159
282562
278286
274291
270546
267027
263716
260597
257656
254882
252264
249793
247459
245255
308386
302372
296848
291741
286977
282521
278341
274414
270718
267236
263954
260857
257936
255178
252574
250114
247790
245593
306628
301263
296164
291336
286761
282430
278337
274471
270818
267369
264111
261034
258128
255383
252789
250338
248021
245831
305207
300338
295581
290983
286560
282333
278311
274493
270876
267453
264215
261154
258259
255524
252938
250493
248182
245996
304091
299622
295129
290704
286397
282249
278280
274500
270910
267507
264283
261233
258348
255619
253039
250599
248291
246108
303232
299085
294795
290498
286275
282183
278254
274501
270930
267540
264327
261285
258406
255682
253106
250669
248364
246183
302607
298710
294566
290357
286191
282138
278234
274499
270941
267561
264355
261318
258443
255723
253149
250715
248411
246232
302154
298467
294420
290268
286138
282108
278221
274498
270948
267573
264372
261338
258466
255747
253175
250742
248439
246261
301901
298331
294340
290219
286109
282092
278214
274497
270951
267580
264381
261349
258478
255760
253189
250757
248455
246276
301798
298274
294307
290199
286097
282086
278211
274496
270952
267582
264384
261353
258483
255766
253195
250762
248461
246283
196682
196666
196634
196586
196521
196441
196346
196235
196107
195961
195796
195612
195408
195185
194943
194681
194399
194097
193774
193432
193071
192691
192293
191877
191444
190994
190528
190045
189547
189033
188504
187959
187400
186825
186233
185627
185008
184378
183738
183087
182424
181746
181047
180328
179589
178832
178062
177280
176488
175688
174882
174070
173253
172429
171598
170760
169916
169059
168185
167296
166396
165488
164576
163656
162721
161767
160794
159811
158821
157822
156809
155780
154731
153661
152574
151478
150380
149281
148190
147107
146024
144934
143833
142729
141620
140500
139372
138238
137095
135937
134769
133603
132446
131298
130153
129004
127847
126678
125493
124295
123083
121855
120611
119348
118066
116767
115467
114167
112876
111607
110359
109128
107916
106718
105522
104314
103080
101809
100495
99138.7
97747.4
96331.7
94904.7
93479.1
92064.6
90667.4
89289.7
87931.4
86590.8
85265.9
83954.4
82654
81362.5
80077.8
78798.2
77522.5
76249.8
74979.6
73711.4
72445.4
71181.2
69918.8
68658.3
67399.7
66142.8
64887.6
63634.1
62382.2
61131.9
59883.2
58636.3
57391.3
56148.4
54908.4
53671.9
52440.3
51214.5
49995.2
48783.1
47578.5
46380.8
45188.6
44001.3
42820.4
41645.9
40476.1
39313.6
38163.1
37027.7
35906.5
34794.6
33685.6
32582.2
31488.4
30405.2
29335.7
28281.1
27244
26228.4
25243.1
196752
196736
196704
196656
196591
196512
196417
196305
196177
196030
195864
195679
195475
195252
195010
194748
194465
194162
193838
193495
193131
192748
192347
191928
191491
191038
190568
190083
189582
189067
188539
187996
187441
186869
186280
185674
185054
184421
183777
183119
182447
181761
181058
180336
179595
178836
178068
177291
176500
175699
174890
174075
173255
172432
171604
170765
169919
169062
168192
167310
166417
165511
164595
163668
162725
161769
160799
159817
158828
157831
156818
155790
154743
153670
152580
151482
150377
149277
148186
147104
146028
144945
143848
142745
141639
140522
139393
138253
137105
135947
134784
133625
132474
131328
130183
129034
127875
126703
125516
124315
123101
121872
120627
119364
118084
116785
115480
114177
112889
111622
110376
109150
107944
106750
105557
104349
103113
101839
100523
99164.1
97770.2
96351.6
94921.5
93492.9
92075.9
90676.6
89297.3
87937.7
86596.1
85270.3
83958
82656.9
81364.9
80080
78800.2
77524.4
76251.7
74981.4
73713.3
72447.2
71183
69920.7
68660.2
67401.6
66144.7
64889.5
63636.1
62384.3
61134.1
59885.5
58638.7
57394
56151.5
54911.9
53675.9
52444.8
51219.5
50000.6
48788.5
47583.4
46384.5
45191.1
44003.3
42823.1
41649.4
40479.9
39318
38168.2
37032.8
35911.4
34798.2
33688.8
32586.2
31492.5
30408.9
29338.6
28282.6
27244
26226.4
25236.3
196894
196879
196848
196801
196737
196658
196562
196449
196320
196172
196006
195823
195620
195396
195152
194888
194603
194297
193970
193622
193254
192866
192459
192034
191591
191131
190656
190166
189662
189144
188613
188069
187512
186939
186351
185746
185125
184492
183844
183183
182506
181813
181103
180379
179641
178887
178119
177338
176543
175738
174926
174109
173289
172465
171635
170796
169948
169092
168226
167349
166457
165550
164626
163689
162740
161779
160810
159831
158842
157844
156832
155801
154751
153679
152591
151493
150389
149289
148199
147118
146044
144967
143875
142776
141671
140555
139424
138280
137128
135971
134815
133663
132516
131372
130228
129078
127918
126745
125555
124351
123135
121905
120659
119394
118113
116813
115505
114201
112912
111643
110399
109181
107984
106797
105608
104402
103165
101890
100572
99210.4
97812.5
96389
94953.5
93519.4
92097.6
90694.5
89312.3
87950.4
86606.7
85279.1
83965.3
82663
81370.1
80084.6
78804.5
77528.5
76255.6
74985.3
73717
72450.9
71186.6
69924.3
68663.9
67405.2
66148.4
64893.3
63639.9
62388.2
61138.1
59889.6
58643
57398.5
56156.3
54917.1
53681.5
52450.6
51225.2
50006.1
48793.6
47587.9
46388.7
45195.7
44008.6
42827.7
41653.1
40484.6
39324.6
38175.8
37039.9
35916.8
34802.9
33694.5
32591.8
31497.2
30413.1
29341.7
28284.6
27244.5
26223.7
25226.5
197109
197094
197063
197017
196954
196874
196777
196663
196532
196383
196215
196030
195825
195600
195355
195088
194800
194490
194158
193806
193432
193038
192625
192193
191743
191277
190796
190300
189790
189267
188731
188181
187619
187042
186450
185843
185221
184587
183938
183275
182596
181901
181190
180465
179726
178970
178199
177414
176618
175813
175000
174181
173356
172526
171690
170847
169999
169144
168280
167403
166509
165596
164665
163723
162771
161810
160839
159859
158868
157867
156850
155815
154762
153693
152610
151516
150418
149322
148234
147155
146083
145010
143923
142821
141714
140596
139464
138319
137168
136015
134864
133717
132573
131431
130288
129138
127977
126802
125610
124403
123184
121952
120703
119436
118151
116848
115538
114232
112941
111674
110438
109230
108043
106864
105678
104473
103236
101960
100640
99275.3
97872.7
96442.9
95000
93558.5
92130
90721.3
89334.8
87969.4
86622.8
85292.6
83976.4
82672.2
81377.9
80091.6
78810.9
77534.6
76261.6
74991
73722.7
72456.4
71192.2
69929.9
68669.5
67410.9
66154.1
64899.1
63645.7
62394
61144
59895.7
58649.2
57404.8
56162.9
54924
53688.7
52458
51232.5
50013.1
48800.1
47593.8
46394
45200.6
44013.4
42832.5
41658.5
40491.6
39332.6
38184.5
37048.6
35924.9
34810.9
33702.6
32599.7
31505
30420.7
29348.3
28289
27245.9
26220.8
25216.7
197397
197382
197351
197304
197239
197157
197058
196941
196806
196654
196483
196295
196087
195860
195612
195341
195049
194734
194398
194039
193659
193259
192839
192401
191945
191473
190984
190482
189965
189435
188893
188337
187769
187186
186590
185979
185354
184716
184064
183398
182719
182024
181314
180589
179847
179088
178311
177519
176714
175900
175080
174253
173423
172589
171751
170908
170059
169204
168339
167459
166561
165643
164712
163771
162820
161860
160888
159905
158910
157901
156877
155836
154781
153715
152640
151557
150468
149380
148295
147217
146146
145073
143986
142883
141769
140647
139514
138371
137224
136075
134927
133784
132643
131503
130361
129211
128049
126871
125676
124465
123242
122007
120755
119485
118195
116890
115578
114270
112979
111719
110492
109295
108117
106944
105761
104556
103320
102043
100722
99355.3
97948.3
96511.7
95060.4
93609.9
92172.9
90757.1
89364.9
87994.9
86644.4
85310.8
83991.6
82684.9
81388.7
80101
78819.7
77542.9
76269.6
74998.9
73730.5
72464.2
71199.9
69937.7
68677.4
67418.9
66162.1
64907
63653.7
62402
61152
59903.7
58657.3
57413.1
56171.4
54932.7
53697.6
52467
51241.5
50021.8
48808.4
47601.6
46401.2
45207.4
44019.8
42838.6
41664.6
40498
39339.9
38192.3
37056.8
35933.6
34820
33712.1
32609.2
31514.6
30430.2
29357
28295.5
27249.1
26219.2
25208.2
197761
197745
197713
197664
197597
197513
197410
197289
197151
196994
196820
196627
196415
196183
195931
195657
195359
195038
194695
194329
193941
193534
193106
192660
192196
191716
191220
190710
190186
189649
189099
188537
187961
187373
186771
186156
185526
184883
184227
183557
182874
182178
181467
180739
179993
179227
178441
177638
176822
175996
175165
174329
173492
172655
171815
170971
170121
169264
168397
167514
166612
165695
164768
163833
162889
161933
160963
159978
158977
157959
156926
155878
154820
153757
152688
151615
150537
149458
148381
147305
146232
145155
144065
142958
141838
140711
139577
138436
137291
136145
135001
133861
132723
131585
130444
129294
128130
126949
125750
124534
123306
122066
120811
119536
118243
116937
115623
114315
113027
111774
110557
109369
108198
107028
105847
104643
103407
102132
100811
99443.7
98033.6
96591.1
95131.3
93671.2
92224.8
90800.8
89401.7
88026.1
86671
85333.2
84010.4
82700.7
81402.3
80113
78830.6
77553.2
76279.6
75008.8
73740.4
72474.1
71210
69947.9
68687.7
67429.3
66172.5
64917.4
63663.9
62412.2
61162.2
59913.8
58667.5
57423.3
56181.8
54943.2
53708.2
52477.6
51252.2
50032.3
48818.6
47611.4
46410.6
45216.3
44028.4
42846.9
41672.4
40505.6
39347.4
38199.7
37063.8
35940.2
34827
33719.9
32618
31524.2
30440.3
29366.8
28303.7
27254.3
26219.6
25202
198204
198187
198153
198100
198031
197942
197835
197710
197566
197405
197225
197027
196809
196571
196312
196031
195726
195398
195046
194672
194276
193860
193423
192968
192496
192008
191504
190986
190454
189909
189350
188780
188196
187600
186991
186369
185732
185082
184420
183744
183057
182356
181640
180906
180153
179379
178583
177768
176938
176099
175253
174405
173560
172717
171875
171031
170181
169325
168457
167572
166671
165760
164842
163918
162983
162034
161070
160087
159084
158061
157020
155965
154902
153837
152770
151700
150629
149556
148483
147411
146337
145255
144159
143047
141921
140788
139651
138509
137364
136221
135081
133944
132809
131673
130533
129383
128217
127033
125828
124607
123373
122127
120866
119587
118291
116984
115671
114365
113082
111835
110625
109444
108278
107110
105929
104725
103489
102216
100897
99531.6
98120.9
96674.5
95207.8
93738.8
92283.2
90850.6
89444.1
88062.3
86701.9
85359.5
84032.5
82719.5
81418.5
80127.4
78843.9
77565.8
76291.8
75021
73752.7
72486.6
71222.7
69960.8
68700.8
67442.6
66185.9
64930.5
63676.8
62424.9
61174.7
59926.2
58679.8
57435.7
56194.2
54955.6
53720.8
52490.2
51264.7
50044.7
48830.8
47623.2
46422
45227.4
44039.3
42857.5
41682.6
40515.3
39356.5
38207.6
37070.2
35945
34831
33724.7
32624.5
31532.2
30449.7
29376.6
28312.6
27260.6
26221.8
25198.8
198728
198708
198671
198615
198540
198446
198333
198201
198051
197883
197696
197489
197263
197017
196750
196461
196147
195810
195450
195067
194662
194237
193792
193328
192847
192350
191838
191312
190771
190217
189648
189066
188472
187864
187245
186612
185967
185310
184641
183960
183267
182560
181837
181096
180334
179548
178740
177911
177066
176210
175348
174487
173631
172784
171940
171096
170248
169393
168526
167643
166747
165846
164940
164027
163103
162165
161209
160232
159230
158206
157162
156102
155034
153965
152894
151822
150749
149676
148605
147534
146457
145371
144268
143148
142016
140877
139733
138587
137441
136298
135160
134026
132894
131760
130620
129470
128303
127115
125905
124678
123438
122184
120916
119633
118337
117030
115720
114417
113139
111897
110693
109516
108350
107182
105999
104794
103559
102287
100972
99610.1
98201.5
96754.3
95283.8
93808.5
92345.3
90904.8
89491.1
88103
86737
85389.4
84057.9
82741.2
81437.4
80144.3
78859.5
77580.7
76306.4
75035.6
73767.5
72501.9
71238.3
69976.8
68717
67458.9
66202.1
64946.7
63692.6
62440.2
61189.7
59941.1
58694.5
57450.4
56208.9
54970.3
53735.4
52504.8
51279.2
50059.1
48845
47637.1
46435.7
45240.8
44052.3
42870.3
41695.2
40527.4
39367.8
38217.5
37077.8
35949.6
34833.1
33726
32626.9
31536.9
30456.4
29384.8
28321
27267.5
26225.5
25198.2
199332
199311
199270
199210
199129
199029
198908
198767
198608
198431
198233
198017
197780
197524
197246
196946
196623
196277
195907
195516
195102
194668
194214
193742
193253
192747
192227
191691
191140
190574
189993
189398
188790
188169
187536
186893
186238
185573
184898
184212
183514
182802
182072
181321
180548
179749
178924
178077
177213
176338
175459
174583
173719
172866
172021
171178
170332
169479
168614
167734
166846
165956
165062
164159
163246
162319
161372
160401
159406
158385
157342
156281
155209
154133
153055
151977
150899
149824
148750
147675
146594
145501
144390
143263
142122
140975
139823
138670
137520
136374
135236
134104
132974
131842
130702
129551
128384
127194
125980
124747
123500
122238
120962
119675
118378
117073
115766
114469
113196
111957
110755
109579
108412
107240
106054
104845
103609
102340
101029
99672.3
98268.3
96823.8
95353.1
93875.1
92407.4
90961.2
89541.4
88147.5
86775.9
85423
84086.8
82766.1
81459.2
80163.9
78877.7
77598.2
76323.6
75052.9
73785.4
72520.2
71257.2
69996.3
68736.9
67478.8
66222
64966.3
63711.9
62459.1
61208
59958.9
58712
57467.8
56226.3
54987.6
53752.5
52521.8
51296
50075.7
48861.4
47653.1
46451.4
45256.3
44067.6
42885.4
41709.9
40541.7
39381.4
38229.8
37087.6
35956.1
34835.8
33726.1
32626.5
31537.6
30459
29389.3
28326.7
27273.4
26230
25199.6
200024
200001
199956
199890
199803
199694
199564
199414
199244
199054
198844
198615
198366
198098
197808
197497
197162
196806
196426
196025
195603
195160
194698
194217
193720
193206
192677
192131
191569
190990
190396
189786
189163
188528
187882
187227
186562
185889
185208
184516
183812
183092
182353
181591
180802
179985
179140
178271
177385
176489
175591
174702
173829
172972
172126
171285
170441
169590
168727
167851
166969
166088
165202
164309
163405
162487
161549
160586
159597
158582
157542
156483
155409
154326
153241
152155
151072
149992
148915
147835
146747
145646
144527
143390
142241
141084
139923
138760
137602
136451
135310
134178
133049
131917
130778
129627
128459
127269
126054
124816
123562
122292
121007
119713
118415
117110
115807
114515
113248
112012
110810
109631
108460
107282
106090
104878
103640
102372
101066
99714.8
98317
96877.7
95410.2
93933.9
92465.5
91016.8
89593.3
88194.6
86817.9
85459.9
84118.9
82794
81483.9
80186.3
78898.8
77618.6
76344
75073.8
73806.8
72542.4
71280.1
70019.8
68760.8
67502.9
66245.9
64989.9
63735.1
62481.9
61230.3
59980.5
58733.1
57488.6
56246.8
55007.9
53772.5
52541.4
51315.3
50094.6
48879.9
47671.4
46469.5
45274.1
44085.2
42902.7
41726.9
40558.3
39397.3
38244.4
37100.2
35965.5
34841.4
33728.1
32626
31536.1
30458.2
29389.9
28328.8
27276.6
26233.5
25201.9
200809
200783
200735
200663
200569
200452
200312
200151
199969
199766
199544
199302
199040
198757
198454
198130
197783
197414
197024
196612
196179
195727
195256
194767
194262
193740
193202
192646
192072
191480
190871
190247
189607
188956
188295
187625
186947
186262
185570
184867
184152
183421
182669
181890
181082
180243
179374
178481
177572
176654
175739
174839
173959
173100
172255
171416
170574
169725
168864
167991
167113
166236
165356
164469
163572
162661
161729
160772
159789
158778
157743
156686
155612
154527
153435
152344
151256
150173
149094
148010
146917
145809
144682
143537
142377
141209
140035
138860
137691
136532
135387
134253
133123
131990
130849
129696
128528
127340
126126
124886
123626
122348
121053
119750
118447
117141
115841
114555
113293
112059
110855
109671
108492
107306
106108
104891
103651
102384
101081
99736.6
98345.6
96913.1
95452
93980.7
92516
91068.4
89643.6
88242.2
86861.5
85499
84153.7
82824.9
81511.7
80211.9
78923.2
77642.8
76368.6
75099
73832.9
72569.3
71307.8
70048.1
68789.7
67532
66274.9
65018.4
63763.1
62509.4
61257.2
60006.6
58758.5
57513.4
56271.2
55031.9
53795.9
52564.2
51337.5
50116.2
48900.9
47692.1
46489.9
45294.2
44105.1
42922.3
41746.2
40577.1
39415.5
38261.4
37115.4
35978.2
34850.8
33733.8
32628.1
31535.4
30455.9
29387.3
28327.4
27276.5
26234.5
25203.3
201695
201667
201614
201538
201437
201312
201164
200994
200802
200588
200354
200099
199824
199528
199210
198870
198509
198125
197720
197295
196850
196387
195906
195408
194893
194361
193812
193243
192656
192048
191422
190778
190120
189449
188767
188078
187380
186676
185965
185245
184513
183765
182995
182197
181367
180506
179614
178701
177772
176838
175908
174998
174113
173252
172408
171571
170731
169883
169022
168149
167272
166396
165518
164634
163740
162832
161904
160950
159968
158959
157925
156871
155799
154715
153623
152531
151443
150361
149281
148197
147101
145988
144855
143702
142531
141350
140162
138972
137790
136622
135470
134332
133198
132062
130918
129764
128596
127409
126198
124958
123693
122405
121097
119784
118473
117165
115867
114587
113330
112097
110888
109697
108509
107314
106108
104887
103644
102376
101076
99736.7
98352.9
96928.6
95476.5
94014
92556.2
91112.9
89689.9
88287.8
86904.8
85539.2
84190.5
82858.7
81542.9
80241.5
78951.9
77671.6
76398.3
75129.8
73864.8
72602.2
71341.6
70082.6
68824.9
67567.5
66310.1
65053
63797
62542.6
61289.6
60038.2
58789.1
57543.1
56300
55059.8
53823
52590.5
51363
50140.9
48924.9
47715.5
46513
45317.1
44127.7
42944.7
41768.3
40598.7
39436.2
38281
37133.5
35994.2
34864.2
33744
32634.7
31538.1
30455.1
29384.3
28323.8
27273.7
26233
25202.7
202695
202664
202609
202529
202424
202295
202143
201967
201768
201546
201301
201035
200745
200433
200097
199739
199358
198955
198531
198089
197627
197148
196653
196140
195611
195064
194498
193912
193306
192680
192033
191368
190686
189991
189284
188568
187844
187114
186376
185631
184875
184103
183310
182489
181638
180756
179849
178922
177982
177038
176102
175185
174294
173429
172583
171745
170904
170055
169194
168320
167441
166561
165681
164797
163902
162992
162063
161108
160125
159114
158081
157028
155959
154878
153792
152705
151622
150544
149469
148387
147292
146178
145042
143881
142699
141504
140300
139096
137900
136720
135560
134415
133277
132138
130992
129836
128667
127481
126270
125029
123757
122458
121138
119814
118495
117183
115886
114610
113357
112124
110908
109707
108508
107304
106089
104862
103616
102346
101048
99713.3
98336.9
96922.9
95482.7
94032.3
92584.6
91148.7
89729.8
88329.4
86946
85578.9
84228.5
82895.1
81578
80275.8
78986.1
77706.5
76434.3
75167.2
73903.7
72642.1
71382.5
70124.5
68867.6
67610.6
66353.1
65095.4
63838.4
62582.7
61328.7
60076.1
58825.7
57578.2
56333.8
55092.2
53854.1
52620.6
51392.1
50169.1
48952.2
47742.3
46539.3
45343.2
44153.6
42970.5
41793.7
40623.6
39460.3
38303.9
37154.9
36013.8
34881.5
33758.7
32646.3
31545.9
30458.5
29384
28321.2
27270.1
26229.6
25200.1
203828
203796
203740
203658
203553
203423
203269
203089
202884
202654
202397
202115
201806
201473
201115
200733
200327
199900
199451
198983
198497
197995
197476
196941
196390
195822
195235
194629
194001
193351
192680
191988
191277
190550
189811
189063
188307
187544
186775
185998
185212
184412
183593
182750
181880
180983
180066
179134
178192
177247
176310
175390
174494
173623
172769
171926
171081
170229
169365
168490
167608
166724
165839
164950
164050
163135
162199
161239
160252
159238
158203
157151
156086
155012
153933
152856
151782
150714
149645
148570
147480
146370
145234
144066
142873
141664
140445
139225
138016
136824
135654
134502
133360
132220
131074
129917
128745
127554
126339
125092
123813
122504
121174
119840
118512
117198
115900
114625
113374
112137
110913
109698
108487
107271
106048
104814
103564
102294
100996
99665.2
98297.1
96895.4
95469.8
94034.2
92599.7
91174
89762.1
88365.5
86983.9
85617.4
84267.4
82934.3
81617.5
80315.8
79026.8
77748.3
76477.7
75212.6
73950.3
72690
71431.4
70174.4
68918.3
67661.8
66404.5
65146.1
63888.1
62631.3
61375.8
60121.6
58869.4
57619.9
56373.4
55129.9
53890.2
52655.3
51425.6
50201.4
48983.5
47772.9
46569.6
45373.4
44183.8
43000.6
41823.6
40652.9
39488.6
38330.9
37180.3
36037.5
34903.2
33778.1
32663
31559.3
30467.7
29388.8
28322.3
27268.4
26226.5
25196.5
205115
205081
205023
204941
204835
204703
204545
204359
204143
203899
203625
203323
202993
202634
202247
201833
201395
200935
200453
199952
199434
198900
198352
197789
197210
196614
195999
195362
194703
194022
193318
192593
191849
191088
190314
189531
188741
187943
187139
186329
185511
184682
183838
182975
182091
181185
180264
179332
178394
177454
176519
175598
174699
173820
172958
172106
171253
170393
169525
168647
167763
166875
165983
165086
164178
163254
162310
161342
160350
159333
158297
157248
156187
155120
154051
152984
151921
150862
149803
148736
147655
146551
145417
144245
143042
141820
140586
139352
138129
136926
135747
134588
133445
132308
131165
130007
128829
127626
126399
125143
123857
122539
121202
119862
118529
117211
115912
114635
113378
112135
110898
109668
108442
107215
105983
104743
103489
102217
100920
99593.8
98235
96847.1
95438.3
94019.9
92601.2
91188.3
89785.6
88395.3
87017.9
85654.8
84307.5
82976.8
81662.1
80362.2
79075
77798.1
76529.3
75265.6
74004.8
72745.6
71487.7
70231.4
68976.4
67720.7
66463.5
65204.9
63946.4
62688.8
61431.8
60175.7
58921.4
57669.4
56420.2
55174.3
53932.3
52695.6
51464.2
50238.5
49019.5
47808.3
46604.9
45408.8
44219.7
43036.7
41859.6
40688.2
39522.7
38363.3
37210.8
36066.1
34929.7
33802.5
32685.2
31578.6
30483.3
29400.1
28329.1
27271.2
26226.1
25194
206606
206570
206508
206421
206308
206168
206000
205801
205571
205310
205017
204691
204332
203938
203511
203053
202569
202063
201538
200994
200435
199861
199272
198669
198050
197413
196757
196081
195383
194664
193924
193165
192388
191594
190787
189970
189146
188316
187479
186637
185789
184933
184067
183186
182291
181380
180457
179528
178595
177661
176731
175809
174904
174018
173146
172283
171420
170551
169675
168792
167904
167011
166112
165206
164288
163353
162399
161424
160426
159408
158373
157326
156269
155208
154148
153091
152038
150989
149938
148878
147804
146707
145575
144402
143193
141960
140714
139469
138234
137021
135834
134672
133530
132399
131263
130104
128915
127694
126448
125178
123886
122564
121227
119883
118547
117225
115922
114638
113371
112115
110864
109618
108376
107136
105895
104648
103391
102118
100823
99501.3
98152.9
96780.3
95390
93990.7
92589.4
91191.4
89800.5
88419.2
87049.1
85692.1
84350.2
83023.9
81712.8
80415.9
79131.3
77856.5
76589
75326.2
74066.1
72807.5
71550.2
70294.9
69040.3
67785.3
66528.9
65271.2
64013.4
62755.4
61497.5
60239.7
58983.2
57728.7
56476.6
55227.6
53982.7
52743.3
51509.6
50282.1
49061.9
47850.3
46647.1
45451.9
44263.6
43081.3
41904
40731.7
39564.4
38402.7
37247.8
36100.7
34962.1
33832.7
32713.2
31604
30505.6
29418.3
28342.7
27280.1
26230.5
25194.8
208232
208191
208120
208019
207891
207735
207549
207333
207082
206796
206471
206106
205700
205253
204769
204252
203710
203148
202569
201976
201367
200745
200110
199462
198798
198118
197422
196707
195973
195219
194447
193658
192851
192030
191194
190350
189500
188644
187783
186916
186044
185167
184283
183389
182485
181571
180649
179721
178792
177862
176934
176011
175100
174202
173319
172443
171569
170690
169805
168915
168022
167124
166218
165302
164373
163428
162465
161483
160481
159462
158428
157383
156330
155274
154221
153172
152125
151080
150032
148975
147903
146808
145680
144511
143303
142068
140816
139563
138322
137100
135906
134741
133601
132475
131344
130185
128985
127746
126480
125197
123898
122579
121244
119903
118566
117240
115930
114635
113352
112081
110814
109553
108296
107045
105794
104541
103280
102004
100710
99394.7
98057.4
96700.8
95329.6
93949.6
92566.4
91184.2
89807
88437.5
87077.7
85729.5
84394.9
83074.4
81767.9
80474.4
79192.4
77919
76652.2
75390
74130.3
72871.1
71613.6
70358.7
69105.3
67851.7
66596.8
65341.1
64085
62828.8
61571.3
60312.8
59054.6
57798.1
56543.1
55290.6
54042.2
52799.5
51563
50333.3
49112
47900.4
46698.2
45504.5
44317.7
43136.3
41958.9
40785.2
39615.3
38450.4
37292.2
36141.9
35000.7
33869
32747.3
31635.7
30534.3
29443.4
28363.5
27295.9
26241.3
25200.8
209841
209792
209704
209581
209426
209241
209026
208777
208491
208164
207791
207371
206905
206394
205845
205267
204668
204055
203428
202788
202136
201471
200795
200106
199404
198687
197956
197209
196446
195665
194868
194055
193227
192385
191531
190668
189799
188926
188047
187163
186275
185383
184485
183580
182669
181751
180829
179902
178973
178043
177116
176191
175273
174366
173469
172578
171691
170801
169907
169010
168111
167206
166293
165369
164431
163478
162509
161523
160520
159502
158469
157425
156374
155321
154270
153223
152176
151129
150080
149020
147946
146851
145726
144564
143365
142134
140884
139631
138387
137159
135959
134790
133646
132518
131387
130225
129016
127765
126486
125196
123895
122581
121252
119915
118578
117249
115931
114625
113329
112043
110763
109488
108219
106956
105696
104435
103168
101889
100596
99286.9
97960.7
96619.4
95265.7
93903.6
92537.5
91171.5
89808.9
88452.8
87105
85767
84440.5
83125.9
81823.7
80533.4
79253.1
77980.4
76713.3
75450.4
74189.6
72929.9
71672.2
70417.9
69166.3
67915.1
66662.9
65410.4
64157.6
62904.5
61649.6
60392.2
59134.2
57876.4
56618.9
55363.1
54111.1
52864.6
51625
50393.2
49171.2
47960.3
46760
45568.6
44383.9
43203.6
42026.1
40850.4
39676.9
38507.7
37344.9
36190.7
35046.2
33911.9
32787.9
31674
30569.9
29475.7
28391.8
27319.5
26259.8
25213.8
211440
211376
211263
211103
210904
210670
210403
210102
209763
209381
208952
208472
207943
207369
206759
206128
205484
204827
204159
203480
202789
202087
201374
200649
199913
199164
198403
197630
196842
196040
195224
194394
193550
192693
191825
190949
190066
189179
188286
187389
186489
185585
184677
183763
182845
181922
180997
180068
179137
178205
177275
176348
175425
174508
173598
172692
171790
170888
169986
169081
168175
167263
166343
165411
164467
163509
162537
161549
160547
159529
158498
157455
156404
155351
154298
153248
152197
151146
150090
149026
147948
146851
145729
144574
143384
142163
140921
139672
138429
137199
135992
134816
133665
132529
131390
130221
129008
127750
126468
125176
123878
122571
121250
119919
118585
117253
115928
114613
113307
112008
110716
109429
108149
106875
105605
104334
103060
101779
100487
99184.1
97868.5
96540.7
95202.3
93856.4
92506.9
91157.1
89810.2
88468.3
87133
85805.1
84485.9
83176.6
81877.7
80589.2
79309.7
78036.6
76767.9
75503.4
74241.5
72981
71723.5
70470.6
69222
67974.7
66726.8
65478.7
64230.4
62981.7
61730.8
60476.5
59220.6
57962.8
56703.8
55445.3
54189.9
52939.7
51697
50463.7
49241.8
48032.4
46834.9
45646.6
44464.6
43285.8
42107.9
40929.5
39751.3
38576.2
37407.5
36248
35099.3
33961.8
32835.2
31718.9
30612.3
29515.2
28427.7
27351.2
26286.5
25235
213046
212961
212810
212600
212338
212032
211691
211317
210908
210462
209974
209436
208852
208223
207564
206891
206209
205517
204812
204097
203370
202634
201888
201132
200366
199590
198803
198007
197199
196379
195545
194700
193842
192973
192094
191206
190312
189413
188510
187602
186691
185777
184859
183937
183012
182084
181153
180220
179286
178351
177417
176485
175556
174630
173708
172789
171873
170959
170047
169135
168220
167300
166373
165435
164486
163525
162551
161563
160561
159545
158514
157472
156420
155365
154309
153254
152198
151140
150077
149006
147923
146824
145702
144552
143370
142159
140928
139688
138449
137219
136009
134825
133664
132516
131365
130187
128968
127711
126430
125143
123851
122552
121240
119916
118585
117252
115923
114600
113285
111976
110673
109376
108086
106800
105520
104241
102961
101677
100387
99089.9
97783.2
96467.2
95142.2
93811.2
92477.6
91144.2
89813
88485.3
87161.7
85842.7
84529.6
83224.2
81927.3
80639.4
79359.4
78085
76814.3
75547.9
74284.9
73024.8
71768.7
70518.3
69273.8
68031.8
66789.7
65547.2
64304.5
63060.9
61814.9
60565.2
59312.3
58056.4
56797.4
55537
54278.9
53025.8
51780.8
50546.6
49325.7
48118.9
46924.9
45740.6
44561.8
43384.6
42205.9
41023.9
39839.7
38657.1
37480.7
36314.4
35160.2
34018.6
32889.1
31770.5
30661.6
29561.9
28471.3
27391
26321.9
25265.2
214671
214559
214359
214082
213742
213350
212920
212457
211967
211450
210902
210313
209680
209007
208307
207598
206883
206157
205419
204669
203909
203140
202363
201577
200784
199983
199174
198357
197531
196693
195845
194985
194115
193234
192345
191447
190544
189635
188721
187804
186883
185960
185033
184104
183171
182237
181300
180362
179423
178483
177544
176606
175670
174735
173802
172871
171943
171018
170096
169175
168252
167324
166389
165446
164494
163531
162556
161566
160564
159549
158519
157477
156424
155366
154306
153246
152185
151120
150050
148973
147884
146780
145657
144510
143335
142134
140914
139683
138451
137224
136012
134822
133651
132491
131326
130136
128912
127656
126381
125099
123815
122524
121220
119903
118577
117244
115911
114583
113260
111943
110632
109326
108026
106731
105441
104155
102871
101586
100298
99005
97706.1
96400
95087.2
93770.1
92452
91134.4
89818.1
88503.3
87190
85878.1
84569.2
83266.2
81970.4
80682.3
79400.8
78124.5
76852.4
75585
74322.1
73063.5
71810.3
70564.4
69325.5
68090.1
66854.8
65618.6
64381.6
63143.3
61902.5
60657.7
59409
58156.2
56898.7
55638.2
54378.5
53123.7
51877.5
50643.6
49424.6
48221.2
47031.4
45851.3
44676
43500.5
42320.6
41134.1
39942.4
38750.6
37564.7
36389.9
35228.9
34082.3
32949.4
31828.4
30717.5
29615.8
28522.8
27439.3
26366.3
25304.7
216311
216165
215901
215543
215111
214623
214096
213541
212968
212378
211770
211132
210456
209744
209009
208265
207517
206759
205987
205204
204413
203613
202806
201993
201174
200350
199522
198686
197842
196989
196126
195253
194371
193480
192581
191675
190763
189845
188922
187996
187067
186135
185201
184264
183324
182383
181440
180496
179551
178606
177660
176716
175772
174828
173885
172944
172005
171070
170139
169208
168276
167339
166397
165449
164494
163529
162552
161561
160558
159542
158514
157472
156418
155358
154294
153229
152162
151092
150016
148932
147837
146729
145604
144458
143288
142095
140884
139663
138437
137216
136006
134812
133633
132461
131282
130080
128850
127594
126324
125049
123771
122485
121188
119877
118555
117224
115890
114558
113230
111907
110589
109276
107968
106666
105369
104078
102791
101505
100218
98929.8
97637.5
96340.3
95038.6
93734.8
92431.2
91128.1
89825
88521.2
87216.1
85909.5
84603.4
83301
82005.3
80716.6
79433.9
78156.4
76883.7
75616.7
74355.7
73100.8
71852.7
70613.3
69381.9
68154.3
66926.4
65696.4
64464.7
63231
61994.7
60754.7
59510.6
58261.9
57007.4
55748.1
54488.7
53233.7
51987.9
50755.4
49539.2
48339.6
47154.2
45978.3
44806.4
43632.4
42450.8
41258.6
40058.1
38855.4
37658.4
36473.7
35304.7
34152.4
33015.7
31892.4
30780.1
29677
28582.2
27496
26419.6
25353.9
217967
217773
217426
216965
216426
215836
215213
214570
213916
213256
212588
211899
211180
210432
209663
208887
208107
207318
206518
205706
204886
204057
203222
202383
201540
200695
199848
198995
198135
197267
196390
195505
194612
193712
192805
191890
190970
190044
189113
188179
187242
186303
185362
184418
183472
182524
181574
180623
179672
178721
177769
176817
175865
174912
173961
173011
172063
171118
170177
169236
168294
167349
166401
165448
164489
163522
162542
161549
160545
159529
158500
157458
156404
155342
154275
153206
152135
151060
149978
148888
147788
146675
145548
144402
143235
142047
140843
139630
138413
137198
135991
134796
133611
132428
131236
130023
128787
127531
126265
124995
123720
122439
121145
119838
118519
117191
115858
114524
113194
111868
110545
109226
107913
106606
105305
104011
102721
101434
100149
98864.5
97577.8
96288.6
94997.2
93705.8
92415.3
91124.8
89832.5
88537.2
87238.1
85935.4
84630.8
83328.4
82032.2
80742.9
79459.9
78182.6
76911.3
75646.6
74389.3
73139.9
71899.4
70668.9
69446.8
68228.2
67007.8
65783.4
64555.9
63325.8
62093.1
60857.1
59617.3
58373.3
57122.8
55866.4
54609.1
53356.1
52112.2
50882.2
49669.1
48473.2
47291.6
46119.6
44950.9
43778
42593.9
41395.1
40184.1
38969.1
37759.8
36564.3
35386.6
34228.1
33087.5
31962.1
30848.8
29744.9
28649
27560.9
26481.8
25412.3
219644
219379
218916
218330
217673
216978
216262
215535
214806
214077
213347
212606
211843
211059
210262
209457
208649
207833
207008
206173
205326
204472
203612
202748
201882
201017
200151
199283
198408
197526
196635
195739
194836
193929
193014
192092
191164
190230
189293
188352
187408
186462
185514
184564
183612
182658
181702
180745
179788
178830
177871
176912
175952
174992
174033
173074
172118
171164
170213
169263
168312
167359
166404
165446
164483
163511
162529
161533
160527
159511
158482
157439
156384
155319
154250
153178
152104
151025
149939
148844
147739
146622
145492
144345
143178
141994
140796
139590
138381
137172
135969
134774
133584
132392
131189
129966
128725
127468
126205
124937
123665
122384
121093
119788
118472
117148
115816
114484
113153
111825
110500
109179
107863
106552
105249
103952
102662
101375
100091
98809.3
97527.6
96245.5
94963.5
93682.9
92403.7
91123.3
89839.2
88549.8
87254.6
85954.4
84651.2
83349.2
82052.4
80763.1
79481.3
78206.1
76937.8
75677.5
74426.3
73184.9
71954.3
70734.8
69523.2
68313.7
67100.4
65881.1
64656.6
63429
62198.7
60965.2
59729.3
58490
57244.4
55992.4
54739
53490.1
52249.7
51022.8
49812.6
48619.4
47440.7
46272
45106.3
43934.1
42746.7
41539.8
40317
39088.3
37866
36659.2
35472.8
34308.1
33163.9
32036.8
30922.8
29818.7
28722.2
27632.6
26551.2
25478.7
221377
220978
220354
219620
218837
218037
217233
216428
215626
214831
214039
213246
212443
211628
210805
209975
209143
208306
207460
206604
205737
204859
203975
203087
202200
201316
200434
199552
198663
197766
196862
195955
195044
194130
193209
192281
191345
190405
189460
188513
187563
186612
185658
184703
183745
182785
181824
180861
179897
178933
177968
177001
176035
175068
174102
173136
172171
171208
170248
169289
168329
167369
166407
165444
164476
163500
162514
161516
160507
159489
158459
157416
156359
155294
154222
153148
152070
150988
149899
148800
147690
146569
145435
144286
143121
141939
140745
139545
138342
137139
135940
134745
133551
132352
131139
129909
128663
127406
126144
124877
123606
122325
121034
119731
118417
117096
115768
114439
113110
111783
110457
109135
107818
106506
105201
103904
102612
101326
100044
98764.1
97486.8
96211
94937.1
93665.8
92395.4
91122.5
89843.8
88558
87265.2
85967
84665.4
83364.3
82068.3
80780.4
79501.1
78229.7
76966.3
75712.5
74469.3
73237.9
72019.1
70812
69611.6
68410.9
67204
65988.8
64766.9
63541
62312
61079.9
59846.5
58611.6
57371.3
56124.8
54877.4
53634.2
52398.4
51174.7
49966.4
48774.7
47597.9
46432.1
45268.9
44096.6
42904.7
41688.6
40452.7
39209.4
37973.4
36755.7
35561.2
34391
33243.5
32114.9
31000.5
29896.2
28799.2
27708.5
26625.4
25550.8
223193
222571
221723
220816
219907
219006
218119
217241
216371
215511
214664
213825
212984
212141
211293
210443
209593
208738
207874
207000
206115
205217
204311
203402
202494
201593
200698
199803
198901
197990
197072
196154
195236
194315
193390
192456
191514
190567
189617
188663
187708
186751
185792
184832
183870
182906
181939
180971
180001
179031
178059
177086
176113
175141
174168
173195
172222
171251
170282
169315
168348
167381
166413
165443
164469
163489
162498
161497
160486
159467
158436
157391
156334
155266
154192
153116
152036
150951
149858
148755
147642
146517
145380
144229
143063
141883
140693
139497
138299
137100
135904
134709
133512
132306
131086
129849
128601
127344
126082
124816
123544
122264
120972
119670
118358
117040
115716
114391
113066
111741
110417
109096
107778
106467
105162
103864
102572
101286
100005
98728.4
97455.1
96184.8
94917.8
93653.5
92389.3
91121.1
89845.6
88561.7
87270.5
85974
84674.7
83375.9
82082.2
80797.4
79522.3
78256.2
76999.3
75753.5
74520.4
73300.7
72095.2
70901
69711.4
68518.5
67316.9
66104.7
64884.8
63660.2
62431.6
61200
59968.5
58737.3
57502.2
56262.3
55022.5
53786.4
52555.3
51333.8
50126.2
48934.8
47759.4
46596
45434.7
44261.3
43063.4
41836.4
40586.5
39328.1
38078.7
36850.7
35649.2
34474.5
33324.4
32194.5
31079.6
29974.9
28877.2
27785.5
26701.2
25625.1
225215
224134
222992
221902
220867
219875
218912
217969
217039
216124
215227
214347
213472
212601
211733
210868
210000
209126
208245
207359
206459
205544
204619
203690
202766
201852
200945
200038
199124
198198
197267
196337
195412
194488
193558
192619
191671
190718
189761
188802
187842
186880
185917
184952
183986
183018
182047
181073
180099
179122
178145
177166
176187
175209
174229
173250
172271
171293
170316
169342
168368
167394
166420
165443
164464
163478
162484
161479
160466
159444
158412
157366
156307
155238
154163
153083
152001
150913
149817
148711
147594
146465
145325
144172
143006
141827
140640
139448
138253
137058
135862
134666
133466
132254
131029
129789
128538
127282
126021
124754
123481
122200
120909
119608
118298
116983
115664
114343
113021
111700
110378
109060
107744
106433
105129
103831
102540
101255
99975.7
98701.5
97431.9
96166.6
94904.9
93645.3
92384.5
91118.5
89844.4
88561.7
87272
85977.8
84681.6
83386.7
82097.3
80816.9
79547.5
78287.8
77038.6
75802.2
74580.3
73373.9
72182
71000.3
69820.1
68633.4
67435.7
66226.1
65008.2
63784.5
62555.6
61323.8
60093.3
58865.6
57636
56403.2
55171.6
53942.9
52715.8
51495.2
50287.2
49095.4
47920.9
46759.4
45599.1
44423
43217.3
41978.3
40713.8
39440.6
38178.3
36941
35733.8
34555.8
33403.8
32272.8
31156.9
30051.3
28952.6
27860
26774.8
25698.1
227374
225513
224098
222853
221713
220643
219614
218616
217635
216672
215733
214819
213917
213021
212131
211248
210364
209475
208578
207678
206769
205842
204902
203958
203021
202097
201181
200263
199335
198395
197451
196512
195580
194652
193718
192774
191820
190861
189898
188934
187969
187002
186035
185067
184097
183124
182150
181172
180193
179211
178228
177243
176259
175274
174288
173303
172319
171335
170352
169370
168390
167410
166429
165445
164460
163469
162470
161461
160445
159421
158388
157341
156281
155210
154132
153050
151965
150874
149775
148665
147544
146412
145269
144114
142948
141771
140586
139397
138205
137010
135814
134616
133411
132195
130965
129723
128472
127216
125955
124688
123414
122132
120841
119542
118235
116923
115609
114293
112976
111658
110340
109025
107712
106403
105100
103803
102513
101230
99952.4
98681.3
97415.6
96154.7
94896.9
93639.8
92380.1
91114.5
89841
88559.5
87272
85981
84689.5
83399.9
82116.7
80843.3
79581
78329.1
77089.1
75864.1
74655.6
73463.7
72286.2
71116.4
69944.1
68761.9
67566.9
66359.8
65144.3
63921.3
62691.9
61459.6
60230.6
59006.9
57783.1
56557.6
55334.7
54112.9
52888.8
51668.2
50458.9
49266.4
48092.6
46932.5
45771.9
44590.6
43374.7
42121.6
40841.1
39552.6
38277.7
37031.8
35819.6
34639.1
33485.8
32353.7
31236.5
30129.1
29028.7
27935.1
26849.5
25773.1
228773
226712
225116
223749
222515
221370
220281
219229
218203
217201
216230
215288
214360
213437
212526
211626
210726
209817
208905
207993
207072
206133
205180
204224
203277
202342
201417
200491
199550
198595
197637
196688
195752
194821
193884
192933
191972
191005
190037
189067
188097
187125
186154
185182
184208
183232
182254
181273
180289
179302
178313
177322
176331
175340
174349
173359
172370
171380
170391
169403
168416
167429
166440
165450
164458
163461
162457
161445
160425
159399
158363
157315
156253
155180
154100
153015
151926
150832
149729
148615
147491
146356
145210
144054
142887
141711
140529
139342
138151
136956
135759
134557
133347
132126
130893
129650
128399
127144
125883
124616
123341
122059
120769
119472
118169
116861
115551
114240
112927
111614
110302
108990
107681
106376
105075
103780
102492
101210
99936
98668.6
97407
96149.4
94893.6
93636.5
92375.6
91109.2
89836.3
88557.1
87273.3
85987
84701.6
83419.7
82145.1
80880.3
79626.5
78384
77155.4
75943.7
74750
73573.2
72408.9
71248.2
70080.3
68899.8
67706
66501.6
65288.9
64066.6
62836.4
61604.7
60378.9
59159.7
57941.2
56721.7
55505.8
54288.8
53065.4
51843.6
50633.1
49440
48266.6
47106.5
45942.5
44752.8
43523.4
42254.4
40957.6
39654.6
38368.4
37115.3
35899.3
34717.1
33563.3
32430.2
31310.8
30200.4
29097.5
28002.9
26917.2
25841.8
229836
227785
226103
224645
223333
222118
220969
219867
218801
217763
216756
215778
214820
213875
212941
212016
211092
210167
209242
208315
207379
206429
205465
204500
203545
202604
201670
200731
199778
198809
197838
196880
195938
195003
194060
193102
192134
191160
190185
189209
188232
187255
186279
185302
184325
183346
182364
181378
180390
179398
178403
177405
176406
175407
174411
173418
172425
171431
170435
169440
168445
167451
166455
165457
164458
163456
162447
161429
160406
159377
158339
157288
156224
155149
154066
152978
151885
150787
149680
148563
147435
146297
145149
143991
142824
141650
140470
139284
138094
136898
135697
134490
133275
132050
130815
129572
128323
127069
125809
124541
123266
121985
120696
119402
118102
116799
115494
114187
112879
111571
110264
108958
107653
106352
105054
103762
102476
101198
99927.6
98664.3
97406.2
96150.6
94894.5
93635.3
92371.9
91104.6
89833.3
88557.7
87279.2
85999.2
84721.2
83448.2
82183.2
80928.1
79683.8
78451.7
77235.6
76038
74858.8
73694.5
72539.2
71382.1
70212.9
69030.3
67836.5
66634.7
65424.7
64202.7
62972.8
61744.1
60523.6
59309.7
58094.2
56876.9
55664
54447.8
53222.3
51999.2
50787.9
49594.6
48421
47258.9
46088.3
44886.6
43641.9
42357
41046.1
39731.5
38437.3
37179.3
35960.7
34777.5
33623.8
32490.3
31368.4
30254.2
29148.1
28052.1
26966.5
25892.9
230732
228757
227048
225534
224160
222886
221684
220536
219428
218354
217311
216298
215307
214332
213371
212420
211475
210530
209586
208644
207696
206735
205763
204792
203830
202879
201935
200985
200018
199037
198055
197089
196141
195201
194251
193285
192308
191326
190344
189359
188376
187393
186411
185430
184448
183465
182479
181490
180497
179499
178497
177490
176483
175477
174477
173481
172485
171486
170484
169481
168479
167477
166473
165468
164462
163453
162439
161417
160389
159356
158315
157262
156195
155117
154031
152939
151842
150739
149627
148506
147375
146235
145086
143927
142760
141587
140408
139223
138032
136834
135629
134417
133197
131969
130734
129492
128245
126992
125732
124465
123191
121910
120624
119332
118037
116738
115437
114135
112831
111529
110227
108926
107627
106330
105036
103748
102466
101192
99926.8
98667.9
97412.4
96157.2
94899.1
93636.8
92371
91103.6
89835.1
88564.9
87293.2
86021
84751.3
83487.5
82232.9
80987.9
79753.6
78532.8
77330
76145.8
74978.4
73822.4
72669.9
71509.9
70333.8
69145.9
67951
66750.9
65542.3
64320.7
63093.2
61871.1
60658.6
59449.6
58233.7
57013.9
55799.6
54579.9
53350.1
52125.7
50914.4
49721.2
48546.5
47379.9
46199.7
44983.1
43721.9
42422.4
41100.4
39778.4
38479.8
37219.5
35999.5
34815.9
33663
32529.9
31405.8
30287.3
29177.6
28080.1
26994.6
25923.3
231537
229648
227946
226403
224986
223666
222419
221228
220081
218972
217895
216847
215824
214817
213827
212850
211880
210914
209951
208990
208025
207052
206073
205098
204130
203168
202212
201249
200271
199278
198288
197315
196361
195412
194454
193479
192493
191504
190513
189522
188529
187539
186551
185565
184579
183592
182602
181609
180611
179606
178595
177579
176563
175552
174548
173550
172550
171547
170538
169527
168518
167508
166496
165483
164470
163455
162435
161408
160376
159338
158293
157235
156165
155084
153994
152898
151796
150688
149572
148447
147313
146171
145021
143862
142695
141522
140344
139159
137966
136765
135556
134339
133116
131887
130652
129412
128166
126913
125654
124387
123114
121836
120552
119264
117972
116678
115381
114083
112785
111487
110191
108896
107602
106310
105021
103737
102461
101193
99933.2
98678.4
97424.8
96168.6
94907.8
93642.7
92375.8
91109.8
89845.6
88582.2
87318.4
86054.6
84793.8
83539.6
82294.7
81059.5
79835.3
78625.9
77435.8
76263.3
75103.4
73948.8
72792.3
71622.5
70435
69239.2
68041.9
66841.8
65632.6
64411.2
63189.2
61977.6
60774.9
59569.5
58348.9
57122.5
55903.2
54676.5
53440.4
52214.5
51003.7
49810.6
48633.3
47460.2
46267.8
45034.9
43757.5
42445.4
41115.8
39790.8
38492.2
37233
36013.2
34830
33678.5
32546.6
31420.5
30297.4
29184.2
28085.3
27000.4
25931.8
232291
230480
228802
227250
225806
224451
223167
221939
220757
219614
218504
217424
216368
215332
214313
213308
212313
211323
210339
209357
208375
207390
206403
205419
204441
203469
202500
201523
200533
199532
198536
197557
196595
195635
194665
193681
192688
191692
190694
189694
188694
187697
186704
185712
184721
183728
182733
181735
180731
179719
178698
177672
176648
175631
174625
173624
172622
171612
170595
169577
168560
167543
166523
165503
164482
163461
162435
161402
160365
159322
158271
157209
156135
155050
153956
152855
151747
150634
149513
148385
147249
146106
144955
143795
142629
141456
140277
139090
137895
136690
135477
134258
133033
131803
130570
129331
128086
126834
125575
124309
123037
121761
120481
119196
117909
116619
115327
114034
112741
111448
110156
108867
107578
106292
105009
103732
102462
101201
99947
98695.7
97442.7
96184.7
94921.6
93655.4
92389.5
91127.1
89868.5
88612.5
87356.7
86101.3
84849.4
83604.4
82368.1
81141.7
79926.9
78728.9
77550
76385
75226.4
74065.8
72897.7
71713.1
70511.3
69306.2
68104.5
66901
65687.8
64466.5
63253
62054.7
60861.7
59656.8
58427.6
57191.8
55965.7
54730.8
53488
52259.8
51048.1
49853.8
48672.5
47491.1
46285.9
45037.3
43745.5
42423.7
41090
39766
38472
37217.5
36000.8
34819.2
33669.7
32539
31411.2
30283.7
29167.3
28067.6
26984.2
25919
233014
231269
229622
228074
226617
225237
223923
222664
221450
220276
219135
218024
216938
215873
214826
213794
212772
211759
210752
209750
208751
207751
206752
205756
204765
203779
202794
201804
200805
199800
198799
197812
196838
195864
194881
193889
192889
191888
190883
189876
188870
187866
186867
185871
184873
183874
182873
181868
180857
179836
178804
177770
176738
175717
174708
173704
172698
171682
170658
169632
168606
167581
166554
165526
164499
163471
162439
161400
160357
159308
158251
157183
156104
155014
153916
152810
151698
150580
149455
148324
147186
146041
144889
143729
142562
141388
140207
139018
137819
136612
135396
134175
132950
131722
130489
129251
128006
126754
125495
124230
122961
121688
120410
119130
117847
116562
115275
113987
112698
111410
110124
108840
107557
106277
105002
103732
102471
101217
99968.1
98719.2
97465.9
96206.3
94942.4
93677.5
92415.7
91159
89907.2
88657.6
87408.9
86161.4
84917.7
83680.6
82452.4
81233.5
80027.3
78839.4
77668.9
76505.9
75340.8
74165.9
72979.6
71777.1
70560.5
69346.4
68138
66926.2
65704.4
64482.2
63278.3
62093.8
60909
59701.2
58461
57215.3
55981.9
54738.9
53489.5
52258.2
51043
49844.8
48657.2
47466.8
46249.9
44988.5
43686.1
42358.4
41024.1
39704.4
38418.1
37172.5
35962.4
34784.5
33637.2
32507.4
31377.6
30246.4
29127.8
28028.4
26947.7
25886.6
233717
232028
230414
228877
227414
226019
224683
223398
222157
220955
219786
218646
217531
216438
215363
214304
213258
212221
211191
210168
209149
208133
207119
206109
205104
204101
203101
202097
201089
200079
199074
198077
197087
196097
195102
194102
193097
192090
191079
190065
189053
188045
187041
186037
185033
184026
183016
182004
180986
179956
178916
177873
176836
175811
174798
173790
172778
171755
170723
169689
168656
167624
166590
165555
164521
163485
162446
161401
160352
159297
158232
157157
156072
154978
153876
152766
151649
150526
149398
148264
147125
145979
144826
143664
142494
141318
140134
138942
137741
136532
135316
134095
132871
131643
130411
129172
127927
126675
125416
124153
122886
121616
120343
119066
117788
116507
115225
113942
112659
111376
110096
108817
107541
106269
105002
103741
102488
101241
99996.4
98748.7
97494.6
96234.8
94972.5
93712
92456.6
91207.2
89961.7
88718
87475.2
86234
84997
83767.4
82546.7
81335.7
80138.1
78958.3
77791.6
76622.8
75441.2
74243.2
73034.4
71813.2
70583
69361.9
68145.8
66920.9
65685.5
64457.9
63260.7
62086.5
60906.5
59693.9
58443.3
57189.8
55950.9
54700.7
53444.7
52209.2
50987.7
49781.8
48584.9
47384.9
46159
44889.8
43582.6
42254
40923.2
39610.3
38333.6
37099.4
35899.5
34728
33583.3
32453.6
31322
30188.1
29068.4
27970.3
26893.4
25836.9
234407
232766
231182
229660
228199
226795
225443
224138
222874
221647
220452
219285
218144
217024
215923
214838
213766
212706
211654
210610
209571
208537
207507
206481
205459
204441
203425
202408
201390
200372
199357
198348
197342
196338
195332
194324
193313
192298
191279
190259
189241
188228
187218
186208
185195
184179
183161
182140
181114
180076
179030
177982
176940
175911
174894
173880
172860
171829
170790
169749
168708
167669
166629
165588
164546
163502
162455
161404
160348
159285
158213
157130
156039
154941
153836
152722
151601
150474
149343
148208
147067
145919
144763
143599
142426
141246
140059
138865
137663
136454
135239
134019
132796
131568
130334
129095
127849
126597
125340
124079
122815
121548
120278
119006
117732
116456
115179
113901
112624
111347
110072
108800
107532
106268
105011
103761
102516
101274
100032
98784.3
97530.5
96272.6
95014.6
93760.9
92513
91270.3
90030
88790.7
87552.7
86316.9
85086.2
83863.3
82650.3
81447.7
80258.9
79086.2
77918
76734.6
75526.1
74296.7
73062
71822.6
70581.1
69354.8
68131.9
66891.3
65637.6
64397.5
63198.2
62026.6
60846.9
59629.3
58370.9
57113.4
55873.2
54618.1
53356.5
52115.6
50884.9
49667.7
48459
47248.6
46015.8
44745.1
43440.6
42117.6
40795
39491.5
38224.8
37002.2
35814.7
34652.6
33511.4
32381.2
31247.8
30112.5
28993
27897.5
26825.1
25773.5
235088
233488
231933
230427
228971
227563
226200
224879
223596
222347
221129
219939
218772
217627
216501
215392
214296
213212
212138
211073
210014
208962
207914
206871
205833
204798
203766
202736
201706
200677
199650
198627
197607
196590
195574
194556
193536
192511
191484
190456
189433
188413
187396
186378
185356
184331
183303
182274
181239
180196
179147
178098
177055
176021
174996
173972
172943
171903
170859
169810
168763
167716
166670
165623
164573
163520
162464
161406
160343
159272
158192
157102
156006
154904
153795
152678
151553
150423
149290
148153
147010
145860
144700
143532
142356
141173
139984
138788
137586
136378
135165
133947
132724
131495
130260
129019
127774
126523
125268
124009
122747
121484
120218
118950
117680
116409
115137
113866
112595
111325
110057
108793
107533
106280
105033
103792
102554
101316
100075
98827.2
97575.5
96321.8
95070.5
93824
92582.2
91343.7
90106.6
88870.2
87635.7
86404.7
85179.7
83963
82756.3
81561.3
80380.5
79212.9
78038.7
76834.7
75593.3
74327.1
73064.5
71807.3
70556
69326.2
68098.3
66842.6
65567.8
64308
63094.7
61914.2
60729.7
59507.9
58246.1
56988.2
55750.6
54494.5
53229.6
51981.9
50740.9
49509.5
48286.8
47066.1
45829.4
44562.5
43267.4
41956.7
40647.1
39356
38100.4
36888.1
35712.6
34561.3
33425.1
32294.7
31159.9
30025.1
28907.8
27815.7
26747.8
25700.7
235764
234198
232669
231179
229730
228321
226952
225619
224321
223054
221815
220603
219414
218246
217096
215963
214844
213737
212642
211555
210477
209405
208339
207279
206224
205172
204124
203079
202035
200993
199954
198917
197884
196853
195824
194795
193764
192729
191694
190659
189628
188599
187573
186545
185515
184479
183443
182407
181367
180321
179270
178219
177173
176133
175099
174065
173026
171980
170928
169873
168818
167764
166711
165657
164599
163536
162472
161404
160333
159255
158168
157073
155971
154866
153753
152633
151505
150372
149236
148097
146952
145799
144636
143465
142286
141100
139910
138714
137512
136305
135093
133876
132652
131422
130187
128947
127702
126453
125200
123944
122686
121425
120163
118900
117634
116369
115103
113838
112574
111313
110054
108799
107550
106307
105071
103837
102603
101366
100125
98878.8
97630.5
96383.2
95138.6
93896.9
92657.6
91419.2
90181.5
88946.6
87714.6
86486.7
85264.5
84051.7
82848.2
81657.5
80482.4
79317.2
78135
76909.7
75636.5
74334.2
73044
71769.8
70508.8
69276.3
68044.6
66775.9
65481.2
64198.6
62960.2
61757.8
60561.2
59335.4
58075.8
56821.3
55588.7
54335.5
53070
51815.4
50563.7
49318
48081.8
46851.7
45613.5
44354.5
43073.4
41779.7
40487.3
39211.8
37968.6
36766.2
35600.4
34459
33328.4
32198.9
31064.8
29933.1
28819.7
27731.8
26667.8
25624.4
236380
234841
233333
231857
230416
229010
227637
226297
224987
223706
222452
221222
220014
218826
217657
216503
215364
214238
213123
212017
210920
209831
208748
207672
206600
205533
204471
203411
202354
201299
200248
199199
198153
197110
196068
195027
193985
192941
191897
190854
189814
188776
187740
186702
185663
184620
183578
182534
181489
180441
179388
178336
177285
176239
175195
174151
173104
172051
170993
169932
168869
167808
166748
165686
164620
163550
162475
161399
160319
159235
158142
157043
155938
154829
153713
152590
151458
150321
149182
148041
146893
145737
144572
143399
142218
141032
139840
138644
137443
136237
135025
133807
132583
131353
130119
128881
127638
126391
125141
123888
122632
121375
120117
118857
117597
116337
115078
113820
112566
111314
110066
108822
107584
106352
105122
103892
102659
101421
100180
98936.2
97692.5
96450.4
95209.6
93967.6
92725.5
91483.3
90243
89006.5
87774
86545.3
85321.9
84107.6
82904.4
81714.7
80543.2
79378.4
78188.4
76945.7
75646.2
74315.3
73002.1
71712.7
70443.1
69206.6
67971
66691.2
65381.7
64077.1
62808.5
61576.1
60359.8
59128.6
57873.9
56625.7
55399
54152.2
52888.4
51627.6
50366.5
49109.3
47863
46625.7
45387.8
44137.6
42872.3
41597.5
40324.5
39066.7
37837.4
36644.5
35486.4
34352.2
33227.1
32100.1
30969
29842.7
28735
27652.1
26591.8
25551.3
236987
235472
233983
232521
231088
229684
228310
226964
225646
224353
223085
221839
220614
219408
218220
217048
215890
214744
213611
212487
211372
210266
209166
208073
206985
205903
204825
203751
202681
201613
200549
199487
198429
197372
196318
195265
194212
193159
192107
191055
190004
188956
187909
186862
185813
184764
183715
182665
181614
180560
179505
178449
177393
176339
175287
174234
173179
172119
171055
169988
168917
167849
166781
165713
164638
163558
162475
161390
160303
159212
158115
157012
155904
154792
153673
152545
151410
150270
149128
147983
146833
145675
144508
143334
142152
140965
139773
138577
137376
136169
134957
133739
132516
131288
130056
128820
127580
126336
125089
123839
122587
121333
120079
118824
117570
116316
115065
113817
112572
111333
110097
108866
107639
106413
105187
103956
102721
101481
100240
98997.8
97757.3
96515.8
95272.5
94024.5
92775
91526.3
90281.5
89040.6
87803.2
86569.2
85340.7
84121.5
82914
81722.8
80551
79385.6
78189.2
76933.4
75617.1
74268.9
72941.5
71641.3
70363.4
69120.9
67878.7
66589.9
65270.2
63947.3
62649.5
61384.8
60144.7
58905.4
57655.3
56413.4
55192
53953.1
52693.4
51428.7
50161.6
48897.9
47645.2
46403.7
45167.5
43926
42676
41420
40166.8
38927.2
37712.3
36528.7
35376.9
34247.8
33127.1
32003.9
30878.1
29758.7
28657.6
27579.8
26523.1
25485.4
237677
236184
234713
233265
231840
230440
229065
227714
226387
225083
223801
222539
221297
220072
218864
217672
216493
215327
214172
213028
211894
210767
209649
208537
207431
206331
205236
204146
203059
201976
200897
199821
198747
197677
196608
195542
194477
193412
192348
191285
190224
189164
188105
187046
185988
184930
183871
182813
181755
180694
179631
178567
177505
176445
175384
174322
173257
172189
171117
170042
168966
167889
166812
165734
164651
163563
162470
161377
160282
159185
158082
156975
155864
154749
153626
152495
151356
150212
149067
147919
146766
145606
144439
143263
142082
140894
139702
138506
137305
136098
134886
133669
132448
131223
129994
128761
127525
126285
125042
123796
122549
121300
120051
118802
117554
116309
115068
113832
112601
111376
110155
108936
107717
106494
105264
104028
102786
101543
100300
99057.3
97813.7
96565.6
95312
94053.5
92793.2
91536.5
90284
89035.3
87789.7
86547.2
85310.8
84082.7
82866.9
81669.7
80495.2
79325.7
78123.5
76861.2
75539.6
74188
72858.1
71555.2
70271.8
69020.4
67766.4
66469
65142.7
63808.6
62488.4
61194.8
59929
58678
57430
56191.9
54973.6
53742.8
52489.4
51225
49957.4
48692.2
47437.1
46194.1
44960.5
43727.7
42492
41253.9
40019.7
38797.6
37596.2
36421.7
35275.1
34149.9
33032.9
31914.6
30795.5
29683.7
28589.2
27516.2
26462.7
25428
238451
236979
235525
234089
232673
231277
229902
228547
227212
225897
224601
223324
222064
220820
219592
218378
217177
215989
214813
213647
212490
211342
210202
209069
207943
206824
205709
204600
203495
202394
201298
200204
199115
198028
196943
195861
194781
193703
192626
191549
190475
189402
188330
187260
186190
185120
184051
182982
181913
180843
179772
178699
177627
176556
175484
174411
173337
172259
171179
170096
169011
167926
166841
165752
164658
163560
162460
161360
160257
159154
158045
156934
155818
154698
153571
152435
151293
150147
148998
147848
146692
145531
144362
143187
142006
140819
139628
138432
137232
136026
134817
133602
132384
131162
129936
128708
127476
126242
125004
123764
122523
121281
120039
118799
117560
116326
115097
113876
112662
111453
110245
109034
107816
106586
105345
104098
102847
101596
100345
99093.5
97837.7
96575.6
95307.4
94035.4
92765.1
91499.5
90238.3
88980.7
87725.6
86473.4
85226.5
83987.3
82760.2
81554.1
80370.7
79191.4
77983.5
76722.4
75408.4
74068.5
72747.7
71452
70171.1
68909.8
67637
66329.8
64998.9
63660.6
62329.6
61017.2
59730.7
58466.2
57214.6
55976.3
54756.5
53531.2
52285.3
51026.7
49763.7
48500.9
47246.6
46005.3
44775.4
43551.1
42328.3
41106.4
39889.3
38682.7
37493.5
36326.8
35184.1
34061.7
32948.4
31835.6
30723.8
29619.8
28531.8
27463.4
26413.2
25381.5
239308
237855
236416
234991
233583
232191
230815
229457
228115
226790
225481
224189
222911
221649
220400
219165
217942
216731
215531
214341
213161
211990
210827
209671
208523
207381
206245
205115
203989
202869
201752
200640
199532
198427
197324
196225
195128
194033
192940
191849
190760
189673
188587
187502
186419
185337
184255
183174
182092
181010
179928
178845
177762
176679
175595
174510
173424
172336
171247
170156
169063
167968
166871
165771
164668
163561
162453
161343
160233
159120
158005
156887
155765
154639
153507
152369
151226
150078
148927
147773
146616
145452
144283
143109
141929
140744
139555
138361
137163
135960
134753
133542
132327
131109
129889
128666
127441
126214
124984
123753
122521
121289
120058
118828
117602
116381
115168
113963
112764
111566
110363
109149
107919
106672
105415
104150
102883
101616
100348
99078.7
97804.3
96526.2
95245.8
93963.8
92685.3
91413.1
90145.5
88880.5
87618.3
86357.7
85100.8
83849
82610
81392.6
80193.4
78997.5
77782.7
76527.4
75230.7
73913.3
72610.6
71328.7
70056.5
68788.3
67498.5
66180.3
64846.3
63509.3
62177.3
60858.6
59561.4
58286.8
57029.1
55786.2
54560.9
53337.2
52099.4
50850
49592.9
48333.9
47082.7
45845.3
44620.7
43404.8
42193.6
40985.4
39782.5
38588.8
37409.6
36249.1
35109.4
33988.4
32878.1
31770.9
30666.2
29569.5
28487.6
27423.5
26377
25348.6
240241
238803
237377
235962
234560
233171
231795
230433
229085
227751
226430
225123
223829
222548
221279
220023
218778
217544
216320
215106
213902
212706
211518
210339
209166
208001
206841
205688
204540
203398
202260
201126
199997
198872
197750
196632
195517
194404
193294
192186
191080
189977
188875
187775
186677
185579
184483
183388
182293
181198
180103
179009
177914
176818
175723
174626
173528
172430
171330
170230
169127
168022
166914
165804
164691
163576
162459
161340
160220
159098
157974
156847
155718
154585
153448
152307
151161
150012
148859
147703
146543
145379
144210
143037
141860
140677
139491
138300
137105
135907
134704
133497
132288
131077
129863
128649
127433
126216
124998
123779
122560
121341
120123
118908
117697
116491
115290
114095
112899
111698
110482
109249
107996
106725
105443
104155
102866
101576
100288
98999.6
97712.8
96426.8
95138.4
93850.4
92568.8
91294.8
90024.7
88757
87489.9
86224.1
84959.5
83698.6
82451.6
81222.8
80003
78783.4
77557.5
76309.1
75031.3
73739.1
72456.3
71189
69925.9
68653.9
67355.2
66031.1
64696.8
63363.3
62035.3
60718
59418.8
58140.3
56878.7
55631.4
54399.2
53174.5
51943.8
50702.2
49449.5
48195.3
46948.4
45715.7
44496.9
43289.2
42088.1
40891.2
39699.4
38515.7
37344.4
36189.1
35051.6
33931.4
32823.1
31720.2
30621.8
29531.3
28454.5
27394.4
26351.6
25326.8
241231
239806
238389
236982
235585
234198
232822
231456
230102
228759
227427
226107
224798
223500
222212
220935
219669
218412
217165
215927
214698
213478
212266
211061
209864
208673
207489
206312
205140
203974
202814
201658
200507
199360
198217
197078
195943
194811
193681
192555
191432
190311
189192
188075
186960
185847
184735
183625
182516
181407
180299
179191
178083
176976
175868
174760
173651
172542
171431
170320
169207
168093
166976
165857
164736
163613
162488
161360
160231
159099
157966
156830
155692
154551
153408
152261
151112
149959
148804
147645
146483
145318
144149
142977
141801
140622
139439
138254
137065
135873
134678
133481
132282
131081
129879
128677
127474
126271
125068
123866
122663
121461
120260
119059
117858
116656
115452
114244
113030
111803
110560
109298
108014
106715
105407
104094
102781
101472
100171
98876.6
97588.5
96301.4
95011.1
93723.6
92445.3
91173.9
89903.5
88634.2
87364.4
86094.1
84824.5
83558.5
82309.4
81074
79830.2
78580.9
77339.3
76093.8
74832.5
73561.8
72295.7
71039.2
69782
68509.4
67209.3
65887
64556
63227.2
61904.1
60591.1
59294.8
58017.2
56755.6
55506.3
54269.9
53043.7
51816.9
50578.2
49329
48080.1
46839
45611.6
44398.9
43198.5
42005.9
40818.1
39634.8
38458.9
37293.9
36142.8
35007.4
33887.9
32780.6
31680.7
30586.8
29501.2
28428.7
27372.2
26333
25312.2
242242
240826
239417
238016
236622
235236
233859
232490
231130
229780
228438
227106
225783
224469
223164
221869
220583
219305
218036
216776
215524
214279
213043
211814
210592
209377
208169
206967
205772
204582
203397
202218
201045
199875
198711
197550
196394
195242
194093
192947
191805
190666
189529
188395
187263
186133
185006
183880
182755
181632
180510
179388
178267
177147
176027
174907
173787
172667
171546
170424
169301
168178
167052
165925
164797
163666
162533
161398
160261
159122
157981
156838
155693
154545
153396
152244
151090
149933
148774
147613
146449
145283
144114
142944
141772
140599
139424
138249
137072
135895
134717
133536
132353
131167
129980
128791
127603
126414
125228
124044
122860
121671
120475
119268
118047
116813
115572
114325
113071
111807
110530
109236
107925
106602
105276
103953
102636
101329
100033
98750.9
97474.9
96191.4
94901.2
93618.1
92347.2
91078.5
89808
88534.9
87261
85987
84713.6
83445.4
82199
80962.6
79697.5
78415.5
77152.9
75902.4
74649.3
73391.9
72137.5
70887.1
69632.5
68361.1
67065.9
65752.6
64429.8
63106.1
61787.1
60478.8
59186.6
57912.4
56653.4
55405.4
54168.2
52941.5
51714
50473.7
49227
47983.6
46749.1
45527.9
44321.4
43127.6
41941.9
40761.2
39584.8
38414.8
37254.6
36106.7
34973.2
33854.2
32747.7
31649.8
30559
29477
28408
27355
26319.5
25302.9
242998
241588
240184
238786
237394
236009
234631
233260
231897
230541
229193
227853
226521
225198
223882
222574
221274
219983
218699
217423
216154
214893
213640
212393
211154
209921
208695
207476
206262
205055
203853
202657
201466
200280
199098
197922
196750
195581
194417
193257
192100
190947
189796
188648
187503
186361
185221
184083
182946
181812
180678
179546
178415
177285
176156
175027
173898
172769
171641
170511
169381
168251
167119
165985
164851
163714
162576
161436
160294
159151
158005
156857
155708
154557
153405
152250
151095
149937
148778
147617
146454
145290
144125
142961
141797
140634
139473
138316
137161
136007
134851
133689
132519
131341
130157
128968
127777
126584
125392
124201
123006
121801
120581
119344
118089
116819
115538
114253
112963
111667
110364
109056
107742
106425
105109
103800
102499
101208
99930.6
98668.9
97410.7
96134.3
94848
93570.5
92302.4
91032
89756.8
88477.5
87198.2
85920.4
84644.1
83374.4
82128.5
80898.2
79625.5
78316.3
77029.8
75767.6
74513
73259
72008.7
70760.2
69505.7
68236.1
66948.7
65645.6
64331.7
63014.2
61699.4
60395
59106.5
57835.4
56578.9
55332.9
54096.4
52868.4
51636.5
50393.2
49149
47910.3
46681.4
45465.5
44264
43075.2
41894.8
40719.2
39547.5
38381.7
37224.7
36079.1
34946.7
33828
32721.8
31625.1
30536.4
29457.1
28390.9
27340.9
26308.8
25296.5
243484
242079
240677
239281
237891
236507
235129
233757
232392
231033
229682
228337
227000
225670
224348
223033
221725
220425
219132
217846
216568
215296
214032
212775
211525
210281
209044
207813
206588
205369
204156
202948
201746
200549
199357
198170
196987
195809
194635
193464
192298
191135
189975
188819
187665
186514
185366
184220
183076
181933
180793
179654
178516
177379
176243
175108
173974
172840
171706
170572
169437
168302
167166
166029
164890
163750
162609
161466
160322
159175
158027
156878
155727
154575
153422
152269
151114
149959
148802
147644
146484
145324
144165
143007
141853
140703
139560
138423
137292
136161
135023
133871
132699
131511
130311
129102
127886
126668
125450
124234
123014
121785
120541
119284
118011
116722
115420
114114
112807
111500
110193
108890
107587
106290
104995
103705
102420
101142
99874.5
98624.2
97377.5
96113.6
94835.6
93563.2
92292.9
91017.8
89734.8
88447.5
87162.5
85882.1
84604.4
83332.8
82083.7
80859.2
79595.1
78269.2
76958.8
75682.3
74422.7
73168
71917.8
70669.6
69414.6
68146.7
66864.7
65568.9
64261.4
62949
61638.4
60338.1
59053.1
57784.4
56529.4
55284.6
54048.1
52816.8
51579.3
50334.8
49093.4
47858.9
46634
45422
44224.1
43038.8
41862
40689.8
39521.3
38358.3
37203.5
36059.3
34927.5
33808.9
32702.7
31606.7
30519.3
29442
28378.1
27330.7
26301.6
25293.4
243828
242425
241026
239632
238243
236859
235481
234109
232743
231382
230029
228681
227341
226007
224680
223359
222046
220740
219441
218149
216864
215586
214314
213049
211791
210540
209295
208056
206823
205596
204375
203159
201949
200745
199545
198350
197160
195974
194792
193615
192442
191272
190106
188943
187783
186626
185472
184320
183170
182022
180876
179732
178589
177447
176307
175168
174029
172891
171754
170616
169479
168340
167201
166062
164921
163780
162637
161493
160347
159200
158052
156903
155752
154601
153449
152298
151147
149995
148842
147686
146529
145372
144216
143064
141918
140780
139653
138539
137430
136317
135186
134029
132841
131627
130394
129149
127899
126648
125405
124169
122938
121700
120447
119185
117900
116597
115284
113969
112664
111361
110067
108779
107493
106211
104931
103653
102378
101106
99843.5
98597.7
97358.4
96104.6
94842.4
93575.2
92299.8
91017.3
89723.7
88427.9
87138.3
85856.8
84579.6
83306.9
82052.1
80826.6
79578.3
78249.6
76918
75625.6
74358.7
73102.7
71851
70601.5
69346.2
68080.2
66801.4
65509.9
64207.2
62899.2
61593.3
60297.3
59015.6
57749.2
56495.1
55250.6
54013
52777.4
51535.4
50290.9
49052.2
47821
46599.5
45390.5
44195.2
43012.6
41838.3
40668.6
39502.4
38341.3
37188
36044.8
34913.3
33794.7
32688.4
31592.6
30506.2
29430.3
28368.3
27323.1
26296.7
25292.4
244069
242669
241272
239879
238491
237108
235729
234357
232990
231628
230273
228924
227581
226244
224914
223591
222274
220964
219660
218364
217074
215791
214514
213245
211981
210724
209474
208229
206991
205758
204531
203310
202095
200884
199679
198479
197283
196092
194906
193723
192545
191370
190199
189032
187868
186706
185548
184391
183237
182086
180936
179788
178641
177496
176352
175210
174069
172929
171789
170649
169509
168368
167228
166086
164945
163803
162661
161518
160374
159228
158082
156933
155783
154633
153483
152333
151184
150034
148882
147727
146571
145415
144262
143115
141974
140843
139726
138624
137527
136421
135290
134118
132902
131650
130379
129103
127833
126569
125316
124073
122841
121606
120357
119095
117805
116496
115176
113863
112564
111274
109992
108715
107441
106169
104897
103627
102357
101089
99828.4
98581.8
97343.6
96098.5
94847.4
93584.5
92306.2
91016
89713.4
88411.4
87120.4
85840.1
84564.7
83292.1
82031.6
80798.9
79560.2
78240.7
76897.4
75589.9
74314.4
73055
71800.3
70548.8
69294.2
68029.9
66753.7
65465.3
64166.1
62861.8
61560.1
60268
58989.4
57724.8
56471.7
55226.9
53987.4
52747.7
51502.9
50258.8
49022.2
47793.5
46574.3
45367.5
44174.2
42993.4
41821
40653
39488.5
38328.7
37176.4
36033.9
34902.8
33784.3
32677.8
31582.1
30496.4
29421.6
28361
27317.6
26293.4
25292.8
244237
242838
241442
240050
238663
237280
235902
234529
233162
231800
230443
229093
227748
226410
225078
223752
222433
221120
219814
218514
217221
215935
214655
213382
212115
210854
209599
208351
207109
205872
204642
203417
202197
200983
199774
198569
197370
196175
194985
193799
192617
191439
190265
189095
187927
186763
185601
184442
183285
182131
180978
179827
178678
177530
176384
175240
174097
172955
171814
170672
169530
168388
167246
166105
164965
163825
162685
161545
160403
159260
158114
156964
155812
154659
153508
152358
151210
150064
148916
147764
146609
145453
144300
143151
142006
140871
139755
138658
137561
136451
135309
134117
132873
131590
130295
129007
127733
126469
125214
123974
122758
121533
120289
119029
117739
116425
115107
113797
112504
111223
109950
108681
107414
106148
104881
103614
102348
101083
99822.3
98570.5
97328.8
96089.3
94844.7
93585.2
92305.8
91010
89701.5
88396.7
87106.9
85829.1
84555.7
83283.6
82018.1
80774.7
79535.6
78230.7
76888.5
75569.8
74283.8
73019
71760.6
70507.4
69254.4
67992
66718.3
65432
64135.4
62834.1
61535.7
60246.8
58970.8
57707.9
56455.4
55210.4
53968.7
52725.9
51479.5
50236.2
49001.1
47773.9
46556.5
45351.1
44159.2
42979.5
41808.4
40641.5
39478
38319.1
37167.5
36025.6
34894.7
33776.3
32669.8
31574.3
30489
29415.1
28355.7
27313.7
26291.3
25294.1
244351
242954
241559
240168
238781
237399
236021
234648
233280
231917
230560
229209
227863
226524
225190
223863
222542
221228
219920
218618
217323
216034
214752
213476
212206
210943
209686
208435
207190
205951
204718
203490
202268
201051
199839
198632
197430
196233
195040
193851
192667
191487
190311
189138
187969
186802
185639
184478
183319
182162
181008
179854
178703
177553
176405
175260
174116
172973
171831
170689
169546
168402
167259
166120
164983
163847
162711
161572
160431
159287
158137
156982
155824
154667
153513
152364
151222
150083
148942
147794
146638
145477
144318
143161
142008
140867
139746
138640
137530
136405
135251
134047
132786
131492
130190
128902
127630
126371
125119
123890
122689
121478
120243
118984
117693
116378
115062
113757
112470
111195
109927
108663
107400
106136
104872
103607
102343
101079
99819.9
98562
97313.8
96075.9
94835.2
93579.1
92300.8
91001.9
89690.1
88384.7
87096.6
85821
84549
83277
82007.3
80753.4
79506.6
78213.4
76881.8
75558.3
74262.8
72991.9
71728.7
70475.2
69224.1
67964.3
66692.3
65407.6
64112.9
62813.8
61517.8
60231.5
58957.6
57696.2
56444.2
55198.7
53955.4
52710.2
51463.1
50220.7
48986.5
47760.5
46544.2
45339.8
44148.6
42969.7
41799.4
40633.1
39470.2
38311.9
37160.8
36019.1
34888.6
33770.1
32663.6
31568.4
30483.6
29410.4
28351.9
27310.9
26290.1
25295.7
244428
243031
241637
240246
238860
237478
236100
234727
233359
231996
230639
229287
227940
226600
225266
223938
222616
221300
219990
218688
217391
216101
214817
213539
212268
211003
209745
208492
207245
206004
204769
203540
202316
201097
199883
198674
197470
196271
195077
193887
192701
191519
190342
189168
187997
186829
185664
184502
183342
182184
181028
179873
178720
177568
176419
175273
174129
172986
171844
170701
169558
168413
167270
166131
164999
163867
162733
161593
160449
159300
158145
156984
155820
154658
153501
152354
151219
150089
148955
147808
146648
145482
144315
143147
141986
140839
139706
138584
137461
136322
135158
133948
132685
131391
130092
128808
127545
126292
125044
123820
122630
121431
120204
118947
117656
116345
115032
113732
112449
111178
109914
108652
107391
106128
104865
103601
102338
101077
99817.6
98554.3
97299.6
96059.4
94822.4
93570.2
92294.6
90995
89681.7
88375.8
87088.8
85814.3
84543
83271
81998
80734.8
79477.8
78190.3
76872
75550.6
74248.9
72971.5
71703.2
70450.2
69201.1
67944
66673.5
65390
64096.6
62799.1
61505
60220.6
58948.3
57687.9
56436.5
55190.6
53945.8
52699.1
51451.8
50210.1
48976.7
47751.4
46536.1
45332.3
44141.5
42963.1
41793
40627.2
39464.6
38306.7
37155.8
36014.4
34884
33765.6
32659.1
31563.9
30479.6
29407
28349.2
27309
26289.4
25297.2
244477
243081
241687
240297
238910
237528
236151
234778
233410
232047
230689
229337
227990
226649
225314
223985
222663
221346
220036
218732
217435
216144
214859
213580
212308
211042
209782
208528
207281
206039
204802
203572
202346
201126
199911
198701
197496
196296
195100
193909
192722
191540
190362
189187
188015
186847
185681
184519
183358
182200
181043
179886
178730
177577
176428
175282
174139
172997
171855
170711
169566
168421
167280
166143
165011
163878
162743
161602
160452
159298
158139
156976
155809
154641
153481
152336
151206
150077
148947
147802
146639
145467
144294
143122
141955
140799
139655
138518
137382
136234
135061
133849
132592
131306
130015
128739
127482
126234
124990
123765
122580
121387
120166
118914
117627
116320
115012
113715
112436
111168
109905
108644
107384
106122
104859
103596
102333
101073
99814.6
98547.4
97286.1
96042.4
94807.1
93559.6
92286.9
90988.3
89675.4
88370
87083.1
85809
84537.7
83265.4
81990.5
80720.9
79455.3
78169.5
76859.9
75544.5
74240.5
72957.3
71683.5
70429.9
69184
67929.1
66660.1
65377.5
64085
62788.8
61496.2
60213.1
58942
57682.4
56431.2
55184.9
53939.2
52691.5
51444.1
50203
48970.2
47745.5
46530.7
45327.2
44136.6
42958.5
41788.7
40623
39460.7
38303
37152.5
36011.2
34880.9
33762.4
32655.9
31560.8
30476.8
29404.7
28347.4
27307.8
26289
25298.5
244507
243111
241717
240327
238941
237559
236182
234809
233441
232077
230719
229367
228020
226679
225344
224015
222691
221375
220064
218760
217462
216170
214884
213605
212332
211066
209805
208551
207302
206060
204823
203591
202365
201144
199929
198718
197512
196311
195114
193922
192735
191552
190374
189199
188028
186859
185693
184530
183370
182212
181054
179895
178736
177583
176434
175287
174145
173005
171864
170723
169578
168431
167287
166149
165015
163880
162744
161600
160447
159289
158129
156967
155798
154627
153463
152315
151185
150059
148928
147781
146617
145445
144269
143093
141924
140762
139607
138457
137312
136158
134984
133773
132524
131246
129963
128692
127438
126192
124954
123728
122540
121351
120134
118887
117604
116302
114997
113704
112427
111161
109899
108638
107378
106117
104855
103591
102329
101069
99810.3
98541.9
97275.2
96027.6
94791.1
93547.3
92278.8
90983.2
89671.2
88366.2
87079.3
85805
84533.4
83260.7
81985
80711.9
79440.5
78154.2
76850
75539
74235.7
72948.7
71669.1
70413.5
69171.2
67918.5
66651
65369
64077.3
62782
61490.3
60208.3
58938
57678.8
56427.8
55181.2
53934.8
52686.5
51439.2
50198.5
48966.1
47741.7
46527.1
45323.8
44133.3
42955.3
41785.7
40620.4
39458.2
38300.8
37150.4
36009.2
34878.9
33760.4
32653.7
31558.8
30475
29403.2
28346.3
27307
26288.9
25299.4
244523
243127
241733
240344
238958
237576
236198
234825
233457
232094
230736
229383
228036
226695
225360
224030
222707
221390
220079
218774
217476
216184
214898
213619
212345
211078
209817
208562
207314
206071
204834
203602
202376
201154
199938
198727
197520
196319
195122
193929
192742
191559
190381
189207
188035
186867
185702
184539
183380
182223
181064
179903
178742
177587
176439
175294
174153
173013
171872
170731
169588
168442
167295
166154
165017
163880
162743
161599
160445
159285
158123
156959
155789
154616
153453
152303
151167
150038
148906
147759
146593
145421
144246
143070
141898
140732
139572
138415
137265
136107
134931
133723
132479
131207
129930
128664
127411
126167
124932
123706
122511
121323
120112
118868
117589
116290
114988
113697
112421
111156
109894
108634
107374
106114
104852
103588
102326
101066
99806.7
98538.2
97269.2
96016.1
94778.1
93538.2
92272.5
90979.7
89669
88364.4
87076.8
85802.3
84530.3
83257.5
81981.7
80706.9
79432.1
78144.6
76843
75534.4
74232.3
72944.4
71659.8
70401
69161.6
67911.4
66645.1
65363.9
64072.8
62778.2
61487.1
60205.5
58935.6
57676.6
56425.6
55178.9
53932.1
52683.5
51436.3
50195.9
48963.6
47739.3
46524.8
45321.6
44131.2
42953.3
41783.9
40618.7
39456.8
38299.5
37149.2
36008.1
34877.8
33759.2
32652.6
31557.6
30474
29402.5
28345.8
27306.6
26288.9
25299.8
244529
243133
241740
240350
238964
237583
236205
234832
233464
232101
230743
229390
228043
226701
225366
224036
222713
221396
220085
218780
217482
216190
214904
213624
212351
211083
209822
208567
207319
206076
204838
203606
202380
201158
199942
198731
197524
196322
195125
193932
192744
191561
190383
189208
188037
186869
185703
184541
183382
182224
181065
179904
178743
177587
176438
175293
174151
173012
171871
170731
169588
168442
167295
166152
165014
163876
162737
161593
160439
159280
158120
156955
155784
154612
153448
152296
151158
150026
148891
147742
146579
145408
144234
143058
141885
140718
139556
138396
137241
136081
134905
133700
132458
131190
129915
128651
127400
126157
124923
123696
122497
121307
120099
118858
117582
116285
114984
113694
112418
111153
109892
108633
107373
106112
104850
103587
102324
101064
99804.7
98537
97268.1
96011.7
94771.9
93532.6
92269.1
90977.9
89668.2
88363.7
87075.8
85801.1
84528.9
83256
81980
80704.3
79427.9
78139.8
76839.2
75531.6
74231
72943.4
71656.1
70395.3
69156.1
67907.9
66642.3
65361.7
64071
62776.7
61485.8
60204.4
58934.5
57675.7
56424.7
55177.9
53930.9
52682.2
51435.2
50194.8
48962.5
47738.4
46523.9
45320.8
44130.4
42952.6
41783.1
40618.1
39456.3
38299.1
37148.8
36007.8
34877.4
33758.8
32652.2
31557.3
30473.7
29402.3
28345.6
27306.5
26289
25299.7
24329.9
23390.7
22408.2
21391.1
20343.9
19269.2
18169.1
17045.6
15901.4
14739.2
13562.1
12374.5
11181.2
9988.43
8801.83
7629.41
6480.09
5356.33
4270.04
3265
2369.9
1589.44
917.143
401.432
62.2522
24296
23352
22369.1
21352.3
20305.6
19231.8
18132.7
17010.4
15867.4
14706.3
13530.6
12344.2
11152.3
9961.13
8776.31
7605.91
6458.5
5336.4
4252.09
3249.34
2356.62
1578.19
908.264
394.697
59.6345
24269.7
23318.7
22333.7
21316.5
20270
19196.6
18098.2
16976.7
15834.7
14674.7
13500
12314.8
11124.3
9934.71
8751.83
7583.57
6438.08
5317.22
4234.42
3233.42
2342.74
1566.11
898.238
387.323
57.1107
24248.5
23290.6
22302.6
21284.4
20237.5
19164.3
18066.4
16945.5
15804.2
14645
13471.4
12287.2
11097.9
9909.87
8729.01
7563.06
6419.27
5299.41
4217.98
3218.58
2329.63
1554.4
888.235
379.473
54.5576
24231.2
23267.1
22275.6
21255.8
20208.4
19135
18037.2
16916.8
15776
14617.6
13444.8
12261.6
11073.4
9886.97
8708.24
7544.48
6402.09
5283.04
4202.96
3204.98
2317.28
1543.02
878.372
371.418
52.0622
24217.8
23248
22252.5
21230.8
20182.5
19108.7
18010.8
16890.5
15750.1
14592.2
13420.1
12237.7
11050.6
9865.7
8689.01
7527.18
6386
5267.89
4189.45
3192.87
2306
1532.37
869.06
363.45
49.7192
24208.3
23233.2
22233.5
21209.3
20159.7
19085.3
17987.1
16866.8
15726.6
14569.1
13397.5
12215.9
11029.8
9846.35
8671.4
7511.26
6371.2
5254.21
4177.67
3182.53
2296.12
1522.68
860.509
355.773
47.5569
24202.4
23222.6
22218.8
21191.6
20140.2
19064.8
17966.1
16845.5
15705.3
14548
13376.9
12195.8
11010.8
9828.55
8655.08
7496.49
6357.54
5241.99
4167.77
3174.25
2288.02
1514.35
853.047
348.672
45.6404
24199.7
23215.8
22208.3
21178
20124.5
19047.6
17947.8
16826.8
15686.3
14529.1
13358.2
12177.7
10993.6
9812.37
8640.17
7482.91
6345.12
5231.46
4160.01
3168.33
2282.05
1507.72
846.912
342.371
43.9932
24199.3
23212.4
22201.7
21168.5
20112.7
19034
17932.7
16810.7
15669.8
14512.4
13341.6
12161.6
10978.1
9797.72
8626.58
7470.5
6334.05
5222.78
4154.67
3165.1
2278.63
1503.14
842.369
337.116
42.651
24199.7
23211.2
22198.3
21162.9
20105
19024.3
17921.3
16797.7
15655.9
14498.1
13327.2
12147.4
10964.5
9784.73
8614.41
7459.46
6324.62
5216.32
4152.08
3164.9
2278.1
1500.93
839.64
333.102
41.6289
24199.3
23210.4
22196.9
21160.4
20101.2
19018.7
17913.6
16788.1
15645
14486.3
13315
12135.2
10952.5
9773.27
8603.59
7449.86
6317.09
5212.4
4152.56
3168
2280.74
1501.37
838.915
330.477
40.9395
24197.5
23208.9
22195.9
21159.6
20100
19016.6
17909.7
16782.3
15637.3
14477.4
13305.4
12125.2
10942.4
9763.35
8594.34
7442.09
6311.91
5211.46
4156.48
3174.67
2286.8
1504.67
840.341
329.357
40.5832
24194.4
23206.3
22194.6
21159.3
20100.5
19016.9
17908.9
16779.8
15633
14471.6
13298.4
12117.3
10934.2
9755.17
8586.91
7436.49
6309.51
5213.86
4164.05
3185.03
2296.35
1510.91
843.951
329.792
40.544
24191.4
23203.2
22192.6
21158.9
20101.4
19018.6
17910.4
16780.2
15631.8
14468.8
13294.1
12112
10928
9748.94
8581.76
7433.63
6310.36
5219.95
4175.46
3199.08
2309.34
1520.03
849.715
331.758
40.7902
24190.1
23201
22190.7
21158.2
20102.2
19020.7
17913.2
16782.7
15633.2
14468.7
13292.4
12108.9
10924
9744.95
8579.27
7433.92
6314.82
5229.86
4190.61
3216.63
2325.49
1531.83
857.449
335.138
41.2754
24192.7
23201.3
22190.1
21157.9
20103.1
19022.9
17916.5
16786.5
15636.5
14470.8
13293
12108.1
10922.4
9743.69
8580
7437.89
6323.19
5243.62
4209.31
3237.33
2344.43
1545.98
866.92
339.768
41.9497
24201.4
23206.3
22192.7
21159.3
20104.5
19025.2
17920.2
16791.1
15641.1
14474.6
13295.7
12109.6
10923.3
9745.45
8584.28
7445.72
6335.46
5260.98
4231.06
3260.57
2365.57
1562.01
877.755
345.413
42.7583
24217.6
23217.9
22200.5
21164.3
20107.9
19028.6
17924.5
16796.3
15646.7
14479.9
13300.2
12113.3
10927
9750.53
8592.25
7457.48
6351.49
5281.51
4255.23
3285.65
2388.23
1579.4
889.581
351.821
43.6448
24242.6
23237.8
22215.4
21174.9
20115.2
19034.3
17930.2
16802.6
15653.4
14486.7
13306.7
12119.6
10933.8
9759.15
8603.96
7472.94
6370.81
5304.61
4281.03
3311.69
2411.6
1597.52
901.926
358.687
44.5522
24277.2
23267
22239
21192.9
20128.3
19044
17938.5
16810.7
15661.6
14495.1
13315.3
12128.4
10943.8
9771.25
8619.18
7491.65
6392.79
5329.37
4307.54
3337.81
2434.87
1615.71
914.351
365.73
45.4263
24321.7
23306.2
22272.1
21219.7
20149
19059.8
17951.2
16821.8
15672.3
14505.8
13326.3
12140.2
10957
9786.59
8637.4
7512.89
6416.56
5354.89
4333.8
3363.05
2457.19
1633.29
926.392
372.676
46.2152
24376
23355.4
22315.4
21256.2
20178.6
19083.4
17970
16837.6
15686.6
14519.7
13340.4
12155.1
10973.3
9804.78
8657.95
7535.84
6441.15
5380.1
4358.81
3386.58
2477.78
1649.69
937.605
379.313
46.8729
24438.9
23413.9
22368.2
21302.4
20217.8
19115.7
17996.5
16859.6
15706.1
14538
13358.5
12173.5
10992.4
9825.18
8680.04
7559.46
6465.32
5403.86
4381.58
3407.49
2495.96
1664.34
947.581
385.418
47.3574
24508.2
23479.5
22429.1
21357.6
20266.6
19157.6
18031.9
16889.4
15732.3
14562.1
13381.3
12195.6
11014.1
9847.2
8702.81
7582.63
6488.02
5425.13
4401.16
3425.08
2511.16
1676.79
955.987
390.802
47.6398
24580.7
23549.3
22495.4
21419.6
20323.5
19208.9
18076.6
16928.2
15766.5
14593
13409.6
12221.5
11038.1
9870.07
8725.13
7604.29
6508.17
5442.95
4416.81
3438.67
2522.86
1686.64
962.541
395.293
47.7044
24652.8
23620
22564.2
21485.9
20386.7
19268
18130.5
16976.4
15809.5
14631.5
13443.9
12251.4
11063.9
9893
8746.08
7623.44
6524.8
5456.55
4427.92
3447.86
2530.77
1693.62
967.07
398.778
47.5507
24727.8
23695.1
22639
21560.5
20460.5
19340
18199
17039.8
15867.3
14683.1
13488.5
12288.3
11093.8
9917.58
8766.71
7640.68
6538.34
5466.24
4434.76
3452.9
2535.12
1697.96
969.717
401.414
47.1502
24798
23767.5
22714.1
21638.6
20541.6
19423
18281.8
17119.8
15941.8
14749.4
13544.3
12332.5
11127.1
9942.03
8784.67
7653.36
6546.06
5469.42
4435.05
3451.77
2534.22
1698.32
969.55
402.683
46.4341
24851.7
23825.7
22777.8
21708.8
20618.6
19506.2
18368.8
17207.6
16025.5
14824.1
13605.8
12379.1
11159.7
9963.16
8797.16
7659.25
6546.31
5465.18
4428.39
3444.43
2528.01
1694.49
966.46
402.372
45.4876
24885.8
23866.3
22826.4
21766.9
20687.1
19584.6
18455.2
17298.4
16114.1
14903.3
13669.7
12425.6
11190
9979.91
8803.55
7658.02
6539.24
5454.06
4415.54
3431.64
2517.11
1686.92
960.741
400.588
44.3739
24899.1
23887.8
22857.6
21810.2
20743.6
19654
18536.1
17386.9
16202.6
14982.3
13731.9
12469.2
11216.3
9991.24
8803.46
7649.85
6525.45
5437.01
4397.58
3414.43
2502.45
1676.22
952.8
397.47
43.1629
24892
23889.8
22870.3
21836.8
20785.2
19710.7
18606.8
17467.9
16285.3
15055.8
13788
12506.9
11236.7
9996.47
8796.98
7635.36
6506.02
5415.33
4375.9
3394.04
2485.1
1663.12
943.123
393.221
41.9239
24866.1
23873.3
22864.7
21845.6
20809.9
19751.8
18663.3
17536.1
16356.7
15118.7
13834.4
12536.1
11249.7
9995.19
8784.65
7615.64
6482.35
5390.56
4351.98
3371.89
2466.16
1648.45
932.264
388.05
40.7251
24823.5
23840
22841.8
21836.8
20816.5
19775
18702.4
17587.4
16412
15166.6
13867.5
12554.6
11254.3
9987.39
8767.29
7592.07
6456.02
5364.35
4327.34
3349.31
2446.74
1633.02
920.786
382.193
39.6296
24767.1
23791.9
22803.7
21811
20804.5
19778.7
18721.7
17618.7
16447.6
15196.3
13885.4
12561.1
11250.1
9973.52
8745.97
7566.23
6428.75
5338.29
4303.37
3327.51
2427.92
1617.64
909.237
375.891
38.6886
24700.8
23732.6
22753.3
21770.5
20775.3
19763
18720.1
17627.8
16461.3
15206.2
13887
12555.5
11237.5
9954.47
8722.12
7539.68
6402.27
5313.83
4281.33
3307.61
2410.6
1603.06
898.166
369.417
37.9481
24629.5
23666.8
22694.4
21718.6
20731.5
19729.8
18697.9
17614.5
16452.2
15195.7
13872.8
12538.5
11217.5
9931.58
8697.33
7514.25
6378.12
5292.23
4262.19
3290.5
2395.55
1589.95
888.051
363.049
37.4387
24559.6
23600.2
22631.8
21659.9
20677.4
19682.4
18657.6
17580.3
16421.5
15166.2
13844.4
12511.7
11192
9906.62
8673.17
7491.45
6357.53
5274.5
4246.78
3276.88
2383.43
1578.95
879.301
357.094
37.1899
24496
23538
22571
21599.6
20618.3
19626
18603.6
17528.3
16372.1
15120.2
13804.2
12477.6
11162.9
9881.43
8651.26
7472.5
6341.55
5261.45
4235.68
3267.16
2374.64
1570.58
872.257
351.861
37.2221
24440.6
23483.1
22515.8
21542.4
20559.5
19566.2
18541
17463.8
16308.3
15061.7
13755.4
12438.7
11132.6
9857.76
8632.93
7458.52
6330.94
5253.51
4229.2
3261.54
2369.36
1565.11
867.186
347.705
37.538
24395.4
23437.4
22468.9
21492.2
20506
19507.8
18475.2
17393
16236.8
14996.2
13702.2
12398.4
11103.4
9837.18
8619.43
7450.14
6326.06
5250.82
4227.34
3259.96
2367.59
1562.66
864.277
344.844
38.1381
24363.6
23404.7
22433.8
21453.3
20463.3
19457.8
18414.3
17325.9
16168.1
14933
13651.6
12361.6
11078.3
9821.78
8611.66
7447.66
6326.79
5253.04
4229.78
3262.08
2369.02
1563.06
863.62
343.462
38.9821
24343.5
23384.2
22411.2
21427.1
20433.6
19419.7
18364.6
17269.9
16110.8
14880.4
13610.2
12332.5
11059.8
9812.18
8609.23
7449.96
6331.67
5258.83
4235.29
3266.81
2372.76
1565.55
864.743
343.367
39.9859
24331.4
23372.7
22398.4
21411.7
20415
19392
18326.5
17226.6
16066.4
14839.9
13579
12311.5
11047.6
9807.63
8610.86
7455.49
6339.22
5266.83
4242.71
3273.19
2377.93
1569.4
867.087
344.194
41.0919
24325.2
23368.1
22393.3
21404.7
20405
19372.9
18298.5
17194.8
16034
14811.1
13557.4
12298
11040.9
9807.13
8615.36
7463.05
6348.27
5276.03
4251.2
3280.52
2383.93
1574.07
870.23
345.644
42.2548
24323.7
23368.8
22394.3
21404.2
20401.2
19360.2
18279.4
17172.8
16011.9
14792.3
13544.1
12290.6
11038.9
9809.74
8621.76
7471.78
6358.05
5285.76
4260.15
3288.29
2390.34
1579.15
873.842
347.481
43.4315
24325.5
23373.4
22399.6
21408.8
20401.4
19352.6
18267.5
17158.7
15998
14781.3
13537.4
12288.3
11040.3
9814.61
8629.4
7481.1
6368.05
5295.57
4269.16
3296.17
2396.86
1584.4
877.699
349.542
44.5943
24330
23381
22408.2
21416.3
20404.4
19349.1
18261.2
17150.8
15990.6
14776.5
13535.9
12289.9
11044.5
9821.08
8637.76
7490.58
6377.94
5305.18
4277.97
3303.92
2403.28
1589.63
881.627
351.707
45.7168
24336.4
23390.7
22419
21425.7
20409.2
19348.9
18259.1
17147.5
15988
14776.2
13538.1
12294.2
11050.6
9828.65
8646.51
7500.03
6387.55
5314.45
4286.45
3311.4
2409.5
1594.74
885.537
353.911
46.7871
24344.3
23402.1
22431.1
21436.2
20415.5
19351.4
18260.4
17147.9
15989.1
14779.3
13543.1
12300.6
11058.1
9836.94
8655.4
7509.27
6396.74
5323.24
4294.48
3318.5
2415.4
1599.64
889.328
356.081
47.7929
24353.2
23414.4
22443.8
21447.2
20422.9
19356.3
18264
17150.8
15992.8
14784.7
13549.9
12308.4
11066.5
9845.64
8664.29
7518.27
6405.54
5331.59
4302.05
3325.23
2420.97
1604.27
892.972
358.192
48.7338
24362.9
23427.2
22456.8
21458.6
20431.5
19363.2
18269.9
17155.9
15998.7
14792
13558
12317
11075.4
9854.55
8673.05
7526.9
6413.86
5339.43
4309.13
3331.5
2426.16
1608.6
896.375
360.203
49.5985
24373.1
23440
22469.5
21469.9
20440.8
19371.5
18276.9
17162.3
16005.7
14800
13566.7
12325.9
11084.4
9863.43
8681.62
7535.22
6421.75
5346.83
4315.78
3337.42
2431.02
1612.66
899.507
362.094
50.3956
24384.1
23452.9
22482.1
21481.5
20451.2
19381.3
18285.6
17170.5
16014.4
14809.2
13576.1
12335.3
11093.6
9872.24
8689.92
7543.11
6429.13
5353.7
4321.92
3342.9
2435.56
1616.47
902.358
363.872
51.118
24395.4
23465.5
22494.3
21493
20461.9
19391.5
18294.7
17179
16022.9
14818.1
13585.1
12344.2
11102.3
9880.75
8697.88
7550.68
6436.14
5360.21
4327.73
3348.08
2439.79
1620
904.937
365.473
51.7798
24406.9
23477.6
22505.9
21504.1
20472.7
19402
18304.6
17188.6
16032.5
14827.7
13594.3
12353.1
11110.6
9888.47
8704.79
7557.07
6441.94
5365.56
4332.47
3352.38
2443.43
1623.13
907.237
366.93
52.363
)
;

boundaryField
{
    inlet
    {
        type            calculated;
        value           nonuniform List<scalar> 
30
(
4.56654e+06
4.56667e+06
4.56688e+06
4.56712e+06
4.56742e+06
4.56787e+06
4.56843e+06
4.56909e+06
4.57004e+06
4.57115e+06
4.57278e+06
4.57428e+06
4.57639e+06
4.57916e+06
4.58276e+06
4.58727e+06
4.59288e+06
4.5989e+06
4.60469e+06
4.60687e+06
4.6072e+06
4.60725e+06
4.60631e+06
4.60572e+06
4.60509e+06
4.60421e+06
4.60358e+06
4.60321e+06
4.60301e+06
4.60294e+06
)
;
    }
    outlet
    {
        type            calculated;
        value           uniform 0;
    }
    upperWall
    {
        type            calculated;
        value           nonuniform List<scalar> 
223
(
4.60294e+06
4.53165e+06
4.45885e+06
4.38925e+06
4.32314e+06
4.26042e+06
4.20096e+06
4.14463e+06
4.09128e+06
4.04077e+06
3.99296e+06
3.9477e+06
3.90487e+06
3.86433e+06
3.82597e+06
3.78965e+06
3.75528e+06
3.72273e+06
3.6965e+06
3.67562e+06
3.65477e+06
3.63397e+06
3.61321e+06
3.59251e+06
3.57186e+06
3.55126e+06
3.53073e+06
3.51027e+06
3.48987e+06
3.46955e+06
3.44931e+06
3.42914e+06
3.40905e+06
3.38904e+06
3.36912e+06
3.34928e+06
3.32953e+06
3.30986e+06
3.29029e+06
3.27081e+06
3.25141e+06
3.2321e+06
3.21288e+06
3.19375e+06
3.17471e+06
3.15576e+06
3.13689e+06
3.1181e+06
3.0994e+06
3.08077e+06
3.06223e+06
3.04376e+06
3.02537e+06
3.00704e+06
2.98879e+06
2.97061e+06
2.95249e+06
2.93444e+06
2.91644e+06
2.8985e+06
2.88062e+06
2.86278e+06
2.84499e+06
2.82723e+06
2.80952e+06
2.79185e+06
2.77421e+06
2.7566e+06
2.73903e+06
2.72148e+06
2.70395e+06
2.68644e+06
2.66895e+06
2.65147e+06
2.63401e+06
2.61656e+06
2.59912e+06
2.58168e+06
2.56423e+06
2.54679e+06
2.52934e+06
2.5119e+06
2.49446e+06
2.477e+06
2.45954e+06
2.44205e+06
2.42454e+06
2.407e+06
2.38945e+06
2.37188e+06
2.35427e+06
2.33664e+06
2.31899e+06
2.30132e+06
2.28364e+06
2.26593e+06
2.24818e+06
2.23038e+06
2.21254e+06
2.19467e+06
2.17676e+06
2.15882e+06
2.14085e+06
2.12286e+06
2.10483e+06
2.08677e+06
2.06867e+06
2.05053e+06
2.03234e+06
2.01408e+06
1.99575e+06
1.97735e+06
1.95891e+06
1.94044e+06
1.92195e+06
1.90343e+06
1.88488e+06
1.86629e+06
1.84769e+06
1.82906e+06
1.81038e+06
1.79163e+06
1.77282e+06
1.75396e+06
1.73506e+06
1.71614e+06
1.6972e+06
1.67823e+06
1.65923e+06
1.6402e+06
1.62115e+06
1.60206e+06
1.58295e+06
1.56381e+06
1.54464e+06
1.52545e+06
1.50624e+06
1.487e+06
1.46773e+06
1.44846e+06
1.42918e+06
1.40989e+06
1.39056e+06
1.3712e+06
1.35182e+06
1.33244e+06
1.31305e+06
1.29368e+06
1.2743e+06
1.25492e+06
1.23554e+06
1.21617e+06
1.1968e+06
1.17743e+06
1.15806e+06
1.1387e+06
1.11935e+06
1.10004e+06
1.08074e+06
1.06148e+06
1.04227e+06
1.02307e+06
1.00389e+06
984732
965597
946497
927442
908442
889501
870624
851810
833060
814374
795754
777205
758734
740346
722044
703835
685722
667714
649815
632027
614354
596799
579369
562069
544908
527892
511029
494329
477803
461461
445321
429406
413750
398410
383524
369983
355688
340710
325195
309213
292805
276013
258874
241413
223672
205712
187602
169411
151234
133167
115328
97846.9
80900
64683
49449
35479.3
23139.5
12830.4
5106.54
668.22
)
;
    }
    lowerWall
    {
        type            calculated;
        value           nonuniform List<scalar> 
250
(
4.56654e+06
4.49514e+06
4.42143e+06
4.35001e+06
4.28115e+06
4.21472e+06
4.1506e+06
4.08864e+06
4.02866e+06
3.97047e+06
3.91384e+06
3.85853e+06
3.8042e+06
3.75045e+06
3.69671e+06
3.64211e+06
3.58505e+06
3.5215e+06
2.97669e+06
2.97778e+06
2.97993e+06
2.98319e+06
2.98756e+06
2.99308e+06
2.99979e+06
3.00773e+06
3.01694e+06
3.02748e+06
3.03945e+06
3.05296e+06
3.06815e+06
3.08518e+06
3.10429e+06
3.1264e+06
3.15088e+06
3.17556e+06
3.20036e+06
3.22526e+06
3.25029e+06
3.2755e+06
3.30104e+06
3.32712e+06
3.35429e+06
3.38365e+06
3.41565e+06
2.97669e+06
2.97646e+06
2.97598e+06
2.97526e+06
2.97428e+06
2.97305e+06
2.97156e+06
2.96981e+06
2.96779e+06
2.96551e+06
2.96296e+06
2.96013e+06
2.95702e+06
2.95363e+06
2.94996e+06
2.946e+06
2.94176e+06
2.93724e+06
2.93243e+06
2.92733e+06
2.92195e+06
2.91629e+06
2.91035e+06
2.90413e+06
2.89764e+06
2.89087e+06
2.88384e+06
2.87653e+06
2.86897e+06
2.86114e+06
2.85305e+06
2.84471e+06
2.83611e+06
2.82726e+06
2.81817e+06
2.80884e+06
2.79926e+06
2.78946e+06
2.77944e+06
2.76919e+06
2.75871e+06
2.74802e+06
2.73711e+06
2.72598e+06
2.71463e+06
2.70308e+06
2.69133e+06
2.67938e+06
2.66723e+06
2.65489e+06
2.64237e+06
2.62966e+06
2.61678e+06
2.60373e+06
2.5905e+06
2.57711e+06
2.56355e+06
2.54983e+06
2.53594e+06
2.5219e+06
2.50771e+06
2.49336e+06
2.47888e+06
2.46425e+06
2.44948e+06
2.43457e+06
2.41951e+06
2.40433e+06
2.38901e+06
2.37357e+06
2.358e+06
2.34229e+06
2.32647e+06
2.31052e+06
2.29445e+06
2.27827e+06
2.26198e+06
2.24558e+06
2.22909e+06
2.21249e+06
2.1958e+06
2.17902e+06
2.16214e+06
2.14516e+06
2.12809e+06
2.11094e+06
2.09369e+06
2.07635e+06
2.05893e+06
2.04143e+06
2.02386e+06
2.00621e+06
1.9885e+06
1.97072e+06
1.95287e+06
1.93494e+06
1.91694e+06
1.89886e+06
1.8807e+06
1.86246e+06
1.84414e+06
1.82575e+06
1.80728e+06
1.78874e+06
1.77014e+06
1.75148e+06
1.73277e+06
1.71401e+06
1.69522e+06
1.6764e+06
1.65755e+06
1.63868e+06
1.61978e+06
1.60085e+06
1.58189e+06
1.56288e+06
1.54382e+06
1.52471e+06
1.50553e+06
1.48631e+06
1.46703e+06
1.44773e+06
1.4284e+06
1.40906e+06
1.38971e+06
1.37037e+06
1.35102e+06
1.33168e+06
1.31234e+06
1.293e+06
1.27366e+06
1.25431e+06
1.23497e+06
1.21562e+06
1.19628e+06
1.17693e+06
1.1576e+06
1.13827e+06
1.11896e+06
1.09967e+06
1.08039e+06
1.06113e+06
1.0419e+06
1.0227e+06
1.00353e+06
984389
965289
946229
927212
908243
889323
870457
851649
832901
814219
795607
777069
758609
740232
721942
703743
685638
667631
649729
631936
614255
596694
579260
561960
544800
527788
510926
494225
477698
461355
445215
429298
413638
398290
383375
369558
355231
340258
324754
308782
292386
275603
258471
241029
223322
205401
187325
169166
151007
132949
115110
97633.5
80685.9
64471.7
49251.2
35321.7
23026.7
12772.2
5087.85
658.154
)
;
    }
    frontAndBack
    {
        type            empty;
    }
}


// ************************************************************************* //
