/*--------------------------------*- C++ -*----------------------------------*\
  =========                 |
  \\      /  F ield         | OpenFOAM: The Open Source CFD Toolbox
   \\    /   O peration     | Website:  https://openfoam.org
    \\  /    A nd           | Version:  9
     \\/     M anipulation  |
\*---------------------------------------------------------------------------*/
FoamFile
{
    format      ascii;
    class       volScalarField;
    location    "0.09";
    object      p;
}
// * * * * * * * * * * * * * * * * * * * * * * * * * * * * * * * * * * * * * //

dimensions      [0 2 -2 0 0 0 0];

internalField   nonuniform List<scalar> 
12225
(
660.728
653.24
645.017
637.282
629.86
622.876
616.353
610.244
604.49
599.03
593.837
588.921
584.273
579.834
575.494
571.154
566.637
561.657
662.104
653.327
645.027
637.274
629.848
622.86
616.328
610.214
604.462
599.01
593.827
588.916
584.266
579.821
575.483
571.142
566.652
561.744
662.65
653.379
645.059
637.25
629.82
622.84
616.304
610.179
604.421
598.974
593.808
588.913
584.267
579.812
575.461
571.118
566.674
561.989
662.546
653.445
645.125
637.244
629.791
622.797
616.248
610.12
604.368
598.936
593.786
588.901
584.254
579.795
575.452
571.144
566.795
562.364
661.135
653.395
645.162
637.198
629.728
622.734
616.182
610.05
604.3
598.879
593.748
588.882
584.251
579.807
575.488
571.233
566.997
562.802
660.088
653.441
645.241
637.197
629.667
622.649
616.083
609.951
604.213
598.812
593.701
588.853
584.238
579.813
575.531
571.346
567.24
563.254
660.148
653.62
645.303
637.144
629.564
622.523
615.953
609.825
604.099
598.719
593.638
588.821
584.235
579.846
575.614
571.509
567.53
563.718
661.422
654.068
645.426
637.105
629.448
622.37
615.789
609.666
603.958
598.605
593.552
588.764
584.213
579.867
575.695
571.679
567.821
564.158
664.873
654.74
645.521
636.985
629.247
622.145
615.564
609.458
603.779
598.461
593.45
588.704
584.199
579.907
575.804
571.877
568.131
564.593
666.601
655.164
645.574
636.83
629
621.873
615.294
609.206
603.557
598.278
593.308
588.608
584.155
579.926
575.899
572.065
568.426
564.998
665.208
655.584
645.537
636.569
628.649
621.5
614.935
608.883
603.284
598.06
593.146
588.503
584.112
579.95
576.001
572.254
568.709
565.376
669.17
656.056
645.296
636.167
628.195
621.052
614.524
608.519
602.968
597.796
592.937
588.354
584.028
579.939
576.069
572.404
568.945
565.694
670.111
656.173
644.979
635.651
627.635
620.509
614.025
608.076
602.592
597.49
592.702
588.19
583.935
579.917
576.119
572.53
569.146
565.965
673.883
655.888
644.036
634.707
626.735
619.691
613.309
607.462
602.073
597.06
592.359
587.937
583.771
579.843
576.135
572.636
569.337
566.234
667.392
653.574
642.368
633.28
625.459
618.548
612.303
606.594
601.337
596.451
591.875
587.574
583.526
579.708
576.102
572.697
569.485
566.46
662.523
649.595
639.352
630.792
623.334
616.742
610.793
605.342
600.301
595.599
591.186
587.032
583.119
579.43
575.949
572.663
569.559
566.631
652.845
643.291
634.627
627.048
620.343
614.275
608.731
603.621
598.855
594.389
590.197
586.249
582.52
578.993
575.654
572.493
569.5
566.668
643.073
634.939
628.027
621.817
616.084
610.715
605.785
601.17
596.81
592.701
588.815
585.123
581.615
578.287
575.125
572.12
569.266
566.556
626.31
622.784
618.615
614.249
610.061
605.975
601.925
597.968
594.145
590.481
586.972
583.605
580.381
577.296
574.345
571.52
568.819
566.238
609.116
612.802
612.031
608.992
605.327
601.792
598.352
594.962
591.631
588.374
585.204
582.128
579.148
576.269
573.495
570.829
568.269
565.815
618.747
608.824
605.586
603.532
601.215
598.53
595.667
592.733
589.769
586.81
583.887
581.019
578.217
575.493
572.857
570.308
567.845
565.469
602.785
603.544
602.238
600.319
598.343
596.102
593.629
591.03
588.354
585.623
582.879
580.163
577.487
574.854
572.328
569.868
567.484
565.179
596.629
598.234
598.424
597.569
596.101
594.204
592.023
589.695
587.236
584.687
582.096
579.51
576.96
574.463
571.976
569.562
567.22
564.951
589.318
594.253
595.693
595.502
594.449
592.892
590.985
588.815
586.481
584.038
581.547
579.038
576.535
574.071
571.649
569.293
567.004
564.783
586.355
592.162
594.097
594.098
593.237
591.86
590.11
588.089
585.883
583.552
581.146
578.711
576.269
573.845
571.457
569.126
566.858
564.657
589.015
591.487
592.992
593.184
592.519
591.285
589.633
587.684
585.529
583.242
580.873
578.468
576.058
573.667
571.31
569.011
566.764
564.577
591.034
591.058
592.264
592.516
591.949
590.806
589.237
587.363
585.271
583.032
580.704
578.331
575.944
573.569
571.231
568.933
566.695
564.518
588.486
590.469
591.85
592.186
591.685
590.577
589.04
587.191
585.127
582.911
580.598
578.237
575.859
573.494
571.163
568.876
566.644
564.472
586.95
590.05
591.533
591.959
591.509
590.425
588.915
587.096
585.053
582.853
580.549
578.189
575.811
573.451
571.129
568.852
566.626
564.455
584.908
589.769
591.416
591.894
591.452
590.365
588.856
587.049
585.028
582.847
580.552
578.187
575.8
573.428
571.097
568.818
566.595
564.431
510.471
510.39
510.256
510.122
510.026
509.975
509.957
509.924
509.83
509.672
509.41
509.027
508.637
508.255
507.836
507.379
506.892
506.3
505.553
504.659
503.677
502.66
501.615
500.53
499.425
498.339
497.315
496.407
495.627
494.963
494.34
493.674
492.968
492.393
491.997
491.703
491.401
490.559
488.967
486.781
484.091
481.003
477.596
473.934
470.069
466.048
461.916
457.723
453.528
449.403
445.432
441.717
438.363
435.469
433.115
431.364
430.279
429.895
430.176
431.061
432.469
434.303
436.462
438.844
441.355
443.912
446.443
448.89
451.19
453.27
455.019
456.28
456.841
456.462
455.026
452.575
449.866
447.653
446.916
447.686
449.242
449.616
448.869
448.092
447.438
446.725
445.731
444.618
443.422
442.19
440.966
439.744
438.524
437.298
436.064
434.808
433.523
432.186
430.82
429.411
428.037
426.846
425.93
425.039
423.544
421.931
419.015
417.547
416.303
408.23
393.948
377.806
362.188
348.483
337.287
328.859
323.246
320.401
320.195
322.383
326.548
332.132
338.485
344.961
351.021
356.3
360.628
363.987
366.444
368.083
368.968
369.115
368.499
367.093
364.936
362.198
359.085
355.79
352.447
349.125
345.846
342.598
339.343
336.033
332.622
329.069
325.339
321.407
317.266
312.934
308.459
303.918
299.403
295.012
290.844
286.976
283.4
280.105
277.094
274.349
271.768
269.336
266.773
263.391
258.976
254.813
251.723
249.514
247.484
245.297
242.808
240.061
237.163
234.194
231.181
228.108
224.978
221.801
218.615
215.452
510.352
510.252
510.081
509.901
509.785
509.747
509.77
509.813
509.788
509.691
509.473
509.088
508.709
508.371
507.903
507.353
506.816
506.204
505.455
504.572
503.589
502.546
501.458
500.316
499.145
497.984
496.865
495.856
495.03
494.39
493.898
493.486
493.134
492.58
491.647
490.806
490.23
489.186
487.517
485.307
482.623
479.565
476.195
472.566
468.716
464.686
460.516
456.262
451.988
447.781
443.74
439.975
436.596
433.709
431.412
429.78
428.822
428.521
428.862
429.798
431.249
433.123
435.316
437.724
440.25
442.806
445.32
447.728
449.972
451.985
453.675
454.903
455.457
455.077
453.629
451.172
448.298
445.853
445.074
445.99
448.171
449.021
448.458
447.727
447.06
446.411
445.527
444.507
443.375
442.177
440.963
439.726
438.472
437.21
435.947
434.663
433.355
432.006
430.634
429.219
427.833
426.597
425.691
424.915
423.763
422.235
419.458
415.78
411.598
401.734
387.424
372.061
357.432
344.644
334.183
326.313
321.128
318.611
318.633
320.98
325.303
331.061
337.599
344.248
350.448
355.82
360.193
363.556
365.992
367.61
368.496
368.683
368.141
366.82
364.717
362.016
358.922
355.64
352.31
349.001
345.736
342.5
339.251
335.942
332.528
328.969
325.234
321.297
317.152
312.818
308.342
303.796
299.276
294.883
290.688
286.751
283.159
279.888
276.91
274.163
271.515
268.956
266.329
262.939
258.618
254.651
251.764
249.578
247.52
245.326
242.867
240.127
237.196
234.195
231.166
228.1
224.976
221.793
218.593
215.374
510.437
510.355
510.195
509.994
509.84
509.771
509.783
509.817
509.811
509.732
509.546
509.204
508.747
508.341
507.984
507.596
507.137
506.542
505.773
504.875
503.894
502.854
501.759
500.607
499.411
498.203
496.933
495.859
494.977
494.228
493.477
492.726
492.081
491.428
490.563
489.488
488.241
486.707
484.833
482.598
480.005
477.072
473.821
470.277
466.465
462.423
458.196
453.849
449.466
445.149
441.009
437.164
433.729
430.818
428.534
426.934
426.032
425.82
426.264
427.305
428.863
430.84
433.13
435.622
438.214
440.812
443.335
445.715
447.892
449.807
451.392
452.545
453.112
452.881
451.673
449.516
446.848
444.595
443.973
444.806
446.783
447.937
447.533
446.802
446.259
445.933
445.406
444.566
443.472
442.231
440.936
439.618
438.301
436.981
435.654
434.303
432.933
431.549
430.163
428.757
427.403
426.301
425.586
424.934
424.309
422.342
418.44
412.103
403.45
391.82
378.437
364.508
351.247
339.514
329.866
322.589
317.815
315.565
315.805
318.38
322.966
329.037
335.914
342.887
349.348
354.895
359.352
362.72
365.109
366.675
367.549
367.788
367.359
366.181
364.207
361.594
358.557
355.317
352.023
348.748
345.514
342.301
339.065
335.758
332.336
328.763
325.011
321.059
316.904
312.563
308.082
303.535
299.007
294.588
290.374
286.428
282.813
279.484
276.455
273.723
271.15
268.537
265.736
262.465
258.693
255.143
252.229
249.862
247.668
245.363
242.826
240.058
237.166
234.206
231.2
228.115
224.969
221.765
218.538
215.266
510.997
510.998
510.923
510.73
510.471
510.239
510.059
509.91
509.748
509.548
509.314
509.044
508.751
508.473
508.219
507.968
507.647
507.143
506.457
505.626
504.663
503.608
502.485
501.324
500.15
498.964
497.767
496.602
495.524
494.547
493.611
492.655
491.653
490.573
489.367
487.993
486.408
484.582
482.5
480.137
477.474
474.498
471.204
467.595
463.685
459.507
455.11
450.57
445.988
441.484
437.19
433.234
429.741
426.825
424.576
423.042
422.189
422.059
422.616
423.795
425.506
427.643
430.093
432.741
435.475
438.197
440.817
443.26
445.461
447.364
448.913
450.044
450.672
450.671
449.896
448.326
446.252
444.551
444.136
444.901
446.704
447.535
446.964
446.106
445.657
445.578
445.351
444.68
443.596
442.276
440.863
439.421
438.005
436.595
435.171
433.711
432.225
430.739
429.286
427.801
426.421
425.464
425.042
424.603
423.629
420.879
414.785
405.601
394.524
382.186
369.264
356.228
343.991
333.206
324.382
317.76
313.474
311.568
312.06
314.881
319.778
326.249
333.582
340.998
347.826
353.624
358.216
361.615
363.955
365.432
366.243
366.497
366.188
365.183
363.389
360.914
357.981
354.824
351.602
348.391
345.209
342.032
338.813
335.504
332.064
328.462
324.678
320.696
316.517
312.161
307.669
303.114
298.584
294.168
289.943
285.988
282.324
278.965
275.893
273.106
270.502
267.922
265.217
262.156
258.716
255.383
252.516
250.068
247.747
245.366
242.818
240.081
237.193
234.219
231.192
228.107
224.961
221.744
218.484
215.159
511.558
511.612
511.577
511.379
511.023
510.633
510.273
509.954
509.655
509.361
509.077
508.809
508.589
508.439
508.311
508.227
508.061
507.675
507.073
506.325
505.47
504.515
503.482
502.384
501.235
500.048
498.841
497.634
496.434
495.236
494.021
492.76
491.424
489.994
488.456
486.78
484.927
482.862
480.555
477.982
475.118
471.943
468.442
464.609
460.453
456.005
451.328
446.513
441.679
436.962
432.505
428.446
424.907
421.978
419.709
418.136
417.396
417.404
418.12
419.476
421.377
423.714
426.371
429.226
432.163
435.077
437.875
440.478
442.818
444.84
446.5
447.761
448.585
448.927
448.727
447.967
446.815
445.861
445.815
446.726
448.257
448.53
447.665
446.557
445.867
445.668
445.464
444.822
443.7
442.258
440.716
439.158
437.628
436.108
434.551
432.924
431.23
429.507
427.772
425.932
424.384
423.57
423.554
423.177
421.714
417.362
408.722
397.647
385.622
373.06
360.273
347.746
336.241
326.279
318.242
312.286
308.496
306.922
307.653
310.705
315.914
322.826
330.689
338.636
345.91
352.024
356.807
360.291
362.63
364.038
364.756
364.975
364.742
363.885
362.287
359.983
357.192
354.159
351.048
347.933
344.828
341.7
338.503
335.187
331.716
328.068
324.231
320.201
315.981
311.592
307.081
302.513
297.967
293.539
289.311
285.336
281.664
278.306
275.221
272.385
269.747
267.202
264.612
261.766
258.605
255.493
252.728
250.257
247.866
245.416
242.825
240.069
237.185
234.223
231.201
228.111
224.947
221.705
218.418
215.056
511.744
511.781
511.71
511.447
511.054
510.647
510.261
509.892
509.543
509.224
508.949
508.722
508.556
508.456
508.405
508.399
508.285
507.96
507.45
506.794
506.02
505.15
504.199
503.18
502.09
500.93
499.707
498.434
497.117
495.75
494.325
492.831
491.253
489.575
487.776
485.831
483.709
481.377
478.801
475.951
472.801
469.327
465.51
461.343
456.843
452.054
447.057
441.96
436.895
432.002
427.421
423.275
419.67
416.686
414.388
412.849
412.153
412.268
413.142
414.701
416.843
419.443
422.367
425.478
428.65
431.776
434.768
437.555
440.079
442.296
444.173
445.69
446.839
447.624
448.061
448.189
448.122
448.171
448.781
449.919
451.061
450.793
449.511
448.126
446.891
446.261
445.802
445.03
443.814
442.268
440.598
438.904
437.237
435.577
433.848
431.988
429.978
427.839
425.517
422.903
420.997
420.217
420.589
420.163
417.965
411.858
401.369
389.403
377.021
364.322
351.572
339.41
328.495
319.268
311.971
306.667
303.366
302.114
303.032
306.241
311.695
319.015
327.416
335.925
343.679
350.141
355.146
358.754
361.138
362.529
363.179
363.367
363.16
362.412
360.982
358.855
356.231
353.351
350.376
347.379
344.366
341.299
338.123
334.792
331.276
327.565
323.657
319.559
315.281
310.848
306.305
301.718
297.163
292.721
288.474
284.484
280.812
277.453
274.384
271.563
268.921
266.388
263.893
261.263
258.397
255.53
252.878
250.402
247.951
245.439
242.82
240.07
237.204
234.247
231.217
228.113
224.936
221.68
218.365
214.97
512.348
512.173
511.892
511.513
511.109
510.703
510.298
509.891
509.505
509.165
508.892
508.695
508.583
508.539
508.539
508.553
508.428
508.118
507.658
507.066
506.361
505.558
504.67
503.702
502.647
501.496
500.253
498.93
497.533
496.062
494.509
492.865
491.116
489.244
487.223
485.03
482.636
480.013
477.134
473.966
470.484
466.663
462.488
457.964
453.12
448.016
442.747
437.43
432.181
427.114
422.337
417.962
414.106
410.902
408.487
406.954
406.257
406.461
407.533
409.385
411.889
414.89
418.218
421.712
425.227
428.646
431.885
434.88
437.587
439.983
442.068
443.851
445.346
446.578
447.586
448.439
449.246
450.178
451.393
452.735
453.608
453.126
451.548
449.808
448.268
447.119
446.254
445.258
443.943
442.321
440.549
438.731
436.923
435.1
433.163
431.018
428.589
425.838
422.555
418.688
415.958
415.38
416.033
415.402
412.458
404.961
393.623
381.398
368.872
356.043
343.363
331.537
321.166
312.624
306.041
301.389
298.582
297.616
298.644
301.905
307.491
315.126
324.011
333.056
341.286
348.095
353.317
357.047
359.492
360.895
361.539
361.71
361.513
360.842
359.55
357.595
355.153
352.443
349.614
346.732
343.806
340.792
337.631
334.275
330.704
326.919
322.933
318.759
314.412
309.924
305.34
300.724
296.152
291.702
287.453
283.456
279.786
276.425
273.374
270.586
267.983
265.498
263.088
260.65
258.086
255.48
252.955
250.497
248.02
245.479
242.847
240.101
237.238
234.277
231.239
228.125
224.935
221.662
218.323
214.904
513.005
512.63
512.134
511.703
511.3
510.88
510.44
509.998
509.591
509.239
508.961
508.768
508.674
508.65
508.68
508.687
508.537
508.233
507.797
507.24
506.576
505.816
504.968
504.031
502.994
501.849
500.599
499.256
497.824
496.296
494.662
492.911
491.025
488.981
486.754
484.32
481.658
478.746
475.559
472.074
468.269
464.126
459.635
454.808
449.684
444.326
438.814
433.235
427.677
422.224
416.977
412.073
407.698
404.064
401.36
399.686
399.042
399.441
400.842
403.138
406.174
409.757
413.681
417.745
421.773
425.631
429.233
432.526
435.483
438.095
440.38
442.376
444.134
445.702
447.128
448.464
449.796
451.214
452.699
454.034
454.744
454.286
452.747
451.047
449.367
447.932
446.718
445.506
444.101
442.445
440.611
438.691
436.746
434.751
432.595
430.146
427.255
423.776
419.29
413.986
410.545
409.883
410.538
409.664
405.941
397.624
386.143
373.978
361.392
348.479
335.927
324.43
314.565
306.647
300.724
296.697
294.373
293.672
294.784
298.02
303.622
311.452
320.723
330.227
338.89
346.014
351.421
355.235
357.744
359.18
359.854
360.034
359.847
359.231
358.05
356.258
354.004
351.475
348.789
346.005
343.138
340.148
336.978
333.582
329.949
326.095
322.038
317.794
313.382
308.836
304.203
299.546
294.945
290.477
286.219
282.256
278.577
275.235
272.21
269.47
266.941
264.532
262.215
259.946
257.651
255.312
252.952
250.556
248.088
245.538
242.898
240.147
237.284
234.321
231.276
228.149
224.943
221.653
218.292
214.851
513.129
512.765
512.368
512.029
511.649
511.224
510.776
510.345
509.963
509.637
509.374
509.191
509.092
509.037
509.023
508.957
508.757
508.432
507.993
507.447
506.803
506.067
505.241
504.321
503.297
502.16
500.914
499.566
498.114
496.548
494.851
493.007
490.995
488.788
486.364
483.704
480.795
477.622
474.171
470.424
466.361
461.962
457.223
452.153
446.78
441.144
435.285
429.247
423.093
416.93
410.927
405.303
400.311
396.198
393.16
391.317
390.721
391.352
393.148
395.98
399.659
403.957
408.622
413.406
418.092
422.518
426.598
430.295
433.591
436.486
439.008
441.214
443.176
444.964
446.643
448.258
449.846
451.406
452.869
454.058
454.64
454.301
453.094
451.595
450
448.497
447.12
445.785
444.329
442.667
440.801
438.808
436.75
434.609
432.266
429.558
426.266
422.116
416.463
409.849
405.678
404.813
405.162
403.908
399.593
390.808
379.481
367.479
354.851
341.918
329.511
318.295
308.854
301.469
296.14
292.706
290.856
290.484
291.692
294.853
300.372
308.271
317.816
327.671
336.653
343.998
349.514
353.383
355.937
357.429
358.149
358.359
358.196
357.62
356.527
354.886
352.824
350.476
347.922
345.212
342.369
339.369
336.161
332.71
329.017
325.106
320.996
316.699
312.233
307.63
302.943
298.234
293.579
289.07
284.783
280.79
277.134
273.839
270.882
268.224
265.791
263.49
261.284
259.167
257.094
255.012
252.862
250.581
248.152
245.605
242.961
240.21
237.347
234.382
231.326
228.185
224.962
221.655
218.273
214.81
513.334
513.095
512.878
512.593
512.223
511.798
511.363
510.957
510.594
510.284
510.029
509.843
509.728
509.644
509.574
509.427
509.166
508.804
508.344
507.791
507.149
506.42
505.603
504.692
503.676
502.547
501.304
499.95
498.48
496.878
495.12
493.186
491.053
488.696
486.094
483.237
480.123
476.745
473.093
469.149
464.895
460.308
455.368
450.067
444.401
438.372
431.986
425.271
418.311
411.276
404.42
398.041
392.427
387.834
384.475
382.483
381.907
382.743
384.931
388.323
392.7
397.784
403.273
408.866
414.297
419.36
423.957
428.079
431.745
434.965
437.763
440.191
442.33
444.267
446.086
447.841
449.536
451.118
452.484
453.491
453.958
453.74
452.886
451.622
450.25
448.856
447.493
446.134
444.665
443.008
441.133
439.101
436.976
434.747
432.297
429.434
425.897
421.316
414.876
407.456
402.723
401.388
401.009
399.195
394.343
385.221
374.085
362.245
349.534
336.61
324.308
313.28
304.154
297.209
292.405
289.507
288.141
288.083
289.398
292.482
297.892
305.791
315.509
325.584
334.717
342.129
347.679
351.556
354.133
355.68
356.456
356.712
356.581
356.044
355.027
353.525
351.644
349.466
347.027
344.364
341.513
338.471
335.206
331.699
327.961
324.013
319.868
315.532
311.017
306.356
301.602
296.823
292.098
287.517
283.171
279.135
275.477
272.214
269.336
266.798
264.512
262.37
260.308
258.333
256.44
254.591
252.68
250.561
248.202
245.677
243.042
240.295
237.431
234.458
231.39
228.233
224.993
221.668
218.264
214.779
514.019
513.894
513.704
513.418
513.05
512.642
512.227
511.836
511.477
511.166
510.914
510.723
510.586
510.47
510.339
510.12
509.801
509.396
508.904
508.33
507.677
506.942
506.122
505.21
504.196
503.069
501.824
500.46
498.968
497.327
495.511
493.494
491.252
488.764
486.014
483
479.728
476.2
472.406
468.327
463.931
459.18
454.04
448.475
442.448
435.928
428.905
421.422
413.618
405.738
398.098
391.023
384.812
379.736
376.032
373.857
373.292
374.338
376.917
380.861
385.923
391.788
398.106
404.522
410.72
416.441
421.545
426.042
430.011
433.508
436.561
439.207
441.511
443.562
445.453
447.25
448.964
450.538
451.842
452.748
453.158
453.045
452.451
451.479
450.341
449.112
447.835
446.511
445.068
443.438
441.586
439.564
437.434
435.197
432.744
429.872
426.301
421.616
414.967
407.389
402.316
400.39
398.809
396.439
390.845
381.313
370.258
358.518
345.659
332.748
320.494
309.573
300.653
294.036
289.622
287.122
286.176
286.432
287.895
290.954
296.284
304.184
313.953
324.087
333.162
340.5
345.984
349.822
352.395
353.985
354.821
355.129
355.035
354.536
353.59
352.216
350.493
348.457
346.105
343.463
340.583
337.487
334.166
330.616
326.848
322.874
318.698
314.317
309.745
305.014
300.177
295.307
290.492
285.82
281.392
277.311
273.622
270.374
267.564
265.159
263.061
261.136
259.273
257.457
255.725
254.076
252.399
250.481
248.238
245.761
243.143
240.402
237.533
234.549
231.466
228.294
225.035
221.693
218.267
214.76
515.125
515.021
514.839
514.556
514.195
513.801
513.391
512.996
512.625
512.303
512.041
511.839
511.679
511.526
511.337
511.054
510.681
510.229
509.698
509.093
508.416
507.661
506.826
505.904
504.882
503.751
502.501
501.124
499.609
497.932
496.063
493.974
491.644
489.054
486.192
483.064
479.681
476.047
472.148
467.96
463.443
458.545
453.204
447.359
440.948
433.926
426.288
418.105
409.57
400.983
392.695
385.043
378.332
372.851
368.874
366.583
366.056
367.294
370.211
374.621
380.258
386.783
393.812
400.938
407.806
414.12
419.677
424.451
428.585
432.218
435.426
438.237
440.677
442.806
444.736
446.556
448.279
449.846
451.129
452.014
452.415
452.365
451.935
451.205
450.289
449.238
448.083
446.831
445.451
443.889
442.115
440.167
438.102
435.939
433.596
430.873
427.499
423.081
416.866
409.748
404.68
402.053
399.397
395.757
389.374
379.284
368.124
356.383
343.37
330.478
318.246
307.404
298.587
292.181
287.965
285.678
285.039
285.572
287.224
290.338
295.676
303.53
313.234
323.213
332.076
339.199
344.512
348.253
350.793
352.405
353.292
353.65
353.593
353.131
352.249
350.981
349.38
347.444
345.145
342.505
339.594
336.453
333.092
329.513
325.719
321.712
317.486
313.039
308.386
303.562
298.622
293.641
288.713
283.935
279.411
275.258
271.537
268.312
265.578
263.307
261.412
259.745
258.148
256.542
254.976
253.498
252.032
250.34
248.261
245.86
243.267
240.53
237.655
234.658
231.558
228.367
225.089
221.727
218.281
214.753
516.646
516.539
516.357
516.072
515.71
515.307
514.883
514.467
514.073
513.734
513.458
513.235
513.043
512.848
512.599
512.253
511.823
511.319
510.738
510.089
509.375
508.587
507.72
506.775
505.736
504.593
503.333
501.944
500.41
498.708
496.804
494.666
492.276
489.618
486.683
483.476
480.015
476.306
472.335
468.065
463.444
458.407
452.882
446.788
440.052
432.629
424.52
415.827
406.78
397.711
388.991
380.965
373.947
368.236
364.119
361.79
361.317
362.71
365.888
370.645
376.689
383.655
391.157
398.757
406.05
412.755
418.622
423.534
427.651
431.223
434.416
437.281
439.808
441.98
443.91
445.72
447.464
449.117
450.452
451.367
451.815
451.823
451.485
450.905
450.16
449.276
448.257
447.103
445.806
444.34
442.684
440.865
438.931
436.916
434.772
432.333
429.345
425.491
420.167
413.93
409.058
406.017
402.206
397.291
389.803
379.154
367.749
355.821
342.805
329.94
317.767
306.957
298.22
291.788
287.585
285.345
284.833
285.604
287.464
290.703
296.067
303.87
313.394
323.049
331.529
338.296
343.342
346.93
349.401
351.006
351.923
352.318
352.288
351.856
351.022
349.822
348.292
346.41
344.134
341.493
338.563
335.398
332.013
328.41
324.583
320.524
316.222
311.677
306.912
301.965
296.891
291.77
286.7
281.788
277.15
272.906
269.158
265.975
263.349
261.241
259.566
258.182
256.902
255.572
254.202
252.883
251.602
250.143
248.267
245.973
243.415
240.684
237.801
234.786
231.666
228.453
225.154
221.773
218.306
214.756
518.564
518.457
518.262
517.969
517.594
517.171
516.726
516.285
515.867
515.509
515.214
514.963
514.727
514.47
514.147
513.73
513.235
512.669
512.027
511.315
510.545
509.709
508.795
507.805
506.734
505.569
504.297
502.902
501.363
499.655
497.739
495.582
493.165
490.478
487.512
484.267
480.758
476.991
472.958
468.623
463.926
458.793
453.137
446.874
439.928
432.265
423.898
414.953
405.678
396.411
387.527
379.369
372.279
366.531
362.409
360.106
359.729
361.268
364.613
369.538
375.746
382.851
390.482
398.235
405.654
412.463
418.433
423.358
427.321
430.618
433.605
436.352
438.886
441.033
442.969
444.77
446.54
448.256
449.707
450.74
451.3
451.414
451.17
450.682
450.042
449.283
448.394
447.355
446.157
444.796
443.273
441.608
439.847
438.028
436.135
434.055
431.565
428.449
424.282
418.823
414.489
410.947
406.317
400.306
391.73
380.505
368.846
356.785
343.874
331.043
318.972
308.202
299.47
292.969
288.631
286.277
285.772
286.68
288.7
292.075
297.495
305.235
314.459
323.618
331.549
337.835
342.532
345.912
348.273
349.834
350.75
351.16
351.143
350.72
349.9
348.723
347.217
345.35
343.084
340.447
337.517
334.346
330.948
327.318
323.445
319.313
314.906
310.234
305.327
300.224
294.976
289.668
284.407
279.309
274.514
270.16
266.378
263.262
260.797
258.912
257.507
256.441
255.517
254.526
253.402
252.253
251.138
249.901
248.251
246.098
243.591
240.866
237.97
234.934
231.789
228.552
225.231
221.827
218.339
214.768
520.855
520.744
520.539
520.235
519.846
519.402
518.934
518.468
518.026
517.644
517.317
517.022
516.72
516.374
515.957
515.461
514.894
514.257
513.547
512.76
511.91
511.002
510.022
508.967
507.842
506.639
505.347
503.949
502.419
500.749
498.863
496.731
494.327
491.643
488.677
485.43
481.905
478.108
474.027
469.632
464.87
459.668
453.943
447.613
440.609
432.902
424.528
415.625
406.435
397.286
388.534
380.53
373.596
368.019
364.049
361.849
361.54
363.124
366.464
371.314
377.383
384.306
391.702
399.235
406.484
413.112
418.945
423.779
427.536
430.545
433.145
435.542
437.843
439.979
441.914
443.722
445.497
447.258
448.838
450.026
450.739
451.012
450.924
450.562
450.004
449.316
448.515
447.583
446.502
445.262
443.873
442.364
440.776
439.158
437.531
435.813
433.836
431.436
428.28
423.832
420.107
415.907
410.768
403.901
394.57
382.891
371.033
359.026
346.296
333.593
321.675
311.023
302.309
295.709
291.147
288.573
287.98
288.908
291.005
294.494
299.986
307.607
316.386
324.872
332.105
337.809
342.093
345.215
347.424
348.902
349.783
350.178
350.148
349.704
348.863
347.67
346.154
344.284
342.024
339.403
336.487
333.321
329.914
326.249
322.314
318.087
313.553
308.728
303.651
298.352
292.876
287.315
281.789
276.433
271.414
266.906
263.073
260.039
257.796
256.224
255.179
254.499
253.979
253.385
252.57
251.622
250.664
249.627
248.212
246.232
243.794
241.076
238.164
235.102
231.928
228.664
225.318
221.891
218.382
214.79
523.572
523.454
523.238
522.922
522.518
522.055
521.567
521.08
520.621
520.203
519.823
519.448
519.047
518.592
518.071
517.488
516.84
516.119
515.326
514.451
513.499
512.485
511.407
510.259
509.047
507.781
506.452
505.054
503.564
501.949
500.155
498.124
495.808
493.185
490.251
487.012
483.479
479.656
475.535
471.092
466.279
461.036
455.295
448.993
442.082
434.549
426.441
417.893
409.128
400.44
392.157
384.608
378.094
372.878
369.174
367.12
366.785
368.216
371.303
375.788
381.388
387.786
394.607
401.561
408.327
414.534
420
424.599
428.174
430.907
433.104
435.026
436.902
438.798
440.659
442.481
444.304
446.122
447.804
449.16
450.066
450.527
450.631
450.458
450.051
449.446
448.693
447.824
446.836
445.72
444.477
443.126
441.711
440.272
438.855
437.464
435.949
434.151
431.863
428.56
425.297
420.634
415.148
407.729
397.96
385.985
374.024
362.288
349.862
337.418
325.732
315.266
306.586
299.864
295.08
292.314
291.54
292.374
294.46
298.031
303.573
310.953
319.091
326.719
333.124
338.164
341.982
344.801
346.819
348.178
348.989
349.338
349.264
348.769
347.88
346.652
345.116
343.238
340.987
338.388
335.493
332.336
328.914
325.204
321.19
316.85
312.165
307.16
301.874
296.321
290.54
284.635
278.743
273.026
267.7
262.985
259.08
256.14
254.183
253.031
252.467
252.285
252.255
252.124
251.691
250.99
250.195
249.338
248.155
246.37
244.021
241.315
238.383
235.29
232.084
228.789
225.415
221.964
218.432
214.821
526.543
526.418
526.188
525.854
525.425
524.933
524.412
523.895
523.406
522.956
522.519
522.056
521.547
520.989
520.379
519.716
518.986
518.175
517.287
516.314
515.244
514.089
512.866
511.578
510.238
508.866
507.477
506.073
504.635
503.127
501.488
499.64
497.509
495.035
492.194
488.99
485.444
481.578
477.4
472.896
468.038
462.779
457.073
450.88
444.178
436.978
429.338
421.385
413.311
405.363
397.819
390.956
385.032
380.269
376.85
374.9
374.475
375.612
378.233
382.111
386.979
392.591
398.616
404.767
410.813
416.431
421.391
425.605
428.953
431.468
433.34
434.797
436.155
437.648
439.309
441.094
442.978
444.936
446.817
448.381
449.461
450.079
450.342
450.349
450.116
449.629
448.935
448.099
447.16
446.128
445.002
443.795
442.54
441.272
440.018
438.816
437.615
436.265
434.607
432.243
429.339
424.952
419.173
411.51
401.54
389.379
377.376
366.044
354.063
341.979
330.586
320.362
311.779
305.03
300.154
297.259
296.313
296.957
298.963
302.582
308.08
315.021
322.309
328.94
334.45
338.802
342.136
344.632
346.434
347.65
348.364
348.637
348.488
347.924
346.982
345.722
344.167
342.281
340.038
337.46
334.583
331.43
327.983
324.213
320.107
315.639
310.779
305.561
300.02
294.142
287.964
281.609
275.229
269.026
263.279
258.285
254.287
251.464
249.861
249.241
249.296
249.746
250.316
250.733
250.759
250.361
249.747
249.052
248.085
246.505
244.264
241.575
238.621
235.495
232.253
228.925
225.522
222.044
218.49
214.859
529.438
529.303
529.053
528.69
528.224
527.683
527.107
526.535
525.995
525.497
525.012
524.483
523.89
523.25
522.587
521.884
521.107
520.227
519.252
518.18
516.985
515.672
514.263
512.781
511.26
509.737
508.252
506.827
505.455
504.089
502.653
501.049
499.171
496.925
494.25
491.131
487.591
483.672
479.411
474.823
469.902
464.624
458.964
452.9
446.433
439.593
432.449
425.12
417.771
410.606
403.848
397.718
392.424
388.142
385.015
383.151
382.599
383.386
385.466
388.666
392.753
397.534
402.75
408.106
413.401
418.393
422.829
426.599
429.654
431.99
433.642
434.728
435.585
436.597
437.956
439.676
441.666
443.82
445.989
447.874
449.184
449.877
450.171
450.27
450.204
449.848
449.188
448.348
447.425
446.446
445.408
444.308
443.167
442.022
440.895
439.806
438.771
437.661
436.335
434.564
432.03
428.247
422.478
414.867
404.898
392.629
380.634
369.693
358.273
346.665
335.669
325.783
317.418
310.777
305.929
302.947
301.757
302.159
304.079
307.707
312.997
319.286
325.594
331.207
335.859
339.566
342.447
344.631
346.22
347.288
347.891
348.067
347.832
347.202
346.221
344.94
343.368
341.469
339.231
336.665
333.796
330.637
327.153
323.313
319.111
314.501
309.442
303.981
298.146
291.879
285.219
278.311
271.322
264.508
258.226
252.86
248.724
246.031
244.837
244.852
245.654
246.868
248.156
249.211
249.771
249.737
249.329
248.785
248.012
246.636
244.514
241.851
238.875
235.712
232.433
229.071
225.637
222.132
218.555
214.906
532.223
532.073
531.796
531.393
530.875
530.266
529.607
528.947
528.319
527.745
527.211
526.646
526.004
525.312
524.62
523.919
523.151
522.245
521.215
520.056
518.74
517.255
515.621
513.88
512.099
510.348
508.706
507.231
505.93
504.744
503.561
502.248
500.666
498.692
496.239
493.269
489.79
485.848
481.505
476.813
471.8
466.475
460.833
454.874
448.614
442.097
435.399
428.632
421.943
415.498
409.472
404.034
399.338
395.509
392.641
390.831
390.133
390.584
392.156
394.734
398.125
402.165
406.649
411.295
415.895
420.278
424.222
427.563
430.285
432.423
433.94
434.806
435.276
435.792
436.717
438.241
440.322
442.712
445.149
447.359
448.994
449.84
450.115
450.194
450.227
450.023
449.422
448.559
447.613
446.65
445.67
444.654
443.605
442.544
441.498
440.471
439.478
438.463
437.277
435.76
433.539
430.243
424.857
417.529
407.765
395.57
383.669
373.046
362.273
351.329
340.893
331.458
323.382
316.875
312.028
308.905
307.479
307.698
309.576
313.118
317.983
323.438
328.719
333.365
337.238
340.369
342.843
344.743
346.132
347.054
347.539
347.613
347.294
346.613
345.61
344.314
342.72
340.804
338.562
335.997
333.126
329.95
326.418
322.505
318.206
313.435
308.15
302.43
296.272
289.555
282.313
274.724
266.978
259.412
252.497
246.696
242.39
239.832
239.093
239.831
241.502
243.616
245.743
247.534
248.71
249.109
248.94
248.545
247.945
246.763
244.767
242.136
239.139
235.94
232.622
229.225
225.76
222.228
218.628
214.96
534.896
534.725
534.409
533.952
533.37
532.683
531.925
531.151
530.407
529.724
529.116
528.533
527.897
527.205
526.513
525.836
525.116
524.234
523.182
521.961
520.531
518.862
516.962
514.886
512.736
510.645
508.752
507.178
505.96
505.008
504.148
503.185
501.932
500.24
498.014
495.212
491.84
487.936
483.566
478.799
473.698
468.303
462.644
456.742
450.63
444.363
438.022
431.715
425.572
419.731
414.33
409.488
405.309
401.876
399.262
397.513
396.724
396.916
398.083
400.151
402.963
406.367
410.202
414.219
418.2
422.023
425.521
428.492
430.891
432.809
434.237
435.034
435.281
435.372
435.784
436.927
438.95
441.577
444.314
446.768
448.651
449.721
450.063
450.1
450.134
450.029
449.518
448.664
447.701
446.74
445.793
444.838
443.858
442.855
441.851
440.854
439.853
438.831
437.656
436.175
434.098
431.051
426.199
419.334
409.974
398.084
386.361
375.973
365.821
355.614
345.824
336.898
329.153
322.797
317.967
314.774
313.243
313.405
315.235
318.513
322.738
327.26
331.55
335.329
338.527
341.167
343.292
344.943
346.149
346.928
347.296
347.272
346.886
346.17
345.148
343.831
342.209
340.271
338.018
335.444
332.564
329.363
325.774
321.792
317.39
312.434
306.91
300.934
294.425
287.168
279.209
270.779
262.106
253.628
245.968
239.679
235.205
232.833
232.643
234.196
236.841
239.977
243.059
245.685
247.562
248.465
248.575
248.335
247.892
246.889
245.019
242.426
239.41
236.175
232.819
229.386
225.89
222.331
218.708
215.02
537.462
537.26
536.887
536.362
535.707
534.936
534.075
533.173
532.29
531.471
530.761
530.157
529.575
528.951
528.308
527.667
527.023
526.191
525.153
523.899
522.376
520.524
518.329
515.849
513.218
510.643
508.361
506.591
505.448
504.8
504.359
503.83
502.956
501.553
499.532
496.873
493.6
489.762
485.423
480.652
475.518
470.085
464.406
458.531
452.513
446.42
440.339
434.379
428.659
423.3
418.411
414.074
410.35
407.282
404.908
403.27
402.435
402.436
403.279
404.923
407.239
410.09
413.35
416.815
420.264
423.594
426.7
429.372
431.498
433.184
434.517
435.356
435.575
435.384
435.307
435.965
437.758
440.514
443.574
446.302
448.353
449.557
449.98
450.002
449.974
449.859
449.4
448.592
447.655
446.715
445.79
444.873
443.942
442.982
441.998
440.999
439.967
438.882
437.646
436.101
434.009
431.051
426.607
420.282
411.535
400.22
388.771
378.545
368.861
359.3
350.133
341.737
334.383
328.272
323.582
320.475
318.983
319.139
320.805
323.61
327.05
330.638
334.036
337.081
339.723
341.961
343.795
345.228
346.264
346.906
347.161
347.053
346.611
345.861
344.812
343.465
341.81
339.85
337.583
334.995
332.102
328.867
325.221
321.175
316.658
311.495
305.741
299.52
292.603
284.673
275.85
266.436
256.704
247.197
238.685
231.808
227.118
224.981
225.466
227.967
231.702
235.973
240.112
243.659
246.315
247.795
248.226
248.154
247.858
247.018
245.271
242.717
239.686
236.415
233.021
229.553
226.026
222.44
218.795
215.088
539.934
539.684
539.235
538.62
537.877
537.02
536.065
535.041
534.006
533.017
532.149
531.473
530.955
530.479
529.969
529.422
528.839
528.102
527.128
525.887
524.307
522.292
519.782
516.817
513.548
510.267
507.388
505.293
504.229
504.006
504.119
504.142
503.718
502.626
500.796
498.248
495.046
491.264
486.976
482.249
477.148
471.74
466.088
460.259
454.323
448.361
442.473
436.768
431.366
426.379
421.898
417.979
414.649
411.906
409.753
408.212
407.348
407.198
407.779
409.069
410.967
413.351
416.118
419.103
422.099
425
427.75
430.174
432.087
433.565
434.782
435.688
436.031
435.787
435.392
435.584
437.008
439.694
442.956
445.937
448.157
449.464
449.943
449.943
449.825
449.618
449.142
448.372
447.483
446.583
445.683
444.79
443.89
442.957
441.979
440.96
439.885
438.715
437.379
435.733
433.554
430.587
426.38
420.532
412.528
402.09
391.114
381.064
371.698
362.63
353.999
346.109
339.188
333.412
328.956
326.045
324.632
324.705
326.021
328.189
330.805
333.544
336.199
338.658
340.866
342.783
344.371
345.607
346.479
346.986
347.135
346.949
346.453
345.66
344.572
343.189
341.505
339.527
337.244
334.641
331.732
328.458
324.758
320.652
316.001
310.627
304.669
298.2
290.776
282.028
272.239
261.767
250.91
240.313
230.879
223.321
218.297
216.382
217.59
221.152
226.113
231.642
236.929
241.464
244.967
247.089
247.886
248.001
247.848
247.157
245.522
243.007
239.963
236.659
233.228
229.725
226.166
222.554
218.886
215.161
542.367
542.036
541.484
540.739
539.867
538.91
537.885
536.798
535.632
534.43
533.316
532.462
531.95
531.664
531.38
531.006
530.545
529.943
529.092
527.913
526.306
524.134
521.283
517.751
513.696
509.498
505.77
503.186
502.152
502.534
503.373
504.096
504.202
503.44
501.791
499.339
496.192
492.456
488.22
483.556
478.526
473.192
467.617
461.87
456.031
450.193
444.459
438.949
433.782
429.072
424.903
421.312
418.3
415.824
413.86
412.414
411.539
411.281
411.664
412.674
414.232
416.232
418.578
421.14
423.741
426.268
428.685
430.877
432.639
433.96
435.045
435.977
436.514
436.417
435.947
435.82
436.819
439.239
442.514
445.648
447.988
449.383
449.929
449.931
449.74
449.425
448.871
448.094
447.243
446.383
445.504
444.621
443.734
442.811
441.829
440.78
439.651
438.397
436.95
435.192
432.916
429.895
425.811
420.328
413.046
403.648
393.415
383.701
374.625
365.96
357.787
350.352
343.852
338.435
334.152
331.46
330.03
329.852
330.66
332.134
333.997
336.043
338.128
340.15
342.023
343.673
345.037
346.081
346.789
347.161
347.204
346.938
346.38
345.535
344.405
342.99
341.283
339.29
336.991
334.374
331.448
328.132
324.385
320.216
315.415
309.843
303.712
296.963
288.911
279.237
268.452
256.901
244.867
233.115
222.693
214.417
209.039
207.28
209.184
213.834
220.118
227.027
233.55
239.126
243.524
246.344
247.548
247.872
247.862
247.307
245.774
243.297
240.241
236.905
233.438
229.901
226.311
222.672
218.983
215.239
544.829
544.384
543.67
542.753
541.709
540.616
539.512
538.365
537.057
535.609
534.166
533.001
532.418
532.361
532.413
532.31
532.042
531.631
530.974
529.918
528.313
525.998
522.82
518.709
513.74
508.306
503.262
499.791
498.644
500.039
501.914
503.615
504.391
503.994
502.515
500.143
497.048
493.364
489.189
484.6
479.66
474.423
468.95
463.309
457.58
451.859
446.257
440.895
435.902
431.391
427.44
424.088
421.325
419.077
417.279
415.93
415.062
414.733
414.974
415.771
417.065
418.762
420.764
422.964
425.226
427.436
429.549
431.51
433.148
434.374
435.348
436.241
436.938
437.096
436.742
436.48
437.127
439.188
442.312
445.487
447.886
449.313
449.908
449.935
449.712
449.328
448.692
447.86
446.998
446.156
445.287
444.4
443.508
442.58
441.583
440.498
439.308
437.975
436.424
434.555
432.192
429.122
425.1
419.88
413.187
404.769
395.426
386.259
377.582
369.331
361.587
354.561
348.438
343.36
339.486
336.544
334.912
334.353
334.612
335.467
336.74
338.28
339.958
341.648
343.24
344.64
345.782
346.631
347.172
347.406
347.342
346.992
346.368
345.47
344.303
342.86
341.135
339.13
336.815
334.188
331.243
327.887
324.1
319.862
314.903
309.159
302.88
295.791
286.997
276.354
264.59
251.928
238.602
225.569
214.041
205.008
199.35
197.817
200.461
206.18
213.811
222.189
230.025
236.679
242.006
245.561
247.209
247.762
247.901
247.473
246.029
243.584
240.518
237.152
233.65
230.079
226.459
222.795
219.084
215.323
547.261
546.593
545.622
544.42
543.183
541.991
540.893
539.91
538.682
536.946
534.923
533.143
532.262
532.467
532.984
533.274
533.249
533.062
532.681
531.826
530.246
527.806
524.344
519.635
513.511
506.341
499.427
494.712
493.589
496.201
499.587
502.621
504.236
504.262
502.965
500.671
497.627
494.004
489.909
485.415
480.58
475.457
470.099
464.571
458.953
453.34
447.845
442.593
437.71
433.31
429.486
426.292
423.704
421.642
419.998
418.738
417.897
417.544
417.71
418.379
419.492
420.962
422.701
424.618
426.601
428.543
430.393
432.131
433.645
434.808
435.707
436.529
437.302
437.714
437.581
437.341
437.772
439.487
442.35
445.442
447.85
449.281
449.894
449.946
449.713
449.3
448.616
447.723
446.809
445.942
445.061
444.154
443.24
442.293
441.27
440.145
438.895
437.485
435.843
433.875
431.436
428.335
424.367
419.341
413.089
405.456
396.96
388.435
380.249
372.451
365.134
358.482
352.664
347.795
343.935
340.979
339.103
338.152
337.956
338.363
339.231
340.418
341.781
343.182
344.502
345.651
346.568
347.22
347.596
347.696
347.525
347.093
346.406
345.461
344.261
342.794
341.054
339.037
336.711
334.076
331.111
327.719
323.901
319.586
314.472
308.585
302.17
294.665
285.049
273.451
260.727
246.872
232.091
217.627
204.863
194.989
189.116
187.977
191.542
198.366
207.327
217.212
226.412
234.169
240.439
244.752
246.867
247.67
247.966
247.656
246.288
243.869
240.793
237.397
233.862
230.259
226.61
222.921
219.189
215.41
549.822
548.789
547.46
546.05
544.685
543.565
542.699
541.877
540.459
538.266
535.268
532.446
531.107
531.754
533.01
533.863
534.034
534.03
534.049
533.544
532.063
529.538
525.79
520.383
512.827
503.533
494.448
488.514
487.832
491.477
496.72
501.282
503.797
504.25
503.144
500.946
497.968
494.418
490.416
486.032
481.318
476.32
471.086
465.676
460.165
454.647
449.231
444.035
439.188
434.824
431.061
427.948
425.446
423.483
421.967
420.837
420.108
419.821
419.991
420.605
421.604
422.903
424.435
426.135
427.894
429.604
431.229
432.774
434.162
435.262
436.108
436.864
437.642
438.24
438.348
438.23
438.583
440.032
442.595
445.501
447.846
449.261
449.881
449.956
449.723
449.298
448.603
447.673
446.694
445.768
444.846
443.902
442.952
441.972
440.915
439.745
438.437
436.953
435.232
433.181
430.677
427.563
423.658
418.807
412.902
405.869
398.072
390.148
382.458
375.108
368.195
361.879
356.306
351.57
347.721
344.728
342.655
341.425
340.931
341.043
341.622
342.523
343.598
344.713
345.758
346.655
347.351
347.816
348.038
348.012
347.742
347.234
346.489
345.502
344.272
342.784
341.031
339.006
336.671
334.033
331.05
327.628
323.781
319.384
314.128
308.129
301.572
293.577
283.103
270.595
256.905
241.735
225.344
209.345
195.268
184.46
178.358
177.794
182.501
190.533
200.82
212.207
222.782
231.647
238.86
243.93
246.524
247.593
248.055
247.857
246.551
244.151
241.063
237.64
234.072
230.437
226.76
223.048
219.296
215.502
552.508
550.732
549.045
547.289
545.677
544.417
543.463
542.93
541.944
539.567
535.787
531.649
529.542
530.239
532.563
533.982
534.288
534.432
534.962
535.098
533.782
531.125
527.076
520.928
511.882
500.564
489.702
482.745
482.487
486.967
493.9
499.85
503.162
503.993
503.076
500.986
498.097
494.642
490.749
486.487
481.904
477.039
471.935
466.644
461.236
455.798
450.431
445.25
440.398
436.013
432.178
428.948
426.405
424.536
423.246
422.388
421.89
421.746
421.969
422.562
423.478
424.641
426.004
427.525
429.099
430.611
432.041
433.428
434.706
435.738
436.531
437.228
437.979
438.687
439.004
439.049
439.431
440.713
442.99
445.656
447.877
449.244
449.853
449.942
449.716
449.29
448.609
447.67
446.637
445.634
444.65
443.656
442.66
441.638
440.538
439.319
437.953
436.402
434.61
432.49
429.936
426.815
422.982
418.304
412.706
406.161
398.939
391.534
384.284
377.329
370.772
364.747
359.383
354.766
350.956
347.979
345.809
344.417
343.724
343.61
343.938
344.562
345.348
346.177
346.957
347.617
348.11
348.406
348.487
348.348
347.988
347.409
346.611
345.586
344.328
342.822
341.06
339.028
336.691
334.052
331.054
327.611
323.739
319.256
313.881
307.797
301.074
292.529
281.208
267.851
253.153
236.538
218.464
200.923
185.538
173.752
167.392
167.486
173.475
182.815
194.441
207.295
219.216
229.172
237.309
243.118
246.186
247.534
248.17
248.075
246.817
244.427
241.325
237.876
234.277
230.613
226.91
223.175
219.405
215.597
555.362
552.566
550.375
548.405
546.72
545.542
545.136
544.522
543.263
540.454
536.049
531.198
528.498
529.889
532.906
534.968
535.323
534.802
535.373
536.366
535.364
532.56
528.179
521.364
511.13
498.327
486.13
478.215
476.989
483.295
491.635
498.609
502.472
503.558
502.787
500.832
498.059
494.722
490.951
486.821
482.377
477.654
472.686
467.518
462.213
456.85
451.516
446.331
441.429
436.888
432.737
429.193
426.6
424.975
424.092
423.63
423.43
423.469
423.774
424.365
425.213
426.263
427.484
428.847
430.256
431.594
432.853
434.102
435.285
436.249
436.977
437.61
438.323
439.093
439.575
439.786
440.26
441.461
443.483
445.88
447.93
449.221
449.802
449.889
449.666
449.24
448.584
447.663
446.598
445.519
444.46
443.405
442.355
441.282
440.13
438.855
437.427
435.811
433.952
431.773
429.178
426.058
422.298
417.796
412.497
406.404
399.716
392.807
385.984
379.409
373.191
367.452
362.307
357.843
354.12
351.158
348.936
347.429
346.562
346.222
346.281
346.611
347.098
347.643
348.163
348.597
348.897
349.029
348.975
348.726
348.277
347.629
346.778
345.715
344.431
342.907
341.138
339.105
336.771
334.137
331.127
327.669
323.771
319.2
313.722
307.571
300.632
291.462
279.273
265.047
249.206
230.938
211.09
191.993
175.269
162.439
155.752
156.525
163.904
174.706
187.79
202.174
215.49
226.59
235.693
242.267
245.836
247.494
248.322
248.331
247.109
244.72
241.6
238.123
234.494
230.799
227.07
223.314
219.526
215.703
556.855
553.939
551.55
549.506
547.795
546.467
545.488
544.567
543.323
540.817
536.767
532.525
530.48
531.247
533.751
535.341
534.817
534.578
536.413
538.099
536.893
533.705
529.091
521.818
510.787
497.063
484.103
475.713
474.694
481.177
490.233
497.714
501.82
503.023
502.337
500.511
497.869
494.685
491.064
487.083
482.792
478.222
473.401
468.367
463.175
457.887
452.577
447.357
442.306
437.374
432.626
428.648
426.104
424.91
424.608
424.656
424.822
425.087
425.504
426.116
426.913
427.863
428.955
430.169
431.419
432.596
433.7
434.823
435.916
436.806
437.456
438.003
438.669
439.479
440.086
440.438
441.027
442.215
444.03
446.149
447.988
449.171
449.708
449.779
449.546
449.11
448.471
447.586
446.52
445.388
444.255
443.137
442.028
440.896
439.683
438.344
436.85
435.166
433.244
431.013
428.389
425.279
421.597
417.267
412.259
406.591
400.413
394.003
387.623
381.44
375.571
370.13
365.224
360.932
357.305
354.357
352.09
350.464
349.407
348.821
348.601
348.64
348.839
349.112
349.388
349.606
349.721
349.697
349.512
349.155
348.62
347.903
346.998
345.896
344.584
343.046
341.276
339.249
336.926
334.302
331.288
327.826
323.906
319.25
313.689
307.49
300.28
290.432
277.382
262.281
245.18
225.136
203.612
183.14
165.139
151.285
144.173
145.565
154.262
166.555
181.168
197.086
211.77
224.023
234.104
241.428
245.492
247.485
248.528
248.634
247.426
245.022
241.879
238.373
234.713
230.991
227.238
223.463
219.658
215.823
557.856
555.07
552.685
550.615
548.829
547.315
546.042
544.867
543.386
541.019
537.801
534.586
532.596
532.801
534.333
535.489
535.796
535.96
536.724
537.209
536.504
533.915
529.497
522.15
510.899
497.081
484.18
475.75
474.626
480.963
490.014
497.357
501.306
502.464
501.81
500.013
497.539
494.521
491.081
487.28
483.164
478.765
474.109
469.227
464.16
458.946
453.649
448.347
442.986
437.345
431.706
427.217
424.822
424.357
424.85
425.541
426.145
426.673
427.221
427.864
428.617
429.473
430.441
431.509
432.602
433.625
434.59
435.596
436.594
437.404
437.963
438.409
439.014
439.842
440.532
440.987
441.685
442.907
444.571
446.428
448.037
449.081
449.554
449.595
449.339
448.88
448.238
447.382
446.337
445.188
444.01
442.84
441.679
440.488
439.209
437.803
436.24
434.492
432.513
430.239
427.596
424.508
420.906
416.74
411.996
406.704
400.982
395.04
389.093
383.299
377.777
372.632
367.961
363.832
360.287
357.353
355.033
353.285
352.045
351.233
350.762
350.541
350.484
350.516
350.571
350.594
350.54
350.372
350.068
349.611
348.994
348.212
347.255
346.114
344.779
343.232
341.467
339.453
337.148
334.543
331.534
328.08
324.143
319.414
313.798
307.57
300.059
289.556
275.745
259.837
241.5
219.845
197.051
175.617
156.584
141.861
133.938
136.199
145.871
159.411
175.408
192.665
208.516
221.798
232.761
240.72
245.209
247.528
248.78
248.959
247.739
245.305
242.133
238.599
234.913
231.168
227.397
223.607
219.789
215.944
558.7
556.068
553.72
551.622
549.752
548.101
546.622
545.176
543.52
541.43
538.966
536.506
534.797
534.46
535.242
536.013
535.917
535.479
536.091
536.536
535.683
533.321
529.31
522.302
511.624
498.775
486.724
478.616
477.375
482.982
491.13
497.587
500.96
501.913
501.281
499.583
497.191
494.302
491.026
487.411
483.489
479.285
474.818
470.109
465.174
460.036
454.747
449.302
443.402
436.688
429.904
424.937
422.981
423.478
424.953
426.388
427.472
428.274
428.953
429.625
430.334
431.1
431.949
432.876
433.815
434.691
435.528
436.421
437.316
438.033
438.504
438.861
439.397
440.194
440.896
441.414
442.214
443.497
445.058
446.675
448.052
448.941
449.332
449.331
449.042
448.548
447.883
447.037
446.015
444.877
443.689
442.494
441.292
440.046
438.704
437.231
435.603
433.795
431.766
429.458
426.807
423.749
420.231
416.221
411.717
406.756
401.434
395.913
390.369
384.944
379.75
374.884
370.432
366.455
362.996
360.085
357.717
355.861
354.463
353.458
352.771
352.323
352.04
351.855
351.71
351.556
351.347
351.049
350.634
350.086
349.393
348.548
347.542
346.366
345.012
343.463
341.709
339.713
337.436
334.857
331.864
328.431
324.482
319.697
314.053
307.807
299.985
288.887
274.433
257.803
238.352
215.406
191.841
169.871
150.121
134.85
126.951
129.155
139.29
153.711
170.83
189.137
205.897
220.043
231.742
240.186
245.022
247.644
249.084
249.302
248.041
245.563
242.357
238.797
235.09
231.329
227.546
223.745
219.919
216.067
559.436
556.936
554.637
552.535
550.617
548.869
547.24
545.635
543.95
542.075
540.023
538.009
536.455
535.811
535.954
536.112
535.947
535.779
535.747
535.501
534.259
531.99
528.421
522.223
512.839
501.64
490.984
483.626
482.278
486.847
493.4
498.377
500.846
501.416
500.715
499.108
496.839
494.084
490.952
487.507
483.78
479.785
475.528
471.005
466.211
461.163
455.883
450.208
443.507
435.41
427.369
422.1
420.882
422.585
425.15
427.349
428.898
429.953
430.741
431.422
432.074
432.749
433.483
434.273
435.063
435.801
436.523
437.302
438.083
438.699
439.087
439.391
439.87
440.558
441.157
441.693
442.605
443.965
445.45
446.852
448.007
448.741
449.041
448.989
448.664
448.133
447.435
446.579
445.571
444.452
443.277
442.076
440.848
439.557
438.159
436.627
434.941
433.081
431.009
428.677
426.026
423.005
419.575
415.715
411.432
406.765
401.794
396.649
391.469
386.383
381.491
376.882
372.632
368.807
365.443
362.56
360.157
358.213
356.685
355.518
354.644
353.996
353.51
353.129
352.803
352.487
352.138
351.72
351.205
350.573
349.809
348.907
347.856
346.65
345.282
343.735
341.997
340.026
337.784
335.24
332.276
328.875
324.922
320.098
314.45
308.19
300.079
288.477
273.508
256.265
235.922
212.105
188.246
166.093
145.95
130.454
122.612
124.721
134.913
149.806
167.695
186.691
204.065
218.873
231.112
239.868
244.965
247.853
249.443
249.659
248.327
245.791
242.55
238.966
235.244
231.474
227.684
223.878
220.047
216.189
560.1
557.712
555.47
553.381
551.437
549.621
547.9
546.222
544.528
542.759
540.926
539.168
537.748
536.884
536.551
536.433
536.095
535.547
535.042
534.365
532.936
530.619
527.23
521.88
514.095
504.904
496.169
490.08
488.811
491.891
496.297
499.476
500.925
501.046
500.205
498.627
496.466
493.84
490.855
487.58
484.049
480.27
476.226
471.888
467.244
462.309
457.047
451.067
443.4
433.831
424.672
419.416
419.231
422.222
425.813
428.654
430.558
431.787
432.632
433.286
433.861
434.433
435.048
435.7
436.345
436.958
437.574
438.24
438.902
439.414
439.726
440.002
440.432
440.937
441.315
441.819
442.864
444.311
445.724
446.934
447.883
448.475
448.688
448.581
448.218
447.653
446.926
446.053
445.049
443.945
442.783
441.583
440.337
439.011
437.569
435.989
434.258
432.356
430.251
427.901
425.259
422.282
418.941
415.225
411.147
406.745
402.087
397.275
392.425
387.647
383.034
378.666
374.611
370.929
367.658
364.811
362.388
360.376
358.74
357.43
356.391
355.564
354.896
354.338
353.848
353.384
352.909
352.383
351.776
351.067
350.239
349.283
348.192
346.962
345.584
344.043
342.325
340.385
338.187
335.688
332.765
329.406
325.455
320.608
314.976
308.708
300.353
288.366
273.025
255.31
234.359
210.124
186.347
164.265
144.051
128.647
121.003
122.972
132.925
147.908
166.173
185.464
203.144
218.378
230.925
239.806
245.072
248.172
249.862
250.024
248.592
245.988
242.709
239.107
235.376
231.602
227.812
224.004
220.172
216.311
560.718
558.422
556.231
554.159
552.202
550.348
548.577
546.858
545.155
543.443
541.742
540.141
538.771
537.75
537.1
536.605
535.986
535.199
534.382
533.388
531.787
529.408
526.166
521.589
515.429
508.403
501.796
497.038
495.475
496.748
498.974
500.552
501.135
500.854
499.847
498.242
496.145
493.627
490.771
487.648
484.298
480.724
476.885
472.732
468.251
463.462
458.26
451.998
443.436
432.657
422.837
418.018
418.986
423.044
427.316
430.501
432.549
433.816
434.636
435.222
435.7
436.161
436.651
437.162
437.665
438.16
438.671
439.217
439.761
440.181
440.436
440.694
441.072
441.358
441.461
441.895
443.052
444.555
445.877
446.905
447.674
448.141
448.281
448.125
447.725
447.132
446.383
445.498
444.494
443.396
442.237
441.031
439.766
438.412
436.936
435.321
433.557
431.625
429.498
427.138
424.51
421.58
418.329
414.752
410.865
406.704
402.327
397.815
393.264
388.768
384.41
380.265
376.393
372.847
369.665
366.859
364.429
362.363
360.634
359.201
358.016
357.03
356.199
355.483
354.844
354.248
353.656
353.032
352.342
351.562
350.675
349.671
348.546
347.295
345.911
344.38
342.685
340.784
338.638
336.192
333.32
330.011
326.07
321.215
315.611
309.342
300.811
288.582
273.027
255.013
233.767
209.529
186.112
164.324
144.337
129.289
121.963
123.783
133.298
148.063
166.327
185.525
203.209
218.61
231.209
240.025
245.371
248.62
250.341
250.392
248.833
246.153
242.837
239.22
235.487
231.717
227.931
224.126
220.294
216.433
561.277
559.06
556.922
554.876
552.923
551.056
549.259
547.517
545.813
544.138
542.512
540.978
539.606
538.463
537.545
536.738
535.882
534.897
533.815
532.536
530.787
528.428
525.424
521.572
516.768
511.454
506.456
502.614
500.677
500.436
501.035
501.481
501.411
500.79
499.628
497.984
495.925
493.503
490.768
487.778
484.581
481.183
477.533
473.568
469.278
464.688
459.633
453.264
444.211
432.949
423.273
419.231
421.066
425.602
429.947
433.027
434.937
436.072
436.764
437.224
437.581
437.921
438.283
438.657
439.025
439.403
439.803
440.222
440.648
441.001
441.243
441.515
441.851
441.939
441.802
442.143
443.302
444.742
445.915
446.771
447.387
447.75
447.831
447.637
447.206
446.588
445.824
444.934
443.931
442.836
441.672
440.451
439.163
437.782
436.277
434.633
432.845
430.895
428.755
426.394
423.785
420.905
417.742
414.297
410.588
406.646
402.523
398.283
394.005
389.767
385.645
381.704
378
374.583
371.485
368.718
366.284
364.175
362.368
360.828
359.517
358.393
357.419
356.563
355.792
355.075
354.377
353.662
352.895
352.051
351.111
350.065
348.911
347.644
346.257
344.738
343.072
341.215
339.126
336.738
333.928
330.677
326.754
321.9
316.332
310.067
301.445
289.132
273.527
255.43
234.223
210.299
187.466
166.226
146.678
132.163
125.227
126.903
135.887
150.203
168.125
186.881
204.288
219.583
231.969
240.542
245.886
249.208
250.877
250.755
249.05
246.287
242.935
239.31
235.582
231.82
228.041
224.242
220.415
216.557
561.808
559.651
557.559
555.537
553.587
551.724
549.915
548.16
546.454
544.794
543.192
541.672
540.27
539.014
537.899
536.871
535.824
534.662
533.365
531.878
530.042
527.749
524.972
521.628
517.697
513.467
509.431
506.141
503.978
503.009
502.641
502.332
501.76
500.821
499.492
497.793
495.764
493.425
490.803
487.943
484.894
481.666
478.211
474.47
470.439
466.151
461.408
455.285
446.481
435.784
427.044
423.824
425.899
430.039
433.724
436.22
437.71
438.552
439.026
439.308
439.513
439.716
439.941
440.176
440.415
440.683
440.975
441.269
441.575
441.876
442.154
442.482
442.803
442.778
442.515
442.748
443.731
444.926
445.876
446.562
447.049
447.323
447.353
447.129
446.675
446.039
445.263
444.369
443.369
442.275
441.105
439.868
438.556
437.145
435.611
433.941
432.132
430.17
428.026
425.673
423.088
420.26
417.183
413.863
410.317
406.575
402.68
398.685
394.656
390.657
386.753
383.001
379.455
376.157
373.135
370.405
367.97
365.823
363.948
362.316
360.895
359.653
358.556
357.578
356.689
355.863
355.067
354.267
353.429
352.526
351.54
350.459
349.281
348.001
346.613
345.111
343.476
341.667
339.637
337.312
334.572
331.386
327.489
322.64
317.105
310.854
302.236
289.995
274.514
256.588
235.737
212.349
190.282
169.831
150.926
137.063
130.529
132.049
140.49
154.166
171.458
189.471
206.349
221.269
233.186
241.367
246.636
249.939
251.458
251.111
249.241
246.392
243.007
239.38
235.662
231.913
228.146
224.356
220.535
216.682
562.298
560.202
558.157
556.173
554.253
552.375
550.555
548.792
547.081
545.42
543.814
542.278
540.828
539.472
538.203
536.984
535.746
534.413
532.952
531.325
529.438
527.205
524.607
521.627
518.292
514.796
511.46
508.62
506.47
505.042
504.045
503.155
502.144
500.919
499.438
497.692
495.685
493.426
490.919
488.189
485.282
482.223
478.992
475.549
471.898
468.057
463.826
458.375
450.672
441.553
434.246
431.607
433.061
435.922
438.328
439.878
440.75
441.191
441.388
441.461
441.497
441.549
441.63
441.724
441.836
441.993
442.185
442.371
442.569
442.816
443.11
443.466
443.776
443.75
443.512
443.641
444.309
445.132
445.816
446.334
446.7
446.887
446.861
446.607
446.136
445.489
444.704
443.807
442.806
441.711
440.535
439.284
437.949
436.51
434.947
433.253
431.426
429.455
427.314
424.976
422.422
419.648
416.656
413.453
410.058
406.497
402.805
399.029
395.223
391.441
387.739
384.164
380.766
377.581
374.633
371.938
369.503
367.325
365.391
363.679
362.164
360.819
359.616
358.53
357.536
356.609
355.72
354.841
353.937
352.982
351.956
350.846
349.649
348.359
346.973
345.489
343.887
342.124
340.153
337.894
335.235
332.121
328.253
323.406
317.894
311.669
303.153
291.14
275.968
258.457
238.211
215.586
194.394
174.835
156.873
143.874
137.634
139.028
146.9
159.851
176.147
193.191
209.296
223.593
234.823
242.503
247.626
250.806
252.072
251.454
249.408
246.468
243.056
239.434
235.731
231.998
228.245
224.466
220.655
216.81
562.744
560.694
558.684
556.72
554.804
552.941
551.136
549.376
547.661
545.993
544.375
542.811
541.305
539.858
538.461
537.087
535.69
534.219
532.634
530.906
528.98
526.806
524.373
521.691
518.806
515.843
512.982
510.416
508.287
506.584
505.159
503.853
502.526
501.082
499.475
497.675
495.681
493.486
491.089
488.502
485.76
482.897
479.921
476.831
473.634
470.323
466.744
462.323
456.343
449.339
443.494
440.898
441.074
442.209
443.137
443.657
443.863
443.871
443.774
443.632
443.497
443.396
443.327
443.279
443.27
443.32
443.413
443.505
443.613
443.782
444.018
444.316
444.578
444.601
444.462
444.513
444.869
445.342
445.778
446.132
446.373
446.464
446.372
446.078
445.589
444.933
444.145
443.246
442.242
441.142
439.956
438.689
437.331
435.867
434.282
432.57
430.728
428.752
426.618
424.301
421.786
419.07
416.162
413.072
409.817
406.418
402.908
399.326
395.718
392.131
388.61
385.2
381.94
378.862
375.986
373.33
370.901
368.699
366.715
364.935
363.338
361.903
360.606
359.423
358.332
357.309
356.334
355.379
354.414
353.414
352.355
351.222
350.009
348.71
347.328
345.863
344.292
342.574
340.658
338.467
335.898
332.862
329.024
324.167
318.659
312.472
304.155
292.533
277.841
260.948
241.494
219.928
199.648
181.048
164.331
152.283
146.246
147.653
154.91
166.959
182.047
197.91
213.039
226.43
236.846
243.939
248.851
251.785
252.701
251.782
249.548
246.52
243.086
239.475
235.792
232.077
228.339
224.573
220.774
216.94
563.126
561.119
559.144
557.21
555.318
553.466
551.655
549.887
548.16
546.476
544.835
543.235
541.677
540.157
538.664
537.176
535.665
534.093
532.428
530.644
528.711
526.596
524.292
521.818
519.214
516.56
513.981
511.607
509.519
507.717
506.052
504.506
502.963
501.35
499.614
497.752
495.74
493.579
491.27
488.821
486.249
483.581
480.841
478.06
475.261
472.44
469.512
466.101
461.655
456.38
451.731
448.911
447.872
447.561
447.334
447.05
446.714
446.355
445.997
445.664
445.372
445.125
444.913
444.738
444.62
444.57
444.563
444.562
444.578
444.653
444.792
444.984
445.155
445.185
445.108
445.109
445.268
445.512
445.764
445.972
446.092
446.084
445.918
445.576
445.061
444.397
443.608
442.709
441.702
440.595
439.397
438.111
436.73
435.244
433.644
431.921
430.072
428.094
425.969
423.677
421.203
418.548
415.721
412.735
409.605
406.351
402.998
399.581
396.142
392.721
389.358
386.092
382.956
379.975
377.168
374.553
372.136
369.92
367.898
366.062
364.396
362.882
361.501
360.23
359.049
357.94
356.885
355.862
354.845
353.807
352.723
351.573
350.346
349.04
347.663
346.215
344.672
342.991
341.124
339.002
336.527
333.571
329.759
324.874
319.344
313.201
305.172
294.092
280.035
263.903
245.451
225.153
205.831
188.226
172.848
161.859
156.784
157.485
164.012
175.02
188.785
203.368
217.376
229.652
239.222
245.629
250.28
252.834
253.326
252.089
249.662
246.55
243.103
239.508
235.846
232.149
228.429
224.679
220.894
217.073
563.443
561.467
559.519
557.606
555.729
553.886
552.082
550.318
548.59
546.896
545.234
543.602
541.998
540.417
538.85
537.281
535.689
534.046
532.326
530.507
528.568
526.492
524.281
521.955
519.55
517.13
514.769
512.531
510.451
508.523
506.776
505.079
503.391
501.665
499.876
497.983
495.977
493.852
491.611
489.265
486.833
484.337
481.799
479.253
476.745
474.302
471.866
469.163
465.8
461.827
458.187
455.142
453.257
451.991
450.994
450.149
449.411
448.753
448.167
447.649
447.198
446.806
446.463
446.173
445.949
445.79
445.673
445.575
445.504
445.484
445.518
445.593
445.656
445.641
445.565
445.522
445.561
445.656
445.761
445.835
445.837
445.73
445.486
445.09
444.543
443.865
443.074
442.175
441.167
440.055
438.846
437.542
436.14
434.634
433.02
431.291
429.44
427.462
425.348
423.081
420.653
418.062
415.317
412.432
409.419
406.297
403.087
399.819
396.529
393.255
390.034
386.897
383.871
380.978
378.238
375.664
373.263
371.039
368.987
367.102
365.372
363.785
362.323
360.967
359.701
358.511
357.383
356.302
355.24
354.172
353.068
351.901
350.661
349.349
347.976
346.543
345.022
343.37
341.546
339.49
337.113
334.235
330.438
325.498
319.921
313.822
306.163
295.751
282.526
267.264
249.994
231.113
212.833
196.223
182.105
172.089
167.368
167.912
173.728
183.639
196.071
209.353
222.127
233.159
241.705
247.743
251.881
253.913
253.937
252.37
249.755
246.568
243.113
239.536
235.896
232.219
228.516
224.783
221.016
217.211
563.769
561.833
559.919
558.032
556.173
554.342
552.541
550.771
549.032
547.319
545.629
543.961
542.312
540.675
539.041
537.399
535.732
534.022
532.251
530.406
528.477
526.457
524.35
522.171
519.945
517.705
515.492
513.348
511.303
509.362
507.512
505.708
503.917
502.108
500.25
498.331
496.338
494.264
492.111
489.886
487.602
485.274
482.925
480.584
478.291
476.07
473.879
471.538
468.782
465.581
462.259
459.699
457.566
455.859
454.458
453.263
452.222
451.302
450.486
449.769
449.14
448.591
448.113
447.705
447.365
447.085
446.852
446.654
446.494
446.376
446.3
446.248
446.192
446.102
445.986
445.886
445.825
445.792
445.762
445.704
445.585
445.373
445.044
444.586
444.001
443.304
442.504
441.601
440.591
439.475
438.258
436.94
435.52
433.997
432.373
430.64
428.789
426.816
424.715
422.478
420.101
417.581
414.925
412.144
409.251
406.259
403.188
400.063
396.915
393.779
390.689
387.672
384.749
381.941
379.265
376.732
374.35
372.121
370.042
368.11
366.316
364.651
363.103
361.66
360.308
359.039
357.845
356.712
355.615
354.523
353.401
352.216
350.96
349.641
348.27
346.846
345.338
343.705
341.916
339.927
337.646
334.839
331.031
325.997
320.354
314.307
307.108
297.509
285.306
271.07
255.112
237.783
220.683
205.099
192.086
182.891
178.403
178.793
183.894
192.703
203.825
215.765
227.176
236.925
244.533
250.032
253.578
254.99
254.521
252.623
249.832
246.581
243.122
239.562
235.943
232.286
228.602
224.888
221.14
217.353
564.051
562.154
560.275
558.419
556.585
554.775
552.989
551.222
549.474
547.744
546.031
544.33
542.639
540.952
539.263
537.562
535.84
534.084
532.285
530.433
528.523
526.554
524.529
522.459
520.36
518.253
516.163
514.111
512.11
510.161
508.258
506.385
504.521
502.649
500.753
498.821
496.843
494.815
492.739
490.619
488.466
486.291
484.107
481.932
479.788
477.684
475.583
473.385
470.949
468.289
465.637
463.279
461.185
459.356
457.747
456.315
455.038
453.9
452.888
451.992
451.2
450.5
449.881
449.337
448.864
448.457
448.106
447.801
447.535
447.305
447.108
446.936
446.771
446.597
446.411
446.23
446.064
445.911
445.753
445.569
445.331
445.013
444.597
444.072
443.444
442.719
441.902
440.987
439.969
438.847
437.623
436.296
434.864
433.329
431.698
429.966
428.122
426.159
424.078
421.873
419.557
417.113
414.55
411.875
409.101
406.238
403.303
400.317
397.307
394.304
391.337
388.429
385.602
382.872
380.257
377.764
375.402
373.169
371.064
369.083
367.221
365.473
363.833
362.296
360.856
359.512
358.26
357.088
355.967
354.858
353.717
352.509
351.233
349.902
348.527
347.103
345.596
343.968
342.204
340.275
338.083
335.319
331.45
326.274
320.572
314.621
307.96
299.34
288.329
275.275
260.683
244.96
229.195
214.701
202.655
194.125
189.817
189.973
194.343
202.055
211.859
222.385
232.375
240.907
247.632
252.452
255.287
256.026
255.056
252.844
249.899
246.597
243.135
239.589
235.988
232.351
228.685
224.991
221.265
217.499
564.29
562.44
560.6
558.775
556.967
555.173
553.394
551.628
549.875
548.134
546.401
544.674
542.951
541.226
539.496
537.756
535.999
534.219
532.409
530.565
528.684
526.766
524.812
522.83
520.828
518.817
516.811
514.819
512.851
510.911
508.998
507.103
505.217
503.327
501.423
499.497
497.542
495.556
493.541
491.5
489.441
487.37
485.298
483.233
481.183
479.148
477.105
475.002
472.8
470.536
468.239
466.044
463.994
462.125
460.435
458.908
457.531
456.29
455.173
454.169
453.265
452.45
451.714
451.05
450.451
449.912
449.429
448.993
448.601
448.248
447.931
447.636
447.351
447.071
446.793
446.523
446.261
446
445.729
445.427
445.075
444.654
444.153
443.564
442.89
442.131
441.284
440.344
439.308
438.175
436.945
435.612
434.175
432.638
431.007
429.282
427.452
425.511
423.463
421.314
419.046
416.677
414.205
411.634
408.974
406.235
403.43
400.576
397.698
394.821
391.968
389.162
386.422
383.763
381.201
378.745
376.399
374.163
372.031
370
368.066
366.229
364.49
362.852
361.321
359.905
358.607
357.413
356.282
355.162
353.999
352.761
351.459
350.11
348.719
347.28
345.757
344.118
342.365
340.477
338.339
335.547
331.511
326.139
320.45
314.727
308.688
301.141
291.47
279.708
266.43
252.192
237.801
224.421
213.24
205.244
201.07
200.9
204.514
211.136
219.636
228.777
237.458
244.916
250.781
254.814
256.868
256.945
255.505
253.023
249.959
246.619
243.154
239.617
236.032
232.411
228.764
225.09
221.387
217.643
564.395
562.59
560.793
559.007
557.232
555.464
553.704
551.952
550.206
548.467
546.73
544.994
543.256
541.514
539.766
538.008
536.236
534.449
532.642
530.813
528.96
527.085
525.187
523.271
521.34
519.401
517.461
515.526
513.6
511.685
509.779
507.88
505.982
504.082
502.176
500.26
498.332
496.391
494.438
492.476
490.507
488.534
486.558
484.581
482.603
480.623
478.631
476.618
474.572
472.488
470.405
468.38
466.465
464.679
463.021
461.487
460.069
458.761
457.554
456.443
455.42
454.479
453.611
452.812
452.074
451.393
450.763
450.185
449.655
449.165
448.711
448.287
447.888
447.51
447.145
446.789
446.435
446.075
445.698
445.286
444.827
444.311
443.73
443.081
442.359
441.56
440.675
439.7
438.636
437.483
436.241
434.905
433.471
431.941
430.321
428.61
426.8
424.888
422.879
420.775
418.576
416.284
413.899
411.425
408.87
406.245
403.562
400.834
398.08
395.321
392.577
389.867
387.207
384.614
382.1
379.675
377.342
375.098
372.937
370.852
368.843
366.911
365.064
363.315
361.685
360.197
358.865
357.669
356.546
355.422
354.233
352.959
351.625
350.246
348.823
347.35
345.794
344.128
342.365
340.483
338.33
335.37
330.942
325.274
319.772
314.626
309.288
302.865
294.592
284.183
272.131
259.136
245.965
233.614
223.189
215.613
211.492
210.946
213.817
219.415
226.726
234.65
242.217
248.722
253.727
256.932
258.216
257.692
255.85
253.158
250.011
246.646
243.177
239.645
236.072
232.465
228.835
225.181
221.5
217.779
564.374
562.637
560.896
559.157
557.421
555.687
553.954
552.223
550.493
548.762
547.029
545.295
543.558
541.815
540.066
538.307
536.539
534.76
532.969
531.163
529.341
527.504
525.653
523.789
521.915
520.033
518.147
516.259
514.372
512.488
510.606
508.727
506.848
504.969
503.086
501.199
499.305
497.404
495.495
493.578
491.656
489.731
487.804
485.879
483.958
482.04
480.124
478.206
476.292
474.382
472.489
470.637
468.843
467.119
465.476
463.921
462.458
461.087
459.807
458.613
457.499
456.456
455.475
454.548
453.672
452.847
452.073
451.348
450.67
450.037
449.448
448.899
448.385
447.898
447.433
446.984
446.541
446.092
445.623
445.12
444.572
443.976
443.328
442.623
441.856
441.016
440.094
439.082
437.984
436.804
435.543
434.2
432.771
431.256
429.656
427.966
426.183
424.306
422.342
420.292
418.157
415.939
413.636
411.251
408.793
406.273
403.702
401.092
398.455
395.807
393.166
390.547
387.966
385.435
382.968
380.572
378.249
375.994
373.8
371.658
369.567
367.53
365.558
363.677
361.927
360.358
359.006
357.837
356.746
355.626
354.412
353.099
351.725
350.3
348.82
347.291
345.683
343.973
342.178
340.242
337.966
334.624
329.358
323.164
318.246
314.276
309.932
304.602
297.659
288.63
277.761
265.813
253.627
242.131
232.326
225.059
220.893
219.979
222.173
226.862
233.144
240.03
246.626
252.232
256.371
258.764
259.303
258.262
256.099
253.257
250.055
246.673
243.201
239.674
236.108
232.513
228.898
225.262
221.605
217.908
564.146
562.471
560.79
559.106
557.419
555.73
554.038
552.341
550.64
548.934
547.222
545.514
543.801
542.08
540.351
538.613
536.866
535.108
533.34
531.562
529.774
527.976
526.167
524.349
522.523
520.692
518.855
517.016
515.174
513.331
511.487
509.642
507.796
505.947
504.095
502.239
500.378
498.514
496.645
494.773
492.897
491.018
489.136
487.252
485.366
483.479
481.594
479.713
477.838
475.977
474.142
472.347
470.605
468.929
467.328
465.806
464.363
462.997
461.703
460.473
459.302
458.184
457.114
456.089
455.108
454.167
453.268
452.41
451.594
450.821
450.092
449.405
448.76
448.156
447.59
447.055
446.538
446.022
445.487
444.918
444.307
443.652
442.951
442.199
441.387
440.506
439.547
438.503
437.378
436.174
434.895
433.541
432.114
430.613
429.033
427.37
425.62
423.785
421.87
419.877
417.805
415.653
413.425
411.124
408.756
406.333
403.864
401.36
398.832
396.29
393.747
391.216
388.711
386.244
383.824
381.458
379.147
376.882
374.653
372.447
370.258
368.086
365.948
363.886
361.972
360.312
358.976
357.891
356.872
355.774
354.537
353.186
351.763
350.264
348.693
347.077
345.394
343.622
341.762
339.7
337.191
333.22
326.554
319.679
315.851
313.947
310.967
306.547
300.662
292.907
283.222
272.225
260.824
249.982
240.637
233.57
229.298
228.042
229.64
233.546
238.947
244.93
250.634
255.368
258.662
260.309
260.107
258.671
256.274
253.331
250.092
246.699
243.225
239.701
236.142
232.557
228.956
225.337
221.703
218.03
563.816
562.211
560.595
558.97
557.335
555.692
554.042
552.386
550.723
549.055
547.383
545.694
544.001
542.305
540.588
538.866
537.138
535.402
533.658
531.904
530.142
528.372
526.596
524.813
523.023
521.227
519.428
517.624
515.818
514.01
512.199
510.387
508.572
506.756
504.937
503.115
501.29
499.462
497.629
495.792
493.951
492.105
490.255
488.399
486.537
484.671
482.803
480.936
479.077
477.233
475.417
473.64
471.918
470.262
468.682
467.181
465.757
464.402
463.109
461.868
460.67
459.51
458.381
457.281
456.205
455.153
454.127
453.129
452.167
451.245
450.374
449.562
448.815
448.133
447.51
446.934
446.387
445.847
445.293
444.707
444.079
443.405
442.68
441.901
441.059
440.148
439.163
438.1
436.958
435.739
434.447
433.088
431.662
430.167
428.597
426.947
425.218
423.414
421.537
419.59
417.569
415.475
413.307
411.072
408.775
406.426
404.034
401.607
399.156
396.688
394.215
391.748
389.302
386.887
384.512
382.182
379.896
377.643
375.403
373.15
370.862
368.526
366.168
363.845
361.695
359.945
358.712
357.813
356.931
355.882
354.635
353.252
351.77
350.165
348.467
346.74
344.969
343.14
341.186
338.929
336.134
331.647
323.803
316.441
314.311
314.617
312.719
308.66
303.232
296.295
287.613
277.48
266.711
256.318
247.265
240.31
235.933
234.419
235.571
238.894
243.627
248.892
253.854
257.836
260.397
261.365
260.691
258.929
256.383
253.379
250.118
246.718
243.242
239.72
236.168
232.592
229.004
225.4
221.79
218.14
563.525
561.958
560.378
558.79
557.194
555.588
553.974
552.347
550.71
549.064
547.408
545.741
544.063
542.371
540.684
538.986
537.278
535.562
533.837
532.103
530.363
528.616
526.863
525.104
523.34
521.57
519.796
518.019
516.24
514.458
512.676
510.892
509.107
507.32
505.531
503.739
501.944
500.144
498.34
496.532
494.717
492.897
491.069
489.231
487.381
485.519
483.647
481.767
479.888
478.021
476.178
474.377
472.639
470.982
469.42
467.953
466.572
465.26
464
462.777
461.579
460.401
459.237
458.084
456.939
455.804
454.68
453.572
452.488
451.439
450.438
449.504
448.655
447.905
447.252
446.679
446.153
445.637
445.103
444.529
443.907
443.233
442.501
441.707
440.842
439.902
438.888
437.805
436.654
435.436
434.149
432.796
431.376
429.888
428.328
426.693
424.984
423.201
421.345
419.425
417.439
415.384
413.26
411.073
408.829
406.532
404.192
401.817
399.414
396.994
394.566
392.141
389.731
387.347
385.001
382.701
380.448
378.227
376.005
373.736
371.372
368.879
366.274
363.604
361.136
359.313
358.29
357.672
356.972
355.991
354.745
353.334
351.787
350.059
348.225
346.384
344.535
342.659
340.626
338.162
335.251
330.71
322.911
316.078
314.977
316.266
314.769
310.63
305.262
298.706
290.689
281.254
271.023
260.98
252.125
245.237
240.783
239.088
239.926
242.839
247.09
251.821
256.209
259.599
261.587
262.04
261.044
259.082
256.449
253.41
250.137
246.733
243.257
239.738
236.191
232.622
229.047
225.457
221.87
218.243
563.292
561.772
560.235
558.681
557.113
555.531
553.934
552.327
550.71
549.084
547.446
545.796
544.135
542.465
540.788
539.103
537.41
535.707
533.996
532.277
530.551
528.82
527.082
525.339
523.593
521.843
520.09
518.332
516.573
514.812
513.049
511.286
509.523
507.761
505.998
504.233
502.467
500.699
498.926
497.148
495.362
493.566
491.756
489.931
488.084
486.214
484.319
482.402
480.472
478.543
476.638
474.784
473.012
471.35
469.814
468.399
467.086
465.843
464.638
463.447
462.26
461.073
459.883
458.69
457.491
456.285
455.073
453.858
452.649
451.464
450.33
449.279
448.34
447.536
446.876
446.342
445.882
445.434
444.95
444.408
443.802
443.131
442.397
441.596
440.721
439.765
438.729
437.622
436.451
435.219
433.928
432.579
431.168
429.686
428.13
426.501
424.803
423.038
421.21
419.319
417.362
415.338
413.25
411.103
408.907
406.649
404.351
402.014
399.645
397.255
394.855
392.455
390.068
387.706
385.386
383.12
380.908
378.732
376.548
374.283
371.862
369.224
366.339
363.179
360.242
358.362
357.707
357.497
357.037
356.133
354.887
353.446
351.816
349.944
347.972
346.026
344.114
342.227
340.159
337.586
334.607
330.357
323.429
317.646
316.775
318.103
316.597
312.365
306.94
300.54
292.902
283.96
274.174
264.438
255.751
248.921
244.427
242.586
243.182
245.787
249.671
253.985
257.916
260.833
262.384
262.45
261.255
259.174
256.49
253.431
250.15
246.743
243.268
239.752
236.21
232.648
229.083
225.506
221.943
218.337
563.087
561.584
560.063
558.528
556.981
555.421
553.848
552.263
550.662
549.057
547.44
545.81
544.168
542.514
540.849
539.174
537.488
535.794
534.092
532.382
530.668
528.949
527.226
525.5
523.769
522.035
520.297
518.556
516.812
515.067
513.322
511.578
509.835
508.093
506.352
504.612
502.874
501.136
499.397
497.655
495.906
494.146
492.369
490.565
488.727
486.847
484.919
482.944
480.929
478.896
476.878
474.925
473.093
471.427
469.942
468.615
467.401
466.247
465.11
463.965
462.805
461.63
460.439
459.228
457.99
456.717
455.411
454.075
452.721
451.372
450.071
448.876
447.847
447.023
446.407
445.959
445.603
445.253
444.845
444.349
443.764
443.095
442.348
441.526
440.629
439.656
438.608
437.491
436.311
435.073
433.778
432.428
431.019
429.547
428.007
426.397
424.715
422.966
421.157
419.279
417.339
415.336
413.274
411.154
408.976
406.76
404.492
402.183
399.841
397.475
395.095
392.71
390.333
387.984
385.686
383.456
381.296
379.183
377.06
374.823
372.368
369.608
366.389
362.534
358.978
357.093
356.984
357.305
357.136
356.313
355.073
353.611
351.874
349.816
347.708
345.683
343.72
341.853
339.808
337.175
334.213
330.437
324.482
319.2
318.105
319.211
317.814
313.629
308.305
301.992
294.527
285.866
276.388
266.896
258.358
251.59
247.181
245.129
245.546
247.923
251.53
255.519
259.092
261.65
262.879
262.704
261.38
259.23
256.516
253.444
250.159
246.751
243.276
239.763
236.224
232.669
229.113
225.548
222.006
218.418
562.955
561.475
559.976
558.461
556.933
555.394
553.835
552.264
550.684
549.084
547.471
545.847
544.211
542.563
540.904
539.236
537.554
535.866
534.171
532.471
530.763
529.05
527.334
525.615
523.894
522.169
520.443
518.716
516.988
515.259
513.532
511.805
510.08
508.357
506.636
504.919
503.205
501.496
499.788
498.082
496.372
494.651
492.911
491.138
489.319
487.439
485.484
483.444
481.321
479.138
476.943
474.826
472.894
471.225
469.826
468.638
467.572
466.541
465.494
464.409
463.286
462.129
460.94
459.717
458.449
457.12
455.721
454.25
452.727
451.187
449.689
448.312
447.154
446.306
445.794
445.527
445.347
445.126
444.796
444.339
443.764
443.091
442.339
441.511
440.602
439.612
438.543
437.406
436.211
434.966
433.674
432.333
430.934
429.466
427.932
426.327
424.655
422.917
421.12
419.26
417.337
415.355
413.316
411.222
409.073
406.875
404.627
402.338
400.015
397.666
395.3
392.923
390.548
388.202
385.918
383.722
381.616
379.581
377.545
375.362
372.944
370.14
366.472
361.57
357.263
355.538
356.155
357.105
357.258
356.511
355.284
353.822
351.978
349.704
347.43
345.343
343.387
341.575
339.573
336.921
334.044
330.814
325.64
320.438
318.902
319.692
318.388
314.469
309.38
303.195
295.785
287.233
277.915
268.583
260.16
253.444
248.985
246.902
247.2
249.412
252.811
256.556
259.865
262.171
263.179
262.858
261.455
259.263
256.53
253.451
250.163
246.755
243.282
239.771
236.236
232.686
229.138
225.585
222.06
218.488
562.839
561.363
559.883
558.383
556.865
555.326
553.779
552.217
550.642
549.053
547.451
545.837
544.21
542.571
540.919
539.26
537.59
535.905
534.221
532.527
530.825
529.119
527.409
525.696
523.981
522.265
520.548
518.832
517.116
515.4
513.685
511.972
510.26
508.551
506.847
505.149
503.458
501.777
500.106
498.441
496.779
495.11
493.421
491.693
489.902
488.025
486.036
483.915
481.654
479.271
476.829
474.485
472.435
470.791
469.536
468.548
467.674
466.789
465.838
464.814
463.727
462.589
461.405
460.174
458.884
457.514
456.037
454.43
452.702
450.913
449.168
447.591
446.309
445.435
445.036
445.015
445.088
445.051
444.825
444.409
443.832
443.135
442.353
441.506
440.587
439.591
438.516
437.369
436.162
434.903
433.603
432.256
430.859
429.408
427.889
426.3
424.641
422.916
421.123
419.27
417.357
415.39
413.369
411.295
409.167
406.987
404.756
402.482
400.174
397.838
395.479
393.102
390.72
388.368
386.089
383.925
381.875
379.937
377.995
375.863
373.59
370.956
366.741
360.387
355.198
353.779
355.361
356.94
357.397
356.723
355.491
354.023
352.086
349.638
347.209
345.03
343.076
341.362
339.452
336.811
334.059
331.37
326.831
321.495
319.323
319.762
318.519
314.933
310.171
304.21
296.809
288.259
278.987
269.725
261.368
254.688
250.201
248.087
248.308
250.406
253.658
257.23
260.358
262.499
263.359
262.95
261.499
259.282
256.537
253.454
250.165
246.757
243.285
239.777
236.244
232.699
229.158
225.616
222.104
218.546
562.774
561.32
559.835
558.339
556.828
555.3
553.76
552.207
550.641
549.061
547.467
545.861
544.242
542.61
540.967
539.305
537.635
535.959
534.264
532.567
530.865
529.161
527.456
525.749
524.042
522.335
520.628
518.921
517.214
515.509
513.806
512.104
510.404
508.706
507.014
505.329
503.656
501.999
500.359
498.736
497.125
495.518
493.897
492.241
490.513
488.672
486.666
484.453
482.013
479.354
476.563
473.9
471.691
470.098
469.068
468.368
467.746
467.036
466.183
465.201
464.131
463.004
461.833
460.614
459.329
457.945
456.417
454.695
452.753
450.649
448.544
446.655
445.231
444.441
444.272
444.535
444.897
445.049
444.908
444.511
443.923
443.206
442.406
441.542
440.611
439.601
438.509
437.343
436.119
434.853
433.553
432.215
430.827
429.382
427.868
426.283
424.628
422.91
421.13
419.292
417.395
415.44
413.432
411.372
409.259
407.092
404.877
402.62
400.326
398
395.644
393.257
390.856
388.484
386.2
384.06
382.078
380.266
378.41
376.278
374.229
371.957
367.333
359.493
353.339
352.295
354.71
356.798
357.516
356.9
355.698
354.213
352.127
349.523
347.056
344.869
342.929
341.278
339.425
336.801
334.226
332.01
327.943
322.317
319.39
319.505
318.4
315.097
310.691
305.039
297.668
289.059
279.761
270.507
262.171
255.503
251
248.858
249.028
251.049
254.201
257.658
260.668
262.706
263.464
263.003
261.523
259.289
256.538
253.454
250.164
246.757
243.286
239.781
236.249
232.71
229.173
225.641
222.137
218.592
562.722
561.268
559.792
558.298
556.789
555.266
553.729
552.18
550.619
549.045
547.459
545.859
544.246
542.618
540.977
539.32
537.652
535.972
534.281
532.584
530.883
529.181
527.478
525.775
524.074
522.372
520.673
518.974
517.278
515.583
513.888
512.194
510.502
508.813
507.13
505.457
503.801
502.166
500.556
498.972
497.41
495.864
494.317
492.745
491.107
489.347
487.377
485.097
482.428
479.352
476.072
473.06
470.715
469.221
468.457
468.099
467.776
467.267
466.526
465.579
464.502
463.364
462.195
460.997
459.743
458.376
456.812
454.991
452.874
450.489
447.992
445.679
443.952
443.159
443.347
444.047
444.733
445.106
445.067
444.673
444.044
443.28
442.45
441.574
440.643
439.632
438.531
437.349
436.106
434.827
433.521
432.186
430.809
429.375
427.873
426.297
424.648
422.933
421.157
419.322
417.431
415.485
413.488
411.44
409.34
407.185
404.981
402.735
400.453
398.138
395.784
393.385
390.962
388.567
386.269
384.129
382.206
380.555
378.703
376.518
374.71
372.71
368.011
359.45
352.797
351.738
354.38
356.661
357.518
356.933
355.75
354.362
352.304
349.575
347
344.806
342.908
341.319
339.477
336.852
334.503
332.65
328.846
322.853
319.183
319.08
318.205
315.106
310.975
305.658
298.374
289.701
280.337
271.05
262.706
256.035
251.515
249.352
249.487
251.457
254.544
257.926
260.86
262.832
263.527
263.031
261.532
259.29
256.536
253.451
250.161
246.756
243.286
239.783
236.253
232.718
229.183
225.66
222.16
218.624
562.679
561.229
559.758
558.271
556.768
555.251
553.72
552.177
550.622
549.054
547.474
545.879
544.27
542.645
541.003
539.345
537.671
535.985
534.29
532.59
530.888
529.186
527.487
525.79
524.095
522.402
520.711
519.021
517.332
515.645
513.959
512.273
510.585
508.898
507.215
505.545
503.897
502.28
500.699
499.154
497.644
496.16
494.689
493.208
491.675
490.037
488.176
485.948
483.067
479.334
475.285
471.856
469.532
468.335
467.945
467.882
467.773
467.44
466.801
465.908
464.841
463.695
462.523
461.336
460.123
458.796
457.219
455.295
453.013
450.416
447.661
445.079
443.191
442.418
442.8
443.725
444.615
445.135
445.18
444.806
444.157
443.365
442.51
441.618
440.676
439.656
438.544
437.349
436.097
434.814
433.51
432.181
430.809
429.379
427.878
426.303
424.657
422.947
421.179
419.353
417.47
415.532
413.542
411.503
409.408
407.26
405.063
402.825
400.553
398.245
395.889
393.473
391.025
388.606
386.295
384.142
382.266
380.793
378.842
376.43
374.969
373.099
368.196
359.757
353.132
351.922
354.377
356.601
357.465
356.917
355.757
354.277
352.21
349.595
347.091
344.873
342.986
341.408
339.513
336.874
334.789
333.232
329.434
323.176
318.883
318.714
318.07
315.07
311.09
306.024
298.893
290.197
280.768
271.432
263.06
256.373
251.837
249.659
249.769
251.707
254.753
258.088
260.973
262.903
263.561
263.041
261.532
259.286
256.531
253.447
250.158
246.754
243.286
239.784
236.255
232.722
229.189
225.673
222.173
218.645
562.66
561.207
559.733
558.243
556.739
555.222
553.693
552.154
550.604
549.044
547.47
545.883
544.279
542.658
541.019
539.36
537.683
535.992
534.291
532.585
530.88
529.18
527.484
525.792
524.102
522.413
520.725
519.039
517.355
515.675
513.997
512.321
510.644
508.963
507.284
505.615
503.969
502.36
500.799
499.288
497.83
496.41
495.025
493.638
492.22
490.717
489.001
486.969
484.04
479.643
474.501
470.351
467.934
467.221
467.496
467.895
467.996
467.693
467.024
466.078
464.97
463.786
462.591
461.408
460.24
459.013
457.542
455.643
453.245
450.513
447.645
444.955
443.005
442.252
442.707
443.675
444.6
445.154
445.224
444.86
444.211
443.413
442.549
441.648
440.699
439.673
438.556
437.358
436.103
434.818
433.514
432.185
430.815
429.388
427.889
426.317
424.672
422.963
421.194
419.369
417.487
415.553
413.569
411.535
409.446
407.301
405.106
402.871
400.606
398.308
395.955
393.526
391.053
388.608
386.278
384.104
382.254
380.892
378.984
376.348
374.585
372.588
368.195
360.275
353.771
352.289
354.457
356.545
357.383
356.874
355.756
354.295
352.227
349.603
347.095
344.907
343.037
341.454
339.485
336.908
335.042
333.686
329.799
323.403
318.758
318.611
318.045
315.097
311.13
306.155
299.141
290.488
281.068
271.69
263.283
256.576
252.025
249.835
249.928
251.845
254.866
258.174
261.031
262.936
263.574
263.039
261.527
259.279
256.526
253.443
250.155
246.752
243.285
239.784
236.256
232.724
229.192
225.678
222.179
218.655
562.641
561.191
559.721
558.234
556.731
555.217
553.691
552.155
550.609
549.052
547.484
545.9
544.3
542.681
541.041
539.379
537.698
536.001
534.292
532.58
530.871
529.168
527.473
525.784
524.1
522.418
520.739
519.06
517.382
515.706
514.03
512.354
510.675
508.993
507.311
505.641
503.996
502.393
500.838
499.339
497.893
496.491
495.129
493.769
492.399
490.934
489.288
487.322
484.386
480.13
475.11
470.778
468.086
467.159
467.307
467.725
467.879
467.645
467.023
466.099
464.988
463.793
462.576
461.365
460.16
458.877
457.356
455.465
453.192
450.583
447.808
445.195
443.292
442.524
442.831
443.713
444.597
445.135
445.205
444.85
444.211
443.42
442.557
441.654
440.701
439.673
438.556
437.359
436.106
434.822
433.517
432.188
430.818
429.389
427.89
426.317
424.673
422.964
421.197
419.372
417.491
415.557
413.574
411.542
409.454
407.311
405.119
402.886
400.621
398.321
395.966
393.54
391.066
388.619
386.283
384.105
382.253
380.83
378.933
376.438
374.678
372.573
368.158
360.5
354.171
352.629
354.556
356.529
357.346
356.86
355.758
354.277
352.204
349.609
347.122
344.924
343.056
341.473
339.496
336.981
335.239
333.897
329.984
323.593
318.789
318.678
318.081
315.125
311.12
306.109
299.09
290.535
281.18
271.807
263.389
256.67
252.108
249.909
249.992
251.899
254.909
258.204
261.048
262.939
263.575
263.032
261.52
259.273
256.521
253.439
250.153
246.751
243.285
239.784
236.256
232.724
229.192
225.678
222.179
218.656
212.522
208.94
205.225
201.335
197.197
192.773
188.04
182.974
177.52
171.674
165.58
159.441
153.15
146.391
139.061
132.09
122.549
103.396
88.1215
91.8045
97.2613
88.8114
63.5207
34.5167
4.79187
212.296
208.766
205.044
201.151
197.019
192.596
187.865
182.803
177.348
171.498
165.398
159.268
152.98
146.209
138.871
131.902
122.163
102.721
87.6626
91.5323
96.6209
87.9014
62.586
33.4152
4.3775
212.081
208.596
204.871
200.97
196.841
192.426
187.698
182.639
177.189
171.337
165.229
159.097
152.811
146.029
138.658
131.669
121.634
101.663
86.7012
90.9607
95.5926
86.606
61.4122
32.2984
4.03825
211.898
208.43
204.708
200.8
196.666
192.249
187.526
182.473
177.027
171.17
165.052
158.923
152.636
145.825
138.426
131.397
120.925
100.395
85.5341
90.0416
94.2534
84.9826
59.7188
30.8947
3.62741
211.742
208.277
204.558
200.642
196.5
192.077
187.356
182.314
176.876
171.022
164.901
158.762
152.463
145.626
138.19
131.1
120.097
99.1658
84.531
88.9341
92.6104
83.0122
57.6057
29.2348
3.15951
211.611
208.137
204.421
200.5
196.347
191.914
187.189
182.154
176.728
170.88
164.758
158.61
152.289
145.413
137.947
130.773
119.252
98.0957
83.725
87.7669
90.7473
80.7257
55.0941
27.3027
2.63868
211.504
208.015
204.297
200.369
196.203
191.758
187.029
181.999
176.585
170.75
164.636
158.474
152.118
145.201
137.705
130.421
118.469
97.2371
83.0909
86.5843
88.7026
78.1319
52.2393
25.0982
2.04683
211.417
207.911
204.185
200.242
196.061
191.608
186.876
181.85
176.451
170.631
164.525
158.347
151.948
144.987
137.458
130.052
117.783
96.6355
82.7204
85.4801
86.5502
75.2711
49.0781
22.6259
1.37358
211.347
207.822
204.083
200.124
195.927
191.467
186.732
181.707
176.32
170.518
164.424
158.228
151.78
144.777
137.216
129.671
117.207
96.3315
82.6212
84.4775
84.325
72.1838
45.6481
19.9053
0.619875
211.292
207.747
203.995
200.019
195.806
191.339
186.602
181.573
176.194
170.413
164.333
158.115
151.613
144.54
136.976
129.282
116.756
96.3303
82.8169
83.617
82.076
68.9223
41.9922
16.9731
-0.205222
211.25
207.685
203.919
199.928
195.701
191.226
186.484
181.449
176.076
170.319
164.256
158.007
151.451
144.348
136.738
128.89
116.433
96.6258
83.3118
82.9126
79.8341
65.5316
38.1571
13.8678
-1.09303
211.22
207.637
203.855
199.85
195.611
191.128
186.378
181.339
175.971
170.236
164.186
157.903
151.296
144.168
136.504
128.503
116.226
97.2133
84.095
82.3733
77.6336
62.0585
34.1908
10.6317
-2.02597
211.202
207.601
203.803
199.785
195.535
191.042
186.284
181.242
175.877
170.156
164.114
157.803
151.151
144.001
136.273
128.133
116.112
98.0806
85.1275
81.9903
75.4947
58.5524
30.1331
7.30279
-2.9756
211.195
207.575
203.763
199.732
195.471
190.969
186.204
181.157
175.792
170.079
164.042
157.711
151.018
143.842
136.048
127.788
116.081
99.1744
86.3428
81.7432
73.4346
55.0565
26.0316
3.9158
-3.91728
211.198
207.561
203.733
199.689
195.418
190.907
186.134
181.082
175.716
170.007
163.975
157.629
150.896
143.694
135.831
127.47
116.137
100.417
87.673
81.6025
71.4665
51.6095
21.9433
0.50235
-4.83423
211.211
207.557
203.713
199.656
195.374
190.855
186.075
181.019
175.651
169.945
163.915
157.555
150.787
143.56
135.626
127.183
116.283
101.744
89.0609
81.5396
69.6026
48.2576
17.925
-2.89833
-5.70927
211.233
207.563
203.703
199.632
195.341
190.812
186.026
180.965
175.594
169.892
163.863
157.487
150.693
143.445
135.441
126.936
116.509
103.1
90.4572
81.5313
67.8542
45.0426
14.0217
-6.23288
-6.523
211.264
207.578
203.702
199.619
195.317
190.779
185.986
180.921
175.546
169.849
163.818
157.427
150.616
143.351
135.282
126.737
116.801
104.439
91.8218
81.5616
66.2322
41.9978
10.2716
-9.44747
-7.25893
211.302
207.6
203.71
199.614
195.302
190.755
185.956
180.885
175.508
169.813
163.782
157.379
150.558
143.277
135.157
126.597
117.152
105.724
93.1222
81.6193
64.743
39.1521
6.70998
-12.5061
-7.90618
211.348
207.631
203.725
199.618
195.296
190.739
185.935
180.859
175.478
169.785
163.755
157.344
150.519
143.223
135.072
126.518
117.549
106.926
94.3316
81.6942
63.3911
36.5285
3.37025
-15.3861
-8.45572
211.4
207.668
203.748
199.63
195.298
190.732
185.922
180.841
175.456
169.766
163.737
157.322
150.496
143.189
135.028
126.499
117.974
108.025
95.4283
81.778
62.1806
34.1446
0.28391
-18.0682
-8.89772
211.459
207.712
203.779
199.649
195.308
190.733
185.918
180.832
175.444
169.754
163.729
157.313
150.486
143.176
135.026
126.54
118.405
109.005
96.3966
81.8652
61.1168
32.0125
-2.51943
-20.532
-9.22304
211.523
207.762
203.816
199.676
195.324
190.741
185.922
180.831
175.44
169.752
163.73
157.314
150.489
143.183
135.063
126.637
118.822
109.85
97.2285
81.954
60.2047
30.1404
-5.01265
-22.7574
-9.42456
211.593
207.818
203.859
199.709
195.347
190.757
185.933
180.838
175.444
169.757
163.739
157.325
150.504
143.209
135.135
126.782
119.207
110.548
97.9242
82.0448
59.4481
28.5352
-7.17249
-24.726
-9.49724
211.667
207.879
203.908
199.748
195.377
190.78
185.952
180.852
175.455
169.771
163.755
157.344
150.53
143.253
135.237
126.961
119.549
111.108
98.4918
82.1389
58.8489
27.203
-8.98067
-26.4221
-9.43845
211.745
207.945
203.963
199.793
195.412
190.809
185.977
180.872
175.473
169.792
163.777
157.37
150.574
143.312
135.364
127.159
119.842
111.537
98.945
82.2373
58.4081
26.1494
-10.4222
-27.8329
-9.24778
211.828
208.016
204.023
199.843
195.454
190.845
186.007
180.898
175.498
169.82
163.806
157.402
150.617
143.38
135.506
127.364
120.082
111.849
99.3014
82.343
58.1236
25.3801
-11.4867
-28.9501
-8.92731
211.923
208.099
204.095
199.905
195.508
190.892
186.046
180.931
175.532
169.856
163.842
157.444
150.672
143.462
135.667
127.584
120.292
112.086
99.6082
82.4777
57.9792
24.8531
-12.2552
-29.8511
-8.43729
212.032
208.196
204.181
199.981
195.576
190.952
186.097
180.976
175.577
169.903
163.889
157.498
150.741
143.562
135.847
127.811
120.458
112.233
99.8583
82.6632
58.0376
24.699
-12.6154
-30.4076
-7.73109
212.143
208.297
204.273
200.065
195.653
191.02
186.156
181.029
175.63
169.956
163.943
157.559
150.816
143.671
136.038
128.035
120.568
112.297
100.055
82.8968
58.3058
24.947
-12.5061
-30.5397
-6.86723
212.257
208.403
204.371
200.157
195.738
191.098
186.226
181.092
175.691
170.016
164.004
157.626
150.896
143.788
136.236
128.253
120.638
112.314
100.228
83.1889
58.7741
25.5625
-11.9069
-30.2497
-5.86437
212.373
208.513
204.476
200.256
195.831
191.185
186.305
181.165
175.76
170.082
164.072
157.7
150.982
143.91
136.431
128.459
120.689
112.32
100.404
83.5498
59.4302
26.5174
-10.8267
-29.5432
-4.74253
212.492
208.628
204.587
200.363
195.931
191.28
186.394
181.248
175.839
170.156
164.145
157.779
151.075
144.035
136.616
128.652
120.744
112.341
100.603
83.9876
60.2603
27.783
-9.2941
-28.4306
-3.52061
212.613
208.748
204.705
200.476
196.039
191.382
186.491
181.341
175.927
170.237
164.223
157.863
151.173
144.164
136.791
128.836
120.816
112.392
100.837
84.5067
61.2498
29.3275
-7.33972
-26.9245
-2.21618
212.738
208.874
204.83
200.597
196.154
191.493
186.598
181.444
176.025
170.326
164.306
157.952
151.279
144.297
136.958
129.017
120.912
112.478
101.114
85.1067
62.3843
31.1168
-4.9982
-25.0412
-0.847057
212.867
209.006
204.962
200.725
196.277
191.612
186.714
181.557
176.132
170.422
164.395
158.045
151.39
144.432
137.12
129.196
121.033
112.6
101.436
85.7829
63.646
33.1125
-2.31178
-22.8013
0.5655
213
209.143
205.102
200.862
196.409
191.74
186.839
181.68
176.249
170.529
164.489
158.141
151.507
144.57
137.273
129.373
121.179
112.755
101.801
86.5294
65.012
35.2712
0.66585
-20.243
1.99495
213.137
209.287
205.249
201.009
196.551
191.877
186.974
181.812
176.375
170.647
164.593
158.243
151.629
144.71
137.416
129.544
121.346
112.938
102.206
87.3393
66.4557
37.547
3.87592
-17.4456
3.45762
213.28
209.437
205.405
201.165
196.704
192.024
187.117
181.95
176.511
170.779
164.709
158.353
151.758
144.85
137.546
129.706
121.532
113.146
102.644
88.205
67.9497
39.8875
7.25137
-14.4671
5.00737
213.428
209.594
205.567
201.329
196.866
192.181
187.267
182.095
176.655
170.926
164.841
158.473
151.896
144.99
137.66
129.857
121.733
113.372
103.108
89.1179
69.4688
42.2263
10.7062
-11.323
6.60302
213.584
209.76
205.739
201.502
197.036
192.347
187.427
182.246
176.822
171.087
164.987
158.6
152.035
145.127
137.732
129.997
121.946
113.607
103.586
90.07
70.9924
44.4919
14.1496
-7.90605
8.01782
213.747
209.938
205.923
201.686
197.218
192.529
187.603
182.41
176.978
171.257
165.131
158.721
152.17
145.266
137.821
130.136
122.17
113.839
104.069
91.0556
72.5067
46.5832
17.55
-4.62932
9.52321
213.91
210.118
206.112
201.875
197.405
192.718
187.79
182.581
177.138
171.418
165.259
158.826
152.306
145.42
137.904
130.265
122.401
114.06
104.537
92.0256
73.9373
48.4064
20.6893
-1.72182
11.0337
214.067
210.295
206.297
202.058
197.586
192.899
187.965
182.744
177.291
171.565
165.374
158.925
152.457
145.586
137.976
130.36
122.634
114.283
104.971
92.9236
75.2131
49.9205
23.393
0.668651
12.4308
214.219
210.468
206.476
202.235
197.758
193.066
188.124
182.895
177.434
171.704
165.479
159.016
152.612
145.753
138.032
130.423
122.869
114.521
105.373
93.7406
76.3366
51.1851
25.6668
2.60225
13.6771
214.369
210.638
206.649
202.404
197.92
193.221
188.269
183.036
177.575
171.839
165.573
159.089
152.759
145.917
138.079
130.47
123.106
114.775
105.742
94.4729
77.3182
52.239
27.5562
4.1555
14.7575
214.519
210.807
206.816
202.563
198.072
193.363
188.402
183.166
177.713
171.971
165.657
159.148
152.895
146.075
138.124
130.52
123.343
115.035
106.075
95.1182
78.1678
53.1173
29.1068
5.38995
15.672
214.669
210.972
206.974
202.714
198.214
193.494
188.526
183.288
177.845
172.098
165.739
159.205
153.019
146.221
138.179
130.587
123.575
115.29
106.37
95.6752
78.8935
53.8487
30.3685
6.36179
16.433
214.819
211.132
207.124
202.857
198.345
193.614
188.64
183.401
177.969
172.218
165.82
159.265
153.129
146.351
138.246
130.676
123.798
115.532
106.627
96.144
79.5055
54.4568
31.3904
7.11845
17.0605
214.97
211.283
207.264
202.991
198.467
193.724
188.745
183.506
178.082
172.327
165.9
159.332
153.228
146.464
138.323
130.782
124.007
115.756
106.848
96.5283
80.0146
54.9617
32.2159
7.69679
17.5776
215.12
211.423
207.395
203.115
198.578
193.824
188.843
183.603
178.183
172.423
165.98
159.403
153.318
146.56
138.406
130.895
124.197
115.955
107.035
96.8371
80.4282
55.38
32.8808
8.12828
18.0031
215.265
211.551
207.517
203.229
198.679
193.915
188.933
183.693
178.271
172.507
166.057
159.481
153.401
146.644
138.489
131.006
124.363
116.125
107.181
97.0746
80.754
55.7204
33.4109
8.44438
18.3464
215.4
211.664
207.627
203.331
198.769
194
189.016
183.774
178.347
172.579
166.129
159.557
153.476
146.718
138.569
131.109
124.501
116.267
107.289
97.2325
81.0047
55.9891
33.8249
8.6703
18.6148
215.518
211.763
207.725
203.42
198.847
194.075
189.09
183.846
178.414
172.641
166.195
159.629
153.544
146.785
138.642
131.198
124.613
116.383
107.378
97.3315
81.1868
56.2006
34.1313
8.82827
18.8172
215.613
211.848
207.81
203.499
198.921
194.147
189.158
183.911
178.476
172.701
166.257
159.694
153.605
146.848
138.708
131.274
124.699
116.472
107.46
97.4117
81.3146
56.3689
34.3461
8.93137
18.963
215.683
211.918
207.88
203.563
198.982
194.205
189.215
183.967
178.53
172.755
166.315
159.753
153.659
146.904
138.768
131.337
124.763
116.539
107.519
97.4713
81.3904
56.4904
34.5026
9.00617
19.0622
215.736
211.978
207.939
203.619
199.037
194.259
189.268
184.02
178.582
172.807
166.368
159.806
153.708
146.955
138.82
131.383
124.808
116.591
107.569
97.5359
81.5096
56.6158
34.6261
9.03055
19.1279
)
;

boundaryField
{
    inlet
    {
        type            zeroGradient;
    }
    outlet
    {
        type            fixedValue;
        value           uniform 0;
    }
    upperWall
    {
        type            zeroGradient;
    }
    lowerWall
    {
        type            zeroGradient;
    }
    frontAndBack
    {
        type            empty;
    }
}


// ************************************************************************* //
