/*--------------------------------*- C++ -*----------------------------------*\
  =========                 |
  \\      /  F ield         | OpenFOAM: The Open Source CFD Toolbox
   \\    /   O peration     | Website:  https://openfoam.org
    \\  /    A nd           | Version:  9
     \\/     M anipulation  |
\*---------------------------------------------------------------------------*/
FoamFile
{
    format      ascii;
    class       volScalarField;
    location    "0.09";
    object      pPrime2Mean;
}
// * * * * * * * * * * * * * * * * * * * * * * * * * * * * * * * * * * * * * //

dimensions      [0 4 -4 0 0 0 0];

internalField   nonuniform List<scalar> 
12225
(
291736
289027
285855
282412
278813
275142
271455
267786
264157
260577
257048
253567
250120
246689
243239
239714
235997
231816
291772
289056
285878
282430
278828
275155
271466
267797
264167
260587
257060
253580
250137
246711
243271
239765
236099
232111
291871
289121
285927
282470
278860
275182
271490
267819
264189
260610
257085
253610
250173
246759
243339
239872
236299
232564
292013
289229
286010
282536
278914
275228
271531
267856
264225
260648
257127
253658
250234
246838
243449
240040
236583
233094
292231
289387
286132
282633
278994
275295
271590
267911
264279
260704
257188
253730
250321
246951
243604
240266
236937
233663
292543
289605
286301
282767
279104
275388
271672
267987
264353
260781
257272
253827
250439
247101
243804
240547
237344
234252
292942
289890
286523
282944
279249
275511
271780
268087
264451
260881
257382
253952
250590
247290
244050
240878
237794
234851
293366
290249
286808
283172
279435
275669
271919
268215
264575
261009
257520
254110
250776
247519
244340
241252
238277
235459
293939
290701
287164
283457
279668
275865
272092
268374
264730
261167
257690
254301
251000
247788
244672
241664
238786
236071
294619
291256
287603
283807
279954
276106
272303
268569
264918
261359
257895
254529
251262
248097
245043
242110
239318
236689
295477
291931
288135
284231
280299
276396
272557
268802
265143
261586
258136
254794
251562
248445
245449
242585
239868
237312
296395
292678
288719
284694
280674
276711
272832
269053
265385
261830
258392
255072
251872
248796
245851
243044
240386
237887
297578
293544
289386
285218
281098
277066
273142
269337
265656
262102
258675
255376
252207
249171
246272
243517
240911
238460
299140
294696
290264
285903
281651
277528
273544
269704
266006
262451
259035
255760
252624
249630
246779
244074
241519
239115
301137
296205
291404
286791
282363
278122
274061
270174
266454
262894
259490
256238
253136
250183
247379
244724
242218
239858
303840
298171
292860
287908
283254
278864
274708
270764
267014
263446
260050
256821
253751
250838
248079
245470
243008
240688
307356
300562
294589
289228
284312
279750
275485
271474
267689
264110
260721
257511
254472
251595
248875
246306
243883
241599
310992
303048
296398
290624
285444
280716
276346
272273
268457
264868
261486
258294
255281
252436
249751
247216
244826
242572
313554
304779
297719
291717
286402
281590
277170
273071
269246
265662
262294
259125
256139
253323
250668
248163
245800
243570
311903
304267
297687
291918
286729
281996
277629
273570
269778
266224
262885
259743
256782
253992
251359
248876
246532
244319
309908
303147
297118
291679
286698
282097
277819
273822
270077
266559
263248
260131
257192
254420
251804
249335
247003
244801
307974
301952
296417
291301
286529
282067
277883
273953
270256
266774
263491
260396
257475
254719
252116
249658
247336
245142
306233
300856
295744
290906
286322
281984
277886
274016
270362
266911
263653
260576
257671
254927
252334
249885
247570
245381
304814
299942
295173
290562
286128
281893
277865
274043
270424
266999
263760
260698
257805
255070
252485
250042
247732
245547
303716
299238
294729
290290
285971
281813
277838
274054
270460
267055
263830
260780
257895
255167
252587
250149
247842
245661
302894
298717
294404
290089
285853
281751
277814
274056
270482
267090
263876
260833
257954
255231
252655
250220
247916
245737
302307
298354
294180
289952
285772
281708
277796
274056
270495
267112
263904
260867
257992
255272
252699
250266
247963
245785
301853
298115
294038
289865
285720
281680
277785
274056
270502
267125
263922
260887
258015
255297
252725
250293
247992
245815
301601
297982
293960
289817
285692
281664
277778
274055
270506
267132
263931
260898
258027
255310
252740
250308
248007
245830
301500
297927
293928
289798
285680
281658
277775
274055
270507
267134
263934
260903
258032
255315
252745
250314
248013
245837
196285
196268
196235
196186
196123
196045
195951
195841
195713
195566
195399
195212
195006
194781
194537
194274
193991
193689
193367
193027
192668
192291
191896
191483
191054
190607
190144
189663
189165
188650
188120
187574
187013
186436
185844
185237
184618
183989
183349
182700
182039
181365
180675
179969
179246
178507
177756
176993
176220
175438
174647
173848
173043
172230
171408
170578
169740
168886
168014
167126
166227
165319
164406
163484
162545
161585
160605
159614
158616
157610
156590
155553
154495
153415
152315
151202
150083
148962
147847
146742
145640
144534
143419
142302
141184
140055
138922
137784
136639
135471
134286
133102
131930
130770
129618
128467
127311
126145
124969
123782
122587
121382
120165
118931
117679
116409
115138
113863
112580
111318
110099
108922
107770
106622
105459
104263
103023
101734
100394
99007
97583
96135.2
94678.6
93227.9
91794.8
90386.8
89006.9
87654.6
86327
85020.3
83730
82452.1
81182.3
79917.6
78655.4
77394.2
76133
74871.6
73610.2
72348.9
71088.2
69828.3
68569.7
67312.5
66056.8
64802.9
63550.8
62300.6
61052.2
59805.8
58561.3
57318.9
56078.8
54841.1
53606.8
52376.7
51152
49933.3
48721.2
47516.3
46318.1
45125.6
43938.1
42758.2
41586.1
40420.4
39262.8
38115.3
36977.3
35848.5
34730.4
33621
32521.1
31433.4
30357.4
29294.9
28245.9
27212.9
26200.7
25218.4
196350
196333
196300
196252
196188
196110
196016
195905
195776
195627
195459
195272
195066
194842
194599
194336
194053
193750
193428
193086
192725
192345
191947
191531
191098
190648
190182
189699
189199
188683
188153
187608
187049
186474
185882
185275
184655
184024
183381
182728
182061
181382
180689
179981
179257
178517
177768
177009
176237
175454
174660
173858
173050
172238
171418
170588
169748
168894
168026
167145
166253
165347
164429
163499
162553
161591
160613
159623
158626
157620
156600
155563
154506
153422
152317
151201
150075
148950
147834
146729
145634
144537
143427
142312
141195
140071
138933
137786
136630
135460
134281
133107
131942
130787
129638
128487
127330
126163
124984
123794
122596
121390
120172
118940
117693
116421
115140
113859
112584
111338
110132
108963
107813
106665
105499
104300
103057
101764
100421
99031.5
97604.9
96154.1
94694.4
93240.5
91804.7
90394.5
89013.1
87659.6
86331
85023.5
83732.7
82454.2
81184.2
79919.3
78657
77395.7
76134.5
74873.2
73611.8
72350.5
71089.8
69830
68571.4
67314.2
66058.6
64804.7
63552.7
62302.6
61054.3
59808
58563.7
57321.6
56081.8
54844.6
53610.8
52381.3
51157.1
49938.8
48726.7
47521.2
46321.9
45128
43940
42760.6
41589.1
40423.1
39265.3
38117.8
36979.6
35851.2
34733.4
33624.3
32525
31437.1
30361
29298
28247.6
27213.1
26198.8
25211.3
196493
196478
196446
196397
196332
196251
196154
196040
195908
195758
195590
195406
195202
194977
194733
194469
194184
193879
193554
193208
192842
192457
192053
191632
191193
190738
190266
189779
189276
188758
188225
187678
187117
186541
185950
185344
184724
184093
183449
182795
182126
181444
180748
180039
179318
178582
177832
177068
176291
175502
174705
173902
173094
172281
171460
170628
169786
168934
168070
167195
166304
165396
164470
163529
162575
161609
160631
159643
158644
157636
156613
155571
154508
153422
152317
151200
150074
148949
147835
146732
145639
144550
143447
142336
141219
140092
138948
137789
136623
135453
134283
133119
131963
130814
129667
128518
127361
126192
125011
123819
122618
121409
120189
118955
117705
116430
115144
113863
112602
111374
110181
109019
107872
106724
105557
104356
103111
101816
100470
99077.4
97646.5
96190.5
94724.9
93265.3
91824.3
90410
89025.5
87669.8
86339.5
85030.5
83738.4
82458.9
81188.2
79922.9
78660.4
77398.9
76137.7
74876.3
73614.9
72353.7
71093
69833.3
68574.7
67317.6
66062.1
64808.3
63556.3
62306.3
61058.2
59812
58567.9
57326
56086.6
54849.8
53616.4
52387.1
51162.8
49944.2
48731.7
47525.6
46325.9
45132.4
43945.2
42764.9
41592.1
40426.4
39269.4
38122.3
36984.7
35856.9
34739.3
33630.8
32531.4
31442.8
30366
29301.5
28249.9
27213.8
26196.1
25201.4
196706
196691
196658
196609
196543
196459
196360
196243
196109
195958
195789
195603
195398
195173
194929
194662
194374
194064
193734
193382
193011
192620
192211
191783
191339
190877
190400
189907
189398
188876
188339
187788
187224
186645
186052
185445
184825
184194
183551
182896
182228
181546
180850
180142
179420
178682
177928
177161
176382
175593
174795
173990
173177
172358
171531
170695
169852
169001
168140
167264
166371
165456
164523
163577
162619
161650
160669
159677
158673
157657
156626
155576
154506
153419
152316
151201
150079
148960
147850
146751
145665
144583
143487
142373
141250
140116
138965
137801
136633
135466
134302
133145
131995
130850
129707
128559
127403
126234
125050
123854
122650
121438
120215
118975
117717
116438
115152
113880
112635
111422
110243
109090
107949
106802
105635
104432
103184
101886
100538
99141.2
97705.1
96242.3
94769
93301.4
91853.1
90432.9
89043.9
87684.9
86352.2
85041.2
83747.3
82466.4
81194.6
79928.7
78665.7
77404.1
76142.7
74881.2
73619.8
72358.6
71097.9
69838.3
68579.9
67322.8
66067.4
64813.7
63561.8
62311.9
61063.9
59817.9
58574
57332.3
56093.1
54856.7
53623.6
52394.5
51170.1
49951.2
48738.1
47531.2
46330.8
45136.8
43949.3
42768.8
41596.2
40431.4
39274.8
38128.3
36991.9
35865.2
34748.8
33641.2
32541.9
31452.8
30375.2
29309.2
28254.9
27215.5
26193.3
25191.6
196992
196975
196941
196889
196820
196734
196631
196511
196374
196219
196047
195858
195650
195423
195175
194905
194612
194298
193961
193604
193226
192829
192413
191979
191527
191060
190575
190076
189562
189034
188492
187938
187370
186788
186193
185585
184965
184332
183688
183032
182365
181685
180992
180285
179561
178820
178060
177286
176498
175701
174895
174082
173264
172441
171612
170775
169932
169080
168218
167339
166441
165521
164586
163640
162683
161712
160728
159730
158717
157689
156645
155584
154507
153418
152320
151214
150102
148991
147886
146791
145710
144631
143537
142421
141290
140147
138991
137827
136659
135495
134335
133183
132038
130897
129756
128611
127455
126284
125097
123897
122690
121475
120246
118999
117732
116449
115168
113908
112678
111481
110316
109173
108038
106893
105725
104520
103270
101970
100618
99217.9
97776.5
96306.5
94824.3
93347.2
91890.1
90462.5
89067.9
87704.8
86369
85055.4
83759.4
82476.7
81203.6
79936.7
78673.2
77411.2
76149.7
74888.2
73626.7
72365.4
71104.9
69845.3
68587
67330.1
66074.8
64821.1
63569.4
62319.5
61071.6
59825.7
58582
57340.5
56101.6
54865.4
53632.5
52403.4
51179
49959.7
48746.1
47538.6
46337.4
45142.8
43954.7
42773.5
41600.4
40435.5
39279.3
38133.4
36998.1
35873.5
34759.1
33652.8
32553.9
31464.8
30386.7
29319.3
28262.4
27219.3
26191.9
25183.1
197351
197332
197295
197241
197170
197081
196974
196851
196709
196550
196374
196179
195966
195734
195482
195206
194908
194586
194243
193877
193491
193086
192661
192219
191759
191283
190792
190285
189765
189231
188684
188125
187553
186969
186373
185763
185140
184505
183859
183201
182533
181854
181161
180452
179725
178978
178211
177427
176628
175818
175002
174181
173357
172530
171699
170862
170017
169164
168298
167416
166512
165593
164661
163721
162768
161800
160816
159813
158791
157750
156692
155618
154533
153444
152350
151252
150150
149049
147952
146862
145780
144699
143602
142481
141342
140192
139032
137867
136700
135536
134379
133230
132088
130951
129813
128670
127515
126342
125151
123946
122736
121516
120281
119025
117750
116466
115192
113944
112728
111547
110395
109261
108132
106989
105819
104611
103358
102056
100703
99299.7
97854
96377.4
94886.5
93399.8
91933.3
90497.5
89096.5
87728.6
86389.2
85072.7
83774.3
82489.6
81215
79947
78682.9
77420.5
76158.7
74897.1
73635.6
72374.4
71114
69854.6
68596.4
67339.6
66084.4
64830.7
63579
62329.2
61081.4
59835.6
58592
57350.7
56112
54875.9
53643.1
52414.1
51189.6
49970
48756.1
47548
46346.1
45150.7
43962
42780.2
41606.1
40440.5
39283.8
38137.6
37002.5
35879
34766.4
33662
32564.5
31476.3
30398.5
29330.4
28271.5
27225.1
26192.7
25177.1
197784
197764
197725
197669
197596
197504
197393
197264
197118
196953
196770
196569
196349
196109
195848
195565
195258
194927
194575
194200
193805
193390
192956
192504
192035
191550
191051
190537
190010
189469
188916
188350
187773
187184
186583
185969
185343
184704
184054
183394
182724
182042
181346
180633
179902
179148
178373
177577
176767
175945
175116
174284
173452
172621
171788
170950
170105
169251
168384
167499
166597
165682
164760
163828
162882
161921
160940
159936
158910
157861
156792
155707
154616
153523
152430
151335
150239
149144
148052
146965
145881
144793
143687
142559
141411
140253
139088
137919
136751
135587
134431
133284
132145
131010
129875
128734
127579
126405
125211
124003
122788
121563
120319
119053
117772
116489
115223
113986
112783
111615
110475
109349
108223
107080
105907
104696
103440
102136
100782
99377.8
97929.6
96448.2
94950.1
93454.7
91979.5
90535.9
89128.4
87755.5
86412.2
85092.8
83791.7
82504.9
81228.8
79959.6
78694.7
77431.8
76169.8
74908.2
73646.8
72385.8
71125.6
69866.4
68608.4
67351.9
66096.7
64843
63591.1
62341.3
61093.5
59847.7
58604.2
57363.1
56124.4
54888.5
53655.7
52426.8
51202.1
49982.4
48768
47559.3
46356.8
45160.7
43971.4
42788.9
41613.9
40447.3
39289.8
38142.4
37006.2
35882
34769.9
33667
32571.9
31485.5
30409
29341.2
28281.2
27232.2
26195.4
25174.2
198298
198277
198237
198178
198100
198003
197887
197751
197597
197424
197233
197022
196792
196541
196269
195976
195659
195318
194956
194571
194166
193741
193297
192835
192357
191864
191356
190835
190299
189750
189188
188614
188027
187430
186821
186200
185568
184925
184272
183609
182936
182250
181551
180834
180096
179335
178550
177744
176921
176085
175243
174399
173558
172722
171887
171049
170205
169352
168486
167601
166703
165798
164887
163965
163029
162076
161101
160100
159074
158021
156947
155857
154760
153662
152566
151470
150374
149279
148188
147101
146012
144914
143796
142656
141499
140331
139158
137983
136810
135644
134487
133341
132203
131071
129937
128797
127643
126469
125273
124063
122844
121611
120357
119082
117798
116518
115259
114031
112839
111682
110551
109431
108306
107161
105984
104768
103508
102202
100848
99444.6
97996.1
96512.2
95009.4
93507.6
92025.5
90575.1
89161.8
87784.4
86437.6
85115
83811.4
82522.5
81244.7
79974.4
78708.7
77445.3
76183.1
74921.5
73660.3
72399.8
71139.8
69880.9
68623.2
67366.9
66111.8
64858.1
63606
62355.8
61108
59862.2
58618.7
57377.7
56139.2
54903.3
53670.6
52441.6
51216.8
49996.7
48782
47572.7
46369.6
45172.9
43982.8
42799.6
41623.9
40456.5
39297.9
38149.1
37010.9
35884.5
34770.7
33667.8
32574.2
31490.5
30416.2
29350
28290.3
27239.7
26199.7
25174
198900
198878
198835
198772
198688
198584
198459
198314
198150
197966
197763
197539
197296
197032
196748
196442
196113
195762
195388
194994
194578
194143
193689
193218
192730
192228
191712
191181
190636
190076
189503
188916
188318
187709
187089
186460
185821
185174
184518
183854
183180
182493
181790
181068
180323
179553
178757
177938
177100
176249
175391
174535
173686
172845
172009
171171
170327
169475
168610
167728
166838
165943
165041
164128
163202
162257
161288
160293
159270
158220
157146
156055
154954
153852
152749
151648
150548
149450
148357
147265
146167
145057
143925
142772
141603
140424
139241
138057
136876
135704
134545
133398
132261
131129
129996
128857
127705
126532
125336
124125
122902
121661
120396
119113
117827
116551
115298
114077
112893
111744
110619
109503
108377
107227
106044
104822
103557
102250
100897
99495.2
98048.1
96564.1
95059.2
93554
92067.6
90612.7
89195.1
87814.2
86464.3
85138.9
83832.9
82542.1
81262.8
79991.4
78724.9
77461
76198.7
74937.2
73676.5
72416.3
71157
69898.7
68641.4
67385.2
66130.3
64876.5
63624.3
62373.9
61125.7
59879.6
58635.9
57395
56156.6
54920.7
53687.9
52458.8
51233.8
50013.4
48798.1
47588.3
46384.4
45186.9
43996.1
42812.2
41635.8
40467.6
39308.2
38158
37017.8
35888.7
34771.7
33666.7
32573
31490.7
30418.7
29354.6
28296.3
27245.9
26204.6
25176
199593
199569
199522
199454
199363
199250
199115
198959
198781
198584
198366
198128
197870
197591
197292
196972
196631
196267
195881
195475
195049
194603
194139
193658
193162
192651
192125
191584
191027
190455
189868
189268
188656
188035
187404
186766
186120
185469
184811
184145
183469
182780
182073
181344
180589
179807
178997
178162
177308
176441
175569
174701
173845
173000
172161
171323
170479
169627
168763
167884
166999
166112
165218
164312
163392
162454
161492
160503
159485
158439
157369
156280
155178
154070
152960
151852
150748
149647
148548
147449
146341
145217
144072
142906
141724
140533
139337
138141
136950
135771
134606
133456
132318
131185
130053
128914
127763
126593
125400
124189
122963
121713
120438
119148
117861
116586
115337
114120
112942
111798
110678
109562
108432
107276
106085
104856
103587
102278
100926
99526.6
98081.9
96599.7
95095.3
93590.1
92102.8
90646.3
89226.9
87843.7
86491.5
85163.9
83855.9
82563.5
81282.9
80010.6
78743.5
77479.5
76217.2
74956.1
73695.9
72436.4
71177.8
69920.2
68663.5
67407.7
66152.8
64898.9
63646.4
62395.9
61147.2
59900.7
58656.7
57415.8
56177.4
54941.4
53708.4
52479
51253.5
50032.5
48816.5
47606
46401.3
45203
44011.4
42826.6
41649.4
40480.5
39320.3
38169.1
37027.3
35895.7
34775.5
33667.3
32571.4
31488.3
30417.1
29354.6
28298
27249.1
26208.3
25178.6
200380
200353
200303
200228
200130
200008
199862
199693
199503
199291
199058
198804
198530
198236
197922
197587
197229
196851
196452
196032
195594
195136
194662
194171
193665
193144
192608
192056
191487
190902
190301
189687
189060
188424
187780
187130
186474
185814
185149
184476
183794
183098
182383
181644
180877
180080
179253
178401
177531
176650
175766
174890
174029
173182
172343
171504
170660
169808
168943
168066
167184
166300
165410
164507
163591
162658
161699
160714
159700
158658
157593
156507
155406
154295
153181
152067
150958
149854
148753
147647
146531
145396
144239
143060
141865
140660
139450
138239
137035
135846
134674
133520
132379
131243
130108
128968
127819
126652
125464
124255
123025
121768
120482
119185
117895
116620
115373
114160
112985
111844
110725
109606
108470
107306
106108
104872
103598
102286
100934
99537.4
98095.5
96616.3
95115.4
93613.4
92129
90674.5
89255.6
87872
86518.6
85189.6
83880.3
82586.8
81305.3
80032.4
78765.2
77501.3
76239.6
74979.2
73719.9
72461.2
71203.4
69946.6
68690.6
67435.2
66180.2
64926.1
63673.3
62422.4
61173.4
59926.3
58681.9
57440.6
56202.1
54965.9
53732.5
52502.5
51276.4
50054.5
48837.5
47625.9
46420.3
45221
44028.3
42842.6
41664.6
40495.1
39334.2
38182.2
37039.2
35905.8
34783
33671.6
32572.2
31486.4
30413.6
29351
28295.8
27248.6
26209.3
25180.2
201267
201238
201183
201103
200998
200868
200712
200533
200331
200107
199860
199592
199303
198992
198661
198308
197933
197537
197121
196686
196233
195762
195275
194772
194255
193723
193175
192610
192027
191426
190809
190176
189530
188875
188213
187544
186871
186194
185513
184825
184129
183421
182694
181941
181160
180348
179509
178646
177766
176875
175983
175102
174238
173390
172550
171711
170866
170012
169146
168267
167383
166498
165607
164706
163790
162856
161898
160913
159899
158859
157795
156713
155615
154506
153392
152278
151169
150066
148964
147856
146734
145592
144426
143235
142026
140806
139580
138353
137135
135934
134753
133593
132446
131306
130167
129025
127875
126712
125527
124320
123087
121821
120525
119221
117926
116651
115405
114195
113022
111881
110759
109634
108490
107318
106112
104870
103591
102276
100922
99526.4
98087.4
96612.6
95118
93623.2
92145.4
90696
89280.4
87898.3
86545.1
85215.8
83906
82612.3
81330.8
80058
78791
77527.9
76267.3
75008
73749.8
72492.1
71235.2
69979.3
68724.1
67469.1
66214
64959.4
63706
62454.6
61205
59957.4
58712.3
57470.5
56231.5
54994.7
53760.6
52529.8
51302.7
50079.6
48861.3
47648.5
46441.6
45241.1
44047.3
42860.6
41681.8
40511.5
39350.1
38197.4
37053.6
35919
34794.4
33680.3
32577.6
31488
30411.6
29346.8
28291.2
27245
26207.3
25179.4
202266
202235
202177
202093
201983
201848
201688
201502
201292
201057
200799
200517
200212
199883
199532
199158
198762
198344
197908
197452
196980
196492
195989
195471
194938
194390
193824
193242
192640
192020
191381
190726
190057
189377
188688
187994
187295
186593
185887
185176
184459
183731
182985
182215
181419
180595
179748
178881
178000
177108
176216
175335
174469
173618
172776
171936
171088
170230
169361
168478
167589
166697
165802
164897
163977
163039
162077
161089
160072
159030
157966
156886
155792
154688
153579
152472
151368
150270
149171
148065
146942
145797
144625
143425
142202
140967
139724
138481
137248
136034
134844
133675
132522
131377
130233
129088
127936
126773
125591
124382
123143
121868
120564
119253
117954
116678
115433
114224
113052
111908
110778
109645
108491
107309
106094
104846
103562
102243
100888
99492.5
98056.8
96588.5
95103.2
93619.1
92151.6
90710.5
89300.9
87922.2
86570.9
85242.5
83933.7
82641
81360.4
80088.7
78822.8
77560.9
76301.6
75043.8
73787
72530.3
71274.4
70019.6
68765.3
67510.8
66255.7
65000.4
63746.3
62493.8
61243.4
59995
58749
57506.1
56266.1
55028.4
53793.2
52561.4
51333.1
50108.5
48888.5
47674.1
46465.8
45263.7
44068.6
42880.8
41701.2
40530.3
39368.3
38215.2
37070.9
35935.6
34809.6
33693.6
32588.2
31494.7
30414
29345.4
28287.4
27240.4
26203.1
25176.3
203397
203364
203305
203220
203110
202973
202810
202621
202404
202159
201887
201588
201262
200911
200536
200137
199715
199272
198809
198329
197831
197319
196791
196250
195694
195124
194537
193932
193307
192662
191998
191314
190614
189902
189180
188453
187721
186987
186249
185507
184762
184007
183238
182450
181639
180807
179957
179094
178218
177334
176448
175569
174702
173848
173002
172157
171305
170443
169569
168683
167788
166888
165983
165071
164143
163197
162227
161232
160211
159165
158100
157021
155931
154834
153735
152637
151544
150455
149364
148263
147145
146002
144829
143621
142386
141135
139877
138618
137370
136144
134943
133765
132606
131458
130313
129164
128008
126839
125651
124436
123189
121905
120594
119278
117976
116700
115456
114247
113073
111921
110780
109634
108469
107276
106053
104797
103509
102187
100830
99435.4
98004.6
96545.1
95072.2
93602
92147.9
90718.1
89317
87944.1
86596.4
85270.8
83964.4
82674
81395.7
80125.9
78861.9
77601.5
76343.9
75088.1
73832.3
72576.8
71321.9
70068
68814.6
67560.7
66305.7
65049.9
63794.9
62541.5
61290
60040.3
58793.1
57548.7
56307.1
55067.8
53831.1
52597.9
51368
50141.7
48919.6
47703.3
46493.1
45289.5
44092.9
42904.1
41723.6
40552.1
39389.7
38236.3
37091.7
35955.9
34829.1
33711.7
32604.1
31507.5
30422.5
29349.3
28287.6
27237.8
26199.1
25172
204682
204648
204587
204502
204390
204252
204085
203887
203659
203399
203109
202790
202441
202064
201659
201229
200775
200299
199804
199290
198760
198217
197660
197090
196506
195906
195289
194653
193996
193318
192618
191901
191166
190418
189659
188896
188128
187357
186583
185808
185030
184246
183453
182646
181824
180985
180135
179277
178410
177536
176657
175783
174917
174061
173209
172358
171501
170632
169752
168861
167962
167055
166141
165217
164280
163323
162344
161341
160314
159265
158201
157126
156042
154953
153863
152777
151695
150615
149534
148441
147331
146195
145023
143810
142565
141300
140026
138753
137493
136255
135044
133860
132698
131550
130405
129253
128088
126906
125704
124479
123222
121932
120617
119298
117995
116719
115476
114265
113083
111919
110762
109599
108419
107215
105984
104722
103430
102106
100749
99357.3
97933.3
96485.5
95027.7
93574.3
92136.1
90720.1
89329.6
87964.6
86622.8
85301.9
83999.7
82713
81438
80171.2
78909.5
77651.1
76395.3
75140.6
73886
72631.3
71376.9
70123.5
68871.2
67618
66363.3
65107.4
63851.9
62598.1
61345.6
60094.5
58845.7
57599.5
56355.8
55114.4
53875.8
52640.5
51408.5
50179.7
48955.3
47736.6
46524.4
45318.9
44120.9
42931
41749.9
40577.9
39415.3
38261.7
37116.9
35980.8
34853.4
33734.9
32625.6
31526.4
30437.7
29360.1
28293.8
27239.8
26198
25168.7
206175
206137
206073
205983
205865
205718
205540
205329
205086
204809
204499
204155
203777
203366
202921
202447
201948
201429
200891
200336
199767
199184
198589
197979
197355
196715
196057
195380
194682
193965
193228
192474
191703
190920
190125
189324
188521
187715
186907
186097
185287
184475
183658
182832
181997
181152
180300
179443
178583
177716
176845
175973
175106
174246
173389
172532
171668
170793
169907
169010
168106
167192
166269
165336
164387
163420
162431
161421
160390
159342
158280
157208
156130
155048
153968
152892
151820
150750
149677
148592
147488
146358
145189
143977
142726
141451
140164
138880
137609
136360
135142
133954
132792
131649
130509
129354
128175
126973
125749
124507
123242
121948
120634
119317
118014
116738
115493
114275
113081
111900
110723
109541
108345
107129
105889
104623
103328
102003
100647
99260.4
97846.1
96412.9
94973.4
93539.3
92119.2
90718.7
89341
87986.1
86652.4
85338.4
84041.9
82760.1
81489.2
80225.7
78966.8
77710.3
76455.4
75201.1
73946.7
72692.2
71437.9
70185.3
68933.2
67680.7
66426.7
65171.8
63917.4
62663.7
61410.9
60158.9
58908.8
57660.8
56414.8
55170.8
53929.3
52691.3
51456.2
50224.3
48996.8
47775.3
46560.6
45353.3
44154
42963.2
41781.3
40608.9
39446.1
38292.4
37147.6
36011.3
34883.4
33764
32653.3
31551.8
30460
29378.3
28307.3
27248.4
26202
25169
207803
207760
207687
207583
207450
207287
207092
206864
206600
206298
205956
205572
205148
204685
204185
203655
203100
202528
201941
201339
200723
200095
199455
198802
198134
197451
196752
196035
195300
194547
193775
192988
192186
191371
190546
189714
188881
188047
187211
186374
185537
184701
183862
183019
182171
181318
180461
179601
178740
177874
177004
176131
175259
174391
173527
172663
171792
170911
170018
169117
168208
167290
166361
165418
164459
163483
162487
161473
160441
159394
158335
157267
156193
155118
154046
152978
151912
150847
149776
148693
147591
146463
145299
144091
142844
141568
140276
138985
137708
136452
135228
134037
132877
131738
130602
129445
128253
127029
125783
124523
123251
121958
120648
119334
118032
116754
115504
114276
113065
111866
110669
109467
108255
107027
105779
104508
103211
101886
100533
99152.5
97750.4
96334.6
94915.3
93501.7
92100.5
90716.6
89353
88010.2
86686.8
85381.3
84091.5
82814.7
81547.7
80287.1
79030.3
77774.5
76519.3
75264.8
74010.2
72754.4
71499.3
70246.7
68995.6
67744.3
66491.9
65239.1
63987
62735.7
61484.1
60232.5
58981.8
57732.8
56484.8
55237.8
53993.1
52751.3
51512.2
50276.1
49044.8
47820
46602.9
45393.9
44193.3
43001.6
41819.2
40646.4
39483.2
38329.3
37184.4
36047.9
34919.6
33799.3
32687.3
31583.9
30489.2
29403.9
28328.3
27264.3
26212.8
25174.7
209414
209363
209273
209147
208988
208797
208573
208314
208015
207672
207283
206845
206362
205837
205275
204687
204080
203460
202827
202183
201527
200858
200178
199485
198780
198060
197326
196577
195813
195031
194232
193420
192594
191756
190908
190055
189201
188345
187489
186632
185776
184920
184063
183204
182343
181481
180616
179750
178882
178011
177137
176260
175380
174503
173629
172753
171872
170984
170086
169181
168268
167347
166413
165464
164499
163517
162519
161504
160473
159429
158373
157308
156238
155167
154098
153032
151966
150898
149825
148740
147636
146508
145348
144148
142910
141640
140351
139062
137784
136524
135295
134101
132938
131798
130661
129499
128298
127058
125797
124526
123248
121958
120655
119346
118046
116765
115507
114268
113043
111826
110611
109393
108166
106927
105672
104395
103095
101769
100419
99046.8
97658.4
96260.5
94861
93467
92084.1
90716.9
89368.2
88038.6
86726.5
85429.7
84146.4
82873.7
81609.4
80350.5
79094
77837.8
76581.2
75324.9
74068.2
72811
71555.2
70302.7
69053
67803.9
66554.2
65305
64056.7
62809.5
61561.8
60312.4
59063.1
57814.2
56564.8
55315.3
54067
52820.7
51576.7
50335.8
49100.2
47872.1
46652.6
45442
44240.3
43047.9
41865
40691.6
39527.7
38373.3
37228
36091.3
34962.5
33841.5
32728.3
31623
30525.8
29437.1
28357.4
27288.6
26231.6
25187.9
211014
210949
210833
210671
210468
210229
209955
209645
209293
208898
208453
207957
207413
206826
206206
205569
204920
204260
203588
202907
202214
201510
200794
200067
199328
198577
197814
197039
196250
195446
194628
193796
192952
192097
191233
190364
189492
188620
187748
186875
186003
185132
184260
183387
182513
181640
180766
179890
179013
178133
177252
176367
175480
174593
173705
172817
171924
171027
170124
169214
168298
167372
166434
165481
164513
163530
162532
161519
160492
159451
158398
157336
156267
155196
154127
153059
151989
150915
149836
148745
147638
146508
145351
144159
142932
141672
140393
139110
137835
136575
135342
134143
132974
131826
130682
129513
128305
127058
125790
124515
123237
121952
120656
119354
118055
116770
115504
114255
113017
111786
110557
109325
108085
106835
105571
104287
102983
101657
100312
98949.5
97575.2
96194.3
94812.9
93437.1
92072
90721.9
89388.9
88072.8
86771.6
85482.8
84204.3
82934.2
81670.7
80411.5
79154
77895.5
76635.9
75376.7
74117.9
72859.1
71602.8
70351.1
69104
67858.5
66613.2
65368.7
64125.7
62884.1
61641.7
60397.1
59151.6
57904.2
56654.7
55403.3
54151.7
52900.6
51651.1
50404.9
49164.8
47933.3
46711.6
45499.7
44297.2
43104.1
41920.6
40746.3
39581.4
38425.9
37279.7
36142.2
35012.8
33890.8
32776.3
31669.2
30569.7
29478
28394.7
27321.3
26259.2
25209.7
212621
212534
212381
212167
211902
211594
211247
210865
210446
209987
209484
208932
208334
207694
207028
206352
205669
204975
204270
203554
202827
202089
201341
200583
199815
199037
198250
197452
196643
195820
194985
194137
193278
192409
191532
190649
189764
188877
187991
187104
186219
185334
184449
183564
182679
181793
180908
180023
179135
178246
177354
176461
175565
174667
173767
172865
171960
171053
170143
169229
168307
167376
166434
165479
164510
163528
162532
161521
160497
159460
158410
157349
156281
155210
154138
153065
151989
150909
149822
148725
147612
146480
145324
144138
142920
141672
140405
139132
137863
136605
135371
134167
132990
131832
130675
129497
128283
127034
125766
124494
123220
121940
120652
119356
118060
116772
115499
114240
112991
111749
110507
109262
108010
106749
105476
104187
102880
101555
100216
98863.6
97502.5
96136.9
94772
93413.4
92065.9
90733
89415.5
88112.3
86820.7
85538
84262.4
82993.1
81728.5
80467.1
79206.6
77945
76681.6
75419.3
74158.3
72899
71643.2
70393.5
69149.9
67909.6
66670.1
65431.7
64195.2
62960.1
61724.2
60486
59245.4
58002
56754.1
55501.9
54247.4
52991.6
51736.5
50484.9
49240.3
48005.6
46781.8
45568.6
44365.2
43171.4
41987.1
40811.8
39645.3
38488.1
37340.2
36201.3
35070.5
33947.3
32831.3
31722.6
30620.9
29526.6
28440.1
27362.7
26295.9
25240.9
214244
214130
213927
213649
213307
212914
212480
212011
211511
210983
210421
209818
209175
208493
207789
207078
206364
205640
204902
204151
203391
202621
201842
201054
200259
199457
198648
197831
197004
196165
195315
194453
193580
192699
191809
190914
190018
189119
188220
187322
186424
185528
184631
183735
182838
181942
181046
180149
179251
178351
177450
176546
175640
174731
173819
172904
171988
171071
170153
169232
168305
167369
166422
165465
164496
163515
162521
161513
160492
159457
158409
157350
156282
155209
154134
153056
151975
150888
149794
148689
147571
146435
145278
144096
142885
141649
140395
139133
137871
136620
135387
134179
132995
131825
130655
129465
128245
126997
125732
124464
123196
121922
120641
119351
118057
116768
115489
114221
112963
111709
110457
109201
107939
106668
105387
104093
102786
101465
100132
98789.1
97440.2
96088.7
94739.2
93397.2
92066.8
90750.2
89447.1
88155.1
86871.1
85592.3
84317.3
83046.7
81779.7
80515.1
79250.5
77984.7
76718.4
75453.7
74191.6
72933
71679.4
70433.3
69194.8
67961
66728.5
65497
64267.2
63038.7
61809.6
60578.4
59344.4
58106.4
56862.1
55610.9
54354.2
53094.4
51833.9
50576.9
49327.8
48089.8
46863.7
45648.9
44444.4
43249.8
42064.4
40887.7
39719.2
38559.8
37409.6
36268.4
35135.7
34010.7
32893.1
31782.7
30679.3
29583
28493.8
27413
26342
25282
215880
215732
215468
215109
214677
214188
213659
213099
212517
211917
211297
210647
209962
209245
208507
207763
207017
206261
205491
204708
203916
203114
202305
201490
200670
199846
199017
198182
197339
196485
195621
194746
193861
192968
192068
191164
190256
189348
188438
187529
186621
185713
184806
183899
182992
182084
181178
180270
179362
178453
177541
176627
175710
174790
173866
172940
172014
171087
170161
169232
168297
167355
166404
165445
164476
163496
162503
161497
160477
159443
158398
157340
156272
155198
154119
153037
151951
150858
149757
148645
147522
146382
145224
144044
142839
141612
140369
139117
137865
136621
135393
134183
132992
131812
130629
129428
128201
126952
125692
124429
123165
121896
120619
119334
118043
116753
115469
114194
112928
111666
110404
109140
107869
106591
105305
104009
102702
101385
100059
98725.5
97387.9
96049.6
94715
93388.9
92074.6
90772.8
89481.8
88198.7
86920
85642.9
84366.8
83092.8
81822.4
80553.9
79285.3
78016.3
76747.8
75482.1
74221
72965
71715.7
70475.4
69244.1
68017.8
66793
65568.3
64344.9
63122.3
61899.6
60675.2
59448.5
58217.3
56978.1
55729.2
54472
53209
51943.9
50681.6
49427.8
48185.8
46956.6
45739.3
44533.1
43337.2
42150.6
40972.2
39801.7
38639.7
37486.8
36342.9
35207.6
34080.6
32961.3
31849.5
30744.8
29647
28555.9
27472.3
26397.7
25333.2
217532
217336
216989
216530
215993
215403
214779
214131
213470
212801
212122
211424
210697
209945
209175
208401
207624
206838
206039
205227
204404
203573
202735
201894
201050
200205
199358
198507
197649
196782
195905
195018
194122
193219
192310
191397
190480
189562
188643
187724
186807
185890
184973
184056
183139
182222
181305
180388
179470
178551
177630
176705
175778
174847
173913
172977
172041
171105
170169
169231
168288
167339
166384
165423
164454
163474
162481
161475
160455
159423
158378
157321
156253
155177
154096
153011
151921
150823
149716
148599
147470
146327
145167
143987
142786
141566
140331
139090
137849
136613
135390
134181
132986
131796
130601
129388
128155
126906
125648
124389
123128
121863
120588
119305
118016
116726
115439
114160
112887
111618
110350
109079
107802
106519
105230
103933
102629
101316
99996.7
98672.4
97345.6
96019.8
94699.3
93388.1
92088.2
90798.8
89517.3
88240.2
86964.4
85687.4
84408.8
83131
81856.2
80583.9
79312.5
78041.6
76772.9
75508.4
74249.8
72998.5
71756.1
70524
69301.5
68084.2
66867.2
65649
64430.8
63213.1
61995.6
60777.6
59558.1
58334.5
57101.7
55856.4
54600.2
53335.4
52066.1
50798.6
49539.3
48292
47058.1
45837.1
44628.3
43430.6
42242.7
41062.5
39889.7
38725.1
37569.5
36423
35285.2
34156
33035.2
31922.3
30816.9
29718.4
28626
27540.2
26462.6
25394.1
219207
218940
218476
217893
217239
216546
215829
215099
214363
213626
212887
212138
211369
210582
209785
208983
208179
207366
206542
205706
204856
203998
203135
202268
201402
200537
199673
198808
197936
197056
196167
195270
194364
193453
192536
191614
190688
189762
188835
187908
186982
186057
185132
184206
183281
182354
181428
180501
179574
178646
177715
176781
175844
174904
173961
173016
172070
171125
170180
169233
168282
167326
166367
165403
164431
163450
162456
161449
160429
159397
158353
157296
156227
155150
154068
152980
151886
150784
149672
148551
147417
146271
145109
143929
142730
141514
140288
139056
137824
136597
135379
134172
132973
131776
130570
129348
128109
126859
125603
124346
123087
121822
120549
119267
117979
116689
115401
114118
112842
111569
110296
109020
107740
106454
105163
103868
102566
101258
99945.3
98629.5
97313
95998.9
94691.4
93393.5
92105.8
90826.2
89551.2
88277.4
87002.2
85724
84442.8
83161.5
81882.6
80607.2
79334.4
78063.9
76796.8
75535.5
74282
73037.9
71804.6
70582.9
69370.6
68162.4
66952.9
65740.5
64526.4
63312.3
62099
60886
59673.4
58457.6
57232.1
55991.8
54737.5
53472.2
52199.4
50926.3
49659.9
48405.3
47164.6
45938.4
44726.3
43526.5
42336.7
41154.6
39979.6
38812.7
37655
36506.5
35366.8
34236
33114
32000.5
30894.7
29795.9
28702.8
27615.3
26535.2
25463.5
220937
220536
219913
219181
218403
217606
216802
215993
215186
214383
213582
212782
211973
211158
210336
209510
208684
207851
207005
206146
205275
204391
203503
202613
201726
200843
199963
199086
198202
197310
196410
195502
194588
193669
192745
191815
190882
189948
189014
188080
187147
186214
185281
184348
183415
182481
181546
180610
179674
178738
177798
176856
175910
174961
174010
173057
172102
171148
170193
169237
168279
167317
166353
165385
164410
163427
162431
161422
160401
159369
158324
157266
156197
155120
154035
152945
151848
150742
149627
148501
147364
146215
145051
143871
142673
141461
140241
139017
137793
136574
135361
134155
132954
131750
130535
129305
128062
126812
125557
124301
123042
121777
120504
119222
117935
116645
115357
114073
112795
111519
110243
108964
107683
106396
105106
103811
102513
101210
99903.8
98596.1
97289.2
95986
94690.1
93403.5
92125.4
90852.7
89581.4
88308.5
87032.4
85752.5
84469.3
83185.3
81903.8
80626.8
79354.3
78085.8
76822.4
75566.6
74320.1
73085.2
71863
70653.2
69451.8
68252.6
67050
65842.4
64631.7
63420.6
62210.4
61001.5
59794.6
58586.4
57368.2
56133.6
54882.8
53617.8
52341.6
51061.5
49786
48521.6
47272.1
46039.4
44823.1
43620.6
42428.7
41244.6
40067.6
38898.9
37739.9
36590.5
35450.3
34318.8
33196.2
32082.3
30976.5
29877.5
28783.7
27695
26613
25538.8
222751
222127
221279
220377
219472
218575
217688
216806
215931
215063
214208
213364
212520
211678
210833
209988
209145
208293
207428
206550
205658
204754
203843
202932
202025
201127
200234
199344
198449
197545
196634
195718
194796
193870
192939
192002
191062
190120
189180
188240
187300
186361
185422
184482
183542
182601
181658
180715
179771
178826
177878
176928
175975
175019
174060
173099
172136
171173
170209
169246
168280
167313
166343
165370
164392
163405
162406
161395
160373
159339
158293
157235
156165
155087
154001
152908
151808
150700
149581
148451
147311
146159
144993
143813
142617
141408
140193
138976
137758
136545
135336
134131
132927
131717
130495
129260
128015
126764
125510
124254
122995
121729
120455
119174
117887
116598
115310
114026
112747
111470
110192
108913
107631
106345
105056
103764
102469
101171
99870.9
98571
97273.1
95980
94694.1
93416.4
92145.2
90876.6
89606.7
88333.2
87055.4
85773.9
84489.5
83204.4
81922.2
80645.6
79375.3
78110.6
76852.3
75603.6
74366.4
73142.5
71932.7
70735.3
69544.7
68353.4
67156.5
65952.8
64745
63536.3
62328.5
61123
59921.2
58719.8
57508.9
56280.4
55033.9
53769.9
52489.5
51200.3
49913
48636.6
47376.7
46136.5
44915.1
43709.1
42514.6
41328.5
40149.9
38980.2
37821.1
36672.4
35533.2
34402.3
33279.8
32165.7
31059.7
29960.2
28865.7
27775.7
26692.4
25616.6
224769
223683
222546
221461
220431
219442
218480
217534
216599
215678
214777
213893
213018
212149
211282
210423
209561
208691
207810
206917
206007
205084
204154
203225
202303
201391
200486
199584
198678
197763
196842
195917
194989
194056
193118
192175
191228
190280
189333
188387
187442
186497
185553
184607
183661
182713
181764
180814
179863
178910
177955
176998
176038
175076
174110
173142
172171
171200
170229
169258
168286
167312
166337
165359
164376
163385
162383
161369
160345
159310
158263
157203
156133
155053
153965
152871
151768
150656
149534
148401
147258
146103
144936
143756
142561
141357
140146
138934
137721
136512
135305
134100
132893
131678
130451
129213
127966
126715
125462
124206
122945
121678
120404
119123
117838
116550
115263
113980
112701
111423
110145
108866
107585
106300
105013
103723
102432
101139
99845.2
98552.9
97263.7
95979.6
94702.1
93430.9
92163.6
90896.6
89626.5
88351.7
87072.6
85790.1
84505.8
83221.7
81941
80666.5
79400
78140.3
76888.6
75648.1
74421.4
73209.9
72013.2
70828
69646.6
68461.8
67269.3
66068.8
64863.9
63657.5
62451.6
61248.9
60051.4
58856.5
57652.6
56430.2
55188.3
53925.2
52638.7
51338
50036.7
48746.4
47475
46226.3
44999
43788.7
42590.9
41402.7
40223.1
39053.8
37896
36749.5
35612.6
34483.6
33361.9
32247.8
31141.2
30040.7
28945
27853.9
26769.5
25693
226923
225061
223649
222410
221277
220211
219183
218180
217195
216229
215289
214373
213472
212577
211689
210809
209933
209048
208151
207242
206320
205382
204439
203496
202562
201638
200724
199810
198893
197969
197039
196106
195172
194234
193289
192339
191386
190432
189479
188527
187577
186627
185678
184727
183775
182822
181867
180910
179952
178993
178031
177067
176101
175133
174160
173185
172208
171230
170251
169273
168294
167315
166334
165351
164362
163366
162360
161344
160317
159280
158232
157171
156099
155018
153928
152831
151726
150611
149486
148350
147204
146047
144878
143697
142505
141304
140098
138890
137681
136474
135268
134062
132851
131632
130401
129160
127913
126663
125410
124153
122891
121623
120349
119069
117785
116500
115215
113933
112654
111376
110099
108821
107540
106258
104973
103687
102399
101111
99824.4
98540
97259.5
95983.8
94713.2
93446.3
92180.8
90913.6
89642.5
88366.7
87087.1
85805
84522.3
83240.7
81963.7
80694
79432.9
78179.4
76935.7
75705.6
74491.3
73293.5
72110.6
70936.8
69763.3
68583.2
67394
66196.7
64995.1
63791
62587.4
61387.5
60195.3
59007.5
57810.6
56594.2
55356.7
54092.8
52797.6
51482.1
50163.7
48857.2
47572.3
46313.4
45078.6
43862.5
42660.8
41470.4
40290.7
39123.1
37968.4
36825.8
35692.9
34566.9
33446.8
32332.7
31224.9
30122.6
29024.9
27932.8
26847.8
25771.4
228318
226259
224667
223305
222077
220935
219846
218793
217767
216765
215794
214849
213922
212999
212087
211187
210294
209393
208480
207556
206622
205673
204718
203765
202820
201887
200962
200039
199112
198177
197238
196298
195358
194413
193463
192506
191546
190585
189626
188669
187713
186759
185805
184849
183892
182932
181971
181009
180044
179079
178111
177140
176168
175192
174214
173233
172249
171264
170278
169293
168307
167321
166334
165345
164351
163349
162339
161319
160289
159250
158200
157137
156064
154980
153889
152789
151680
150562
149433
148295
147146
145987
144817
143637
142447
141249
140048
138843
137637
136431
135224
134015
132800
131576
130342
129101
127855
126606
125353
124095
122832
121564
120290
119011
117730
116447
115165
113885
112606
111329
110053
108776
107498
106218
104936
103653
102370
101088
99808.6
98532.6
97260.7
95992.4
94726.7
93461.6
92195.5
90927.1
89655.3
88379.9
87101.5
85821.3
84542
83265.6
81994.9
80731.8
79477.3
78231.8
76998.1
75780.2
74579.6
73396
72225.4
71060.4
69891.3
68713.2
67525.7
66332
65134.3
63932.9
62731.7
61536.3
60351.2
59171.2
57980.5
56768.3
55533.3
54265.5
52957.6
51624.4
50287.1
48962.7
47662.5
46391.3
45146.5
43923
42716.4
41524
40345.4
39181.4
38031.9
36895
35767.2
34644.9
33526.9
32412.9
31303
30197.6
29097.1
28003.7
26918.5
25843.1
229378
227331
225653
224200
222892
221680
220533
219431
218365
217328
216320
215343
214384
213438
212504
211582
210662
209740
208813
207878
206929
205971
205006
204045
203092
202151
201216
200283
199343
198398
197449
196502
195555
194605
193647
192682
191713
190745
189780
188818
187858
186898
185939
184977
184014
183049
182082
181112
180142
179170
178195
177218
176238
175256
174272
173285
172296
171304
170310
169317
168324
167331
166338
165342
164342
163335
162319
161295
160262
159220
158167
157102
156027
154941
153847
152744
151632
150510
149378
148236
147085
145925
144755
143575
142387
141193
139995
138794
137589
136383
135173
133960
132741
131513
130278
129038
127793
126545
125293
124035
122771
121503
120230
118954
117675
116395
115115
113837
112560
111284
110009
108735
107459
106182
104903
103624
102346
101070
99798.6
98530.9
97266.6
96003.8
94740.5
93475
92207.1
90937.6
89666.5
88393.2
87118.1
85841.9
84567.8
83298.1
82035
80779.8
79533.1
78296.6
77074.1
75869
74681.8
73509.6
72347.2
71185.4
70014.8
68834.8
67648
66457.6
65264.1
64065.6
62868.1
61679.8
60504.2
59332.5
58145.3
56933.6
55696.9
54421
53097.7
51747
50391.8
49050.4
47735
46450.4
45194.2
43961.7
42749.7
41555.9
40379.5
39220.5
38077.3
36946.8
35824
34705
33589.3
32475.6
31363.4
30253.9
29150
28055.1
26969.8
25896.3
230272
228302
226596
225086
223716
222445
221246
220098
218992
217919
216876
215863
214872
213898
212938
211989
211047
210105
209157
208207
207249
206281
205310
204342
203381
202429
201484
200538
199588
198632
197674
196719
195765
194808
193841
192868
191891
190916
189944
188976
188011
187046
186080
185113
184144
183172
182197
181221
180244
179265
178285
177300
176314
175325
174335
173343
172348
171349
170348
169346
168344
167345
166345
165343
164336
163323
162301
161272
160236
159191
158135
157067
155988
154900
153802
152696
151580
150454
149319
148175
147022
145861
144691
143512
142327
141136
139940
138741
137537
136330
135117
133899
132676
131446
130211
128972
127730
126483
125230
123973
122710
121442
120171
118897
117620
116343
115066
113790
112515
111241
109968
108696
107423
106149
104874
103599
102327
101058
99794.4
98534.5
97276.3
96017
94754
93486.9
92217.3
90947.9
89679.2
88410.1
87140.4
85870.3
84602.7
83340.4
82085.9
80839.2
79601.2
78374.3
77163.7
75970.8
74794.3
73629.1
72468.6
71303.2
70125.5
68940.4
67753.1
66565.4
65375.1
64179.8
62988.4
61811
60647.5
59483.5
58296.4
57080.2
55837.6
54549.6
53209.8
51843.6
50473.2
49116.8
47786.7
46488.4
45220
43977.8
42759.9
41564.9
40391.5
39238.5
38102.5
36978.2
35859.5
34743.1
33629.5
32516.8
31402.4
30288.3
29180.6
28084
26998.9
25927.6
231076
229191
227493
225954
224540
223223
221978
220789
219644
218535
217460
216413
215390
214385
213396
212421
211454
210488
209523
208555
207583
206606
205627
204652
203683
202721
201764
200806
199843
198876
197910
196947
195987
195020
194045
193062
192077
191096
190117
189144
188172
187202
186231
185256
184280
183301
182319
181336
180352
179367
178379
177387
176393
175399
174404
173407
172405
171398
170389
169379
168370
167363
166356
165348
164334
163314
162287
161253
160212
159163
158103
157031
155949
154857
153756
152645
151525
150395
149257
148111
146957
145796
144626
143449
142266
141077
139883
138685
137481
136271
135055
133834
132608
131377
130144
128906
127665
126419
125167
123909
122647
121382
120112
118841
117567
116293
115019
113745
112472
111200
109930
108660
107390
106119
104848
103579
102313
101052
99796.2
98543.3
97289.5
96031.5
94767.7
93499.1
92229.3
90961.7
89697.1
88434.4
87171.5
85908.7
84648.6
83394.5
82148.4
80910.2
79680.8
78463.8
77264.5
76081.9
74911.4
73746.4
72580.7
71404.9
70215.5
69022.6
67833.2
66646.7
65458
64266.1
63084
61921.5
60771.8
59613.7
58421.9
57197.1
55945.5
54643.2
53287.5
51909.1
50527.3
49158.8
47815.3
46503.7
45223.2
43971.3
42747.5
41550.9
40380.5
39233.8
38105.1
36987
35871.5
34756.8
33645.2
32533.8
31417.3
30298.3
29186.9
28088.8
27004.3
25936
231829
230021
228347
226799
225359
224006
222724
221498
220318
219177
218069
216990
215935
214901
213883
212880
211886
210897
209911
208926
207939
206951
205963
204978
203999
203026
202056
201085
200109
199131
198155
197185
196217
195241
194256
193266
192274
191285
190301
189322
188344
187368
186389
185408
184424
183437
182447
181457
180466
179474
178478
177479
176479
175478
174478
173475
172466
171452
170434
169416
168399
167385
166371
165356
164336
163309
162275
161236
160190
159137
158072
156996
155909
154813
153708
152593
151467
150333
149192
148045
146891
145730
144561
143385
142203
141016
139824
138626
137420
136208
134989
133765
132538
131308
130076
128841
127600
126354
125102
123845
122585
121321
120054
118785
117515
116244
114973
113702
112431
111162
109894
108627
107361
106094
104827
103564
102306
101053
99804.8
98557.4
97306.1
96047.9
94783.2
93514.8
92247
90983.5
89724.7
88469.1
87213.8
85958.8
84706.7
83460.7
82222.1
80991.5
79770.1
78563
77373.4
76197
75026.3
73853.7
72675.2
71483.8
70279.9
69077.6
67884.2
66695.5
65505
64316.4
63147
62002
60865.6
59709.6
58508.7
57272.6
56011
54695.5
53327.2
51940.6
50551
49173.4
47818.5
46495.3
45204
43943.4
42713.9
41515.1
40346.4
39204.7
38083.3
36971.3
35859.1
34745.7
33635.7
32525.4
31406.9
30283.2
29168.5
28069.8
26986.9
25922.1
232550
230809
229166
227621
226167
224790
223479
222222
221011
219838
218699
217590
216505
215442
214396
213366
212346
211334
210326
209322
208319
207317
206317
205320
204329
203343
202359
201373
200384
199396
198411
197432
196454
195468
194474
193476
192479
191485
190495
189509
188525
187541
186555
185567
184576
183580
182583
181584
180585
179585
178582
177576
176568
175562
174556
173547
172531
171510
170484
169457
168433
167411
166391
165369
164342
163308
162268
161222
160171
159112
158042
156961
155869
154768
153659
152539
151409
150272
149128
147980
146826
145665
144497
143322
142141
140954
139762
138562
137355
136140
134920
133695
132468
131240
130009
128775
127534
126288
125037
123781
122522
121260
119997
118731
117464
116197
114929
113660
112393
111127
109862
108598
107335
106073
104813
103557
102307
101062
99820.8
98577
97326.4
96067.7
94803.4
93537.5
92274.8
91017.7
89766.1
88517.1
87268.9
86021.4
84776.9
83538.1
82306.7
81082.7
79868.4
78669.8
77487.1
76311.1
75132.2
73943.7
72745.9
71536
70317
69105.5
67905.8
66709.9
65513
64326.8
63170.7
62043.4
60918.1
59760.1
58547.2
57299.5
56028.6
54702.8
53326.5
51936.3
50541.9
49158.3
47794.9
46462.6
45163
43895.6
42661.1
41459.7
40290.8
39152
38035.9
36930.5
35822.7
34711
33601.8
32491.8
31371
30243.3
29126.4
28028.1
26948.2
25887.8
233252
231567
229956
228423
226963
225571
224237
222955
221716
220516
219349
218211
217098
216007
214934
213876
212831
211795
210766
209742
208721
207704
206690
205679
204673
203672
202673
201673
200672
199673
198679
197688
196696
195699
194698
193694
192692
191693
190697
189702
188710
187719
186726
185731
184732
183729
182722
181715
180709
179701
178689
177675
176661
175649
174637
173621
172599
171570
170537
169503
168471
167442
166415
165386
164351
163310
162262
161210
160154
159089
158013
156926
155829
154723
153610
152486
151353
150213
149068
147919
146765
145605
144437
143261
142079
140891
139697
138496
137287
136072
134851
133627
132402
131175
129944
128709
127469
126222
124972
123717
122460
121201
119941
118678
117415
116151
114886
113622
112358
111095
109833
108573
107315
106059
104807
103560
102318
101081
99844.4
98602.3
97351.7
96093.5
94831.8
93571.4
92316.2
91067.4
89822.8
88580
87337.7
86096.3
84858.1
83626.4
82402.1
81184.9
79977.6
78785.5
77605.1
76421.6
75224.5
74011.4
72790
71561
70328.1
69109.4
67902.2
66694.3
65485.9
64296.9
63150.8
62036.9
60918.1
59755.3
58530.8
57274.2
55997.5
54665.3
53285.2
51895.4
50499.3
49112.4
47743.3
46405.5
45100.9
43829.8
42592.5
41388.8
40218.3
39079.1
37965.5
36865.5
35763.4
34654.7
33546
32435.1
31312
30181.5
29063.5
27966.8
26891.1
25835.8
233941
232304
230724
229205
227746
226345
224996
223693
222432
221207
220014
218849
217710
216592
215493
214410
213340
212280
211229
210185
209146
208112
207082
206056
205034
204017
203003
201989
200976
199965
198958
197953
196947
195940
194930
193921
192914
191907
190901
189897
188896
187897
186898
185896
184889
183878
182862
181847
180833
179817
178798
177775
176755
175738
174719
173697
172668
171632
170593
169552
168513
167477
166442
165405
164363
163314
162258
161200
160137
159066
157984
156890
155788
154678
153562
152435
151299
150157
149011
147862
146708
145548
144379
143202
142017
140827
139631
138429
137220
136005
134786
133564
132340
131113
129881
128645
127404
126158
124908
123655
122401
121145
119887
118628
117369
116108
114847
113586
112326
111068
109810
108555
107303
106055
104812
103574
102341
101110
99875.5
98634.1
97384.2
96128.7
94872.1
93619.8
92373.2
91132.1
89893.4
88655.2
87417.9
86181.9
84950
83724.9
82507.7
81297.9
80098
78911.4
77727.9
76528.1
75302.2
74056.2
72808.3
71561
70316.6
69092.4
67878.5
66655.9
65430.9
64231.4
63085.4
61975.8
60857.8
59689.1
58455.2
57194.1
55917.8
54584.4
53205.1
51818.9
50423.9
49035.9
47664.5
46324.6
45019.1
43748.3
42511.1
41306.6
40134.2
38992.4
37877.3
36779.7
35683.4
34579.6
33471.9
32359
31233.7
30101.7
28984.2
27890.4
26819.7
25769.7
234622
233025
231473
229970
228517
227112
225752
224434
223153
221907
220691
219502
218338
217195
216071
214963
213869
212786
211713
210649
209591
208539
207492
206450
205412
204379
203349
202322
201295
200271
199249
198230
197211
196193
195177
194160
193143
192125
191108
190093
189083
188076
187068
186059
185045
184025
183001
181979
180957
179932
178905
177878
176852
175827
174803
173774
172738
171697
170652
169605
168558
167513
166470
165426
164376
163318
162255
161189
160119
159041
157952
156853
155746
154633
153514
152385
151247
150103
148957
147808
146654
145492
144321
143141
141955
140762
139564
138362
137153
135941
134724
133504
132281
131052
129820
128583
127342
126097
124848
123597
122345
121092
119837
118582
117326
116069
114812
113556
112301
111047
109796
108547
107303
106064
104831
103602
102376
101148
99914.8
98673.7
97426.4
96176
94927.3
93683.3
92443.9
91207.6
89972.5
88737.7
87504.1
86273.2
85047.2
83828.2
82616.8
81413.6
80220.3
79037.6
77846.8
76624.6
75364.1
74080
72803.7
71538.6
70284.5
69056.5
67837.6
66600.8
65355.9
64138.2
62979
61860.4
60736.5
59561.6
58322.6
57061.1
55790.3
54462.5
53089.9
51709.6
50318.5
48931.6
47561.6
46223.5
44921.1
43653.8
42419.8
41216.5
40043.2
38898.1
37779
36679.9
35587
34488.8
33383.1
32268.7
31141.4
30009.9
28894.9
27804.9
26739.2
25694.4
235297
233734
232208
230721
229275
227870
226503
225173
223877
222612
221376
220166
218979
217813
216665
215534
214417
213312
212218
211132
210055
208984
207919
206860
205806
204757
203711
202668
201628
200590
199554
198521
197490
196460
195432
194405
193377
192348
191320
190295
189274
188256
187239
186220
185197
184168
183138
182109
181079
180048
179014
177981
176949
175919
174886
173850
172808
171762
170712
169658
168602
167549
166498
165446
164387
163321
162250
161175
160097
159012
157918
156814
155703
154588
153466
152335
151195
150050
148903
147753
146598
145434
144261
143080
141891
140697
139499
138297
137090
135879
134664
133445
132221
130992
129759
128522
127282
126039
124792
123544
122294
121043
119792
118540
117287
116035
114783
113532
112283
111037
109793
108553
107318
106090
104866
103645
102423
101196
99962.5
98722.9
97479.7
96236.6
94995.9
93757.6
92521.4
91285.9
90050.6
88817.6
87586.8
86359.2
85136.2
83921
82712.4
81512.5
80323.8
79142.5
77942.7
76698
75404.2
74083
72779.1
71497.2
70233.4
69002.6
67779.9
66530.8
65267.2
64027.2
62842.2
61699.6
60560.5
59378.7
58140.3
56882.5
55621
54304.7
52944.3
51572.3
50187.9
48805.2
47440.4
46107.7
44811.8
43550.9
42322
41121.8
39948.8
38801.1
37677.5
36574.3
35481.4
34387.1
33284.1
32169.1
31042.1
29913.9
28803.1
27717.8
26656.4
25615.7
235912
234377
232872
231399
229961
228558
227188
225850
224543
223265
222012
220785
219579
218393
217226
216074
214937
213812
212699
211595
210499
209412
208330
207255
206185
205121
204060
203003
201949
200898
199849
198804
197760
196719
195679
194640
193602
192563
191526
190491
189459
188430
187402
186372
185341
184305
183269
182232
181196
180158
179118
178078
177040
176003
174964
173921
172875
171823
170767
169706
168643
167581
166522
165462
164395
163321
162241
161158
160072
158982
157883
156776
155664
154546
153421
152288
151146
149999
148850
147699
146542
145377
144202
143020
141830
140636
139438
138236
137031
135821
134606
133388
132163
130935
129703
128468
127230
125988
124744
123498
122251
121003
119754
118505
117257
116009
114763
113519
112278
111040
109806
108577
107353
106133
104917
103700
102477
101249
100016
98779
97541.3
96304.5
95068.4
93830.3
92591.8
91352.6
90115
88880.7
87649.5
86421.3
85197.1
83980.3
82771.6
81571.8
80386
79204.7
77996.8
76734.2
75413.5
74063.3
72736.3
71439.5
70167.3
68932.6
67706.2
66446.8
65169.1
63906.9
62689.5
61512.8
60349.3
59158.3
57923.1
56672.4
55421.5
54121.6
52777.1
51415.7
50041
48667
47311.3
45986.7
44699.1
43445.8
42222.8
41026.5
39854.7
38705.6
37578.2
36469.9
35374.4
34281.3
33180.6
32066.9
30942.6
29820.1
28715.4
27635.6
26578.2
25540.8
236519
235008
233521
232063
230633
229232
227860
226517
225201
223911
222645
221401
220179
218975
217789
216619
215463
214319
213187
212065
210952
209847
208749
207658
206573
205492
204417
203346
202278
201213
200152
199093
198037
196984
195932
194882
193833
192785
191737
190692
189649
188608
187569
186529
185487
184444
183401
182358
181314
180269
179223
178176
177131
176086
175039
173991
172937
171881
170818
169751
168680
167611
166543
165476
164400
163317
162229
161139
160047
158951
157848
156738
155623
154504
153377
152241
151097
149947
148796
147643
146485
145318
144143
142960
141771
140577
139379
138178
136973
135763
134549
133330
132107
130880
129651
128418
127183
125944
124703
123459
122214
120969
119724
118479
117235
115993
114754
113518
112287
111061
109839
108622
107408
106196
104983
103764
102538
101308
100075
98840.5
97606.7
96371.2
95133
93889.3
92643.2
91397.7
90155.7
88916.9
87680.9
86447.4
85218.1
83996.1
82782.5
81580.6
80394.3
79212.6
77998.9
76723.5
75386.3
74019
72678
71370.7
70090.6
68850.5
67618.1
66350.4
65063.1
63781.3
62531.1
61316.4
60123
58919.3
57687
56443.8
55203.2
53921.5
52595.6
51247.8
49886.7
48526
47182.3
45867.9
44589.6
43343.7
42126.8
40934.4
39764.5
38614.8
37484.4
36371.4
35272.1
34178.2
33078.9
31968.1
30848.9
29733.5
28635.8
27561.5
26508.1
25473.8
237209
235720
234252
232806
231385
229987
228615
227267
225942
224640
223361
222101
220861
219639
218433
217243
216066
214902
213749
212607
211474
210350
209233
208124
207020
205923
204830
203742
202658
201578
200502
199428
198358
197290
196225
195162
194100
193040
191981
190924
189869
188815
187763
186711
185659
184606
183554
182502
181449
180395
179339
178284
177230
176177
175123
174065
173003
171938
170868
169793
168717
167640
166563
165485
164401
163310
162213
161116
160017
158915
157808
156696
155579
154457
153328
152189
151041
149890
148736
147581
146421
145253
144078
142896
141707
140514
139317
138116
136911
135702
134488
133271
132051
130827
129600
128371
127139
125904
124666
123426
122185
120944
119703
118464
117226
115991
114761
113537
112320
111108
109900
108696
107490
106279
105061
103836
102605
101370
100135
98900.8
97664.4
96422.4
95173.7
93919.2
92662.2
91408.5
90158.7
88911.9
87667.7
86425.6
85188.2
83957
82734.5
81526.3
80337.7
79152.8
77934.5
76654.2
75313.2
73943.5
72600.4
71290.6
70005.7
68757.7
67514.9
66239.5
64945.2
63649.9
62372.2
61121.8
59895.4
58675
57443.1
56205.3
54972.6
53709
52403.7
51073.3
49730.7
48386.9
47057.5
45754.8
44486.1
43247.7
42036.7
40848.4
39680.6
38530.7
37397.7
36280.7
35177.5
34082
32983.8
31876.8
30764.2
29656.7
28566
27496.8
26446.8
25415.7
237983
236515
235064
233631
232218
230824
229451
228099
226767
225454
224161
222886
221628
220387
219161
217949
216751
215565
214390
213226
212072
210926
209788
208658
207534
206416
205304
204198
203096
201998
200904
199814
198727
197643
196562
195483
194407
193333
192260
191189
190119
189052
187986
186921
185857
184793
183730
182666
181603
180538
179473
178406
177341
176276
175210
174141
173070
171995
170917
169836
168751
167666
166581
165491
164396
163297
162193
161090
159984
158876
157764
156648
155527
154402
153269
152127
150978
149824
148669
147512
146350
145182
144007
142825
141639
140447
139251
138052
136848
135641
134430
133215
131997
130777
129554
128328
127101
125871
124638
123404
122169
120934
119700
118467
117238
116014
114796
113587
112386
111190
109995
108799
107593
106375
105146
103909
102667
101424
100181
98937.7
97688.6
96432
95168.1
93899.7
92632.4
91369.6
90110.9
88855.3
87601.4
86349.4
85101.5
83859
82624.6
81407.6
80211
79018
77796.2
76519.8
75189
73832.9
72499.8
71197.5
69915.8
68659.7
67399.9
66115.6
64815.5
63511.8
62216.8
60940
59685.7
58446.8
57209.8
55973.4
54743.7
53494.6
52210.1
50901.7
49580.7
48255.1
46941
45651.4
44392.2
43161.5
41956.3
40772.1
39606.3
38456.3
37321.3
36200.6
35093.4
33996
32899.2
31796.8
30691.3
29591.9
28508
27443.4
26397
25368.9
238841
237391
235955
234534
233128
231738
230365
229009
227670
226347
225041
223751
222476
221215
219969
218736
217515
216307
215109
213921
212744
211575
210414
209261
208115
206975
205842
204714
203591
202474
201360
200251
199145
198043
196944
195848
194755
193664
192575
191489
190404
189322
188241
187161
186083
185006
183929
182852
181776
180699
179622
178544
177467
176389
175310
174229
173146
172061
170974
169884
168792
167697
166600
165500
164396
163288
162177
161064
159951
158836
157716
156595
155469
154339
153202
152059
150910
149756
148600
147440
146277
145108
143934
142754
141569
140380
139187
137991
136790
135585
134377
133166
131952
130736
129518
128298
127077
125854
124629
123403
122177
120951
119726
118504
117287
116076
114874
113681
112495
111310
110121
108920
107702
106466
105218
103962
102703
101445
100184
98921.6
97652.8
96379.1
95102.4
93823.6
92548
91278.7
90013.6
88750.8
87490
86229.8
84971.8
83716.2
82469.8
81242.1
80031.3
78824
77598.2
76331
75020.9
73690
72376.3
71088.5
69816.5
68555.6
67281
65985.8
64679.7
63371.5
62068
60777.2
59506.2
58253
57008.9
55769.5
54538.1
53298.1
52033
50747.4
49445.9
48137.4
46838.2
45561.6
44311.9
43088.8
41889.4
40709.1
39545.3
38395.6
37259.2
36135.7
35025
33925.1
32829.3
31731.6
30633.3
29541.5
28463.8
27403.7
26360.9
25336.1
239776
238341
236918
235506
234106
232719
231346
229987
228641
227309
225990
224686
223394
222115
220849
219595
218352
217120
215899
214687
213485
212291
211106
209929
208759
207596
206439
205289
204143
203004
201869
200738
199612
198490
197371
196256
195144
194035
192929
191825
190723
189624
188527
187431
186337
185245
184153
183062
181971
180881
179791
178701
177610
176519
175428
174335
173240
172144
171047
169948
168846
167742
166634
165524
164410
163294
162176
161055
159932
158807
157681
156551
155419
154283
153142
151997
150846
149692
148534
147374
146209
145040
143867
142690
141508
140323
139133
137940
136743
135543
134339
133133
131924
130714
129503
128292
127080
125868
124654
123440
122226
121013
119801
118593
117390
116194
115005
113822
112640
111452
110249
109028
107785
106523
105249
103969
102686
101404
100121
98838.2
97555.6
96273.4
94988.3
93703.5
92425
91154.4
89887.5
88622.5
87357.2
86092
84826.5
83561.7
82307.6
81069.6
79840.2
78611.7
77377.8
76121.1
74833.3
73530.5
72238.5
70966.2
69704.5
68442.2
67160.6
65858.1
64547.4
63235.6
61928.4
60632.4
59354.4
58094.7
56846
55603.8
54368.7
53133.5
51884.4
50616.5
49329.6
48036.5
46751.3
45486.3
44245.8
43030.2
41836.2
40659.5
39497.5
38348.2
37211.1
36085.9
34972.7
33870.5
32775
31681.1
30589
29503.4
28431.1
27374.9
26335.8
25314.6
240769
239346
237932
236527
235133
233748
232374
231011
229659
228318
226989
225671
224364
223068
221783
220508
219244
217989
216745
215509
214283
213064
211855
210652
209457
208270
207088
205914
204745
203581
202423
201270
200122
198978
197839
196703
195571
194442
193316
192194
191074
189956
188842
187729
186618
185509
184401
183295
182189
181085
179981
178877
177773
176669
175565
174460
173354
172247
171139
170029
168918
167804
166688
165570
164448
163325
162198
161070
159939
158806
157671
156533
155392
154249
153102
151953
150800
149643
148484
147321
146155
144986
143813
142638
141459
140277
139092
137904
136714
135521
134325
133128
131930
130732
129533
128334
127134
125936
124738
123540
122343
121147
119952
118758
117565
116373
115180
113983
112781
111567
110335
109082
107808
106516
105215
103907
102599
101296
99998.9
98708.6
97424
96140.5
94853.7
93569.8
92295.4
91028.2
89761.8
88496
87228.6
85959
84688.4
83418.8
82163.4
80920.6
79669.1
78413.5
77166.8
75916.1
74647.9
73369.2
72095.8
70835.5
69581.3
68320.2
67037.8
65734.4
64421
63107
61798
60501.1
59222.5
57961.7
56712.8
55470.2
54233.7
53001.7
51762.9
50504.9
49229.2
47949.5
46677.8
45423.7
44192.2
42983.6
41794.3
40620.8
39460
38311.2
37174
36047.8
34933
33829.1
32733.4
31642
30554.4
29473.8
28405.6
27353.1
26317.6
25300.1
241784
240370
238963
237564
236172
234788
233413
232047
230689
229340
228001
226671
225350
224039
222736
221443
220159
218884
217617
216359
215109
213867
212633
211406
210187
208975
207769
206570
205377
204189
203008
201832
200660
199494
198332
197175
196022
194873
193727
192585
191446
190310
189177
188046
186918
185792
184668
183545
182425
181305
180186
179069
177951
176835
175718
174601
173483
172365
171246
170126
169005
167882
166758
165631
164503
163372
162239
161104
159967
158827
157685
156541
155394
154245
153094
151940
150783
149624
148462
147297
146130
144960
143789
142615
141441
140265
139089
137912
136734
135557
134378
133199
132018
130835
129650
128466
127282
126098
124917
123738
122559
121376
120186
118985
117772
116546
115313
114075
112831
111577
110310
109024
107719
106402
105082
103763
102450
101147
99854.2
98576.1
97303.9
96024.3
94737.9
93459.1
92193.3
90930
89664.6
88395.7
87124.3
85850.7
84576
83304.4
82053
80811.2
79540.5
78254.6
76989.7
75736.4
74478.4
73215.1
71955.3
70702.6
69452.4
68193.6
66914.7
65615.7
64304
62989.5
61680.3
60384.8
59107.8
57849
56602.6
55362.3
54127.6
52898.8
51664
50409.4
49142.2
47874.6
46615.3
45371.8
44148.6
42946.1
41761.1
40590.1
39430.7
38282.3
37144.9
36018.2
34902.4
33797.5
32701.6
31611.7
30527
29450.1
28385.4
27336.3
26304.3
25290.9
242543
241135
239733
238337
236947
235564
234188
232819
231458
230104
228758
227420
226090
224769
223455
222149
220852
219562
218280
217006
215740
214482
213231
211987
210750
209519
208296
207079
205868
204663
203464
202270
201082
199898
198720
197546
196377
195212
194050
192893
191739
190589
189441
188297
187156
186017
184880
183745
182612
181481
180352
179223
178096
176969
175842
174716
173590
172463
171336
170209
169080
167951
166820
165687
164553
163417
162280
161140
159998
158855
157709
156561
155412
154260
153107
151951
150793
149634
148472
147308
146142
144976
143808
142641
141475
140311
139150
137991
136836
135682
134528
133368
132201
131027
129847
128662
127476
126289
125102
123915
122725
121524
120307
119074
117825
116559
115285
114007
112725
111437
110142
108840
107533
106221
104910
103605
102308
101022
99747.4
98489.6
97235.9
95963.7
94681.5
93408.9
92147.1
90883.4
89614.6
88340.2
87062.9
85784.3
84505.6
83232.3
81982.7
80749.3
79473.1
78161.6
76875
75611.3
74352.7
73093.8
71839.5
70590.1
69340.6
68083.2
66809.2
65515.8
64208.8
62897.5
61591.2
60298.3
59023.5
57766.6
56522.4
55284.9
54052.6
52824.9
51588.5
50334.7
49074.6
47816.8
46567.4
45332.2
44115.1
42917.1
41735.2
40566.1
39407.8
38259.8
37122.4
35995.2
34878.8
33773
32676.7
31587.7
30505.1
29430.6
28368.7
27322.5
26293.9
25284.6
243032
241628
240229
238835
237446
236064
234687
233317
231954
230597
229248
227905
226570
225242
223922
222609
221303
220005
218714
217431
216155
214886
213624
212369
211121
209879
208645
207416
206194
204977
203767
202562
201362
200168
198978
197794
196614
195438
194267
193099
191936
190776
189619
188466
187315
186168
185023
183880
182740
181601
180464
179328
178194
177060
175928
174795
173663
172531
171399
170267
169133
167999
166864
165728
164591
163452
162311
161169
160025
158880
157733
156584
155434
154282
153129
151975
150819
149661
148502
147341
146179
145017
143855
142696
141540
140390
139247
138110
136980
135850
134715
133566
132398
131214
130018
128814
127603
126388
125175
123962
122744
121516
120272
119018
117749
116464
115168
113869
112569
111268
109968
108671
107374
106082
104792
103507
102226
100952
99688.5
98442.1
97200.2
95940.9
94667
93400.1
92137.1
90870.4
89595.3
88313.3
87029.4
85746.4
84464.7
83188.7
81936.5
80711.1
79446.2
78119.2
76809.8
75532.7
74269.3
73010.1
71756.8
70508.6
69258.9
68001.7
66730.2
65441.3
64138.7
62831.9
61529.6
60240.1
58967.8
57712.4
56469.3
55233.2
54002.1
52772.5
51532.2
50279.7
49025.9
47775.8
46533.7
45304.6
44091.9
42896.8
41717
40549.1
39391.4
38243.8
37106.3
35978.9
34861.8
33755.3
32658.5
31569.9
30488.5
29415.9
28356.2
27312.5
26286.9
25281.6
243378
241977
240580
239187
237800
236418
235041
233670
232306
230947
229595
228250
226911
225579
224254
222936
221625
220321
219024
217734
216451
215175
213906
212644
211388
210139
208896
207659
206429
205205
203986
202773
201565
200363
199166
197973
196786
195603
194424
193249
192078
190911
189748
188588
187431
186277
185126
183978
182832
181688
180546
179405
178266
177128
175990
174854
173718
172582
171446
170309
169173
168036
166898
165759
164620
163479
162337
161195
160051
158905
157759
156611
155462
154312
153162
152011
150859
149705
148549
147390
146230
145070
143913
142760
141614
140476
139350
138236
137130
136020
134892
133739
132555
131344
130115
128873
127627
126378
125138
123903
122672
121432
120179
118917
117636
116338
115030
113722
112424
111128
109840
108558
107278
106002
104726
103453
102182
100914
99655.5
98413.4
97178.7
95929.6
94671.8
93411
92144.4
90872.1
89587.9
88297.6
87007.5
85720.7
84437.1
83158.9
81900.9
80676.7
79431.1
78103.3
76773.2
75480.7
74209.8
72949.5
71695.5
70446.9
69196.6
67939.4
66669.3
65383.2
64084.7
62782.3
61484.3
60198.7
58929
57675.2
56432.7
55197
53965.2
52732.1
51488.6
50237.8
48989.2
47745.3
46508.9
45284.6
44075.3
42882.5
41704
40536.9
39379.6
38232.2
37094.7
35967.1
34849.5
33742.3
32645.1
31556.5
30475.8
29404.6
28346.7
27305.1
26282.1
25280.7
243621
242222
240826
239435
238048
236667
235290
233919
232554
231194
229841
228493
227152
225817
224489
223168
221853
220545
219244
217950
216662
215381
214107
212839
211578
210323
209075
207833
206597
205367
204143
202924
201711
200503
199300
198102
196909
195720
194536
193356
192180
191008
189840
188675
187514
186356
185200
184048
182898
181750
180604
179460
178318
177176
176036
174896
173757
172618
171479
170341
169202
168062
166923
165782
164642
163502
162361
161220
160078
158935
157791
156646
155499
154351
153203
152054
150904
149751
148595
147436
146276
145118
143964
142817
141677
140546
139430
138331
137237
136134
135007
133839
132626
131375
130106
128832
127564
126303
125052
123808
122575
121336
120086
118826
117539
116234
114921
113615
112323
111040
109765
108494
107225
105958
104692
103425
102160
100896
99638.7
98395.6
97162
95921.4
94674.9
93419.1
92151.1
90873.2
89582.2
88285.5
86991.4
85702.4
84417.7
83137.6
81874.2
80644.6
79412.5
78096.8
76756
75448.5
74168.8
72905.2
71649.2
70399.2
69148.9
67891.8
66622.9
65339.4
64044.1
62745.3
61451.3
60169.1
58902.1
57649.7
56407.6
55171.6
53938.3
52701.7
51456
50207.1
48962.4
47722.8
46490.7
45269.8
44063.1
42872
41694.5
40527.9
39371.1
38223.6
37086.1
35958.4
34840.5
33732.9
32635.2
31546.5
30466.3
29396.1
28339.6
27299.8
26279
25281.2
243790
242392
240998
239607
238221
236840
235464
234093
232727
231366
230012
228663
227320
225984
224654
223330
222013
220702
219398
218101
216810
215525
214248
212977
211712
210453
209201
207955
206715
205481
204253
203030
201813
200601
199394
198193
196995
195803
194615
193431
192252
191076
189905
188737
187572
186411
185252
184097
182944
181794
180646
179500
178355
177211
176068
174926
173785
172644
171504
170363
169222
168081
166940
165800
164661
163523
162384
161246
160108
158968
157826
156681
155533
154385
153237
152087
150938
149788
148633
147476
146316
145158
144005
142857
141713
140579
139465
138370
137277
136170
135032
133843
132600
131317
130023
128736
127463
126202
124948
123707
122488
121260
120016
118758
117472
116164
114852
113549
112264
110990
109724
108461
107199
105937
104674
103412
102150
100889
99631.6
98383.3
97146.1
95910.6
94670.2
93418
92150.1
90869.2
89574.5
88274.9
86979.1
85689
84403.8
83122.4
81854.1
80615.4
79386
78087.9
76749.9
75431.5
74140.9
72872.2
71613.1
70361.3
69111.7
67855.3
66588.2
65306.6
64014.1
62718.3
61427.4
60147.9
58883
57631.9
56390.2
55153.8
53918.6
52679.2
51432.5
50185.4
48943.3
47706.6
46477.5
45259.1
44054.3
42864.3
41687.5
40521.2
39364.5
38217
37079.4
35951.6
34833.5
33725.6
32627.7
31539.1
30459.3
29389.9
28334.4
27296
26277
25282.6
243905
242509
241115
239726
238340
236959
235583
234211
232845
231484
230129
228779
227436
226098
224767
223441
222122
220810
219504
218204
216911
215625
214345
213071
211804
210543
209288
208040
206797
205560
204330
203104
201884
200669
199460
198255
197055
195860
194669
193483
192301
191123
189949
188778
187611
186448
185287
184130
182976
181824
180675
179527
178381
177236
176091
174948
173805
172662
171521
170379
169237
168094
166952
165813
164678
163544
162409
161273
160136
158997
157852
156702
155549
154398
153248
152100
150956
149811
148661
147504
146344
145182
144024
142868
141717
140576
139457
138354
137247
136126
134975
133774
132514
131218
129916
128628
127358
126101
124849
123619
122417
121204
119969
118713
117426
116118
114808
113510
112230
110963
109702
108443
107184
105925
104665
103404
102144
100885
99628.7
98374.6
97130.8
95896.1
94658.6
93409.7
92143.8
90861.7
89565.8
88265.3
86969.4
85679.3
84393.9
83112
81839.5
80591
79355.1
78070.9
76745.2
75422.5
74122.3
72847.6
71584.1
70331.5
69082.5
67827.9
66562.3
65282.8
63992.5
62699
61410.3
60133
58869.6
57619.5
56378.1
55141.3
53904.5
52662.9
51416.1
50170.4
48930.2
47695.5
46468.5
45251.7
44048
42858.7
41682.4
40516.2
39359.4
38211.9
37074.2
35946.3
34828.1
33720.1
32622
31533.4
30454
29385.3
28330.7
27293.3
26275.8
25284.2
243982
242587
241194
239804
238419
237039
235662
234291
232925
231563
230208
228857
227513
226175
224842
223516
222196
220882
219575
218274
216980
215692
214410
213135
211866
210603
209347
208097
206852
205614
204381
203154
201932
200715
199504
198297
197096
195898
194706
193518
192334
191154
189978
188806
187638
186472
185311
184152
182997
181844
180695
179546
178399
177253
176107
174963
173819
172675
171533
170390
169248
168104
166961
165824
164693
163563
162431
161294
160152
159008
157860
156705
155549
154393
153242
152097
150958
149819
148671
147513
146347
145183
144018
142854
141693
140548
139417
138298
137177
136042
134882
133673
132411
131115
129816
128533
127272
126020
124771
123547
122356
121157
119930
118677
117391
116085
114779
113486
112210
110947
109689
108432
107175
105917
104658
103398
102139
100882
99626
98367
97116.8
95879
94643.9
93398.6
92135.5
90853.3
89557.3
88257.3
86962
85672.3
84387.2
83105
81829.3
80571.4
79325.5
78047.9
76736.2
75416.3
74110.2
72829.4
71560.7
70307.9
69060
67807.3
66543.4
65265.6
63977.2
62685.5
61398.5
60122.5
58860.3
57610.8
56369.7
55132.4
53894.3
52651.4
51404.6
50160.2
48921.2
47688
46462.5
45246.8
44043.8
42854.9
41678.7
40512.5
39355.5
38208
37070.3
35942.4
34824.1
33715.9
32617.7
31529.1
30450.1
29382
28328.1
27291.5
26275.1
25285.9
244032
242637
241244
239855
238470
237090
235714
234342
232976
231614
230258
228908
227563
226224
224891
223564
222243
220929
219621
218319
217024
215735
214452
213176
211906
210642
209385
208133
206888
205648
204414
203186
201963
200745
199533
198325
197122
195923
194729
193540
192354
191174
189997
188824
187654
186488
185325
184166
183010
181858
180708
179560
178413
177266
176119
174974
173829
172686
171543
170400
169255
168111
166971
165836
164705
163573
162440
161300
160154
159005
157853
156697
155539
154380
153226
152083
150947
149805
148659
147502
146333
145163
143995
142827
141661
140506
139365
138231
137098
135954
134783
133573
132317
131030
129738
128463
127207
125960
124717
123492
122307
121114
119894
118645
117362
116061
114760
113470
112198
110937
109681
108424
107168
105911
104653
103393
102134
100878
99622.8
98360.7
97103.9
95862
94628.3
93387.1
92126.8
90845.4
89550.2
88251.3
86956.6
85667.6
84382.7
83100.4
81822.6
80557.9
79302.8
78026.8
76724.1
75410.9
74103.2
72816.7
71542.4
70288.4
69042.8
67792
66529.9
65253.7
63966.6
62676.2
61390.4
60115.3
58853.9
57604.9
56364
55126.3
53887.2
52643.4
51396.9
50153.3
48915.3
47683
46458.5
45243.5
44040.8
42852.1
41675.9
40509.7
39352.8
38205.3
37067.6
35939.6
34821.3
33713
32614.6
31526.1
30447.4
29379.8
28326.3
27290.3
26274.8
25287.1
244062
242667
241275
239886
238501
237121
235745
234373
233007
231645
230289
228938
227593
226254
224921
223593
222272
220957
219649
218347
217051
215761
214478
213201
211930
210666
209408
208156
206910
205670
204435
203206
201982
200764
199550
198341
197137
195938
194743
193553
192367
191185
190008
188835
187664
186498
185334
184174
183019
181867
180718
179570
178422
177275
176128
174980
173836
172694
171552
170410
169267
168121
166978
165841
164708
163574
162439
161296
160146
158994
157841
156686
155526
154365
153210
152063
150926
149787
148638
147477
146309
145140
143969
142796
141630
140470
139318
138171
137030
135878
134707
133498
132249
130970
129686
128417
127164
125919
124682
123457
122269
121080
119864
118619
117340
116044
114746
113459
112189
110930
109674
108419
107163
105906
104648
103389
102131
100874
99618.4
98355.9
97093.9
95847.7
94613.4
93376.4
92119.1
90839.4
89545.1
88247.3
86953.1
85664.6
84379.9
83097.6
81818.9
80550.2
79288.8
78011.7
76713.7
75405.2
74098.7
72809.1
71529
70272.3
69029.9
67781.1
66520.6
65245.7
63959.7
62670.2
61385.1
60110.6
58849.6
57601
56360.2
55122.2
53882.5
52638.2
51391.8
50148.9
48911.5
47679.8
46455.8
45241.1
44038.7
42850.1
41674
40507.9
39351
38203.6
37065.9
35937.9
34819.5
33711.1
32612.6
31524.1
30445.7
29378.4
28325.3
27289.5
26274.7
25288.1
244078
242683
241291
239902
238518
237138
235761
234390
233023
231662
230306
228955
227609
226270
224936
223609
222288
220973
219664
218361
217065
215775
214492
213215
211944
210679
209420
208168
206921
205681
204446
203217
201993
200774
199560
198351
197146
195946
194751
193560
192374
191192
190014
188841
187671
186504
185340
184181
183025
181875
180727
179579
178431
177284
176137
174989
173843
172701
171559
170419
169277
168132
166986
165846
164710
163574
162437
161293
160143
158989
157835
156678
155517
154353
153198
152049
150906
149764
148615
147455
146284
145115
143945
142773
141605
140441
139283
138130
136983
135829
134655
133449
132205
130933
129654
128389
127138
125895
124662
123437
122242
121054
119843
118601
117326
116033
114738
113453
112184
110925
109670
108415
107160
105903
104646
103387
102128
100871
99614.8
98352.4
97088.3
95837.1
94601.1
93367.6
92112.9
90835.4
89542
88244.9
86951.1
85662.9
84378.3
83096
81817
80546.2
79280.9
78002.4
76706.5
75400.5
74095.7
72805.4
71520.3
70259.8
69020
67773.6
66514.7
65240.7
63955.4
62666.6
61381.9
60107.8
58847.1
57598.7
56358
55119.8
53879.7
52635.1
51388.9
50146.3
48909.2
47677.7
46453.9
45239.5
44037.2
42848.8
41672.7
40506.8
39349.9
38202.6
37065
35937
34818.5
33710
32611.4
31523
30444.7
29377.6
28324.7
27289.1
26274.7
25288.5
244084
242690
241298
239909
238525
237144
235768
234397
233030
231669
230312
228961
227616
226276
224943
223615
222294
220979
219670
218367
217071
215781
214498
213220
211949
210684
209425
208173
206926
205686
204451
203221
201997
200778
199564
198355
197150
195950
194754
193563
192376
191194
190016
188843
187672
186505
185341
184181
183026
181875
180726
179578
178430
177283
176136
174988
173842
172700
171558
170419
169277
168132
166986
165845
164707
163570
162432
161289
160138
158985
157831
156674
155511
154348
153192
152040
150896
149752
148601
147440
146270
145102
143933
142761
141592
140427
139268
138111
136959
135803
134630
133426
132185
130915
129640
128377
127127
125886
124654
123428
122229
121038
119830
118591
117319
116028
114734
113450
112182
110923
109668
108413
107158
105902
104644
103385
102127
100869
99613.2
98351.3
97087.1
95832.6
94595.1
93362.1
92109.5
90833.2
89540.7
88243.9
86950.3
85662.2
84377.6
83095.3
81816.1
80544.2
79277.1
77997.8
76702.6
75397.8
74094.5
72804.6
71516.7
70253.9
69014.3
67769.9
66511.9
65238.6
63953.7
62665.1
61380.6
60106.7
58846.1
57597.7
56357
55118.8
53878.6
52633.8
51387.7
50145.2
48908.1
47676.8
46453.2
45238.8
44036.7
42848.3
41672.3
40506.4
39349.6
38202.3
37064.7
35936.7
34818.2
33709.6
32611
31522.6
30444.4
29377.4
28324.5
27289
26274.7
25288.3
24308.1
23369.7
22388.1
21372.2
20326.1
19252.6
18153.6
17031.2
15888
14726.9
13550.8
12363.7
11170.5
9977
8789.32
7615.46
6462.88
5339.8
4263.76
3265.84
2353.92
1540.78
853.797
342.034
44.7837
24273.8
23331
22349
21333.4
20287.8
19215.2
18117.2
16996
15854
14694
13519.1
12333.3
11141.5
9949.51
8763.59
7591.72
6441.05
5319.9
4245.94
3250.19
2340.54
1530.09
846.007
337.238
43.2687
24247.2
23297.6
22313.6
21297.5
20252.2
19180
18082.7
16962.3
15821.3
14662.3
13488.5
12303.9
11113.4
9922.93
8738.93
7569.15
6420.37
5300.8
4228.46
3234.5
2327.03
1519.31
838.457
332.641
41.9512
24225.7
23269.3
22282.4
21265.4
20219.7
19147.6
18050.8
16931
15790.7
14632.5
13459.7
12276.1
11086.7
9897.73
8715.7
7548.18
6401.13
5283.03
4212.13
3219.76
2314.41
1509.27
831.532
328.506
40.8527
24208.2
23245.7
22255.3
21236.8
20190.6
19118.4
18021.7
16902.3
15762.4
14605
13433
12250.2
11061.8
9874.38
8694.42
7529.04
6383.51
5266.7
4197.11
3206.15
2302.8
1500.17
825.383
324.894
39.9278
24194.7
23226.5
22232.2
21211.7
20164.6
19092.1
17995.3
16876
15736.5
14579.4
13408
12225.9
11038.5
9852.48
8674.48
7510.97
6366.87
5251.42
4183.36
3193.85
2292.35
1492.09
820.052
321.787
39.1506
24185.4
23211.8
22213.3
21190.3
20141.8
19068.7
17971.6
16852.3
15712.9
14556.1
13385.1
12203.5
11017.1
9832.36
8656.03
7494.2
6351.47
5237.47
4171.23
3183.17
2283.38
1485.31
815.748
319.245
38.512
24179.7
23201.3
22198.7
21172.7
20122.5
19048.3
17950.5
16830.9
15691.4
14534.7
13364
12182.8
10997.2
9813.6
8638.7
7478.4
6337.07
5224.78
4160.78
3174.36
2276.15
1480.01
812.565
317.278
37.9943
24177.4
23194.9
22188.4
21159.2
20106.9
19031.1
17932.3
16812.1
15672.3
14515.5
13344.8
12164
10979
9796.31
8622.64
7463.71
6323.83
5213.63
4152.34
3167.78
2271
1476.47
810.7
315.951
37.5922
24177.5
23191.8
22182.1
21150
20095.3
19017.6
17917.3
16795.9
15655.5
14498.4
13327.6
12146.9
10962.3
9780.36
8607.75
7450.04
6311.82
5204.18
4146.14
3163.68
2268.21
1474.9
810.243
315.283
37.2983
24178.1
23191
22179.1
21144.7
20087.9
19008.2
17905.8
16782.8
15641.3
14483.6
13312.3
12131.7
10947.4
9765.94
8594.15
7437.66
6301.38
5196.85
4142.57
3162.45
2268.14
1475.56
811.363
315.347
37.1132
24177.8
23190.4
22178
21142.6
20084.4
19002.8
17898.2
16773.1
15630.1
14471.1
13299.2
12118.2
10933.9
9752.9
8581.74
7426.61
6292.76
5191.95
4141.91
3164.31
2270.98
1478.64
814.133
316.164
37.0348
24175.7
23188.8
22177.1
21142
20083.6
19000.9
17894.5
16767.1
15622
14461.5
13288.5
12106.7
10922.1
9741.24
8570.82
7417.37
6286.5
5190
4144.56
3169.54
2276.98
1484.29
818.667
317.792
37.0638
24172.2
23185.8
22175.7
21141.8
20084.2
19001.4
17893.8
16764.5
15617.2
14454.8
13280.2
12097.2
10912
9731.18
8561.62
7410.29
6283.04
5191.35
4150.71
3178.25
2286.18
1492.56
824.948
320.224
37.1941
24168.5
23182.3
22173.3
21141.1
20085
19003.1
17895.2
16764.6
15615.4
14451
13274.4
12090
10903.9
9722.98
8554.69
7406.02
6282.95
5196.45
4160.59
3190.5
2298.58
1503.39
832.959
323.462
37.4166
24166.6
23179.5
22171
21140
20085.6
19005
17897.7
16766.7
15616
14449.7
13271.1
12084.9
10897.7
9716.95
8550.41
7404.97
6286.6
5205.42
4174.12
3206.1
2313.94
1516.6
842.52
327.425
37.7127
24168.8
23179.2
22169.7
21139.2
20085.9
19006.7
17900.5
16769.8
15618.3
14450.4
13269.8
12082
10893.9
9713.65
8549.42
7407.71
6294.3
5218.35
4191.19
3224.77
2331.95
1531.9
853.437
332.033
38.0643
24177.4
23183.9
22171.8
21140
20086.6
19008.2
17903.3
16773.4
15621.6
14452.6
13270.4
12081.2
10892.6
9713.39
8552.05
7414.43
6306.04
5234.99
4211.33
3245.98
2352.04
1548.82
865.367
337.135
38.4495
24193.9
23195.5
22179.4
21144.5
20089.3
19010.7
17906.6
16777.3
15625.6
14455.9
13272.8
12082.7
10894.2
9716.53
8558.51
7425.24
6321.68
5254.9
4233.96
3269.07
2373.62
1566.9
877.984
342.593
38.8447
24219.7
23215.9
22194.4
21154.8
20096
19015.4
17911
16782
15630.4
14460.4
13277
12086.7
10898.9
9723.32
8568.84
7439.89
6340.7
5277.46
4258.3
3293.21
2395.91
1585.54
890.858
348.217
39.2254
24255.5
23246
22218.5
21172.8
20108.6
19024.3
17918
16788.4
15636.5
14466.5
13283.1
12093.3
10906.9
9733.77
8582.87
7457.95
6362.48
5301.74
4283.46
3317.57
2418.18
1604.11
903.611
353.843
39.5681
24301.7
23286.6
22252.7
21200.2
20129.2
19039.4
17929.4
16797.8
15645
14474.8
13291.8
12103
10918.2
9747.64
8600.06
7478.68
6386.1
5326.82
4308.5
3341.21
2439.56
1621.98
915.823
359.282
39.8504
24358.2
23337.7
22297.5
21237.7
20159.1
19062.5
17947.2
16811.9
15657.3
14486.5
13303.8
12116
10932.9
9764.58
8619.78
7501.24
6410.6
5351.66
4332.45
3363.37
2459.36
1638.6
927.109
364.379
40.0552
24423.9
23398.6
22352.3
21285.4
20199.2
19095.1
17973.1
16832.6
15674.9
14502.9
13320
12132.7
10950.6
9783.96
8641.19
7524.58
6434.71
5375.12
4354.33
3383.12
2476.88
1653.43
937.098
368.974
40.1688
24496.2
23467
22415.6
21342.5
20249.3
19137.6
18008.5
16861.6
15699.8
14525.4
13341.4
12153.6
10971.4
9805.2
8663.48
7547.56
6457.38
5396.15
4373.21
3399.79
2491.56
1666.01
945.501
372.948
40.1843
24571.9
23539.8
22484.6
21406.7
20308
19190.1
18053.7
16900.1
15733.2
14555.4
13368.8
12178.8
10994.7
9827.55
8685.48
7569.11
6477.52
5413.83
4388.36
3412.68
2502.89
1675.96
952.058
376.185
40.0991
24647.3
23613.6
22556.2
21475.4
20373.3
19250.9
18108.7
16948.8
15776.4
14593.8
13402.9
12208.4
11020.3
9850.26
8706.32
7588.28
6494.19
5427.37
4399.17
3421.41
2510.56
1683.02
956.606
378.615
39.9178
24725.6
23691.8
22634
21552.9
20449.7
19325.2
18179
17013.6
15835.2
14646.2
13448.2
12245.8
11050.5
9874.97
8727.07
7605.66
6507.84
5437.13
4405.9
3426.15
2514.76
1687.43
959.279
380.336
39.622
24798.8
23767.2
22712
21634
20533.9
19411.3
18264.6
17096.2
15912.1
14714.9
13506
12291.4
11084.7
9900.05
8745.5
7618.72
6515.81
5440.54
4406.3
3424.98
2513.85
1687.81
959.153
380.958
39.1906
24854.5
23827.6
22778.1
21706.9
20614
19497.8
18355
17187.4
15999.4
14793.1
13570.6
12340.4
11119
9922.37
8758.84
7625.21
6516.46
5436.71
4400.01
3417.79
2507.72
1683.95
956.141
380.366
38.6818
24889.8
23869.7
22828.6
21767.5
20685.5
19579.7
18445.3
17282.5
16092.9
14877.2
13638.7
12390.2
11151.8
9940.87
8766.48
7624.83
6509.96
5426.17
4387.71
3405.32
2496.95
1676.28
950.557
378.671
38.1345
24903.2
23891.7
22861
21812.8
20744.7
19652.6
18530.3
17376
16187.1
14961.9
13706
12437.9
11181.1
9954.46
8768.04
7617.81
6496.94
5409.86
4370.48
3388.59
2482.45
1665.41
942.787
375.997
37.5882
24895.3
23893.6
22874.4
21841
20788.9
19712.6
18605.1
17462.2
16276
15041.6
13767.7
12480.2
11205
9962.4
8763.61
7604.77
6478.53
5389.1
4349.68
3368.78
2465.27
1652.07
933.323
372.518
37.0815
24868.1
23876.4
22868.9
21851
20815.7
19756.6
18665.6
17535.7
16353.7
15110.9
13819.7
12514.1
11221.8
9964.13
8753.63
7586.8
6456.13
5365.44
4326.76
3347.32
2446.51
1637.08
922.706
368.407
36.6509
24823.7
23842
22845.8
21842.8
20823.8
19782.1
18708.2
17592.1
16415
15165
13858.4
12537.3
11230.3
9959.51
8738.86
7565.24
6431.32
5340.54
4303.25
3325.5
2427.24
1621.28
911.487
363.854
36.3273
24765.3
23792.6
22807.1
21817.2
20812.7
19787.6
18730.5
17627.8
16456.1
15200.3
13881.2
12548.3
11229.9
9948.85
8720.27
7541.64
6405.81
5315.98
4280.53
3304.56
2408.57
1605.47
900.191
359.042
36.1356
24697
23731.9
22755.8
21776.4
20783.8
19772.9
18731.1
17640.7
16474.3
15214.7
13887.1
12546.5
11220.7
9932.91
8699.2
7517.47
6381.31
5293.2
4259.88
3285.6
2391.4
1590.43
889.346
354.176
36.0938
24623.9
23664.7
22695.9
21723.7
20739.6
19739.8
18710.2
17630.1
16468.7
15207.7
13876.1
12532.6
11203.7
9912.93
8677.17
7494.54
6359.31
5273.44
4242.26
3269.5
2376.52
1576.84
879.409
349.454
36.214
24552.6
23596.9
22632.3
21664.1
20684.3
19691.7
18670.4
17597.6
16440.2
15180.4
13849.8
12508.1
11180.7
9890.58
8655.67
7474.28
6341
5257.7
4228.46
3256.98
2364.6
1565.38
870.77
345.107
36.5074
24488
23533.7
22570.3
21602.5
20623.6
19633.9
18616
17546.1
16391.5
15135.2
13810.6
12475.3
11153.6
9867.7
8636.28
7457.88
6327.39
5246.74
4219.08
3248.43
2356.03
1556.57
863.725
341.411
36.9825
24432
23478
22514.1
21543.8
20562.8
19572.3
18552.2
17481
16327.3
15076.2
13761.8
12437.2
11124.7
9846.02
8620.28
7446.39
6319.18
5240.97
4214.4
3244.03
2351
1550.7
858.531
338.647
37.6443
24386.4
23431.7
22466.1
21491.9
20507.1
19511.9
18484.8
17408.7
16254.2
15009.2
13707.6
12396.9
11096.4
9827.15
8608.93
7440.39
6316.69
5240.46
4214.35
3243.68
2349.48
1547.85
855.376
337.018
38.4984
24354.5
23398.5
22430.1
21451.4
20462.3
19459.9
18422.2
17339.6
16183.2
14943.9
13655.6
12359.8
11072
9813.12
8603.01
7440.07
6319.66
5244.76
4218.52
3246.96
2351.14
1547.88
854.372
336.66
39.5008
24334.4
23377.7
22406.6
21423.7
20431
19420.2
18370.8
17281.7
16123.6
14889.1
13612.7
12330.2
11053.9
9804.57
8602.08
7444.21
6326.49
5252.35
4225.52
3252.68
2355.04
1550.04
855.081
337.349
40.573
24322.2
23365.9
22393.1
21407.1
20411.1
19391.2
18331.3
17236.7
16077.2
14846.7
13580.3
12308.8
11042
9800.83
8604.92
7451.27
6335.7
5261.87
4234.17
3259.87
2360.33
1553.59
856.968
338.776
41.6724
24316.1
23361
22387.4
21399.2
20400.2
19371.1
18302.3
17203.4
16043.1
14816.2
13557.7
12294.9
11035.7
9800.97
8610.38
7460.07
6346.13
5272.31
4243.65
3267.85
2366.42
1557.97
859.622
340.686
42.7722
24314.6
23361.6
22388
21398.1
20395.8
19357.8
18282.4
17180.3
16019.6
14796.1
13543.5
12287.4
11033.8
9804.1
8617.52
7469.79
6357.01
5283.03
4253.38
3276.13
2372.87
1562.8
862.739
342.879
43.8515
24316.6
23366.1
22393
21402.2
20395.7
19349.9
18269.8
17165.2
16004.5
14784.1
13536.3
12285.1
11035.5
9809.37
8625.74
7479.86
6367.87
5293.6
4263
3284.41
2379.43
1567.83
866.105
345.217
44.8996
24321.2
23373.7
22401.3
21409.4
20398.5
19346.1
18263.1
17156.4
15996.2
14778.7
13534.5
12286.6
11040
9816.17
8634.52
7489.91
6378.41
5303.79
4272.27
3292.48
2385.9
1572.89
869.562
347.6
45.9025
24327.8
23383.5
22412
21418.7
20403.3
19345.7
18260.7
17152.5
15992.8
14777.9
13536.6
12291.1
11046.3
9824
8643.58
7499.77
6388.49
5313.48
4281.09
3300.22
2392.17
1577.86
873.021
349.966
46.8563
24336
23394.9
22424.1
21429.2
20409.6
19348.2
18261.6
17152.1
15993.3
14780.7
13541.5
12297.6
11054
9832.48
8652.7
7509.31
6398.03
5322.58
4289.38
3307.54
2398.15
1582.65
876.398
352.257
47.7559
24345.2
23407.3
22436.8
21440.3
20417
19353
18264.9
17154.5
15996.6
14785.9
13548.4
12305.4
11062.5
9841.31
8661.74
7518.5
6407.06
5331.14
4297.14
3314.44
2403.8
1587.22
879.665
354.45
48.6037
24355.2
23420.2
22449.8
21451.7
20425.7
19359.9
18270.4
17159.2
16002.2
14793
13556.6
12314.2
11071.4
9850.31
8670.62
7527.27
6415.54
5339.13
4304.37
3320.9
2409.11
1591.55
882.778
356.514
49.3931
24365.8
23433.1
22462.6
21463
20435
19368.1
18277.1
17165.2
16008.9
14801.1
13565.3
12323.2
11080.5
9859.24
8679.25
7535.66
6423.52
5346.62
4311.12
3326.93
2414.06
1595.61
885.715
358.446
50.1298
24376.9
23446.1
22475.4
21474.8
20445.5
19377.9
18285.5
17173.1
16017.4
14810.3
13574.8
12332.6
11089.7
9868.08
8687.58
7543.61
6430.96
5353.57
4317.36
3332.53
2418.7
1599.45
888.481
360.23
50.8156
24388.4
23458.8
22487.6
21486.3
20456.2
19388
18294.4
17181.4
16025.9
14819.1
13583.7
12341.5
11098.4
9876.58
8695.54
7551.18
6438
5360.12
4323.21
3337.76
2422.98
1603.01
891.012
361.848
51.4508
24399.9
23470.9
22499.2
21497.4
20467
19398.5
18304.2
17190.9
16035.4
14828.6
13593
12350.4
11106.7
9884.29
8702.43
7557.56
6443.79
5365.48
4328
3342.11
2426.65
1606.13
893.237
363.274
52.0294
)
;

boundaryField
{
    inlet
    {
        type            calculated;
        value           nonuniform List<scalar> 
30
(
4.80356e+06
4.80369e+06
4.8039e+06
4.80415e+06
4.80445e+06
4.80491e+06
4.80549e+06
4.80618e+06
4.80716e+06
4.80831e+06
4.80998e+06
4.81152e+06
4.8137e+06
4.81654e+06
4.82023e+06
4.82485e+06
4.83063e+06
4.8368e+06
4.84283e+06
4.84524e+06
4.84569e+06
4.84587e+06
4.84498e+06
4.84444e+06
4.84385e+06
4.84298e+06
4.84238e+06
4.842e+06
4.84181e+06
4.84174e+06
)
;
    }
    outlet
    {
        type            calculated;
        value           uniform 0;
    }
    upperWall
    {
        type            calculated;
        value           nonuniform List<scalar> 
223
(
4.84174e+06
4.76667e+06
4.69002e+06
4.61677e+06
4.54721e+06
4.48123e+06
4.41868e+06
4.35942e+06
4.3033e+06
4.25017e+06
4.19987e+06
4.15227e+06
4.10722e+06
4.06458e+06
4.02423e+06
3.98604e+06
3.94988e+06
3.91565e+06
3.88806e+06
3.86609e+06
3.84417e+06
3.82229e+06
3.80045e+06
3.77867e+06
3.75695e+06
3.73529e+06
3.7137e+06
3.69218e+06
3.67073e+06
3.64935e+06
3.62805e+06
3.60684e+06
3.58571e+06
3.56466e+06
3.54371e+06
3.52284e+06
3.50207e+06
3.48139e+06
3.4608e+06
3.4403e+06
3.4199e+06
3.3996e+06
3.37938e+06
3.35926e+06
3.33923e+06
3.3193e+06
3.29945e+06
3.27969e+06
3.26001e+06
3.24043e+06
3.22092e+06
3.20149e+06
3.18215e+06
3.16287e+06
3.14368e+06
3.12455e+06
3.10549e+06
3.0865e+06
3.06758e+06
3.04871e+06
3.02989e+06
3.01113e+06
2.99242e+06
2.97375e+06
2.95511e+06
2.93652e+06
2.91797e+06
2.89946e+06
2.88097e+06
2.86251e+06
2.84408e+06
2.82566e+06
2.80726e+06
2.78887e+06
2.7705e+06
2.75215e+06
2.7338e+06
2.71545e+06
2.69711e+06
2.67876e+06
2.66041e+06
2.64206e+06
2.62372e+06
2.60536e+06
2.58699e+06
2.5686e+06
2.55018e+06
2.53174e+06
2.51327e+06
2.49479e+06
2.47627e+06
2.45773e+06
2.43916e+06
2.42057e+06
2.40197e+06
2.38333e+06
2.36465e+06
2.34593e+06
2.32716e+06
2.30837e+06
2.28954e+06
2.27068e+06
2.25178e+06
2.23285e+06
2.21389e+06
2.19489e+06
2.17586e+06
2.15678e+06
2.13764e+06
2.11844e+06
2.09916e+06
2.0798e+06
2.06041e+06
2.04098e+06
2.02153e+06
2.00205e+06
1.98253e+06
1.96299e+06
1.94342e+06
1.92382e+06
1.90417e+06
1.88445e+06
1.86467e+06
1.84483e+06
1.82496e+06
1.80505e+06
1.78513e+06
1.76518e+06
1.7452e+06
1.72519e+06
1.70514e+06
1.68507e+06
1.66497e+06
1.64483e+06
1.62467e+06
1.60449e+06
1.58428e+06
1.56404e+06
1.54378e+06
1.52351e+06
1.50323e+06
1.48293e+06
1.46261e+06
1.44225e+06
1.42187e+06
1.40149e+06
1.38109e+06
1.3607e+06
1.34031e+06
1.31992e+06
1.29953e+06
1.27916e+06
1.25879e+06
1.23843e+06
1.21805e+06
1.19769e+06
1.17734e+06
1.15702e+06
1.13672e+06
1.11646e+06
1.09625e+06
1.07606e+06
1.05589e+06
1.03574e+06
1.01561e+06
995523
975482
955498
935578
915726
895940
876222
856571
836990
817483
798056
778715
759464
740308
721253
702306
683472
664756
646162
627694
609359
591162
573112
555214
537478
519914
502531
485343
468368
451628
435161
419027
403370
389128
374093
358338
342019
325209
307952
290290
272263
253897
235237
216347
197300
178168
159048
140045
121282
102894
85066.7
68006.5
51980.8
37285.8
24311
13474.9
5365.15
700.872
)
;
    }
    lowerWall
    {
        type            calculated;
        value           nonuniform List<scalar> 
250
(
4.80356e+06
4.72838e+06
4.65078e+06
4.5756e+06
4.50313e+06
4.43323e+06
4.36577e+06
4.30058e+06
4.23748e+06
4.17627e+06
4.1167e+06
4.05851e+06
4.00136e+06
3.94482e+06
3.8883e+06
3.83087e+06
3.77085e+06
3.70401e+06
3.13095e+06
3.13209e+06
3.13435e+06
3.13778e+06
3.14237e+06
3.14818e+06
3.15524e+06
3.16359e+06
3.17327e+06
3.18436e+06
3.19696e+06
3.21117e+06
3.22714e+06
3.24506e+06
3.26516e+06
3.28841e+06
3.31416e+06
3.34012e+06
3.36621e+06
3.3924e+06
3.41872e+06
3.44525e+06
3.47211e+06
3.49954e+06
3.52812e+06
3.55901e+06
3.59268e+06
3.13095e+06
3.1307e+06
3.1302e+06
3.12944e+06
3.12841e+06
3.12711e+06
3.12555e+06
3.1237e+06
3.12159e+06
3.11918e+06
3.1165e+06
3.11352e+06
3.11025e+06
3.10668e+06
3.10282e+06
3.09866e+06
3.0942e+06
3.08944e+06
3.08438e+06
3.07902e+06
3.07336e+06
3.06741e+06
3.06116e+06
3.05462e+06
3.04779e+06
3.04068e+06
3.03328e+06
3.0256e+06
3.01764e+06
3.0094e+06
3.0009e+06
2.99212e+06
2.98308e+06
2.97377e+06
2.96421e+06
2.95439e+06
2.94432e+06
2.93401e+06
2.92347e+06
2.91268e+06
2.90167e+06
2.89042e+06
2.87894e+06
2.86724e+06
2.85531e+06
2.84317e+06
2.83081e+06
2.81824e+06
2.80546e+06
2.79248e+06
2.7793e+06
2.76594e+06
2.75238e+06
2.73865e+06
2.72473e+06
2.71064e+06
2.69638e+06
2.68194e+06
2.66734e+06
2.65257e+06
2.63764e+06
2.62255e+06
2.60732e+06
2.59193e+06
2.5764e+06
2.56071e+06
2.54488e+06
2.52891e+06
2.5128e+06
2.49655e+06
2.48017e+06
2.46366e+06
2.44701e+06
2.43024e+06
2.41334e+06
2.39632e+06
2.37919e+06
2.36194e+06
2.34458e+06
2.32713e+06
2.30957e+06
2.29191e+06
2.27415e+06
2.25629e+06
2.23833e+06
2.22028e+06
2.20214e+06
2.1839e+06
2.16558e+06
2.14717e+06
2.12868e+06
2.11012e+06
2.09148e+06
2.07278e+06
2.054e+06
2.03514e+06
2.01621e+06
1.99719e+06
1.97809e+06
1.9589e+06
1.93963e+06
1.92029e+06
1.90087e+06
1.88137e+06
1.86181e+06
1.84218e+06
1.8225e+06
1.80278e+06
1.78301e+06
1.76322e+06
1.74341e+06
1.72357e+06
1.70372e+06
1.68382e+06
1.66387e+06
1.64387e+06
1.62381e+06
1.60368e+06
1.5835e+06
1.56327e+06
1.543e+06
1.52269e+06
1.50236e+06
1.48202e+06
1.46167e+06
1.44133e+06
1.42098e+06
1.40064e+06
1.3803e+06
1.35996e+06
1.33962e+06
1.31928e+06
1.29893e+06
1.27858e+06
1.25824e+06
1.2379e+06
1.21756e+06
1.19724e+06
1.17692e+06
1.15663e+06
1.13635e+06
1.1161e+06
1.09587e+06
1.07567e+06
1.0555e+06
1.03538e+06
1.01529e+06
995239
975238
955287
935388
915547
895766
876049
856400
836825
817328
797912
778583
759345
740202
721158
702217
683386
664670
646074
627605
609268
591071
573019
555121
537383
519816
502432
485243
468267
451525
435053
418910
403221
388688
373618
357869
341561
324760
307514
289861
271841
253495
234870
216020
197007
177907
158806
139811
121047
102663
84840
67795.7
51792.8
37132.8
24181.7
13389.3
5314.49
680.172
)
;
    }
    frontAndBack
    {
        type            empty;
    }
}


// ************************************************************************* //
