/*--------------------------------*- C++ -*----------------------------------*\
  =========                 |
  \\      /  F ield         | OpenFOAM: The Open Source CFD Toolbox
   \\    /   O peration     | Website:  https://openfoam.org
    \\  /    A nd           | Version:  9
     \\/     M anipulation  |
\*---------------------------------------------------------------------------*/
FoamFile
{
    format      ascii;
    class       volScalarField;
    location    "0.09";
    object      s_0;
}
// * * * * * * * * * * * * * * * * * * * * * * * * * * * * * * * * * * * * * //

dimensions      [0 0 0 0 0 0 0];

internalField   nonuniform List<scalar> 
12225
(
1
1
1
1
1
1
1
1
1
1
1
1
1
1
1
1
1
0.99999
1
1
1
1
1
1
1
1
1
1
1
1
1
1
1
1
1
1
1
1
1
1
1
1
1
1
1
1
1
1
1
1
1
1
1
1
1
1
1
1
1
1
1
1
1
1
1
1
1
1
1
1
1
1
1
1
1
1
1
1
1
1
1
1
1
1
1
1
1
1
1
1
1
1
1
1
1
1
1
1
1
1
1
1
1
1
1
1
1
1
1
1
1
1
1
1
1
1
1
1
1
1
1
1
1
1
1
1
1
1
1
1
1
1
1
1
1
1
1
1
1
1
1
1
1
1
1
1
1
1
1
1
1
1
1
1
1
1
1
1
1
1
1
1
1
1
1
1
1
1
1
1
1
1
1
1
1
1
1
1
1
1
1
1
1
1
1
1
1
1
1
1
1
1
1
1
1
1
1
1
1
1
1
1
1
1
1
1
1
1
1
1
1
1
1
1
1
1
1
1
1
1
1
1
1
1
1
1
1
1
1
1
1
1
1
1
1
1
1
1
1
1
1
1
1
1
1
1
1
1
1
1
1
1
1
1
1
1
1
1
1
1
1
1
1
1
1
1
1
1
1
1
1
1
1
1
1
1
1
1
1
1
1
1
1
1
1
1
1
1
1
1
1
1
1
1
1
1
1
1
1
1
1
1
1
1
1
1
1
1
1
1
1
1
1
1
1
1
1
1
1
1
1
1
1
1
1
1
1
1
1
1
1
1
1
1
1
1
1
1
1
1
1
1
1
1
1
1
1
1
1
1
1
1
1
1
1
1
1
1
1
1
1
1
1
1
1
1
1
1
1
1
1
1
1
1
1
1
1
1
1
1
1
1
1
1
1
1
1
1
1
1
1
1
1
1
1
1
1
1
1
1
1
1
1
1
1
1
1
1
1
1
1
1
1
1
1
1
1
1
1
1
1
1
1
1
1
1
1
1
1
1
1
1
1
1
1
1
1
1
1
1
1
1
1
1
1
1
1
1
1
1
1
1
1
1
1
1
1
1
1
1
1
1
1
1
1
1
1
1
1
1
1
1
1
1
1
1
1
1
1
1
1
1
1
1
1
1
1
1
1
1
1
1
1
1
1
1
1
1
1
1
1
1
1
1
1
1
1
1
1
1
1
1
1
1
1
1
1
1
1
1
1
1
1
1
1
1
1
1
1
1
1
1
1
1
1
1
1
1
1
1
0.724822
0.710752
0.708634
0.708481
0.709086
0.711066
0.712477
0.713132
0.712896
0.710937
0.71155
0.713782
0.718745
0.730182
0.752057
0.770487
0.781307
0.785711
0.785633
0.78577
0.786081
0.78677
0.787122
0.787263
0.787631
0.787946
0.787528
0.783362
0.772585
0.76736
0.766886
0.769277
0.773446
0.775236
0.778965
0.802445
0.88789
0.919984
0.92598
0.926656
0.925845
0.922727
0.917145
0.909935
0.902002
0.893951
0.886071
0.878724
0.872512
0.867704
0.863856
0.861178
0.860396
0.860256
0.860297
0.860685
0.861696
0.863203
0.864233
0.864915
0.865141
0.865118
0.86421
0.862883
0.861273
0.859243
0.857027
0.8547
0.852216
0.849734
0.847379
0.845127
0.842605
0.840845
0.838512
0.837299
0.836276
0.835645
0.835529
0.835793
0.839427
0.835105
0.798411
0.821432
0.853177
0.886392
0.897385
0.890255
0.878671
0.873643
0.87435
0.883168
0.90143
0.914717
0.925837
0.932322
0.939543
0.943299
0.946989
0.949637
0.949486
0.948531
0.947661
0.946861
0.944533
0.941378
0.936487
0.920474
0.916858
0.919674
0.920959
0.922239
0.923031
0.92405
0.925179
0.926502
0.927573
0.928465
0.929504
0.930169
0.930562
0.93081
0.930888
0.930893
0.930678
0.930331
0.929957
0.929529
0.928978
0.928376
0.927661
0.927116
0.926487
0.925831
0.925403
0.925348
0.925656
0.926358
0.927308
0.928358
0.929434
0.930497
0.931505
0.932425
0.933238
0.934127
0.934958
0.935856
0.936775
0.93765
0.93837
0.938755
0.938818
0.938751
0.938757
0.939168
0.940991
0.946189
0.951617
0.955207
0.956591
0.956489
0.952417
0.922066
0.880334
0.870448
0.871446
0.874763
0.876893
0.878619
0.880206
0.881544
0.882432
0.883038
0.883933
0.885843
0.889461
0.893802
0.898373
0.901446
0.727897
0.711585
0.707812
0.707486
0.709849
0.715519
0.722135
0.731023
0.738132
0.73845
0.734717
0.728148
0.727688
0.730317
0.741201
0.746248
0.751651
0.758321
0.766119
0.768127
0.768244
0.768063
0.767384
0.767498
0.770089
0.774998
0.776321
0.775793
0.773468
0.772388
0.773242
0.777314
0.786181
0.807764
0.854832
0.894608
0.919884
0.928218
0.930242
0.930292
0.928734
0.924626
0.918467
0.911679
0.905227
0.899264
0.895394
0.893986
0.8937
0.895146
0.900475
0.908638
0.916424
0.923892
0.931641
0.938147
0.943192
0.946742
0.949152
0.950374
0.950904
0.950992
0.949846
0.947212
0.943801
0.938042
0.931448
0.922973
0.912881
0.901112
0.888434
0.87766
0.865811
0.85615
0.846901
0.842534
0.838883
0.836724
0.834196
0.834392
0.838665
0.832135
0.798338
0.81972
0.863393
0.910342
0.932777
0.939574
0.934762
0.932519
0.935487
0.94351
0.951558
0.958729
0.964744
0.968292
0.970605
0.971808
0.971721
0.970346
0.969296
0.967568
0.964389
0.956324
0.951704
0.940804
0.919273
0.916977
0.918106
0.921913
0.925212
0.930433
0.935165
0.937876
0.940639
0.942568
0.943447
0.944206
0.944968
0.945663
0.946267
0.946994
0.947557
0.948146
0.948541
0.948764
0.94895
0.949133
0.949393
0.949453
0.949128
0.947721
0.944538
0.939411
0.934045
0.929008
0.925614
0.923507
0.922514
0.922308
0.922536
0.923282
0.924186
0.925273
0.926526
0.927895
0.929426
0.93123
0.933505
0.936339
0.9396
0.942826
0.945495
0.946926
0.946986
0.945556
0.939346
0.934144
0.9329
0.933317
0.937622
0.950367
0.953849
0.950219
0.935182
0.906828
0.891193
0.883245
0.879714
0.878034
0.874679
0.870351
0.868554
0.868645
0.871089
0.876995
0.88192
0.886209
0.889215
0.895223
0.740933
0.723568
0.711535
0.70695
0.708017
0.71058
0.715979
0.73026
0.748967
0.760071
0.762851
0.762651
0.76159
0.758116
0.74237
0.726767
0.727954
0.744762
0.765219
0.778735
0.786528
0.787812
0.786897
0.783798
0.782702
0.782142
0.7813
0.78099
0.783342
0.789286
0.801387
0.825568
0.862251
0.895974
0.923252
0.935794
0.944608
0.947462
0.948096
0.948193
0.947368
0.944324
0.939668
0.937818
0.937404
0.937793
0.940776
0.947023
0.954304
0.96082
0.96669
0.97155
0.975874
0.979003
0.980389
0.980999
0.981164
0.981173
0.981171
0.981207
0.981367
0.981694
0.982311
0.983085
0.98356
0.983758
0.982873
0.980476
0.97647
0.969129
0.956359
0.935458
0.908797
0.882888
0.860584
0.849526
0.842801
0.838872
0.835948
0.834725
0.838625
0.827203
0.793617
0.797417
0.822669
0.871417
0.928245
0.948398
0.952729
0.954424
0.958117
0.962429
0.966806
0.970562
0.973735
0.975246
0.975541
0.975281
0.974009
0.969423
0.966809
0.966367
0.965403
0.962512
0.952956
0.924667
0.916309
0.917601
0.921702
0.930046
0.938054
0.94152
0.943043
0.943831
0.944155
0.944238
0.944196
0.94405
0.944032
0.944635
0.945749
0.946899
0.948423
0.949568
0.950614
0.951329
0.952056
0.952628
0.953912
0.955196
0.957093
0.959415
0.96142
0.962213
0.960344
0.956183
0.948901
0.940273
0.932835
0.92806
0.925294
0.923749
0.922949
0.922566
0.922459
0.922542
0.922817
0.923132
0.923585
0.924453
0.926391
0.930619
0.93689
0.945827
0.955658
0.960935
0.961431
0.960364
0.955666
0.942688
0.936563
0.93658
0.941989
0.951782
0.95306
0.951628
0.947175
0.933793
0.921669
0.916314
0.908285
0.896748
0.886525
0.877365
0.869265
0.864212
0.862796
0.862996
0.864511
0.871746
0.748775
0.740904
0.724547
0.714029
0.709686
0.710718
0.716062
0.730777
0.752639
0.766891
0.771557
0.77166
0.770836
0.768417
0.761059
0.739794
0.734177
0.744989
0.787487
0.800408
0.794743
0.793962
0.796
0.796997
0.796035
0.795485
0.798162
0.80781
0.82653
0.852334
0.879273
0.904129
0.924045
0.945153
0.955022
0.961537
0.967805
0.970265
0.971082
0.971286
0.971145
0.969656
0.967876
0.967643
0.967913
0.968963
0.970985
0.973909
0.976996
0.979423
0.981111
0.982105
0.98243
0.982479
0.982145
0.981046
0.979304
0.977828
0.97668
0.976057
0.975846
0.976173
0.978315
0.981251
0.983789
0.986275
0.987773
0.98839
0.9885
0.987753
0.984713
0.977949
0.962642
0.930362
0.885552
0.858544
0.845951
0.839718
0.837005
0.836396
0.838937
0.827986
0.790563
0.78613
0.796703
0.817641
0.858403
0.939498
0.955305
0.959727
0.963901
0.967626
0.970716
0.973448
0.976159
0.977202
0.977201
0.976229
0.971909
0.958896
0.956331
0.958523
0.96311
0.962111
0.946815
0.917587
0.916439
0.920055
0.93034
0.937984
0.940512
0.941098
0.941015
0.938548
0.934983
0.931256
0.928211
0.926879
0.926494
0.927793
0.931132
0.934642
0.940106
0.944258
0.947312
0.948983
0.950401
0.951082
0.952122
0.953079
0.955054
0.958296
0.962267
0.965447
0.966728
0.966459
0.965396
0.96292
0.958628
0.952814
0.946641
0.941134
0.936463
0.932481
0.929311
0.926976
0.925491
0.92449
0.923811
0.923423
0.923301
0.92343
0.924219
0.926574
0.933458
0.948347
0.961389
0.968061
0.968767
0.966086
0.952258
0.940481
0.938752
0.941347
0.95048
0.958917
0.961567
0.961416
0.959056
0.951036
0.94496
0.940961
0.934316
0.917097
0.893982
0.878281
0.867619
0.859952
0.855935
0.855648
0.738673
0.718524
0.700204
0.6981
0.700034
0.706943
0.72671
0.758482
0.772085
0.774752
0.774369
0.772476
0.769426
0.766553
0.759746
0.739948
0.736405
0.762835
0.810242
0.810414
0.80956
0.818997
0.824291
0.824117
0.82372
0.829109
0.846401
0.87194
0.896536
0.914441
0.929079
0.944851
0.959407
0.96957
0.974142
0.978235
0.981302
0.982212
0.982424
0.982311
0.981212
0.979939
0.978391
0.97747
0.977344
0.97749
0.977908
0.978625
0.979316
0.979585
0.979656
0.978856
0.976457
0.973019
0.968427
0.963228
0.958395
0.954471
0.952449
0.951756
0.95165
0.952384
0.95493
0.958979
0.964405
0.971242
0.97875
0.9846
0.987541
0.988832
0.989131
0.987719
0.984389
0.973539
0.94747
0.889471
0.860818
0.847458
0.842289
0.840788
0.840914
0.834934
0.799005
0.790814
0.805192
0.807141
0.815424
0.885466
0.945302
0.958954
0.964838
0.969168
0.972893
0.976021
0.978583
0.979671
0.979523
0.976652
0.963239
0.943004
0.941544
0.945153
0.957805
0.960826
0.933235
0.915841
0.917353
0.925535
0.935902
0.93888
0.939412
0.937024
0.929843
0.917499
0.908272
0.902649
0.898557
0.896983
0.896624
0.899508
0.906082
0.913733
0.923677
0.934164
0.941897
0.945779
0.94909
0.950675
0.951665
0.952351
0.953549
0.955823
0.960692
0.965509
0.968514
0.96917
0.969036
0.968437
0.967566
0.966589
0.964649
0.960172
0.954442
0.948829
0.943653
0.939294
0.935788
0.933046
0.930823
0.928935
0.927353
0.926233
0.925755
0.925826
0.926989
0.931815
0.945626
0.960749
0.97014
0.972145
0.970342
0.958329
0.943863
0.940985
0.942876
0.952333
0.9625
0.967868
0.968768
0.967893
0.963992
0.961088
0.959046
0.955233
0.946554
0.921825
0.892261
0.872891
0.862025
0.856989
0.703498
0.692441
0.693152
0.696046
0.705219
0.733458
0.766703
0.777073
0.777138
0.774172
0.763064
0.748339
0.748146
0.752814
0.752191
0.737833
0.739919
0.797453
0.827054
0.830009
0.840833
0.851765
0.85218
0.85016
0.851888
0.865986
0.894578
0.923922
0.939059
0.947508
0.956914
0.96833
0.977993
0.982332
0.984543
0.986244
0.986946
0.987061
0.986422
0.985125
0.983735
0.982094
0.980535
0.979068
0.978219
0.977725
0.977561
0.977227
0.976331
0.974233
0.970301
0.965528
0.959337
0.952585
0.946719
0.943726
0.942735
0.94245
0.942466
0.942891
0.94373
0.944945
0.946482
0.948235
0.95049
0.953509
0.957755
0.963776
0.972983
0.980755
0.985831
0.987741
0.988089
0.985541
0.978939
0.956462
0.901381
0.865204
0.850362
0.845905
0.844952
0.843841
0.826321
0.815417
0.821028
0.810489
0.808166
0.824441
0.901938
0.947682
0.962147
0.968633
0.97392
0.979563
0.98358
0.98429
0.983669
0.975766
0.947314
0.93108
0.929677
0.933159
0.948938
0.958647
0.924116
0.915172
0.919443
0.931633
0.936999
0.937881
0.934572
0.92165
0.903531
0.89519
0.888073
0.882742
0.879313
0.876631
0.87575
0.876039
0.882527
0.894776
0.907589
0.923962
0.936383
0.944031
0.94836
0.950606
0.951724
0.95244
0.95345
0.955446
0.960193
0.965522
0.969339
0.970743
0.970804
0.970697
0.970378
0.96959
0.967836
0.963737
0.957923
0.952699
0.948196
0.944558
0.941392
0.938731
0.936561
0.934691
0.932934
0.931332
0.930183
0.929736
0.929873
0.93161
0.938675
0.952326
0.965883
0.974057
0.975552
0.97351
0.960479
0.945591
0.94249
0.944031
0.954256
0.965582
0.971408
0.972902
0.972704
0.97144
0.970415
0.969466
0.967416
0.962154
0.947389
0.912031
0.886595
0.86942
0.689991
0.693965
0.700537
0.712491
0.743313
0.776009
0.782644
0.7805
0.771395
0.745076
0.71028
0.705508
0.710687
0.730969
0.740412
0.732893
0.755689
0.823541
0.845459
0.853055
0.870823
0.878521
0.877164
0.874223
0.87659
0.893458
0.927218
0.952871
0.962634
0.967708
0.973398
0.981334
0.986147
0.9879
0.988639
0.988909
0.988904
0.988049
0.986838
0.985247
0.983661
0.981793
0.979964
0.978072
0.976495
0.974699
0.972329
0.969803
0.967001
0.96316
0.957319
0.949624
0.943057
0.940458
0.939402
0.939077
0.939047
0.939446
0.940441
0.941586
0.942888
0.944362
0.945907
0.947397
0.948982
0.950697
0.952923
0.955377
0.958577
0.963206
0.969418
0.977771
0.983836
0.986688
0.98699
0.983301
0.969537
0.928098
0.876586
0.854017
0.847647
0.846029
0.840594
0.837801
0.828837
0.812399
0.807325
0.812591
0.853232
0.923889
0.953185
0.964906
0.972738
0.979896
0.985993
0.987983
0.986167
0.967964
0.934092
0.9269
0.925739
0.928381
0.945894
0.953938
0.919365
0.915235
0.922443
0.933903
0.936456
0.934558
0.922848
0.904038
0.895126
0.888815
0.88094
0.875404
0.870906
0.865917
0.86332
0.862338
0.864885
0.878208
0.894859
0.916654
0.932314
0.942583
0.948083
0.950881
0.952523
0.95341
0.954227
0.955908
0.960502
0.967069
0.971
0.972516
0.972595
0.972395
0.971816
0.970338
0.967835
0.962937
0.957514
0.952767
0.949511
0.946887
0.944948
0.943452
0.941954
0.94028
0.938303
0.936116
0.934202
0.933174
0.933083
0.934235
0.94016
0.950858
0.962562
0.972974
0.978175
0.978508
0.975297
0.958975
0.945749
0.94328
0.945243
0.956712
0.96836
0.974028
0.975982
0.976187
0.976036
0.975722
0.975225
0.974051
0.970808
0.96149
0.93975
0.906593
0.699849
0.714523
0.729107
0.758887
0.790609
0.790543
0.785579
0.769243
0.727348
0.679112
0.664189
0.667511
0.684852
0.722396
0.732863
0.734451
0.781267
0.844619
0.864969
0.875356
0.895457
0.902169
0.900458
0.89667
0.897901
0.911977
0.944191
0.967914
0.975665
0.979326
0.982532
0.987131
0.989169
0.989702
0.989802
0.989575
0.988925
0.987834
0.986205
0.984054
0.981671
0.978825
0.975675
0.972419
0.969704
0.967206
0.96543
0.963462
0.958981
0.95186
0.943859
0.939506
0.937616
0.93689
0.936685
0.936691
0.937212
0.93836
0.939535
0.940857
0.942644
0.944731
0.947271
0.950434
0.952469
0.953432
0.95417
0.955254
0.956964
0.959356
0.962034
0.96514
0.969589
0.97733
0.983844
0.987059
0.987384
0.982986
0.963199
0.90905
0.875125
0.856668
0.850987
0.846163
0.834777
0.819852
0.811623
0.812652
0.835757
0.899003
0.939406
0.957657
0.9692
0.978456
0.986029
0.989056
0.986629
0.957608
0.92757
0.926296
0.926287
0.928708
0.946294
0.948942
0.916799
0.91549
0.925507
0.934162
0.935144
0.92986
0.913608
0.901196
0.895931
0.890643
0.883097
0.872925
0.859534
0.84986
0.842762
0.839219
0.838572
0.853191
0.877796
0.907336
0.928988
0.941447
0.94816
0.952037
0.95386
0.954738
0.955785
0.957894
0.963118
0.970157
0.973875
0.974485
0.974313
0.973903
0.97253
0.969528
0.96416
0.958089
0.953847
0.951664
0.949941
0.949774
0.950428
0.952011
0.952689
0.952475
0.951105
0.947827
0.943774
0.940407
0.939039
0.939416
0.944138
0.954722
0.964307
0.973645
0.980076
0.981994
0.981276
0.975015
0.954869
0.94507
0.943732
0.946718
0.960125
0.971237
0.976324
0.978229
0.978632
0.978653
0.97858
0.978332
0.977677
0.975763
0.970694
0.952278
0.724767
0.760328
0.785111
0.810907
0.805446
0.791572
0.76775
0.718595
0.672815
0.649018
0.645351
0.650745
0.679194
0.721264
0.730025
0.740758
0.80706
0.864049
0.883548
0.8945
0.915063
0.922618
0.921756
0.917342
0.917205
0.925949
0.951799
0.975121
0.982062
0.984987
0.986854
0.989077
0.989893
0.99001
0.989877
0.989353
0.988196
0.986138
0.982999
0.978681
0.974285
0.970474
0.967268
0.965496
0.963936
0.962656
0.960607
0.956376
0.949256
0.941903
0.937441
0.935668
0.934933
0.934653
0.934574
0.934648
0.935124
0.935577
0.936348
0.938031
0.94024
0.943122
0.946891
0.951313
0.956649
0.961585
0.963876
0.963167
0.962066
0.961591
0.962187
0.963666
0.96556
0.96779
0.971127
0.977949
0.985445
0.989366
0.990213
0.987159
0.973532
0.946357
0.922239
0.906906
0.892526
0.871159
0.845152
0.832967
0.84072
0.885386
0.925947
0.948653
0.963698
0.975285
0.984634
0.989166
0.986326
0.949888
0.924052
0.930495
0.93109
0.931206
0.947562
0.94484
0.915347
0.915686
0.927115
0.933904
0.933793
0.925413
0.909542
0.902756
0.900519
0.899702
0.893471
0.875835
0.852603
0.832123
0.819746
0.812541
0.810529
0.823709
0.859072
0.897408
0.924969
0.940171
0.948572
0.953067
0.955129
0.956165
0.957554
0.960538
0.967281
0.973521
0.976963
0.977369
0.977093
0.975526
0.972276
0.964955
0.957689
0.953881
0.952347
0.951813
0.952558
0.954894
0.959931
0.965059
0.969071
0.970189
0.969835
0.968345
0.964011
0.957108
0.951674
0.949568
0.950204
0.955998
0.966908
0.97642
0.983264
0.98597
0.986001
0.983663
0.970638
0.950908
0.944328
0.944114
0.949287
0.964695
0.974166
0.978275
0.979753
0.980107
0.980195
0.980399
0.980409
0.98022
0.979378
0.974743
0.737503
0.806086
0.827167
0.823607
0.805798
0.761107
0.722997
0.679417
0.650533
0.638084
0.638599
0.650828
0.684898
0.721507
0.730651
0.754491
0.828031
0.88169
0.900605
0.910777
0.929041
0.939755
0.940203
0.93614
0.93463
0.938423
0.955269
0.977611
0.984724
0.987067
0.98826
0.989412
0.989878
0.989908
0.989445
0.987986
0.984763
0.979645
0.974609
0.969983
0.967027
0.964853
0.963134
0.961999
0.960807
0.95897
0.954916
0.948614
0.94169
0.936551
0.934341
0.933298
0.932749
0.932318
0.931936
0.931743
0.931674
0.931726
0.932047
0.932666
0.933816
0.936118
0.940103
0.946245
0.954248
0.962734
0.96986
0.973981
0.97567
0.973773
0.970715
0.968249
0.967293
0.9675
0.968586
0.970218
0.97273
0.978952
0.987348
0.992686
0.994538
0.994648
0.99241
0.988769
0.983459
0.971222
0.940025
0.897627
0.880037
0.888654
0.916771
0.93773
0.955374
0.969344
0.980844
0.98845
0.986203
0.946894
0.921379
0.936676
0.940472
0.937585
0.950923
0.939127
0.914479
0.915753
0.928249
0.933502
0.932209
0.922092
0.910486
0.907848
0.910009
0.910502
0.902937
0.877057
0.839344
0.814331
0.800909
0.796872
0.797377
0.80728
0.839941
0.888953
0.921806
0.939589
0.949007
0.954414
0.957335
0.959044
0.961199
0.965889
0.973637
0.978749
0.98023
0.980111
0.97876
0.975736
0.968161
0.958676
0.953963
0.952475
0.95255
0.953666
0.957396
0.966037
0.975915
0.983373
0.988363
0.990533
0.990653
0.990127
0.988526
0.984572
0.976241
0.968156
0.964106
0.964151
0.968072
0.976994
0.984509
0.988604
0.989455
0.988706
0.983246
0.962727
0.947475
0.94378
0.944918
0.954567
0.969384
0.9768
0.979745
0.980731
0.980988
0.981182
0.981781
0.98275
0.982888
0.981946
0.740299
0.820226
0.839251
0.826452
0.787346
0.734249
0.696839
0.658771
0.642237
0.634865
0.640395
0.65579
0.695194
0.72185
0.732838
0.769756
0.843312
0.896183
0.915446
0.92485
0.938356
0.952456
0.95466
0.952582
0.949728
0.950325
0.958599
0.976929
0.985051
0.987387
0.988406
0.989251
0.989549
0.989234
0.987757
0.984528
0.979512
0.973761
0.96912
0.965661
0.963596
0.961355
0.960379
0.959402
0.957851
0.954442
0.949418
0.942845
0.936913
0.933852
0.932462
0.931756
0.931312
0.93102
0.930888
0.930845
0.930848
0.930887
0.930949
0.931094
0.931418
0.932054
0.933349
0.936099
0.942642
0.955021
0.968132
0.975791
0.980365
0.98269
0.982944
0.97996
0.976854
0.974176
0.971991
0.970858
0.970957
0.972121
0.974324
0.980029
0.988633
0.994536
0.996839
0.99767
0.997743
0.996634
0.992065
0.977268
0.943608
0.920812
0.919389
0.930212
0.944524
0.959624
0.974049
0.986055
0.98698
0.946571
0.916954
0.943208
0.947969
0.945537
0.952305
0.930467
0.913211
0.915661
0.928497
0.933099
0.931816
0.922278
0.913382
0.913104
0.916803
0.917734
0.908309
0.873582
0.826044
0.803698
0.794482
0.792575
0.794024
0.801998
0.831587
0.885612
0.920998
0.941403
0.952469
0.958731
0.962227
0.964422
0.967899
0.975103
0.980564
0.982593
0.982493
0.981391
0.979004
0.972975
0.961623
0.954479
0.952189
0.952149
0.953025
0.95675
0.967144
0.981276
0.989321
0.993702
0.996051
0.997317
0.99771
0.997677
0.997434
0.996793
0.995374
0.991781
0.984661
0.97876
0.977409
0.979034
0.984472
0.989657
0.991676
0.991647
0.989415
0.977181
0.954326
0.945024
0.94389
0.947494
0.962128
0.973774
0.978892
0.980743
0.981309
0.981557
0.982044
0.983625
0.985519
0.985723
0.740472
0.825211
0.844771
0.826856
0.77433
0.721901
0.679423
0.651338
0.641089
0.640909
0.649024
0.667341
0.702554
0.722789
0.737118
0.781353
0.853244
0.906167
0.92788
0.936691
0.945312
0.959492
0.965594
0.96537
0.962334
0.961059
0.963655
0.974692
0.984706
0.987248
0.988187
0.988629
0.988572
0.987476
0.983851
0.977566
0.973268
0.969624
0.965979
0.963013
0.961604
0.960276
0.959129
0.957513
0.955022
0.950807
0.944852
0.938976
0.934494
0.932412
0.931481
0.93105
0.930861
0.930797
0.930789
0.93084
0.930888
0.930887
0.930873
0.930906
0.931047
0.931325
0.931899
0.933033
0.935076
0.940196
0.95579
0.971875
0.980022
0.98434
0.986488
0.986923
0.985557
0.984424
0.982646
0.979797
0.976146
0.973735
0.973043
0.973893
0.976101
0.982053
0.990389
0.995546
0.997832
0.998609
0.9986
0.997235
0.990733
0.969831
0.946206
0.938358
0.941535
0.952819
0.96476
0.98076
0.987244
0.952392
0.910535
0.94701
0.951661
0.949913
0.951744
0.924078
0.911866
0.915312
0.928266
0.932927
0.932
0.923511
0.915513
0.915206
0.920437
0.922871
0.917346
0.879371
0.830941
0.804997
0.794338
0.792452
0.793722
0.800906
0.829259
0.885453
0.925872
0.948035
0.959054
0.965196
0.968994
0.972163
0.978048
0.982588
0.984053
0.984001
0.983215
0.981328
0.976719
0.965656
0.955735
0.952073
0.951571
0.95203
0.954732
0.964099
0.980188
0.989478
0.994462
0.997057
0.998379
0.99902
0.999271
0.999306
0.999281
0.999184
0.99893
0.998309
0.9968
0.993401
0.988867
0.986376
0.986976
0.990044
0.992881
0.993417
0.992606
0.98686
0.965506
0.948387
0.943993
0.944915
0.954321
0.969407
0.977198
0.980323
0.981328
0.981691
0.9822
0.983616
0.98698
0.988226
0.74171
0.830742
0.850276
0.827596
0.768778
0.712724
0.669208
0.650066
0.646845
0.651285
0.664697
0.680666
0.707799
0.724326
0.741529
0.790413
0.854277
0.910151
0.938994
0.947928
0.953223
0.961535
0.971584
0.974312
0.973233
0.970524
0.969879
0.973866
0.982998
0.986613
0.987131
0.986665
0.985033
0.982433
0.979113
0.975271
0.970294
0.965986
0.962961
0.961487
0.959988
0.958084
0.956818
0.954846
0.951564
0.947373
0.942156
0.936738
0.933206
0.931731
0.931147
0.930924
0.930866
0.9309
0.931242
0.931652
0.931787
0.931583
0.931246
0.931069
0.931034
0.931224
0.931646
0.932512
0.933583
0.935367
0.94013
0.957416
0.974123
0.982749
0.987017
0.989079
0.98969
0.989075
0.989431
0.989822
0.988669
0.985121
0.98013
0.97608
0.974748
0.975525
0.978306
0.985421
0.992791
0.996792
0.998579
0.999038
0.998816
0.996723
0.988313
0.969172
0.955859
0.954705
0.960751
0.972216
0.985811
0.967394
0.908169
0.945674
0.952347
0.950901
0.946998
0.919235
0.911137
0.914597
0.927556
0.932679
0.932442
0.926756
0.918322
0.918592
0.922862
0.925736
0.922902
0.90188
0.851651
0.816554
0.799287
0.795256
0.796366
0.803805
0.836668
0.897104
0.935715
0.956092
0.966763
0.973146
0.977788
0.98189
0.984214
0.985093
0.98499
0.984427
0.982917
0.978937
0.96865
0.956806
0.952289
0.951308
0.951447
0.953145
0.959777
0.976202
0.987194
0.993462
0.996821
0.998475
0.999204
0.999483
0.999561
0.999562
0.999553
0.999525
0.999473
0.999362
0.999068
0.998312
0.996372
0.993687
0.99203
0.992197
0.993609
0.994558
0.994337
0.991597
0.977401
0.95447
0.945127
0.944348
0.948816
0.964183
0.974825
0.979505
0.981167
0.981722
0.982305
0.983687
0.987574
0.990067
0.746854
0.839969
0.858604
0.832118
0.767016
0.707627
0.665814
0.652714
0.652356
0.662455
0.677978
0.689619
0.71174
0.727829
0.750685
0.801497
0.852279
0.908631
0.945276
0.957835
0.96295
0.96626
0.972778
0.978709
0.98025
0.97929
0.977154
0.976169
0.980584
0.984835
0.985874
0.985468
0.98303
0.978174
0.972918
0.970619
0.968663
0.965037
0.961443
0.95968
0.958716
0.956865
0.95487
0.952384
0.94909
0.944667
0.940215
0.935942
0.933067
0.931759
0.93117
0.930944
0.930922
0.931206
0.93197
0.932374
0.93224
0.931968
0.931699
0.931469
0.931372
0.931393
0.931651
0.932515
0.93348
0.934628
0.93632
0.941375
0.95921
0.975089
0.984186
0.988968
0.991395
0.992879
0.993506
0.994054
0.995087
0.995152
0.99385
0.98917
0.981525
0.976695
0.975914
0.977037
0.981484
0.989586
0.99525
0.998122
0.999176
0.999332
0.99887
0.996055
0.985301
0.970165
0.965349
0.968002
0.980586
0.980751
0.910176
0.936943
0.951754
0.950892
0.942089
0.915114
0.90969
0.913001
0.925777
0.932148
0.932717
0.930408
0.924324
0.924448
0.926845
0.92904
0.927953
0.918372
0.881588
0.83617
0.8097
0.802466
0.803591
0.812731
0.851775
0.91055
0.946279
0.965657
0.976806
0.982141
0.984407
0.985413
0.985741
0.985586
0.985107
0.983729
0.980203
0.971172
0.958008
0.952794
0.951367
0.951335
0.952432
0.957134
0.971027
0.983866
0.991554
0.995892
0.99819
0.999218
0.999526
0.999591
0.999582
0.999514
0.999442
0.999296
0.999282
0.999303
0.99927
0.999118
0.998712
0.997664
0.995783
0.99504
0.995181
0.995669
0.995617
0.994253
0.986383
0.962607
0.947677
0.944528
0.946452
0.958496
0.971992
0.978397
0.980881
0.981734
0.982467
0.984055
0.988162
0.991282
0.750186
0.848244
0.866075
0.837913
0.772969
0.705351
0.665483
0.656331
0.657866
0.672459
0.686273
0.694691
0.713589
0.73189
0.757753
0.802604
0.845853
0.900162
0.944845
0.961421
0.970102
0.973954
0.975859
0.979878
0.982784
0.983606
0.983232
0.982034
0.981033
0.983675
0.985101
0.985271
0.983214
0.978233
0.971764
0.96711
0.964441
0.962881
0.959544
0.956421
0.955133
0.954393
0.952918
0.950723
0.947983
0.944207
0.939992
0.936236
0.933412
0.93202
0.931351
0.931054
0.931045
0.931166
0.931546
0.931877
0.931873
0.931829
0.931728
0.931605
0.931643
0.931807
0.932233
0.933408
0.934519
0.935025
0.935971
0.937745
0.943584
0.960936
0.974899
0.984098
0.989819
0.993121
0.995203
0.996655
0.997551
0.998124
0.998151
0.997641
0.995342
0.987282
0.979316
0.976633
0.976685
0.978941
0.986529
0.993652
0.997488
0.999121
0.999546
0.999477
0.998314
0.992145
0.977248
0.971103
0.973562
0.982967
0.926726
0.912258
0.948398
0.950146
0.937864
0.913562
0.908736
0.911418
0.923132
0.931027
0.93265
0.932245
0.929984
0.929911
0.930917
0.931942
0.931442
0.926813
0.906531
0.856822
0.822279
0.811679
0.812552
0.82354
0.868893
0.925632
0.959893
0.977338
0.983143
0.985138
0.985821
0.985981
0.985841
0.98528
0.983693
0.980004
0.971765
0.958696
0.953329
0.951684
0.951538
0.952491
0.956401
0.967849
0.98188
0.991057
0.996043
0.998402
0.999323
0.999608
0.99962
0.999572
0.999386
0.998857
0.998385
0.997468
0.997489
0.997756
0.998408
0.998754
0.998741
0.998585
0.997994
0.996951
0.99662
0.996638
0.996585
0.995829
0.991251
0.972019
0.951801
0.945256
0.945683
0.953768
0.969063
0.977225
0.980606
0.981794
0.982806
0.985079
0.989163
0.992272
0.751164
0.852487
0.873412
0.84916
0.782617
0.710749
0.668927
0.659359
0.66136
0.677739
0.691821
0.699006
0.716081
0.736552
0.761393
0.798158
0.824935
0.871902
0.936291
0.959922
0.971018
0.977536
0.981088
0.982934
0.984908
0.985878
0.985791
0.985419
0.984652
0.98429
0.985056
0.985291
0.984107
0.980252
0.973143
0.967391
0.963517
0.960698
0.957834
0.954798
0.952152
0.950397
0.949097
0.947598
0.945663
0.943172
0.9401
0.937011
0.934424
0.932773
0.931891
0.931427
0.931307
0.931322
0.931414
0.931507
0.931561
0.931594
0.931618
0.931678
0.931846
0.932252
0.933085
0.934768
0.936553
0.937183
0.937098
0.937426
0.939241
0.946901
0.961935
0.973614
0.982788
0.989675
0.99411
0.996641
0.998047
0.998818
0.999219
0.999297
0.999038
0.99764
0.991466
0.981938
0.977318
0.976436
0.977485
0.983859
0.99226
0.996927
0.998994
0.999645
0.99969
0.999057
0.994486
0.979785
0.973555
0.978419
0.969324
0.896741
0.935266
0.9467
0.927849
0.91054
0.907528
0.909277
0.917961
0.928537
0.932027
0.932573
0.93241
0.932564
0.933058
0.933225
0.932789
0.929817
0.915622
0.86689
0.829629
0.819454
0.821302
0.838857
0.898043
0.950397
0.974438
0.98236
0.984848
0.98563
0.985812
0.985504
0.984535
0.982407
0.978101
0.969359
0.958261
0.953572
0.952048
0.951863
0.952868
0.956791
0.967221
0.982867
0.992502
0.996911
0.99879
0.999506
0.999712
0.999698
0.999591
0.999226
0.998305
0.996169
0.993851
0.990463
0.990437
0.991261
0.99345
0.996051
0.997735
0.998281
0.998216
0.997817
0.997333
0.997195
0.997096
0.996643
0.993931
0.980385
0.956908
0.946676
0.945793
0.950563
0.965961
0.976093
0.980413
0.98189
0.983407
0.986397
0.990154
0.993078
0.75076
0.854368
0.880966
0.862227
0.800787
0.724763
0.674883
0.662268
0.662865
0.677892
0.694079
0.701427
0.716313
0.738393
0.761842
0.787489
0.802094
0.832989
0.898651
0.94887
0.968218
0.977101
0.981958
0.984935
0.986861
0.988018
0.988028
0.987659
0.986903
0.986179
0.985912
0.985825
0.985529
0.984149
0.979554
0.970971
0.964979
0.961097
0.957987
0.954953
0.952077
0.949577
0.947486
0.94567
0.943902
0.941981
0.940127
0.937857
0.935822
0.93423
0.933155
0.932432
0.932077
0.931869
0.93177
0.931774
0.931796
0.931848
0.931962
0.932225
0.93278
0.93386
0.935593
0.93756
0.938741
0.939215
0.939025
0.938517
0.938745
0.941128
0.951036
0.961922
0.97152
0.980956
0.988757
0.993907
0.996871
0.998477
0.999258
0.999562
0.999625
0.99947
0.998535
0.994158
0.984074
0.977869
0.976159
0.976702
0.982149
0.991547
0.996712
0.998954
0.999698
0.999781
0.999301
0.994718
0.979651
0.976479
0.977342
0.91711
0.90474
0.936277
0.922507
0.907795
0.9048
0.90547
0.909492
0.92203
0.929514
0.931902
0.932493
0.932989
0.933242
0.933218
0.93263
0.929384
0.913788
0.863807
0.831277
0.825561
0.831315
0.865511
0.934941
0.968833
0.980144
0.983753
0.985016
0.984885
0.98407
0.982305
0.979038
0.973598
0.964643
0.95707
0.95358
0.952337
0.952194
0.953294
0.957493
0.968367
0.985231
0.993663
0.99743
0.999024
0.999627
0.999794
0.999777
0.99964
0.999106
0.997669
0.994415
0.986997
0.979624
0.971093
0.970567
0.972372
0.97739
0.985996
0.992779
0.996341
0.997649
0.997669
0.99744
0.9973
0.997247
0.997013
0.995397
0.986697
0.962662
0.948797
0.946193
0.949025
0.962871
0.975046
0.980195
0.982206
0.984472
0.987571
0.990999
0.993733
0.746255
0.854289
0.88715
0.876055
0.822971
0.746277
0.685017
0.665352
0.663582
0.674546
0.693763
0.701853
0.715548
0.737858
0.761063
0.780429
0.789742
0.807223
0.846667
0.907794
0.953407
0.971666
0.980142
0.984489
0.986936
0.988522
0.989237
0.989356
0.988958
0.988332
0.987458
0.986817
0.986729
0.986333
0.98488
0.980897
0.972542
0.964523
0.95964
0.956036
0.952782
0.949963
0.947592
0.945596
0.943764
0.941938
0.940245
0.93848
0.936833
0.935466
0.934374
0.933616
0.933007
0.932714
0.932491
0.932439
0.932487
0.932662
0.93307
0.934011
0.935388
0.937534
0.939581
0.941381
0.941818
0.941534
0.940306
0.939259
0.939084
0.939874
0.945114
0.95352
0.96031
0.969101
0.978873
0.987145
0.992864
0.99644
0.998466
0.999384
0.999665
0.999714
0.9996
0.998915
0.995532
0.985294
0.978124
0.976089
0.976643
0.982376
0.992034
0.997038
0.999099
0.999754
0.999804
0.999163
0.99251
0.979313
0.977518
0.960126
0.906795
0.910838
0.912495
0.905972
0.902968
0.902802
0.904147
0.909842
0.922982
0.928812
0.931182
0.932203
0.932277
0.931907
0.9302
0.923487
0.893052
0.846378
0.830374
0.831336
0.84841
0.911139
0.960307
0.976748
0.981858
0.983779
0.983324
0.981523
0.977952
0.973326
0.966946
0.96015
0.956138
0.953828
0.952737
0.952672
0.953777
0.958082
0.969379
0.986805
0.994442
0.997754
0.999151
0.999697
0.999853
0.999844
0.999727
0.99917
0.997368
0.992767
0.982152
0.963464
0.948287
0.936539
0.934612
0.936601
0.942574
0.95757
0.977422
0.989519
0.995013
0.996815
0.997175
0.99724
0.997233
0.997137
0.996171
0.990367
0.96884
0.951285
0.946783
0.948394
0.960232
0.973937
0.980131
0.98302
0.985659
0.98867
0.991786
0.994324
0.743022
0.847399
0.890832
0.886784
0.844865
0.771658
0.701187
0.670615
0.665006
0.669378
0.68951
0.701591
0.712859
0.735239
0.758595
0.77577
0.783093
0.792388
0.815089
0.854403
0.903913
0.947603
0.968771
0.979371
0.984826
0.987725
0.989086
0.989664
0.989878
0.989764
0.989381
0.988626
0.987711
0.987205
0.986776
0.985638
0.982749
0.976017
0.966106
0.959804
0.955227
0.951548
0.948543
0.946125
0.944106
0.942223
0.940583
0.93902
0.937573
0.936358
0.935337
0.934551
0.934032
0.933665
0.933633
0.933735
0.934091
0.934975
0.936319
0.938681
0.941042
0.943159
0.944731
0.944774
0.944476
0.943396
0.941305
0.93994
0.939538
0.939821
0.942345
0.94914
0.953666
0.95802
0.966368
0.976925
0.98598
0.992464
0.996522
0.998644
0.999488
0.999738
0.999791
0.999721
0.999197
0.99614
0.985392
0.978016
0.976269
0.977235
0.984491
0.99348
0.997715
0.999353
0.99981
0.999776
0.998515
0.988066
0.980161
0.972937
0.928396
0.907059
0.900296
0.901026
0.900631
0.900477
0.900951
0.903863
0.911059
0.920474
0.92589
0.927803
0.927469
0.925693
0.920179
0.900606
0.856756
0.835692
0.833422
0.842494
0.888487
0.950048
0.972539
0.97957
0.98204
0.981279
0.978533
0.972464
0.966155
0.961291
0.958241
0.956137
0.954605
0.953488
0.95358
0.954623
0.958606
0.969627
0.98725
0.994801
0.997938
0.999224
0.999728
0.999895
0.999903
0.999834
0.999409
0.997729
0.992514
0.979402
0.951341
0.931595
0.9234
0.920293
0.918988
0.91897
0.920091
0.92469
0.937535
0.969009
0.986585
0.993663
0.996072
0.996885
0.997136
0.997105
0.996525
0.992531
0.974359
0.953999
0.947515
0.948236
0.957955
0.972863
0.980348
0.984113
0.98701
0.989868
0.99266
0.994944
0.742396
0.840793
0.892303
0.893583
0.865979
0.801002
0.724796
0.679918
0.667738
0.667532
0.679484
0.699386
0.708624
0.729058
0.752394
0.76978
0.777842
0.783504
0.795637
0.816005
0.84127
0.881002
0.92236
0.955681
0.972362
0.9813
0.985915
0.988296
0.989421
0.989801
0.989855
0.989714
0.989374
0.988601
0.987695
0.987033
0.986142
0.984043
0.979784
0.971353
0.962108
0.95593
0.951413
0.948014
0.945393
0.943232
0.941428
0.939912
0.938538
0.937435
0.936581
0.935878
0.935654
0.935709
0.93603
0.936865
0.938836
0.941482
0.943898
0.946369
0.948318
0.94871
0.948505
0.947861
0.946749
0.945142
0.943224
0.94159
0.940773
0.940679
0.941688
0.946577
0.951342
0.953951
0.957112
0.965164
0.977026
0.986911
0.993578
0.99732
0.999023
0.999646
0.999828
0.99986
0.999799
0.999264
0.995696
0.984169
0.977741
0.976787
0.97877
0.98803
0.995313
0.998461
0.999596
0.99984
0.99963
0.996941
0.98547
0.978986
0.96196
0.9163
0.899796
0.894643
0.89437
0.894764
0.894236
0.892741
0.894208
0.898995
0.908741
0.910165
0.908205
0.901986
0.887232
0.857265
0.838792
0.835534
0.841307
0.872443
0.940373
0.968162
0.977159
0.98013
0.979161
0.975163
0.967575
0.962329
0.959492
0.957841
0.956758
0.955668
0.954737
0.955068
0.95628
0.959863
0.969497
0.987223
0.994879
0.998018
0.999259
0.999743
0.999911
0.999944
0.999914
0.999669
0.998496
0.994046
0.980346
0.946353
0.926009
0.919353
0.917502
0.917381
0.917253
0.916632
0.915572
0.916032
0.919331
0.930997
0.964355
0.985026
0.99287
0.995753
0.996782
0.996971
0.996632
0.993821
0.978961
0.956697
0.948282
0.948294
0.956027
0.971877
0.980677
0.985291
0.988451
0.991174
0.993658
0.995649
0.742607
0.834592
0.892389
0.896903
0.881801
0.830211
0.753117
0.694338
0.672775
0.668693
0.672572
0.689404
0.703125
0.716261
0.738605
0.75786
0.76892
0.776387
0.781098
0.786749
0.796536
0.818831
0.854353
0.891626
0.928139
0.953101
0.967556
0.976394
0.982403
0.986331
0.988397
0.989351
0.989417
0.9893
0.988997
0.988357
0.987242
0.986281
0.9849
0.981845
0.976069
0.96756
0.959354
0.953163
0.94892
0.945879
0.943547
0.941808
0.940425
0.939439
0.939003
0.939007
0.939417
0.940929
0.943767
0.946597
0.948993
0.950944
0.952259
0.952621
0.952608
0.952553
0.952148
0.95137
0.950881
0.949971
0.947829
0.945278
0.943597
0.942897
0.942917
0.945016
0.949679
0.952472
0.954448
0.957594
0.966588
0.979662
0.989518
0.995407
0.998268
0.999412
0.999791
0.999878
0.999873
0.999743
0.998865
0.993213
0.981981
0.977695
0.977758
0.9822
0.991863
0.996993
0.999085
0.999766
0.999826
0.999213
0.994208
0.982918
0.975127
0.949696
0.907647
0.89526
0.891145
0.888606
0.885548
0.881655
0.878587
0.876689
0.877384
0.876454
0.872567
0.866267
0.852051
0.840322
0.838741
0.84347
0.867173
0.932568
0.964486
0.974936
0.978238
0.977225
0.972563
0.965033
0.961584
0.959684
0.958429
0.957531
0.956973
0.956785
0.957361
0.958895
0.96246
0.970779
0.987314
0.994828
0.998012
0.999267
0.999743
0.999917
0.999964
0.999956
0.999851
0.999209
0.996335
0.985509
0.952496
0.925505
0.917469
0.916513
0.916897
0.918705
0.92004
0.919583
0.918024
0.915167
0.915036
0.917765
0.930073
0.964782
0.985199
0.992954
0.995829
0.996644
0.996502
0.99449
0.982629
0.959184
0.949026
0.948394
0.954484
0.970769
0.980879
0.986348
0.989823
0.992476
0.994699
0.996404
0.742536
0.821751
0.887605
0.898242
0.894141
0.863838
0.792646
0.713302
0.680871
0.671942
0.671466
0.677851
0.690942
0.699571
0.714437
0.730101
0.74804
0.763246
0.763668
0.757482
0.75752
0.76539
0.78787
0.811842
0.837869
0.866911
0.892147
0.909143
0.933979
0.953896
0.969848
0.980539
0.985989
0.988283
0.988788
0.988704
0.988397
0.987678
0.98633
0.985194
0.983065
0.978656
0.972522
0.965432
0.958656
0.953173
0.949218
0.946612
0.945298
0.945302
0.94612
0.947924
0.950139
0.952169
0.953686
0.955001
0.955875
0.956681
0.95752
0.958059
0.95838
0.958944
0.959553
0.959834
0.959795
0.959297
0.957468
0.953133
0.949522
0.947598
0.946619
0.946534
0.94865
0.951587
0.953561
0.955587
0.959394
0.970724
0.983861
0.992564
0.997087
0.998998
0.999674
0.999857
0.99987
0.999791
0.999361
0.9973
0.988154
0.979989
0.978247
0.979628
0.987539
0.994948
0.998261
0.999514
0.999841
0.999758
0.998362
0.991379
0.980447
0.970472
0.940944
0.904363
0.892935
0.888201
0.883461
0.878819
0.873285
0.867826
0.863987
0.860157
0.856547
0.850419
0.844374
0.844133
0.849011
0.871071
0.930986
0.962539
0.973286
0.976551
0.975487
0.970405
0.964699
0.961994
0.960563
0.959513
0.958842
0.958934
0.95961
0.961132
0.963118
0.966721
0.974238
0.988281
0.99496
0.997993
0.999255
0.999737
0.999914
0.999971
0.999978
0.999947
0.999681
0.998197
0.991662
0.96737
0.92934
0.916821
0.915236
0.916291
0.919744
0.927322
0.932516
0.931939
0.928952
0.921002
0.915685
0.914987
0.918198
0.932832
0.968808
0.986908
0.993689
0.995922
0.996109
0.994738
0.985341
0.96146
0.949724
0.948475
0.953447
0.969517
0.980791
0.987096
0.990942
0.993606
0.995639
0.99711
0.742043
0.79674
0.873986
0.897254
0.897485
0.876831
0.825506
0.754744
0.697836
0.678381
0.674123
0.675137
0.680137
0.68662
0.695092
0.703736
0.718847
0.736573
0.738314
0.733863
0.730119
0.732818
0.745042
0.764693
0.780793
0.791562
0.798463
0.800668
0.807331
0.822131
0.849643
0.907525
0.950513
0.97377
0.983764
0.987336
0.988086
0.987989
0.987585
0.98637
0.98512
0.98344
0.980121
0.975581
0.970143
0.964794
0.960877
0.95796
0.956617
0.956247
0.956008
0.956304
0.956988
0.95788
0.959489
0.961296
0.962416
0.962334
0.961974
0.961711
0.961635
0.961717
0.962159
0.962912
0.963944
0.965181
0.965926
0.965234
0.960784
0.956945
0.954377
0.952126
0.951019
0.951575
0.953352
0.955093
0.957671
0.963402
0.977364
0.988818
0.995372
0.998345
0.999463
0.999793
0.99983
0.999754
0.999368
0.99793
0.991872
0.98284
0.979302
0.979415
0.983794
0.992505
0.997142
0.999084
0.999757
0.999856
0.999562
0.997323
0.989258
0.978175
0.967017
0.938898
0.905512
0.89262
0.885365
0.879962
0.873823
0.867775
0.863031
0.858662
0.854592
0.851883
0.852379
0.858596
0.886329
0.937146
0.963111
0.972355
0.975189
0.974016
0.968757
0.964858
0.962957
0.961674
0.961008
0.961248
0.96194
0.963486
0.966471
0.969693
0.973271
0.980025
0.990348
0.995522
0.998076
0.999247
0.999728
0.999908
0.999972
0.999987
0.999981
0.9999
0.999304
0.996116
0.982142
0.941257
0.917975
0.913812
0.914906
0.920594
0.933368
0.944856
0.951638
0.951163
0.947996
0.938309
0.921998
0.915534
0.915231
0.920035
0.942167
0.974158
0.98922
0.994412
0.995508
0.994556
0.986868
0.963445
0.950308
0.948488
0.95259
0.968102
0.980343
0.98736
0.99164
0.994423
0.996367
0.997684
0.749742
0.793188
0.871154
0.897265
0.897623
0.878177
0.833116
0.776311
0.728006
0.695721
0.681972
0.678648
0.679193
0.681357
0.684726
0.688828
0.698114
0.712264
0.717543
0.717163
0.716442
0.718147
0.728185
0.751511
0.772101
0.789525
0.810058
0.836521
0.857073
0.854965
0.832358
0.818786
0.827552
0.876336
0.943422
0.973316
0.983892
0.987009
0.987344
0.987108
0.98628
0.984912
0.983233
0.980595
0.9769
0.973093
0.969834
0.966639
0.964393
0.962509
0.962147
0.962416
0.96345
0.965689
0.965976
0.965573
0.96457
0.963026
0.961327
0.959609
0.958326
0.957604
0.957715
0.959222
0.961733
0.9644
0.966582
0.967839
0.968154
0.967805
0.966645
0.963417
0.958305
0.955108
0.954469
0.955153
0.957355
0.961164
0.971219
0.984583
0.993243
0.997482
0.999173
0.999701
0.999766
0.999629
0.999033
0.997511
0.992336
0.984133
0.980202
0.979748
0.98177
0.989836
0.995812
0.998505
0.99956
0.999861
0.999838
0.999249
0.996268
0.987313
0.975981
0.965649
0.943124
0.916059
0.898796
0.889494
0.881564
0.875124
0.869533
0.866616
0.866764
0.870401
0.88326
0.917291
0.948295
0.965152
0.972035
0.973919
0.972646
0.968414
0.965467
0.964022
0.963108
0.963447
0.964483
0.966516
0.96901
0.972999
0.977689
0.982305
0.987765
0.993336
0.996536
0.99834
0.999281
0.999721
0.999902
0.999968
0.99999
0.999992
0.999974
0.999795
0.998562
0.992107
0.963806
0.92417
0.912553
0.913011
0.918233
0.934424
0.952763
0.958761
0.962443
0.962387
0.960928
0.956117
0.939813
0.920346
0.914674
0.915375
0.924612
0.955203
0.98017
0.991017
0.994182
0.993925
0.98779
0.965319
0.950829
0.948431
0.951797
0.966474
0.979553
0.987146
0.991863
0.994875
0.996841
0.998092
0.765315
0.822682
0.883652
0.901673
0.9002
0.882921
0.852378
0.818947
0.785943
0.750847
0.72494
0.708874
0.694929
0.688836
0.685893
0.686859
0.689902
0.697983
0.704884
0.707763
0.709534
0.713129
0.724395
0.750751
0.779262
0.8306
0.907312
0.957428
0.976778
0.981184
0.975014
0.938184
0.862923
0.836243
0.846338
0.905005
0.959564
0.979463
0.985434
0.98667
0.986546
0.985944
0.984359
0.982576
0.980218
0.977785
0.974698
0.971342
0.968546
0.967432
0.967562
0.968599
0.969171
0.96837
0.96498
0.962406
0.961146
0.96017
0.958648
0.956252
0.953203
0.949883
0.946616
0.945288
0.947425
0.953322
0.959018
0.964105
0.967821
0.969846
0.970833
0.970937
0.969448
0.963069
0.958594
0.957716
0.958275
0.960932
0.966958
0.980074
0.990689
0.996394
0.998801
0.999602
0.999729
0.999551
0.99838
0.995522
0.990222
0.98392
0.980405
0.979827
0.980974
0.987476
0.994414
0.997829
0.999272
0.999796
0.999894
0.999774
0.998863
0.9953
0.986042
0.974196
0.966005
0.95002
0.936785
0.923916
0.91507
0.908282
0.904579
0.906216
0.911909
0.924083
0.941687
0.957536
0.967092
0.971952
0.972452
0.971033
0.967817
0.966287
0.965116
0.965429
0.966619
0.968981
0.972697
0.976478
0.981109
0.986433
0.990881
0.99409
0.996237
0.997734
0.998749
0.999381
0.999729
0.999896
0.999964
0.999989
0.999995
0.999993
0.999954
0.999591
0.997197
0.984932
0.943321
0.914431
0.910413
0.913773
0.928559
0.951786
0.961283
0.964025
0.965943
0.966722
0.966186
0.963908
0.956579
0.932816
0.916805
0.913982
0.917293
0.936434
0.968779
0.98617
0.992525
0.992872
0.987944
0.966724
0.951159
0.948224
0.950899
0.964358
0.978179
0.986545
0.991687
0.994975
0.997065
0.998332
0.770277
0.82839
0.881704
0.910808
0.919889
0.921575
0.919488
0.909667
0.896336
0.879922
0.862978
0.850717
0.832944
0.797973
0.753298
0.722433
0.707805
0.702264
0.701537
0.703818
0.706862
0.7119
0.724495
0.754523
0.819977
0.913146
0.960917
0.97447
0.978646
0.98319
0.988101
0.989242
0.981407
0.918253
0.856926
0.854873
0.886682
0.950192
0.976045
0.984109
0.985988
0.985942
0.985356
0.983464
0.981694
0.979899
0.976866
0.973581
0.971713
0.971393
0.971112
0.969745
0.962071
0.957757
0.958863
0.963437
0.967967
0.969945
0.970073
0.96768
0.960701
0.953536
0.94684
0.941697
0.938431
0.937149
0.938892
0.947189
0.958959
0.966848
0.970381
0.971423
0.971473
0.970332
0.965254
0.962206
0.962114
0.963081
0.966184
0.975617
0.98784
0.995079
0.998326
0.99948
0.999703
0.999537
0.99814
0.992652
0.986762
0.982394
0.980049
0.979676
0.980559
0.985989
0.993217
0.997151
0.998943
0.999669
0.999895
0.999897
0.999671
0.99848
0.994631
0.98449
0.975339
0.965465
0.960021
0.953238
0.949213
0.945131
0.945003
0.946374
0.950137
0.956315
0.964019
0.969219
0.971042
0.970958
0.969547
0.968176
0.966948
0.967085
0.968177
0.970899
0.975282
0.980328
0.985241
0.989675
0.993315
0.995583
0.997043
0.998015
0.998687
0.999173
0.999527
0.999761
0.999895
0.99996
0.999987
0.999996
0.999997
0.999991
0.999913
0.999223
0.994818
0.973129
0.924388
0.909076
0.909751
0.919725
0.946342
0.960052
0.964652
0.965962
0.96674
0.968605
0.968681
0.967683
0.963664
0.948092
0.922189
0.913827
0.91405
0.923785
0.955547
0.979284
0.989578
0.991181
0.98739
0.967594
0.951257
0.947845
0.949968
0.962123
0.976243
0.985322
0.991156
0.994812
0.997082
0.99843
0.785057
0.812301
0.837752
0.868381
0.891366
0.909392
0.920918
0.925806
0.931078
0.938787
0.945887
0.954327
0.960267
0.958098
0.939756
0.891584
0.83735
0.782753
0.733452
0.711234
0.708863
0.712006
0.725688
0.770628
0.874953
0.945493
0.966412
0.966012
0.961738
0.964915
0.978965
0.989808
0.992202
0.987241
0.934628
0.86922
0.863103
0.886036
0.948062
0.974892
0.983416
0.98539
0.985332
0.984529
0.982616
0.980579
0.977595
0.975338
0.974429
0.973342
0.969683
0.961007
0.959182
0.96432
0.975933
0.982674
0.98715
0.990162
0.991501
0.99139
0.988531
0.978294
0.963668
0.949898
0.940253
0.934768
0.932158
0.931998
0.938364
0.955532
0.964555
0.967706
0.969287
0.970153
0.969078
0.966557
0.96614
0.966481
0.967556
0.972048
0.984938
0.993687
0.997782
0.999327
0.999688
0.999561
0.998198
0.992292
0.98542
0.981323
0.979647
0.979475
0.980348
0.985328
0.992376
0.996562
0.998621
0.999511
0.999854
0.99993
0.999889
0.999554
0.998218
0.994164
0.986613
0.975817
0.969076
0.965
0.963097
0.961836
0.962044
0.962893
0.964766
0.967365
0.969399
0.970056
0.970066
0.96975
0.968584
0.968639
0.96966
0.972156
0.977039
0.983221
0.988624
0.992619
0.994991
0.996553
0.99765
0.998413
0.998927
0.999271
0.999505
0.999679
0.999813
0.999904
0.999958
0.999984
0.999995
0.999998
0.999998
0.999985
0.99984
0.998596
0.990903
0.954992
0.915066
0.906876
0.91093
0.933039
0.955507
0.964042
0.965698
0.966346
0.966943
0.968911
0.97041
0.97013
0.967971
0.959101
0.931708
0.915049
0.912569
0.917429
0.942922
0.972714
0.98675
0.989553
0.986408
0.967648
0.951136
0.94736
0.948962
0.959574
0.97385
0.983567
0.990132
0.994378
0.996953
0.998422
0.99102
0.986535
0.97723
0.969858
0.970003
0.973446
0.976102
0.97393
0.958619
0.948972
0.949122
0.950401
0.953302
0.965523
0.981471
0.984652
0.981623
0.964877
0.893538
0.769934
0.721382
0.716908
0.7313
0.805915
0.905387
0.953693
0.963255
0.958945
0.955624
0.957096
0.969445
0.984966
0.9931
0.993974
0.986693
0.926381
0.871389
0.867122
0.890892
0.950334
0.975242
0.983112
0.984827
0.984673
0.983605
0.980923
0.978407
0.977239
0.975953
0.971888
0.964699
0.963877
0.971053
0.97736
0.981006
0.984911
0.988851
0.99237
0.994921
0.996081
0.99618
0.995497
0.991619
0.97558
0.954354
0.940307
0.933033
0.930463
0.930732
0.938444
0.952004
0.956107
0.958572
0.964075
0.967521
0.967794
0.967571
0.967616
0.968008
0.970543
0.981897
0.992277
0.997203
0.999146
0.999688
0.999648
0.99861
0.993024
0.98547
0.981267
0.979684
0.979548
0.980396
0.985154
0.991905
0.996107
0.998328
0.999349
0.999779
0.999928
0.999942
0.999874
0.9995
0.998211
0.995183
0.988316
0.98131
0.974758
0.970527
0.968461
0.968277
0.968603
0.969332
0.970192
0.970638
0.970727
0.970449
0.970687
0.971778
0.974192
0.979333
0.985652
0.991224
0.994435
0.996349
0.997525
0.998283
0.998805
0.99918
0.999445
0.999625
0.999742
0.999821
0.999881
0.99993
0.999964
0.999984
0.999994
0.999998
0.999999
0.999997
0.999973
0.999706
0.997485
0.984132
0.936157
0.906511
0.905547
0.916347
0.945538
0.962593
0.965841
0.965784
0.965933
0.966605
0.968809
0.971648
0.971861
0.97082
0.965422
0.942825
0.918172
0.911667
0.913754
0.931682
0.965303
0.983351
0.987698
0.985019
0.967275
0.950696
0.94656
0.94757
0.956185
0.970723
0.981367
0.988823
0.993709
0.99668
0.998344
0.999886
0.999713
0.999386
0.998835
0.998159
0.997876
0.997704
0.997306
0.995967
0.992225
0.98346
0.982513
0.984305
0.989444
0.992852
0.994909
0.996047
0.996085
0.994192
0.961807
0.802519
0.737757
0.743816
0.822545
0.913139
0.953296
0.959085
0.956202
0.951609
0.952233
0.965199
0.982827
0.992633
0.99595
0.995265
0.98232
0.912828
0.87119
0.870057
0.897252
0.952974
0.975708
0.982799
0.984182
0.983908
0.982076
0.98045
0.978988
0.975207
0.967802
0.966268
0.970248
0.972535
0.972361
0.973939
0.980496
0.987068
0.992112
0.995462
0.997353
0.998108
0.998172
0.997779
0.99558
0.981787
0.958342
0.943245
0.934315
0.93108
0.932117
0.937542
0.939431
0.940676
0.946004
0.959324
0.965756
0.967424
0.967709
0.968007
0.969825
0.979663
0.991041
0.996646
0.998941
0.999689
0.999771
0.999306
0.995573
0.98735
0.98254
0.980766
0.980582
0.981393
0.985798
0.991889
0.995859
0.9981
0.999205
0.999696
0.9999
0.999959
0.999954
0.999876
0.999546
0.998627
0.996484
0.992221
0.987421
0.983161
0.979429
0.976688
0.974939
0.974607
0.974158
0.974306
0.974858
0.976288
0.979453
0.984085
0.989809
0.993606
0.996019
0.997489
0.998375
0.99891
0.999245
0.999468
0.999627
0.999744
0.999828
0.999884
0.99992
0.999943
0.999961
0.999976
0.999988
0.999995
0.999998
0.999999
0.999999
0.999996
0.999951
0.99946
0.995493
0.972658
0.918903
0.902098
0.905009
0.928789
0.957044
0.966082
0.966249
0.963972
0.963531
0.964591
0.968595
0.972714
0.973422
0.972835
0.969303
0.952848
0.923349
0.911692
0.911779
0.92372
0.958344
0.980126
0.985772
0.98334
0.966281
0.949858
0.945318
0.945694
0.951626
0.966444
0.978575
0.987255
0.992934
0.996339
0.998211
0.999999
0.999996
0.999988
0.999973
0.999942
0.99991
0.999883
0.999834
0.999726
0.999462
0.998542
0.99836
0.998515
0.998947
0.999228
0.9994
0.99952
0.999523
0.99923
0.993841
0.931218
0.795571
0.776659
0.820848
0.909249
0.94823
0.954847
0.952788
0.946213
0.947421
0.963429
0.982477
0.992692
0.997033
0.997593
0.995085
0.972267
0.898584
0.870315
0.871758
0.902802
0.954946
0.97594
0.982349
0.983414
0.983087
0.982116
0.979522
0.971489
0.966761
0.966599
0.966302
0.96197
0.961006
0.966024
0.977617
0.986198
0.991934
0.995674
0.997829
0.998853
0.999206
0.999216
0.998845
0.996781
0.9866
0.968555
0.950708
0.937979
0.933153
0.932866
0.933578
0.935238
0.938171
0.94716
0.959607
0.965297
0.966749
0.967296
0.969114
0.978579
0.990351
0.996305
0.998773
0.999655
0.999855
0.999763
0.998649
0.992839
0.9867
0.984063
0.983542
0.98412
0.987698
0.992617
0.995974
0.998019
0.99911
0.999629
0.999859
0.999951
0.999974
0.999964
0.999898
0.999678
0.999121
0.997831
0.995886
0.993155
0.990904
0.98907
0.987496
0.986084
0.986145
0.986801
0.98857
0.991452
0.994014
0.996006
0.997417
0.998357
0.998953
0.999323
0.99955
0.99969
0.99978
0.999843
0.999889
0.999924
0.999949
0.999966
0.999976
0.999982
0.999988
0.999992
0.999996
0.999998
0.999999
1
0.999999
0.999993
0.999911
0.999037
0.992209
0.954886
0.908272
0.899556
0.908499
0.941368
0.962385
0.967486
0.965864
0.958558
0.957993
0.960761
0.969175
0.974146
0.974944
0.974487
0.9717
0.958664
0.927227
0.911921
0.910634
0.919459
0.952952
0.977593
0.98398
0.981525
0.964457
0.948628
0.943778
0.943629
0.947346
0.961218
0.975679
0.985773
0.992242
0.99604
0.998088
1
1
1
1
0.999999
0.999998
0.999996
0.999994
0.999989
0.999976
0.999925
0.999914
0.999923
0.999941
0.999956
0.999963
0.999965
0.999963
0.999899
0.998783
0.98659
0.905052
0.823106
0.830867
0.888077
0.934376
0.94415
0.94135
0.93773
0.943223
0.96794
0.986574
0.994932
0.998214
0.998935
0.998411
0.9926
0.953035
0.887856
0.86847
0.872004
0.907104
0.956437
0.9759
0.981702
0.982638
0.982146
0.977592
0.968963
0.966328
0.964434
0.957249
0.953422
0.953868
0.96233
0.976505
0.986099
0.992317
0.996075
0.998164
0.999192
0.999606
0.999709
0.999672
0.999308
0.997876
0.994025
0.981746
0.956943
0.940198
0.934403
0.934064
0.936093
0.939133
0.944979
0.954537
0.961608
0.964161
0.965128
0.967474
0.978083
0.990053
0.99615
0.998697
0.999616
0.999886
0.999902
0.999694
0.998368
0.993977
0.990377
0.988918
0.988866
0.990386
0.993919
0.996493
0.998153
0.999115
0.999605
0.999833
0.999936
0.999976
0.999983
0.999975
0.999935
0.999818
0.999532
0.999058
0.998039
0.997176
0.996476
0.995784
0.995567
0.995731
0.996215
0.997054
0.997889
0.998567
0.99906
0.999396
0.999613
0.999749
0.999834
0.999887
0.999919
0.999941
0.999957
0.999969
0.999979
0.999986
0.999991
0.999993
0.999995
0.999996
0.999998
0.999999
0.999999
1
1
0.999999
0.999987
0.999845
0.998342
0.987034
0.937509
0.900132
0.897924
0.915269
0.951676
0.966621
0.968125
0.962768
0.950091
0.95049
0.958797
0.971015
0.975846
0.976401
0.975876
0.973371
0.962689
0.931367
0.912277
0.909784
0.916726
0.948839
0.975576
0.982276
0.979532
0.962061
0.947045
0.941832
0.941129
0.943546
0.956041
0.972866
0.984396
0.991608
0.995764
0.997974
1
1
1
1
1
1
1
1
1
0.999999
0.999998
0.999997
0.999997
0.999998
0.999998
0.999998
0.999998
0.999998
0.999987
0.999779
0.997405
0.981051
0.909052
0.861426
0.874786
0.906368
0.919293
0.922198
0.92774
0.951918
0.97929
0.992225
0.997278
0.999095
0.999568
0.999484
0.997901
0.987333
0.93188
0.879295
0.866345
0.871458
0.909213
0.956361
0.975011
0.980476
0.980743
0.975114
0.968318
0.965142
0.957252
0.950242
0.947971
0.948964
0.959467
0.975955
0.986957
0.993455
0.996924
0.998646
0.999448
0.999781
0.999889
0.999899
0.999853
0.999624
0.998906
0.99674
0.983447
0.955109
0.943209
0.942825
0.948561
0.952721
0.952307
0.954239
0.958766
0.960465
0.961704
0.965511
0.978239
0.990025
0.996115
0.998676
0.999602
0.999892
0.999952
0.999929
0.999721
0.998791
0.997097
0.995709
0.994882
0.994745
0.995549
0.997298
0.998481
0.999212
0.999624
0.999833
0.999929
0.999972
0.999989
0.999991
0.999986
0.999967
0.999919
0.999824
0.999609
0.999341
0.999188
0.998998
0.999006
0.999087
0.99926
0.999449
0.999613
0.999738
0.999828
0.999888
0.999926
0.99995
0.999965
0.999975
0.999982
0.999986
0.999989
0.999992
0.999995
0.999997
0.999998
0.999998
0.999999
0.999999
0.999999
1
1
1
1
0.999998
0.999979
0.999736
0.997235
0.979178
0.921025
0.895165
0.897151
0.924837
0.958088
0.968785
0.968302
0.95676
0.940628
0.942654
0.958543
0.973317
0.977506
0.977792
0.97721
0.974459
0.962992
0.931091
0.912021
0.909069
0.916069
0.948918
0.97491
0.980855
0.977381
0.959154
0.945071
0.939148
0.937688
0.939438
0.951232
0.970242
0.983148
0.991055
0.995536
0.99789
1
1
1
1
1
1
1
1
1
1
1
1
1
1
1
1
1
1
0.999998
0.999968
0.999578
0.996668
0.98237
0.938584
0.906232
0.910842
0.918679
0.925116
0.946113
0.976048
0.991104
0.996933
0.998977
0.999672
0.999865
0.999855
0.999445
0.996346
0.978967
0.913019
0.873103
0.864608
0.870392
0.90642
0.953504
0.972113
0.975512
0.972651
0.967523
0.96009
0.951619
0.946317
0.944854
0.946146
0.958138
0.976423
0.988161
0.994613
0.997745
0.999114
0.999668
0.99988
0.999953
0.999969
0.999965
0.999932
0.99979
0.999102
0.994298
0.972511
0.961621
0.96347
0.975617
0.979732
0.975598
0.963222
0.959414
0.959275
0.960349
0.964871
0.979179
0.990569
0.996342
0.998748
0.999615
0.999895
0.99997
0.999977
0.99995
0.999799
0.999325
0.998778
0.99836
0.998149
0.998137
0.998436
0.999021
0.999435
0.999699
0.999852
0.999933
0.999971
0.999988
0.999995
0.999995
0.999994
0.999987
0.999973
0.999942
0.999884
0.999858
0.99983
0.999835
0.999859
0.999892
0.999923
0.999947
0.999964
0.999975
0.999983
0.999988
0.999992
0.999994
0.999995
0.999996
0.999997
0.999998
0.999998
0.999999
0.999999
0.999999
1
1
1
1
1
1
1
1
0.999997
0.999964
0.999562
0.995535
0.967679
0.908381
0.891612
0.897885
0.934187
0.962256
0.969962
0.967769
0.949129
0.929683
0.934304
0.958696
0.974596
0.978434
0.978605
0.977738
0.974364
0.961828
0.929455
0.91113
0.908521
0.91634
0.950246
0.97504
0.979617
0.9749
0.95589
0.942486
0.93534
0.933016
0.934563
0.94692
0.968044
0.982157
0.990648
0.995388
0.997849
1
1
1
1
1
1
1
1
1
1
1
1
1
1
1
1
1
1
1
0.999996
0.999947
0.999534
0.997262
0.9888
0.969278
0.95674
0.95771
0.965706
0.983144
0.993273
0.997622
0.999214
0.999749
0.999924
0.999971
0.999968
0.999857
0.998973
0.993803
0.966053
0.899151
0.869373
0.863978
0.869827
0.904813
0.945184
0.961479
0.965463
0.964228
0.958041
0.949298
0.943948
0.942561
0.944424
0.958562
0.978195
0.989754
0.995607
0.998263
0.999366
0.999785
0.999932
0.999978
0.99999
0.999991
0.999986
0.999951
0.999702
0.997395
0.987601
0.985052
0.987419
0.992092
0.992107
0.986921
0.972291
0.963357
0.960695
0.96087
0.965434
0.98078
0.991703
0.996909
0.998978
0.999692
0.999915
0.999978
0.999991
0.999988
0.999965
0.999863
0.999653
0.999464
0.999352
0.999329
0.99939
0.999573
0.999725
0.999835
0.999907
0.999951
0.999976
0.999989
0.999995
0.999998
0.999998
0.999998
0.999996
0.999993
0.999985
0.999981
0.999979
0.99998
0.999984
0.999988
0.999992
0.999994
0.999996
0.999997
0.999998
0.999998
0.999999
0.999999
0.999999
0.999999
0.999999
1
1
1
1
1
1
1
1
1
1
1
1
1
0.999995
0.999942
0.999291
0.993012
0.953096
0.899579
0.889305
0.900259
0.941402
0.965925
0.971173
0.966383
0.941305
0.91917
0.925127
0.955843
0.974919
0.978664
0.978691
0.977581
0.973512
0.958264
0.925813
0.909449
0.908091
0.917553
0.953627
0.975501
0.978483
0.971823
0.952421
0.938871
0.93018
0.927266
0.929085
0.943412
0.966446
0.981486
0.990405
0.995323
0.997847
1
1
1
1
1
1
1
1
1
1
1
1
1
1
1
1
1
1
1
1
0.999995
0.99995
0.99968
0.998568
0.99411
0.990925
0.991234
0.993736
0.99721
0.998938
0.999634
0.999881
0.999963
0.999989
0.999996
0.999995
0.999967
0.999733
0.998245
0.990728
0.952518
0.892152
0.868691
0.866129
0.874737
0.915395
0.945747
0.956803
0.958199
0.956435
0.94962
0.942316
0.94047
0.943497
0.962394
0.982178
0.992586
0.997238
0.999053
0.99969
0.999902
0.99997
0.999991
0.999997
0.999998
0.999997
0.999987
0.999901
0.998992
0.996418
0.99599
0.996751
0.997064
0.995499
0.98762
0.973589
0.965344
0.962679
0.962997
0.968275
0.983271
0.992941
0.997432
0.999173
0.999759
0.999935
0.999984
0.999995
0.999996
0.999993
0.999973
0.999907
0.999826
0.999769
0.999749
0.999757
0.999815
0.999879
0.999924
0.999955
0.999975
0.999987
0.999993
0.999997
0.999999
0.999999
0.999999
0.999999
0.999999
0.999998
0.999998
0.999998
0.999998
0.999999
0.999999
0.999999
1
1
1
1
1
1
1
1
1
1
1
1
1
1
1
1
1
1
1
1
1
1
1
0.999993
0.999906
0.998882
0.989403
0.93908
0.89265
0.88743
0.903182
0.946785
0.967757
0.971774
0.964728
0.934453
0.914359
0.916047
0.947052
0.972799
0.978104
0.978276
0.976709
0.971043
0.949772
0.919695
0.907512
0.907839
0.920868
0.959104
0.976326
0.977371
0.967913
0.94859
0.933688
0.923723
0.920818
0.923427
0.940919
0.965517
0.981183
0.990356
0.995355
0.997892
1
1
1
1
1
1
1
1
1
1
1
1
1
1
1
1
1
1
1
1
1
0.999996
0.999973
0.999871
0.9993
0.998843
0.998893
0.999275
0.999703
0.999891
0.999963
0.999988
0.999996
0.999999
1
0.999999
0.999993
0.99994
0.999572
0.997525
0.988277
0.94458
0.890529
0.872329
0.872604
0.891459
0.932403
0.950144
0.95414
0.953698
0.948781
0.939071
0.937823
0.945055
0.970457
0.987321
0.995232
0.998382
0.99949
0.999848
0.999956
0.999988
0.999997
0.999999
0.999999
0.999999
0.999997
0.999973
0.999716
0.999206
0.999142
0.999132
0.998688
0.995851
0.984122
0.972307
0.966228
0.965022
0.966166
0.974479
0.987734
0.995028
0.998245
0.99945
0.999843
0.999958
0.99999
0.999997
0.999999
0.999998
0.999994
0.999977
0.999947
0.999922
0.99991
0.999909
0.999924
0.99995
0.999967
0.99998
0.999988
0.999994
0.999997
0.999998
0.999999
1
1
1
1
1
1
1
1
1
1
1
1
1
1
1
1
1
1
1
1
1
1
1
1
1
1
1
1
1
1
1
1
1
0.999999
0.999988
0.999852
0.998282
0.984464
0.925734
0.887895
0.886279
0.906238
0.949499
0.969357
0.972632
0.964008
0.931462
0.912225
0.910979
0.934142
0.966712
0.975674
0.976517
0.974006
0.964791
0.936178
0.912649
0.905786
0.908046
0.92899
0.965074
0.976942
0.976069
0.963286
0.943537
0.926782
0.916497
0.914243
0.918248
0.939855
0.965415
0.981358
0.990594
0.995545
0.998017
1
1
1
1
1
1
1
1
1
1
1
1
1
1
1
1
1
1
1
1
1
1
0.999998
0.999992
0.999948
0.999909
0.999913
0.999946
0.99998
0.999993
0.999998
0.999999
1
1
1
1
0.999999
0.999989
0.999913
0.999458
0.997142
0.98733
0.942339
0.894136
0.881014
0.88383
0.906833
0.937236
0.946443
0.946719
0.939053
0.932394
0.934763
0.955677
0.981425
0.993377
0.997854
0.999341
0.999807
0.999945
0.999985
0.999996
0.999999
1
1
1
0.999999
0.999995
0.999953
0.999893
0.999856
0.999744
0.999061
0.994942
0.981738
0.971922
0.968597
0.968613
0.971853
0.984
0.993288
0.997562
0.999208
0.999764
0.999934
0.999983
0.999996
0.999999
1
0.999999
0.999999
0.999995
0.999985
0.999976
0.99997
0.999969
0.999972
0.999981
0.999987
0.999992
0.999995
0.999997
0.999998
0.999999
1
1
1
1
1
1
1
1
1
1
1
1
1
1
1
1
1
1
1
1
1
1
1
1
1
1
1
1
1
1
1
1
1
1
0.999999
0.999981
0.999771
0.997438
0.978056
0.914694
0.885044
0.885422
0.907801
0.950635
0.970085
0.973034
0.963838
0.930479
0.911445
0.908979
0.91805
0.952194
0.967386
0.970716
0.966137
0.947317
0.92098
0.906875
0.905021
0.909755
0.941405
0.970639
0.97719
0.974041
0.9578
0.936479
0.918515
0.909089
0.907894
0.914063
0.940281
0.966254
0.982214
0.991239
0.995939
0.998231
1
1
1
1
1
1
1
1
1
1
1
1
1
1
1
1
1
1
1
1
1
1
1
1
0.999997
0.999995
0.999996
0.999997
0.999999
1
1
1
1
1
1
1
1
0.999998
0.999986
0.999904
0.999454
0.997253
0.988309
0.948247
0.904455
0.893609
0.897055
0.913858
0.924078
0.923848
0.921282
0.923402
0.945937
0.978028
0.992248
0.997486
0.999236
0.99978
0.999939
0.999984
0.999996
0.999999
1
1
1
1
1
1
0.999998
0.999993
0.999977
0.999883
0.999185
0.994738
0.983222
0.976777
0.975258
0.976233
0.983667
0.992979
0.997293
0.999041
0.999686
0.999905
0.999973
0.999993
0.999998
1
1
1
1
0.999999
0.999996
0.999993
0.999991
0.999991
0.999991
0.999993
0.999996
0.999997
0.999998
0.999999
0.999999
1
1
1
1
1
1
1
1
1
1
1
1
1
1
1
1
1
1
1
1
1
1
1
1
1
1
1
1
1
1
1
1
1
1
1
0.999998
0.999971
0.999654
0.996303
0.970327
0.907359
0.883758
0.884874
0.908271
0.950871
0.970381
0.973558
0.965841
0.932837
0.911435
0.907982
0.910756
0.929431
0.945624
0.952299
0.943625
0.924409
0.909921
0.904064
0.905214
0.915922
0.955603
0.974844
0.977055
0.970808
0.950639
0.927302
0.909584
0.902131
0.902182
0.911949
0.942997
0.968541
0.9839
0.992299
0.996519
0.998519
1
1
1
1
1
1
1
1
1
1
1
1
1
1
1
1
1
1
1
1
1
1
1
1
1
1
1
1
1
1
1
1
1
1
1
1
1
1
0.999998
0.999985
0.999907
0.999504
0.997678
0.990678
0.962308
0.920471
0.908826
0.910989
0.914753
0.916812
0.921438
0.948035
0.978441
0.99224
0.997484
0.999248
0.999789
0.999943
0.999985
0.999996
0.999999
1
1
1
1
1
1
1
1
0.999999
0.999992
0.999938
0.999586
0.997488
0.992861
0.990256
0.989813
0.990899
0.994963
0.997764
0.999106
0.999673
0.999889
0.999965
0.99999
0.999997
0.999999
1
1
1
1
1
0.999999
0.999998
0.999998
0.999997
0.999997
0.999998
0.999999
0.999999
0.999999
1
1
1
1
1
1
1
1
1
1
1
1
1
1
1
1
1
1
1
1
1
1
1
1
1
1
1
1
1
1
1
1
1
1
1
1
1
0.999997
0.999957
0.999493
0.994877
0.962235
0.904114
0.883342
0.883978
0.906251
0.948723
0.970383
0.97388
0.96997
0.94303
0.913677
0.907684
0.907271
0.913157
0.922213
0.926059
0.919483
0.909816
0.904731
0.903736
0.907283
0.934641
0.967085
0.977057
0.976294
0.965493
0.941026
0.916572
0.901014
0.896264
0.897944
0.913582
0.948153
0.972145
0.98624
0.993653
0.99722
0.99885
1
1
1
1
1
1
1
1
1
1
1
1
1
1
1
1
1
1
1
1
1
1
1
1
1
1
1
1
1
1
1
1
1
1
1
1
1
1
1
0.999998
0.999986
0.999924
0.999628
0.998415
0.99385
0.976241
0.949128
0.938078
0.938102
0.943044
0.965152
0.985089
0.994508
0.998196
0.999457
0.999847
0.999959
0.99999
0.999997
0.999999
1
1
1
1
1
1
1
1
1
1
0.999998
0.999985
0.999916
0.999522
0.998457
0.997807
0.99766
0.997827
0.998683
0.999393
0.999748
0.999904
0.999966
0.999989
0.999997
0.999999
1
1
1
1
1
1
1
1
0.999999
0.999999
0.999999
0.999999
1
1
1
1
1
1
1
1
1
1
1
1
1
1
1
1
1
1
1
1
1
1
1
1
1
1
1
1
1
1
1
1
1
1
1
1
1
1
1
1
0.999996
0.999937
0.999277
0.993146
0.955989
0.903085
0.883434
0.883808
0.902807
0.944491
0.969068
0.97403
0.972217
0.955296
0.920418
0.908482
0.906331
0.906412
0.908728
0.910006
0.907028
0.904542
0.903698
0.905195
0.916183
0.9558
0.974151
0.977588
0.974222
0.956914
0.928837
0.90551
0.893796
0.891758
0.896008
0.920182
0.95467
0.976584
0.988903
0.995101
0.997939
0.999178
1
1
1
1
1
1
1
1
1
1
1
1
1
1
1
1
1
1
1
1
1
1
1
1
1
1
1
1
1
1
1
1
1
1
1
1
1
1
1
1
0.999999
0.999992
0.999958
0.999809
0.99921
0.996262
0.988723
0.985878
0.986151
0.989503
0.995308
0.998199
0.999382
0.999806
0.999943
0.999984
0.999996
0.999999
1
1
1
1
1
1
1
1
1
1
1
1
0.999999
0.999997
0.999982
0.9999
0.999703
0.99959
0.999565
0.999594
0.999747
0.99988
0.999949
0.99998
0.999993
0.999998
0.999999
1
1
1
1
1
1
1
1
1
1
1
1
1
1
1
1
1
1
1
1
1
1
1
1
1
1
1
1
1
1
1
1
1
1
1
1
1
1
1
1
1
1
1
1
1
1
1
1
1
1
1
1
1
0.999994
0.99991
0.998993
0.991071
0.951914
0.904858
0.8856
0.884094
0.896825
0.937434
0.966883
0.974095
0.974487
0.966838
0.935297
0.91427
0.907186
0.90534
0.904957
0.904952
0.904474
0.904286
0.905384
0.913073
0.944982
0.969303
0.977332
0.977357
0.969372
0.943809
0.91477
0.895523
0.888438
0.888562
0.89737
0.930836
0.962614
0.981517
0.991646
0.996495
0.998599
0.999468
1
1
1
1
1
1
1
1
1
1
1
1
1
1
1
1
1
1
1
1
1
1
1
1
1
1
1
1
1
1
1
1
1
1
1
1
1
1
1
1
1
0.999999
0.999997
0.999986
0.999937
0.999648
0.998857
0.998631
0.998717
0.999262
0.999721
0.999902
0.999968
0.99999
0.999997
0.999999
1
1
1
1
1
1
1
1
1
1
1
1
1
1
1
0.999999
0.999997
0.999983
0.999962
0.999952
0.99995
0.999954
0.999972
0.999986
0.999994
0.999998
0.999999
1
1
1
1
1
1
1
1
1
1
1
1
1
1
1
1
1
1
1
1
1
1
1
1
1
1
1
1
1
1
1
1
1
1
1
1
1
1
1
1
1
1
1
1
1
1
1
1
1
1
1
1
1
1
1
0.999991
0.999876
0.99863
0.988791
0.950293
0.914049
0.891291
0.884925
0.891094
0.925687
0.962379
0.973731
0.975356
0.973273
0.960569
0.929895
0.915154
0.908863
0.906568
0.906099
0.906321
0.908544
0.916498
0.942063
0.966182
0.975753
0.977954
0.975586
0.957891
0.926848
0.901068
0.887871
0.88491
0.887299
0.904683
0.944198
0.971204
0.986491
0.994209
0.997701
0.999134
0.99969
1
1
1
1
1
1
1
1
1
1
1
1
1
1
1
1
1
1
1
1
1
1
1
1
1
1
1
1
1
1
1
1
1
1
1
1
1
1
1
1
1
1
1
0.999999
0.999997
0.999982
0.99995
0.999946
0.999955
0.999982
0.999994
0.999998
0.999999
1
1
1
1
1
1
1
1
1
1
1
1
1
1
1
1
1
1
1
1
0.999999
0.999998
0.999997
0.999997
0.999998
0.999999
0.999999
1
1
1
1
1
1
1
1
1
1
1
1
1
1
1
1
1
1
1
1
1
1
1
1
1
1
1
1
1
1
1
1
1
1
1
1
1
1
1
1
1
1
1
1
1
1
1
1
1
1
1
1
1
1
1
1
1
0.999999
0.999988
0.999836
0.998208
0.986894
0.956858
0.929684
0.902355
0.887469
0.88865
0.91032
0.953537
0.971442
0.975625
0.975987
0.972366
0.960366
0.938092
0.926261
0.919756
0.91738
0.919782
0.930287
0.94942
0.966413
0.97506
0.977871
0.97734
0.969548
0.939663
0.909563
0.890284
0.883136
0.882931
0.889174
0.919559
0.957153
0.979282
0.990833
0.996283
0.998604
0.999504
0.999834
1
1
1
1
1
1
1
1
1
1
1
1
1
1
1
1
1
1
1
1
1
1
1
1
1
1
1
1
1
1
1
1
1
1
1
1
1
1
1
1
1
1
1
1
1
1
0.999999
0.999999
1
1
1
1
1
1
1
1
1
1
1
1
1
1
1
1
1
1
1
1
1
1
1
1
1
1
1
1
1
1
1
1
1
1
1
1
1
1
1
1
1
1
1
1
1
1
1
1
1
1
1
1
1
1
1
1
1
1
1
1
1
1
1
1
1
1
1
1
1
1
1
1
1
1
1
1
1
1
1
1
1
1
1
1
1
1
1
1
1
0.999999
0.999986
0.999795
0.997748
0.984919
0.96632
0.953028
0.923183
0.895093
0.888076
0.89585
0.937602
0.966175
0.975059
0.976655
0.976668
0.973416
0.965933
0.957342
0.95141
0.948809
0.951674
0.961652
0.96998
0.975577
0.977741
0.977782
0.974027
0.952836
0.919765
0.895354
0.88337
0.880776
0.882676
0.89705
0.938347
0.969244
0.986027
0.994174
0.997764
0.999203
0.999731
0.999915
1
1
1
1
1
1
1
1
1
1
1
1
1
1
1
1
1
1
1
1
1
1
1
1
1
1
1
1
1
1
1
1
1
1
1
1
1
1
1
1
1
1
1
1
1
1
1
1
1
1
1
1
1
1
1
1
1
1
1
1
1
1
1
1
1
1
1
1
1
1
1
1
1
1
1
1
1
1
1
1
1
1
1
1
1
1
1
1
1
1
1
1
1
1
1
1
1
1
1
1
1
1
1
1
1
1
1
1
1
1
1
1
1
1
1
1
1
1
1
1
1
1
1
1
1
1
1
1
1
1
1
1
1
1
1
1
1
0.999999
0.999985
0.999777
0.997451
0.984214
0.972956
0.969542
0.957271
0.913852
0.890105
0.890228
0.912328
0.954095
0.971126
0.976553
0.977623
0.977712
0.976018
0.973278
0.970891
0.969877
0.971201
0.974948
0.976946
0.977887
0.977749
0.975395
0.963601
0.929022
0.901799
0.885386
0.879798
0.879916
0.885833
0.915845
0.956195
0.979621
0.991322
0.996588
0.998759
0.999578
0.999865
0.99996
1
1
1
1
1
1
1
1
1
1
1
1
1
1
1
1
1
1
1
1
1
1
1
1
1
1
1
1
1
1
1
1
1
1
1
1
1
1
1
1
1
1
1
1
1
1
1
1
1
1
1
1
1
1
1
1
1
1
1
1
1
1
1
1
1
1
1
1
1
1
1
1
1
1
1
1
1
1
1
1
1
1
1
1
1
1
1
1
1
1
1
1
1
1
1
1
1
1
1
1
1
1
1
1
1
1
1
1
1
1
1
1
1
1
1
1
1
1
1
1
1
1
1
1
1
1
1
1
1
1
1
1
1
1
1
1
1
0.999999
0.999986
0.999783
0.997503
0.984967
0.975854
0.974639
0.973491
0.953342
0.902068
0.888659
0.89434
0.92951
0.960122
0.97254
0.9771
0.978315
0.97853
0.978339
0.977705
0.977418
0.977634
0.977969
0.977948
0.977478
0.975039
0.965877
0.936192
0.907657
0.888403
0.879836
0.878608
0.881086
0.898044
0.941811
0.972053
0.987866
0.995145
0.998194
0.999375
0.999797
0.999938
0.999982
1
1
1
1
1
1
1
1
1
1
1
1
1
1
1
1
1
1
1
1
1
1
1
1
1
1
1
1
1
1
1
1
1
1
1
1
1
1
1
1
1
1
1
1
1
1
1
1
1
1
1
1
1
1
1
1
1
1
1
1
1
1
1
1
1
1
1
1
1
1
1
1
1
1
1
1
1
1
1
1
1
1
1
1
1
1
1
1
1
1
1
1
1
1
1
1
1
1
1
1
1
1
1
1
1
1
1
1
1
1
1
1
1
1
1
1
1
1
1
1
1
1
1
1
1
1
1
1
1
1
1
1
1
1
1
1
1
0.999999
0.999989
0.999829
0.998
0.986992
0.977529
0.975684
0.976249
0.975765
0.934654
0.892631
0.88865
0.899243
0.937166
0.960008
0.971232
0.976121
0.977865
0.978371
0.978453
0.978231
0.97799
0.977681
0.97657
0.973519
0.96484
0.940456
0.912002
0.891791
0.880668
0.877867
0.878868
0.888124
0.925909
0.963573
0.9839
0.993482
0.997547
0.999136
0.999716
0.999912
0.999974
0.99999
1
1
1
1
1
1
1
1
1
1
1
1
1
1
1
1
1
1
1
1
1
1
1
1
1
1
1
1
1
1
1
1
1
1
1
1
1
1
1
1
1
1
1
1
1
1
1
1
1
1
1
1
1
1
1
1
1
1
1
1
1
1
1
1
1
1
1
1
1
1
1
1
1
1
1
1
1
1
1
1
1
1
1
1
1
1
1
1
1
1
1
1
1
1
1
1
1
1
1
1
1
1
1
1
1
1
1
1
1
1
1
1
1
1
1
1
1
1
1
1
1
1
1
1
1
1
1
1
1
1
1
1
1
1
1
1
1
0.999999
0.999991
0.999869
0.998546
0.990019
0.979554
0.97605
0.976185
0.978208
0.969606
0.910002
0.888541
0.889578
0.906423
0.937755
0.956253
0.967445
0.972911
0.975394
0.976322
0.976495
0.975708
0.974037
0.970012
0.960873
0.939922
0.914975
0.894957
0.882048
0.877549
0.877728
0.882828
0.910861
0.954367
0.979483
0.991631
0.99684
0.998885
0.99963
0.999883
0.999963
0.999987
0.999986
1
1
1
1
1
1
1
1
1
1
1
1
1
1
1
1
1
1
1
1
1
1
1
1
1
1
1
1
1
1
1
1
1
1
1
1
1
1
1
1
1
1
1
1
1
1
1
1
1
1
1
1
1
1
1
1
1
1
1
1
1
1
1
1
1
1
1
1
1
1
1
1
1
1
1
1
1
1
1
1
1
1
1
1
1
1
1
1
1
1
1
1
1
1
1
1
1
1
1
1
1
1
1
1
1
1
1
1
1
1
1
1
1
1
1
1
1
1
1
1
1
1
1
1
1
1
1
1
1
1
1
1
1
1
1
0.999999
0.999999
0.999999
0.999992
0.999901
0.999011
0.993257
0.981934
0.977135
0.976614
0.978385
0.977762
0.944519
0.896291
0.887284
0.890859
0.91103
0.933016
0.947657
0.958191
0.964126
0.967064
0.968011
0.966001
0.961215
0.951121
0.933658
0.914775
0.89623
0.883423
0.877506
0.877101
0.880117
0.899506
0.945647
0.97521
0.989838
0.996177
0.99866
0.999555
0.999853
0.999948
0.999976
0.999977
0.999942
1
1
1
1
1
1
1
1
1
1
1
1
1
1
1
1
1
1
1
1
1
1
1
1
1
1
1
1
1
1
1
1
1
1
1
1
1
1
1
1
1
1
1
1
1
1
1
1
1
1
1
1
1
1
1
1
1
1
1
1
1
1
1
1
1
1
1
1
1
1
1
1
1
1
1
1
1
1
1
1
1
1
1
1
1
1
1
1
1
1
1
1
1
1
1
1
1
1
1
1
1
1
1
1
1
1
1
1
1
1
1
1
1
1
1
1
1
1
1
1
1
1
1
0.999999
0.999999
0.999999
0.999999
0.999999
0.999999
0.999999
0.999999
0.999999
0.999999
0.999999
0.999998
0.999998
0.999998
0.999998
0.999992
0.999921
0.999298
0.995483
0.984741
0.980015
0.979104
0.979368
0.979565
0.970889
0.919343
0.890449
0.886727
0.890984
0.908858
0.925213
0.935481
0.94167
0.945204
0.946584
0.942919
0.935322
0.924087
0.909546
0.894894
0.883606
0.877625
0.876754
0.87886
0.893247
0.938079
0.971673
0.988411
0.995671
0.9985
0.999499
0.999822
0.999916
0.99993
0.999925
0.999895
0.999685
1
1
1
1
1
1
1
1
1
1
1
1
1
1
1
1
1
1
1
1
1
1
1
1
1
1
1
1
1
1
1
1
1
1
1
1
1
1
1
1
1
1
1
1
1
1
1
1
1
1
1
1
1
1
1
1
1
1
1
1
1
1
1
1
1
1
1
1
1
1
1
1
1
1
1
1
1
1
1
1
1
1
1
1
1
1
1
1
1
1
1
1
1
1
1
1
1
1
1
1
1
1
1
1
1
1
1
1
1
1
1
1
1
1
1
1
1
1
1
1
1
1
0.999999
0.999994
0.999992
0.999993
0.999995
0.999996
0.999997
0.999997
0.999997
0.999997
0.999996
0.999996
0.999995
0.999995
0.999996
0.999996
0.999989
0.999923
0.999445
0.996679
0.987056
0.983298
0.982704
0.981785
0.980375
0.977043
0.958931
0.907014
0.888199
0.885805
0.888344
0.897675
0.909828
0.915865
0.918623
0.919497
0.916026
0.909475
0.899637
0.890351
0.882052
0.877764
0.87674
0.878635
0.891143
0.933589
0.969692
0.987683
0.995471
0.998462
0.999477
0.999744
0.999762
0.999734
0.999672
0.999554
0.999381
0.998603
1
1
1
1
1
1
1
1
1
1
1
1
1
1
1
1
1
1
1
1
1
1
1
1
1
1
1
1
1
1
1
1
1
1
1
1
1
1
1
1
1
1
1
1
1
1
1
1
1
1
1
1
1
1
1
1
1
1
1
1
1
1
1
1
1
1
1
1
1
1
1
1
1
1
1
1
1
1
1
1
1
1
1
1
1
1
1
1
1
1
1
1
1
1
1
1
1
1
1
1
1
1
1
1
1
1
1
1
1
1
1
1
1
1
1
1
1
1
1
1
0.999999
0.999998
0.999989
0.999955
0.999953
0.99996
0.999974
0.999982
0.999986
0.999988
0.999989
0.999989
0.999988
0.999988
0.999988
0.999989
0.999991
0.999991
0.999982
0.999908
0.999481
0.997233
0.988833
0.985944
0.985418
0.984378
0.98128
0.978348
0.974071
0.945607
0.902081
0.887253
0.884565
0.885157
0.887934
0.891732
0.893909
0.894664
0.892631
0.888388
0.88356
0.879918
0.877919
0.877354
0.879842
0.893298
0.934579
0.970234
0.988076
0.995735
0.998546
0.999326
0.999379
0.999231
0.998728
0.998509
0.998211
0.99784
0.997322
0.995208
1
1
1
1
1
1
1
1
1
1
1
1
1
1
1
1
1
1
1
1
1
1
1
1
1
1
1
1
1
1
1
1
1
1
1
1
1
1
1
1
1
1
1
1
1
1
1
1
1
1
1
1
1
1
1
1
1
1
1
1
1
1
1
1
1
1
1
1
1
1
1
1
1
1
1
1
1
1
1
1
1
1
1
1
1
1
1
1
1
1
1
1
1
1
1
1
1
1
1
1
1
1
1
1
1
1
1
1
1
1
1
1
1
1
1
1
1
1
0.999999
0.999998
0.999995
0.999982
0.999916
0.999787
0.999798
0.999848
0.99991
0.999944
0.99996
0.999965
0.99997
0.999972
0.999972
0.999972
0.999973
0.999978
0.999982
0.99998
0.999959
0.999853
0.999414
0.997173
0.989849
0.988303
0.987802
0.986595
0.982317
0.978416
0.977032
0.971703
0.940279
0.903877
0.889274
0.884043
0.882629
0.882271
0.882341
0.882518
0.881901
0.880569
0.879649
0.87919
0.879611
0.884499
0.902664
0.943189
0.974464
0.989988
0.996358
0.998315
0.998527
0.998171
0.996681
0.995285
0.994296
0.993959
0.993194
0.992559
0.991485
0.987229
1
1
1
1
1
1
1
1
1
1
1
1
1
1
1
1
1
1
1
1
1
1
1
1
1
1
1
1
1
1
1
1
1
1
1
1
1
1
1
1
1
1
1
1
1
1
1
1
1
1
1
1
1
1
1
1
1
1
1
1
1
1
1
1
1
1
1
1
1
1
1
1
1
1
1
1
1
1
1
1
1
1
1
1
1
1
1
1
1
1
1
1
1
1
1
1
1
1
1
1
1
1
1
1
1
1
1
1
1
1
1
1
1
1
1
0.999999
0.999997
0.999996
0.999992
0.999986
0.999968
0.999884
0.999553
0.99959
0.999682
0.99976
0.999833
0.99988
0.999909
0.999934
0.999951
0.999952
0.999936
0.999908
0.999914
0.999938
0.999947
0.999938
0.999875
0.999687
0.999197
0.996603
0.990993
0.989729
0.989449
0.988784
0.984776
0.976692
0.976746
0.977033
0.970869
0.948862
0.918509
0.899628
0.890995
0.886705
0.884807
0.884192
0.88388
0.883886
0.885411
0.889511
0.900383
0.926423
0.960448
0.982096
0.992483
0.996114
0.996675
0.995972
0.992509
0.988515
0.98566
0.984337
0.983482
0.983139
0.982166
0.981509
0.979933
0.973518
1
1
1
1
1
1
1
1
1
1
1
1
1
1
1
1
1
1
1
1
1
1
1
1
1
1
1
1
1
1
1
1
1
1
1
1
1
1
1
1
1
1
1
1
1
1
1
1
1
1
1
1
1
1
1
1
1
1
1
1
1
1
1
1
1
1
1
1
1
1
1
1
1
1
1
1
1
1
1
1
1
1
1
1
1
1
1
1
1
1
1
1
1
1
1
1
1
1
1
1
1
1
1
1
1
1
1
1
1
1
1
1
0.999999
0.999997
0.999991
0.999979
0.99997
0.999963
0.999944
0.999899
0.999808
0.999343
0.99918
0.999596
0.999797
0.999846
0.999869
0.999884
0.999889
0.999891
0.999879
0.99981
0.999704
0.999695
0.999761
0.999818
0.999827
0.999783
0.999589
0.999246
0.998634
0.994954
0.992147
0.989945
0.989759
0.989533
0.986683
0.975223
0.972573
0.976971
0.977055
0.973942
0.965886
0.952051
0.934718
0.92377
0.916448
0.913594
0.913226
0.917808
0.927231
0.942042
0.961887
0.978137
0.987934
0.992154
0.99298
0.991631
0.985247
0.977097
0.971572
0.968742
0.96764
0.967352
0.967175
0.966998
0.966324
0.965591
0.963566
0.956157
1
1
1
1
1
1
1
1
1
1
1
1
1
1
1
1
1
1
1
1
1
1
1
1
1
1
1
1
1
1
1
1
1
1
1
1
1
1
1
1
1
1
1
1
1
1
1
1
1
1
1
1
1
1
1
1
1
1
1
1
1
1
1
1
1
1
1
1
1
1
1
1
1
1
1
1
1
1
1
1
1
1
1
1
1
1
1
1
1
1
1
1
1
1
1
1
1
1
1
1
1
1
1
1
1
1
1
1
1
1
0.999999
0.999993
0.999976
0.999936
0.999864
0.999806
0.999805
0.999804
0.999666
0.999227
0.999197
0.999082
0.999061
0.999341
0.999605
0.999709
0.999695
0.999644
0.999584
0.999527
0.999426
0.999274
0.999203
0.999313
0.999453
0.99952
0.999516
0.999405
0.999019
0.998211
0.99626
0.993413
0.992431
0.987999
0.988055
0.988151
0.984876
0.972123
0.967161
0.971587
0.976975
0.977337
0.976566
0.974812
0.97308
0.971531
0.969775
0.968827
0.969186
0.971458
0.975162
0.97953
0.983223
0.985161
0.985003
0.980762
0.972058
0.963162
0.956608
0.953107
0.951753
0.951509
0.951553
0.951551
0.951417
0.95115
0.950506
0.949791
0.947513
0.939939
1
1
1
1
1
1
1
1
1
1
1
1
1
1
1
1
1
1
1
1
1
1
1
1
1
1
1
1
1
1
1
1
1
1
1
1
1
1
1
1
1
1
1
1
1
1
1
1
1
1
1
1
1
1
1
1
1
1
1
1
1
1
1
1
1
1
1
1
1
1
1
1
1
1
1
1
1
1
1
1
1
1
1
1
1
1
1
1
1
1
1
1
1
1
1
1
1
1
1
1
1
1
1
1
1
1
1
1
1
0.999998
0.999979
0.999906
0.999741
0.999421
0.999317
0.999321
0.999392
0.999412
0.999256
0.999133
0.999094
0.998881
0.998775
0.998836
0.998874
0.99888
0.99881
0.998762
0.998708
0.998679
0.998654
0.998641
0.998697
0.998833
0.998938
0.998968
0.99892
0.998609
0.997394
0.995257
0.993875
0.993595
0.992499
0.981222
0.974835
0.972803
0.965362
0.960292
0.961313
0.968265
0.972654
0.973679
0.973749
0.973572
0.97325
0.972798
0.972278
0.971846
0.971406
0.97089
0.970069
0.968384
0.965324
0.960706
0.954941
0.949898
0.946744
0.944695
0.943631
0.943306
0.943406
0.943668
0.943722
0.94368
0.943499
0.943419
0.943312
0.942914
0.940092
0.930252
0.902738
0.903404
0.903662
0.903626
0.902879
0.899297
0.89265
0.887647
0.884997
0.884211
0.884365
0.886592
0.893754
0.898354
0.905417
0.928364
0.953855
0.957907
0.95768
0.957795
0.957837
0.957382
0.952471
0.903239
0.833602
0.896612
0.898247
0.900282
0.902832
0.904981
0.905785
0.90541
0.901107
0.88687
0.876033
0.871762
0.871367
0.87371
0.883983
0.897242
0.926965
0.953403
0.957637
0.957497
0.958496
0.959178
0.959109
0.956578
0.927578
0.851819
0.872465
0.873507
0.875917
0.881958
0.89067
0.898131
0.901101
0.900639
0.893662
0.878964
0.871987
0.870328
0.870616
0.874949
0.897002
0.934151
0.955112
0.957009
0.957697
0.959797
0.96054
0.960535
0.959548
0.947908
0.888269
0.85558
0.856172
0.858853
0.866451
0.876196
0.886093
0.893314
0.895439
0.89382
0.88441
0.877084
0.87526
0.875049
0.877186
0.894905
0.938871
0.956557
0.957096
0.958149
0.960601
0.961442
0.961449
0.960948
0.955865
0.916133
0.856068
0.856161
0.857624
0.863796
0.873922
0.882811
0.889
0.891554
0.891402
0.887261
0.88235
0.881449
0.881353
0.882708
0.896236
0.938861
0.956694
0.957382
0.958408
0.961192
0.962065
0.962085
0.96172
0.959146
0.933475
0.866584
0.866209
0.866911
0.870758
0.878327
0.884841
0.888906
0.890383
0.890317
0.888074
0.885445
0.885305
0.885851
0.888796
0.903419
0.941039
0.956676
0.957678
0.959085
0.962135
0.962737
0.962414
0.962052
0.960656
0.943933
0.898923
0.896911
0.897266
0.897965
0.897555
0.896632
0.89592
0.894795
0.892352
0.888851
0.887833
0.888186
0.890394
0.899839
0.925685
0.947126
0.956996
0.958065
0.959744
0.962702
0.963124
0.962469
0.962094
0.961274
0.950196
0.941365
0.936744
0.935539
0.934323
0.930974
0.923365
0.916765
0.907431
0.897546
0.891978
0.891122
0.891864
0.896026
0.915911
0.942265
0.9537
0.957768
0.958588
0.960582
0.963525
0.963698
0.96237
0.961809
0.961405
0.953951
0.968952
0.963537
0.96146
0.959921
0.955709
0.947854
0.942306
0.929742
0.910502
0.900276
0.899067
0.900161
0.905479
0.930076
0.953781
0.958266
0.958807
0.959343
0.961538
0.964133
0.964071
0.961936
0.961141
0.961189
0.956273
0.981269
0.978692
0.977173
0.976006
0.973072
0.965408
0.96083
0.954352
0.935525
0.9199
0.918307
0.919412
0.923882
0.945728
0.962496
0.962602
0.960438
0.960459
0.962621
0.964867
0.964343
0.961336
0.960436
0.96082
0.957581
0.986124
0.986079
0.985872
0.985364
0.98378
0.978661
0.975281
0.971778
0.960726
0.949351
0.948552
0.949238
0.951043
0.963323
0.970827
0.968708
0.962499
0.96175
0.963935
0.965527
0.964439
0.960662
0.959732
0.960332
0.958247
0.989377
0.990163
0.990661
0.990704
0.990235
0.987829
0.985852
0.984337
0.979704
0.972721
0.971908
0.971551
0.971484
0.976407
0.978629
0.975098
0.965116
0.963259
0.965321
0.966211
0.964182
0.959967
0.959047
0.959788
0.958528
0.991699
0.992898
0.993899
0.994244
0.99414
0.993342
0.992631
0.992144
0.990808
0.987222
0.985933
0.984573
0.984078
0.985955
0.986093
0.981299
0.967886
0.96496
0.966709
0.966819
0.963535
0.959503
0.958501
0.959255
0.958563
0.993307
0.994697
0.995896
0.996549
0.996643
0.996534
0.996413
0.996322
0.995974
0.994554
0.9936
0.992224
0.991586
0.992345
0.992046
0.986724
0.970977
0.966819
0.968075
0.967213
0.96277
0.959058
0.958084
0.958797
0.958489
0.994423
0.995888
0.997087
0.997822
0.998112
0.998247
0.998353
0.998378
0.998298
0.997814
0.997403
0.996408
0.995927
0.99635
0.995983
0.991013
0.974172
0.968815
0.96948
0.96736
0.962033
0.958672
0.957714
0.958376
0.958344
0.995197
0.996709
0.99782
0.998492
0.998861
0.999101
0.999268
0.999328
0.999309
0.999177
0.999019
0.998517
0.998253
0.998426
0.998035
0.993832
0.977017
0.971222
0.970942
0.966666
0.961577
0.95838
0.957401
0.957999
0.95816
0.995789
0.997256
0.998273
0.998894
0.999266
0.999504
0.999658
0.999723
0.999724
0.999703
0.999657
0.999463
0.999339
0.999336
0.998902
0.995366
0.979198
0.973908
0.97175
0.965886
0.961148
0.958132
0.957151
0.957694
0.95798
0.996273
0.997649
0.998575
0.999146
0.999489
0.999696
0.999821
0.99988
0.999892
0.999893
0.999888
0.999838
0.999773
0.999676
0.999193
0.996078
0.981114
0.976528
0.971944
0.965338
0.960773
0.957906
0.956938
0.957434
0.957804
0.99672
0.997967
0.998799
0.999313
0.999618
0.999793
0.999891
0.99994
0.999956
0.999961
0.999961
0.999949
0.999907
0.999777
0.999259
0.996339
0.982993
0.978287
0.971604
0.964685
0.960491
0.957754
0.956771
0.957208
0.957635
0.997201
0.998284
0.999001
0.999444
0.999703
0.999848
0.999926
0.999964
0.999979
0.999984
0.999984
0.999976
0.999939
0.999784
0.999211
0.996387
0.984933
0.979274
0.970957
0.964073
0.96028
0.957666
0.956636
0.957014
0.957475
0.997713
0.998613
0.9992
0.99956
0.99977
0.999885
0.999946
0.999976
0.999989
0.999992
0.999991
0.999983
0.999939
0.999745
0.999078
0.996269
0.986499
0.979461
0.970069
0.963548
0.960182
0.957638
0.956538
0.956856
0.957326
0.998196
0.998925
0.999388
0.999667
0.999827
0.999915
0.999961
0.999983
0.999993
0.999995
0.999993
0.999983
0.999929
0.999688
0.99888
0.995987
0.987201
0.978747
0.969145
0.963031
0.960144
0.957632
0.956463
0.956731
0.957186
0.998598
0.999188
0.99955
0.99976
0.999877
0.99994
0.999973
0.999989
0.999995
0.999996
0.999994
0.999981
0.999914
0.999611
0.998592
0.995468
0.98712
0.977674
0.968221
0.962636
0.960155
0.957658
0.956415
0.956633
0.957057
0.998895
0.999387
0.999674
0.999833
0.999917
0.99996
0.999982
0.999993
0.999996
0.999996
0.999994
0.999976
0.99989
0.999501
0.998166
0.99438
0.986183
0.976266
0.96737
0.962241
0.960309
0.957763
0.956402
0.956563
0.956938
0.999085
0.999519
0.999758
0.999882
0.999944
0.999974
0.999989
0.999996
0.999997
0.999997
0.999993
0.99997
0.999862
0.999376
0.997643
0.992389
0.983969
0.974855
0.966671
0.962018
0.960487
0.957934
0.956411
0.956517
0.956821
0.999185
0.999594
0.999807
0.999912
0.999961
0.999983
0.999993
0.999997
0.999998
0.999997
0.999992
0.999963
0.999829
0.999231
0.996964
0.990046
0.981636
0.973666
0.966023
0.961835
0.96063
0.958175
0.95645
0.956494
0.956711
0.999216
0.999627
0.999832
0.999928
0.99997
0.999988
0.999996
0.999998
0.999998
0.999997
0.99999
0.999953
0.99979
0.999089
0.996353
0.987835
0.979769
0.972717
0.965528
0.961751
0.960789
0.95856
0.956524
0.956488
0.956611
0.999201
0.999633
0.999841
0.999936
0.999975
0.999991
0.999997
0.999999
0.999999
0.999997
0.999987
0.999943
0.999749
0.998924
0.995833
0.986483
0.978073
0.97194
0.96508
0.961719
0.961007
0.959047
0.956642
0.9565
0.956511
0.999158
0.999622
0.999842
0.999938
0.999977
0.999992
0.999997
0.999999
0.999999
0.999997
0.999984
0.99993
0.99969
0.998611
0.994545
0.984305
0.976026
0.971355
0.964871
0.961751
0.961374
0.959603
0.956808
0.956528
0.956402
0.999111
0.999607
0.999839
0.999938
0.999978
0.999993
0.999998
0.999999
0.999999
0.999996
0.99998
0.999912
0.999616
0.998222
0.992373
0.981312
0.974208
0.970976
0.964838
0.961748
0.961811
0.960149
0.957017
0.956581
0.956296
0.999068
0.999594
0.999836
0.999938
0.999978
0.999993
0.999998
0.999999
0.999998
0.999995
0.999975
0.999893
0.99954
0.99786
0.990405
0.978826
0.97308
0.970706
0.965066
0.961754
0.962327
0.960558
0.957242
0.956663
0.95618
0.999042
0.999588
0.999836
0.999939
0.999979
0.999993
0.999998
0.999999
0.999998
0.999994
0.999973
0.999882
0.999482
0.997554
0.988918
0.977301
0.972704
0.970801
0.965266
0.961743
0.962746
0.960892
0.957455
0.956762
0.95604
0.999037
0.999591
0.999839
0.999941
0.999979
0.999993
0.999998
0.999999
0.999998
0.999994
0.999972
0.999877
0.999442
0.9973
0.987867
0.976565
0.972761
0.971173
0.965486
0.961691
0.962859
0.960991
0.957641
0.956873
0.955875
0.999047
0.999601
0.999844
0.999943
0.99998
0.999994
0.999998
0.999999
0.999998
0.999994
0.999974
0.999878
0.99941
0.997045
0.986984
0.97624
0.973099
0.97174
0.965714
0.961595
0.962877
0.960982
0.957799
0.956985
0.955674
0.999079
0.999618
0.999852
0.999946
0.999982
0.999994
0.999998
0.999999
0.999999
0.999995
0.999977
0.999885
0.999394
0.996832
0.986311
0.976196
0.973683
0.97251
0.965973
0.961461
0.96286
0.960951
0.957926
0.957087
0.955428
0.999145
0.999649
0.999865
0.999951
0.999984
0.999995
0.999998
0.999999
0.999999
0.999996
0.999981
0.999895
0.999397
0.996743
0.986047
0.976482
0.974535
0.973505
0.966263
0.961253
0.962763
0.960957
0.958047
0.957167
0.955129
0.999248
0.999695
0.999883
0.999958
0.999986
0.999996
0.999999
0.999999
0.999999
0.999997
0.999985
0.999904
0.99941
0.996772
0.986232
0.977272
0.975732
0.974763
0.966605
0.960932
0.962519
0.96117
0.958194
0.957221
0.954786
0.99938
0.999752
0.999906
0.999966
0.999989
0.999997
0.999999
1
0.999999
0.999998
0.999987
0.999909
0.999427
0.996967
0.987172
0.978715
0.977393
0.976323
0.967048
0.960532
0.962105
0.961695
0.958386
0.957265
0.954403
0.999526
0.999814
0.999931
0.999976
0.999992
0.999998
0.999999
1
1
0.999999
0.999989
0.999911
0.999455
0.997421
0.989135
0.98066
0.979398
0.97822
0.967643
0.960114
0.961529
0.962562
0.958582
0.957306
0.953945
0.999667
0.999873
0.999954
0.999984
0.999995
0.999998
1
1
1
0.999999
0.99999
0.999905
0.999465
0.997945
0.99214
0.984079
0.982678
0.980875
0.968342
0.95975
0.960847
0.963767
0.958799
0.95733
0.953536
0.99979
0.999922
0.999973
0.999991
0.999997
0.999999
1
1
1
0.999999
0.999991
0.999886
0.999204
0.998163
0.995574
0.98874
0.986833
0.983874
0.969243
0.959496
0.960255
0.964994
0.959357
0.957358
0.953361
0.999882
0.999957
0.999986
0.999995
0.999999
1
1
1
1
0.999999
0.99999
0.999895
0.9992
0.998762
0.997988
0.994219
0.991643
0.987232
0.970533
0.959337
0.95983
0.965745
0.960538
0.95746
0.953372
0.999939
0.999979
0.999993
0.999998
0.999999
1
1
1
1
0.999991
0.999946
0.999883
0.999599
0.999385
0.999085
0.9977
0.995326
0.990365
0.972428
0.959226
0.959416
0.966041
0.962472
0.957457
0.953618
0.99997
0.99999
0.999997
0.999999
1
1
1
1
0.999996
0.99992
0.999477
0.999431
0.999418
0.999075
0.998842
0.998383
0.997009
0.992604
0.974482
0.959119
0.958819
0.96613
0.963988
0.957488
0.954462
0.999986
0.999995
0.999999
0.999999
1
1
1
0.999999
0.999985
0.999752
0.998456
0.998324
0.998401
0.9974
0.997094
0.997674
0.997141
0.993588
0.976301
0.959122
0.958121
0.96612
0.965044
0.957702
0.95543
0.999994
0.999998
0.999999
0.999999
1
1
0.999999
0.999997
0.999964
0.999503
0.996782
0.996171
0.996097
0.993973
0.993515
0.995891
0.996474
0.993654
0.977726
0.959237
0.957522
0.96582
0.965819
0.958313
0.956644
0.999996
0.999998
0.999998
0.999998
0.999998
0.999998
0.999996
0.99999
0.999925
0.999147
0.994469
0.992631
0.991919
0.988313
0.987916
0.992497
0.99511
0.992843
0.978851
0.959485
0.956963
0.965063
0.966177
0.959891
0.958402
0.999991
0.999993
0.999993
0.999993
0.999991
0.999987
0.99998
0.999962
0.999825
0.998425
0.99127
0.988271
0.986414
0.982478
0.982554
0.988161
0.992509
0.990825
0.979485
0.959878
0.956363
0.963913
0.966269
0.962739
0.960568
0.999956
0.999964
0.999965
0.999963
0.999953
0.999922
0.999896
0.999844
0.999517
0.996729
0.986977
0.983189
0.980754
0.979295
0.980116
0.985817
0.98989
0.988766
0.979978
0.960433
0.955828
0.962472
0.965465
0.965163
0.962761
0.999768
0.999823
0.999834
0.999826
0.999771
0.999626
0.999539
0.99939
0.998539
0.992502
0.981916
0.978653
0.977672
0.977834
0.979994
0.985806
0.98829
0.987392
0.980168
0.96121
0.955262
0.960868
0.964163
0.966316
0.964398
0.999007
0.999261
0.999309
0.999269
0.999023
0.998601
0.998355
0.997886
0.995563
0.984747
0.977021
0.975919
0.976078
0.977997
0.982172
0.985808
0.987075
0.986279
0.98008
0.962068
0.954985
0.959471
0.962497
0.966512
0.96514
0.996613
0.997445
0.997562
0.997409
0.996622
0.995757
0.995063
0.993535
0.986966
0.975047
0.972565
0.973476
0.976296
0.979526
0.982923
0.985501
0.986141
0.985428
0.979827
0.962852
0.954951
0.958171
0.96073
0.966136
0.965191
0.990787
0.992705
0.992831
0.992343
0.990483
0.988933
0.98703
0.982449
0.971232
0.966014
0.967119
0.973408
0.977148
0.978522
0.981752
0.984809
0.985423
0.984727
0.979291
0.963442
0.955069
0.956874
0.958832
0.964156
0.964637
0.979587
0.982345
0.982192
0.980574
0.977216
0.974831
0.969794
0.962598
0.957778
0.957329
0.961751
0.971719
0.974408
0.974758
0.977902
0.983189
0.984138
0.98336
0.977523
0.963568
0.955485
0.955116
0.956818
0.96117
0.962455
0.96113
0.962776
0.962202
0.960276
0.957438
0.954348
0.951481
0.949509
0.948488
0.949
0.954414
0.96311
0.964797
0.965775
0.972033
0.979496
0.980751
0.979417
0.971929
0.963139
0.956503
0.95415
0.955057
0.957206
0.957782
0.943586
0.944814
0.944464
0.94348
0.942575
0.94263
0.943133
0.942326
0.938986
0.938762
0.942419
0.949047
0.951832
0.956024
0.963779
0.969684
0.970344
0.967995
0.964063
0.962178
0.958452
0.955066
0.954661
0.955043
0.954593
0.932599
0.934989
0.936551
0.936993
0.937648
0.940179
0.940318
0.934467
0.929509
0.93136
0.938125
0.942614
0.9448
0.947954
0.951775
0.954184
0.956291
0.959778
0.961832
0.961802
0.959595
0.956665
0.956028
0.955712
0.954639
)
;

boundaryField
{
    inlet
    {
        type            fixedValue;
        value           uniform 1;
    }
    outlet
    {
        type            inletOutlet;
        inletValue      uniform 0;
        value           nonuniform List<scalar> 
57
(
0.833602
0.851819
0.888269
0.916133
0.933475
0.943933
0.950196
0.953951
0.956273
0.957581
0.958247
0.958528
0.958563
0.958489
0.958344
0.95816
0.95798
0.957804
0.957635
0.957475
0.957326
0.957186
0.957057
0.956938
0.956821
0.956711
0.956611
0.956511
0.956402
0.956296
0.95618
0.95604
0.955875
0.955674
0.955428
0.955129
0.954786
0.954403
0.953945
0.953536
0.953361
0.953372
0.953618
0.954462
0.95543
0.956644
0.958402
0.960568
0.962761
0.964398
0.96514
0.965191
0.964637
0.962455
0.957782
0.954593
0.954639
)
;
    }
    upperWall
    {
        type            zeroGradient;
    }
    lowerWall
    {
        type            zeroGradient;
    }
    frontAndBack
    {
        type            empty;
    }
}


// ************************************************************************* //
