/*--------------------------------*- C++ -*----------------------------------*\
  =========                 |
  \\      /  F ield         | OpenFOAM: The Open Source CFD Toolbox
   \\    /   O peration     | Website:  https://openfoam.org
    \\  /    A nd           | Version:  9
     \\/     M anipulation  |
\*---------------------------------------------------------------------------*/
FoamFile
{
    format      ascii;
    class       volScalarField;
    location    "0.052";
    object      pPrime2Mean;
}
// * * * * * * * * * * * * * * * * * * * * * * * * * * * * * * * * * * * * * //

dimensions      [0 4 -4 0 0 0 0];

internalField   nonuniform List<scalar> 
12225
(
296809
294014
290783
287278
283616
279881
276129
272396
268703
265061
261472
257931
254426
250937
247431
243850
240075
235831
296831
294042
290806
287296
283631
279894
276140
272406
268713
265072
261483
257944
254443
250959
247463
243900
240177
236124
296912
294105
290856
287337
283664
279921
276165
272429
268736
265095
261509
257974
254479
251008
247531
244008
240376
236580
297033
294210
290939
287404
283719
279968
276206
272467
268773
265133
261551
258023
254540
251087
247642
244176
240662
237114
297216
294366
291063
287503
283800
280036
276266
272523
268827
265190
261613
258095
254628
251201
247797
244404
241018
237689
297506
294583
291234
287640
283912
280131
276349
272600
268903
265268
261699
258194
254748
251352
248000
244688
241430
238284
297886
294873
291460
287820
284059
280256
276459
272701
269002
265370
261810
258321
254900
251544
248249
245022
241885
238891
298384
295247
291752
288052
284249
280415
276600
272831
269128
265499
261950
258481
255090
251776
248543
245401
242374
239506
299032
295717
292117
288343
284486
280615
276775
272992
269285
265660
262123
258675
255317
252049
248879
245819
242891
240128
299753
296288
292565
288699
284776
280860
276989
273190
269475
265854
262331
258906
255582
252363
249255
246271
243430
240755
300623
296984
293109
289131
285126
281154
277247
273426
269704
266086
262575
259175
255887
252716
249668
246754
243989
241388
301552
297747
293706
289601
285507
281473
277526
273682
269949
266333
262835
259457
256202
253073
250076
247220
244516
241972
302741
298630
294381
290132
285936
281832
277840
273969
270224
266609
263123
259767
256543
253454
250504
247700
245049
242554
304329
299803
295272
290826
286496
282301
278248
274342
270580
266963
263489
260157
256967
253920
251019
248268
245668
243222
306460
301328
296421
291721
287216
282902
278772
274819
271035
267414
263951
260643
257487
254483
251630
248929
246379
243978
309129
303293
297882
292846
288116
283654
279429
275418
271604
267975
264521
261236
258113
255150
252342
249688
247183
244823
312383
305623
299596
294171
289183
284551
280216
276139
272291
268651
265204
261939
258846
255920
253153
250540
248074
245751
316062
308102
301413
295579
290330
285533
281093
276953
273073
269423
265982
262736
259671
256777
254045
251467
249035
246742
318809
309981
302823
296727
291324
286431
281937
277768
273878
270232
266807
263583
260545
257681
254980
252432
250028
247760
317409
309559
302836
296955
291673
286855
282411
278282
274424
270808
267411
264214
261202
258363
255685
253159
250774
248523
315431
308444
302273
296723
291649
286964
282609
278542
274731
271151
267783
264610
261620
258800
256139
253627
251255
249015
313361
307218
301567
296346
291483
286938
282679
278678
274915
271371
268031
264882
261910
259106
256458
253957
251595
249362
311473
306061
300866
295939
291270
286854
282683
278744
275024
271512
268197
265066
262110
259318
256680
254188
251833
249606
310105
305148
300287
295590
291075
286763
282663
278772
275088
271602
268307
265191
262246
259464
256834
254348
251998
249776
309057
304435
299834
295312
290914
286682
282635
278783
275126
271660
268379
265274
262338
259563
256939
254457
252111
249892
308154
303893
299501
295108
290794
286619
282611
278786
275148
271696
268425
265329
262399
259629
257008
254530
252186
249969
307504
303515
299270
294966
290711
286574
282593
278786
275161
271719
268455
265364
262438
259671
257053
254577
252235
250019
307036
303266
299123
294878
290659
286546
282581
278786
275169
271732
268472
265384
262462
259696
257080
254605
252264
250049
306797
303128
299041
294828
290630
286531
282575
278785
275173
271739
268481
265395
262474
259710
257094
254620
252280
250065
306673
303070
299008
294808
290618
286524
282572
278785
275174
271741
268485
265400
262479
259715
257100
254626
252286
250071
199723
199703
199666
199613
199548
199471
199382
199278
199154
199009
198841
198649
198434
198198
197941
197665
197369
197055
196723
196373
196006
195621
195220
194803
194370
193921
193457
192977
192480
191967
191438
190892
190329
189748
189150
188538
187916
187290
186658
186015
185359
184689
184001
183293
182560
181804
181024
180220
179401
178573
177727
176865
175994
175107
174202
173288
172379
171443
170459
169439
168407
167372
166340
165312
164288
163267
162250
161232
160213
159188
158154
157109
156056
154996
153931
152862
151790
150717
149642
148567
147492
146417
145341
144264
143185
142103
141016
139923
138819
137705
136575
135430
134266
133083
131881
130659
129419
128162
126889
125603
124304
122997
121683
120364
119043
117721
116400
115080
113763
112448
111137
109829
108524
107223
105924
104628
103334
102041
100751
99461.3
98172.6
96884.3
95596.2
94307.9
93019.4
91730.5
90441
89150.9
87860.3
86569.1
85277.4
83985.3
82692.8
81400
80107
78814
77521
76228.3
74936
73644.3
72353.4
71063.4
69774.5
68487
67201.1
65917.1
64635.3
63356
62079.4
60805.8
59535.7
58269.1
57006.5
55748
54494
53244.7
52000.4
50761.4
49527.9
48300.1
47078.2
45862.5
44653.5
43451.5
42257
41070.3
39891.8
38721.9
37560.8
36409
35266.8
34134.8
33013.6
31903.8
30806.3
29722.2
28652.9
27600.6
26569
25567.3
199779
199759
199724
199671
199605
199529
199439
199333
199207
199059
198888
198694
198480
198244
197988
197713
197419
197106
196774
196423
196054
195668
195264
194844
194407
193955
193486
193003
192502
191987
191458
190913
190352
189773
189180
188569
187945
187316
186679
186030
185366
184687
183994
183287
182556
181796
181005
180177
179341
178503
177649
176784
175912
175035
174146
173230
172300
171351
170366
169360
168343
167325
166307
165289
164272
163256
162240
161222
160202
159175
158141
157097
156045
154987
153924
152856
151786
150714
149640
148565
147491
146415
145340
144263
143185
142103
141017
139924
138822
137708
136580
135435
134272
133090
131888
130666
129426
128168
126895
125608
124310
123002
121687
120368
119047
117725
116403
115083
113766
112451
111139
109831
108526
107225
105926
104629
103335
102043
100752
99462.3
98173.5
96885.1
95596.9
94308.7
93020.1
91731.1
90441.6
89151.6
87860.9
86569.7
85278
83985.9
82693.3
81400.5
80107.5
78814.5
77521.5
76228.8
74936.5
73644.8
72353.8
71063.8
69774.9
68487.4
67201.4
65917.4
64635.6
63356.2
62079.6
60806
59535.8
58269.3
57006.6
55748.1
54494.1
53244.8
52000.5
50761.5
49527.9
48300.1
47078.1
45862.5
44653.4
43451.4
42256.9
41070.2
39891.7
38721.8
37560.7
36408.8
35266.6
34134.6
33013.3
31903.4
30805.8
29721.5
28651.9
27599.1
26565.9
25558.9
199930
199912
199879
199828
199760
199678
199581
199467
199333
199179
199004
198808
198593
198357
198101
197825
197529
197214
196880
196527
196156
195766
195358
194933
194491
194032
193558
193068
192563
192043
191509
190961
190399
189822
189231
188624
188006
187378
186739
186087
185420
184741
184048
183334
182594
181820
181017
180183
179329
178467
177599
176726
175854
174978
174084
173167
172225
171260
170277
169281
168278
167272
166265
165255
164243
163231
162216
161199
160177
159150
158116
157075
156027
154972
153913
152848
151780
150709
149636
148563
147488
146413
145337
144260
143182
142102
141017
139925
138825
137713
136587
135444
134282
133101
131899
130677
129437
128179
126905
125618
124319
123010
121695
120376
119054
117731
116409
115089
113771
112456
111144
109836
108531
107229
105929
104633
103338
102045
100754
99464.5
98175.5
96887
95598.6
94310.2
93021.6
91732.5
90443
89152.9
87862.2
86571
85279.2
83987.1
82694.5
81401.6
80108.6
78815.5
77522.5
76229.8
74937.4
73645.6
72354.6
71064.5
69775.6
68488
67202
65917.9
64636
63356.5
62079.9
60806.3
59536
58269.4
57006.7
55748.2
54494.1
53244.8
52000.4
50761.3
49527.7
48299.7
47077.8
45862.2
44653.2
43451.3
42256.8
41070.2
39891.6
38721.6
37560.4
36408.5
35266.2
34134.1
33012.7
31902.7
30804.9
29720.3
28650.1
27596.3
26561
25548.1
200153
200137
200104
200055
199987
199903
199801
199680
199540
199380
199200
199001
198781
198542
198282
198002
197701
197381
197042
196684
196307
195912
195500
195069
194622
194157
193677
193182
192673
192150
191614
191065
190504
189929
189341
188743
188134
187513
186878
186230
185568
184891
184200
183487
182740
181952
181126
180270
179394
178509
177624
176741
175859
174971
174063
173133
172180
171210
170226
169231
168231
167230
166227
165222
164214
163203
162189
161172
160150
159125
158093
157055
156011
154960
153904
152842
151775
150705
149633
148560
147485
146410
145334
144257
143179
142099
141016
139927
138829
137720
136597
135457
134297
133117
131915
130694
129453
128195
126921
125632
124332
123023
121707
120387
119064
117741
116418
115098
113779
112464
111152
109843
108537
107235
105935
104638
103343
102050
100758
99468
98178.6
96889.8
95601.2
94312.7
93023.9
91734.7
90445
89154.8
87864.1
86572.9
85281.1
83988.8
82696.2
81403.3
80110.2
78817
77524
76231.2
74938.8
73646.9
72355.8
71065.6
69776.6
68488.9
67202.8
65918.6
64636.5
63357
62080.3
60806.6
59536.3
58269.6
57006.9
55748.3
54494.2
53244.8
52000.4
50761.2
49527.6
48299.6
47077.7
45862.1
44653.1
43451.2
42256.7
41070
39891.4
38721.3
37560
36408
35265.6
34133.4
33011.8
31901.6
30803.4
29718.4
28647.4
27592.2
26554
25535.2
200447
200432
200401
200352
200285
200199
200094
199969
199824
199659
199473
199267
199040
198792
198522
198233
197923
197594
197246
196880
196495
196094
195674
195238
194784
194314
193830
193331
192820
192297
191763
191219
190665
190099
189524
188939
188342
187731
187105
186466
185817
185152
184468
183755
183004
182206
181360
180476
179568
178647
177729
176817
175911
174999
174073
173130
172171
171196
170208
169210
168209
167205
166201
165194
164186
163175
162161
161145
160125
159102
158073
157038
155998
154950
153896
152835
151770
150701
149630
148556
147482
146406
145331
144254
143177
142099
141017
139931
138837
137732
136614
135477
134320
133142
131941
130720
129478
128219
126943
125653
124351
123041
121723
120402
119078
117754
116431
115109
113790
112475
111162
109853
108546
107243
105943
104645
103350
102056
100764
99473.1
98183.3
96894
95605.1
94316.3
93027.2
91737.9
90448.1
89157.8
87866.9
86575.6
85283.7
83991.3
82698.6
81405.6
80112.4
78819.1
77526
76233
74940.5
73648.6
72357.4
71067.1
69777.9
68490.1
67203.8
65919.5
64637.3
63357.6
62080.8
60807
59536.6
58269.9
57007.1
55748.5
54494.3
53244.8
52000.3
50761.1
49527.4
48299.4
47077.5
45861.8
44652.9
43451
42256.5
41069.7
39891.1
38720.9
37559.5
36407.3
35264.8
34132.4
33010.6
31900.1
30801.5
29715.8
28643.8
27586.8
26545.7
25521.4
200825
200808
200775
200725
200655
200566
200456
200327
200176
200004
199811
199595
199357
199097
198815
198512
198190
197849
197490
197113
196719
196308
195880
195435
194975
194500
194011
193510
192998
192476
191946
191408
190863
190311
189750
189178
188591
187990
187375
186747
186108
185454
184777
184068
183314
182506
181641
180728
179782
178820
177859
176906
175963
175023
174079
173126
172159
171179
170187
169188
168184
167180
166174
165168
164159
163149
162136
161122
160104
159084
158058
157027
155988
154942
153889
152830
151765
150696
149625
148553
147479
146405
145330
144255
143179
142102
141023
139940
138851
137752
136640
135508
134355
133178
131978
130755
129513
128251
126973
125680
124376
123063
121744
120420
119095
117770
116446
115124
113804
112488
111175
109865
108558
107254
105953
104655
103358
102064
100771
99479.7
98189.3
96899.6
95610.2
94320.9
93031.6
91741.9
90452
89161.5
87870.5
86579
85286.9
83994.5
82701.6
81408.5
80115.1
78821.7
77528.4
76235.3
74942.6
73650.6
72359.2
71068.8
69779.4
68491.4
67205.1
65920.6
64638.2
63358.4
62081.4
60807.5
59537
58270.2
57007.3
55748.6
54494.4
53244.9
52000.3
50761
49527.2
48299.2
47077.3
45861.6
44652.7
43450.8
42256.2
41069.4
39890.7
38720.4
37558.9
36406.6
35263.9
34131.3
33009.2
31898.3
30799.2
29712.6
28639.5
27580.6
26536.5
25507.3
201278
201260
201223
201168
201095
201002
200886
200749
200589
200407
200202
199974
199722
199446
199148
198830
198493
198137
197765
197376
196971
196549
196112
195660
195193
194713
194220
193717
193204
192683
192156
191623
191085
190543
189993
189430
188853
188261
187656
187038
186409
185762
185091
184383
183626
182808
181926
180988
180007
179004
177996
176997
176011
175041
174076
173109
172135
171153
170160
169160
168156
167151
166146
165141
164135
163127
162118
161106
160092
159074
158052
157022
155985
154940
153886
152826
151760
150691
149621
148550
147480
146409
145337
144264
143189
142114
141037
139957
138873
137780
136673
135548
134399
133224
132024
130800
129554
128290
127008
125712
124405
123089
121767
120442
119115
117789
116464
115141
113821
112504
111190
109879
108572
107267
105965
104666
103369
102074
100780
99487.8
98196.7
96906.3
95616.4
94326.7
93036.9
91747
90456.7
89166.1
87874.9
86583.2
85291
83998.3
82705.3
81412
80118.4
78824.8
77531.3
76238.1
74945.2
73652.9
72361.4
71070.8
69781.3
68493.1
67206.5
65921.9
64639.4
63359.4
62082.2
60808.2
59537.6
58270.6
57007.6
55748.8
54494.5
53244.9
52000.3
50760.9
49527.1
48299
47077
45861.3
44652.4
43450.4
42255.8
41069
39890.2
38719.8
37558.2
36405.7
35262.8
34129.9
33007.5
31896.2
30796.5
29709
28634.6
27573.7
26526.8
25493.3
201805
201785
201745
201686
201605
201501
201375
201225
201052
200856
200635
200390
200120
199827
199512
199177
198824
198455
198069
197667
197250
196819
196373
195914
195442
194957
194462
193957
193444
192923
192396
191865
191331
190793
190248
189691
189123
188543
187950
187345
186727
186090
185423
184715
183952
183123
182222
181256
180240
179194
178138
177090
176062
175060
174074
173093
172111
171125
170131
169132
168129
167125
166122
165120
164117
163113
162108
161101
160090
159076
158056
157028
155990
154943
153887
152824
151756
150687
149618
148551
147485
146419
145351
144282
143210
142136
141060
139981
138900
137811
136711
135592
134449
133276
132076
130850
129602
128334
127049
125749
124438
123118
121794
120466
119138
117810
116484
115160
113839
112521
111207
109895
108587
107282
105979
104679
103381
102085
100790
99497.4
98205.5
96914.4
95623.9
94333.6
93043.4
91753
90462.4
89171.5
87880
86588.1
85295.7
84002.8
82709.6
81416
80122.3
78828.5
77534.7
76241.3
74948.2
73655.7
72364
71073.1
69783.4
68495
67208.3
65923.4
64640.7
63360.5
62083.2
60809
59538.2
58271.1
57008
55749
54494.6
53244.9
52000.2
50760.7
49526.8
48298.7
47076.7
45861
44652
43450
42255.4
41068.5
39889.6
38719.1
37557.4
36404.7
35261.6
34128.5
33005.7
31893.8
30793.4
29705
28629.2
27566.4
26516.8
25479.7
202411
202387
202342
202273
202180
202064
201922
201756
201565
201350
201109
200844
200555
200244
199911
199560
199192
198808
198408
197995
197568
197127
196674
196209
195731
195244
194746
194239
193724
193202
192674
192142
191609
191072
190529
189981
189425
188860
188286
187701
187101
186476
185815
185104
184332
183486
182559
181557
180500
179404
178293
177196
176129
175095
174085
173089
172099
171108
170112
169114
168112
167109
166108
165108
164108
163109
162108
161105
160100
159089
158070
157042
156002
154951
153890
152822
151752
150683
149617
148555
147495
146435
145374
144309
143241
142168
141093
140014
138932
137846
136751
135639
134501
133333
132134
130907
129656
128385
127095
125790
124474
123151
121823
120493
119163
117834
116506
115181
113860
112541
111226
109913
108604
107298
105994
104693
103394
102097
100802
99508.2
98215.5
96923.7
95632.5
94341.6
93050.9
91760.1
90469.1
89177.8
87886
86593.8
85301.1
84008
82714.5
81420.7
80126.7
78832.7
77538.7
76245
74951.7
73658.9
72366.9
71075.9
69785.9
68497.3
67210.3
65925.2
64642.3
63361.9
62084.4
60810
59539
58271.8
57008.4
55749.3
54494.7
53244.9
52000.1
50760.6
49526.6
48298.4
47076.3
45860.6
44651.6
43449.6
42254.9
41068
39889
38718.4
37556.5
36403.7
35260.3
34126.8
33003.7
31891.3
30790.1
29700.8
28623.6
27558.9
26506.7
25466.4
203088
203061
203008
202928
202823
202690
202531
202346
202135
201899
201638
201352
201043
200712
200362
199994
199610
199212
198800
198375
197939
197491
197032
196561
196080
195589
195089
194578
194060
193534
193003
192469
191934
191398
190861
190323
189783
189240
188692
188133
187556
186947
186293
185578
184790
183919
182955
181908
180800
179647
178478
177330
176224
175162
174129
173117
172117
171120
170120
169119
168115
167111
166108
165108
164109
163112
162116
161120
160119
159111
158093
157063
156019
154962
153893
152820
151747
150680
149618
148563
147511
146459
145406
144347
143282
142210
141134
140055
138973
137889
136798
135691
134559
133396
132199
130971
129717
128441
127146
125835
124514
123185
121854
120521
119189
117858
116530
115204
113882
112562
111246
109933
108622
107315
106011
104709
103409
102111
100815
99520.3
98226.8
96934.2
95642.2
94350.7
93059.4
91768.1
90476.7
89184.9
87892.8
86600.3
85307.3
84013.9
82720.1
81426
80131.8
78837.4
77543.2
76249.2
74955.7
73662.7
72370.4
71079
69788.8
68500
67212.7
65927.4
64644.2
63363.6
62085.8
60811.2
59540
58272.5
57009
55749.7
54494.9
53244.9
52000
50760.4
49526.3
48298.1
47075.9
45860.2
44651.2
43449.1
42254.4
41067.3
39888.3
38717.6
37555.5
36402.5
35258.9
34125.1
33001.5
31888.5
30786.7
29696.3
28617.7
27551.3
26496.8
25453.6
203843
203811
203750
203660
203541
203393
203216
203012
202782
202525
202243
201937
201608
201258
200890
200506
200107
199696
199273
198839
198395
197941
197477
197002
196516
196020
195513
194996
194469
193936
193399
192861
192324
191791
191262
190737
190215
189695
189172
188638
188083
187490
186842
186121
185313
184409
183401
182304
181139
179926
178700
177503
176358
175267
174215
173188
172176
171171
170164
169155
168145
167135
166126
165121
164121
163125
162133
161142
160145
159140
158122
157089
156039
154974
153897
152818
151743
150677
149623
148576
147534
146493
145447
144394
143332
142262
141185
140106
139024
137942
136855
135754
134627
133466
132270
131039
129781
128499
127197
125880
124553
123220
121885
120550
119216
117884
116555
115228
113905
112584
111267
109953
108642
107334
106028
104725
103424
102126
100829
99533.6
98239.3
96945.8
95653.1
94360.8
93068.9
91777.1
90485.2
89193
87900.5
86607.6
85314.2
84020.5
82726.4
81432
80137.4
78842.8
77548.3
76254
74960.2
73666.9
72374.3
71082.7
69792.1
68503
67215.4
65929.8
64646.4
63365.5
62087.4
60812.5
59541.1
58273.3
57009.6
55750.1
54495.2
53245
51999.9
50760.2
49526
48297.7
47075.5
45859.8
44650.7
43448.6
42253.8
41066.7
39887.6
38716.7
37554.5
36401.3
35257.4
34123.3
32999.2
31885.7
30783.1
29691.7
28611.8
27543.7
26487
25441.4
204688
204652
204583
204483
204351
204188
203996
203776
203530
203256
202957
202633
202287
201922
201538
201139
200728
200305
199872
199431
198980
198519
198048
197566
197071
196564
196045
195515
194976
194431
193883
193337
192795
192261
191735
191218
190707
190201
189692
189173
188629
188045
187398
186669
185841
184909
183872
182743
181542
180283
179006
177760
176572
175446
174368
173319
172287
171266
170248
169227
168205
167183
166165
165152
164147
163150
162160
161171
160176
159171
158151
157114
156058
154985
153900
152814
151738
150677
149631
148597
147567
146536
145499
144450
143390
142320
141244
140166
139088
138009
136926
135828
134702
133540
132340
131107
129844
128556
127248
125925
124592
123254
121915
120577
119242
117909
116579
115252
113928
112607
111289
109974
108662
107353
106046
104742
103441
102142
100844
99547.9
98252.8
96958.6
95665
94372.1
93079.5
91787.1
90494.6
89202
87909
86615.7
85321.9
84027.8
82733.3
81438.5
80143.6
78848.7
77553.9
76259.3
74965.1
73671.5
72378.6
71086.6
69795.8
68506.3
67218.4
65932.4
64648.7
63367.5
62089.2
60814
59542.2
58274.2
57010.2
55750.6
54495.4
53245.1
51999.9
50760
49525.8
48297.4
47075.1
45859.3
44650.2
43448.1
42253.2
41066.1
39886.8
38715.9
37553.5
36400.1
35255.9
34121.4
32996.9
31882.8
30779.4
29687
28605.9
27536.2
26477.6
25429.8
205649
205609
205535
205426
205285
205113
204911
204681
204423
204138
203826
203488
203127
202745
202347
201935
201511
201077
200635
200184
199725
199256
198775
198281
197771
197246
196706
196155
195594
195028
194462
193898
193341
192793
192256
191731
191215
190704
190191
189667
189117
188525
187869
187129
186288
185344
184304
183176
181968
180698
179398
178118
176889
175721
174605
173524
172462
171413
170373
169335
168298
167262
166229
165205
164192
163190
162197
161206
160210
159202
158178
157135
156073
154992
153901
152811
151735
150681
149646
148624
147606
146585
145553
144507
143449
142381
141307
140232
139159
138085
137005
135906
134777
133611
132407
131170
129903
128611
127297
125968
124628
123285
121943
120603
119266
117932
116602
115275
113951
112630
111311
109995
108683
107372
106065
104760
103458
102158
100860
99562.9
98267.2
96972.3
95678
94384.3
93091
91798
90505
89211.8
87918.3
86624.5
85330.2
84035.7
82740.7
81445.6
80150.3
78855
77559.8
76264.9
74970.4
73676.4
72383.1
71090.8
69799.6
68509.8
67221.6
65935.3
64651.2
63369.6
62090.9
60815.4
59543.4
58275.1
57010.9
55751
54495.7
53245.2
51999.8
50759.8
49525.5
48297
47074.7
45858.9
44649.7
43447.5
42252.6
41065.4
39886
38715
37552.4
36398.8
35254.4
34119.5
32994.5
31879.8
30775.7
29682.4
28600.1
27528.9
26468.6
25418.9
206769
206727
206650
206539
206397
206222
206017
205781
205512
205212
204881
204522
204139
203738
203323
202896
202460
202015
201561
201099
200628
200145
199647
199132
198599
198047
197479
196897
196305
195708
195109
194513
193923
193343
192776
192222
191678
191140
190600
190048
189472
188857
188183
187435
186593
185654
184631
183529
182346
181098
179811
178524
177272
176069
174913
173793
172693
171609
170539
169479
168423
167370
166322
165284
164259
163247
162245
161247
160245
159231
158200
157150
156082
154997
153902
152810
151736
150688
149664
148654
147647
146633
145605
144560
143503
142438
141369
140299
139231
138161
137080
135977
134842
133671
132464
131225
129957
128661
127343
126007
124661
123313
121967
120625
119288
117954
116624
115297
113973
112651
111333
110017
108703
107392
106084
104778
103475
102175
100876
99578.5
98282.3
96986.8
95691.8
94397.4
93103.4
91809.7
90516
89222.2
87928.2
86633.8
85339.1
84044.1
82748.7
81453.1
80157.4
78861.7
77566.2
76270.9
74976
73681.7
72388.1
71095.4
69803.8
68513.6
67225
65938.3
64653.9
63371.9
62092.8
60817
59544.6
58276
57011.6
55751.4
54495.9
53245.3
51999.8
50759.7
49525.2
48296.7
47074.3
45858.4
44649.2
43446.9
42252
41064.7
39885.2
38714
37551.4
36397.5
35252.8
34117.6
32992.2
31876.9
30772
29677.8
28594.4
27521.9
26460.1
25408.6
208091
208049
207974
207866
207725
207550
207337
207085
206794
206465
206103
205713
205303
204877
204439
203994
203542
203082
202614
202135
201645
201140
200617
200073
199509
198923
198316
197692
197056
196413
195768
195125
194490
193864
193249
192647
192056
191470
190883
190287
189671
189023
188328
187571
186735
185813
184815
183751
182616
181415
180165
178900
177650
176432
175249
174094
172960
171842
170741
169654
168576
167505
166441
165387
164348
163321
162305
161294
160282
159260
158220
157164
156091
155004
153908
152816
151744
150700
149683
148681
147682
146672
145645
144599
143545
142485
141421
140356
139291
138221
137137
136029
134888
133714
132506
131268
130000
128703
127380
126039
124688
123336
121988
120645
119307
117974
116643
115317
113993
112672
111354
110038
108724
107412
106103
104796
103493
102192
100892
99594.7
98298
97002
95706.3
94411.2
93116.4
91822
90527.6
89233.2
87938.6
86643.7
85348.5
84052.9
82757.1
81461.1
80165
78868.9
77573
76277.3
74982.1
73687.4
72393.4
71100.4
69808.4
68517.8
67228.8
65941.7
64656.8
63374.4
62094.9
60818.6
59545.9
58277
57012.2
55751.9
54496.2
53245.4
51999.7
50759.5
49524.9
48296.3
47073.9
45857.9
44648.7
43446.4
42251.4
41064
39884.5
38713.1
37550.3
36396.2
35251.2
34115.7
32989.8
31874
30768.5
29673.4
28589
27515.2
26452
25398.9
209672
209629
209555
209448
209304
209120
208889
208612
208287
207921
207519
207090
206641
206179
205707
205229
204746
204260
203766
203261
202742
202207
201648
201062
200453
199820
199164
198488
197799
197103
196404
195708
195018
194337
193666
193006
192357
191715
191073
190424
189760
189073
188353
187584
186753
185851
184883
183857
182774
181629
180433
179203
177971
176757
175566
174394
173236
172093
170964
169851
168751
167662
166580
165511
164454
163411
162379
161352
160326
159293
158246
157183
156107
155019
153925
152834
151761
150717
149702
148703
147706
146698
145671
144627
143574
142519
141461
140398
139332
138259
137171
136058
134914
133739
132532
131295
130027
128729
127405
126061
124708
123353
122004
120661
119324
117991
116661
115335
114012
112692
111374
110058
108744
107432
106122
104815
103511
102209
100910
99611.6
98314.5
97017.9
95721.6
94425.8
93130.3
91835.2
90540.1
89245.1
87949.8
86654.3
85358.6
84062.6
82766.3
81469.8
80173.3
78876.8
77580.5
76284.5
74988.9
73693.8
72399.5
71106
69813.6
68522.5
67233.1
65945.4
64660
63377.1
62097.2
60820.4
59547.3
58278
57012.9
55752.3
54496.4
53245.5
51999.7
50759.3
49524.7
48296
47073.6
45857.5
44648.2
43445.9
42250.8
41063.3
39883.7
38712.3
37549.2
36395
35249.7
34113.8
32987.6
31871.2
30765
29669.2
28583.8
27508.9
26444.4
25390.1
211396
211351
211274
211161
211010
210813
210564
210259
209898
209484
209027
208537
208028
207511
206991
206469
205946
205422
204891
204347
203785
203205
202599
201966
201307
200626
199922
199199
198461
197716
196968
196221
195481
194749
194025
193312
192610
191914
191221
190523
189814
189088
188337
187550
186718
185829
184885
183887
182843
181748
180603
179417
178211
177008
175819
174643
173478
172322
171176
170043
168925
167820
166725
165641
164569
163509
162460
161418
160377
159333
158279
157212
156133
155047
153956
152866
151790
150742
149721
148717
147717
146708
145683
144643
143594
142543
141487
140424
139354
138275
137183
136066
134920
133743
132536
131298
130030
128733
127409
126067
124715
123362
122014
120672
119337
118005
116676
115351
114028
112709
111392
110077
108763
107451
106141
104833
103529
102227
100927
99628.3
98330.8
97033.8
95737.1
94440.6
93144.5
91848.7
90553
89257.3
87961.5
86665.5
85369.2
84072.6
82775.9
81478.9
80182
78885.1
77588.4
76292
74996
73700.6
72405.8
71111.9
69819.1
68527.5
67237.5
65949.4
64663.4
63379.9
62099.4
60822.2
59548.6
58278.9
57013.5
55752.6
54496.5
53245.3
51999.4
50759
49524.3
48295.5
47073
45856.9
44647.6
43445.2
42250.1
41062.5
39882.8
38711.2
37548.1
36393.6
35248.1
34111.9
32985.3
31868.4
30761.6
29665
28578.8
27502.9
26437.3
25381.7
213073
213024
212935
212808
212642
212428
212158
211821
211413
210939
210413
209854
209280
208702
208131
207564
206998
206429
205854
205264
204656
204029
203380
202706
202007
201287
200547
199788
199015
198233
197449
196667
195890
195120
194356
193601
192856
192117
191381
190642
189895
189134
188353
187545
186701
185814
184880
183900
182876
181811
180704
179556
178378
177190
176006
174832
173666
172507
171355
170212
169081
167963
166857
165762
164677
163605
162543
161488
160435
159380
158320
157250
156171
155087
153999
152912
151832
150775
149742
148728
147721
146709
145686
144651
143609
142559
141501
140436
139361
138277
137178
136056
134907
133727
132517
131277
130009
128714
127394
126056
124709
123361
122018
120679
119345
118015
116688
115363
114042
112724
111407
110093
108779
107467
106158
104850
103546
102243
100943
99644.3
98346.5
97049.2
95752.1
94455.2
93158.6
91862.3
90566
89269.8
87973.4
86676.9
85380.1
84083
82785.7
81488.3
80190.9
78893.5
77596.4
76299.7
75003.3
73707.6
72412.4
71118.2
69824.9
68532.8
67242.2
65953.5
64666.9
63382.9
62101.8
60824
59549.9
58279.8
57014.1
55752.9
54496.5
53245.2
51999.2
50758.6
49523.9
48295.1
47072.5
45856.4
44647
43444.5
42249.4
41061.7
39882
38710.3
37547
36392.3
35246.6
34110.1
32983.1
31865.8
30758.4
29661.2
28574.1
27497.3
26430.7
25374.1
214712
214650
214539
214382
214179
213928
213618
213238
212778
212245
211655
211032
210395
209761
209137
208524
207913
207297
206676
206042
205392
204725
204037
203327
202596
201847
201080
200294
199496
198689
197880
197073
196270
195471
194678
193890
193111
192337
191564
190790
190009
189217
188408
187577
186717
185823
184890
183916
182903
181854
180769
179650
178500
177330
176154
174981
173816
172658
171506
170360
169222
168095
166979
165874
164781
163700
162627
161561
160499
159435
158369
157297
156219
155137
154052
152967
151885
150817
149771
148744
147727
146711
145687
144655
143613
142561
141501
140432
139353
138262
137155
136028
134874
133691
132478
131238
129972
128680
127365
126034
124695
123354
122016
120681
119350
118022
116696
115373
114053
112736
111421
110107
108794
107483
106173
104866
103562
102259
100959
99659.6
98361.6
97064.1
95766.8
94469.7
93172.8
91876
90579.3
89282.6
87985.7
86688.7
85391.3
84093.7
82795.8
81497.9
80200
78902.2
77604.7
76307.6
75011
73714.8
72419.4
71124.7
69831
68538.4
67247.2
65957.8
64670.6
63385.9
62104.2
60825.8
59551.3
58280.7
57014.6
55753.1
54496.5
53245
51998.9
50758.3
49523.4
48294.6
47071.9
45855.8
44646.3
43443.9
42248.7
41061
39881.1
38709.3
37545.9
36391.1
35245.2
34108.4
32981
31863.3
30755.5
29657.6
28569.9
27492.2
26424.7
25367.2
216344
216261
216113
215906
215644
215328
214954
214512
213994
213402
212755
212075
211387
210707
210043
209393
208741
208082
207416
206739
206047
205339
204615
203873
203113
202339
201548
200743
199927
199103
198275
197448
196624
195804
194987
194174
193367
192562
191760
190955
190145
189325
188491
187638
186761
185855
184916
183942
182934
181893
180822
179720
178591
177440
176276
175109
173944
172787
171636
170490
169349
168216
167094
165983
164883
163793
162711
161636
160565
159497
158427
157353
156275
155193
154110
153026
151944
150869
149811
148770
147743
146719
145691
144655
143609
142552
141486
140412
139328
138231
137117
135984
134826
133640
132426
131187
129923
128636
127328
126005
124674
123342
122010
120680
119352
118026
116702
115381
114063
112747
111433
110120
108808
107497
106188
104882
103577
102274
100974
99674.4
98376.3
97078.7
95781.3
94484.1
93187
91890
90593
89295.9
87998.5
86700.9
85403
84104.8
82806.3
81507.8
80209.4
78911.1
77613.3
76315.8
75018.9
73722.4
72426.6
71131.6
69837.4
68544.3
67252.5
65962.5
64674.5
63389.1
62106.7
60827.7
59552.6
58281.6
57015.1
55753.3
54496.5
53244.8
51998.5
50757.8
49522.9
48294
47071.4
45855.2
44645.7
43443.2
42248
41060.3
39880.4
38708.5
37544.9
36389.9
35243.8
34106.8
32979.2
31861.1
30752.8
29654.4
28566
27487.7
26419.4
25361.1
217992
217883
217686
217412
217071
216671
216211
215688
215098
214448
213750
213025
212300
211591
210899
210218
209529
208828
208115
207391
206655
205906
205144
204369
203583
202784
201973
201151
200320
199481
198639
197796
196955
196117
195280
194445
193614
192785
191957
191126
190290
189447
188590
187717
186822
185903
184956
183979
182972
181936
180872
179781
178666
177531
176380
175221
174060
172903
171752
170605
169464
168330
167204
166088
164982
163884
162794
161712
160635
159563
158491
157415
156335
155253
154169
153087
152006
150928
149861
148808
147768
146734
145698
144654
143600
142535
141462
140382
139292
138189
137070
135932
134770
133581
132368
131130
129869
128587
127286
125972
124650
123326
122001
120676
119351
118028
116706
115387
114071
112756
111444
110132
108821
107512
106203
104897
103592
102290
100988
99689
98390.7
97093.1
95795.8
94498.6
93201.5
91904.4
90607.2
89309.7
88011.9
86713.8
85415.2
84116.4
82817.3
81518.1
80219.1
78920.4
77622.1
76324.3
75027.1
73730.4
72434.3
71138.9
69844.2
68550.6
67258.2
65967.4
64678.7
63392.5
62109.3
60829.7
59554
58282.5
57015.6
55753.5
54496.4
53244.6
51998.1
50757.4
49522.4
48293.5
47070.8
45854.6
44645.1
43442.6
42247.4
41059.6
39879.6
38707.7
37544
36388.9
35242.6
34105.4
32977.5
31859.1
30750.4
29651.5
28562.6
27483.6
26414.7
25355.7
219655
219514
219253
218895
218459
217958
217401
216790
216129
215424
214683
213924
213170
212438
211724
211011
210285
209542
208783
208011
207229
206439
205640
204833
204018
203195
202364
201526
200681
199830
198974
198117
197261
196407
195554
194701
193851
193001
192151
191298
190440
189575
188698
187806
186896
185964
185008
184026
183018
181984
180924
179841
178735
177610
176470
175320
174166
173011
171859
170712
169570
168435
167307
166187
165077
163974
162878
161789
160707
159631
158556
157478
156397
155312
154228
153146
152065
150986
149914
148851
147799
146753
145707
144654
143590
142516
141435
140347
139251
138142
137018
135874
134709
133520
132306
131070
129814
128537
127244
125938
124625
123308
121989
120669
119348
118028
116709
115393
114078
112765
111454
110144
108835
107526
106218
104912
103607
102304
101003
99703.3
98404.9
97107.4
95810.2
94513.3
93216.3
91919.2
90622
89324.3
88026.1
86727.3
85428.1
84128.5
82828.7
81528.8
80229.1
78929.9
77631.2
76333.1
75035.7
73738.7
72442.4
71146.6
69851.5
68557.3
67264.2
65972.7
64683.1
63396.1
62112.1
60831.7
59555.4
58283.4
57016
55753.6
54496.3
53244.3
51997.7
50756.9
49521.9
48292.9
47070.2
45854
44644.5
43442
42246.7
41058.9
39878.9
38706.9
37543.2
36388
35241.6
34104.2
32976
31857.4
30748.3
29649
28559.6
27480.1
26410.6
25351
221333
221143
220797
220331
219785
219179
218526
217833
217104
216344
215563
214772
213991
213237
212500
211756
210993
210210
209409
208593
207768
206938
206105
205268
204425
203578
202728
201875
201016
200152
199284
198413
197544
196677
195809
194940
194073
193206
192337
191466
190589
189705
188810
187902
186977
186033
185067
184080
183070
182036
180979
179900
178800
177682
176551
175409
174261
173111
171960
170813
169670
168533
167403
166281
165168
164062
162962
161868
160781
159700
158622
157541
156457
155371
154285
153202
152121
151041
149965
148894
147832
146776
145719
144655
143581
142498
141408
140313
139210
138095
136965
135817
134648
133458
132246
131013
129760
128488
127202
125904
124599
123289
121976
120660
119343
118026
116711
115397
114085
112774
111465
110156
108848
107540
106233
104927
103622
102319
101017
99717.4
98419
97121.6
95824.8
94528.1
93231.5
91934.6
90637.4
89339.6
88041.1
86741.8
85441.8
84141.4
82840.7
81540
80239.6
78939.8
77640.7
76342.4
75044.7
73747.6
72451
71154.9
69859.4
68564.6
67270.8
65978.4
64687.9
63399.9
62115
60833.8
59556.8
58284.2
57016.5
55753.7
54496.1
53244
51997.3
50756.4
49521.3
48292.4
47069.6
45853.4
44643.9
43441.4
42246.1
41058.3
39878.3
38706.2
37542.4
36387.1
35240.6
34103.1
32974.8
31855.9
30746.5
29646.9
28557.1
27477.2
26407.2
25347.1
223031
222766
222296
221702
221039
220329
219585
218813
218016
217201
216376
215552
214746
213968
213202
212426
211629
210811
209975
209124
208265
207402
206538
205673
204805
203936
203068
202199
201327
200450
199569
198688
197806
196926
196046
195164
194282
193400
192515
191628
190735
189834
188923
188000
187061
186106
185133
184139
183126
182092
181036
179959
178863
177751
176626
175490
174348
173202
172054
170908
169764
168625
167493
166370
165255
164148
163045
161946
160854
159769
158687
157603
156516
155428
154341
153256
152174
151092
150011
148934
147863
146797
145730
144656
143573
142481
141382
140280
139171
138050
136914
135761
134590
133399
132188
130957
129708
128442
127161
125871
124572
123269
121960
120649
119336
118023
116712
115401
114091
112783
111476
110169
108862
107554
106247
104941
103636
102333
101031
99731.4
98433.1
97135.9
95839.5
94543.3
93247.2
91950.7
90653.7
89355.9
88057.1
86757.3
85456.6
84155.2
82853.4
81551.7
80250.6
78950.2
77650.7
76352.1
75054.3
73757
72460.3
71163.9
69867.9
68572.5
67277.9
65984.5
64693
63404
62118.1
60836
59558.2
58285
57016.8
55753.7
54496
53243.6
51996.9
50755.9
49520.8
48291.8
47069.1
45852.8
44643.4
43440.8
42245.6
41057.8
39877.7
38705.6
37541.8
36386.4
35239.8
34102.2
32973.7
31854.6
30745.1
29645.2
28555.1
27474.8
26404.4
25344
224792
224385
223747
223001
222211
221399
220569
219722
218859
217986
217115
216255
215421
214617
213822
213015
212188
211342
210478
209601
208715
207826
206935
206045
205155
204268
203384
202501
201615
200726
199835
198942
198049
197157
196265
195371
194477
193581
192684
191782
190875
189960
189034
188098
187147
186182
185201
184202
183185
182149
181093
180017
178924
177816
176696
175566
174428
173285
172140
170996
169852
168713
167579
166455
165339
164230
163124
162023
160927
159838
158751
157662
156573
155483
154394
153308
152222
151137
150051
148969
147890
146815
145738
144656
143565
142465
141360
140250
139135
138008
136867
135710
134536
133344
132134
130905
129659
128398
127123
125839
124546
123247
121944
120637
119328
118020
116712
115404
114097
112791
111486
110180
108874
107568
106261
104955
103650
102346
101045
99745.1
98447.1
97150.4
95854.5
94559
93263.5
91967.6
90671
89373.4
88074.5
86774.2
85472.6
84170.1
82867
81564.2
80262.1
78961.1
77661.2
76362.4
75064.5
73767.2
72470.3
71173.7
69877.2
68581.2
67285.7
65991.3
64698.7
63408.4
62121.4
60838.3
59559.6
58285.8
57017.1
55753.7
54495.7
53243.2
51996.4
50755.3
49520.2
48291.2
47068.5
45852.3
44642.8
43440.3
42245
41057.2
39877.2
38705.1
37541.2
36385.8
35239.2
34101.5
32972.9
31853.7
30744
29643.9
28553.5
27473
26402.3
25341.6
226629
225997
225130
224212
223295
222381
221468
220548
219619
218692
217777
216886
216025
215191
214363
213528
212677
211810
210926
210028
209122
208210
207297
206386
205478
204576
203678
202781
201883
200983
200080
199178
198274
197372
196469
195564
194658
193751
192842
191929
191009
190081
189143
188194
187234
186260
185271
184266
183245
182207
181150
180075
178983
177878
176761
175636
174502
173362
172219
171076
169934
168796
167662
166536
165419
164308
163201
162097
160998
159905
158814
157721
156628
155536
154445
153356
152267
151178
150087
148998
147912
146829
145744
144654
143556
142450
141339
140223
139101
137969
136823
135662
134486
133293
132084
130857
129614
128357
127087
125807
124519
123225
121926
120624
119320
118016
116711
115407
114103
112799
111495
110191
108886
107580
106274
104968
103663
102359
101058
99758.7
98461.1
97165
95869.9
94575.2
93280.6
91985.6
90689.7
89392.5
88093.7
86793
85490.5
84186.6
82882
81577.7
80274.4
78972.6
77672.4
76373.4
75075.4
73778.1
72481.1
71184.3
69887.4
68590.7
67294.3
65998.8
64704.8
63413.3
62125
60840.7
59561.1
58286.6
57017.4
55753.6
54495.4
53242.7
51995.8
50754.7
49519.6
48290.6
47067.9
45851.7
44642.3
43439.8
42244.5
41056.8
39876.7
38704.6
37540.8
36385.4
35238.7
34100.9
32972.3
31853
30743.2
29643
28552.5
27471.8
26400.9
25340
228691
227574
226418
225316
224266
223256
222264
221277
220292
219321
218372
217455
216565
215699
214842
213981
213111
212225
211324
210408
209485
208556
207624
206697
205774
204859
203950
203041
202132
201221
200309
199397
198484
197571
196658
195744
194828
193910
192991
192067
191136
190197
189248
188289
187319
186336
185340
184330
183305
182264
181206
180130
179039
177936
176823
175701
174570
173432
172292
171150
170010
168873
167740
166614
165495
164382
163273
162167
161066
159970
158875
157779
156683
155587
154493
153401
152309
151215
150119
149023
147930
146838
145746
144649
143546
142435
141319
140199
139072
137934
136784
135619
134440
133247
132037
130812
129572
128318
127052
125776
124493
123204
121909
120612
119312
118012
116711
115409
114108
112806
111503
110200
108896
107591
106286
104980
103675
102372
101071
99772.4
98475.5
97180.1
95885.9
94592.3
93298.8
92004.9
90710.1
89413.8
88115.4
86814.4
85510.8
84205.2
82898.6
81592.4
80287.7
78985
77684.3
76385.2
75087.2
73790
72493
71196
69898.7
68601.2
67303.8
66007
64711.6
63418.5
62128.8
60843.3
59562.7
58287.4
57017.6
55753.5
54495
53242.2
51995.2
50754.1
49518.9
48290
47067.3
45851.1
44641.7
43439.3
42244.1
41056.3
39876.3
38704.2
37540.4
36385
35238.4
34100.6
32972
31852.7
30742.8
29642.5
28551.9
27471.1
26400.2
25339.2
230867
228970
227529
226265
225116
224024
222963
221920
220891
219885
218909
217966
217050
216155
215270
214387
213501
212600
211682
210750
209812
208867
207923
206983
206049
205124
204205
203286
202367
201446
200526
199604
198682
197760
196838
195914
194989
194062
193133
192200
191258
190310
189351
188383
187404
186414
185411
184395
183366
182322
181261
180185
179095
177994
176883
175763
174634
173500
172362
171222
170083
168948
167816
166690
165570
164456
163345
162237
161134
160036
158938
157839
156738
155639
154542
153446
152349
151250
150148
149045
147944
146845
145746
144643
143535
142420
141301
140176
139043
137900
136745
135577
134396
133201
131992
130768
129530
128279
127016
125744
124466
123181
121892
120599
119304
118008
116710
115412
114112
112812
111512
110210
108907
107602
106297
104992
103688
102385
101085
99787.2
98491.2
97196.9
95903.9
94611.7
93319.8
92027.7
90734.6
89439.9
88142.3
86841.2
85536.3
84228.4
82919.1
81610.3
80303.6
78999.7
77698.5
76399.2
75101.3
73804.2
72507.2
71210
69912.3
68613.9
67315.2
66016.8
64719.6
63424.7
62133.2
60846.2
59564.4
58288.2
57017.8
55753.2
54494.5
53241.5
51994.5
50753.3
49518.2
48289.2
47066.6
45850.5
44641.1
43438.7
42243.6
41055.9
39875.9
38703.9
37540.1
36384.7
35238.1
34100.4
32971.8
31852.5
30742.7
29642.4
28551.8
27471
26400.1
25339.2
232274
230181
228561
227174
225919
224750
223627
222539
221476
220441
219441
218475
217534
216605
215691
214787
213883
212962
212026
211080
210129
209173
208218
207267
206323
205389
204461
203534
202605
201675
200744
199813
198883
197951
197020
196087
195152
194217
193278
192335
191384
190427
189460
188483
187495
186496
185486
184465
183431
182384
181321
180244
179154
178053
176944
175827
174701
173569
172433
171295
170157
169023
167893
166767
165647
164532
163419
162310
161205
160105
159004
157902
156798
155694
154593
153492
152390
151285
150176
149066
147957
146850
145744
144636
143523
142406
141282
140152
139015
137867
136707
135536
134352
133156
131947
130724
129487
128238
126979
125711
124438
123158
121874
120587
119296
118004
116710
115415
114118
112820
111520
110219
108917
107613
106309
105005
103701
102400
101101
99804.3
98509.7
97216.8
95925.6
94635.5
93346
92056.6
90766.3
89474
88178.1
86876.9
85570.2
84259.2
82945.8
81633.3
80324
79018.6
77716.6
76417.3
75119.5
73822.5
72525.6
71228.2
69929.8
68630.3
67329.9
66029.4
64729.8
63432.4
62138.7
60849.7
59566.4
58289.1
57018
55752.9
54493.9
53240.9
51993.7
50752.6
49517.4
48288.5
47065.9
45849.9
44640.6
43438.3
42243.2
41055.6
39875.6
38703.7
37540
36384.7
35238.2
34100.6
32972.1
31852.9
30743.1
29643
28552.6
27471.9
26401.2
25340.3
233343
231262
229554
228073
226739
225498
224321
223188
222091
221026
219995
218998
218027
217074
216136
215206
214275
213334
212380
211419
210455
209489
208524
207562
206610
205669
204733
203795
202856
201915
200975
200036
199096
198155
197213
196270
195325
194380
193431
192478
191519
190553
189577
188591
187594
186586
185568
184540
183502
182450
181385
180307
179216
178116
177008
175893
174770
173640
172506
171369
170234
169101
167972
166847
165728
164611
163497
162387
161281
160178
159074
157968
156861
155752
154645
153538
152430
151319
150203
149086
147969
146855
145742
144629
143512
142390
141263
140129
138987
137834
136670
135495
134310
133112
131902
130679
129444
128197
126942
125679
124410
123136
121857
120575
119289
118001
116710
115418
114123
112827
111529
110229
108927
107624
106321
105018
103716
102416
101118
99823.4
98530.7
97240
95951.2
94663.9
93377.8
92092.2
90806.1
89517.3
88223.6
86922.6
85613.7
84298
82979.4
81662
80349.3
79042
77739.2
76439.7
75142.1
73845.3
72548.5
71250.7
69951.4
68650.4
67347.8
66044.6
64741.9
63441.5
62144.9
60853.6
59568.5
58290
57018.1
55752.6
54493.3
53240.1
51992.9
50751.7
49516.7
48287.8
47065.3
45849.3
44640.1
43437.9
42242.9
41055.3
39875.5
38703.6
37540
36384.9
35238.5
34101
32972.7
31853.7
30744.1
29644.2
28554.1
27473.7
26403.2
25342.7
234245
232242
230506
228967
227569
226270
225041
223866
222731
221633
220571
219542
218539
217557
216593
215638
214683
213719
212748
211773
210797
209818
208841
207870
206910
205962
205016
204069
203119
202169
201219
200270
199322
198372
197419
196464
195507
194551
193593
192630
191663
190688
189704
188709
187702
186683
185656
184622
183578
182523
181455
180375
179283
178183
177076
175963
174842
173714
172582
171447
170312
169180
168052
166929
165810
164693
163578
162466
161359
160254
159148
158038
156926
155812
154698
153585
152470
151352
150229
149105
147981
146860
145742
144623
143501
142375
141244
140106
138959
137801
136634
135456
134268
133069
131858
130635
129401
128157
126905
125647
124384
123115
121841
120564
119282
117998
116711
115421
114129
112835
111538
110239
108938
107636
106333
105031
103731
102433
101138
99845.7
98555.7
97268.2
95982.7
94699.3
93417.8
92137.5
90856.7
89572.6
88281.7
86980.5
85668.3
84346.7
83021.4
81698.2
80381.4
79072
77768.5
76468.9
75171.5
73874.9
72578
71279.8
69979.3
68676.1
67370.5
66063.5
64756.8
63452.3
62152.1
60858
59570.8
58290.8
57018
55752
54492.5
53239.2
51992
50750.9
49515.9
48287.1
47064.6
45848.8
44639.6
43437.5
42242.6
41055.1
39875.4
38703.7
37540.2
36385.2
35239
34101.7
32973.6
31854.8
30745.6
29646.1
28556.3
27476.3
26406.2
25346.1
235058
233140
231411
229842
228400
227055
225782
224566
223396
222265
221171
220110
219076
218064
217069
216085
215105
214121
213133
212143
211151
210159
209170
208190
207222
206264
205308
204351
203392
202430
201470
200514
199558
198598
197633
196665
195697
194730
193762
192790
191815
190832
189839
188835
187817
186787
185751
184710
183660
182601
181530
180448
179355
178255
177148
176036
174916
173790
172660
171526
170393
169262
168136
167013
165894
164776
163660
162548
161440
160332
159224
158111
156993
155872
154751
153630
152508
151383
150254
149124
147994
146867
145743
144619
143492
142362
141226
140083
138931
137769
136598
135417
134227
133026
131815
130592
129360
128119
126871
125618
124359
123095
121826
120552
119275
117995
116711
115425
114136
112843
111548
110250
108949
107648
106347
105047
103749
102454
101162
99873
98587
97303.6
96022.8
94744.7
93469.1
92195.2
90920.7
89642.1
88353.9
87051.8
85734.9
84406.4
83073.3
81743.5
80422.4
79111
77806.9
76507.4
75210.3
73914
72617.1
71317.9
70015.7
68709.7
67400.1
66088.1
64775.8
63465.8
62160.8
60863
59573.2
58291.6
57017.8
55751.3
54491.6
53238.2
51991
50749.9
49515
48286.3
47064
45848.2
44639.2
43437.2
42242.3
41055
39875.4
38703.8
37540.5
36385.7
35239.7
34102.6
32974.8
31856.4
30747.6
29648.5
28559.1
27479.7
26410.2
25350.7
235819
233979
232274
230697
229228
227848
226539
225287
224084
222921
221795
220701
219635
218592
217566
216553
215547
214542
213535
212528
211520
210515
209515
208525
207546
206577
205609
204640
203667
202695
201727
200762
199798
198828
197852
196873
195894
194915
193938
192959
191975
190985
189983
188968
187938
186898
185852
184804
183750
182685
181610
180526
179432
178331
177225
176113
174995
173871
172741
171607
170475
169347
168221
167100
165980
164861
163743
162629
161519
160411
159300
158183
157061
155933
154803
153674
152545
151413
150279
149143
148009
146877
145747
144618
143486
142350
141209
140061
138904
137739
136563
135380
134187
132985
131774
130552
129321
128083
126840
125590
124336
123076
121811
120541
119268
117992
116712
115429
114143
112852
111559
110262
108963
107663
106363
105065
103770
102479
101192
99908.2
98627.6
97350
96075.2
94803.4
93534.6
92267.8
90999.6
89725.7
88439.9
87135.9
85813.2
84476.8
83135.4
81799.1
80474.1
79161.1
77857
76557.8
75261.2
73965.3
72668.1
71368.1
70063.6
68753.9
67439.2
66120.5
64800.6
63483.1
62171.7
60868.9
59575.9
58292.3
57017.5
55750.5
54490.5
53237.1
51989.9
50748.9
49514.1
48285.5
47063.3
45847.6
44638.8
43436.8
42242.2
41054.9
39875.5
38704.1
37540.9
36386.3
35240.5
34103.8
32976.3
31858.3
30750
29651.4
28562.7
27484
26415.2
25356.3
236549
234777
233104
231530
230047
228643
227306
226024
224790
223597
222440
221315
220218
219144
218088
217046
216013
214985
213959
212934
211912
210895
209883
208879
207886
206900
205916
204931
203946
202963
201985
201012
200038
199059
198073
197082
196091
195104
194118
193131
192140
191141
190130
189104
188063
187013
185960
184906
183845
182776
181697
180610
179514
178413
177306
176195
175078
173954
172824
171692
170561
169433
168310
167188
166067
164946
163825
162709
161597
160486
159372
158252
157124
155990
154852
153716
152580
151443
150304
149164
148026
146890
145756
144621
143483
142341
141194
140041
138880
137710
136531
135345
134151
132948
131736
130515
129287
128052
126811
125565
124314
123057
121796
120531
119262
117990
116714
115435
114151
112864
111572
110277
108980
107681
106384
105089
103799
102513
101232
99955.2
98681.8
97411.2
96143.3
94878.2
93616
92355.2
91092.7
89822.1
88535.9
87228.8
85900.1
84555.6
83207
81865.3
80537.4
79223.6
77919.9
76621.4
75325.7
74030.2
72733.2
71432.4
70125.7
68811.9
67490.6
66163.4
64833.5
63505.8
62185.7
60876.4
59579
58293
57017
55749.4
54489.3
53235.8
51988.8
50747.9
49513.2
48284.7
47062.6
45847.1
44638.3
43436.5
42242
41054.9
39875.6
38704.4
37541.4
36387.1
35241.5
34105.1
32978.1
31860.5
30752.8
29654.8
28566.9
27489
26421.1
25363.1
237261
235545
233905
232342
230855
229436
228078
226771
225510
224289
223104
221950
220823
219719
218634
217564
216505
215453
214406
213364
212327
211295
210269
209249
208238
207233
206231
205231
204232
203237
202248
201264
200278
199287
198289
197288
196287
195291
194297
193303
192305
191297
190276
189240
188190
187132
186072
185012
183947
182874
181790
180698
179601
178500
177393
176281
175164
174040
172910
171778
170648
169523
168399
167277
166154
165029
163905
162785
161669
160556
159438
158314
157181
156041
154898
153755
152614
151472
150330
149188
148047
146907
145768
144628
143484
142336
141183
140024
138859
137685
136503
135315
134119
132915
131703
130483
129256
128023
126785
125542
124293
123040
121783
120522
119257
117989
116718
115442
114163
112880
111592
110299
109004
107707
106413
105122
103837
102559
101287
100018
98753.4
97490.7
96229.4
94970
93712.4
92455.6
91195.6
89925.1
88637.2
87325.2
85990.3
84639.6
83285.3
81940.4
80611.2
79297.8
77994.9
76697.8
75402.9
74108.2
72811.8
71510.7
70202.4
68884.4
67555.9
66218.4
64876
63535.4
62203.6
60885.7
59582.8
58293.7
57016.3
55748.2
54487.9
53234.5
51987.5
50746.8
49512.2
48283.9
47061.9
45846.5
44637.9
43436.3
42241.8
41054.9
39875.8
38704.7
37542
36387.9
35242.7
34106.7
32980
31863.1
30755.9
29658.8
28571.7
27494.7
26427.9
25371
237959
236293
234684
233137
231651
230224
228850
227524
226240
224995
223783
222602
221447
220315
219202
218105
217021
215946
214878
213817
212762
211714
210671
209635
208606
207583
206564
205547
204533
203523
202519
201519
200518
199514
198505
197492
196482
195476
194475
193472
192464
191448
190417
189373
188316
187253
186188
185123
184054
182976
181888
180792
179691
178589
177483
176371
175252
174126
172996
171864
170736
169611
168488
167365
166238
165109
163981
162857
161736
160617
159496
158367
157229
156085
154937
153790
152645
151501
150357
149214
148070
146927
145783
144637
143487
142333
141175
140011
138841
137664
136479
135289
134091
132887
131674
130455
129229
127998
126761
125520
124275
123025
121771
120514
119254
117990
116724
115454
114181
112903
111620
110332
109039
107746
106454
105168
103891
102622
101360
100101
98844.9
97588.9
96332.1
95075.5
93818.9
92561.7
91299.6
90026.6
88734.1
87417.4
86076.9
84722
83365.4
82019.9
80691.5
79379.5
78078
76782.1
75488.7
74195.2
72900.2
71600
70291.1
68969.7
67634.2
66285.3
64928.3
63571.9
62225.9
60897.1
59587.3
58294.5
57015.4
55746.7
54486.3
53233
51986.2
50745.6
49511.2
48283.1
47061.3
45846
44637.5
43436
42241.7
41055
39876
38705.2
37542.7
36388.9
35244
34108.4
32982.2
31865.9
30759.4
29663.1
28577
27501.2
26435.5
25379.9
238650
237025
235445
233915
232435
231005
229620
228279
226976
225710
224475
223268
222088
220930
219790
218668
217559
216461
215372
214291
213218
212151
211092
210039
208992
207950
206914
205881
204851
203825
202803
201785
200768
199749
198727
197703
196682
195664
194651
193637
192618
191591
190551
189501
188440
187373
186305
185235
184162
183079
181986
180887
179784
178679
177573
176459
175338
174210
173079
171947
170819
169695
168571
167445
166316
165184
164051
162922
161796
160672
159544
158411
157271
156123
154973
153823
152675
151529
150383
149238
148092
146945
145797
144646
143492
142333
141169
140001
138827
137646
136459
135266
134068
132862
131649
130430
129205
127975
126741
125502
124259
123012
121762
120509
119253
117995
116735
115473
114209
112940
111665
110382
109094
107802
106513
105233
103964
102706
101454
100205
98955.1
97701.4
96445.1
95186.2
93925.6
92662.4
91394.7
90115.2
88816.7
87494.8
86151.5
84795.8
83440.3
82096.9
80771.3
79461.5
78161.5
76867.3
75575.5
74284.4
72991.4
71693.3
70385.5
69062.5
67720.6
66360.3
64987.7
63613.9
62251.7
60910.3
59592.4
58295.3
57014.3
55745.1
54484.6
53231.5
51984.9
50744.5
49510.2
48282.2
47060.6
45845.5
44637.1
43435.8
42241.7
41055.1
39876.3
38705.6
37543.4
36389.9
35245.4
34110.2
32984.6
31868.9
30763.2
29667.9
28582.9
27508.3
26444
25389.8
239336
237746
236192
234679
233207
231777
230386
229033
227715
226430
225174
223946
222742
221559
220395
219249
218116
216996
215885
214784
213692
212607
211529
210458
209393
208334
207280
206230
205183
204140
203101
202066
201032
199997
198962
197926
196892
195861
194832
193803
192772
191734
190686
189630
188564
187493
186420
185347
184268
183182
182085
180982
179876
178769
177659
176545
175421
174291
173158
172025
170897
169772
168646
167518
166386
165252
164116
162982
161851
160721
159589
158452
157308
156159
155007
153855
152705
151556
150409
149261
148112
146962
145810
144655
143496
142332
141165
139993
138815
137631
136442
135247
134047
132841
131628
130409
129185
127956
126724
125487
124247
123003
121756
120507
119257
118006
116755
115504
114251
112995
111732
110458
109174
107883
106596
105320
104059
102811
101567
100323
99074.5
97819.4
96556.8
95289.6
94018.9
92745.9
91468
90180.1
88874.7
87549.1
86205.3
84852.3
83501.4
82163
80841.2
79533.6
78235.6
76942.8
75653.3
74364.8
73075.3
71781
70476.1
69153.3
67807
66436.4
65048.8
63657.5
62278.6
60924
59597.5
58295.9
57013.1
55743.2
54482.8
53229.8
51983.5
50743.3
49509.3
48281.4
47059.9
45845
44636.8
43435.6
42241.6
41055.2
39876.6
38706.2
37544.2
36391
35246.8
34112.1
32987.1
31872
30767.2
29672.9
28589.1
27516
26453.3
25400.8
239962
238399
236867
235369
233906
232477
231084
229723
228394
227095
225823
224577
223353
222150
220966
219799
218645
217505
216376
215256
214146
213043
211949
210861
209779
208704
207633
206567
205505
204446
203392
202340
201291
200242
199193
198145
197099
196054
195011
193969
192924
191874
190818
189754
188683
187608
186531
185453
184369
183279
182179
181072
179964
178853
177739
176620
175495
174362
173227
172094
170966
169840
168712
167581
166447
165311
164173
163035
161899
160764
159628
158488
157343
156192
155039
153886
152734
151583
150433
149283
148131
146977
145821
144663
143500
142333
141162
139986
138805
137619
136428
135232
134031
132824
131611
130393
129170
127943
126712
125478
124240
122999
121757
120513
119269
118027
116787
115550
114314
113075
111828
110565
109284
107992
106703
105427
104170
102926
101685
100440
99186.6
97921.9
96648.4
95367.4
94083.4
92797.4
91507.7
90210.3
88899.1
87571.5
86229.8
84882.6
83539.2
82206.6
80889
79583.7
78287.4
76996.4
75709
74423.6
73138.4
71849.3
70549.2
69229
67880.8
66502.7
65102.8
63696.5
62302.7
60936.1
59601.7
58296
57011.4
55741.2
54480.8
53228.1
51982
50742
49508.2
48280.5
47059.2
45844.4
44636.4
43435.3
42241.5
41055.2
39876.8
38706.6
37544.9
36392
35248.2
34114
32989.5
31875.2
30771.3
29678
28595.6
27524.1
26463.2
25412.6
240580
239042
237529
236044
234589
233164
231769
230403
229065
227754
226468
225206
223965
222743
221540
220353
219181
218021
216873
215735
214607
213488
212376
211271
210173
209081
207994
206912
205835
204761
203690
202623
201559
200495
199433
198372
197313
196256
195200
194144
193086
192024
190958
189886
188809
187729
186646
185562
184473
183378
182275
181166
180053
178938
177820
176696
175566
174432
173295
172162
171033
169905
168775
167644
166507
165368
164228
163088
161947
160807
159667
158524
157378
156227
155074
153919
152765
151612
150459
149306
148150
146993
145834
144672
143506
142336
141162
139983
138799
137611
136418
135220
134019
132812
131599
130382
129161
127936
126707
125476
124241
123005
121767
120530
119294
118063
116838
115619
114405
113188
111959
110707
109428
108130
106832
105550
104291
103044
101798
100544
99277.5
97997.5
96707.3
95410
94110.9
92811.2
91510.5
90204.8
88888.8
87561.5
86224.5
84884.9
83549
82222.8
80908.6
79605.3
78310.2
77020.7
75735.8
74454
73174
71890.9
70596.9
69281.1
67933.6
66551.8
65143.5
63726.1
62321
60944.8
59604.2
58295.4
57009.6
55739.2
54479
53226.5
51980.7
50741
49507.3
48279.9
47058.7
45844.1
44636.1
43435.2
42241.5
41055.4
39877.2
38707.2
37545.8
36393.2
35249.8
34116
32992.1
31878.5
30775.6
29683.5
28602.5
27532.7
26473.8
25425.5
241282
239766
238273
236802
235356
233934
232539
231168
229821
228499
227198
225919
224660
223420
222196
220988
219794
218614
217445
216287
215139
213999
212868
211744
210628
209517
208412
207312
206216
205125
204037
202953
201871
200792
199714
198638
197564
196492
195421
194350
193278
192203
191125
190042
188957
187869
186780
185689
184594
183493
182385
181272
180154
179034
177911
176783
175649
174511
173374
172239
171107
169977
168844
167709
166572
165432
164289
163144
162000
160856
159712
158566
157417
156266
155112
153957
152801
151645
150489
149332
148173
147012
145850
144684
143515
142342
141165
139983
138797
137606
136412
135214
134012
132805
131594
130379
129160
127938
126713
125486
124257
123026
121796
120568
119345
118129
116923
115729
114542
113352
112143
110899
109613
108299
106980
105682
104409
103149
101886
100615
99328.6
98029.2
96720.5
95406.8
94093.2
92782.2
91472.3
90160.2
88842.4
87517.1
86186.6
84854.5
83526
82205.2
80894.1
79592.4
78298.2
77010.1
75727.6
74449.4
73174.5
71897.8
70610.6
69300.9
67957.1
66575.5
65164
63741.2
62329.7
60948.3
59604.2
58293.6
57007.4
55737.1
54477.2
53225
51979.4
50740
49506.5
48279.3
47058.2
45843.7
44635.9
43435.1
42241.6
41055.7
39877.7
38707.9
37546.6
36394.3
35251.3
34118
32994.7
31881.9
30779.9
29689
28609.6
27541.6
26485.1
25439.3
242070
240576
239100
237642
236205
234788
233392
232017
230662
229328
228014
226719
225442
224181
222937
221707
220491
219288
218097
216916
215746
214584
213431
212286
211148
210016
208891
207771
206655
205544
204437
203334
202234
201136
200041
198948
197857
196767
195679
194591
193502
192412
191320
190227
189132
188036
186937
185836
184732
183623
182509
181390
180268
179143
178016
176883
175747
174608
173468
172330
171195
170060
168925
167785
166644
165500
164356
163208
162060
160912
159764
158615
157464
156310
155155
153998
152841
151683
150524
149363
148200
147036
145869
144700
143528
142352
141172
139988
138800
137608
136413
135215
134013
132808
131600
130388
129174
127958
126740
125520
124300
123080
121860
120645
119438
118242
117062
115898
114742
113576
112380
111132
109825
108476
107123
105795
104496
103211
101924
100628
99319.5
98000.4
96675
95348.4
94024.9
92707
91391.9
90077.7
88759.8
87438.2
86113.8
84789
83466.7
82150.6
80841.7
79541.4
78247.3
76960.8
75680.7
74406.2
73135.5
71864.3
70583.2
69280.6
67943.1
66566.2
65158
63737
62325.9
60944.6
59600.6
58290.5
57004.8
55734.9
54475.4
53223.6
51978.3
50739
49505.8
48278.7
47057.8
45843.4
44635.8
43435.1
42241.7
41056
39878.1
38708.5
37547.5
36395.5
35252.9
34120
32997.3
31885.2
30784.1
29694.5
28616.6
27550.8
26496.7
25453.9
242944
241469
240008
238562
237133
235719
234323
232945
231583
230239
228912
227601
226306
225026
223760
222509
221270
220043
218828
217623
216428
215243
214066
212897
211736
210581
209433
208290
207153
206020
204892
203768
202647
201530
200415
199302
198192
197084
195976
194870
193764
192658
191552
190445
189337
188228
187117
186005
184890
183772
182650
181524
180398
179269
178136
177000
175860
174719
173578
172438
171299
170159
169017
167873
166727
165580
164432
163281
162129
160977
159825
158672
157517
156362
155204
154045
152886
151725
150563
149399
148233
147065
145894
144722
143547
142369
141187
140001
138812
137620
136426
135229
134030
132829
131627
130423
129218
128012
126806
125600
124393
123186
121982
120784
119597
118426
117274
116138
115004
113849
112643
111365
110011
108612
107213
105847
104514
103198
101884
100565
99239.1
97906.7
96572.4
95241.4
93914.3
92594.9
91279.7
89966.1
88651.3
87333.3
86013.7
84694.7
83377.8
82065
80758.3
79458.5
78165.4
76879.6
75601
74328
73059.9
71791.9
70515.7
69219.2
67889.5
66521.8
65123.2
63711.8
62308.6
60933.5
59593.8
58286.3
57002
55732.9
54473.9
53222.4
51977.3
50738.3
49505.2
48278.3
47057.5
45843.3
44635.7
43435.2
42242
41056.3
39878.6
38709.2
37548.4
36396.7
35254.4
34121.9
32999.7
31888.3
30788.1
29699.7
28623.4
27559.6
26508.3
25468.7
243897
242437
240989
239553
238130
236720
235323
233941
232573
231219
229879
228553
227241
225942
224656
223383
222121
220870
219631
218401
217181
215970
214768
213574
212387
211208
210035
208868
207706
206550
205399
204252
203109
201970
200834
199701
198570
197442
196316
195190
194066
192943
191820
190697
189574
188450
187326
186200
185073
183944
182813
181681
180546
179410
178272
177132
175989
174846
173702
172559
171414
170269
169122
167973
166823
165672
164519
163365
162209
161053
159897
158739
157581
156423
155262
154101
152938
151775
150609
149442
148272
147101
145927
144753
143575
142396
141213
140028
138840
137651
136461
135270
134079
132888
131698
130509
129320
128132
126943
125754
124565
123375
122187
121006
119839
118688
117553
116424
115282
114099
112845
111506
110093
108641
107203
105804
104443
103102
101769
100435
99101
97767.4
96435
95106.3
93783.3
92467.4
91154.8
89843.6
88531.6
87218.1
85903.4
84589.1
83276.1
81966.3
80661.5
79362.3
78069.6
76783.8
75504.7
74231.7
72963.2
71695.3
70420.7
69128.3
67806
66449.6
65065.8
63669.7
62281.2
60917.1
59584.6
58281.4
56999.2
55731.1
54472.6
53221.4
51976.6
50737.7
49504.8
48278
47057.4
45843.2
44635.8
43435.4
42242.3
41056.7
39879.2
38709.9
37549.3
36397.8
35255.8
34123.7
33001.9
31891.1
30791.7
29704.3
28629.5
27567.7
26519
25482.7
244909
243461
242023
240594
239176
237768
236371
234985
233611
232248
230896
229557
228229
226912
225606
224312
223028
221754
220490
219235
217990
216754
215525
214305
213092
211887
210688
209496
208309
207128
205952
204781
203615
202453
201294
200139
198987
197838
196691
195546
194403
193262
192121
190981
189842
188703
187564
186425
185286
184145
183004
181862
180719
179576
178431
177284
176137
174989
173840
172691
171541
170390
169238
168084
166930
165774
164616
163458
162299
161139
159979
158818
157656
156494
155330
154166
153000
151833
150664
149494
148321
147147
145973
144796
143619
142441
141261
140081
138902
137722
136544
135369
134196
133026
131858
130693
129528
128363
127197
126027
124854
123676
122498
121324
120158
118997
117836
116663
115458
114202
112875
111469
110005
108524
107072
105662
104289
102939
101600
100268
98939.2
97613.8
96290.6
94970.5
93655.2
92345.1
91036.5
89728.8
88420.4
87110.6
85800
84489.1
83179.3
81872.3
80568.9
79270.5
77977.3
76690.3
75409.3
74133.8
72861.7
71590.7
70314.4
69023.2
67707.4
66363.1
64995.9
63618.4
62247.7
60897.7
59574.5
58276.4
56996.6
55729.7
54471.6
53220.7
51976
50737.3
49504.6
48277.8
47057.3
45843.3
44636
43435.6
42242.6
41057.2
39879.8
38710.7
37550.2
36398.9
35257.1
34125.3
33003.9
31893.6
30794.9
29708.4
28634.9
27574.9
26528.8
25496
245943
244505
243074
241651
240235
238828
237430
236040
234660
233289
231927
230575
229233
227900
226576
225262
223958
222662
221375
220097
218827
217566
216312
215066
213828
212597
211372
210154
208942
207736
206535
205340
204149
202963
201782
200604
199430
198260
197092
195927
194765
193605
192446
191290
190134
188980
187827
186674
185521
184369
183217
182064
180912
179759
178605
177452
176297
175142
173987
172831
171675
170518
169360
168201
167041
165881
164719
163557
162394
161231
160067
158903
157739
156573
155408
154241
153072
151903
150732
149560
148387
147214
146041
144868
143697
142528
141361
140198
139040
137887
136739
135596
134457
133319
132183
131045
129905
128759
127609
126452
125280
124087
122877
121652
120413
119166
117909
116639
115346
114010
112624
111190
109730
108273
106848
105458
104098
102759
101431
100111
98796
97483.3
96171.9
94862.5
93555.4
92250.1
90945.2
89640.2
88333.8
87026.7
85718.5
84410.7
83103.4
81798.2
80495.9
79197.5
77903.3
76614.1
75329.5
74049.4
72772
71495
70213.8
68920.6
67608.8
66275.4
64924.4
63566.1
62213.6
60878.3
59564.9
58271.7
56994.3
55728.5
54470.9
53220.2
51975.6
50737
49504.4
48277.8
47057.4
45843.4
44636.2
43435.9
42243
41057.7
39880.4
38711.4
37551.1
36399.9
35258.4
34126.8
33005.8
31895.9
30797.8
29712.1
28639.7
27581.5
26537.8
25508.5
246717
245285
243858
242438
241025
239618
238219
236827
235443
234066
232698
231338
229986
228642
227307
225980
224661
223350
222048
220753
219467
218188
216916
215652
214395
213145
211901
210664
209434
208209
206990
205776
204567
203364
202165
200970
199780
198593
197410
196230
195053
193879
192707
191537
190369
189203
188038
186875
185712
184550
183389
182228
181068
179908
178748
177587
176427
175266
174106
172944
171783
170621
169459
168296
167132
165968
164804
163639
162474
161309
160144
158979
157814
156649
155483
154318
153150
151982
150814
149645
148476
147310
146145
144985
143830
142681
141541
140411
139291
138180
137074
135967
134852
133728
132596
131452
130294
129124
127933
126721
125484
124221
122931
121620
120304
118980
117652
116318
114977
113617
112236
110835
109429
108032
106655
105301
103966
102644
101330
100022
98716.6
97412
96108
94804.4
93501.2
92198
90894.8
89590.7
88285.5
86979.5
85672.6
84366.1
83060.1
81755.7
80453.7
79154.8
77859.3
76567.6
75279.7
73994.8
72712
71428.9
70142.1
68845.7
67535.3
66208.7
64869.5
63525.5
62187.1
60863.1
59556.9
58267.8
56992.2
55727.1
54469.8
53219.2
51974.8
50736.2
49503.6
48277.1
47056.8
45842.9
44635.7
43435.5
42242.6
41057.4
39880.1
38711.2
37551
36400
35258.5
34127.2
33006.4
31896.8
30799.1
29714.2
28642.7
27585.9
26544.6
25518.9
247216
245787
244364
242946
241534
240127
238728
237334
235948
234569
233196
231831
230474
229124
227781
226446
225119
223800
222487
221183
219886
218596
217313
216038
214769
213507
212252
211003
209760
208523
207292
206066
204846
203631
202421
201215
200014
198817
197623
196434
195247
194064
192883
191705
190529
189355
188183
187012
185843
184675
183507
182341
181175
180010
178845
177681
176516
175352
174187
173022
171857
170692
169527
168362
167196
166031
164865
163700
162535
161371
160207
159044
157882
156721
155560
154400
153239
152078
150916
149755
148594
147437
146285
145140
144005
142883
141773
140678
139595
138515
137432
136330
135200
134047
132872
131675
130455
129218
127961
126686
125385
124065
122723
121372
120022
118675
117336
116002
114665
113322
111970
110610
109249
107894
106550
105219
103900
102589
101283
99981
98679.4
97378.6
96077.6
94776
93474.4
92172.2
90869.4
89565.8
88261.1
86955.5
85649.5
84343.4
83038.1
81734.2
80432.2
79132.7
77836.1
76542.6
75251.9
73963.6
72676.7
71389.1
70098.1
68799.3
67489.1
66166.4
64834.5
63499.6
62170.1
60853.4
59551.9
58265.3
56990.9
55726.3
54469.2
53218.7
51974.3
50735.8
49503.3
48276.8
47056.5
45842.6
44635.5
43435.4
42242.6
41057.4
39880.2
38711.3
37551.2
36400.2
35258.9
34127.7
33007.1
31897.8
30800.5
29716
28645.4
27589.9
26550.7
25528.7
247568
246143
244721
243305
241894
240488
239088
237694
236306
234925
233550
232182
230821
229467
228119
226779
225446
224120
222802
221490
220186
218888
217598
216314
215038
213767
212504
211246
209995
208750
207510
206276
205048
203824
202606
201393
200184
198979
197778
196582
195388
194199
193012
191828
190646
189466
188289
187113
185938
184766
183594
182424
181254
180086
178917
177749
176582
175414
174247
173080
171912
170745
169578
168411
167245
166080
164916
163752
162591
161432
160274
159118
157963
156810
155659
154509
153358
152206
151051
149893
148735
147580
146436
145303
144185
143082
141997
140929
139867
138797
137698
136561
135379
134164
132922
131660
130384
129092
127791
126474
125147
123805
122456
121105
119761
118425
117098
115777
114458
113136
111810
110479
109147
107817
106493
105176
103865
102561
101259
99959.5
98660.3
97361
96061.2
94760.7
93459.6
92157.8
90855.2
89551.8
88247.3
86942.2
85636.5
84330.8
83025.9
81722.1
80420.2
79120.3
77822.7
76527.8
75235.3
73944.4
72654.6
71363.9
70069.9
68769.2
67459
66138.8
64811.5
63482.5
62159
60846.9
59548.6
58263.7
56990.1
55725.7
54468.7
53218.3
51973.9
50735.5
49503
48276.5
47056.3
45842.5
44635.4
43435.3
42242.5
41057.3
39880.2
38711.3
37551.3
36400.4
35259.1
34128
33007.6
31898.5
30801.5
29717.5
28647.4
27593.1
26555.7
25537.5
247816
246393
244973
243558
242147
240742
239342
237948
236559
235176
233800
232429
231066
229708
228358
227014
225677
224347
223024
221708
220399
219096
217800
216511
215229
213953
212683
211420
210163
208911
207666
206426
205192
203962
202738
201519
200305
199095
197889
196688
195490
194296
193105
191916
190730
189547
188365
187185
186008
184832
183657
182484
181312
180140
178970
177800
176630
175460
174291
173121
171952
170783
169615
168448
167284
166122
164962
163805
162652
161503
160356
159211
158064
156920
155779
154635
153488
152336
151178
150013
148850
147696
146558
145437
144329
143230
142144
141072
139999
138905
137775
136592
135356
134082
132788
131484
130178
128868
127554
126233
124906
123572
122236
120901
119574
118258
116949
115643
114337
113030
111720
110407
109090
107774
106461
105152
103847
102546
101246
99947.8
98649.7
97351.1
96051.9
94751.9
93451
92149.4
90846.8
89543.4
88239.2
86934.2
85628.9
84323.5
83018.8
81715.1
80413.1
79112.9
77814.7
76518.8
75224.8
73932.3
72640.5
71347.6
70051.5
68749.5
67439.4
66120.8
64796.6
63471.4
62151.8
60842.8
59546.4
58262.6
56989.5
55725.3
54468.4
53218
51973.7
50735.3
49502.8
48276.3
47056.1
45842.3
44635.2
43435.2
42242.4
41057.3
39880.1
38711.4
37551.3
36400.5
35259.3
34128.3
33008
31899
30802.2
29718.5
28649
27595.6
26559.9
25545.3
247988
246566
245148
243733
242324
240919
239519
238124
236735
235351
233974
232602
231237
229878
228525
227179
225839
224506
223180
221861
220548
219242
217942
216650
215363
214083
212809
211542
210281
209025
207775
206531
205293
204059
202831
201608
200390
199176
197967
196763
195562
194365
193171
191980
190791
189604
188420
187237
186057
184879
183702
182527
181353
180180
179008
177836
176665
175494
174323
173152
171981
170810
169642
168477
167317
166162
165011
163865
162724
161586
160448
159307
158162
157020
155880
154734
153587
152434
151272
150104
148937
147779
146638
145511
144387
143268
142160
141067
139968
138847
137687
136473
135202
133894
132572
131254
129944
128640
127337
126029
124719
123402
122085
120769
119460
118158
116861
115565
114269
112970
111670
110366
109059
107750
106443
105139
103837
102537
101239
99941.2
98643.5
97345.3
96046.4
94746.5
93445.8
92144.2
90841.7
89538.3
88234.1
86929.3
85624.2
84319.1
83014.5
81710.9
80408.8
79108.3
77809.7
76513
75218.1
73924.4
72631.2
71336.8
70039.4
68736.5
67426.4
66109
64786.7
63464.2
62147
60840
59545
58261.9
56989.1
55725
54468.2
53217.8
51973.5
50735.1
49502.6
48276.2
47055.9
45842.2
44635.1
43435.1
42242.3
41057.2
39880.1
38711.4
37551.4
36400.6
35259.4
34128.4
33008.2
31899.4
30802.7
29719.3
28650.2
27597.5
26563.2
25552.2
248106
246685
245268
243854
242445
241040
239640
238245
236856
235471
234093
232720
231354
229994
228639
227292
225950
224616
223287
221966
220651
219342
218040
216745
215456
214173
212896
211626
210362
209103
207850
206603
205362
204126
202895
201669
200448
199232
198021
196814
195612
194413
193217
192024
190833
189645
188458
187274
186091
184911
183733
182557
181382
180208
179035
177862
176690
175518
174346
173174
172001
170829
169659
168500
167351
166207
165067
163928
162792
161656
160515
159368
158217
157070
155927
154784
153641
152495
151333
150157
148975
147800
146645
145494
144345
143198
142071
140958
139835
138696
137522
136297
135013
133698
132372
131057
129758
128468
127179
125889
124595
123294
121990
120688
119390
118098
116808
115519
114230
112937
111642
110343
109040
107736
106433
105131
103831
102532
101235
99937.3
98639.8
97341.8
96043
94743.3
93442.6
92141
90838.5
89535.1
88231
86926.3
85621.3
84316.3
83011.9
81708.4
80406.1
79105.5
77806.5
76509.3
75213.7
73919.2
72624.9
71329.6
70031.3
68727.9
67417.8
66101.1
64780.2
63459.4
62143.9
60838.2
59544
58261.5
56988.9
55724.9
54468
53217.7
51973.3
50734.9
49502.5
48276
47055.8
45842.1
44635
43435
42242.3
41057.2
39880.1
38711.3
37551.4
36400.6
35259.5
34128.5
33008.4
31899.6
30803.1
29719.8
28651
27598.9
26565.8
25558
248184
246764
245347
243934
242525
241121
239721
238326
236936
235552
234173
232800
231433
230071
228716
227367
226025
224689
223359
222036
220719
219409
218106
216808
215517
214233
212954
211682
210416
209155
207901
206652
205408
204170
202937
201709
200487
199269
198057
196849
195645
194446
193249
192055
190863
189673
188485
187299
186115
184934
183755
182579
181403
180229
179055
177882
176709
175536
174363
173190
172017
170843
169673
168519
167382
166248
165112
163971
162828
161687
160541
159385
158228
157075
155927
154789
153654
152510
151341
150148
148945
147760
146589
145420
144254
143100
141958
140827
139691
138543
137363
136137
134861
133551
132231
130925
129637
128359
127083
125804
124520
123229
121934
120639
119348
118061
116776
115491
114206
112917
111625
110328
109029
107728
106426
105126
103827
102529
101232
99934.9
98637.6
97339.7
96041.1
94741.4
93440.7
92139.1
90836.6
89533.1
88229
86924.4
85619.5
84314.6
83010.3
81706.8
80404.5
79103.7
77804.5
76507
75210.9
73915.7
72620.8
71324.7
70025.9
68722.2
67412.1
66096
64776
63456.2
62141.9
60837
59543.4
58261.2
56988.7
55724.7
54468
53217.6
51973.2
50734.8
49502.3
48275.9
47055.7
45842
44635
43434.9
42242.2
41057.1
39880
38711.3
37551.3
36400.6
35259.5
34128.6
33008.4
31899.7
30803.3
29720.1
28651.6
27599.9
26567.7
25562.8
248235
246815
245399
243986
242577
241173
239773
238378
236988
235604
234225
232851
231483
230121
228766
227416
226073
224736
223406
222081
220764
219453
218148
216850
215557
214272
212992
211718
210451
209189
207933
206682
205437
204198
202963
201735
200511
199292
198079
196871
195667
194468
193271
192077
190884
189693
188503
187315
186130
184949
183771
182594
181419
180244
179070
177897
176724
175552
174378
173204
172027
170852
169685
168534
167401
166268
165130
163982
162829
161680
160532
159375
158212
157052
155898
154756
153622
152465
151296
150103
148892
147701
146525
145347
144175
143018
141873
140729
139585
138433
137250
136027
134758
133458
132146
130847
129568
128298
127029
125756
124477
123191
121900
120609
119322
118037
116755
115473
114190
112904
111614
110319
109021
107722
106423
105123
103825
102527
101230
99933.5
98636.4
97338.6
96039.9
94740.2
93439.5
92137.9
90835.4
89531.9
88227.9
86923.2
85618.4
84313.6
83009.3
81705.8
80403.5
79102.6
77803.3
76505.5
75209.1
73913.5
72618.1
71321.6
70022.3
68718.4
67408.4
66092.6
64773.2
63454.2
62140.6
60836.2
59543
58261
56988.6
55724.6
54467.9
53217.5
51973.1
50734.7
49502.3
48275.9
47055.7
45841.9
44634.9
43434.9
42242.1
41057.1
39880
38711.3
37551.3
36400.6
35259.5
34128.6
33008.5
31899.8
30803.5
29720.4
28652
27600.5
26569.1
25566.7
248265
246846
245430
244017
242609
241205
239805
238410
237020
235635
234256
232882
231514
230152
228796
227446
226102
224765
223434
222109
220791
219479
218174
216874
215582
214295
213015
211740
210472
209209
207952
206701
205455
204214
202979
201749
200525
199306
198092
196884
195681
194483
193287
192093
190900
189707
188515
187326
186141
184960
183782
182605
181430
180255
179083
177909
176735
175564
174391
173218
172039
170859
169690
168540
167406
166271
165128
163971
162812
161662
160514
159361
158191
157021
155861
154711
153577
152421
151242
150045
148843
147650
146470
145292
144125
142969
141818
140665
139517
138361
137178
135957
134698
133403
132096
130804
129530
128264
126999
125729
124452
123169
121880
120592
119306
118023
116742
115461
114180
112896
111607
110314
109017
107719
106420
105122
103824
102527
101230
99932.9
98635.7
97337.9
96039.2
94739.6
93438.9
92137.2
90834.6
89531.3
88227.2
86922.6
85617.8
84313.1
83008.9
81705.4
80403
79102.1
77802.6
76504.7
75208.1
73912.2
72616.4
71319.6
70020.1
68716.1
67406.2
66090.6
64771.5
63453
62139.8
60835.8
59542.8
58260.9
56988.6
55724.6
54467.9
53217.4
51973.1
50734.7
49502.2
48275.8
47055.6
45841.9
44634.8
43434.8
42242.1
41057
39879.9
38711.2
37551.3
36400.5
35259.5
34128.6
33008.5
31899.9
30803.5
29720.5
28652.3
27601
26570.1
25569.6
248282
246863
245447
244034
242626
241222
239822
238427
237037
235652
234273
232899
231530
230168
228812
227462
226118
224780
223449
222124
220805
219493
218187
216888
215595
214307
213026
211752
210483
209220
207962
206710
205464
204222
202987
201756
200531
199312
198099
196891
195689
194492
193298
192105
190912
189718
188525
187335
186149
184969
183792
182615
181440
180267
179095
177921
176747
175575
174402
173230
172052
170870
169695
168540
167402
166262
165111
163948
162786
161636
160487
159333
158168
156997
155835
154682
153538
152380
151204
150006
148804
147615
146437
145261
144093
142936
141784
140626
139473
138314
137132
135916
134662
133371
132068
130778
129507
128244
126981
125713
124438
123156
121869
120582
119297
118015
116735
115455
114174
112892
111603
110311
109015
107717
106419
105121
103823
102526
101229
99932.5
98635.4
97337.6
96038.9
94739.2
93438.5
92136.8
90834.2
89530.8
88226.8
86922.2
85617.5
84312.8
83008.6
81705.1
80402.8
79101.8
77802.3
76504.3
75207.5
73911.4
72615.5
71318.5
70018.9
68714.7
67404.9
66089.5
64770.6
63452.3
62139.4
60835.6
59542.8
58260.9
56988.6
55724.6
54467.8
53217.4
51973.1
50734.6
49502.2
48275.8
47055.6
45841.8
44634.8
43434.8
42242
41057
39879.9
38711.2
37551.2
36400.5
35259.4
34128.6
33008.5
31899.9
30803.6
29720.6
28652.4
27601.2
26570.6
25571.5
248288
246869
245453
244041
242633
241228
239829
238434
237044
235659
234280
232905
231537
230175
228818
227468
226124
224786
223455
222130
220811
219499
218193
216893
215600
214313
213031
211756
210487
209224
207966
206714
205467
204226
202990
201759
200534
199314
198101
196893
195690
194493
193299
192106
190913
189720
188527
187336
186151
184970
183792
182616
181441
180268
179096
177923
176749
175578
174407
173235
172057
170876
169699
168540
167397
166254
165100
163939
162776
161625
160477
159324
158156
156986
155822
154667
153519
152360
151181
149986
148786
147598
146420
145246
144078
142920
141766
140605
139449
138287
137108
135894
134644
133354
132053
130765
129496
128234
126973
125706
124432
123150
121864
120578
119294
118012
116732
115452
114172
112889
111602
110309
109013
107716
106418
105120
103823
102526
101229
99932.3
98635.2
97337.4
96038.7
94739
93438.3
92136.6
90834
89530.6
88226.6
86922
85617.3
84312.6
83008.4
81705
80402.6
79101.7
77802.1
76504.1
75207.2
73911.1
72615
71317.9
70018.2
68714.1
67404.3
66089
64770.2
63452.1
62139.2
60835.5
59542.7
58260.8
56988.6
55724.6
54467.8
53217.4
51973
50734.6
49502.1
48275.7
47055.5
45841.8
44634.7
43434.7
42242
41056.9
39879.8
38711.1
37551.2
36400.5
35259.4
34128.5
33008.5
31899.9
30803.6
29720.6
28652.4
27601.3
26570.9
25572.4
24639
23685.6
22687.2
21652.4
20586.3
19491.8
18371.3
17227.5
16063.1
14881
13684.7
12478.4
11266.8
10055.4
8850.96
7661.47
6496.55
5367.7
4288.44
3275.13
2347.25
1528.34
846.515
336.819
43.7686
24603.3
23645.1
22646.7
21612.5
20546.9
19453.2
18333.8
17191.3
16028.1
14847.4
13652.6
12447.8
11237.8
10028
8825.32
7637.74
6474.81
5348.03
4270.93
3259.97
2334.47
1518.2
839.022
332.274
42.2996
24576.8
23610.4
22609.5
21574.7
20509.2
19415.9
18297.3
17155.7
15993.5
14814
13620.5
12417
11208.4
10000.3
8799.25
7613.46
6452.44
5327.67
4252.74
3244.09
2321.07
1507.45
831.158
327.522
40.9405
24552.9
23579.1
22574.9
21539.2
20473.6
19380.6
18262.5
17121.7
15960.6
14782.2
13589.9
12387.8
11180.6
9973.93
8774.55
7590.49
6431.31
5308.49
4235.63
3229.19
2308.53
1497.46
823.897
323.236
39.8108
24531.1
23551.3
22543.6
21506.4
20440.3
19347.3
18229.6
17089.5
15929.2
14751.8
13560.6
12359.7
11153.8
9948.59
8750.73
7568.31
6410.87
5289.92
4219.05
3214.75
2296.39
1487.78
816.919
319.18
38.8386
24510.8
23525.9
22514.7
21475.6
20408.9
19315.8
18198.3
17058.7
15899.2
14722.7
13532.6
12332.9
11128.3
9924.42
8728.06
7547.23
6391.48
5272.33
4203.38
3201.12
2284.95
1478.71
810.424
315.499
38.0086
24491.8
23502.5
22488.1
21447.1
20379.5
19286.2
18168.9
17029.6
15870.8
14695.2
13506
12307.4
11104
9901.4
8706.41
7527.07
6372.92
5255.47
4188.34
3188.03
2273.98
1470.03
804.253
312.045
37.2898
24473.9
23480.8
22463.5
21420.6
20351.9
19258.2
18141
17002
15843.8
14668.9
13480.7
12283
11080.7
9879.43
8685.8
7507.9
6355.29
5239.49
4174.12
3175.69
2263.65
1461.89
798.498
308.901
36.6669
24457.1
23460.7
22440.7
21396
20326.2
19232.1
18114.7
16976.1
15818.3
14644.1
13456.7
12260.1
11058.8
9858.66
8666.28
7489.72
6338.56
5224.3
4160.58
3163.93
2253.83
1454.15
793.082
305.977
36.122
24441.3
23442.1
22419.6
21373.1
20302.3
19207.6
18090.1
16951.6
15794.3
14620.7
13434
12238.2
11038
9838.92
8647.74
7472.49
6322.71
5209.94
4147.81
3152.86
2244.59
1446.92
788.033
303.312
35.645
24426.5
23424.7
22400.1
21351.9
20280
19184.7
18067
16928.7
15771.7
14598.6
13412.7
12217.7
11018.4
9820.37
8630.31
7456.26
6307.77
5196.39
4135.75
3142.4
2235.88
1440.11
783.322
300.844
35.224
24412.6
23408.6
22382
21332.3
20259.3
19163.4
18045.5
16907.2
15750.5
14577.9
13392.6
12198.4
10999.9
9802.85
8613.85
7440.96
6293.71
5183.65
4124.43
3132.6
2227.73
1433.76
778.945
298.596
34.8529
24399.7
23393.7
22365.4
21314.2
20240.2
19143.6
18025.5
16887.2
15730.7
14558.5
13373.8
12180.3
10982.7
9786.51
8598.49
7426.66
6280.56
5171.73
4113.83
3123.43
2220.1
1427.83
774.893
296.532
34.5236
24387.6
23379.9
22350
21297.6
20222.6
19125.4
18006.9
16868.6
15712.3
14540.5
13356.3
12163.4
10966.5
9771.19
8584.1
7413.28
6268.26
5160.6
4103.94
3114.89
2213.02
1422.34
771.15
294.655
34.2322
24376.4
23367.2
22335.9
21282.3
20206.4
19108.6
17989.8
16851.5
15695.3
14523.8
13340.1
12147.8
10951.6
9757.04
8570.8
7400.9
6256.88
5150.29
4094.79
3106.97
2206.46
1417.26
767.719
292.945
33.9735
24366.1
23355.6
22323
21268.3
20191.6
19093.2
17974.2
16835.7
15679.7
14508.5
13325.1
12133.4
10937.8
9743.92
8558.48
7389.44
6246.36
5140.76
4086.34
3099.69
2200.43
1412.61
764.578
291.402
33.7445
24356.7
23345
22311.3
21255.6
20178.1
19079.3
17959.9
16821.3
15665.4
14494.4
13311.4
12120.2
10925.1
9731.96
8547.23
7378.98
6236.74
5132.06
4078.61
3093.02
2194.92
1408.37
761.736
290.012
33.5421
24348.2
23335.4
22300.7
21244.2
20166
19066.6
17947
16808.3
15652.4
14481.6
13299
12108.1
10913.6
9721.03
8536.96
7369.43
6227.97
5124.13
4071.59
3086.97
2189.93
1404.54
759.168
288.772
33.3641
24340.5
23326.8
22291.3
21234
20155.2
19055.4
17935.4
16796.6
15640.8
14470.2
13287.8
12097.3
10903.3
9711.24
8527.77
7360.88
6220.11
5117.02
4065.29
3081.54
2185.45
1401.1
756.887
287.672
33.2085
24333.7
23319.3
22283
21225
20145.6
19045.4
17925.2
16786.3
15630.4
14460
13277.9
12087.7
10894.1
9702.5
8519.55
7353.24
6213.11
5110.69
4059.68
3076.72
2181.48
1398.07
754.869
286.71
33.0737
24327.7
23312.7
22275.7
21217.2
20137.3
19036.7
17916.3
16777.2
15621.4
14451.1
13269.2
12079.3
10886.1
9694.88
8512.39
7346.59
6207
5105.16
4054.79
3072.51
2178.03
1395.43
753.126
285.879
32.9584
24322.7
23307
22269.6
21210.5
20130.2
19029.3
17908.6
16769.5
15613.7
14443.5
13261.7
12072.1
10879.1
9688.32
8506.23
7340.86
6201.74
5100.42
4050.59
3068.91
2175.07
1393.18
751.639
285.177
32.8614
24318.4
23302.4
22264.5
21205
20124.3
19023.1
17902.3
16763.1
15607.3
14437.1
13255.5
12066.1
10873.4
9682.86
8501.11
7336.1
6197.38
5096.48
4047.11
3065.92
2172.62
1391.32
750.417
284.599
32.7822
24315
23298.6
22260.4
21200.6
20119.6
19018.2
17897.2
16757.9
15602.1
14432
13250.5
12061.3
10868.8
9678.47
8496.99
7332.27
6193.87
5093.32
4044.32
3063.53
2170.67
1389.84
749.446
284.143
32.7196
24312.5
23295.8
22257.3
21197.3
20116.1
19014.5
17893.4
16754
15598.2
14428.1
13246.7
12057.6
10865.3
9675.18
8493.9
7329.41
6191.25
5090.96
4042.24
3061.75
2169.22
1388.74
748.734
283.808
32.6736
24310.8
23294
22255.3
21195.1
20113.7
19012
17890.8
16751.4
15595.5
14425.5
13244.2
12055.2
10862.9
9672.96
8491.82
7327.49
6189.49
5089.37
4040.85
3060.57
2168.26
1388.03
748.27
283.591
32.6433
24310
23293.1
22254.3
21193.9
20112.5
19010.7
17889.5
16750
15594.2
14424.2
13242.9
12053.9
10861.7
9671.84
8490.77
7326.52
6188.62
5088.59
4040.17
3060
2167.8
1387.69
748.061
283.492
32.6289
24310
23293.1
22254.3
21193.9
20112.5
19010.7
17889.4
16749.9
15594.1
14424
13242.8
12053.8
10861.7
9671.79
8490.74
7326.5
6188.6
5088.59
4040.18
3060.02
2167.84
1387.74
748.104
283.511
32.63
24311.3
23294.5
22255.8
21195.5
20114.1
19012.3
17891
16751.6
15595.7
14425.7
13244.4
12055.4
10863.2
9673.29
8492.17
7327.84
6189.85
5089.73
4041.21
3060.93
2168.61
1388.34
748.516
283.702
32.6537
24313.8
23297.2
22258.7
21198.6
20117.4
19015.7
17894.5
16755.1
15599.3
14429.2
13247.8
12058.8
10866.5
9676.36
8495.07
7330.55
6192.35
5092
4043.23
3062.69
2170.08
1389.49
749.287
284.061
32.6995
24317.6
23301.3
22263.1
21203.3
20122.3
19020.9
17899.8
16760.5
15604.6
14434.5
13253
12063.8
10871.3
9680.99
8499.44
7334.64
6196.11
5095.42
4046.27
3065.32
2172.28
1391.19
750.428
284.596
32.7684
24322.6
23306.8
22269
21209.6
20129
19027.8
17906.9
16767.7
15611.8
14441.6
13260
12070.6
10877.8
9687.19
8505.28
7340.08
6201.13
5099.97
4050.32
3068.82
2175.19
1393.43
751.934
285.305
32.8606
24328.8
23313.6
22276.4
21217.5
20137.4
19036.5
17915.9
16776.7
15620.9
14450.6
13268.8
12079.1
10886
9694.95
8512.6
7346.91
6207.41
5105.66
4055.38
3073.2
2178.82
1396.24
753.819
286.196
32.9775
24336.3
23321.8
22285.3
21227.1
20147.5
19047
17926.7
16787.7
15631.8
14461.4
13279.3
12089.3
10895.8
9704.29
8521.4
7355.1
6214.95
5112.49
4061.45
3078.44
2183.18
1399.6
756.081
287.273
33.12
24345
23331.3
22295.7
21238.3
20159.4
19059.4
17939.4
16800.5
15644.6
14474
13291.7
12101.3
10907.3
9715.2
8531.68
7364.68
6223.77
5120.47
4068.54
3084.57
2188.26
1403.52
758.736
288.544
33.2902
24355
23342.3
22307.7
21251.3
20173.1
19073.7
17954
16815.3
15659.4
14488.6
13305.9
12115
10920.4
9727.68
8543.43
7375.63
6233.84
5129.59
4076.64
3091.57
2194.08
1408.02
761.784
290.018
33.49
24366.2
23354.7
22321.4
21266
20188.7
19090
17970.7
16832.1
15676.1
14505
13321.9
12130.4
10935.2
9741.76
8556.69
7387.97
6245.19
5139.87
4085.77
3099.45
2200.63
1413.09
765.242
291.706
33.7226
24378.6
23368.6
22336.7
21282.5
20206.2
19108.2
17989.3
16850.9
15694.7
14523.4
13339.7
12147.7
10951.7
9757.42
8571.43
7401.7
6257.82
5151.3
4095.93
3108.22
2207.93
1418.74
769.114
293.619
33.9916
24392.2
23384
22353.7
21301
20225.8
19128.5
18010
16871.7
15715.4
14543.6
13359.5
12166.7
10969.9
9774.69
8587.67
7416.82
6271.73
5163.89
4107.12
3117.88
2215.97
1424.98
773.418
295.775
34.3017
24407.1
23400.9
22372.6
21321.4
20247.4
19151
18032.9
16894.6
15738.1
14565.8
13381
12187.5
10989.8
9793.55
8605.42
7433.33
6286.92
5177.63
4119.34
3128.44
2224.78
1431.82
778.158
298.181
34.6595
24423.2
23419.5
22393.4
21344
20271.3
19175.6
18057.9
16919.6
15762.8
14590.1
13404.5
12210.1
11011.4
9814.04
8624.68
7451.24
6303.41
5192.55
4132.61
3139.9
2234.34
1439.26
783.352
300.864
35.0726
24440.6
23439.8
22416.2
21368.8
20297.4
19202.5
18085.1
16946.8
15789.6
14616.2
13429.9
12234.5
11034.7
9836.12
8645.45
7470.55
6321.18
5208.63
4146.93
3152.27
2244.68
1447.31
789.007
303.837
35.552
24458.6
23461.1
22440.2
21394.8
20324.7
19230.5
18113.4
16974.9
15817.3
14643.3
13456
12259.6
11058.7
9858.82
8666.8
7490.38
6339.44
5225.14
4161.65
3164.98
2255.31
1455.61
794.87
306.979
36.0869
24476.1
23482
22463.9
21420.4
20351.6
19258
18141
17002.3
15844.2
14669.5
13481.4
12283.9
11081.9
9880.76
8687.43
7509.55
6357.1
5241.12
4175.89
3177.29
2265.63
1463.68
800.59
310.104
36.6522
24493
23502.5
22487.1
21445.4
20377.6
19284.5
18167.6
17028.6
15870
14694.6
13505.6
12307.2
11104.1
9901.72
8707.13
7527.84
6373.94
5256.36
4189.48
3189.04
2275.48
1471.4
806.086
313.158
37.2414
24509.2
23522.4
22509.6
21469.6
20402.7
19309.9
18192.9
17053.7
15894.6
14718.4
13528.6
12329.2
11125.1
9921.57
8725.79
7545.17
6389.9
5270.81
4202.37
3200.2
2284.84
1478.76
811.331
316.126
37.8523
24524.7
23541.7
22531.4
21492.9
20426.6
19334.1
18217
17077.4
15917.8
14740.9
13550.3
12350
11144.9
9940.28
8743.37
7561.48
6404.92
5284.43
4214.51
3210.72
2293.66
1485.7
816.292
318.97
38.4801
24539.5
23560.3
22552.4
21515.1
20449.4
19356.9
18239.8
17099.8
15939.6
14762
13570.7
12369.5
11163.5
9957.83
8759.85
7576.79
6419.02
5297.21
4225.91
3220.62
2301.95
1492.26
820.971
321.693
39.1222
24553.7
23578.2
22572.5
21536.2
20470.8
19378.5
18261.1
17120.7
15960
14781.8
13589.7
12387.7
11180.9
9974.22
8775.23
7591.07
6432.15
5309.13
4236.53
3229.87
2309.68
1498.39
825.341
324.262
39.7728
24567.2
23595.5
22591.7
21556.1
20491
19398.7
18281.1
17140.3
15979.1
14800.3
13607.5
12404.7
11197
9989.49
8789.54
7604.38
6444.39
5320.26
4246.44
3238.51
2316.89
1504.14
829.434
326.693
40.4288
24580.2
23612.2
22609.8
21574.8
20510
19417.5
18299.7
17158.5
15996.8
14817.4
13624
12420.5
11212
10003.6
8802.78
7616.7
6455.7
5330.56
4255.59
3246.51
2323.56
1509.48
833.217
328.958
41.0846
24592.9
23628.3
22627
21592.4
20527.7
19435.1
18317
17175.4
16013.2
14833.3
13639.2
12435.1
11225.9
10016.8
8815.05
7628.14
6466.19
5340.14
4264.1
3253.97
2329.76
1514.46
836.749
331.079
41.7365
24605.5
23643.9
22643.3
21608.9
20544.2
19451.5
18333
17191
16028.3
14847.9
13653.3
12448.6
11238.7
10028.9
8826.32
7638.66
6475.82
5348.94
4271.89
3260.82
2335.44
1519.04
839.98
333.031
42.3797
24618.2
23658.8
22658.5
21624.3
20559.5
19466.6
18347.8
17205.5
16042.4
14861.5
13666.4
12461.1
11250.5
10040.1
8836.76
7648.41
6484.74
5357.11
4279.14
3267.2
2340.72
1523.33
842.994
334.853
43.0119
24631.2
23673.2
22673
21638.7
20573.8
19480.6
18361.5
17218.8
16055.2
14873.9
13678.3
12472.5
11261.3
10050.3
8846.24
7657.29
6492.84
5364.55
4285.7
3273.01
2345.5
1527.22
845.713
336.498
43.6244
24644.4
23686.9
22686.6
21652.2
20587.1
19493.7
18374.1
17231.1
16067.1
14885.4
13689.4
12483.1
11271.3
10059.8
8855.07
7665.56
6500.39
5371.49
4291.84
3278.44
2349.97
1530.87
848.272
338.043
44.2254
24657.2
23699.8
22699.1
21664.3
20598.8
19504.8
18384.8
17241.4
16077
14894.9
13698.4
12491.7
11279.3
10067.4
8862.06
7672.14
6506.35
5376.99
4296.66
3282.74
2353.47
1533.75
850.256
339.243
44.7371
)
;

boundaryField
{
    inlet
    {
        type            calculated;
        value           nonuniform List<scalar> 
30
(
8.1019e+06
8.1021e+06
8.10239e+06
8.10273e+06
8.10307e+06
8.10364e+06
8.10436e+06
8.10526e+06
8.10657e+06
8.10807e+06
8.11036e+06
8.11236e+06
8.11528e+06
8.11908e+06
8.12405e+06
8.13006e+06
8.13742e+06
8.14552e+06
8.15418e+06
8.15964e+06
8.16183e+06
8.16351e+06
8.16319e+06
8.16331e+06
8.16311e+06
8.16219e+06
8.16154e+06
8.16122e+06
8.16108e+06
8.16103e+06
)
;
    }
    outlet
    {
        type            calculated;
        value           uniform 0;
    }
    upperWall
    {
        type            calculated;
        value           nonuniform List<scalar> 
223
(
8.16103e+06
8.03369e+06
7.90395e+06
7.78016e+06
7.66276e+06
7.55147e+06
7.44603e+06
7.34616e+06
7.25161e+06
7.1621e+06
7.07737e+06
6.99718e+06
6.92129e+06
6.84947e+06
6.78149e+06
6.71715e+06
6.65624e+06
6.59856e+06
6.55209e+06
6.51509e+06
6.47814e+06
6.44128e+06
6.4045e+06
6.3678e+06
6.33121e+06
6.29472e+06
6.25833e+06
6.22207e+06
6.18592e+06
6.14991e+06
6.11403e+06
6.07828e+06
6.04268e+06
6.00722e+06
5.97191e+06
5.93675e+06
5.90174e+06
5.86689e+06
5.8322e+06
5.79766e+06
5.76328e+06
5.72906e+06
5.695e+06
5.66109e+06
5.62733e+06
5.59373e+06
5.56029e+06
5.52698e+06
5.49383e+06
5.46082e+06
5.42794e+06
5.3952e+06
5.3626e+06
5.33012e+06
5.29777e+06
5.26554e+06
5.23342e+06
5.20142e+06
5.16953e+06
5.13773e+06
5.10603e+06
5.0744e+06
5.04286e+06
5.01137e+06
4.97996e+06
4.94861e+06
4.91733e+06
4.88612e+06
4.85496e+06
4.82385e+06
4.79277e+06
4.76173e+06
4.73072e+06
4.69974e+06
4.66878e+06
4.63785e+06
4.60692e+06
4.57601e+06
4.54509e+06
4.51416e+06
4.48324e+06
4.45232e+06
4.4214e+06
4.39047e+06
4.35951e+06
4.32851e+06
4.29747e+06
4.26639e+06
4.23527e+06
4.20412e+06
4.17291e+06
4.14166e+06
4.11036e+06
4.07904e+06
4.04768e+06
4.01625e+06
3.98476e+06
3.95318e+06
3.92154e+06
3.88987e+06
3.85814e+06
3.82635e+06
3.7945e+06
3.76259e+06
3.73062e+06
3.69859e+06
3.66649e+06
3.63432e+06
3.60206e+06
3.5697e+06
3.53722e+06
3.50463e+06
3.47197e+06
3.43925e+06
3.40648e+06
3.37365e+06
3.34076e+06
3.30779e+06
3.27476e+06
3.24166e+06
3.20848e+06
3.17523e+06
3.14193e+06
3.10856e+06
3.07513e+06
3.04164e+06
3.0081e+06
2.97449e+06
2.94082e+06
2.90709e+06
2.8733e+06
2.83946e+06
2.80557e+06
2.77163e+06
2.73765e+06
2.70361e+06
2.66954e+06
2.63543e+06
2.60127e+06
2.56709e+06
2.53287e+06
2.49862e+06
2.46435e+06
2.43005e+06
2.39574e+06
2.3614e+06
2.32705e+06
2.2927e+06
2.25833e+06
2.22397e+06
2.18961e+06
2.15525e+06
2.1209e+06
2.08657e+06
2.05225e+06
2.01796e+06
1.9837e+06
1.94947e+06
1.91527e+06
1.88111e+06
1.847e+06
1.81294e+06
1.77893e+06
1.74498e+06
1.71109e+06
1.67728e+06
1.64355e+06
1.60991e+06
1.57636e+06
1.54292e+06
1.50957e+06
1.47634e+06
1.44323e+06
1.41024e+06
1.37738e+06
1.34466e+06
1.31209e+06
1.27966e+06
1.2474e+06
1.21531e+06
1.18339e+06
1.15165e+06
1.12012e+06
1.08878e+06
1.05766e+06
1.02675e+06
996088
965667
935505
905615
876013
846719
817754
789148
760940
733189
705999
679614
655601
630259
603704
576194
547853
518759
488982
458587
427645
396234
364443
332380
300164
267954
235915
204274
173270
143218
114467
87468.2
62718.8
40874.2
22648.8
9010.2
1170.21
)
;
    }
    lowerWall
    {
        type            calculated;
        value           nonuniform List<scalar> 
250
(
8.1019e+06
7.97378e+06
7.84179e+06
7.7142e+06
7.59139e+06
7.47308e+06
7.35901e+06
7.24885e+06
7.14228e+06
7.03894e+06
6.93841e+06
6.84022e+06
6.74381e+06
6.64846e+06
6.55314e+06
6.45631e+06
6.35514e+06
6.2425e+06
5.27638e+06
5.27831e+06
5.28213e+06
5.2879e+06
5.29564e+06
5.30543e+06
5.31734e+06
5.33142e+06
5.34776e+06
5.36647e+06
5.38771e+06
5.41167e+06
5.4386e+06
5.46881e+06
5.50269e+06
5.54189e+06
5.58527e+06
5.62902e+06
5.67299e+06
5.71714e+06
5.76152e+06
5.80625e+06
5.85154e+06
5.8978e+06
5.94602e+06
5.99816e+06
6.05497e+06
5.27638e+06
5.27597e+06
5.27512e+06
5.27384e+06
5.27211e+06
5.26992e+06
5.26728e+06
5.26417e+06
5.2606e+06
5.25655e+06
5.25202e+06
5.247e+06
5.2415e+06
5.23549e+06
5.22899e+06
5.22198e+06
5.21446e+06
5.20644e+06
5.19791e+06
5.18887e+06
5.17933e+06
5.1693e+06
5.15876e+06
5.14774e+06
5.13623e+06
5.12423e+06
5.11176e+06
5.09882e+06
5.08541e+06
5.07153e+06
5.05719e+06
5.0424e+06
5.02717e+06
5.01149e+06
4.99537e+06
4.97882e+06
4.96185e+06
4.94446e+06
4.92669e+06
4.90852e+06
4.88995e+06
4.87098e+06
4.85163e+06
4.83189e+06
4.81177e+06
4.79128e+06
4.77043e+06
4.74922e+06
4.72766e+06
4.70575e+06
4.68352e+06
4.66097e+06
4.6381e+06
4.61493e+06
4.59146e+06
4.5677e+06
4.54366e+06
4.51933e+06
4.49472e+06
4.46983e+06
4.44468e+06
4.41928e+06
4.39361e+06
4.3677e+06
4.34153e+06
4.3151e+06
4.28843e+06
4.26152e+06
4.23436e+06
4.20695e+06
4.17932e+06
4.15145e+06
4.12336e+06
4.09505e+06
4.06653e+06
4.03781e+06
4.00889e+06
3.97978e+06
3.95048e+06
3.92101e+06
3.89137e+06
3.86155e+06
3.83157e+06
3.80143e+06
3.77113e+06
3.74067e+06
3.71006e+06
3.6793e+06
3.64838e+06
3.61732e+06
3.58612e+06
3.55478e+06
3.52329e+06
3.49168e+06
3.45993e+06
3.42806e+06
3.39606e+06
3.36395e+06
3.33171e+06
3.29936e+06
3.2669e+06
3.23434e+06
3.20167e+06
3.1689e+06
3.13603e+06
3.10307e+06
3.07002e+06
3.03688e+06
3.00366e+06
2.97036e+06
2.93697e+06
2.90352e+06
2.86999e+06
2.83639e+06
2.80272e+06
2.76899e+06
2.7352e+06
2.70135e+06
2.66744e+06
2.63349e+06
2.59948e+06
2.56543e+06
2.53134e+06
2.49721e+06
2.46305e+06
2.42885e+06
2.39462e+06
2.36038e+06
2.32611e+06
2.29183e+06
2.25753e+06
2.22323e+06
2.18892e+06
2.15462e+06
2.12032e+06
2.08603e+06
2.05176e+06
2.0175e+06
1.98327e+06
1.94907e+06
1.9149e+06
1.88077e+06
1.84668e+06
1.81265e+06
1.77867e+06
1.74475e+06
1.71089e+06
1.67711e+06
1.64341e+06
1.60979e+06
1.57625e+06
1.54282e+06
1.50949e+06
1.47626e+06
1.44316e+06
1.41017e+06
1.37732e+06
1.3446e+06
1.31202e+06
1.2796e+06
1.24734e+06
1.21524e+06
1.18332e+06
1.15159e+06
1.12005e+06
1.08871e+06
1.05758e+06
1.02668e+06
996008
965583
935416
905521
875914
846615
817645
789034
760819
733060
705853
679413
654917
629524
602985
575502
547188
518123
488372
458004
427087
395700
363934
331896
299711
267526
235520
203904
172933
142909
114196
87228.1
62526.2
40713.9
22543.5
8946.13
1144.06
)
;
    }
    frontAndBack
    {
        type            empty;
    }
}


// ************************************************************************* //
