/*--------------------------------*- C++ -*----------------------------------*\
  =========                 |
  \\      /  F ield         | OpenFOAM: The Open Source CFD Toolbox
   \\    /   O peration     | Website:  https://openfoam.org
    \\  /    A nd           | Version:  9
     \\/     M anipulation  |
\*---------------------------------------------------------------------------*/
FoamFile
{
    format      ascii;
    class       volScalarField;
    location    "0.087";
    object      pPrime2Mean;
}
// * * * * * * * * * * * * * * * * * * * * * * * * * * * * * * * * * * * * * //

dimensions      [0 4 -4 0 0 0 0];

internalField   nonuniform List<scalar> 
12225
(
290704
287967
284791
281350
277758
274097
270421
266764
263147
259580
256065
252596
249163
245745
242309
238798
235096
230932
290735
287995
284813
281368
277772
274109
270432
266774
263157
259590
256076
252610
249180
245767
242340
238848
235198
231225
290823
288058
284862
281407
277804
274136
270456
266796
263179
259613
256101
252639
249216
245815
242408
238955
235396
231676
290951
288164
284943
281472
277858
274182
270496
266833
263215
259651
256143
252688
249276
245893
242518
239122
235679
232204
291159
288318
285064
281568
277937
274248
270554
266888
263269
259706
256204
252758
249363
246005
242672
239347
236031
232770
291466
288533
285230
281701
278046
274340
270636
266963
263342
259783
256287
252855
249480
246155
242871
239627
236437
233356
291863
288815
285449
281876
278189
274462
270743
267062
263439
259883
256396
252980
249630
246343
243116
239956
236884
233953
292289
289171
285731
282101
278373
274618
270880
267189
263563
260010
256534
253136
249816
246571
243405
240328
237365
234558
292859
289618
286083
282383
278604
274812
271051
267347
263716
260167
256703
253327
250038
246839
243735
240739
237872
235168
293544
290168
286517
282729
278886
275051
271260
267540
263903
260357
256907
253553
250299
247147
244104
241183
238402
235783
294398
290836
287042
283148
279227
275337
271512
267771
264126
260583
257146
253817
250598
247493
244508
241656
238949
236403
295293
291572
287619
283604
279598
275649
271784
268021
264366
260825
257401
254094
250906
247843
244909
242113
239466
236976
296461
292427
288276
284122
280017
276001
272092
268302
264636
261095
257682
254397
251240
248216
245328
242584
239988
237546
297995
293561
289142
284799
280564
276458
272491
268666
264984
261443
258041
254779
251655
248673
245833
243139
240594
238200
299975
295048
290267
285676
281268
277046
273004
269134
265429
261884
258493
255254
252165
249224
246431
243786
241290
238940
302628
296982
291702
286780
282151
277783
273646
269719
265986
262433
259051
255835
252778
249876
247128
244529
242076
239766
306030
299324
293405
288084
283199
278662
274418
270426
266658
263094
259719
256522
253495
250630
247921
245362
242948
240673
309606
301784
295203
289474
284327
279624
275276
271222
267423
263849
260481
257303
254302
251468
248793
246269
243888
241643
312281
303563
296546
290577
285289
280500
276100
272019
268211
264642
261288
258131
255157
252353
249708
247213
244859
242638
310737
303107
296545
290795
285627
280913
276563
272521
268745
265205
261879
258748
255800
253020
250398
247924
245589
243384
308802
302021
295998
290572
285606
281021
276758
272776
269045
265540
262242
259136
256209
253447
250841
248382
246059
243865
306872
300841
295310
290203
285444
280996
276826
272910
269225
265756
262486
259402
256492
253746
251153
248705
246391
244205
305117
299748
294644
289815
285242
280917
276832
272975
269333
265894
262648
259583
256688
253954
251371
248931
246624
244444
303706
298836
294076
289474
285051
280829
276813
273003
269396
265983
262756
259705
256822
254097
251521
249087
246786
244610
302603
298136
293635
289205
284897
280751
276787
273015
269433
266039
262826
259786
256912
254193
251624
249194
246896
244723
301784
297617
293311
289006
284780
280690
276765
273018
269456
266075
262872
259840
256971
254258
251692
249265
246970
244799
301195
297253
293088
288869
284700
280647
276747
273019
269469
266097
262901
259874
257009
254299
251735
249311
247017
244847
300747
297016
292947
288783
284649
280620
276736
273018
269476
266110
262918
259894
257032
254324
251762
249338
247046
244877
300496
296884
292869
288736
284621
280604
276729
273018
269480
266117
262927
259905
257044
254337
251776
249353
247061
244892
300402
296829
292837
288717
284609
280598
276726
273018
269481
266120
262931
259910
257049
254342
251782
249359
247067
244899
195535
195518
195485
195436
195373
195296
195203
195094
194966
194819
194652
194466
194259
194034
193790
193527
193245
192944
192623
192284
191927
191552
191160
190750
190323
189879
189418
188940
188444
187932
187404
186861
186303
185730
185140
184537
183922
183297
182664
182021
181368
180701
180019
179321
178604
177872
177127
176370
175602
174824
174037
173243
172443
171635
170819
169995
169163
168317
167452
166572
165681
164780
163873
162955
162017
161054
160068
159068
158059
157039
156005
154956
153889
152802
151700
150591
149477
148361
147246
146133
145021
143909
142799
141687
140574
139449
138322
137193
136055
134892
133705
132520
131350
130195
129052
127914
126775
125629
124473
123305
122123
120926
119713
118482
117236
115981
114723
113459
112193
110945
109724
108525
107334
106138
104926
103688
102417
101110
99765.8
98388.6
96985.5
95566.9
94144.8
92730.8
91333.9
89960.2
88611.5
87286.7
85982.8
84696.1
83422.2
82157.3
80897.9
79641.2
78385.4
77129.4
75872.7
74615.5
73358
72100.4
70843.3
69587
68331.7
67077.6
65824.9
64573.6
63323.9
62075.8
60829.4
59584.9
58342.4
57102.3
55864.6
54629.9
53399.1
52173.2
50953.2
49739.8
48533.5
47334.5
46142
44954.3
43770.9
42594.9
41427.6
40267.5
39116
37974.8
36842.7
35719.4
34606.5
33502
32406.9
31323.8
30252.3
29194.2
28149.5
27120.8
26112.7
25134.5
195598
195581
195548
195500
195437
195359
195266
195156
195026
194878
194710
194523
194317
194092
193849
193587
193305
193004
192683
192342
191983
191605
191210
190796
190366
189919
189455
188974
188477
187964
187437
186894
186338
185766
185178
184576
183960
183333
182697
182050
181392
180720
180035
179335
178618
177884
177142
176390
175624
174845
174055
173258
172455
171648
170834
170010
169176
168330
167469
166596
165711
164812
163899
162972
162026
161062
160077
159077
158068
157049
156015
154965
153898
152808
151701
150588
149468
148350
147236
146126
145018
143912
142804
141695
140584
139463
138330
137187
136036
134868
133689
132515
131354
130206
129068
127932
126793
125646
124489
123319
122136
120939
119724
118491
117244
115987
114725
113462
112204
110967
109754
108558
107368
106171
104957
103717
102444
101134
99787.8
98408.6
97003.3
95582.3
94157.5
92740.7
91341.6
89965.9
88615.8
87290
85985.4
84698.1
83423.8
82158.6
80899
79642.3
78386.4
77130.4
75873.9
74616.7
73359.2
72101.8
70844.8
69588.5
68333.3
67079.2
65826.5
64575.3
63325.6
62077.6
60831.4
59587
58344.8
57104.9
55867.6
54633.4
53403.1
52177.8
50958.4
49745.3
48538.9
47339.4
46145.5
44956.4
43772.6
42597.4
41430.8
40270.4
39118.9
37977.7
36845.4
35722.4
34609.8
33505.6
32411.1
31327.9
30256.3
29197.6
28151.5
27121
26110.9
25127.5
195742
195726
195694
195646
195580
195499
195402
195287
195155
195004
194837
194652
194448
194224
193980
193716
193433
193129
192805
192461
192097
191714
191313
190894
190458
190005
189537
189052
188552
188037
187507
186964
186406
185834
185247
184646
184031
183405
182769
182121
181461
180787
180099
179398
178685
177956
177212
176456
175684
174901
174110
173311
172508
171700
170884
170058
169222
168376
167520
166652
165769
164867
163946
163007
162052
161082
160097
159098
158087
157065
156028
154973
153900
152806
151698
150583
149463
148347
147236
146130
145029
143928
142825
141719
140606
139479
138334
137177
136012
134842
133674
132514
131364
130224
129091
127958
126822
125677
124519
123349
122163
120963
119745
118508
117258
115999
114736
113477
112231
111004
109797
108604
107415
106218
105003
103761
102486
101176
99827.8
98446.2
97037.5
95612.1
94182.4
92760.7
91357
89977.6
88624.8
87297
85990.9
84702.5
83427.4
82161.7
80901.7
79644.8
78388.8
77132.8
75876.2
74619.1
73361.8
72104.4
70847.5
69591.4
68336.2
67082.3
65829.7
64578.5
63329
62081.1
60835
59590.8
58348.7
57109.1
55872.2
54638.4
53408.6
52183.6
50964.1
49750.7
48543.9
47343.5
46149.3
44960.8
43778.2
42602.6
41434.8
40274.7
39123.7
37982.7
36850.9
35728.6
34616.3
33512.7
32418
31334
30261.7
29201.5
28154.1
27122
26108.4
25117.8
195954
195938
195906
195856
195789
195705
195604
195487
195352
195200
195031
194845
194639
194415
194170
193905
193617
193309
192980
192631
192261
191873
191466
191041
190599
190140
189666
189176
188671
188152
187619
187072
186512
185938
185350
184748
184135
183510
182875
182228
181568
180894
180208
179508
178794
178064
177318
176558
175785
175002
174210
173409
172602
171787
170965
170134
169297
168452
167598
166731
165844
164935
164006
163062
162103
161128
160139
159135
158117
157087
156041
154977
153895
152798
151691
150576
149460
148347
147242
146143
145051
143958
142858
141748
140628
139490
138335
137169
136001
134836
133676
132524
131383
130250
129122
127994
126862
125719
124563
123392
122205
121000
119777
118536
117281
116019
114757
113505
112268
111051
109851
108663
107476
106279
105064
103821
102545
101233
99883.5
98499.1
97086.4
95655.3
94218.9
92790.3
91380.2
89995.5
88638.5
87307.6
85999.4
84709.4
83433.2
82166.5
80906
79648.8
78392.6
77136.6
75880.1
74623
73365.7
72108.6
70851.8
69595.9
68340.9
67087.1
65834.5
64583.5
63334
62086.3
60840.2
59596.1
58354.3
57114.9
55878.3
54644.9
53415.5
52190.6
50971.1
49757.5
48550
47348.9
46154
44965.3
43782.7
42607.1
41439.8
40280.6
39129.9
37989.4
36858.7
35737.6
34626.6
33524
32429.5
31344.9
30271.7
29210
28159.7
27124.2
26105.9
25108.2
196238
196221
196186
196133
196062
195975
195871
195751
195613
195458
195285
195096
194887
194660
194412
194142
193850
193536
193202
192846
192470
192075
191661
191230
190781
190316
189836
189339
188829
188305
187769
187219
186656
186081
185492
184890
184277
183652
183016
182369
181711
181041
180358
179660
178946
178213
177462
176695
175914
175122
174322
173513
172700
171881
171056
170225
169388
168543
167687
166816
165924
165010
164079
163134
162175
161199
160206
159195
158167
157122
156061
154984
153893
152793
151688
150579
149469
148363
147262
146168
145080
143992
142892
141778
140648
139501
138340
137172
136006
134844
133689
132545
131409
130283
129161
128038
126910
125771
124617
123447
122257
121047
119818
118570
117310
116046
114787
113541
112314
111106
109915
108732
107548
106353
105137
103893
102616
101302
99951.5
98564.6
97147.5
95710.2
94266
92829
91411
90019.5
88657.1
87322.2
86011.1
84719
83441.2
82173.5
80912.4
79654.6
78398.2
77142
75885.6
74628.7
73371.6
72114.5
70857.9
69602.1
68347.4
67093.7
65841.3
64590.3
63340.9
62093.2
60847.3
59603.3
58361.6
57122.4
55886
54652.9
53423.7
52199
50979.5
49765.7
48557.8
47356.1
46160.6
44971.4
43788.5
42612.5
41444.7
40285.4
39135.1
37995.1
36865.6
35746.7
34637.7
33536.6
32442.5
31357.9
30284.2
29221
28168
27128.7
26105.2
25100.2
196594
196575
196537
196482
196409
196319
196212
196087
195945
195785
195608
195413
195199
194966
194713
194437
194138
193818
193475
193111
192727
192323
191901
191461
191005
190532
190044
189541
189025
188496
187955
187402
186837
186260
185671
185069
184454
183828
183192
182545
181887
181219
180537
179840
179124
178386
177628
176851
176059
175255
174444
173627
172807
171984
171157
170325
169485
168638
167780
166905
166008
165094
164166
163227
162272
161299
160305
159289
158250
157191
156113
155020
153919
152817
151713
150609
149504
148403
147306
146215
145127
144037
142934
141814
140677
139523
138358
137190
136024
134864
133713
132572
131442
130320
129203
128085
126962
125827
124676
123506
122314
121100
119863
118608
117343
116079
114823
113585
112366
111168
109985
108808
107627
106432
105215
103969
102691
101377
100025
98636.5
97215.8
95772.6
94320.6
92874.8
91448.2
90049.1
88680.4
87340.7
86025.9
84731.1
83451.5
82182.6
80920.4
79662.1
78405.4
77149.2
75892.8
74636.1
73379.3
72122.5
70866.2
69610.6
68356
67102.4
65850.1
64599.1
63349.7
62102.1
60856.3
59612.4
58370.7
57131.6
55895.3
54662.4
53433.3
52208.8
50989.3
49775.4
48567.3
47365.2
46169.2
44979.6
43796.3
42619.8
41451.2
40291.2
39140.3
37999.9
36870.5
35752.7
34645.7
33546.6
32454
31370.5
30297.1
29233.2
28178.2
27135.5
26106.8
25094.9
197023
197003
196963
196907
196832
196739
196628
196499
196351
196186
196002
195799
195577
195336
195073
194789
194481
194151
193799
193425
193031
192617
192185
191735
191269
190787
190291
189782
189260
188725
188178
187620
187051
186471
185879
185275
184658
184031
183392
182744
182087
181418
180735
180036
179316
178574
177808
177020
176217
175401
174576
173748
172918
172091
171261
170427
169587
168740
167880
167002
166106
165198
164279
163348
162401
161434
160443
159427
158384
157315
156225
155119
154008
152899
151794
150689
149585
148484
147387
146294
145202
144106
142996
141868
140722
139562
138393
137222
136054
134893
133743
132605
131478
130359
129246
128132
127012
125881
124734
123565
122372
121153
119910
118648
117380
116116
114865
113634
112424
111234
110058
108886
107707
106512
105292
104044
102764
101449
100097
98707.9
97285
95837.3
94378.4
92924.3
91489.5
90082.8
88707.7
87362.7
86043.8
84746
83464.2
82193.7
80930.6
79671.5
78414.5
77158.1
75901.9
74645.5
73389.1
72132.7
70876.7
69621.4
68367.1
67113.8
65861.6
64610.5
63360.9
62113.1
60867.2
59623.3
58381.7
57142.7
55906.5
54673.6
53444.6
52220.2
51000.8
49786.9
48578.6
47376.3
46179.9
44989.9
43806.2
42629.3
41459.9
40298.9
39147
38005.2
36874.7
35756.1
34649.6
33552.2
32462.1
31380.6
30308.6
29245.1
28189.1
27143.6
26110.4
25092.8
197534
197513
197473
197413
197335
197237
197120
196983
196828
196655
196462
196249
196016
195763
195489
195193
194874
194533
194170
193785
193380
192956
192513
192053
191578
191087
190584
190067
189538
188995
188441
187875
187298
186710
186112
185503
184883
184253
183614
182965
182308
181638
180954
180252
179529
178780
178006
177209
176393
175563
174724
173882
173043
172209
171376
170542
169702
168855
167996
167120
166229
165330
164422
163501
162563
161605
160621
159608
158565
157493
156396
155284
154165
153049
151937
150827
149719
148613
147512
146414
145314
144207
143086
141946
140789
139619
138443
137266
136093
134929
133777
132639
131512
130395
129284
128172
127055
125927
124782
123616
122423
121201
119953
118688
117419
116157
114911
113686
112483
111300
110131
108964
107785
106588
105365
104113
102830
101514
100162
98773.3
97349.7
95899.2
94435.2
92974.4
91532.3
90118.7
88737.5
87387.5
86064.5
84763.5
83479.3
82207.1
80942.8
79683
78425.5
77169.1
75913.1
74657.2
73401.2
72145.4
70889.8
69634.9
68380.9
67127.8
65875.6
64624.5
63374.7
62126.6
60880.6
59636.5
58394.8
57155.9
55919.8
54686.9
53457.9
52233.6
51014.2
49800.2
48591.9
47389.2
46192.6
45002.2
43818.2
42640.9
41470.9
40309
39156
38012.7
36880
35759
34650.7
33553.2
32464.9
31386.2
30316.7
29254.9
28199.2
27152.3
26115.8
25093.6
198134
198112
198069
198005
197921
197816
197690
197544
197378
197193
196988
196762
196515
196248
195960
195651
195320
194966
194591
194196
193779
193344
192891
192421
191936
191437
190925
190399
189860
189308
188742
188165
187578
186980
186373
185757
185134
184502
183863
183217
182561
181893
181209
180504
179776
179021
178237
177428
176598
175752
174897
174041
173192
172350
171514
170678
169838
168993
168136
167264
166381
165493
164595
163683
162753
161803
160825
159818
158779
157710
156614
155500
154377
153253
152133
151015
149899
148787
147679
146573
145462
144341
143204
142049
140878
139696
138509
137321
136140
134969
133813
132672
131544
130427
129315
128204
127087
125960
124818
123654
122462
121239
119990
118725
117458
116201
114960
113739
112542
111366
110203
109038
107859
106658
105430
104174
102888
101570
100218
98829.5
97405.9
95954.2
94487.3
93021.7
91574.1
90155
88768.7
87414.3
86087.6
84783.4
83496.8
82222.8
80957.2
79696.7
78438.8
77182.4
75926.6
74671.2
73415.9
72160.7
70905.8
69651.6
68398
67145.1
65893.1
64641.9
63391.9
62143.5
60897
59652.6
58410.6
57171.6
55935.5
54702.6
53473.6
52249.2
51029.7
49815.6
48607.1
47404.2
46207.3
45016.6
43832.2
42654.3
41483.8
40321.2
39167.3
38022.5
36887.6
35763.7
34652
33552.3
32463.8
31386.7
30319.7
29260.2
28206
27159.5
26121.8
25096.6
198826
198802
198755
198686
198594
198480
198344
198186
198007
197808
197587
197345
197083
196801
196497
196173
195828
195461
195073
194664
194237
193790
193327
192847
192352
191843
191321
190785
190235
189670
189092
188502
187903
187294
186678
186056
185429
184796
184158
183513
182859
182192
181506
180798
180064
179300
178505
177682
176836
175974
175102
174233
173373
172524
171682
170844
170004
169159
168305
167437
166562
165682
164792
163886
162963
162017
161046
160043
159010
157947
156856
155744
154619
153489
152359
151232
150110
148991
147876
146761
145638
144502
143348
142175
140988
139791
138590
137390
136196
135016
133853
132707
131576
130456
129342
128227
127110
125983
124842
123681
122491
121271
120022
118760
117497
116244
115008
113792
112600
111430
110271
109107
107925
106719
105487
104226
102935
101614
100262
98873.2
97450.1
95998.5
94530.6
93062.9
91612.2
90189.7
88800
87442.2
86112.3
84805.4
83516.6
82240.9
80974.1
79712.8
78454.8
77198.6
75943.3
74688.5
73434
72179.6
70925.6
69672.1
68419.1
67166.6
65914.6
64663.3
63413
62164.4
60917.4
59672.3
58429.8
57190.6
55954.5
54721.4
53492.2
52267.5
51047.8
49833.3
48624.4
47421.2
46224
45032.8
43848
42669.6
41498.4
40335.3
39180.6
38034.6
36898
35771.5
34656.3
33553.2
32462.3
31384.3
30318.2
29260.6
28208.4
27163.5
26126.4
25100.4
199612
199585
199534
199459
199359
199236
199089
198918
198726
198511
198275
198017
197739
197440
197120
196779
196417
196034
195632
195209
194768
194309
193833
193342
192838
192319
191787
191239
190677
190099
189508
188904
188290
187669
187042
186411
185776
185138
184496
183847
183190
182519
181830
181117
180374
179600
178792
177955
177095
176218
175333
174452
173583
172728
171883
171042
170201
169356
168502
167638
166767
165891
165005
164102
163181
162238
161269
160270
159240
158181
157096
155988
154864
153731
152595
151461
150332
149209
148089
146966
145833
144684
143515
142326
141120
139907
138690
137474
136266
135074
133902
132749
131613
130487
129367
128248
127127
125998
124858
123699
122514
121296
120051
118791
117532
116284
115052
113841
112654
111489
110332
109168
107982
106771
105533
104266
102971
101646
100292
98902.5
97479.7
96029
94562.2
93095.3
91644.7
90221.3
88830.1
87470.5
86138.4
84829.4
83538.7
82261.6
80993.8
79732
78474.1
77218.5
75964
74710.2
73456.8
72203.3
70950.1
69697.5
68445.4
67193.3
65941.3
64689.7
63439
62190
60942.5
59696.6
58453.5
57213.7
55977.2
54743.9
53514.2
52289
51068.7
49853.6
48644.1
47440.4
46242.6
45050.9
43865.5
42686.5
41514.8
40351.1
39195.8
38048.9
36911
35782.6
34664.6
33558
32463.5
31382.6
30314.8
29257.1
28206.5
27163.5
26128.1
25102.9
200496
200467
200412
200331
200225
200093
199936
199755
199551
199323
199073
198800
198505
198189
197851
197492
197111
196710
196289
195850
195393
194919
194430
193927
193410
192880
192335
191775
191198
190605
189997
189376
188744
188105
187461
186814
186164
185511
184855
184195
183527
182847
182150
181428
180677
179893
179077
178233
177365
176480
175586
174697
173822
172962
172113
171270
170426
169579
168725
167859
166988
166111
165224
164320
163398
162453
161483
160483
159453
158395
157311
156207
155087
153956
152820
151685
150554
149431
148310
147183
146043
144884
143702
142497
141274
140043
138809
137575
136351
135146
133963
132802
131658
130525
129398
128273
127146
126015
124873
123715
122531
121315
120072
118816
117560
116316
115089
113884
112703
111541
110385
109218
108027
106810
105566
104294
102992
101663
100305
98914.7
97492.6
96043.9
94580.5
93117.5
91670.1
90248.7
88858.3
87498.4
86165.5
84855.2
83563.4
82285.6
81017.4
79755.7
78498.2
77243.6
75990.5
74738
73485.8
72233.4
70981.3
69729.7
68478.4
67226.8
65974.7
64722.6
63471.3
62221.5
60973.2
59726.5
58482.4
57241.8
56004.5
54770.3
53539.9
52313.9
51092.9
49876.9
48666.5
47462
46263.6
45071.2
43885
42705.4
41533.1
40368.9
39212.9
38065.5
36926.7
35796.9
34676.9
33567.5
32469.5
31384.6
30313
29253
28201.9
27160.1
26126.6
25102.8
201491
201460
201402
201317
201207
201070
200908
200721
200508
200270
200008
199721
199409
199074
198715
198334
197931
197507
197065
196605
196128
195637
195131
194611
194078
193531
192969
192390
191795
191182
190553
189910
189255
188591
187922
187250
186575
185899
185220
184539
183852
183156
182444
181710
180948
180157
179339
178496
177631
176746
175853
174963
174084
173220
172368
171521
170674
169822
168963
168094
167217
166332
165438
164529
163601
162650
161673
160669
159636
158576
157492
156391
155274
154149
153018
151888
150764
149644
148525
147399
146257
145093
143903
142684
141445
140197
138945
137693
136453
135233
134039
132868
131716
130575
129441
128309
127176
126039
124893
123731
122544
121328
120086
118832
117580
116341
115119
113920
112743
111582
110423
109251
108055
106831
105579
104300
102994
101660
100298
98907.6
97487.1
96042.3
94584.8
93128.7
91687.6
90271.1
88883.8
87525.7
86193.3
84883.1
83591.3
82313.7
81046.1
79785.3
78529.1
77275.9
76024.3
74773.4
73522.7
72271.4
71020.4
69770
68519.8
67268.8
66016.7
64763.9
63511.6
62260.6
61011.1
59763
58517.5
57275.3
56036.6
54801.2
53569.6
52342.7
51120.7
49903.6
48692.1
47486.6
46287.2
45093.9
43906.9
42726.6
41553.8
40389
39232.7
38084.8
36945.4
35814.8
34693.5
33582
32481
31392
30315.8
29251.8
28198.3
27155.7
26122.8
25100.2
202619
202586
202526
202441
202330
202193
202029
201838
201618
201370
201093
200788
200455
200097
199713
199307
198878
198428
197960
197474
196972
196455
195925
195382
194826
194256
193671
193069
192450
191812
191156
190483
189797
189101
188399
187694
186988
186280
185570
184859
184146
183425
182693
181943
181171
180377
179562
178727
177871
176997
176112
175226
174349
173482
172625
171774
170922
170065
169200
168325
167438
166543
165637
164717
163778
162817
161831
160820
159781
158716
157632
156532
155421
154302
153181
152062
150947
149837
148725
147603
146464
145302
144108
142880
141626
140361
139090
137822
136567
135333
134127
132947
131787
130642
129503
128365
127224
126077
124921
123749
122555
121334
120092
118840
117592
116357
115142
113948
112773
111609
110443
109263
108059
106827
105567
104282
102971
101634
100271
98880.8
97463.4
96024.5
94575.2
93128.7
91696.9
90288.1
88906.6
87552.4
86222.5
84913.9
83623.5
82347.4
81081.5
79822.6
78568.2
77316.6
76066.8
74817.9
73568.4
72318.3
71068.5
69819.2
68569.9
67319.7
66067.8
64814.4
63561
62308.6
61057.5
59807.6
58560
57315.5
56074.5
54837.1
53603.8
52375.7
51152.6
49934.3
48721.4
47514.6
46314.1
45119.8
43931.9
42750.9
41577.6
40412.5
39255.8
38107.6
36967.9
35836.8
34714.5
33601.4
32498.1
31405.8
30325.1
29256.3
28198.8
27153.3
26119
25096.2
203900
203866
203806
203721
203609
203471
203303
203104
202872
202609
202313
201987
201631
201246
200833
200395
199935
199453
198952
198433
197899
197351
196792
196219
195634
195035
194419
193786
193132
192460
191769
191061
190339
189607
188867
188125
187382
186638
185893
185148
184402
183654
182898
182131
181349
180550
179738
178912
178069
177210
176337
175460
174587
173721
172862
172006
171148
170283
169410
168527
167631
166724
165805
164872
163921
162947
161951
160930
159886
158819
157736
156640
155535
154425
153314
152207
151102
150001
148898
147784
146653
145495
144303
143070
141805
140523
139236
137953
136684
135438
134222
133034
131870
130725
129585
128442
127290
126128
124954
123767
122562
121336
120093
118843
117599
116369
115157
113966
112789
111617
110440
109248
108033
106792
105527
104238
102924
101586
100224
98835.5
97422.9
95991.8
94553
93118.6
91698.8
90300.5
88927.3
87579.2
86253.9
84949
83661.6
82388.3
81125.2
79869
78617
77367.3
76119.2
74871.5
73623.2
72374.1
71124.8
69876.2
68628.2
67378.8
66127.1
64873.4
63619.4
62366.1
61113.2
59860.9
58610.7
57363.2
56119.1
54878.9
53643.4
52413.6
51188.9
49969.1
48754.7
47546.6
46344.8
45149.4
43960.7
42779.1
41605.4
40440
39283.2
38134.9
36995
35863.5
34740.5
33626.3
32521.3
31426.1
30341.6
29268
28205.7
27155.9
26118.3
25093.3
205389
205352
205289
205199
205082
204936
204757
204545
204298
204017
203702
203351
202966
202546
202094
201613
201108
200583
200041
199482
198909
198324
197726
197115
196490
195849
195192
194516
193822
193109
192378
191633
190874
190105
189328
188547
187767
186987
186206
185426
184647
183870
183089
182302
181508
180702
179888
179066
178233
177385
176524
175655
174787
173922
173062
172202
171338
170466
169584
168691
167787
166869
165938
164991
164027
163043
162036
161009
159961
158895
157815
156723
155625
154522
153421
152324
151230
150138
149042
147935
146810
145658
144469
143237
141967
140675
139375
138080
136799
135543
134319
133127
131963
130822
129686
128539
127374
126190
124993
123786
122568
121337
120094
118846
117605
116377
115168
113974
112789
111604
110412
109205
107978
106730
105460
104168
102854
101517
100157
98772.2
97366.4
95945.7
94520.4
93101
91695.8
90310.3
88947.8
87608.3
86289.9
84990.6
83707.9
82438.5
81179
79926
78676.6
77428.7
76181.4
74933.9
73685.7
72436.9
71187.9
69940.1
68692.5
67443.7
66192.8
64940.1
63686.8
62432.9
61178.6
59924.1
58670.8
57419.9
56172.2
54928.4
53689.8
52457.6
51230.9
50009.2
48793.1
47583.5
46380.5
45184.2
43994.8
42812.8
41638.7
40473.1
39316.2
38167.8
37027.9
35896.1
34772.6
33657.4
32550.8
31453.3
30365.4
29287.6
28220.4
27165.4
26123
25094.1
207013
206971
206899
206797
206665
206503
206309
206079
205812
205506
205158
204768
204336
203865
203359
202824
202264
201689
201099
200496
199878
199249
198608
197953
197285
196601
195902
195186
194453
193702
192935
192155
191362
190560
189750
188937
188126
187315
186505
185696
184890
184085
183280
182473
181662
180846
180025
179198
178365
177521
176665
175801
174933
174066
173203
172339
171469
170591
169701
168800
167888
166964
166024
165068
164093
163100
162087
161056
160008
158944
157867
156781
155688
154593
153500
152410
151322
150234
149141
148036
146912
145763
144579
143352
142087
140795
139490
138188
136902
135639
134409
133215
132053
130916
129785
128636
127457
126252
125031
123805
122576
121340
120097
118852
117612
116384
115170
113968
112771
111572
110363
109142
107905
106649
105376
104082
102768
101432
100074
98694.5
97298
95890.8
94481.8
93079.6
91690.5
90319.6
88969.7
87641
86331.8
85039.7
83762.5
82497.4
81241.3
79990.8
78743.3
77495.8
76248
75000.2
73751.7
72501.4
71251.6
70003.9
68757.3
67509.9
66260.6
65009.8
63758.3
62506.1
61251.6
59995.5
58739.4
57485.3
56233.6
54985.6
53743.4
52508.1
51278.8
50054.8
48837
47626
46422.1
45225.2
44035.4
42853.2
41678.8
40513
39355.8
38207.2
37067.1
35935.2
34811.2
33695.1
32587.1
31487.5
30396.6
29315
28243
27182.6
26134.8
25100.6
208618
208568
208480
208356
208199
208010
207787
207528
207227
206880
206485
206041
205551
205019
204453
203861
203252
202630
201998
201354
200697
200028
199348
198656
197949
197229
196495
195746
194982
194202
193407
192599
191781
190954
190120
189283
188448
187615
186782
185951
185123
184296
183470
182643
181815
180986
180154
179318
178476
177628
176770
175905
175034
174162
173292
172420
171542
170657
169760
168854
167938
167009
166064
165103
164122
163125
162110
161080
160034
158974
157902
156820
155732
154641
153552
152464
151375
150285
149190
148082
146957
145808
144628
143410
142155
140871
139570
138271
136985
135719
134485
133288
132125
130987
129855
128702
127515
126294
125058
123820
122583
121344
120101
118857
117617
116386
115165
113952
112743
111530
110309
109075
107828
106567
105289
103993
102677
101341
99985.7
98613.2
97228
95835.8
94444
93059.1
91686.6
90331
88994.9
87678.2
86379.1
85094.7
83823.1
82561.4
81307.4
80058.3
78810.7
77562.3
76312.7
75062.8
73812.1
72560.3
71309.7
70062.1
68817.1
67572.1
66325.5
65078.1
63829.9
62580.6
61328.2
60072
58814.5
57557.6
56302
55049.8
53803.6
52564.7
51332.4
50106.2
48886.8
47675.1
46471
45274.1
44084.3
42901.9
41727.4
40561.1
39403.2
38254.1
37113.6
35981.3
34856.8
33739.9
32630.6
31529.1
30435.6
29350.4
28274.1
27208.6
26155.1
25114.9
210212
210148
210034
209873
209673
209436
209165
208855
208503
208104
207655
207153
206602
206010
205387
204747
204099
203440
202770
202090
201399
200696
199982
199255
198516
197765
197001
196225
195437
194634
193818
192990
192153
191307
190454
189599
188745
187893
187042
186193
185346
184502
183658
182813
181969
181125
180279
179431
178578
177719
176854
175984
175108
174228
173347
172464
171577
170683
169781
168871
167951
167018
166071
165106
164124
163127
162115
161087
160046
158991
157923
156845
155759
154669
153580
152490
151398
150302
149200
148087
146959
145809
144633
143423
142180
140907
139617
138326
137044
135779
134543
133342
132174
131030
129892
128733
127539
126312
125069
123825
122586
121346
120104
118861
117619
116383
115154
113931
112711
111487
110255
109011
107756
106487
105204
103904
102586
101250
99899.1
98535.1
97162.2
95785.1
94409.7
93041.6
91685.8
90346.4
89025.1
87721
86431.9
85154.6
83887
82627.2
81373.5
80123.5
78874.3
77623.2
76370.1
75117
73863.8
72610.3
71359.1
70112.4
68870.2
67629.1
66387
65144.2
63900.5
62655.3
61406
60151.4
58894.3
57635.3
56376.5
55120.3
53870.3
52627.6
51392.4
50164.5
48944.4
47732.8
46529.3
45333.1
44143.6
42961.1
41786.3
40619.3
39460.3
38310
37168.5
36035.4
34910.1
33792.2
32681.6
31578.2
30482.2
29393.9
28313.7
27243.6
26184.6
25138.3
211813
211726
211574
211363
211101
210795
210451
210071
209652
209191
208684
208127
207523
206879
206211
205534
204854
204163
203461
202748
202024
201289
200543
199785
199017
198239
197451
196653
195844
195022
194188
193344
192490
191629
190761
189892
189022
188154
187287
186422
185560
184699
183839
182979
182119
181260
180400
179538
178673
177803
176928
176049
175165
174276
173384
172489
171590
170687
169780
168866
167942
167005
166054
165089
164108
163114
162105
161082
160046
158995
157931
156856
155771
154681
153590
152496
151398
150296
149186
148067
146934
145783
144608
143405
142172
140913
139636
138356
137081
135820
134584
133380
132205
131051
129902
128736
127537
126308
125065
123822
122584
121347
120107
118864
117620
116378
115141
113908
112677
111444
110202
108950
107686
106410
105121
103817
102498
101164
99818.6
98464
97103.2
95740.4
94380.4
93028.7
91689.9
90367
89060.6
87768.8
86488.4
85216.5
83951
82691.4
81436
80183
78930.2
77675.3
76418
75161.3
73905.7
72651.6
71401
70156.5
68918.1
67682.5
66446.5
65209.5
63971.3
62730.6
61484.9
60232.9
58976.4
57717
56455.9
55196.4
53942.8
52697
51459.6
50230.8
49011.1
47800.7
46598.6
45403.6
44214.7
43032.3
41856.9
40688.8
39528.2
38376
37232.6
36097.9
34971.2
33852
32739.9
31634.7
30536.5
29445.4
28361.9
27287.6
26223.7
25171.7
213429
213316
213114
212838
212499
212109
211677
211210
210712
210182
209617
209011
208363
207679
206974
206265
205554
204834
204101
203355
202598
201831
201054
200267
199472
198670
197860
197042
196215
195377
194528
193669
192802
191927
191047
190164
189281
188399
187518
186640
185763
184888
184014
183140
182266
181393
180519
179643
178765
177883
176998
176108
175214
174315
173411
172504
171595
170683
169768
168849
167920
166979
166026
165060
164082
163090
162085
161066
160033
158987
157927
156853
155770
154679
153585
152487
151384
150275
149158
148033
146894
145740
144566
143368
142144
140896
139633
138364
137099
135845
134612
133406
132225
131061
129900
128723
127518
126289
125049
123810
122576
121341
120103
118861
117615
116368
115123
113881
112641
111398
110147
108887
107616
106333
105039
103733
102414
101085
99745.9
98400.6
97051.6
95702.2
94357.3
93021.8
91699.8
90393
89100.5
87819.4
86545.9
85277.1
84011.5
82750
81491.3
80234.4
78976.7
77717.1
76456.4
75197.1
73940.2
72686.8
71438.5
70198
68965.2
67736.4
66507.6
65277.1
64044.4
62807.8
61565.2
60315.4
59060
57800.5
56538.2
55276.6
54020.3
52772.5
51534.3
50306.1
49088.1
47879.8
46679.7
45485.8
44297.5
43115.1
41939
40769.4
39606.6
38452
37306
36168.9
35040.1
33919
32805.2
31698.3
30598.3
29505.1
28418.9
27340.9
26272.6
25215.3
215059
214912
214649
214292
213862
213377
212851
212293
211713
211113
210491
209838
209150
208431
207693
206953
206212
205462
204697
203920
203131
202333
201525
200711
199891
199066
198237
197401
196557
195704
194842
193970
193089
192203
191312
190418
189524
188630
187737
186847
185957
185070
184183
183296
182409
181522
180635
179747
178856
177963
177067
176166
175261
174351
173436
172519
171599
170678
169756
168829
167894
166948
165993
165026
164050
163061
162059
161042
160012
158968
157911
156839
155757
154666
153569
152467
151360
150245
149123
147991
146848
145691
144516
143321
142104
140866
139615
138358
137103
135858
134630
133423
132237
131064
129891
128703
127492
126263
125026
123792
122560
121328
120091
118848
117600
116348
115097
113847
112598
111347
110089
108822
107545
106257
104960
103653
102337
101012
99681
98345.1
97007.4
95671.2
94341.1
93021.6
91715.7
90423.5
89142.8
87870.1
86601.3
85333.5
84066.1
82800.3
81537.5
80275.9
79013.6
77750.2
76487
75226.4
73970.5
72719.9
71476.2
70241.9
69016.8
67796.3
66575.3
65351.2
64123.2
62889.4
61648.4
60399.5
59144.3
57884.6
56621.6
55358.9
54101.7
52853.8
51616.7
50390.7
49175.5
47969.9
46771.5
45578.5
44390.3
43207.5
42030.4
40859.1
39694.1
38536.5
37387.6
36247.5
35116
33992.7
32877.1
31768.8
30667.4
29572.7
28484.5
27403.5
26331.5
25269.5
216705
216510
216164
215707
215173
214587
213965
213321
212662
211993
211314
210613
209884
209131
208362
207592
206821
206043
205251
204445
203627
202798
201962
201122
200278
199432
198584
197731
196873
196006
195131
194247
193356
192460
191559
190655
189751
188847
187944
187042
186142
185243
184345
183447
182548
181649
180750
179849
178948
178044
177137
176225
175309
174388
173463
172536
171607
170677
169746
168811
167868
166918
165959
164992
164016
163029
162028
161013
159984
158942
157886
156817
155735
154643
153544
152440
151329
150210
149083
147946
146799
145639
144465
143271
142058
140828
139587
138341
137097
135861
134639
133434
132245
131063
129878
128680
127463
126233
124999
123767
122537
121306
120068
118824
117573
116318
115061
113805
112550
111292
110028
108756
107475
106184
104885
103580
102267
100948
99624.4
98297.9
96971.3
95648
94332.3
93028
91736.7
90456.8
89185.3
87918.1
86651.5
85383.2
84112.6
82842.1
81574.1
80307.9
79042.2
77776.6
76513
75253.5
74000.2
72754.5
71518.2
70292.8
69077.4
67866.5
66653.6
65435.2
64210.4
62977.6
61736
60485.8
59229
57968.2
56704.7
55442
54185.7
52940.1
51706.3
50484
49272.2
48068.8
46871.5
45678.6
44489.9
43306.3
42128.1
40954.9
39787.3
38626.9
37474.9
36332
35197.8
34072.3
32955
31845.6
30743.5
29648
28558.4
27475.2
26400
25333.9
218374
218107
217646
217064
216414
215725
215012
214285
213552
212816
212077
211326
210555
209767
208972
208175
207379
206575
205759
204930
204086
203230
202368
201502
200636
199770
198903
198036
197163
196284
195397
194503
193602
192698
191788
190876
189962
189049
188137
187226
186317
185408
184499
183591
182682
181772
180862
179951
179038
178124
177207
176285
175358
174428
173494
172558
171620
170681
169740
168797
167847
166891
165929
164960
163984
162996
161995
160980
159952
158911
157856
156787
155706
154613
153514
152407
151293
150171
149040
147900
146749
145588
144412
143220
142010
140786
139553
138317
137083
135856
134641
133438
132246
131057
129863
128654
127432
126201
124969
123738
122508
121275
120037
118790
117537
116278
115018
113757
112497
111235
109967
108691
107408
106116
104818
103515
102206
100893
99576.6
98259.5
96943.7
95632.8
94330.6
93040
91760.9
90490.7
89225.3
87960.8
86694.3
85424.1
84150.2
82875.4
81602.4
80332.6
79065.1
77799.7
76537.6
75281.3
74033.4
72795.3
71568.7
70354.6
69150.3
67949.4
66744.3
65530.9
64307.6
63073.7
61828.9
60574.4
59314
58050.6
56786.4
55524.6
54271.1
53030.2
51801.6
50584
49375.5
48173.4
46975.8
45781.8
44592.3
43407.6
42227.9
41052.6
39882.5
38719.4
37565.1
36419.9
35283.7
34156.4
33038
31927.9
30825.4
29729.6
28639.3
27554.4
26476.6
25407.1
220098
219698
219076
218347
217573
216781
215981
215177
214373
213570
212770
211968
211157
210340
209520
208701
207885
207062
206226
205375
204508
203628
202741
201853
200965
200080
199198
198316
197431
196540
195643
194739
193830
192917
192001
191080
190159
189237
188317
187398
186480
185563
184646
183729
182811
181892
180971
180050
179128
178204
177277
176346
175410
174472
173529
172584
171637
170689
169739
168788
167832
166870
165903
164932
163953
162964
161963
160947
159918
158877
157822
156754
155672
154580
153479
152370
151254
150130
148995
147852
146699
145536
144359
143168
141961
140741
139515
138288
137063
135844
134634
133434
132240
131045
129842
128626
127400
126168
124936
123705
122474
121239
119998
118749
117493
116233
114969
113706
112443
111177
109907
108630
107346
106054
104758
103458
102154
100847
99537.9
98229.7
96924.4
95625.1
94335.1
93056
91786.6
90523.1
89261
87996.8
86728.7
85456.2
84179.6
82901.3
81625.2
80353.3
79085.8
77822.3
76563.9
75313.3
74072.7
72844.2
71629.6
70428.4
69236.2
68045.1
66847.2
65637.9
64414.9
63178.1
61927.8
60666.3
59399.2
58131.3
56865.4
55605
54356.4
53122.5
51900.6
50687.8
49481.5
48279.2
47079.9
45884.3
44693.2
43507
42325.4
41148
39975.7
38810.4
37654.5
36508.3
35371.5
34243.5
33124.4
32013.9
30911.4
29815.4
28724.5
27638.3
26558.5
25486.4
221904
221283
220437
219538
218638
217746
216865
215988
215116
214249
213393
212547
211701
210856
210012
209176
208344
207503
206649
205778
204893
203992
203084
202174
201268
200366
199471
198576
197679
196776
195869
194957
194041
193121
192197
191269
190340
189412
188485
187559
186633
185709
184784
183859
182933
182006
181077
180147
179216
178283
177347
176407
175464
174517
173568
172614
171658
170701
169743
168784
167822
166855
165883
164908
163926
162935
161931
160914
159884
158843
157787
156718
155636
154543
153441
152332
151214
150086
148950
147804
146649
145484
144307
143116
141912
140697
139477
138257
137039
135826
134621
133422
132226
131025
129815
128594
127365
126133
124901
123669
122435
121198
119954
118703
117446
116183
114919
113654
112389
111122
109850
108573
107289
106000
104706
103409
102110
100809
99507.3
98207.9
96912.6
95623.9
94344.4
93074.4
91811.8
90552.1
89290.8
88025.4
86755.1
85480.3
84201.8
82922
81644.7
80373
79107.5
77847.8
76594.6
75351.3
74120.3
72903.5
71702.3
70514.6
69334.3
68152.2
66960.5
65753.9
64530.2
63288.9
62031.2
60760.8
59484.7
58210
56940.8
55682
54439.7
53214.6
52000
50791.4
49585.8
48381.8
47179.9
45981.9
44788.6
43600.3
42416.5
41237
40062.7
38896.3
37740.1
36594.4
35458.5
34331.1
33212.1
32101.5
30998.8
29902.4
28810.7
27723.2
26642
25568.3
223914
222831
221698
220617
219593
218610
217655
216714
215782
214861
213958
213073
212195
211324
210459
209607
208757
207900
207028
206143
205240
204321
203394
202468
201545
200630
199721
198815
197908
196996
196079
195159
194236
193309
192378
191444
190509
189573
188640
187707
186776
185845
184914
183982
183049
182114
181178
180240
179301
178359
177415
176468
175518
174564
173607
172646
171683
170717
169752
168786
167817
166844
165868
164888
163903
162908
161901
160882
159851
158808
157752
156682
155600
154506
153403
152292
151172
150043
148904
147756
146599
145433
144255
143065
141863
140653
139439
138224
137012
135804
134601
133403
132204
130998
129783
128559
127328
126096
124863
123630
122394
121154
119908
118655
117396
116133
114868
113603
112338
111069
109797
108521
107239
105952
104661
103368
102073
100778
99484
98193.1
96907.1
95628.2
94357.3
93093.8
91835
90576.4
89314.4
88047.1
86774.9
85498.6
84219.7
82940.5
81664.5
80394.7
79133
77878.4
76631.8
75397.1
74176.9
72973.3
71786
70611.7
69442
68267.4
67080.5
65875.8
64650.8
63404.3
62138
60856.9
59569.6
58285.7
57011.8
55754.3
54519.4
53303.8
52096.2
50890.4
49684.1
48477.3
47272.3
46071.2
44875.2
43684
42497.4
41315.7
40140.2
38973.9
37818.9
36675.4
35541.9
34416.5
33298.2
32187.6
31084.3
29987
28894
27805.4
26723.2
25648.6
226059
224204
222797
221563
220435
219376
218354
217357
216375
215409
214467
213549
212646
211750
210863
209992
209127
208254
207366
206465
205550
204617
203677
202737
201803
200876
199957
199040
198123
197202
196278
195350
194420
193487
192550
191609
190667
189726
188786
187848
186911
185975
185038
184100
183161
182219
181276
180331
179384
178435
177484
176529
175573
174613
173649
172681
171710
170737
169765
168792
167817
166838
165857
164872
163881
162882
161872
160851
159818
158774
157717
156646
155562
154467
153363
152251
151129
149997
148856
147706
146547
145380
144202
143013
141814
140609
139400
138190
136982
135777
134576
133376
132173
130963
129745
128518
127287
126055
124822
123587
122348
121105
119857
118603
117344
116081
114816
113551
112285
111017
109745
108470
107190
105906
104619
103330
102041
100752
99465.6
98183.6
96907.1
95637.1
94373.3
93114.1
91856.6
90597.3
89333.7
88064.9
86791.6
85515.1
84237.5
82960.7
81688.2
80423.3
79166.9
77918.5
76680.1
75455.9
74248.7
73059.5
71887
70725.5
69565.1
68396.5
67213.3
66010.1
64783.3
63530.8
62255.1
60961.3
59660.3
58364.4
57083.4
55826.6
54599.9
53394.5
52193
50989
49781
48570.8
47361.8
46156.8
44956.8
43761.5
42571.4
41387.5
40211.8
39047.1
37895.1
36755.6
35626.1
34503.8
33387.1
32276.6
31172.1
30072.9
28978
27888.2
26805.4
25730.9
227448
225397
223811
222455
221232
220096
219013
217966
216942
215942
214971
214026
213097
212172
211262
210369
209487
208595
207691
206776
205849
204906
203954
203005
202060
201124
200194
199268
198341
197411
196478
195543
194606
193667
192723
191776
190827
189879
188934
187990
187048
186107
185165
184221
183276
182327
181377
180425
179471
178515
177556
176595
175632
174665
173694
172719
171742
170763
169783
168803
167821
166836
165849
164858
163863
162859
161845
160820
159785
158739
157680
156607
155523
154426
153321
152206
151082
149948
148805
147653
146493
145324
144146
142959
141763
140562
139358
138153
136949
135745
134543
133340
132134
130920
129698
128471
127240
126008
124775
123538
122297
121052
119802
118547
117288
116026
114763
113498
112232
110964
109694
108421
107144
105863
104580
103296
102012
100730
99452.5
98179.8
96912.7
95650.5
94391.6
93133.9
91875.3
90614.2
89349.3
88080.3
86807.9
85532.9
84258.5
82986.7
81720.6
80462.2
79212.6
77972.1
76743.8
75532
74339
73164.7
72005.6
70854.3
69699.8
68534.5
67353.4
66151.8
64923.5
63665
62379.3
61072
59755.1
58443.9
57153.2
55895.7
54677.1
53480.5
52283.1
51080
49870.3
48656.2
47442.3
46231.7
45025.5
43824.4
42630.1
41444.4
40269.7
39108.5
37961.8
36828.1
35704
34585.4
33471
32360.5
31254
30151.5
29053.7
27962.6
26879.5
25806.2
228503
226464
224793
223345
222044
220837
219695
218598
217536
216501
215495
214518
213560
212614
211683
210767
209856
208943
208023
207095
206154
205200
204241
203283
202331
201386
200447
199511
198573
197633
196690
195748
194804
193858
192907
191952
190995
190041
189089
188140
187193
186247
185299
184349
183397
182441
181484
180525
179564
178601
177635
176666
175695
174721
173744
172763
171779
170793
169806
168819
167829
166838
165844
164848
163846
162837
161818
160790
159752
158704
157643
156568
155481
154383
153276
152159
151032
149896
148751
147597
146435
145266
144089
142904
141711
140514
139315
138114
136912
135708
134504
133298
132087
130869
129646
128419
127190
125958
124724
123486
122243
120997
119746
118491
117233
115972
114710
113446
112181
110914
109645
108375
107101
105824
104546
103266
101989
100714
99445.2
98181.7
96922.8
95666.3
94409.7
93151.1
91890.1
90627.3
89362.8
88095.6
86826
85554.9
84285.6
83020.6
81762.2
80511.6
79269.7
78038.1
76820.9
75622.1
74442.8
73280.5
72130.5
70983.6
69829.2
68663.4
67483.4
66283.1
65053.8
63790.6
62496.6
61176.9
59844.1
58516.8
57214.8
55955
54742.1
53550.7
52354.5
51152
49941.1
48723.6
47504.3
46286.7
45072.5
43864.2
42665.2
41478.2
40305.8
39149.8
38009.6
36882.4
35763.4
34648.3
33536.2
32426.2
31317.2
30210.6
29109.1
28016.4
26933.3
25861.8
229393
227430
225732
224228
222864
221598
220404
219261
218158
217088
216048
215036
214047
213075
212119
211177
210242
209307
208367
207423
206470
205509
204543
203578
202617
201663
200714
199768
198819
197868
196916
195965
195014
194060
193101
192137
191173
190211
189253
188299
187347
186395
185441
184484
183524
182562
181597
180631
179662
178691
177718
176742
175763
174782
173799
172812
171822
170829
169835
168839
167842
166844
165843
164841
163833
162818
161794
160762
159721
158669
157605
156528
155438
154338
153228
152108
150979
149840
148693
147538
146376
145207
144031
142848
141659
140466
139270
138072
136871
135667
134459
133249
132034
130814
129591
128365
127137
125906
124671
123432
122189
120941
119690
118436
117178
115919
114658
113395
112131
110866
109600
108332
107062
105789
104514
103241
101970
100704
99443.7
98188.7
96936.3
95683.3
94426.8
93166.1
91902.9
90639.8
89377.3
88114.1
86849.8
85584.8
84321.9
83064.4
81814.6
80572.6
79339.2
78116.9
76911.4
75724.8
74556.2
73401.3
72253.8
71104.5
69944.3
68774.7
67594.8
66395.3
65165.2
63898.8
62599.2
61269.8
59922.5
58579.6
57266.2
56003
54793.1
53602.1
52404.4
51203
49991.9
48771.4
47545.9
46319.9
45096.5
43879.9
42675.7
41487.8
40318.7
39168.9
38036
36915.4
35800.5
34688
33578.3
32469.3
31358
30246.5
29141
28046.6
26963.6
25894.5
230194
228316
226624
225091
223684
222372
221132
219947
218806
217701
216629
215585
214565
213563
212579
211609
210649
209690
208730
207769
206803
205831
204857
203885
202917
201954
200994
200036
199076
198114
197153
196194
195236
194274
193305
192332
191359
190391
189426
188466
187509
186551
185591
184627
183659
182687
181715
180741
179766
178787
177806
176822
175836
174849
173860
172867
171870
170870
169868
168864
167859
166854
165847
164838
163824
162803
161773
160736
159691
158636
157568
156487
155395
154292
153179
152056
150923
149781
148632
147477
146315
145147
143973
142792
141605
140416
139223
138026
136825
135619
134409
133195
131977
130757
129534
128310
127083
125852
124617
123377
122133
120885
119635
118381
117125
115867
114608
113346
112084
110820
109557
108292
107025
105757
104487
103220
101956
100699
99448
98200.6
96952.9
95701.1
94443.4
93180.9
91917
90655.5
89396.9
88140.1
86882.7
85624.9
84369.7
83120.3
81878.8
80645.1
79420
78207.2
77012.6
75836
74673.4
73518.5
72366.3
71207.4
70036.7
68860.6
67679.3
66479.8
65248.5
63980.4
62678.6
61342.8
59983.7
58627.1
57302.9
56036.5
54827.8
53634
52432.9
51232.1
50021.3
48797.9
47565.5
46330.2
45096.9
43871.9
42662.2
41473
40307.1
39163.9
38038.8
36924.5
35813
34702.3
33594.7
32487
31373.5
30256.9
29147.5
28051.5
26969.1
25903
230943
229142
227475
225933
224498
223151
221874
220653
219477
218340
217235
216159
215108
214078
213065
212067
211079
210097
209117
208137
207156
206173
205189
204207
203230
202257
201287
200316
199344
198370
197398
196432
195467
194496
193518
192537
191556
190580
189610
188645
187681
186717
185749
184776
183799
182820
181839
180857
179874
178888
177898
176907
175915
174922
173927
172927
171923
170915
169905
168893
167881
166868
165854
164839
163819
162791
161755
160713
159663
158604
157532
156447
155351
154245
153128
152001
150865
149720
148570
147414
146254
145087
143914
142735
141552
140365
139173
137977
136775
135567
134354
133137
131918
130699
129478
128255
127028
125796
124560
123320
122076
120829
119580
118327
117073
115817
114559
113300
112039
110778
109517
108255
106992
105728
104465
103204
101950
100702
99459
98217.6
96972.5
95720.4
94461.5
93198.9
91936.8
90679.2
89426.4
88176.7
86927
85677.1
84429.8
83188.5
81954.2
80727.9
79510.2
78306.6
77121.2
75950.2
74786.8
73624
72459.1
71285.4
70101.2
68917
67732.6
66530.4
65296
64027.3
62727
61388.7
60020.7
58652.6
57319.4
56050.5
54842.4
53644.9
52440.2
51239.7
50028.4
48801.8
47561.8
46317.1
45074.4
43841.3
42626.2
41435
40271
39133.3
38015.8
36908.1
35800
34690.6
33584.6
32478.1
31362.5
30240.8
29128.1
28031.3
26950.6
25888.1
231661
229927
228290
226752
225303
223931
222625
221373
220166
218998
217863
216757
215677
214618
213577
212551
211537
210531
209529
208530
207533
206535
205539
204546
203557
202572
201589
200606
199620
198635
197655
196680
195705
194724
193737
192748
191761
190780
189804
188832
187861
186889
185913
184932
183947
182959
181970
180980
179987
178993
177995
176997
175998
174999
173997
172991
171980
170965
169947
168927
167907
166887
165867
164845
163818
162784
161741
160693
159638
158574
157497
156408
155307
154197
153077
151947
150807
149660
148509
147354
146194
145029
143858
142681
141499
140312
139121
137924
136720
135510
134295
133077
131859
130641
129421
128199
126971
125739
124502
123262
122018
120773
119525
118274
117022
115768
114513
113255
111997
110739
109480
108222
106964
105705
104449
103197
101952
100713
99477.4
98240
96995.7
95742.9
94484.2
93223.9
91966.9
90715.8
89470.2
88227.1
86984.5
85742
84502.3
83268
82040.8
80820.3
79609
78413.1
77233.7
76062.3
74889.8
73710.5
72526.1
71334.4
70136
68944.1
67754.5
66545.4
65304.4
64035.5
62739.5
61402.4
60029.2
58652.5
57312.5
56042.6
54834.8
53633.9
52426.2
51225.9
50012.2
48781.4
47533.7
46280.4
45029.6
43789.9
42570
41376.3
40212.3
39077.6
37965.9
36865.1
35761.8
34654.2
33549.1
32442.8
31324.7
30198.9
29083.7
27987.5
26909.7
25851.9
232360
230682
229077
227549
226096
224708
223380
222103
220869
219673
218510
217376
216268
215181
214113
213060
212021
210990
209966
208947
207932
206919
205909
204902
203899
202900
201903
200906
199908
198913
197922
196936
195948
194956
193961
192966
191974
190987
190004
189023
188045
187064
186080
185091
184098
183102
182104
181105
180105
179102
178097
177090
176085
175079
174071
173058
172040
171018
169993
168966
167938
166911
165884
164855
163821
162779
161730
160675
159615
158545
157463
156368
155263
154150
153027
151894
150752
149604
148452
147298
146140
144976
143805
142628
141446
140258
139066
137867
136663
135452
134237
133020
131803
130586
129366
128142
126914
125681
124444
123204
121961
120717
119471
118223
116973
115722
114469
113214
111959
110704
109449
108194
106941
105690
104443
103200
101965
100734
99503.6
98268
97023.7
95771.2
94515.1
93260.3
92011
90768.3
89529.8
88292.8
87056
85819.6
84586.1
83358.7
82138.2
80923.9
79718.6
78528.1
77349.9
76169.8
74977.8
73772.9
72564.7
71354.3
70142.9
68945.1
67749.6
66529.8
65278.3
64006
62714.4
61380.2
60004.8
58622.7
57279.5
56011.6
54805.7
53601.9
52391
51189.9
49972.1
48735.8
47480.2
46220
44963.6
43719.9
42497.1
41301.1
40135.6
39000.7
37891.8
36796.9
35699.6
34595.1
33490.6
32383.3
31262.8
30133.9
29017.5
27922.8
26849.6
25797.1
233046
231415
229841
228328
226875
225480
224135
222838
221581
220361
219172
218012
216877
215764
214670
213592
212527
211473
210427
209388
208354
207324
206298
205276
204258
203244
202232
201221
200212
199204
198201
197200
196200
195198
194194
193193
192195
191199
190205
189215
188226
187238
186246
185251
184251
183247
182240
181233
180225
179214
178200
177185
176173
175161
174147
173128
172103
171074
170042
169007
167972
166938
165904
164867
163826
162776
161720
160659
159592
158517
157429
156329
155219
154103
152978
151844
150701
149552
148400
147247
146090
144926
143755
142577
141393
140204
139009
137810
136605
135395
134182
132968
131752
130533
129312
128087
126857
125624
124387
123147
121906
120664
119419
118174
116927
115678
114427
113176
111925
110674
109423
108174
106927
105685
104448
103216
101989
100765
99537.5
98302.6
97058.8
95809
94558.2
93311.7
92071.3
90836.4
89603.8
88371.4
87139.4
85908.3
84681
83459.9
82246
81038.5
79839.5
78653.3
77470.7
76272.7
75050.3
73811.2
72576
71347.6
70125.4
68923.5
67723.2
66490.8
65225.1
63944.4
62652.6
61320
59943.9
58560.3
57217
55954.4
54754.8
53549.8
52335.5
51131.7
49908.2
48664.8
47402.2
46136.8
44877.7
43633.6
42410.7
41214
40046.7
38909.3
37799
36706.8
35615.7
34516.5
33412.9
32303.6
31180.6
30050
28934
27842.5
26774.4
25727.6
233724
232133
230587
229090
227643
226243
224888
223575
222299
221058
219847
218663
217503
216365
215246
214143
213054
211976
210909
209849
208796
207748
206706
205667
204634
203604
202577
201553
200530
199510
198493
197478
196464
195451
194441
193432
192422
191414
190408
189405
188406
187409
186410
185408
184400
183388
182374
181359
180343
179323
178302
177282
176263
175245
174225
173199
172168
171132
170094
169052
168009
166967
165924
164881
163831
162774
161710
160642
159568
158487
157393
156288
155175
154057
152931
151796
150652
149502
148351
147199
146042
144878
143706
142526
141340
140148
138952
137753
136549
135341
134130
132917
131702
130482
129259
128032
126802
125569
124332
123094
121854
120613
119371
118128
116883
115637
114390
113144
111897
110651
109406
108164
106926
105694
104467
103246
102027
100806
99579.6
98345
97103.9
95859.4
94616.6
93378.8
92145.7
90915.6
89686.6
88457.4
87229.1
86003
84781.5
83566.2
82357.8
81156
79962.3
78778.6
77587.3
76365.2
75106.4
73827.9
72563.9
71317.8
70086.3
68881.8
67678.6
66434.8
65153.1
63858.7
62558.8
61223.3
59847.5
58465.8
57125.9
55870.2
54680.3
53477.7
52261.4
51052.7
49822.4
48570.5
47302.4
46034.1
44775.8
43534.1
42314.1
41118.6
39950.5
38809.8
37695.6
36602
35514.7
34421.4
33319.9
32208.9
31083.7
29953.5
28840.1
27752.5
26689.7
25648.2
234396
232839
231319
229838
228398
226998
225636
224311
223020
221761
220529
219324
218142
216980
215838
214711
213599
212499
211410
210330
209257
208191
207131
206076
205026
203980
202938
201899
200862
199828
198797
197768
196742
195718
194696
193675
192655
191634
190615
189600
188589
187581
186573
185562
184546
183525
182503
181482
180459
179433
178405
177378
176353
175329
174302
173270
172233
171192
170146
169097
168045
166994
165945
164894
163836
162770
161697
160621
159541
158453
157355
156247
155131
154011
152884
151748
150604
149454
148303
147150
145993
144828
143654
142473
141285
140092
138896
137697
136494
135288
134080
132867
131651
130430
129206
127979
126750
125517
124282
123044
121806
120567
119327
118086
116845
115602
114360
113118
111878
110639
109402
108169
106942
105720
104504
103291
102076
100857
99630.2
98397.2
97160.2
95923.4
94688.9
93457
92227.1
90997.6
89768.1
88540.7
87315
86092.2
84873.5
83661.8
82455.5
81256
80065.7
78882.3
77680.7
76434.5
75140.8
73823.9
72531.6
71268.6
70027.6
68821.1
67616.1
66363.4
65067.9
63757.8
62441.8
61097.1
59721.6
58344.5
57010.7
55762.1
54582.3
53385.7
52170.5
50955.4
49718
48458.4
47186.5
45917.9
44662.8
43426.1
42210.8
41018.5
39850.7
38707.5
37588.8
36491.1
35403.9
34314.8
33216.1
32104.4
30979.4
29852.6
28743.5
27660.7
26602.5
25565.4
235009
233479
231980
230514
229081
227683
226318
224986
223684
222410
221163
219940
218739
217558
216396
215249
214117
212997
211889
210790
209699
208616
207539
206468
205403
204342
203285
202232
201183
200136
199092
198051
197012
195976
194942
193910
192878
191847
190817
189791
188768
187748
186728
185707
184683
183655
182626
181597
180567
179536
178502
177469
176437
175406
174373
173335
172293
171247
170195
169138
168078
167019
165962
164903
163838
162764
161683
160598
159511
158418
157317
156206
155090
153969
152840
151703
150557
149407
148255
147102
145944
144777
143603
142420
141231
140039
138843
137645
136443
135238
134030
132818
131601
130381
129157
127931
126703
125472
124238
123002
121766
120528
119290
118052
116814
115575
114338
113103
111871
110641
109415
108193
106977
105766
104558
103349
102134
100913
99686.5
98456.4
97225.2
95994.9
94765.3
93533.4
92300.9
91067.4
89835.3
88606.3
87380.2
86156.5
84936.3
83722.6
82515.6
81315.2
80126.9
78942.6
77731.9
76466.7
75144.8
73797.9
72481.9
71203.6
69954
68743.9
67536.8
66277.2
64972.8
63648.1
62313.8
60956.9
59579.9
58208.8
56882.2
55638.8
54466
53277.4
52065.1
50844.7
49601.6
48337.5
47064.8
45797.6
44547
43316.1
42106.1
40917.7
39751.3
38606.8
37484.3
36381.4
35291.6
34203.8
33107.5
31997.1
30874.9
29753.9
28651.1
27574
26520
25486.4
235614
234108
232627
231174
229750
228354
226988
225650
224339
223054
221793
220554
219337
218138
216957
215792
214640
213502
212375
211258
210149
209049
207956
206869
205788
204712
203641
202574
201510
200450
199393
198340
197289
196240
195194
194150
193107
192066
191026
189989
188954
187921
186890
185857
184823
183787
182752
181716
180678
179639
178599
177559
176520
175482
174442
173398
172350
171297
170239
169176
168108
167042
165977
164911
163837
162754
161665
160574
159482
158384
157279
156167
155049
153927
152798
151659
150511
149358
148205
147051
145892
144725
143550
142367
141179
139987
138792
137594
136393
135188
133980
132768
131552
130333
129111
127887
126661
125432
124200
122967
121732
120497
119262
118026
116792
115559
114329
113103
111880
110663
109449
108241
107036
105832
104627
103416
102198
100975
99748.6
98521
97293.9
96065
94833.1
93595.1
92354.6
91114.4
89877.6
88643.9
87412.6
86183.4
84957.7
83738.4
82525.8
81322.5
80132.8
78947.6
77730.5
76451.9
75112.9
73748.2
72417.7
71128.3
69870.3
68654.4
67442.4
66177.8
64868.7
63532.5
62181.7
60813.4
59435.3
58070.6
56750.9
55509.1
54337.6
53156.5
51948.6
50725.5
49480.4
48215.9
46944.6
45680.5
44435.3
43209.8
42005.2
40820.5
39656
38511.1
37385.6
36277.9
35184.1
34095.6
33000.8
31893.2
30776.3
29662.7
28567.3
27495.9
26445.9
25415.5
236300
234817
233355
231915
230499
229107
227740
226397
225077
223781
222506
221252
220017
218799
217598
216413
215241
214082
212934
211797
210669
209549
208437
207332
206233
205140
204052
202969
201889
200814
199742
198673
197608
196546
195486
194428
193373
192319
191267
190217
189169
188123
187078
186033
184988
183942
182897
181852
180806
179758
178708
177659
176612
175565
174517
173464
172407
171347
170281
169210
168137
167063
165990
164914
163831
162740
161644
160546
159447
158344
157236
156122
155004
153880
152749
151608
150458
149304
148149
146993
145833
144666
143491
142310
141122
139931
138737
137540
136339
135135
133927
132716
131502
130285
129067
127846
126622
125396
124168
122937
121705
120474
119242
118012
116783
115558
114337
113122
111914
110711
109513
108318
107121
105919
104710
103492
102268
101040
99812.1
98584.2
97354.4
96118.6
94875.6
93626.3
92374.2
91125.3
89880.3
88638.2
87398.3
86160.1
84926
83697.1
82474.9
81264.5
80072.3
78883.6
77661.9
76378.4
75035.8
73668.6
72335.6
71043
69779.3
68554.8
67332.6
66062.7
64751.2
63409.5
62047.9
60672.2
59294.7
57936.9
56623.6
55378.8
54201.9
53025.5
51823.4
50601.5
49359
48097.3
46829.7
45570.3
44330.4
43110.3
41910.7
40729.8
39567.5
38422.5
37294.3
36182.5
35084.7
33994.5
32900.8
31797.2
30687.1
29581.9
28493.6
27427.5
26381
25353.8
237072
235609
234164
232736
231328
229941
228573
227226
225899
224592
223303
222033
220780
219544
218323
217116
215923
214742
213573
212413
211264
210122
208989
207864
206745
205632
204524
203422
202325
201232
200143
199057
197976
196897
195821
194748
193678
192610
191543
190479
189416
188355
187296
186238
185181
184123
183066
182010
180952
179894
178834
177774
176715
175656
174596
173533
172466
171396
170322
169245
168163
167081
166000
164913
163820
162721
161618
160515
159409
158302
157189
156072
154951
153825
152691
151547
150397
149242
148086
146929
145767
144600
143426
142246
141061
139872
138679
137483
136284
135081
133876
132667
131456
130242
129026
127809
126590
125368
124144
122918
121692
120466
119240
118017
116796
115581
114373
113174
111983
110797
109613
108426
107230
106020
104798
103568
102332
101096
99859.6
98622.6
97379.4
96128.2
94869.1
93605.1
92342.2
91083.8
89829.5
88578.2
87328.4
86080.1
84835.2
83594.6
82359.9
81140.4
79940.3
78743.6
77519
76240.3
74908.6
73555.5
72232.1
70946.4
69685.1
68451.2
67211
65933.7
64620.2
63277.4
61913.5
60537.2
59164.5
57815.1
56507.1
55257.4
54068.9
52892.3
51696
50480.1
49243.3
47986
46723.4
45470.6
44236.2
43021.5
41826.8
40649.6
39489.2
38344
37213.8
36098.2
34996.2
33903.9
32811.7
31712.9
30610.3
29513.4
28432.3
27370.9
26328
25303.8
237926
236482
235052
233636
232235
230851
229484
228133
226799
225481
224180
222895
221625
220370
219129
217900
216685
215481
214288
213106
211933
210768
209612
208464
207323
206188
205059
203936
202819
201706
200597
199493
198393
197296
196202
195112
194024
192939
191856
190775
189697
188621
187546
186473
185401
184330
183259
182189
181119
180048
178977
177905
176834
175762
174688
173612
172534
171453
170370
169285
168197
167106
166011
164914
163812
162706
161596
160485
159373
158257
157139
156017
154892
153761
152625
151481
150331
149177
148021
146862
145699
144532
143359
142181
140998
139812
138622
137429
136233
135033
133830
132625
131417
130207
128996
127784
126570
125355
124139
122921
121703
120485
119269
118056
116848
115646
114454
113272
112097
110923
109744
108553
107344
106115
104874
103624
102370
101117
99862.4
98604.9
97340.9
96071.5
94799
93524.1
92252.6
90987.5
89726.8
88468.2
87211.5
85954.9
84699.9
83446
82199
80968.9
79754.9
78544.7
77317.1
76049
74739.5
73412.3
72108.1
70836.1
69583.6
68343.1
67086.2
65798.3
64481.9
63141
61780.8
60410.9
59047.8
57708.6
56406.8
55152.8
53951.3
52770.7
51580
50371.8
49139.5
47886.9
46630.5
45384.7
44156.1
42947.2
41757.2
40583.5
39424.9
38280.1
37148.4
36029.8
34924
33829.1
32737.9
31644.2
30549
29460
28385.3
27328.6
26289.3
25268.4
238858
237429
236010
234604
233210
231829
230461
229107
227766
226439
225126
223826
222540
221266
220005
218756
217518
216291
215075
213868
212671
211482
210302
209130
207965
206806
205654
204509
203368
202234
201104
199978
198857
197740
196627
195517
194411
193307
192207
191108
190013
188919
187828
186739
185650
184564
183478
182393
181308
180224
179139
178055
176970
175885
174798
173710
172620
171529
170436
169341
168243
167143
166039
164931
163820
162706
161590
160471
159349
158226
157101
155972
154840
153705
152564
151420
150270
149116
147959
146800
145636
144469
143298
142123
140944
139761
138575
137385
136193
134997
133799
132598
131395
130192
128988
127784
126580
125375
124169
122963
121757
120552
119349
118150
116957
115771
114592
113420
112249
111072
109879
108666
107431
106175
104906
103630
102352
101073
99794.9
98515.9
97237.3
95959.1
94677.8
93396.7
92122.3
90856.2
89593.8
88333.3
87072.3
85811.1
84548.8
83285.7
82031.3
80791.4
79559.6
78329.2
77094.8
75838.8
74553
73254.9
71972.3
70714.9
69471.4
68227.5
66960.9
65664.9
64346.4
63007.9
61654
60294
58943.3
57616.3
56321.9
55067.3
53855.3
52669.6
51483.3
50279.3
49048.7
47801.6
46552.1
45313.2
44090.8
42887.6
41702
40531.5
39374.6
38230.1
37097.8
35977.3
34868.9
33771.5
32680.6
31590.8
30502.1
29419.7
28350.6
27297.8
26262.3
25244.9
239847
238430
237021
235622
234233
232853
231485
230127
228781
227445
226121
224808
223506
222215
220935
219666
218407
217157
215918
214687
213465
212252
211047
209850
208660
207477
206301
205131
203967
202809
201656
200508
199365
198226
197092
195961
194834
193711
192591
191474
190360
189248
188139
187032
185927
184823
183721
182620
181521
180422
179323
178225
177126
176028
174929
173828
172727
171625
170521
169416
168309
167199
166086
164971
163853
162732
161609
160482
159354
158223
157089
155952
154813
153671
152526
151378
150226
149071
147913
146752
145588
144420
143250
142077
140901
139722
138540
137357
136170
134982
133792
132600
131409
130216
129024
127832
126641
125450
124260
123071
121882
120694
119508
118324
117140
115959
114776
113590
112398
111193
109969
108724
107455
106167
104869
103564
102259
100958
99664.8
98377.9
97097.2
95817.7
94534.7
93254.8
91985.1
90722.9
89461.5
88200.6
86937.9
85672.7
84405.7
83138.2
81883.2
80639.5
79386.5
78130.1
76884.3
75635.7
74370.9
73097.8
71833.8
70587.5
69350
68104.4
66833.8
65535.4
64216.3
62881.2
61534.6
60186.3
58849.6
57535.4
56250.4
54998
53780.6
52590.3
51404.1
50198.4
48968.6
47727.5
46485.7
45254
44038.1
42840.3
41658.7
40491
39335.3
38191.2
37058.6
35937.1
34826.9
33727.8
32636.7
31549.3
30465.4
29388.2
28323.4
27274.4
26242.5
25228.9
240859
239451
238049
236655
235269
233890
232521
231159
229807
228464
227130
225805
224489
223183
221885
220597
219318
218048
216787
215534
214289
213052
211823
210601
209387
208180
206979
205785
204597
203414
202238
201067
199901
198740
197583
196431
195283
194139
192999
191862
190728
189598
188470
187345
186222
185102
183983
182866
181751
180637
179524
178411
177299
176187
175075
173963
172851
171737
170623
169507
168390
167272
166151
165028
163904
162776
161646
160514
159379
158242
157102
155960
154816
153669
152520
151368
150213
149055
147895
146733
145568
144401
143232
142062
140890
139718
138545
137372
136200
135027
133854
132680
131506
130329
129153
127976
126800
125624
124452
123282
122112
120937
119756
118564
117359
116141
114917
113687
112451
111204
109943
108662
107361
106046
104728
103411
102100
100800
99510.7
98236.9
96969.4
95694.1
94411.7
93137.5
91877
90619.3
89359.3
88095.7
86829.3
85560.3
84289.6
83020.8
81771
80529.7
79258.3
77972.6
76710
75460
74206.5
72949.3
71699
70459.5
69223.9
67977.4
66706.7
65410.8
64094.8
62764.6
61426.6
60090.8
58768.1
57467
56191.9
54943.9
53724.9
52530.9
51339.3
50127
48897.8
47662.7
46429.3
45204.9
43995.3
42802.5
41624.5
40459
39304.4
38160.7
37027.9
35905.7
34794.6
33694.3
32602.9
31517.2
30436.4
29363
28301.8
27256.2
26227.9
25218.4
241616
240213
238816
237425
236041
234663
233292
231929
230573
229225
227884
226551
225227
223910
222601
221301
220009
218724
217448
216179
214918
213664
212418
211179
209947
208722
207504
206292
205086
203886
202692
201503
200320
199142
197968
196800
195636
194476
193320
192168
191019
189874
188732
187593
186457
185323
184192
183063
181935
180810
179685
178562
177439
176318
175196
174075
172953
171832
170709
169586
168462
167337
166210
165081
163951
162818
161684
160548
159409
158269
157126
155981
154834
153685
152534
151381
150226
149068
147909
146748
145585
144421
143257
142094
140931
139771
138614
137460
136311
135163
134014
132862
131701
130534
129362
128186
127008
125829
124650
123472
122289
121096
119886
118660
117417
116157
114889
113617
112341
111058
109767
108468
107164
105855
104546
103243
101950
100667
99397
98144.8
96896.9
95629.6
94351.7
93084.1
91828
90570.1
89306.9
88037.7
86765.5
85491.7
84217.1
82947.2
81700.3
80469
79193.2
77882.5
76598.9
75339.4
74085.8
72833.4
71588.2
70350.9
69114
67865.9
66597
65305.4
63995
62671.8
61343.2
60018.7
58707.7
57417
56149.6
54905.9
53687
52488.3
51287.4
50068.9
48841.5
47612.2
46385.7
45167.4
43962.4
42773
41597.7
40434
39280.4
38137
37004.1
35881.5
34769.6
33668.3
32576.5
31491.9
30413.1
29342.3
28283.9
27241.4
26216.5
25211.1
242103
240705
239311
237922
236539
235161
233790
232426
231068
229716
228372
227035
225705
224382
223067
221759
220459
219166
217880
216602
215331
214067
212810
211560
210317
209081
207851
206628
205410
204199
202994
201794
200599
199410
198226
197046
195871
194701
193535
192373
191214
190059
188908
187760
186615
185473
184333
183196
182060
180927
179795
178665
177535
176407
175279
174152
173024
171897
170769
169641
168512
167383
166252
165120
163986
162851
161714
160576
159436
158294
157150
156004
154857
153708
152558
151407
150254
149099
147943
146785
145626
144467
143309
142154
141003
139857
138719
137588
136464
135341
134213
133071
131910
130734
129546
128349
127145
125938
124731
123525
122313
121090
119852
118603
117338
116058
114767
113472
112177
110880
109583
108289
106995
105707
104420
103139
101862
100593
99334.2
98094.1
96858.9
95605.2
94336.2
93074.6
91817.5
90556.4
89286.6
88009.8
86730.7
85452.4
84175
82902.8
81654
80432.1
79169.1
77843
76536.8
75264.3
74006
72753
71508
70270.4
69031.4
67781.8
66514
65226.4
63921.2
62604.7
61284.1
59968.8
58666.4
57382.9
56120.6
54879.9
53660.5
52455.6
51245.7
50024.1
48800
47576
46354.8
45141.1
43939.5
42752.4
41578.8
40416.2
39263.2
38120.1
36987.1
35864.3
34751.6
33649.6
32557.3
31472.9
30395.5
29326.6
28270.5
27230.6
26208.7
25207.3
242448
241052
239660
238273
236891
235514
234143
232778
231418
230065
228719
227378
226045
224718
223398
222085
220780
219481
218189
216904
215626
214355
213091
211834
210583
209339
208101
206870
205645
204425
203212
202004
200801
199604
198412
197225
196042
194864
193690
192521
191355
190194
189036
187881
186729
185581
184435
183292
182151
181012
179875
178740
177606
176473
175340
174208
173077
171945
170814
169682
168550
167418
166284
165150
164014
162878
161740
160601
159461
158320
157177
156033
154887
153741
152594
151446
150297
149147
147994
146838
145682
144526
143372
142223
141082
139950
138830
137723
136624
135521
134401
133255
132078
130874
129650
128415
127174
125931
124696
123467
122240
121004
119755
118498
117220
115926
114623
113319
112024
110732
109449
108171
106894
105622
104351
103082
101815
100552
99299
98063.5
96835.9
95593.1
94341.1
93086.2
91825.2
90558.3
89279
87993.4
86707.9
85425.8
84146.6
82872.4
81618.2
80398.4
79156.4
77829.9
76502.7
75214.8
73948.8
72693.7
71446.6
70207.2
68966.6
67716.3
66449.5
65164.8
63864.4
62553.6
61240
59931.8
58636.2
57358.1
56099.2
54860
53639
52427.7
51210.9
49988.6
48767.9
47548.5
46331.7
45121.8
43922.9
42737.8
41565.4
40403.4
39250.9
38107.9
36974.9
35851.8
34738.6
33635.9
32543
31458.7
30382
29314.6
28260.4
27222.6
26203.3
25205.8
242691
241297
239906
238520
237139
235763
234392
233026
231666
230311
228963
227621
226285
224956
223633
222316
221007
219704
218408
217119
215836
214560
213291
212029
210773
209523
208280
207043
205812
204587
203368
202154
200946
199743
198545
197352
196164
194981
193802
192627
191456
190289
189127
187967
186811
185658
184508
183361
182216
181074
179933
178794
177657
176520
175385
174249
173115
171981
170847
169712
168578
167443
166308
165172
164036
162900
161763
160626
159489
158350
157211
156070
154926
153782
152638
151493
150346
149197
148044
146888
145732
144577
143428
142285
141150
140025
138916
137824
136738
135643
134523
133362
132155
130910
129644
128375
127112
125854
124608
123369
122139
120904
119658
118402
117120
115819
114509
113207
111919
110640
109369
108103
106838
105576
104314
103052
101792
100533
99281
98044.4
96818
95584.2
94344.3
93094.7
91832.3
90559.6
89273.1
87980.8
86691.3
85406.9
84126.7
82850.7
81591.2
80366.4
79139.2
77825.6
76487.6
75184.5
73908.9
72649.5
71399.1
70157.3
68916.2
67665.9
66400.4
65118.5
63821.8
62515.7
61207.5
59904.9
58614.4
57340.2
56083.7
54844.9
53621.6
52404.6
51183.6
49961.8
48743.9
47527.9
46314.4
45107.4
43910.7
42727
41555.5
40394.1
39241.9
38098.8
36965.8
35842.5
34729
33625.8
32532.5
31448.1
30371.9
29305.5
28252.8
27216.8
26199.7
25205.9
242859
241467
240077
238692
237312
235936
234565
233199
231838
230483
229133
227790
226453
225121
223796
222478
221166
219860
218561
217269
215983
214704
213432
212165
210906
209653
208405
207165
205930
204701
203478
202260
201048
199841
198639
197442
196250
195063
193880
192701
191527
190357
189190
188027
186868
185712
184559
183409
182262
181117
179974
178833
177693
176554
175416
174279
173142
172006
170870
169734
168597
167461
166324
165189
164055
162921
161787
160654
159520
158385
157248
156107
154963
153818
152674
151528
150382
149236
148085
146931
145775
144621
143472
142329
141190
140062
138954
137867
136782
135682
134551
133369
132131
130851
129560
128276
127007
125751
124500
123263
122049
120825
119585
118331
117049
115745
114437
113138
111856
110587
109325
108067
106810
105553
104295
103038
101781
100525
99273.4
98031.3
96801.1
95572.7
94339.3
93093.7
91831.3
90555.3
89265.1
87969.7
86678.4
85393
84112.3
82835.1
81570.9
80337
79112.9
77818.1
76483.1
75168.7
73881.1
72616
71362
70117.7
68876.9
67627.4
66363.9
65084.3
63790.7
62488.2
61184
59885.6
58598.7
57327.3
56072.3
54833.5
53607.6
52386.4
51163.2
49942.4
48726.6
47512.9
46301.8
45096.8
43901.8
42719.1
41548.3
40387
39234.9
38091.9
36958.7
35835.3
34721.6
33618.2
32524.6
31440.2
30364.4
29298.9
28247.2
27212.6
26197.5
25206.9
242974
241583
240195
238810
237430
236054
234683
233317
231956
230601
229250
227906
226568
225235
223909
222589
221275
219968
218667
217373
216085
214803
213528
212260
210998
209742
208492
207249
206011
204779
203554
202333
201118
199909
198704
197504
196309
195119
193933
192752
191575
190402
189233
188068
186907
185749
184594
183442
182293
181146
180002
178860
177718
176578
175438
174299
173161
172023
170886
169749
168611
167473
166336
165202
164072
162942
161813
160682
159550
158415
157275
156129
154981
153833
152687
151543
150402
149261
148114
146962
145805
144647
143494
142342
141196
140060
138948
137851
136752
135638
134495
133298
132042
130749
129448
128164
126898
125645
124397
123171
121973
120765
119535
118284
117002
115697
114390
113096
111821
110558
109303
108049
106795
105541
104285
103030
101775
100521
99270.4
98022.1
96784.8
95557.3
94326.9
93084.8
91824.5
90547.4
89256.1
87959.7
86668.3
85382.9
84102.2
82824.6
81556
80312.1
79081.5
77801.3
76479.2
75160.2
73862.5
72590.9
71331.9
70086.3
68846
67598.4
66337
65059.7
63768.6
62468.7
61167.5
59871.9
58587.6
57318.1
56064
54824.9
53596.8
52372.5
51148.5
49928.9
48714.5
47502.4
46293.1
45089.5
43895.5
42713.4
41542.9
40381.8
39229.6
38086.5
36953.2
35829.7
34715.9
33612.2
32518.5
31434.1
30358.8
29294
28243.2
27209.7
26196
25208.3
243051
241661
240273
238889
237509
236134
234763
233396
232035
230679
229329
227984
226645
225311
223984
222663
221348
220040
218738
217442
216153
214870
213593
212323
211059
209802
208550
207305
206066
204833
203605
202383
201166
199954
198748
197546
196349
195157
193969
192786
191607
190432
189262
188095
186932
185773
184616
183464
182314
181167
180022
178879
177737
176595
175454
174314
173174
172036
170898
169760
168622
167483
166345
165212
164087
162963
161835
160704
159567
158428
157284
156133
154980
153829
152681
151540
150405
149269
148126
146972
145809
144649
143489
142328
141172
140031
138906
137795
136681
135553
134399
133195
131936
130642
129345
128065
126808
125560
124316
123096
121910
120717
119495
118247
116966
115664
114361
113071
111800
110542
109289
108037
106785
105532
104278
103023
101769
100518
99267.6
98014.2
96769.9
95538.9
94311.1
93072.7
91815.5
90538.5
89247.2
87951.4
86660.7
85375.8
84095.3
82817.3
81545.7
80292
79050.9
77777.6
76470.2
75154.2
73850.4
72572.3
71307.6
70061.4
68822
67576.8
66317.5
65042.3
63753.1
62455.3
61156
59862.4
58579.8
57311.7
56058.2
54818.5
53588.6
52362.3
51138.1
49919.5
48706.3
47495.3
46287.3
45084.7
43891.1
42709.4
41539
40377.8
39225.5
38082.5
36949.1
35825.6
34711.7
33607.8
32513.9
31429.6
30354.7
29290.4
28240.4
27207.7
26195.2
25209.7
243100
241710
240323
238939
237560
236185
234814
233448
232086
230730
229379
228034
226694
225361
224033
222711
221396
220086
218783
217487
216197
214913
213635
212364
211099
209841
208588
207342
206101
204867
203638
202415
201197
199984
198776
197573
196375
195181
193992
192807
191627
190451
189280
188112
186948
185787
184631
183477
182327
181180
180036
178892
177750
176608
175466
174325
173185
172046
170907
169769
168629
167490
166354
165224
164099
162973
161845
160710
159569
158424
157277
156125
154970
153815
152664
151525
150393
149255
148113
146960
145795
144629
143464
142300
141139
139989
138854
137727
136600
135462
134297
133092
131839
130555
129265
127992
126741
125498
124259
123039
121859
120673
119458
118214
116936
115639
114341
113055
111787
110532
109280
108029
106778
105525
104272
103018
101765
100513
99264.2
98007.5
96756.3
95520.7
94294.3
93060.3
91806
90530
89239.6
87945.2
86655.1
85370.9
84090.7
82812.6
81538.8
80278.2
79027.5
77755.8
76457.5
75148.5
73843.3
72559.3
71288.7
70040.8
68803.6
67560.8
66303.8
65030.2
63742.6
62446.1
61148.3
59856
58574.6
57307.3
56054.2
54813.9
53582.6
52355
51130.9
49913.2
48700.8
47490.6
46283.4
45081.3
43888.1
42706.5
41536.1
40374.9
39222.6
38079.6
36946.2
35822.6
34708.7
33604.7
32510.7
31426.4
30351.8
29288.1
28238.5
27206.4
26194.8
25210.8
243130
241741
240354
238970
237591
236216
234845
233478
232117
230761
229410
228064
226725
225390
224062
222740
221424
220115
218811
217514
216223
214939
213661
212389
211124
209864
208611
207364
206123
204888
203658
202434
201216
200002
198793
197590
196391
195196
194006
192820
191639
190463
189290
188122
186958
185797
184640
183486
182336
181190
180046
178902
177759
176617
175474
174331
173191
172054
170916
169780
168641
167499
166361
165230
164102
162974
161844
160706
159560
158413
157264
156114
154957
153799
152647
151504
150371
149236
148092
146935
145770
144605
143438
142269
141107
139953
138806
137666
136530
135385
134219
133016
131770
130493
129212
127945
126697
125456
124223
123003
121821
120638
119428
118187
116913
115621
114327
113044
111779
110524
109274
108023
106772
105521
104268
103014
101760
100509
99259.7
98002.6
96745.7
95505.5
94278.4
93048.7
91797.8
90523.7
89234.3
87940.9
86651.4
85367.8
84087.7
82809.7
81535
80270.2
79013.1
77740.2
76446.5
75142.5
73838.8
72551.7
71274.8
70023.7
68789.8
67549.3
66294.4
65022.2
63735.7
62440.3
61143.3
59851.9
58571.3
57304.5
56051.6
54810.8
53578.6
52350.2
51126.2
49909.2
48697.2
47487.5
46280.8
45078.9
43885.9
42704.4
41534.1
40373
39220.7
38077.7
36944.5
35820.8
34706.8
33602.7
32508.5
31424.3
30349.9
29286.6
28237.4
27205.6
26194.6
25211.6
243146
241757
240370
238987
237607
236232
234861
233495
232134
230778
229426
228081
226741
225406
224078
222756
221440
220130
218826
217529
216238
214953
213675
212403
211137
209877
208623
207376
206135
204899
203670
202445
201226
200012
198803
197599
196399
195204
194013
192827
191645
190468
189296
188128
186963
185802
184646
183492
182342
181197
180054
178911
177768
176626
175484
174340
173198
172061
170923
169788
168651
167511
166370
165235
164105
162973
161841
160703
159556
158408
157258
156105
154947
153787
152635
151489
150351
149212
148068
146911
145744
144579
143413
142246
141082
139923
138771
137624
136483
135334
134167
132965
131725
130455
129179
127917
126670
125431
124203
122983
121794
120612
119406
118169
116899
115610
114318
113037
111773
110519
109269
108019
106769
105517
104265
103011
101758
100506
99255.9
97999
96739.9
95494.4
94265.3
93039.3
91791.3
90519.5
89231.1
87938.5
86649.3
85366
84086.1
82808.1
81533
80266.1
79005
77730.7
76438.8
75137.5
73835.6
72547.9
71265.8
70010.6
68779.3
67541.5
66288.2
65017.2
63731.5
62436.8
61140.5
59849.6
58569.4
57302.9
56050.1
54809
53576.1
52347.2
51123.4
49906.7
48695
47485.5
46278.9
45077.2
43884.3
42703
41532.7
40371.8
39219.6
38076.7
36943.5
35819.8
34705.7
33601.5
32507.3
31423.1
30348.9
29285.8
28236.8
27205.1
26194.5
25211.9
243153
241763
240376
238993
237614
236239
234868
233502
232141
230784
229433
228087
226747
225413
224085
222762
221446
220136
218832
217535
216244
214959
213681
212408
211142
209882
208628
207381
206140
204904
203674
202450
201230
200016
198807
197603
196403
195207
194016
192830
191648
190470
189298
188129
186964
185803
184646
183493
182343
181197
180053
178910
177767
176625
175482
174338
173197
172059
170923
169788
168652
167511
166370
165233
164101
162969
161836
160698
159552
158403
157254
156101
154941
153781
152628
151480
150340
149200
148053
146895
145730
144565
143401
142233
141068
139909
138755
137604
136458
135308
134141
132942
131704
130437
129164
127904
126659
125422
124195
122974
121780
120595
119393
118159
116892
115604
114314
113034
111770
110517
109267
108017
106767
105516
104264
103010
101756
100505
99254.3
97997.8
96738.6
95489.6
94258.9
93033.5
91787.6
90517.2
89229.6
87937.4
86648.5
85365.2
84085.4
82807.4
81532.1
80264.1
79001.1
77725.8
76434.7
75134.6
73834.4
72547.2
71262
70004.5
68773.3
67537.6
66285.3
65014.9
63729.7
62435.4
61139.3
59848.7
58568.6
57302.3
56049.5
54808.3
53575.3
52346.2
51122.3
49905.7
48693.9
47484.5
46278.2
45076.5
43883.7
42702.5
41532.3
40371.4
39219.2
38076.4
36943.1
35819.5
34705.4
33601.1
32506.9
31422.7
30348.6
29285.5
28236.6
27205
26194.6
25211.7
24228
23293
22315.3
21303.2
20261.1
19191.4
18096.2
16977.6
15838.4
14681.5
13509.5
12326.3
11136.3
9945.2
8757.9
7582.97
6432.66
5317.81
4252.56
3254.65
2336.65
1524.85
844.017
337.794
42.8175
24193.8
23254.5
22276.3
21264.6
20223
19154.2
18060
16942.5
15804.5
14648.7
13478
12296
11107.4
9917.72
8732.01
7558.92
6410.53
5297.84
4234.95
3239.42
2323.66
1514.39
836.287
333.054
41.338
24167.4
23221.4
22241.2
21228.9
20187.6
19119.2
18025.7
16909.1
15772.1
14617.2
13447.6
12266.7
11079.4
9891.15
8706.94
7535.33
6388.75
5278.26
4217.77
3224.53
2311
1504.18
828.787
328.504
40.0064
24146.1
23193.5
22210.4
21197.2
20155.4
19087.2
17994.1
16878.1
15741.7
14587.7
13419
12239.1
11052.8
9865.94
8683.02
7512.81
6367.93
5259.66
4201.68
3210.67
2299.17
1494.59
821.819
324.356
38.9092
24129
23170.3
22183.6
21168.9
20126.6
19058.3
17965.3
16849.6
15713.8
14560.4
13392.5
12213.4
11028.1
9842.5
8660.71
7491.58
6348.29
5242.32
4186.85
3197.97
2288.31
1485.75
815.408
320.612
37.9732
24116.1
23151.7
22161
21144.4
20101.2
19032.4
17939.3
16823.8
15688.2
14535.2
13367.8
12189.3
11004.9
9820.39
8639.56
7471.41
6329.75
5226.11
4173.18
3186.29
2278.27
1477.56
809.516
317.247
37.1891
24107.6
23137.6
22142.8
21123.5
20078.9
19009.5
17916.2
16800.6
15665
14512.3
13345.2
12167.2
10983.6
9799.97
8619.83
7452.6
6312.6
5211.33
4160.92
3175.8
2269.17
1470.09
804.16
314.245
36.5244
24102.8
23127.9
22128.9
21106.5
20060.1
18989.7
17895.7
16779.7
15644.1
14491.4
13324.4
12146.7
10963.9
9780.86
8601.2
7435.05
6296.85
5198
4150.03
3166.45
2260.94
1463.27
799.304
311.582
35.9667
24101.5
23122.4
22119.4
21093.8
20045.2
18973.2
17878.1
16761.5
15625.5
14472.6
13305.7
12128.2
10945.9
9763.23
8584
7419.05
6282.77
5186.4
4140.72
3158.35
2253.62
1457.14
794.981
309.261
35.5017
24102.6
23120.5
22114.2
21085.6
20034.5
18960.5
17863.8
16746
15609.3
14456
13288.8
12111.4
10929.5
9747.01
8568.27
7404.71
6270.52
5176.67
4133.09
3151.53
2247.21
1451.7
791.181
307.276
35.126
24104.3
23120.7
22112.3
21081.4
20028.2
18952
17853.2
16733.7
15595.8
14441.7
13274
12096.5
10914.7
9732.44
8554.25
7392.33
6260.48
5169.17
4127.36
3146.11
2241.81
1446.98
787.961
305.651
34.8367
24104.9
23121.1
22112.3
21080.4
20025.8
18947.7
17846.6
16724.9
15585.3
14429.9
13261.3
12083.4
10901.5
9719.41
8541.95
7382.11
6252.89
5164.12
4123.68
3142.17
2237.43
1443.03
785.331
304.399
34.6369
24103.5
23120.4
22112.4
21081
20026.1
18947
17843.9
16719.8
15578
14420.9
13251.1
12072.2
10890.1
9708
8531.76
7374.47
6248.18
5161.9
4122.32
3139.86
2234.18
1439.92
783.366
303.556
34.5312
24100.4
23118.1
22111.8
21081.8
20027.9
18948.7
17844.3
16718.2
15574.1
14414.9
13243.2
12063.1
10880.3
9698.44
8523.91
7369.7
6246.67
5162.73
4123.39
3139.24
2232.12
1437.69
782.073
303.125
34.5224
24097.1
23115.1
22110.1
21082
20029.8
18951.5
17846.9
16719.4
15573.2
14411.8
13238
12056.3
10872.5
9691
8518.88
7368.32
6248.77
5166.93
4127.09
3140.44
2231.32
1436.38
781.485
303.114
34.6076
24095.8
23112.7
22108.3
21081.6
20031.2
18954.3
17850.4
16722.5
15574.7
14411.2
13235.2
12051.6
10866.8
9685.93
8516.93
7370.55
6254.7
5174.62
4133.42
3143.42
2231.76
1435.99
781.546
303.474
34.7746
24098.6
23112.9
22107.6
21081.3
20032.2
18956.8
17854.1
16726.5
15577.8
14412.5
13234.4
12049
10863.3
9683.74
8518.51
7376.72
6264.64
5185.82
4142.35
3148.13
2233.41
1436.43
782.193
304.153
35.0118
24108
23118.4
22110.3
21082.6
20033.5
18959.1
17857.7
16730.8
15581.7
14415.2
13235.3
12048.5
10862.3
9684.66
8523.77
7386.82
6278.47
5200.3
4153.62
3154.38
2236.09
1437.58
783.298
305.062
35.3035
24125.9
23131.1
22118.7
21087.8
20036.8
18962.1
17861.5
16735.3
15586.2
14418.9
13237.9
12050.2
10864.3
9689.02
8532.77
7400.82
6295.94
5217.72
4166.88
3161.88
2239.6
1439.31
784.755
306.117
35.6299
24153.5
23152.9
22134.9
21099.1
20044.1
18967.3
17866.4
16740.4
15591.4
14423.6
13242.2
12054.3
10869.3
9696.86
8545.37
7418.33
6316.53
5237.51
4181.59
3170.25
2243.69
1441.43
786.398
307.206
35.9707
24191.5
23184.9
22160.6
21118.4
20057.7
18976.8
17873.9
16747.1
15597.7
14429.8
13248.5
12061
10877.6
9708.24
8561.32
7438.89
6339.57
5258.89
4197.19
3179.11
2248.1
1443.74
788.097
308.238
36.3054
24240.6
23228
22197
21147.4
20079.5
18992.8
17885.9
16756.8
15606.3
14438.2
13257.2
12070.8
10889.3
9722.85
8580.08
7461.71
6364.2
5281.01
4212.95
3187.98
2252.51
1446.05
789.697
309.115
36.6137
24300.3
23282.1
22244.4
21187.1
20111.1
19017.2
17904.5
16771.4
15618.8
14449.9
13269.2
12084
10904.2
9740.37
8600.99
7485.99
6389.53
5302.97
4228.18
3196.38
2256.62
1448.15
791.076
309.767
36.8791
24369.5
23346.4
22302.2
21237.4
20153.3
19051.3
17931.5
16792.8
15636.8
14466.5
13285.6
12101
10922.3
9760.17
8623.31
7510.73
6414.29
5323.76
4242.17
3203.85
2260.15
1449.87
792.114
310.131
37.0876
24445.7
23418.4
22368.9
21297.5
20206
19095.9
17968.3
16822.8
15662.2
14489.4
13307.4
12122.2
10943.3
9781.74
8646.24
7534.85
6437.52
5342.48
4254.24
3210
2262.87
1451.09
792.751
310.184
37.2308
24525.4
23495
22441.4
21365
20267.5
19150.8
18015.5
16862.7
15696.7
14520.2
13335.5
12148
10967.1
9804.36
8668.69
7557.31
6458.17
5358.27
4263.85
3214.48
2264.59
1451.71
792.941
309.913
37.3039
24604.6
23572.5
22516.5
21437
20335.9
19214.5
18072.9
16913.3
15741.4
14559.9
13370.6
12178.3
10993.2
9827.35
8689.88
7577.22
6475.28
5370.42
4270.56
3217.09
2265.23
1451.7
792.686
309.337
37.3079
24686.9
23654.6
22598.2
21518.2
20416
19292.2
18146.3
16980.8
15802.5
14614.3
13417.5
12217
11024.1
9852.43
8710.98
7595.27
6489.4
5379.24
4274.43
3217.77
2264.71
1450.98
791.948
308.409
37.2404
24763.6
23733.6
22679.8
21603.1
20504.1
19382.2
18235.6
17066.8
15882.6
14685.8
13477.7
12264.3
11059.4
9878.05
8729.74
7608.87
6497.81
5382.4
4273.93
3215.67
2262.61
1449.38
790.643
307.106
37.0859
24821.9
23796.8
22749
21679.4
20587.8
19472.6
18330
17162
15973.9
14767.6
13545.2
12315.4
11095
9901.07
8743.45
7615.71
6498.83
5379.06
4268.87
3210.96
2259.19
1447.15
788.996
305.631
36.8723
24858.7
23840.7
22801.7
21742.7
20662.6
19558.2
18424.4
17261.4
16071.7
14855.8
13616.7
12367.7
11129.4
9920.4
8751.45
7615.51
6492.61
5369.69
4259.78
3204.11
2254.81
1444.54
787.219
304.136
36.627
24872.4
23863.5
22835.4
21790
20724.5
19634.4
18513.3
17359.4
16170.6
14944.9
13687.6
12418.1
11160.5
9934.91
8753.36
7608.46
6479.73
5355.1
4247.42
3195.7
2249.92
1441.87
785.505
302.751
36.378
24863.9
23865.3
22849.3
21819.4
20770.7
19697.2
18591.6
17449.8
16264.2
15029.1
13753
12463
11186.1
9943.79
8749.22
7595.2
6461.32
5336.49
4232.83
3186.39
2245.01
1439.43
784.071
301.609
36.1532
24835.1
23847.1
22843.4
21829.9
20798.9
19743.4
18655.1
17527.2
16346.3
15102.6
13808.4
12499.4
11204.6
9946.41
8739.45
7576.82
6438.81
5315.27
4217.09
3177.04
2240.51
1437.51
783.088
300.809
35.979
24788.4
23810.8
22819.1
21821.3
20807.4
19770.3
18700
17586.9
16411.5
15160.3
13850
12524.8
11214.5
9942.53
8724.75
7554.7
6413.8
5292.98
4201.33
3168.32
2236.89
1436.34
782.707
300.429
35.8763
24726.9
23759
22778.5
21794.5
20796
19776.2
18723.6
17625
16455.5
15198.4
13875.1
12537.3
11215.1
9932.36
8706.08
7530.4
6388.05
5271.11
4186.58
3160.88
2234.48
1436.12
783.029
300.51
35.8606
24655.1
23695.1
22724.7
21751.8
20765.6
19760.8
18724.6
17639.3
16475.6
15214.5
13882.2
12536.5
11206.4
9916.62
8684.73
7505.45
6363.3
5251.02
4173.81
3155.28
2233.56
1436.98
784.133
301.079
35.9411
24578.1
23624.3
22661.6
21696.4
20719.1
19726.1
18703
17628.9
16470.7
15208.2
13871.6
12522.6
11189.4
9896.46
8662.24
7481.69
6341.1
5233.85
4163.72
3151.92
2234.33
1439.02
786.063
302.142
36.1227
24502.8
23552.8
22594.5
21633.4
20660.9
19675.5
18661.5
17595.3
16441.5
15180.1
13844.5
12497.4
11165.7
9873.57
8640.07
7460.59
6322.67
5220.54
4156.93
3151.07
2236.94
1442.31
788.853
303.705
36.4087
24434.5
23485.9
22528.8
21568.1
20596.5
19614.4
18604.4
17541.6
16390.7
15132.9
13803.5
12463.2
11137.4
9849.76
8619.83
7443.35
6309.06
5211.86
4153.87
3152.91
2241.43
1446.89
792.521
305.765
36.8018
24374.8
23426.5
22468.9
21505.5
20531.7
19549
18537.1
17473.1
16323
15070.7
13751.9
12422.9
11106.9
9826.79
8602.77
7431.06
6300.99
5208.27
4154.77
3157.53
2247.79
1452.77
797.063
308.323
37.3069
24326
23376.8
22417.3
21449.8
20471.9
19484.5
18465.5
17396.6
16245.6
14999.5
13694.2
12379.8
11076.5
9806.29
8590.17
7424.32
6298.82
5209.86
4159.65
3164.89
2256.01
1459.91
802.457
311.375
37.9303
24291.4
23340.6
22377.9
21405.6
20423.3
19428.5
18398.6
17322.9
16169.9
14929.6
13638.3
12339.6
11049.7
9790.48
8582.99
7423.37
6302.25
5216.14
4167.94
3174.41
2265.53
1467.9
808.401
314.767
38.6481
24269.2
23317.4
22351.8
21374.9
20388.8
19385.3
18343.3
17260.8
16105.8
14870.4
13591.8
12307.2
11029.4
9780.2
8580.86
7427.02
6309.64
5225.53
4178.27
3185
2275.5
1476.09
814.427
318.247
39.4128
24255.3
23303.7
22336.1
21355.9
20366.4
19353.5
18300.4
17211.9
16055.4
14824.2
13556.1
12283.2
11015.4
9774.84
8582.62
7433.72
6319.45
5236.67
4189.66
3195.99
2285.48
1484.18
820.353
321.712
40.2052
24247.8
23297.4
22328.7
21346.1
20353.5
19330.9
18268.5
17175.4
16017.8
14790.5
13530.8
12267.2
11007.2
9773.54
8587.12
7442.27
6330.48
5248.59
4201.4
3206.96
2295.24
1492.03
826.077
325.105
41.0148
24245.3
23296.8
22328
21343.4
20347.5
19315.6
18246.1
17149.5
15991.4
14767.7
13514.4
12258
11003.8
9775.42
8593.47
7451.8
6341.93
5260.61
4212.99
3217.62
2304.56
1499.51
831.521
328.371
41.8316
24246.5
23300.4
22331.9
21346.4
20346
19305.9
18231.5
17132.2
15974
14753.5
13505.5
12254.2
11004.3
9779.69
8601.03
7461.75
6353.29
5272.33
4224.16
3227.8
2313.39
1506.57
836.654
331.487
42.6492
24250.5
23307.3
22339.5
21352.8
20347.8
19300.7
18223.1
17121.6
15963.7
14746.3
13502.2
12254.6
11007.7
9785.71
8609.33
7471.7
6364.25
5283.49
4234.71
3237.37
2321.62
1513.16
841.44
334.422
43.4587
24256.7
23316.6
22349.6
21361.4
20351.6
19299.1
18219.4
17116.1
15958.9
14744.2
13503.2
12258.2
11013.3
9792.95
8618.03
7481.5
6374.67
5293.99
4244.6
3246.31
2329.26
1519.29
845.892
337.172
44.2546
24264.7
23327.7
22361.2
21371.4
20357.1
19300.6
18219.2
17114.6
15958.2
14746
13507.4
12264
11020.4
9801
8626.89
7490.98
6384.46
5303.74
4253.74
3254.56
2336.28
1524.94
849.984
339.714
45.0314
24273.7
23339.9
22373.7
21382
20364
19304.6
18221.6
17116
15960.6
14750.4
13513.6
12271.3
11028.4
9809.51
8635.75
7500.13
6393.67
5312.81
4262.18
3262.2
2342.76
1530.14
853.762
342.063
45.7862
24283.6
23352.6
22386.5
21393.1
20372.1
19311
18226.4
17119.9
15965.5
14757
13521.3
12279.7
11037.1
9818.29
8644.5
7508.86
6402.26
5321.16
4269.92
3269.18
2348.64
1534.88
857.198
344.202
46.5127
24294
23365.4
22399.1
21404.1
20381
19318.7
18232.5
17125.3
15971.7
14764.7
13529.7
12288.4
11045.9
9827.04
8653.02
7517.19
6410.29
5328.9
4277.05
3275.62
2354.03
1539.25
860.357
346.16
47.2062
24305.1
23378.3
22411.7
21415.7
20391.3
19328.2
18240.6
17132.8
15979.9
14773.6
13539
12297.6
11055
9835.76
8661.28
7525.08
6417.74
5335.99
4283.53
3281.46
2358.89
1543.2
863.19
347.916
47.8765
24316.4
23390.8
22423.8
21427
20401.8
19338.1
18249.2
17140.8
15988.1
14782.2
13547.8
12306.3
11063.6
9844.17
8669.17
7532.61
6424.75
5342.6
4289.54
3286.87
2363.37
1546.86
865.781
349.504
48.4984
24327.8
23402.9
22435.4
21438.1
20412.6
19348.5
18258.9
17150.1
15997.6
14791.7
13557
12315.2
11071.8
9851.81
8675.96
7538.89
6430.51
5348.02
4294.45
3291.31
2367.04
1549.88
867.905
350.819
49.0895
)
;

boundaryField
{
    inlet
    {
        type            calculated;
        value           nonuniform List<scalar> 
30
(
4.95864e+06
4.95878e+06
4.95899e+06
4.95924e+06
4.95953e+06
4.95999e+06
4.96058e+06
4.96128e+06
4.96227e+06
4.96344e+06
4.96514e+06
4.96668e+06
4.96889e+06
4.97176e+06
4.9755e+06
4.98016e+06
4.98596e+06
4.9922e+06
4.99841e+06
5.00101e+06
5.00156e+06
5.00183e+06
5.00095e+06
5.00044e+06
4.99987e+06
4.99901e+06
4.9984e+06
4.99803e+06
4.99784e+06
4.99778e+06
)
;
    }
    outlet
    {
        type            calculated;
        value           uniform 0;
    }
    upperWall
    {
        type            calculated;
        value           nonuniform List<scalar> 
223
(
4.99778e+06
4.92023e+06
4.84109e+06
4.76546e+06
4.69365e+06
4.62553e+06
4.56096e+06
4.4998e+06
4.44187e+06
4.38703e+06
4.33511e+06
4.28598e+06
4.23948e+06
4.19547e+06
4.15382e+06
4.1144e+06
4.07708e+06
4.04174e+06
4.01326e+06
3.99059e+06
3.96796e+06
3.94538e+06
3.92284e+06
3.90036e+06
3.87794e+06
3.85558e+06
3.8333e+06
3.81108e+06
3.78894e+06
3.76687e+06
3.74489e+06
3.72299e+06
3.70118e+06
3.67946e+06
3.65783e+06
3.6363e+06
3.61485e+06
3.5935e+06
3.57225e+06
3.5511e+06
3.53004e+06
3.50908e+06
3.48821e+06
3.46745e+06
3.44677e+06
3.42619e+06
3.4057e+06
3.38531e+06
3.365e+06
3.34478e+06
3.32465e+06
3.3046e+06
3.28463e+06
3.26473e+06
3.24492e+06
3.22518e+06
3.20551e+06
3.1859e+06
3.16637e+06
3.14689e+06
3.12747e+06
3.10811e+06
3.08879e+06
3.06952e+06
3.05029e+06
3.03109e+06
3.01194e+06
2.99283e+06
2.97374e+06
2.95469e+06
2.93566e+06
2.91665e+06
2.89766e+06
2.87868e+06
2.85972e+06
2.84078e+06
2.82184e+06
2.80291e+06
2.78397e+06
2.76503e+06
2.74609e+06
2.72715e+06
2.70822e+06
2.68927e+06
2.67031e+06
2.65132e+06
2.63231e+06
2.61327e+06
2.59422e+06
2.57513e+06
2.55602e+06
2.53688e+06
2.51772e+06
2.49853e+06
2.47933e+06
2.46009e+06
2.44081e+06
2.42148e+06
2.40211e+06
2.38271e+06
2.36328e+06
2.34381e+06
2.32431e+06
2.30477e+06
2.28519e+06
2.26558e+06
2.24594e+06
2.22624e+06
2.20649e+06
2.18667e+06
2.16676e+06
2.14679e+06
2.12677e+06
2.10672e+06
2.08664e+06
2.06653e+06
2.04638e+06
2.02621e+06
2.00601e+06
1.98578e+06
1.9655e+06
1.94515e+06
1.92472e+06
1.90425e+06
1.88373e+06
1.86319e+06
1.84262e+06
1.82203e+06
1.8014e+06
1.78075e+06
1.76006e+06
1.73934e+06
1.71859e+06
1.69781e+06
1.677e+06
1.65616e+06
1.6353e+06
1.61441e+06
1.5935e+06
1.57257e+06
1.55164e+06
1.53069e+06
1.50971e+06
1.4887e+06
1.46767e+06
1.44662e+06
1.42557e+06
1.40453e+06
1.38348e+06
1.36243e+06
1.34139e+06
1.32036e+06
1.29933e+06
1.27831e+06
1.25728e+06
1.23626e+06
1.21526e+06
1.19428e+06
1.17333e+06
1.15242e+06
1.13156e+06
1.11072e+06
1.0899e+06
1.0691e+06
1.04832e+06
1.02758e+06
1.00689e+06
986250
965680
945180
924753
904398
884117
863910
843783
823739
803782
783917
764148
744481
724925
705485
686166
666972
647909
628984
610201
591569
573095
554788
536657
518715
500973
483451
466173
449175
432522
416361
401660
386140
369878
353034
335682
317869
299639
281030
262074
242812
223314
203654
183905
164170
144555
125187
106207
87803.6
70188.3
53639.8
38467.8
25075.3
13900.2
5532.76
720.502
)
;
    }
    lowerWall
    {
        type            calculated;
        value           nonuniform List<scalar> 
250
(
4.95864e+06
4.88095e+06
4.80078e+06
4.72314e+06
4.64829e+06
4.57611e+06
4.50646e+06
4.43915e+06
4.37401e+06
4.31082e+06
4.24932e+06
4.18925e+06
4.13026e+06
4.07189e+06
4.01355e+06
3.95426e+06
3.89231e+06
3.82332e+06
3.23178e+06
3.23296e+06
3.2353e+06
3.23883e+06
3.24358e+06
3.24958e+06
3.25686e+06
3.26548e+06
3.27547e+06
3.28692e+06
3.29992e+06
3.31459e+06
3.33108e+06
3.34957e+06
3.37032e+06
3.39433e+06
3.4209e+06
3.4477e+06
3.47463e+06
3.50166e+06
3.52883e+06
3.55621e+06
3.58394e+06
3.61226e+06
3.64176e+06
3.67365e+06
3.70841e+06
3.23178e+06
3.23153e+06
3.23101e+06
3.23023e+06
3.22917e+06
3.22783e+06
3.22621e+06
3.22431e+06
3.22212e+06
3.21964e+06
3.21687e+06
3.2138e+06
3.21042e+06
3.20674e+06
3.20275e+06
3.19846e+06
3.19386e+06
3.18894e+06
3.18372e+06
3.17819e+06
3.17235e+06
3.1662e+06
3.15975e+06
3.153e+06
3.14595e+06
3.1386e+06
3.13097e+06
3.12304e+06
3.11483e+06
3.10633e+06
3.09754e+06
3.08848e+06
3.07915e+06
3.06955e+06
3.05968e+06
3.04954e+06
3.03915e+06
3.02851e+06
3.01762e+06
3.00649e+06
2.99512e+06
2.98351e+06
2.97166e+06
2.95957e+06
2.94726e+06
2.93472e+06
2.92196e+06
2.90898e+06
2.89579e+06
2.88239e+06
2.86878e+06
2.85498e+06
2.84099e+06
2.82681e+06
2.81245e+06
2.7979e+06
2.78318e+06
2.76828e+06
2.75321e+06
2.73797e+06
2.72256e+06
2.707e+06
2.69128e+06
2.6754e+06
2.65937e+06
2.64318e+06
2.62684e+06
2.61035e+06
2.59373e+06
2.57696e+06
2.56005e+06
2.543e+06
2.52582e+06
2.5085e+06
2.49106e+06
2.47349e+06
2.45581e+06
2.43801e+06
2.42009e+06
2.40207e+06
2.38394e+06
2.36571e+06
2.34738e+06
2.32895e+06
2.31042e+06
2.29178e+06
2.27306e+06
2.25423e+06
2.23532e+06
2.21632e+06
2.19723e+06
2.17807e+06
2.15884e+06
2.13953e+06
2.12015e+06
2.10069e+06
2.08114e+06
2.06151e+06
2.04179e+06
2.02199e+06
2.0021e+06
1.98214e+06
1.96209e+06
1.94196e+06
1.92177e+06
1.90151e+06
1.8812e+06
1.86084e+06
1.84043e+06
1.82e+06
1.79953e+06
1.77903e+06
1.7585e+06
1.73792e+06
1.7173e+06
1.69663e+06
1.67591e+06
1.65513e+06
1.63431e+06
1.61345e+06
1.59254e+06
1.57161e+06
1.55065e+06
1.52968e+06
1.5087e+06
1.48772e+06
1.46673e+06
1.44574e+06
1.42475e+06
1.40376e+06
1.38276e+06
1.36176e+06
1.34076e+06
1.31976e+06
1.29876e+06
1.27776e+06
1.25677e+06
1.23579e+06
1.21482e+06
1.19387e+06
1.17294e+06
1.15204e+06
1.13116e+06
1.11031e+06
1.0895e+06
1.06872e+06
1.04798e+06
1.02729e+06
1.00665e+06
986052
965513
945032
924613
904261
883980
863774
843649
823608
803657
783800
764040
744383
724832
705394
686075
666881
647817
628890
610107
591474
572999
554690
536557
518613
500870
483347
466067
449064
432401
416207
401206
385650
369394
352561
335219
317417
299195
280595
261658
242433
222976
203351
183635
163919
144311
124941
105965
87567.5
69974.1
53452
38317.4
24952.3
13816.7
5484.17
701.336
)
;
    }
    frontAndBack
    {
        type            empty;
    }
}


// ************************************************************************* //
