/*--------------------------------*- C++ -*----------------------------------*\
  =========                 |
  \\      /  F ield         | OpenFOAM: The Open Source CFD Toolbox
   \\    /   O peration     | Website:  https://openfoam.org
    \\  /    A nd           | Version:  9
     \\/     M anipulation  |
\*---------------------------------------------------------------------------*/
FoamFile
{
    format      ascii;
    class       volScalarField;
    location    "0.092";
    object      p;
}
// * * * * * * * * * * * * * * * * * * * * * * * * * * * * * * * * * * * * * //

dimensions      [0 2 -2 0 0 0 0];

internalField   nonuniform List<scalar> 
12225
(
307.419
316.294
321.267
324.233
325.968
326.831
327.109
326.923
326.323
325.416
324.359
323.261
322.13
320.961
319.734
318.463
317.083
315.516
308.218
316.449
321.346
324.299
326.024
326.867
327.115
326.907
326.303
325.409
324.367
323.275
322.145
320.964
319.724
318.43
317.034
315.369
308.702
316.769
321.555
324.46
326.138
326.942
327.158
326.925
326.316
325.434
324.404
323.307
322.157
320.951
319.692
318.371
316.929
315.293
308.825
317.222
321.884
324.7
326.31
327.064
327.244
326.988
326.369
325.489
324.457
323.345
322.178
320.955
319.677
318.33
316.877
315.291
310.329
318.048
322.406
325.072
326.575
327.257
327.385
327.087
326.447
325.56
324.524
323.405
322.224
320.984
319.685
318.321
316.872
315.345
310.904
319.059
323.092
325.555
326.922
327.515
327.585
327.247
326.581
325.679
324.63
323.491
322.287
321.025
319.71
318.341
316.913
315.444
315.347
320.617
324.017
326.19
327.378
327.867
327.861
327.458
326.749
325.824
324.759
323.603
322.38
321.101
319.774
318.402
316.993
315.566
319.394
322.391
325.153
326.965
327.945
328.313
328.219
327.746
326.988
326.028
324.932
323.748
322.501
321.204
319.866
318.494
317.101
315.706
322.77
324.332
326.503
327.926
328.663
328.883
328.668
328.103
327.286
326.29
325.164
323.949
322.672
321.352
320
318.627
317.245
315.873
325.2
326.351
327.947
329.031
329.52
329.571
329.228
328.561
327.668
326.611
325.436
324.183
322.879
321.539
320.174
318.797
317.422
316.066
327.049
328.454
329.677
330.364
330.574
330.41
329.895
329.106
328.129
327.009
325.784
324.489
323.147
321.777
320.394
319.011
317.642
316.297
327.32
330.317
331.264
331.639
331.628
331.29
330.625
329.721
328.649
327.45
326.16
324.811
323.431
322.035
320.637
319.246
317.871
316.521
331.131
332.914
333.326
333.222
332.906
332.335
331.475
330.412
329.222
327.94
326.588
325.191
323.768
322.339
320.914
319.506
318.121
316.766
339.595
336.244
335.568
335.045
334.44
333.613
332.55
331.333
330.013
328.618
327.172
325.697
324.213
322.739
321.284
319.853
318.451
317.082
342.948
339.462
338.462
337.596
336.601
335.392
334.024
332.553
331.025
329.479
327.92
326.352
324.793
323.258
321.756
320.291
318.868
317.49
340.87
342.016
341.616
340.6
339.143
337.522
335.852
334.118
332.368
330.636
328.924
327.232
325.572
323.956
322.39
320.875
319.412
317.997
342.352
346.133
346.297
344.761
342.717
340.52
338.324
336.186
334.111
332.11
330.182
328.327
326.544
324.831
323.184
321.601
320.08
318.62
353.426
355.524
353.612
350.57
347.296
344.158
341.291
338.662
336.219
333.922
331.752
329.704
327.768
325.929
324.176
322.506
320.913
319.389
389.229
374.459
365.036
358.299
352.916
348.542
344.805
341.537
338.629
335.979
333.534
331.267
329.153
327.167
325.292
323.522
321.847
320.258
399.57
382.394
370.606
362.354
356.198
351.258
347.088
343.525
340.395
337.552
334.937
332.512
330.278
328.194
326.232
324.381
322.632
320.975
399.978
382.356
371.351
363.485
357.345
352.35
348.17
344.546
341.328
338.403
335.709
333.25
330.963
328.826
326.818
324.926
323.142
321.454
387.877
377.892
369.538
362.842
357.336
352.722
348.703
345.138
341.936
339.02
336.288
333.781
331.457
329.289
327.255
325.337
323.526
321.811
378.672
372.927
366.993
361.487
356.736
352.563
348.785
345.336
342.187
339.268
336.609
334.116
331.788
329.61
327.561
325.626
323.798
322.069
376.222
369.068
364.56
360.176
356.079
352.299
348.755
345.441
342.364
339.503
336.844
334.353
332.017
329.826
327.763
325.812
323.973
322.234
368.056
365.723
362.38
358.941
355.414
351.968
348.627
345.433
342.418
339.606
336.969
334.492
332.166
329.978
327.912
325.958
324.111
322.361
357.153
361.246
360.49
357.966
354.922
351.722
348.54
345.44
342.481
339.688
337.058
334.586
332.259
330.068
328
326.039
324.183
322.431
359.746
359.974
359.253
357.233
354.467
351.51
348.446
345.402
342.476
339.708
337.098
334.639
332.325
330.142
328.075
326.121
324.262
322.498
354.041
358.13
358.469
356.807
354.246
351.393
348.401
345.398
342.491
339.73
337.121
334.663
332.355
330.178
328.111
326.148
324.282
322.516
352.27
357.329
357.981
356.521
354.111
351.322
348.364
345.379
342.483
339.728
337.127
334.681
332.382
330.213
328.152
326.188
324.313
322.534
351.835
357.016
357.787
356.448
354.083
351.304
348.356
345.38
342.484
339.721
337.115
334.671
332.382
330.222
328.167
326.204
324.329
322.549
286.028
285.965
285.864
285.755
285.669
285.618
285.599
285.582
285.532
285.416
285.214
284.923
284.545
284.083
283.556
282.992
282.406
281.801
281.185
280.577
279.959
279.292
278.53
277.652
276.69
275.719
274.835
274.137
273.66
273.39
273.272
273.265
273.255
273.141
272.955
272.681
272.236
271.571
271.299
271.68
272.368
272.131
270.448
267.452
263.686
259.499
255.118
250.714
246.402
242.273
238.402
234.854
231.688
228.957
226.702
224.959
223.758
223.126
223.069
223.567
224.581
226.056
227.915
230.052
232.325
234.544
236.478
237.881
238.576
238.604
238.317
238.214
238.804
240.297
242.692
245.556
248.332
250.611
252.328
253.756
255.19
256.808
258.32
259.553
260.49
261.184
261.677
261.985
262.17
262.295
262.375
262.425
262.452
262.47
262.489
262.516
262.552
262.572
262.582
262.629
262.801
262.912
262.773
262.346
261.783
260.933
259.827
259.094
257.572
256.964
255.727
246.949
233.55
219.319
206.07
194.839
186.089
180.049
176.751
176.061
177.691
181.159
185.874
191.194
196.541
201.494
205.824
209.447
212.36
214.623
216.323
217.546
218.362
218.803
218.872
218.554
217.843
216.794
215.496
214.039
212.495
210.906
209.292
207.649
205.966
204.231
202.423
200.513
198.467
196.25
193.839
191.23
188.441
185.512
182.5
179.475
176.52
173.721
171.191
169.052
167.295
166.037
165.086
164.089
163.184
161.749
158.423
153.906
150.935
150.099
150.077
149.961
149.457
148.503
147.204
145.75
144.266
142.786
141.306
139.811
285.945
285.867
285.741
285.606
285.507
285.458
285.444
285.437
285.399
285.298
285.108
284.827
284.463
284.022
283.521
282.99
282.441
281.85
281.204
280.522
279.813
279.053
278.205
277.25
276.218
275.174
274.219
273.459
272.973
272.741
272.67
272.716
272.889
273.048
273.096
273.224
273.021
272.092
271.061
270.313
269.906
269.186
267.306
264.376
260.806
256.85
252.711
248.531
244.414
240.448
236.708
233.263
230.178
227.513
225.322
223.652
222.533
221.961
221.931
222.431
223.431
224.876
226.692
228.777
230.993
233.165
235.074
236.483
237.206
237.27
237.033
237.056
237.856
239.635
242.241
245.232
248.01
250.126
251.682
253.201
254.711
256.372
257.909
259.25
260.32
261.089
261.627
261.973
262.193
262.338
262.413
262.443
262.446
262.443
262.446
262.461
262.498
262.517
262.501
262.491
262.643
262.848
262.78
262.379
261.813
261.049
259.897
259.005
257.763
255.646
251.486
241.441
228.323
214.856
202.452
191.901
183.661
177.991
174.982
174.53
176.351
180.008
184.919
190.437
195.96
201.048
205.471
209.151
212.095
214.368
216.069
217.288
218.104
218.555
218.645
218.359
217.692
216.684
215.416
213.981
212.451
210.873
209.266
207.626
205.943
204.205
202.392
200.476
198.423
196.198
193.777
191.157
188.357
185.416
182.393
179.358
176.395
173.587
171.03
168.812
166.986
165.594
164.525
163.422
162.518
161.169
157.762
153.361
150.768
150.171
150.159
149.993
149.474
148.543
147.257
145.783
144.263
142.762
141.287
139.771
286.08
286.026
285.939
285.84
285.737
285.645
285.563
285.473
285.344
285.163
284.923
284.631
284.299
283.915
283.455
282.949
282.426
281.885
281.33
280.736
280.025
279.145
278.109
276.958
275.747
274.523
273.373
272.453
271.879
271.643
271.705
272.077
272.78
273.077
272.68
272.046
271.34
270.439
269.307
267.971
266.48
264.698
262.422
259.65
256.454
252.93
249.191
245.343
241.485
237.711
234.107
230.758
227.741
225.123
222.966
221.318
220.207
219.651
219.639
220.147
221.137
222.554
224.322
226.347
228.515
230.683
232.678
234.308
235.402
235.956
236.251
236.766
237.915
239.767
242.553
245.411
247.892
249.657
250.941
252.147
253.909
255.671
257.312
258.788
260.011
260.91
261.57
262.007
262.269
262.422
262.473
262.467
262.424
262.376
262.342
262.329
262.36
262.384
262.327
262.236
262.356
262.692
262.771
262.513
261.983
261.253
260.251
259.017
256.614
251.838
244.099
233.355
221.43
209.237
197.821
187.92
180.131
174.777
172.018
171.796
173.874
177.827
183.076
188.952
194.807
200.157
204.765
208.564
211.575
213.879
215.584
216.793
217.601
218.061
218.183
217.952
217.354
216.416
215.21
213.826
212.34
210.796
209.211
207.581
205.9
204.157
202.334
200.405
198.336
196.09
193.647
191.002
188.176
185.211
182.164
179.108
176.123
173.295
170.71
168.459
166.587
165.085
163.868
162.667
161.487
159.955
157.212
153.846
151.496
150.591
150.347
150.113
149.533
148.512
147.196
145.728
144.249
142.77
141.27
139.705
286.497
286.495
286.486
286.382
286.228
286.028
285.786
285.511
285.213
284.902
284.579
284.24
283.898
283.556
283.211
282.869
282.506
282.105
281.684
281.172
280.462
279.513
278.341
276.99
275.529
274.087
272.803
271.836
271.247
270.953
270.883
271.026
271.283
271.37
271.068
270.34
269.282
267.972
266.454
264.734
262.8
260.596
258.084
255.265
252.152
248.783
245.221
241.539
237.822
234.158
230.635
227.344
224.368
221.787
219.665
218.05
216.972
216.458
216.499
217.072
218.125
219.591
221.392
223.44
225.642
227.895
230.09
232.109
233.842
235.247
236.46
237.802
239.636
242.104
244.456
246.742
248.55
249.732
250.655
251.851
253.515
255.259
256.831
258.246
259.51
260.525
261.309
261.862
262.205
262.399
262.457
262.429
262.345
262.255
262.182
262.125
262.143
262.166
262.08
261.917
261.995
262.439
262.74
262.67
262.244
261.585
260.452
258.52
253.957
246.233
236.538
225.697
214.383
202.93
192.17
182.765
175.358
170.313
167.827
167.87
170.26
174.598
180.312
186.701
193.046
198.795
203.692
207.681
210.812
213.193
214.938
216.161
216.965
217.433
217.578
217.393
216.866
216.013
214.892
213.586
212.167
210.677
209.131
207.524
205.848
204.098
202.259
200.307
198.208
195.927
193.443
190.756
187.888
184.883
181.799
178.708
175.693
172.835
170.221
167.929
166.001
164.421
163.113
161.829
160.485
158.983
156.81
154.074
151.953
151.055
150.741
150.301
149.54
148.481
147.185
145.741
144.241
142.726
141.209
139.629
286.761
286.756
286.703
286.588
286.362
286.041
285.67
285.288
284.917
284.571
284.249
283.948
283.667
283.405
283.169
282.966
282.761
282.533
282.241
281.778
281.081
280.125
278.948
277.636
276.165
274.729
273.417
272.379
271.66
271.215
270.946
270.749
270.508
270.097
269.401
268.355
266.967
265.31
263.458
261.443
259.24
256.797
254.09
251.125
247.924
244.521
240.959
237.297
233.603
229.957
226.446
223.159
220.186
217.614
215.511
213.918
212.872
212.48
212.677
213.412
214.629
216.26
218.226
220.44
222.816
225.275
227.747
230.174
232.513
234.744
236.904
239.111
241.52
244.142
246.586
248.564
249.81
250.554
251.153
252.14
253.574
255.117
256.524
257.803
258.986
260.016
260.867
261.533
262
262.285
262.402
262.388
262.267
262.131
261.998
261.885
261.843
261.852
261.753
261.539
261.583
262.088
262.63
262.814
262.625
262.126
261.006
257.447
250.027
240.132
229.492
218.505
207.231
196.025
185.57
176.489
169.377
164.608
162.387
162.721
165.46
170.246
176.521
183.562
190.568
196.876
202.188
206.46
209.778
212.287
214.122
215.402
216.235
216.731
216.903
216.756
216.287
215.514
214.488
213.276
211.942
210.522
209.025
207.445
205.777
204.015
202.15
200.159
198.012
195.677
193.134
190.388
187.464
184.405
181.272
178.133
175.068
172.167
169.512
167.174
165.187
163.545
162.188
160.901
159.561
158.149
156.326
154.065
152.296
151.5
151.082
150.489
149.611
148.478
147.15
145.696
144.206
142.692
141.161
139.555
287.094
287.056
286.932
286.687
286.342
285.94
285.523
285.12
284.749
284.419
284.134
283.892
283.69
283.523
283.391
283.294
283.207
283.093
282.867
282.469
281.865
281.057
280.037
278.859
277.619
276.394
275.249
274.234
273.368
272.626
271.949
271.253
270.445
269.445
268.194
266.662
264.868
262.863
260.696
258.381
255.897
253.209
250.299
247.172
243.848
240.356
236.73
233.012
229.258
225.536
221.927
218.528
215.443
212.773
210.617
209.065
208.17
207.859
208.178
209.093
210.545
212.453
214.725
217.262
219.973
222.777
225.613
228.448
231.271
234.085
236.895
239.713
242.539
245.277
247.707
249.623
250.875
251.515
252.033
252.789
253.867
255.075
256.277
257.431
258.509
259.503
260.377
261.117
261.701
262.101
262.302
262.329
262.214
262.033
261.829
261.627
261.484
261.446
261.327
261.064
261.073
261.606
262.347
262.764
262.794
262.409
260.863
255.353
245.387
234.136
222.865
211.471
199.9
188.648
178.295
169.425
162.546
158.008
156.009
156.584
159.634
164.856
171.725
179.514
187.335
194.375
200.244
204.902
208.477
211.169
213.144
214.515
215.426
215.976
216.193
216.09
215.677
214.98
214.047
212.936
211.695
210.349
208.9
207.34
205.667
203.879
201.972
199.926
197.714
195.308
192.695
189.881
186.894
183.776
180.583
177.386
174.264
171.301
168.582
166.184
164.154
162.477
161.096
159.841
158.577
157.279
155.729
153.91
152.482
151.768
151.31
150.646
149.674
148.467
147.115
145.672
144.187
142.661
141.105
139.481
287.725
287.56
287.231
286.841
286.406
285.942
285.48
285.049
284.668
284.345
284.088
283.897
283.777
283.726
283.725
283.759
283.775
283.705
283.509
283.175
282.684
282.034
281.233
280.3
279.278
278.222
277.176
276.162
275.178
274.198
273.179
272.058
270.765
269.237
267.448
265.414
263.185
260.813
258.324
255.714
252.959
250.036
246.933
243.65
240.192
236.565
232.785
228.878
224.889
220.885
216.958
213.225
209.821
206.885
204.553
202.931
202.065
201.895
202.437
203.662
205.496
207.839
210.58
213.608
216.818
220.123
223.449
226.751
230.009
233.224
236.401
239.52
242.525
245.309
247.719
249.616
250.935
251.769
252.385
253.051
253.904
254.899
255.964
257.032
258.057
259.028
259.917
260.705
261.366
261.867
262.156
262.254
262.168
261.965
261.696
261.391
261.113
260.97
260.8
260.472
260.414
260.918
261.758
262.346
262.478
262.007
259.698
252.229
240.445
228.321
216.464
204.47
192.476
181.065
170.753
162.059
155.391
151.054
149.222
149.976
153.252
158.805
166.183
174.702
183.424
191.347
197.918
203.066
206.969
209.896
212.053
213.539
214.564
215.194
215.474
215.429
215.079
214.459
213.617
212.601
211.446
210.167
208.756
207.204
205.51
203.681
201.715
199.598
197.306
194.82
192.132
189.251
186.202
183.023
179.769
176.505
173.31
170.273
167.481
165.009
162.916
161.202
159.812
158.621
157.483
156.338
155.055
153.624
152.469
151.843
151.408
150.736
149.726
148.48
147.107
145.658
144.165
142.63
141.058
139.42
287.885
287.681
287.273
286.838
286.382
285.91
285.439
285.004
284.63
284.336
284.125
283.998
283.959
283.993
284.076
284.188
284.25
284.208
284.058
283.795
283.413
282.905
282.271
281.522
280.677
279.759
278.786
277.766
276.693
275.546
274.285
272.851
271.185
269.239
267.012
264.549
261.926
259.206
256.416
253.542
250.553
247.416
244.114
240.635
236.959
233.066
228.947
224.618
220.131
215.577
211.09
206.831
202.981
199.716
197.178
195.462
194.613
194.672
195.586
197.277
199.644
202.566
205.911
209.549
213.362
217.25
221.129
224.939
228.639
232.202
235.608
238.836
241.846
244.568
246.906
248.787
250.201
251.234
252.049
252.824
253.68
254.624
255.617
256.617
257.601
258.557
259.458
260.278
260.988
261.557
261.936
262.11
262.072
261.87
261.559
261.169
260.755
260.45
260.17
259.763
259.601
259.982
260.741
261.36
261.43
260.652
257.406
248.389
235.409
222.69
210.259
197.622
185.234
173.688
163.467
155.007
148.597
144.47
142.777
143.649
147.043
152.76
160.438
169.512
179.072
187.944
195.326
201.058
205.352
208.553
210.902
212.552
213.701
214.428
214.787
214.814
214.537
213.995
213.232
212.291
211.2
209.965
208.573
207.01
205.282
203.4
201.366
199.171
196.8
194.238
191.483
188.541
185.433
182.189
178.86
175.515
172.237
169.117
166.243
163.693
161.532
159.774
158.372
157.247
156.255
155.306
154.301
153.2
152.273
151.748
151.373
150.751
149.758
148.497
147.102
145.644
144.149
142.61
141.025
139.372
287.648
287.462
287.183
286.819
286.392
285.941
285.509
285.133
284.83
284.609
284.469
284.404
284.436
284.518
284.621
284.716
284.744
284.69
284.558
284.339
284.025
283.605
283.076
282.443
281.713
280.889
279.973
278.961
277.843
276.594
275.176
273.531
271.602
269.353
266.796
263.995
261.043
258.022
254.967
251.863
248.661
245.309
241.772
238.017
234.004
229.691
225.054
220.118
214.96
209.714
204.566
199.731
195.424
191.844
189.145
187.427
186.728
187.043
188.337
190.526
193.486
197.062
201.089
205.408
209.877
214.375
218.804
223.09
227.184
231.053
234.664
237.983
240.969
243.592
245.838
247.708
249.224
250.446
251.474
252.411
253.334
254.277
255.232
256.183
257.129
258.056
258.946
259.775
260.516
261.131
261.576
261.818
261.841
261.668
261.348
260.91
260.391
259.913
259.464
258.946
258.631
258.774
259.226
259.645
259.49
258.243
254.079
244.213
230.42
217.35
204.391
191.197
178.537
166.965
156.938
148.783
142.658
138.725
137.148
138.085
141.529
147.292
155.067
164.437
174.634
184.4
192.634
199.013
203.733
207.23
209.778
211.605
212.885
213.716
214.163
214.272
214.074
213.601
212.895
211.996
210.931
209.703
208.297
206.707
204.938
203.003
200.909
198.649
196.214
193.593
190.781
187.78
184.602
181.275
177.849
174.399
171.016
167.797
164.841
162.226
160.009
158.218
156.813
155.743
154.895
154.168
153.447
152.644
151.929
151.509
151.215
150.683
149.747
148.499
147.096
145.635
144.142
142.602
141.005
139.337
287.706
287.561
287.318
286.987
286.593
286.191
285.82
285.507
285.269
285.112
285.036
285.024
285.076
285.169
285.26
285.307
285.291
285.215
285.077
284.87
284.581
284.2
283.724
283.153
282.484
281.715
280.837
279.838
278.7
277.395
275.881
274.105
272.01
269.565
266.781
263.729
260.512
257.232
253.943
250.627
247.219
243.643
239.835
235.746
231.319
226.497
221.257
215.64
209.763
203.803
197.988
192.568
187.781
183.84
180.919
179.131
178.518
179.061
180.728
183.432
187.024
191.318
196.103
201.179
206.37
211.53
216.538
221.3
225.758
229.877
233.637
237.019
240.004
242.579
244.753
246.575
248.12
249.461
250.657
251.754
252.789
253.792
254.769
255.72
256.646
257.545
258.412
259.226
259.978
260.614
261.093
261.382
261.455
261.315
261.006
260.551
259.971
259.354
258.717
258.04
257.516
257.298
257.229
257.183
256.677
254.947
250.114
239.767
225.732
212.457
199.057
185.475
172.706
161.226
151.462
143.61
137.72
133.895
132.368
133.31
136.8
142.628
150.421
159.89
170.479
180.978
190.024
197.061
202.193
205.988
208.73
210.731
212.142
213.076
213.612
213.8
213.672
213.251
212.57
211.671
210.587
209.329
207.89
206.264
204.46
202.489
200.356
198.054
195.576
192.908
190.041
186.971
183.706
180.268
176.713
173.123
169.601
166.257
163.205
160.531
158.292
156.497
155.126
154.128
153.423
152.917
152.479
151.97
151.47
151.158
150.948
150.523
149.683
148.481
147.09
145.631
144.141
142.6
140.996
139.317
288.029
287.891
287.678
287.39
287.054
286.704
286.381
286.115
285.922
285.811
285.772
285.796
285.862
285.94
285.989
285.986
285.931
285.826
285.669
285.451
285.159
284.783
284.322
283.774
283.131
282.383
281.52
280.524
279.372
278.032
276.464
274.618
272.439
269.89
266.974
263.752
260.331
256.829
253.323
249.805
246.196
242.393
238.307
233.87
229.017
223.686
217.858
211.592
205.031
198.387
191.921
185.911
180.615
176.257
173.025
171.054
170.409
171.096
173.075
176.246
180.443
185.45
191.012
196.874
202.815
208.662
214.264
219.507
224.323
228.687
232.6
236.061
239.067
241.623
243.761
245.538
247.047
248.393
249.652
250.859
252.016
253.12
254.17
255.168
256.121
257.031
257.895
258.706
259.446
260.08
260.569
260.874
260.973
260.851
260.545
260.078
259.468
258.755
257.953
257.093
256.32
255.656
254.915
254.216
253.259
251.106
245.897
235.45
221.568
208.012
194.426
180.675
167.951
156.639
147.148
139.539
133.757
129.889
128.296
129.189
132.763
138.755
146.614
156.097
166.887
177.916
187.659
195.304
200.757
204.825
207.784
209.936
211.462
212.489
213.101
213.353
213.273
212.875
212.186
211.253
210.127
208.827
207.35
205.697
203.876
201.892
199.742
197.419
194.911
192.201
189.272
186.118
182.74
179.163
175.447
171.684
167.989
164.485
161.305
158.553
156.294
154.544
153.263
152.384
151.838
151.547
151.388
151.188
150.92
150.722
150.588
150.275
149.563
148.444
147.081
145.629
144.144
142.607
140.998
139.31
288.646
288.535
288.354
288.093
287.78
287.458
287.165
286.939
286.791
286.719
286.711
286.746
286.8
286.84
286.838
286.788
286.694
286.556
286.369
286.128
285.816
285.424
284.951
284.397
283.752
283.003
282.134
281.127
279.957
278.594
276.997
275.122
272.917
270.341
267.381
264.077
260.519
256.831
253.114
249.39
245.585
241.577
237.245
232.501
227.282
221.534
215.234
208.445
201.332
194.131
187.122
180.6
174.839
170.078
166.521
164.32
163.558
164.249
166.368
169.831
174.472
180.054
186.285
192.845
199.452
205.903
212.033
217.7
222.83
227.407
231.453
235.006
238.095
240.735
242.937
244.736
246.219
247.515
248.73
249.923
251.107
252.268
253.386
254.454
255.473
256.439
257.346
258.185
258.942
259.59
260.089
260.398
260.491
260.36
260.032
259.533
258.896
258.115
257.19
256.154
255.124
253.999
252.532
251.091
249.654
247.165
241.831
231.561
217.931
204.326
190.647
176.99
164.374
153.25
143.974
136.484
130.665
126.629
124.854
125.719
129.397
135.66
143.66
153.133
163.998
175.355
185.631
193.662
199.498
203.78
206.914
209.192
210.812
211.913
212.578
212.864
212.798
212.393
211.677
210.708
209.545
208.213
206.716
205.056
203.238
201.26
199.109
196.775
194.24
191.481
188.479
185.22
181.703
177.956
174.048
170.079
166.178
162.486
159.148
156.291
153.999
152.308
151.161
150.463
150.121
150.06
150.181
150.3
150.288
150.221
150.16
149.957
149.39
148.382
147.068
145.632
144.154
142.622
141.012
139.316
289.63
289.533
289.363
289.11
288.814
288.516
288.253
288.052
287.926
287.87
287.863
287.88
287.896
287.884
287.828
287.731
287.596
287.419
287.198
286.924
286.583
286.162
285.659
285.079
284.411
283.641
282.753
281.727
280.538
279.158
277.551
275.677
273.489
270.942
268.01
264.705
261.088
257.268
253.363
249.43
245.426
241.24
236.73
231.773
226.3
220.279
213.698
206.611
199.171
191.62
184.248
177.362
171.252
166.168
162.316
159.858
158.897
159.471
161.574
165.134
169.985
175.888
182.547
189.6
196.687
203.568
210.065
216.015
221.331
226.027
230.154
233.786
236.965
239.717
242.066
244.027
245.626
246.945
248.107
249.21
250.3
251.391
252.473
253.544
254.599
255.632
256.618
257.537
258.363
259.07
259.623
259.972
260.073
259.921
259.55
258.997
258.311
257.471
256.461
255.273
254.016
252.485
250.353
248.21
246.324
243.591
238.294
228.393
215.091
201.575
187.95
174.431
161.965
151.016
141.845
134.346
128.393
124.179
122.272
123.077
126.849
133.404
141.566
151.018
161.859
173.442
183.905
192.232
198.34
202.804
206.075
208.453
210.145
211.292
211.982
212.269
212.19
211.764
211.026
210.04
208.867
207.532
206.04
204.394
202.596
200.633
198.486
196.138
193.57
190.751
187.658
184.273
180.589
176.64
172.505
168.292
164.143
160.226
156.705
153.728
151.396
149.761
148.774
148.313
148.238
148.447
148.858
149.303
149.578
149.672
149.692
149.59
149.169
148.294
147.053
145.643
144.176
142.649
141.037
139.334
290.956
290.866
290.702
290.464
290.181
289.896
289.644
289.451
289.328
289.259
289.222
289.192
289.146
289.07
288.958
288.813
288.633
288.416
288.157
287.844
287.466
287.011
286.47
285.848
285.141
284.338
283.422
282.374
281.17
279.784
278.185
276.336
274.195
271.719
268.872
265.637
262.044
258.172
254.128
250
245.794
241.45
236.82
231.762
226.193
220.078
213.426
206.286
198.792
191.17
183.699
176.682
170.415
165.157
161.123
158.484
157.324
157.744
159.729
163.188
167.965
173.831
180.537
187.74
195.004
202.046
208.701
214.756
220.085
224.725
228.773
232.403
235.648
238.534
241.058
243.214
245.015
246.499
247.742
248.836
249.842
250.785
251.698
252.624
253.6
254.623
255.659
256.659
257.58
258.388
259.049
259.501
259.676
259.543
259.145
258.542
257.787
256.89
255.815
254.517
253.088
251.277
248.653
245.962
243.697
240.793
235.613
226.188
213.289
199.912
186.402
173.025
160.685
149.837
140.678
133.089
126.98
122.659
120.72
121.51
125.324
132.032
140.366
149.8
160.524
172.066
182.567
191.017
197.274
201.858
205.229
207.681
209.416
210.582
211.271
211.541
211.44
211.002
210.266
209.294
208.143
206.834
205.37
203.753
201.982
200.034
197.883
195.512
192.901
190.01
186.807
183.269
179.388
175.205
170.809
166.311
161.865
157.668
153.918
150.797
148.422
146.856
146.055
145.885
146.149
146.688
147.417
148.196
148.789
149.086
149.204
149.193
148.912
148.186
147.041
145.669
144.212
142.691
141.076
139.366
292.571
292.488
292.332
292.104
291.831
291.552
291.3
291.097
290.949
290.838
290.743
290.644
290.524
290.379
290.211
290.015
289.787
289.528
289.23
288.879
288.46
287.965
287.384
286.713
285.955
285.105
284.152
283.081
281.869
280.494
278.924
277.127
275.06
272.685
269.959
266.855
263.368
259.54
255.45
251.187
246.805
242.288
237.55
232.469
226.947
220.931
214.425
207.478
200.21
192.812
185.534
178.657
172.466
167.222
163.147
160.415
159.116
159.307
161.024
164.207
168.695
174.267
180.692
187.688
194.802
201.693
208.225
214.18
219.347
223.746
227.595
231.06
234.228
237.155
239.842
242.23
244.271
245.974
247.395
248.602
249.646
250.556
251.358
252.1
252.863
253.722
254.679
255.682
256.663
257.554
258.309
258.883
259.195
259.158
258.786
258.168
257.364
256.421
255.296
253.945
252.408
250.475
247.633
244.584
242.067
239.037
234.006
225.085
212.637
199.415
186.021
172.776
160.517
149.699
140.488
132.786
126.545
122.166
120.255
121.083
124.898
131.665
140.086
149.453
159.971
171.288
181.643
190.032
196.308
200.942
204.365
206.855
208.606
209.768
210.442
210.695
210.587
210.161
209.458
208.532
207.427
206.161
204.737
203.156
201.409
199.468
197.301
194.901
192.238
189.257
185.92
182.201
178.095
173.654
168.964
164.134
159.331
154.79
150.746
147.427
144.993
143.514
142.941
143.122
143.804
144.753
145.85
146.984
147.92
148.467
148.71
148.786
148.632
148.064
147.035
145.713
144.27
142.75
141.131
139.412
294.471
294.394
294.247
294.034
293.776
293.505
293.249
293.024
292.817
292.623
292.433
292.241
292.039
291.825
291.597
291.348
291.072
290.77
290.432
290.043
289.586
289.047
288.417
287.692
286.872
285.961
284.956
283.851
282.632
281.277
279.76
278.046
276.093
273.858
271.293
268.361
265.039
261.335
257.294
252.986
248.485
243.829
239
233.931
228.541
222.77
216.604
210.079
203.291
196.397
189.605
183.157
177.303
172.284
168.305
165.533
164.074
164.001
165.346
168.081
172.091
177.155
183.022
189.489
196.16
202.62
208.749
214.388
219.224
223.22
226.688
229.863
232.845
235.694
238.427
240.986
243.27
245.223
246.879
248.303
249.527
250.525
251.298
251.955
252.626
253.354
254.125
254.955
255.855
256.756
257.557
258.192
258.605
258.703
258.409
257.819
257.016
256.059
254.917
253.563
251.989
250.082
247.338
244.365
241.546
238.398
233.52
225.107
213.147
200.102
186.823
173.71
161.507
150.677
141.379
133.554
127.204
122.796
120.953
121.848
125.653
132.389
140.762
149.962
160.184
171.122
181.146
189.301
195.475
200.081
203.503
205.992
207.732
208.877
209.536
209.788
209.696
209.309
208.664
207.798
206.749
205.533
204.151
202.602
200.872
198.926
196.737
194.305
191.577
188.482
184.985
181.063
176.716
171.99
166.954
161.71
156.452
151.474
147.068
143.501
140.986
139.615
139.327
139.935
141.129
142.592
144.136
145.664
146.972
147.812
148.214
148.382
148.346
147.935
147.038
145.781
144.353
142.831
141.205
139.474
296.468
296.395
296.259
296.059
295.808
295.53
295.254
294.983
294.71
294.424
294.129
293.838
293.555
293.28
293.002
292.707
292.392
292.057
291.687
291.266
290.777
290.196
289.514
288.725
287.828
286.836
285.756
284.595
283.356
282.026
280.581
278.983
277.183
275.126
272.755
270.022
266.894
263.36
259.443
255.193
250.68
245.964
241.081
236.028
230.774
225.283
219.537
213.557
207.406
201.2
195.099
189.29
183.976
179.359
175.623
172.922
171.371
171.049
171.996
174.193
177.584
181.979
187.1
192.795
198.776
204.588
210.099
215.259
219.682
223.187
226.134
228.869
231.535
234.217
236.955
239.655
242.138
244.296
246.155
247.787
249.232
250.451
251.393
252.099
252.678
253.258
253.961
254.754
255.533
256.298
257.026
257.635
258.066
258.235
258.03
257.481
256.711
255.781
254.675
253.355
251.819
250.022
247.54
244.686
241.909
238.764
234.091
226.193
214.763
201.952
188.812
175.834
163.685
152.829
143.437
135.516
129.103
124.705
122.943
123.894
127.678
134.273
142.417
151.317
161.166
171.593
181.123
188.904
194.869
199.373
202.738
205.187
206.899
208.024
208.68
208.945
208.884
208.544
207.957
207.149
206.15
204.976
203.627
202.103
200.382
198.423
196.214
193.745
190.932
187.696
184.025
179.899
175.297
170.238
164.758
158.962
153.097
147.54
142.675
138.831
136.263
135.043
135.133
136.272
138.083
140.171
142.262
144.242
145.953
147.126
147.725
147.996
148.068
147.807
147.052
145.872
144.463
142.935
141.297
139.552
298.32
298.248
298.117
297.917
297.652
297.344
297.026
296.699
296.355
295.987
295.603
295.227
294.878
294.558
294.249
293.929
293.595
293.248
292.869
292.435
291.927
291.316
290.581
289.714
288.722
287.621
286.435
285.191
283.91
282.596
281.232
279.773
278.156
276.305
274.147
271.62
268.682
265.317
261.539
257.391
252.934
248.237
243.358
238.337
233.19
227.919
222.528
217.036
211.49
205.97
200.587
195.477
190.789
186.675
183.285
180.754
179.185
178.671
179.26
180.945
183.7
187.386
191.729
196.6
201.815
206.924
211.753
216.354
220.377
223.478
225.939
228.178
230.416
232.795
235.426
238.245
240.997
243.425
245.47
247.246
248.853
250.256
251.336
252.112
252.749
253.368
253.988
254.632
255.348
256.1
256.776
257.316
257.694
257.858
257.708
257.198
256.45
255.556
254.513
253.253
251.805
250.134
247.969
245.36
242.708
239.661
235.272
227.932
217.109
204.625
191.676
178.85
166.776
155.909
146.457
138.498
132.087
127.739
126.043
127.014
130.749
137.087
144.829
153.326
162.746
172.585
181.528
188.86
194.554
198.901
202.166
204.55
206.223
207.333
207.987
208.267
208.23
207.923
207.376
206.611
205.65
204.505
203.181
201.674
199.954
197.982
195.756
193.24
190.317
186.931
183.099
178.772
173.881
168.398
162.331
155.817
149.186
142.909
137.466
133.267
130.644
129.688
130.292
132.1
134.655
137.485
140.225
142.73
144.879
146.417
147.248
147.638
147.809
147.687
147.077
145.985
144.6
143.062
141.408
139.645
300.036
299.959
299.82
299.597
299.29
298.926
298.553
298.165
297.757
297.32
296.862
296.411
296.002
295.642
295.312
294.98
294.646
294.313
293.962
293.547
293.045
292.418
291.632
290.677
289.558
288.307
286.968
285.594
284.236
282.923
281.646
280.35
278.949
277.339
275.418
273.105
270.35
267.136
263.48
259.427
255.041
250.395
245.559
240.594
235.544
230.444
225.321
220.21
215.155
210.217
205.474
201.015
196.939
193.349
190.351
188.049
186.525
185.879
186.168
187.402
189.574
192.587
196.201
200.303
204.783
209.23
213.421
217.463
221.123
223.942
225.996
227.718
229.453
231.451
233.893
236.753
239.743
242.497
244.809
246.745
248.486
250.056
251.279
252.098
252.688
253.232
253.863
254.599
255.302
255.932
256.552
257.088
257.449
257.593
257.452
256.975
256.234
255.36
254.373
253.193
251.845
250.3
248.418
246.086
243.594
240.689
236.646
229.94
219.851
207.834
195.16
182.531
170.575
159.739
150.281
142.339
135.981
131.721
130.059
131.015
134.645
140.599
147.806
155.839
164.79
173.991
182.3
189.148
194.533
198.68
201.811
204.108
205.733
206.818
207.463
207.744
207.715
207.424
206.901
206.164
205.23
204.107
202.804
201.312
199.59
197.607
195.363
192.785
189.736
186.213
182.237
177.689
172.43
166.394
159.586
152.197
144.669
137.568
131.462
126.839
124.113
123.448
124.673
127.315
130.781
134.492
138.001
141.116
143.751
145.686
146.784
147.312
147.578
147.583
147.116
146.118
144.76
143.212
141.537
139.754
301.653
301.555
301.382
301.108
300.737
300.305
299.87
299.431
298.969
298.472
297.947
297.425
296.951
296.542
296.184
295.846
295.526
295.232
294.948
294.606
294.148
293.531
292.705
291.649
290.37
288.913
287.352
285.78
284.293
282.957
281.776
280.677
279.536
278.205
276.545
274.454
271.873
268.79
265.232
261.254
256.926
252.331
247.546
242.645
237.688
232.729
227.813
222.99
218.309
213.825
209.596
205.679
202.129
199.004
196.369
194.299
192.871
192.128
192.195
193.073
194.763
197.202
200.196
203.646
207.48
211.343
214.975
218.496
221.824
224.469
226.228
227.442
228.6
230.128
232.323
235.211
238.462
241.572
244.181
246.284
248.121
249.817
251.192
252.087
252.651
253.103
253.659
254.436
255.233
255.849
256.366
256.836
257.194
257.36
257.239
256.791
256.064
255.191
254.236
253.139
251.876
250.452
248.783
246.714
244.385
241.632
237.956
231.942
222.718
211.324
199.034
186.668
174.889
164.139
154.733
146.845
140.586
136.432
134.774
135.682
139.127
144.581
151.181
158.734
167.181
175.719
183.38
189.732
194.777
198.689
201.655
203.844
205.402
206.446
207.067
207.335
207.303
207.017
206.507
205.791
204.877
203.775
202.494
201.015
199.29
197.299
195.034
192.375
189.203
185.567
181.449
176.626
170.899
164.177
156.49
148.1
139.564
131.549
124.694
119.615
116.784
116.389
118.268
121.862
126.405
131.157
135.566
139.389
142.569
144.935
146.333
147.018
147.38
147.499
147.167
146.267
144.941
143.382
141.683
139.877
303.224
303.077
302.832
302.483
302.042
301.54
301.045
300.562
300.051
299.488
298.889
298.289
297.738
297.267
296.869
296.523
296.225
295.985
295.822
295.598
295.248
294.688
293.846
292.687
291.217
289.492
287.622
285.755
284.054
282.654
281.58
280.726
279.902
278.895
277.523
275.657
273.24
270.27
266.789
262.865
258.582
254.027
249.289
244.445
239.569
234.723
229.967
225.359
220.956
216.814
212.98
209.49
206.369
203.633
201.312
199.448
198.098
197.34
197.257
197.871
199.192
201.176
203.669
206.584
209.873
213.241
216.399
219.457
222.478
225.006
226.572
227.343
227.91
228.893
230.758
233.623
237.139
240.663
243.647
245.95
247.84
249.576
251.048
252.033
252.61
253.006
253.481
254.252
255.119
255.741
256.177
256.59
256.924
257.097
257.02
256.614
255.917
255.045
254.105
253.068
251.881
250.564
249.049
247.199
245.013
242.411
239.09
233.787
225.519
214.894
203.112
191.09
179.545
168.939
159.64
151.839
145.719
141.659
139.975
140.794
143.958
148.83
154.825
161.91
169.824
177.689
184.708
190.557
195.237
198.884
201.662
203.722
205.194
206.182
206.767
207.013
206.972
206.688
206.187
205.486
204.59
203.507
202.246
200.777
199.05
197.057
194.763
192.016
188.735
185.008
180.73
175.557
169.255
161.734
153.055
143.571
133.935
124.922
117.231
111.624
108.681
108.564
111.138
115.77
121.521
127.461
132.904
137.54
141.331
144.166
145.894
146.759
147.218
147.44
147.233
146.43
145.139
143.568
141.844
140.014
304.823
304.585
304.221
303.778
303.265
302.699
302.144
301.611
301.047
300.405
299.706
299.006
298.361
297.814
297.367
297.002
296.727
296.569
296.543
296.519
296.355
295.916
295.094
293.836
292.144
290.08
287.788
285.495
283.466
281.941
280.994
280.452
280.02
279.397
278.343
276.709
274.448
271.577
268.159
264.277
260.027
255.506
250.804
246.008
241.193
236.43
231.786
227.328
223.12
219.222
215.68
212.519
209.74
207.33
205.284
203.616
202.37
201.625
201.45
201.877
202.926
204.567
206.668
209.149
211.994
214.957
217.724
220.378
223.101
225.528
227
227.445
227.448
227.804
229.228
232.024
235.803
239.745
243.127
245.685
247.672
249.416
250.903
251.949
252.573
252.966
253.387
254.093
254.943
255.565
255.95
256.315
256.636
256.812
256.771
256.422
255.771
254.914
253.977
252.976
251.859
250.623
249.222
247.547
245.495
243.028
240.024
235.409
228.129
218.393
207.238
195.648
184.395
173.996
164.844
157.163
151.193
147.198
145.478
146.154
148.936
153.2
158.649
165.287
172.641
179.831
186.219
191.56
195.855
199.217
201.792
203.709
205.084
206.006
206.548
206.769
206.717
206.431
205.937
205.246
204.364
203.299
202.055
200.594
198.869
196.877
194.548
191.712
188.344
184.539
180.063
174.459
167.49
159.085
149.335
138.701
127.919
117.843
109.25
103.014
99.878
100.019
103.328
109.094
116.17
123.418
130.017
135.568
140.039
143.383
145.469
146.534
147.097
147.411
147.316
146.605
145.35
143.77
142.019
140.163
306.46
306.113
305.606
305.049
304.461
303.849
303.243
302.645
301.995
301.245
300.417
299.59
298.84
298.215
297.708
297.3
297.011
296.937
297.096
297.35
297.457
297.204
296.44
295.094
293.171
290.725
287.909
285.021
282.483
280.72
279.919
279.782
279.844
279.679
278.974
277.575
275.459
272.68
269.321
265.484
261.273
256.789
252.125
247.367
242.596
237.885
233.308
228.937
224.847
221.108
217.771
214.861
212.364
210.24
208.445
206.975
205.867
205.173
204.955
205.254
206.106
207.492
209.285
211.415
213.896
216.532
218.986
221.296
223.719
226.019
227.467
227.731
227.268
226.976
227.85
230.481
234.505
238.876
242.653
245.466
247.569
249.349
250.847
251.912
252.567
252.983
253.389
254.003
254.734
255.293
255.659
256.007
256.323
256.496
256.482
256.199
255.607
254.785
253.853
252.87
251.808
250.631
249.322
247.785
245.863
243.519
240.784
236.794
230.477
221.7
211.279
200.209
189.309
179.173
170.195
162.67
156.834
152.889
151.122
151.591
153.918
157.611
162.597
168.794
175.559
182.078
187.846
192.678
196.579
199.651
202.016
203.785
205.055
205.906
206.403
206.597
206.53
206.24
205.749
205.066
204.195
203.145
201.917
200.463
198.746
196.756
194.387
191.471
188.038
184.156
179.432
173.324
165.619
156.275
145.426
133.627
121.694
110.524
100.984
94.0528
90.6182
90.9349
94.9332
101.897
110.409
119.072
126.926
133.483
138.701
142.592
145.06
146.344
147.017
147.415
147.418
146.792
145.572
143.985
142.208
140.325
308.032
307.595
306.941
306.252
305.591
304.956
304.329
303.677
302.927
302.038
301.064
300.103
299.245
298.53
297.935
297.433
297.056
297.004
297.402
298.045
298.535
298.538
297.882
296.478
294.328
291.46
287.981
284.246
280.947
278.805
278.196
278.601
279.299
279.695
279.387
278.234
276.26
273.569
270.272
266.487
262.326
257.89
253.272
248.557
243.821
239.142
234.595
230.261
226.227
222.576
219.381
216.675
214.437
212.597
211.066
209.814
208.846
208.216
207.986
208.2
208.9
210.079
211.622
213.463
215.632
217.985
220.191
222.221
224.344
226.47
227.931
228.159
227.381
226.523
226.826
229.188
233.352
238.102
242.265
245.34
247.563
249.373
250.878
251.954
252.618
253.03
253.418
253.952
254.533
254.966
255.301
255.663
255.993
256.164
256.158
255.932
255.415
254.646
253.731
252.758
251.734
250.608
249.368
247.937
246.144
243.92
241.403
237.953
232.524
224.73
215.129
204.657
194.175
184.344
175.573
168.231
162.502
158.605
156.793
156.978
158.824
162.031
166.624
172.363
178.514
184.367
189.526
193.854
197.367
200.154
202.313
203.931
205.094
205.871
206.32
206.484
206.402
206.105
205.614
204.938
204.076
203.041
201.827
200.383
198.678
196.691
194.28
191.295
187.817
183.85
178.824
172.153
163.675
153.376
141.439
128.494
115.427
103.151
92.6345
84.9853
81.1995
81.5725
86.1378
94.2908
104.321
114.485
123.673
131.31
137.33
141.804
144.676
146.192
146.981
147.457
147.544
146.993
145.805
144.211
142.409
140.498
309.302
308.745
308.029
307.301
306.646
306.052
305.445
304.741
303.85
302.756
301.564
300.426
299.475
298.734
298.092
297.471
296.926
296.786
297.414
298.584
299.6
299.925
299.413
297.943
295.559
292.242
288.018
283.223
278.821
276.026
275.617
276.766
278.326
279.431
279.564
278.656
276.808
274.203
270.978
267.265
263.177
258.813
254.259
249.597
244.9
240.244
235.707
231.374
227.346
223.728
220.622
218.085
216.092
214.53
213.271
212.228
211.407
210.852
210.629
210.792
211.377
212.382
213.72
215.327
217.225
219.317
221.318
223.132
224.983
226.897
228.362
228.669
227.767
226.505
226.281
228.293
232.474
237.495
241.978
245.297
247.645
249.485
250.979
252.047
252.703
253.093
253.449
253.922
254.376
254.671
254.943
255.31
255.658
255.832
255.823
255.629
255.185
254.482
253.605
252.643
251.643
250.561
249.373
248.027
246.355
244.258
241.912
238.908
234.258
227.425
218.7
208.897
198.902
189.407
180.887
173.73
168.092
164.241
162.334
162.219
163.626
166.445
170.681
175.926
181.444
186.638
191.204
195.047
198.192
200.707
202.663
204.133
205.186
205.888
206.288
206.422
206.324
206.019
205.527
204.855
204.002
202.981
201.782
200.35
198.66
196.677
194.224
191.185
187.678
183.608
178.23
170.959
161.703
150.465
137.477
123.424
109.247
95.8656
84.3446
75.9682
71.8193
72.1679
77.1734
86.4427
98.0168
109.744
120.321
129.087
135.951
141.035
144.325
146.083
146.993
147.54
147.697
147.208
146.049
144.447
142.621
140.683
310.467
309.866
309.108
308.42
307.704
307.131
306.548
305.805
304.776
303.419
301.932
300.595
299.59
298.886
298.211
297.469
296.613
296.23
297.043
298.896
300.601
301.282
300.948
299.4
296.818
293.111
288.085
281.839
275.724
271.949
271.93
274.164
276.889
278.822
279.454
278.872
277.164
274.648
271.495
267.856
263.848
259.568
255.095
250.498
245.848
241.213
236.671
232.313
228.25
224.614
221.538
219.118
217.336
216.013
214.993
214.171
213.515
213.058
212.873
213.022
213.534
214.407
215.583
217.007
218.679
220.534
222.353
224.005
225.632
227.326
228.763
229.215
228.368
226.898
226.255
227.886
231.962
237.13
241.833
245.341
247.795
249.653
251.12
252.16
252.797
253.171
253.509
253.935
254.285
254.46
254.654
254.997
255.341
255.512
255.493
255.311
254.92
254.286
253.461
252.523
251.541
250.497
249.329
248.065
246.506
244.54
242.326
239.676
235.686
229.749
221.922
212.853
203.404
194.285
186.055
179.069
173.535
169.716
167.681
167.281
168.33
170.835
174.707
179.418
184.289
188.841
192.842
196.231
199.032
201.29
203.054
204.377
205.323
205.949
206.299
206.403
206.287
205.975
205.481
204.813
203.969
202.962
201.778
200.359
198.69
196.708
194.218
191.141
187.614
183.415
177.649
169.763
159.748
147.612
133.626
118.521
103.254
88.7724
76.2263
67.1078
62.6041
62.9013
68.2692
78.5544
91.6413
104.95
116.943
126.864
134.595
140.306
144.021
146.022
147.053
147.667
147.881
147.441
146.303
144.694
142.845
140.878
311.737
310.58
309.608
308.674
308.243
307.966
307.621
307.022
305.881
304.141
302.13
300.395
299.254
298.723
298.271
297.481
296.172
295.211
296.017
298.682
301.325
302.803
302.292
300.633
297.946
293.927
287.923
279.69
271.573
267.068
267.946
271.587
275.568
278.272
279.236
278.723
277.181
274.814
271.787
268.26
264.36
260.183
255.803
251.281
246.681
242.066
237.509
233.102
228.96
225.228
222.076
219.668
218.017
216.909
216.165
215.61
215.166
214.854
214.749
214.917
215.394
216.179
217.232
218.509
220
221.655
223.308
224.829
226.285
227.781
229.16
229.774
229.104
227.619
226.725
228.009
231.877
237.048
241.857
245.475
247.995
249.848
251.269
252.265
252.878
253.252
253.593
253.989
254.26
254.342
254.461
254.753
255.065
255.218
255.184
254.997
254.635
254.058
253.288
252.389
251.429
250.418
249.287
248.061
246.603
244.765
242.657
240.264
236.819
231.687
224.743
216.454
207.604
198.92
190.999
184.192
178.786
174.978
172.809
172.161
172.937
175.167
178.636
182.775
187.002
190.939
194.415
197.388
199.873
201.893
203.472
204.655
205.496
206.048
206.348
206.421
206.287
205.966
205.471
204.806
203.971
202.98
201.811
200.408
198.761
196.781
194.26
191.16
187.618
183.261
177.084
168.597
157.86
144.886
129.968
113.874
97.5403
81.9647
68.3929
58.5092
53.6283
53.9049
59.618
70.8298
85.3585
100.226
113.631
124.703
133.303
139.643
143.78
146.019
147.168
147.842
148.1
147.693
146.569
144.951
143.077
141.082
312.974
311.502
310.331
309.623
309.376
309.081
308.583
307.822
306.525
304.481
301.937
299.868
298.919
298.699
298.437
297.461
295.59
294.202
295.099
298.414
301.741
303.685
303.304
301.58
298.794
294.444
287.387
277.216
267.388
262.392
264.308
269.245
274.285
277.493
278.777
278.522
277.117
274.859
271.944
268.525
264.744
260.688
256.416
251.983
247.44
242.845
238.26
233.771
229.483
225.528
222.124
219.579
218.037
217.205
216.852
216.66
216.498
216.383
216.394
216.608
217.075
217.804
218.762
219.913
221.251
222.735
224.239
225.64
226.958
228.292
229.599
230.357
229.935
228.6
227.636
228.65
232.237
237.274
242.066
245.709
248.243
250.062
251.416
252.355
252.947
253.329
253.684
254.066
254.293
254.317
254.366
254.582
254.83
254.944
254.885
254.682
254.33
253.793
253.076
252.224
251.295
250.315
249.226
248.025
246.65
244.933
242.936
240.721
237.735
233.341
227.288
219.85
211.686
203.526
195.96
189.394
184.146
180.348
178.058
177.205
177.762
179.691
182.675
186.18
189.736
193.059
196.022
198.593
200.768
202.548
203.941
204.98
205.714
206.189
206.437
206.475
206.322
205.99
205.493
204.832
204.007
203.033
201.881
200.5
198.879
196.9
194.355
191.243
187.684
183.128
176.505
167.401
155.943
142.138
126.289
109.189
91.7352
74.9838
60.3118
49.5664
44.1376
44.5175
50.6293
62.7827
78.7799
95.2823
110.184
122.481
132.005
139.018
143.602
146.088
147.357
148.088
148.38
147.994
146.873
145.241
143.34
141.313
313.469
312.126
310.915
310.046
309.584
309.237
308.74
307.953
306.659
304.681
302.269
300.153
298.995
298.618
298.253
297.477
296.027
294.597
295.224
299.055
303.315
304.953
304.072
302.21
299.379
294.783
286.795
274.948
263.508
257.926
260.273
266.88
273.024
276.753
278.143
277.876
276.646
274.639
271.939
268.69
265.058
261.14
256.992
252.659
248.182
243.604
238.973
234.356
229.804
225.398
221.472
218.647
217.332
216.928
217.15
217.451
217.652
217.781
217.936
218.215
218.691
219.382
220.26
221.3
222.5
223.832
225.195
226.48
227.679
228.878
230.113
230.991
230.849
229.799
228.963
229.831
233.103
237.867
242.505
246.066
248.544
250.289
251.556
252.433
253.006
253.405
253.777
254.157
254.375
254.379
254.372
254.492
254.645
254.694
254.6
254.372
254.009
253.49
252.814
252.012
251.124
250.178
249.131
247.957
246.639
245.03
243.144
241.053
238.421
234.672
229.492
222.971
215.607
208.07
200.949
194.713
189.653
185.909
183.534
182.506
182.829
184.373
186.778
189.598
192.473
195.194
197.664
199.847
201.717
203.257
204.462
205.357
205.983
206.379
206.571
206.572
206.395
206.052
205.553
204.896
204.082
203.127
201.996
200.641
199.052
197.076
194.514
191.4
187.816
183.029
175.943
166.238
154.095
139.502
122.766
104.686
86.1003
68.1302
52.319
40.6517
34.753
35.0671
41.631
54.7655
72.2261
90.3769
106.8
120.34
130.809
138.513
143.543
146.265
147.648
148.432
148.743
148.355
147.222
145.565
143.633
141.572
313.702
312.485
311.331
310.441
309.882
309.399
308.731
307.769
306.432
304.666
302.613
300.736
299.526
298.99
298.7
298.193
297.079
296.326
297.558
300.219
302.698
304.124
304.109
302.418
299.566
294.869
286.265
273.101
260.325
254.438
257.702
265.309
272.024
275.913
277.415
277.297
276.064
274.112
271.607
268.621
265.232
261.516
257.535
253.332
248.938
244.379
239.687
234.866
229.826
224.589
219.819
216.654
215.525
216.098
217.144
218.069
218.701
219.109
219.426
219.783
220.278
220.94
221.747
222.684
223.762
224.957
226.184
227.358
228.456
229.543
230.699
231.654
231.786
231.116
230.594
231.482
234.453
238.831
243.175
246.548
248.892
250.52
251.684
252.499
253.06
253.477
253.863
254.241
254.47
254.489
254.446
254.469
254.512
254.479
254.337
254.081
253.697
253.176
252.52
251.755
250.908
249.999
248.991
247.852
246.569
245.047
243.253
241.252
238.853
235.608
231.191
225.58
219.093
212.279
205.716
199.875
195.043
191.385
188.929
187.713
187.747
188.838
190.636
192.792
195.038
197.217
199.246
201.072
202.657
203.968
204.996
205.756
206.282
206.605
206.743
206.704
206.501
206.145
205.642
204.99
204.189
203.255
202.146
200.822
199.266
197.296
194.725
191.616
187.995
182.973
175.463
165.237
152.517
137.267
119.782
100.851
81.2567
62.1723
45.3218
32.7765
26.3352
26.5747
33.6232
47.7225
66.5167
86.1501
103.94
118.587
129.904
138.232
143.646
146.557
148.033
148.855
149.164
148.751
147.586
145.896
143.928
141.833
313.871
312.768
311.716
310.821
310.108
309.421
308.602
307.579
306.323
304.821
303.171
301.607
300.438
299.809
299.374
298.834
298.228
297.899
298.42
300.12
302.272
303.395
303.23
301.865
299.302
294.649
285.887
272.376
259.236
253.389
257.12
265.095
271.815
275.505
276.84
276.688
275.552
273.723
271.357
268.547
265.361
261.851
258.059
254.013
249.723
245.195
240.415
235.247
229.366
222.862
217.04
213.718
213.347
214.978
217.008
218.636
219.725
220.415
220.895
221.334
221.853
222.49
223.23
224.071
225.037
226.105
227.2
228.268
229.284
230.277
231.351
232.335
232.694
232.436
232.362
233.43
236.164
240.094
244.037
247.128
249.274
250.751
251.803
252.558
253.108
253.539
253.93
254.297
254.539
254.587
254.53
254.474
254.412
254.295
254.097
253.806
253.398
252.864
252.212
251.465
250.647
249.77
248.798
247.694
246.444
244.983
243.265
241.33
239.072
236.184
232.376
227.578
221.973
215.966
210.056
204.669
200.103
196.532
194.014
192.611
192.33
192.951
194.17
195.724
197.416
199.12
200.754
202.253
203.57
204.667
205.53
206.167
206.602
206.858
206.944
206.865
206.634
206.264
205.757
205.109
204.323
203.411
202.327
201.036
199.515
197.553
194.98
191.876
188.207
182.961
175.089
164.444
151.271
135.518
117.448
97.8263
77.3902
57.351
39.5976
26.2534
19.2457
19.3946
26.9543
41.9807
61.9457
82.8384
101.771
117.337
129.37
138.221
143.93
146.975
148.515
149.358
149.643
149.18
147.963
146.229
144.222
142.092
314.041
313.02
312.023
311.093
310.257
309.453
308.576
307.563
306.399
305.095
303.703
302.354
301.256
300.502
299.947
299.506
299.115
298.877
299.337
300.569
301.704
302.248
301.92
300.699
298.478
294.314
286.125
273.378
260.965
255.527
259.318
266.574
272.305
275.357
276.473
276.291
275.166
273.402
271.135
268.473
265.475
262.172
258.583
254.711
250.543
246.051
241.14
235.44
228.358
220.278
213.405
210.252
210.968
213.878
216.964
219.296
220.813
221.755
222.378
222.892
223.434
224.048
224.724
225.475
226.336
227.283
228.246
229.213
230.162
231.075
232.057
233.013
233.524
233.656
234.101
235.477
238.059
241.536
245.012
247.756
249.663
250.971
251.91
252.608
253.144
253.58
253.964
254.31
254.55
254.623
254.567
254.458
254.317
254.126
253.873
253.543
253.11
252.56
251.902
251.159
250.352
249.489
248.548
247.478
246.258
244.845
243.191
241.312
239.145
236.489
233.127
228.973
224.142
218.916
213.675
208.78
204.523
201.089
198.582
197.037
196.455
196.637
197.345
198.383
199.604
200.897
202.178
203.378
204.445
205.343
206.054
206.58
206.934
207.13
207.167
207.047
206.788
206.402
205.891
205.248
204.478
203.589
202.531
201.275
199.79
197.841
195.267
192.163
188.433
182.993
174.843
163.891
150.407
134.323
115.863
95.7464
74.681
53.9054
35.4213
21.3846
13.8507
13.9159
21.9855
37.8585
58.7877
80.6555
100.442
116.69
129.269
138.509
144.404
147.518
149.094
149.937
150.175
149.634
148.347
146.559
144.511
142.347
314.216
313.24
312.267
311.325
310.439
309.575
308.66
307.651
306.55
305.368
304.139
302.952
301.918
301.12
300.553
300.112
299.739
299.539
299.676
300.237
300.894
301.122
300.608
299.251
297.11
293.561
286.675
275.866
265.422
260.432
263.833
269.321
273.469
275.585
276.253
275.92
274.839
273.138
270.981
268.456
265.62
262.503
259.111
255.425
251.403
246.974
241.913
235.532
227.037
217.347
209.667
207.026
209.093
213.302
217.314
220.214
222.057
223.185
223.914
224.483
225.034
225.616
226.23
226.9
227.67
228.514
229.361
230.227
231.112
231.957
232.822
233.651
234.21
234.697
235.692
237.446
239.954
243.004
245.993
248.364
250.02
251.163
251.997
252.642
253.161
253.589
253.956
254.268
254.49
254.571
254.52
254.384
254.194
253.953
253.654
253.286
252.826
252.261
251.596
250.85
250.045
249.185
248.254
247.208
246.015
244.641
243.043
241.218
239.126
236.632
233.585
229.916
225.697
221.132
216.505
212.112
208.215
204.99
202.553
200.911
200.07
199.879
200.164
200.78
201.607
202.546
203.511
204.438
205.275
205.99
206.563
206.989
207.272
207.411
207.401
207.242
206.955
206.553
206.037
205.401
204.648
203.783
202.752
201.532
200.084
198.15
195.572
192.455
188.655
183.068
174.738
163.606
149.966
133.74
115.108
94.7318
73.2929
52.0561
33.0681
18.4968
10.5229
10.5379
19.0718
35.6466
57.27
79.7645
100.059
116.714
129.643
139.111
145.067
148.183
149.763
150.587
150.75
150.106
148.732
146.883
144.791
142.596
314.384
313.438
312.49
311.554
310.642
309.736
308.797
307.8
306.746
305.647
304.532
303.456
302.488
301.696
301.074
300.577
300.181
299.904
299.851
300.085
300.326
300.192
299.439
297.939
295.749
292.581
287.241
279.4
271.987
269.112
269.599
272.463
274.741
275.875
276.118
275.622
274.509
272.887
270.855
268.484
265.822
262.892
259.693
256.2
252.36
248.052
242.87
235.803
226.02
215.101
207.173
205.376
208.739
213.918
218.453
221.598
223.567
224.766
225.538
226.123
226.659
227.197
227.75
228.352
229.045
229.809
230.567
231.33
232.134
232.924
233.637
234.209
234.685
235.501
237.064
239.216
241.683
244.345
246.868
248.876
250.301
251.302
252.052
252.653
253.151
253.564
253.903
254.176
254.365
254.438
254.386
254.239
254.025
253.754
253.424
253.025
252.542
251.963
251.292
250.543
249.737
248.874
247.942
246.904
245.729
244.386
242.836
241.066
239.047
236.687
233.881
230.583
226.847
222.823
218.731
214.812
211.276
208.276
205.905
204.225
203.186
202.703
202.657
202.934
203.431
204.062
204.748
205.43
206.06
206.608
207.056
207.391
207.607
207.693
207.637
207.44
207.126
206.71
206.19
205.56
204.825
203.984
202.981
201.797
200.386
198.466
195.875
192.726
188.853
183.176
174.78
163.607
149.974
133.803
115.238
94.8668
73.3513
51.9681
32.7675
17.8925
9.63899
9.66187
18.5512
35.5793
57.5449
80.2583
100.677
117.447
130.509
140.021
145.903
148.958
150.517
151.297
151.357
150.588
149.114
147.198
145.063
142.838
314.555
313.635
312.706
311.774
310.847
309.92
308.974
307.991
306.974
305.937
304.904
303.907
302.99
302.189
301.517
300.961
300.5
300.139
299.904
299.779
299.617
299.184
298.273
296.767
294.685
291.94
287.985
282.668
277.485
274.583
274.06
274.976
275.866
276.237
276.079
275.403
274.249
272.678
270.752
268.524
266.035
263.307
260.337
257.094
253.509
249.404
244.217
236.744
226.279
215.006
207.479
206.637
210.767
216.195
220.626
223.6
225.444
226.567
227.293
227.836
228.318
228.793
229.287
229.828
230.45
231.146
231.836
232.489
233.176
233.887
234.434
234.686
234.997
236.11
238.218
240.715
243.122
245.432
247.543
249.236
250.471
251.369
252.062
252.632
253.109
253.5
253.81
254.043
254.193
254.242
254.182
254.029
253.805
253.52
253.171
252.75
252.248
251.659
250.984
250.236
249.429
248.564
247.629
246.591
245.424
244.101
242.59
240.872
238.926
236.688
234.085
231.089
227.744
224.168
220.53
217.021
213.809
211.02
208.742
207.036
205.857
205.157
204.853
204.854
205.074
205.44
205.884
206.35
206.797
207.197
207.531
207.783
207.935
207.968
207.866
207.632
207.294
206.864
206.34
205.718
205.002
204.184
203.207
202.058
200.682
198.773
196.153
192.949
189.003
183.303
174.961
163.9
150.443
134.529
116.269
96.1831
74.9168
53.7074
34.6349
19.7477
11.4625
11.5582
20.6628
37.7954
59.667
82.1428
102.295
118.883
131.853
141.215
146.892
149.832
151.348
152.058
151.983
151.069
149.486
147.501
145.325
143.076
314.74
313.833
312.913
311.985
311.054
310.122
309.177
308.21
307.225
306.234
305.253
304.303
303.411
302.603
301.89
301.267
300.719
300.234
299.803
299.404
298.956
298.303
297.29
295.823
293.908
291.531
288.47
284.647
280.828
278.239
277.147
276.951
276.924
276.67
276.114
275.235
274.038
272.527
270.722
268.643
266.323
263.795
261.071
258.133
254.9
251.143
246.201
238.859
228.702
218.167
211.424
211.389
215.459
220.181
223.81
226.2
227.689
228.605
229.205
229.656
230.051
230.439
230.857
231.328
231.87
232.486
233.11
233.669
234.239
234.863
235.267
235.245
235.413
236.754
239.242
241.906
244.183
246.185
247.969
249.422
250.523
251.358
252.022
252.573
253.031
253.4
253.681
253.878
253.99
254.009
253.934
253.773
253.543
253.25
252.889
252.454
251.94
251.344
250.668
249.921
249.115
248.252
247.316
246.279
245.115
243.805
242.325
240.657
238.78
236.654
234.227
231.482
228.459
225.252
221.992
218.831
215.901
213.307
211.127
209.414
208.143
207.281
206.772
206.547
206.537
206.68
206.917
207.198
207.487
207.756
207.987
208.16
208.249
208.23
208.082
207.813
207.452
207.01
206.483
205.868
205.169
204.37
203.415
202.296
200.952
199.046
196.377
193.093
189.077
183.428
175.27
164.481
151.368
135.915
118.171
98.6458
77.9493
57.2263
38.635
24.0875
16.0716
16.3333
25.4625
42.2579
63.5469
85.3248
104.851
120.98
133.636
142.65
148.006
150.795
152.244
152.853
152.614
151.539
149.843
147.79
145.578
143.308
314.946
314.049
313.137
312.214
311.285
310.351
309.409
308.454
307.492
306.53
305.581
304.658
303.778
302.957
302.201
301.508
300.865
300.257
299.665
299.066
298.401
297.572
296.474
295.036
293.253
291.139
288.633
285.723
282.822
280.591
279.187
278.359
277.733
277.075
276.272
275.258
273.986
272.481
270.751
268.802
266.653
264.332
261.863
259.249
256.422
253.134
248.74
242.253
233.562
224.75
218.682
219.276
222.201
225.333
227.66
229.21
230.199
230.819
231.235
231.559
231.853
232.148
232.479
232.865
233.308
233.823
234.378
234.911
235.472
236.074
236.386
236.219
236.342
237.772
240.285
242.808
244.856
246.607
248.159
249.453
250.475
251.282
251.936
252.476
252.917
253.264
253.519
253.686
253.767
253.759
253.664
253.492
253.255
252.954
252.584
252.138
251.614
251.014
250.339
249.594
248.79
247.927
246.992
245.959
244.803
243.507
242.055
240.434
238.625
236.601
234.326
231.792
229.034
226.129
223.183
220.314
217.63
215.212
213.129
211.428
210.094
209.109
208.441
208.035
207.836
207.792
207.852
207.975
208.127
208.283
208.421
208.519
208.546
208.472
208.28
207.978
207.596
207.142
206.61
206
205.314
204.529
203.588
202.49
201.168
199.251
196.505
193.119
189.051
183.527
175.692
165.333
152.731
137.925
120.877
102.156
82.2851
62.4175
44.5912
30.7431
23.2974
23.7967
32.7339
48.8019
68.9547
89.6201
108.226
123.652
135.792
144.272
149.221
151.837
153.196
153.665
153.233
151.989
150.18
148.065
145.821
143.534
315.196
314.301
313.389
312.467
311.538
310.606
309.668
308.722
307.773
306.827
305.892
304.978
304.097
303.254
302.455
301.696
300.969
300.257
299.54
298.792
297.972
297.018
295.859
294.448
292.781
290.877
288.73
286.367
284.015
282.021
280.52
279.401
278.452
277.517
276.503
275.345
274.017
272.519
270.853
269.02
267.024
264.89
262.652
260.323
257.853
255.048
251.461
246.463
240.065
233.821
230.495
228.628
229.393
230.632
231.626
232.346
232.832
233.14
233.347
233.519
233.691
233.887
234.133
234.434
234.777
235.184
235.682
236.253
236.887
237.503
237.8
237.706
237.938
239.264
241.394
243.493
245.255
246.805
248.196
249.386
250.364
251.162
251.817
252.35
252.772
253.094
253.324
253.468
253.525
253.496
253.384
253.201
252.955
252.645
252.264
251.806
251.274
250.669
249.996
249.255
248.453
247.59
246.655
245.626
244.479
243.201
241.781
240.208
238.467
236.539
234.399
232.044
229.506
226.851
224.164
221.54
219.064
216.811
214.823
213.142
211.765
210.691
209.898
209.346
208.989
208.785
208.693
208.679
208.714
208.771
208.828
208.856
208.822
208.694
208.458
208.125
207.723
207.256
206.715
206.104
205.424
204.642
203.704
202.616
201.297
199.339
196.482
192.984
188.898
183.583
176.21
166.435
154.5
140.467
124.351
106.613
87.8069
69.0661
52.2574
39.3843
32.6647
33.3964
41.9529
56.9781
75.6854
94.884
112.245
126.771
138.237
146.019
150.516
152.951
154.189
154.474
153.824
152.409
150.494
148.325
146.056
143.756
315.407
314.508
313.594
312.674
311.751
310.825
309.89
308.952
308.013
307.078
306.151
305.239
304.349
303.484
302.646
301.831
301.031
300.232
299.417
298.563
297.64
296.606
295.415
294.034
292.458
290.704
288.788
286.751
284.732
282.919
281.402
280.131
278.991
277.89
276.755
275.534
274.193
272.721
271.114
269.366
267.481
265.48
263.4
261.266
259.05
256.641
253.791
250.129
245.602
241.008
237.707
235.656
235.051
235.011
235.105
235.22
235.304
235.345
235.365
235.391
235.444
235.541
235.703
235.93
236.202
236.534
236.972
237.522
238.146
238.749
239.124
239.266
239.663
240.772
242.387
244.032
245.531
246.916
248.182
249.293
250.238
251.031
251.685
252.209
252.612
252.907
253.11
253.231
253.272
253.229
253.107
252.914
252.659
252.34
251.948
251.48
250.938
250.329
249.656
248.92
248.121
247.258
246.323
245.296
244.158
242.901
241.515
239.989
238.313
236.472
234.451
232.248
229.893
227.44
224.965
222.541
220.241
218.137
216.229
214.573
213.173
212.036
211.147
210.474
209.985
209.643
209.42
209.289
209.225
209.202
209.192
209.16
209.07
208.89
208.612
208.251
207.828
207.344
206.789
206.17
205.484
204.693
203.74
202.644
201.298
199.25
196.24
192.64
188.6
183.587
176.796
167.75
156.612
143.484
128.431
111.823
94.2448
76.801
61.215
49.4607
43.4803
44.3668
52.3772
66.1806
83.2566
100.783
116.752
130.174
140.878
147.822
151.875
154.123
155.199
155.254
154.374
152.79
150.78
148.568
146.282
143.973
315.655
314.761
313.854
312.937
312.012
311.078
310.138
309.203
308.268
307.334
306.405
305.486
304.58
303.688
302.811
301.944
301.079
300.207
299.313
298.376
297.374
296.28
295.067
293.715
292.22
290.597
288.867
287.065
285.271
283.59
282.081
280.727
279.47
278.252
277.021
275.737
274.372
272.917
271.365
269.706
267.934
266.063
264.124
262.149
260.136
258.03
255.688
252.896
249.549
246.005
242.986
240.819
239.51
238.75
238.275
237.951
237.707
237.508
237.348
237.232
237.17
237.174
237.255
237.409
237.618
237.884
238.24
238.695
239.224
239.767
240.217
240.575
241.091
241.993
243.203
244.505
245.788
247.021
248.171
249.208
250.117
250.896
251.542
252.054
252.435
252.703
252.88
252.978
253.001
252.948
252.818
252.62
252.358
252.03
251.627
251.149
250.599
249.987
249.315
248.583
247.788
246.928
245.993
244.969
243.841
242.605
241.253
239.775
238.162
236.402
234.488
232.421
230.228
227.954
225.662
223.414
221.266
219.263
217.452
215.829
214.417
213.228
212.255
211.475
210.865
210.398
210.055
209.819
209.668
209.578
209.515
209.436
209.296
209.068
208.75
208.359
207.912
207.404
206.827
206.189
205.486
204.67
203.683
202.555
201.137
198.925
195.697
192.026
188.146
183.54
177.458
169.271
159.052
146.927
133.024
117.655
101.402
85.3348
71.0802
60.4933
55.2137
56.1705
63.473
75.9201
91.2602
107.053
121.567
133.875
143.46
149.637
153.297
155.344
156.202
155.989
154.872
153.129
151.037
148.795
146.5
144.186
315.959
315.053
314.134
313.205
312.274
311.342
310.413
309.481
308.543
307.603
306.667
305.735
304.808
303.886
302.968
302.051
301.127
300.189
299.224
298.218
297.156
296.022
294.801
293.48
292.059
290.55
288.97
287.348
285.728
284.162
282.684
281.289
279.954
278.645
277.334
275.993
274.604
273.153
271.634
270.04
268.371
266.635
264.848
263.028
261.181
259.279
257.246
254.959
252.335
249.553
246.993
244.937
243.391
242.267
241.426
240.773
240.252
239.832
239.493
239.231
239.049
238.953
238.943
239.005
239.125
239.309
239.576
239.933
240.361
240.817
241.25
241.673
242.208
242.968
243.927
244.989
246.081
247.159
248.188
249.14
249.997
250.747
251.373
251.865
252.224
252.467
252.618
252.694
252.699
252.634
252.498
252.295
252.027
251.689
251.276
250.788
250.233
249.619
248.948
248.219
247.43
246.574
245.643
244.625
243.512
242.3
240.985
239.557
238.007
236.327
234.515
232.578
230.537
228.432
226.313
224.228
222.225
220.335
218.59
216.998
215.577
214.34
213.287
212.403
211.672
211.08
210.618
210.278
210.046
209.901
209.803
209.691
209.511
209.238
208.879
208.453
207.975
207.432
206.822
206.153
205.417
204.559
203.511
202.319
200.77
198.268
194.705
191.026
187.519
183.478
178.223
171.05
161.86
150.818
138.125
124.075
109.217
94.5568
81.6285
72.15
67.4874
68.3989
74.8791
85.8778
99.4461
113.518
126.561
137.619
146.036
151.51
154.795
156.599
157.174
156.663
155.309
153.422
151.267
149.007
146.709
144.395
316.368
315.468
314.553
313.628
312.698
311.762
310.816
309.86
308.901
307.942
306.983
306.025
305.068
304.109
303.147
302.178
301.197
300.198
299.172
298.112
297.009
295.852
294.634
293.349
291.995
290.58
289.115
287.617
286.112
284.627
283.184
281.785
280.422
279.077
277.733
276.372
274.98
273.547
272.068
270.539
268.962
267.34
265.678
263.986
262.264
260.503
258.664
256.682
254.532
252.339
250.192
248.309
246.719
245.423
244.368
243.502
242.79
242.205
241.729
241.351
241.065
240.865
240.747
240.706
240.735
240.833
241.011
241.266
241.58
241.931
242.305
242.718
243.22
243.862
244.637
245.501
246.412
247.334
248.234
249.087
249.872
250.571
251.162
251.628
251.966
252.19
252.323
252.381
252.371
252.294
252.151
251.943
251.668
251.32
250.895
250.4
249.841
249.226
248.557
247.832
247.046
246.196
245.272
244.266
243.171
241.986
240.709
239.333
237.848
236.248
234.535
232.72
230.824
228.877
226.918
224.985
223.116
221.328
219.647
218.084
216.656
215.374
214.243
213.256
212.404
211.682
211.094
210.643
210.33
210.145
210.038
209.92
209.715
209.402
209.001
208.535
208.01
207.419
206.761
206.047
205.264
204.345
203.21
201.921
200.185
197.261
193.211
189.594
186.749
183.499
179.173
173.11
165.032
155.116
143.637
130.918
117.477
104.221
92.5455
84.0132
79.7985
80.5201
86.1383
95.7016
107.57
119.995
131.562
141.282
148.574
153.414
156.351
157.85
158.085
157.26
155.682
153.673
151.472
149.203
146.909
144.601
316.837
315.907
314.965
314.013
313.056
312.097
311.135
310.175
309.217
308.254
307.282
306.303
305.318
304.327
303.33
302.323
301.302
300.264
299.201
298.109
296.98
295.809
294.591
293.325
292.012
290.658
289.273
287.867
286.456
285.052
283.663
282.292
280.933
279.579
278.224
276.858
275.476
274.072
272.639
271.175
269.679
268.149
266.59
265.004
263.393
261.748
260.051
258.287
256.469
254.594
252.792
251.102
249.592
248.281
247.152
246.18
245.348
244.641
244.048
243.558
243.166
242.866
242.653
242.518
242.455
242.462
242.535
242.672
242.871
243.125
243.425
243.772
244.191
244.705
245.317
246.009
246.756
247.529
248.298
249.039
249.732
250.357
250.896
251.33
251.651
251.867
251.994
252.045
252.025
251.938
251.788
251.574
251.29
250.931
250.496
249.994
249.434
248.821
248.155
247.433
246.652
245.808
244.896
243.907
242.834
241.676
240.436
239.109
237.687
236.166
234.55
232.851
231.088
229.284
227.467
225.667
223.909
222.215
220.594
219.059
217.625
216.304
215.101
214.016
213.042
212.183
211.453
210.872
210.469
210.266
210.194
210.109
209.905
209.564
209.12
208.602
208.014
207.355
206.637
205.867
205.027
204.037
202.794
201.381
199.432
195.978
191.411
187.944
186.029
183.774
180.394
175.404
168.439
159.627
149.286
137.785
125.647
113.695
103.149
95.3828
91.4433
91.8799
96.6197
104.85
115.172
126.057
136.187
144.632
150.971
155.285
157.876
159.003
158.871
157.749
155.982
153.883
151.652
149.38
147.093
144.795
317.435
316.49
315.535
314.573
313.606
312.633
311.654
310.667
309.67
308.671
307.668
306.66
305.644
304.619
303.585
302.537
301.475
300.394
299.293
298.169
297.019
295.841
294.634
293.397
292.131
290.839
289.525
288.195
286.853
285.506
284.158
282.813
281.47
280.128
278.786
277.438
276.081
274.71
273.322
271.914
270.486
269.036
267.566
266.077
264.569
263.04
261.484
259.902
258.285
256.677
255.094
253.583
252.176
250.892
249.736
248.709
247.805
247.019
246.342
245.768
245.29
244.899
244.588
244.352
244.186
244.087
244.052
244.083
244.174
244.317
244.509
244.756
245.072
245.465
245.937
246.479
247.077
247.711
248.356
248.988
249.586
250.132
250.609
251.002
251.302
251.512
251.637
251.685
251.661
251.568
251.41
251.189
250.898
250.53
250.087
249.581
249.022
248.414
247.754
247.039
246.264
245.429
244.531
243.563
242.517
241.391
240.188
238.906
237.543
236.097
234.574
232.984
231.34
229.661
227.965
226.278
224.616
222.995
221.425
219.917
218.482
217.128
215.859
214.679
213.581
212.573
211.674
210.921
210.413
210.225
210.249
210.253
210.081
209.725
209.239
208.656
207.985
207.24
206.452
205.624
204.723
203.662
202.305
200.758
198.663
194.906
189.891
186.659
185.778
184.501
181.911
177.809
171.884
164.123
154.818
144.361
133.291
122.404
112.786
105.627
101.856
101.969
105.864
112.89
121.831
131.324
140.176
147.57
153.188
157.04
159.246
159.979
159.499
158.124
156.215
154.055
151.806
149.534
147.257
144.971
318.154
317.167
316.173
315.175
314.176
313.173
312.166
311.154
310.135
309.108
308.075
307.033
305.983
304.925
303.857
302.778
301.686
300.58
299.461
298.325
297.171
296
294.809
293.599
292.37
291.123
289.86
288.582
287.293
285.995
284.691
283.384
282.075
280.763
279.448
278.127
276.8
275.465
274.12
272.767
271.404
270.031
268.647
267.249
265.835
264.406
262.961
261.501
260.033
258.57
257.135
255.751
254.439
253.216
252.09
251.065
250.143
249.321
248.596
247.961
247.411
246.94
246.54
246.208
245.94
245.735
245.591
245.503
245.469
245.487
245.557
245.681
245.863
246.108
246.423
246.808
247.26
247.767
248.309
248.862
249.399
249.895
250.329
250.687
250.964
251.158
251.271
251.309
251.274
251.172
251.006
250.776
250.477
250.104
249.66
249.156
248.605
248.007
247.36
246.656
245.895
245.074
244.192
243.247
242.232
241.143
239.98
238.746
237.441
236.066
234.628
233.135
231.596
230.022
228.429
226.834
225.252
223.694
222.171
220.691
219.26
217.88
216.55
215.273
214.034
212.845
211.721
210.72
210.079
209.973
210.194
210.358
210.256
209.898
209.365
208.702
207.925
207.074
206.208
205.321
204.364
203.242
201.793
200.152
198.04
194.294
189.282
186.443
186.384
185.798
183.72
180.236
175.235
168.5
160.189
150.654
140.441
130.346
121.393
114.648
110.921
110.658
113.802
119.771
127.51
135.814
143.621
150.206
155.244
158.642
160.418
160.765
159.977
158.403
156.396
154.198
151.939
149.669
147.402
145.13
318.976
317.953
316.927
315.896
314.863
313.825
312.781
311.733
310.679
309.619
308.553
307.481
306.402
305.315
304.221
303.118
302.006
300.884
299.752
298.608
297.454
296.288
295.11
293.921
292.721
291.508
290.285
289.05
287.805
286.552
285.29
284.022
282.749
281.471
280.191
278.907
277.62
276.328
275.032
273.729
272.42
271.105
269.783
268.453
267.118
265.774
264.423
263.065
261.706
260.357
259.029
257.737
256.495
255.317
254.212
253.19
252.254
251.407
250.648
249.974
249.379
248.856
248.401
248.006
247.666
247.374
247.124
246.912
246.737
246.599
246.502
246.45
246.455
246.527
246.679
246.92
247.255
247.679
248.173
248.704
249.232
249.717
250.131
250.461
250.704
250.863
250.94
250.944
250.881
250.756
250.571
250.326
250.021
249.653
249.221
248.733
248.195
247.612
246.98
246.294
245.549
244.746
243.885
242.966
241.987
240.94
239.826
238.646
237.403
236.099
234.739
233.328
231.875
230.388
228.881
227.364
225.848
224.348
222.873
221.423
220.003
218.606
217.225
215.854
214.436
212.99
211.502
210.097
209.308
209.445
210.033
210.452
210.452
210.102
209.517
208.748
207.83
206.849
205.899
204.962
203.963
202.802
201.317
199.623
197.597
194.208
189.848
187.448
187.799
187.556
185.678
182.558
178.326
172.624
165.321
156.657
147.165
137.647
129.118
122.578
118.76
118.09
120.557
125.62
132.357
139.697
146.676
152.602
157.106
160.045
161.369
161.368
160.325
158.608
156.539
154.317
152.054
149.787
147.532
145.275
319.641
318.579
317.515
316.452
315.387
314.32
313.25
312.177
311.1
310.019
308.934
307.845
306.751
305.651
304.545
303.432
302.312
301.184
300.047
298.901
297.747
296.583
295.411
294.231
293.043
291.848
290.645
289.437
288.223
287.003
285.778
284.549
283.316
282.08
280.841
279.599
278.356
277.109
275.859
274.603
273.343
272.077
270.805
269.524
268.237
266.941
265.637
264.327
263.015
261.707
260.414
259.147
257.921
256.75
255.648
254.628
253.698
252.861
252.115
251.453
250.864
250.335
249.858
249.425
249.028
248.66
248.316
247.989
247.675
247.376
247.098
246.854
246.661
246.542
246.519
246.62
246.868
247.272
247.804
248.409
249.014
249.559
250.011
250.356
250.592
250.724
250.765
250.728
250.625
250.465
250.251
249.985
249.667
249.296
248.873
248.399
247.878
247.313
246.702
246.038
245.316
244.534
243.693
242.796
241.846
240.838
239.768
238.635
237.44
236.185
234.877
233.523
232.129
230.704
229.255
227.798
226.341
224.896
223.467
222.05
220.65
219.244
217.844
216.415
214.829
213.065
210.92
208.838
207.955
208.637
209.829
210.592
210.697
210.344
209.699
208.808
207.716
206.586
205.564
204.607
203.592
202.438
200.982
199.272
197.374
194.548
191.006
188.983
189.154
188.945
187.225
184.379
180.717
175.898
169.531
161.646
152.74
143.633
135.348
128.871
124.916
123.896
125.822
130.206
136.211
142.847
149.199
154.586
158.616
161.154
162.036
161.778
160.555
158.749
156.644
154.411
152.146
149.884
147.644
145.404
320.099
319.019
317.937
316.852
315.767
314.682
313.595
312.506
311.414
310.32
309.221
308.118
307.011
305.899
304.782
303.659
302.53
301.395
300.255
299.108
297.956
296.797
295.633
294.462
293.286
292.105
290.919
289.728
288.533
287.334
286.131
284.924
283.713
282.497
281.284
280.068
278.864
277.66
276.452
275.241
274.025
272.803
271.57
270.328
269.074
267.806
266.526
265.234
263.933
262.628
261.328
260.045
258.796
257.6
256.477
255.447
254.523
253.708
252.993
252.366
251.81
251.307
250.844
250.41
249.994
249.587
249.181
248.767
248.34
247.896
247.443
246.997
246.584
246.244
246.027
245.991
246.193
246.652
247.32
248.09
248.837
249.474
249.97
250.33
250.563
250.681
250.7
250.636
250.503
250.311
250.066
249.775
249.442
249.068
248.649
248.182
247.669
247.114
246.513
245.86
245.151
244.386
243.572
242.703
241.779
240.802
239.767
238.671
237.512
236.294
235.019
233.698
232.339
230.952
229.545
228.133
226.723
225.326
223.936
222.551
221.172
219.765
218.386
216.953
215.272
213.201
210.067
206.959
206.062
207.641
209.643
210.801
210.996
210.624
209.908
208.881
207.604
206.317
205.236
204.295
203.303
202.188
200.802
199.081
197.245
194.898
191.966
190
189.815
189.586
188.197
185.663
182.426
178.242
172.627
165.387
156.943
148.134
140.003
133.541
129.469
128.19
129.72
133.623
139.112
145.241
151.123
156.082
159.724
161.894
162.517
162.037
160.7
158.844
156.723
154.484
152.222
149.965
147.743
145.52
320.429
319.331
318.233
317.134
316.035
314.936
313.837
312.736
311.633
310.528
309.419
308.308
307.193
306.074
304.951
303.823
302.691
301.554
300.413
299.268
298.118
296.965
295.807
294.645
293.478
292.307
291.134
289.957
288.779
287.6
286.42
285.241
284.063
282.889
281.712
280.538
279.351
278.166
276.984
275.802
274.618
273.428
272.233
271.028
269.807
268.568
267.308
266.023
264.714
263.382
262.038
260.696
259.38
258.115
256.937
255.879
254.963
254.192
253.545
252.989
252.493
252.038
251.613
251.205
250.802
250.388
249.947
249.464
248.929
248.336
247.691
247.011
246.335
245.715
245.237
245.023
245.195
245.79
246.713
247.757
248.718
249.485
250.043
250.42
250.641
250.729
250.711
250.61
250.445
250.225
249.956
249.646
249.297
248.913
248.492
248.033
247.534
246.992
246.404
245.763
245.066
244.318
243.516
242.665
241.763
240.809
239.8
238.73
237.599
236.41
235.163
233.865
232.526
231.16
229.784
228.408
227.041
225.689
224.329
222.972
221.6
220.201
218.92
217.571
215.92
213.398
208.679
204.194
203.47
206.383
209.478
211.117
211.405
210.999
210.187
208.977
207.466
206.012
204.887
203.994
203.068
202.031
200.732
198.997
197.186
195.234
192.73
190.681
190.116
189.864
188.8
186.617
183.701
180.007
174.946
168.222
160.152
151.569
143.541
137.077
132.904
131.428
132.664
136.211
141.314
147.057
152.571
157.187
160.513
162.396
162.823
162.198
160.792
158.91
156.781
154.541
152.283
150.033
147.828
145.622
320.678
319.57
318.461
317.353
316.244
315.135
314.025
312.913
311.799
310.684
309.566
308.446
307.325
306.2
305.073
303.944
302.812
301.677
300.538
299.396
298.249
297.098
295.943
294.785
293.624
292.463
291.298
290.132
288.967
287.801
286.635
285.47
284.305
283.145
281.986
280.829
279.674
278.52
277.371
276.225
275.08
273.934
272.783
271.621
270.441
269.233
267.992
266.71
265.381
264.004
262.586
261.145
259.717
258.35
257.096
256.009
255.118
254.417
253.868
253.417
253.012
252.629
252.257
251.888
251.511
251.11
250.662
250.136
249.51
248.771
247.923
246.986
245.993
244.996
244.111
243.606
243.752
244.614
245.964
247.414
248.663
249.598
250.233
250.626
250.82
250.856
250.775
250.613
250.397
250.142
249.854
249.537
249.189
248.808
248.39
247.934
247.438
246.901
246.319
245.689
245.008
244.277
243.494
242.661
241.776
240.841
239.854
238.813
237.71
236.541
235.311
234.027
232.699
231.344
229.986
228.639
227.308
225.993
224.657
223.318
221.913
220.532
219.444
218.343
217.02
213.731
206.278
200.154
200.145
204.934
209.35
211.514
211.896
211.453
210.543
209.105
207.286
205.638
204.515
203.71
202.872
201.939
200.732
198.985
197.185
195.543
193.37
191.233
190.294
189.988
189.123
187.241
184.65
181.38
176.69
170.312
162.523
154.113
146.161
139.691
135.436
133.811
134.832
138.118
142.934
148.386
153.616
157.964
161.045
162.713
163.008
162.294
160.85
158.955
156.823
154.585
152.332
150.088
147.902
145.712
320.835
319.719
318.603
317.488
316.373
315.259
314.144
313.028
311.912
310.793
309.672
308.549
307.423
306.295
305.165
304.032
302.896
301.759
300.62
299.479
298.335
297.188
296.039
294.885
293.729
292.569
291.41
290.252
289.094
287.94
286.789
285.642
284.5
283.358
282.22
281.085
279.953
278.826
277.702
276.588
275.48
274.377
273.271
272.155
271.022
269.859
268.652
267.385
266.043
264.615
263.097
261.508
259.892
258.335
256.951
255.833
255.008
254.431
254.017
253.684
253.379
253.082
252.789
252.488
252.165
251.802
251.369
250.827
250.132
249.252
248.197
246.984
245.611
244.103
242.648
241.749
241.898
243.19
245.164
247.16
248.768
249.889
250.597
250.979
251.11
251.056
250.883
250.642
250.368
250.077
249.772
249.447
249.095
248.717
248.309
247.865
247.383
246.857
246.283
245.659
244.986
244.266
243.496
242.678
241.812
240.896
239.927
238.899
237.815
236.664
235.447
234.17
232.846
231.496
230.153
228.831
227.543
226.266
224.959
223.623
222.109
220.753
219.908
219.254
218.843
214.618
203.35
195.154
196.299
203.393
209.262
212.006
212.467
211.986
210.966
209.28
207.095
205.204
204.094
203.426
202.718
201.913
200.788
199.007
197.224
195.843
193.917
191.656
190.35
189.978
189.229
187.556
185.331
182.472
178.053
171.846
164.224
155.933
148.038
141.564
137.249
135.514
136.379
139.476
144.083
149.318
154.334
158.482
161.389
162.901
163.116
162.351
160.886
158.985
156.853
154.619
152.369
150.134
147.963
145.79
320.952
319.831
318.712
317.594
316.476
315.357
314.238
313.117
311.995
310.871
309.745
308.616
307.486
306.354
305.22
304.085
302.947
301.809
300.668
299.526
298.382
297.236
296.089
294.94
293.791
292.641
291.493
290.345
289.198
288.053
286.912
285.776
284.645
283.518
282.395
281.274
280.159
279.053
277.956
276.872
275.802
274.742
273.687
272.629
271.556
270.451
269.291
268.05
266.699
265.213
263.578
261.802
259.935
258.106
256.531
255.379
254.675
254.298
254.077
253.881
253.663
253.436
253.215
252.992
252.755
252.475
252.104
251.588
250.857
249.85
248.591
247.107
245.283
243.001
240.668
239.255
239.511
241.486
244.352
247.035
249.024
250.303
251.036
251.367
251.408
251.26
250.99
250.671
250.339
250.013
249.694
249.372
249.031
248.663
248.261
247.824
247.346
246.826
246.26
245.648
244.987
244.278
243.52
242.713
241.859
240.959
240.012
239.011
237.937
236.797
235.585
234.303
232.97
231.613
230.277
228.978
227.74
226.517
225.257
223.894
222.17
220.819
220.188
220.159
221.035
216.169
201.553
191.522
193.536
202.284
209.28
212.546
213.068
212.499
211.378
209.458
206.934
204.825
203.725
203.17
202.594
201.93
200.87
199.049
197.309
196.15
194.371
191.922
190.295
189.865
189.209
187.681
185.772
183.333
179.163
173.001
165.432
157.198
149.336
142.859
138.499
136.685
137.441
140.405
144.863
149.941
154.803
158.81
161.598
163.012
163.177
162.383
160.906
159.005
156.874
154.644
152.398
150.172
148.012
145.855
321.021
319.897
318.774
317.654
316.535
315.416
314.297
313.176
312.054
310.929
309.801
308.67
307.534
306.396
305.255
304.115
302.975
301.835
300.696
299.557
298.416
297.274
296.129
294.983
293.837
292.692
291.55
290.41
289.275
288.144
287.016
285.89
284.766
283.645
282.527
281.414
280.31
279.22
278.147
277.096
276.064
275.05
274.049
273.052
272.048
271.017
269.929
268.739
267.396
265.847
264.059
262.029
259.821
257.643
255.837
254.658
254.134
254.042
254.084
254.062
253.935
253.761
253.586
253.418
253.262
253.089
252.818
252.363
251.622
250.54
249.197
247.554
245.236
241.843
238.194
236.117
236.614
239.602
243.566
247.052
249.474
250.894
251.603
251.836
251.752
251.47
251.097
250.694
250.306
249.951
249.623
249.304
248.971
248.612
248.221
247.794
247.328
246.817
246.259
245.652
244.997
244.295
243.547
242.753
241.914
241.029
240.093
239.101
238.052
236.922
235.712
234.426
233.08
231.711
230.37
229.087
227.895
226.747
225.582
224.117
222.132
220.704
220.198
220.867
222.787
217.657
201.293
190.372
192.605
201.971
209.457
212.987
213.535
212.924
211.679
209.582
206.83
204.589
203.495
203.016
202.546
201.981
200.936
199.09
197.441
196.445
194.716
192.062
190.165
189.705
189.188
187.742
186.034
183.966
180.049
173.906
166.303
158.065
150.206
143.72
139.327
137.452
138.137
141.011
145.367
150.338
155.096
159.01
161.721
163.075
163.208
162.399
160.916
159.017
156.889
154.664
152.42
150.202
148.05
145.907
321.077
319.947
318.817
317.69
316.567
315.446
314.327
313.207
312.086
310.962
309.834
308.702
307.564
306.423
305.278
304.132
302.985
301.84
300.697
299.555
298.415
297.275
296.136
294.996
293.858
292.721
291.587
290.456
289.329
288.206
287.086
285.969
284.853
283.739
282.629
281.524
280.431
279.353
278.298
277.269
276.268
275.293
274.341
273.406
272.475
271.532
270.54
269.447
268.172
266.601
264.639
262.233
259.498
256.903
254.904
253.759
253.445
253.659
253.988
254.163
254.156
254.053
253.932
253.818
253.738
253.672
253.527
253.144
252.306
251.15
249.939
248.416
245.675
240.994
235.702
232.84
233.807
237.949
242.931
247.135
249.975
251.545
252.217
252.329
252.109
251.704
251.216
250.718
250.265
249.881
249.553
249.247
248.933
248.589
248.207
247.785
247.322
246.816
246.264
245.665
245.019
244.326
243.585
242.798
241.968
241.097
240.178
239.207
238.165
237.045
235.836
234.539
233.172
231.784
230.432
229.157
228.003
226.94
225.921
224.289
222.003
220.585
219.753
220.776
223.551
218.301
201.879
190.715
192.878
202.219
209.684
213.226
213.724
213.08
211.891
209.753
206.904
204.591
203.44
202.956
202.554
202.039
200.964
199.143
197.636
196.714
194.917
192.083
190.009
189.568
189.192
187.819
186.177
184.36
180.691
174.611
166.954
158.667
150.784
144.278
139.857
137.938
138.575
141.39
145.68
150.583
155.274
159.128
161.791
163.108
163.221
162.403
160.919
159.023
156.897
154.677
152.435
150.224
148.076
145.945
321.093
319.963
318.838
317.715
316.595
315.478
314.362
313.244
312.123
310.996
309.863
308.723
307.578
306.43
305.281
304.134
302.991
301.851
300.714
299.578
298.441
297.302
296.161
295.019
293.878
292.741
291.608
290.48
289.358
288.242
287.129
286.018
284.908
283.796
282.687
281.585
280.496
279.43
278.395
277.395
276.43
275.499
274.598
273.724
272.868
272.016
271.13
270.161
269.004
267.513
265.451
262.527
258.96
255.806
253.712
252.829
252.895
253.425
253.918
254.185
254.234
254.174
254.088
254.056
254.084
254.145
254.178
253.914
252.815
251.37
250.542
249.59
246.662
241.134
234.991
231.708
232.687
237.268
242.699
247.277
250.359
252.01
252.647
252.668
252.344
251.844
251.278
250.727
250.243
249.846
249.515
249.213
248.905
248.57
248.197
247.783
247.327
246.826
246.277
245.681
245.037
244.348
243.613
242.835
242.015
241.151
240.241
239.277
238.244
237.132
235.926
234.619
233.233
231.822
230.457
229.174
228.035
227.086
226.145
224.415
221.848
220.498
219.847
220.314
222.163
218.5
202.946
191.889
193.641
202.594
209.804
213.274
213.786
213.111
211.81
209.715
206.982
204.702
203.524
203.007
202.617
202.067
200.933
199.198
197.841
196.909
194.994
192.024
189.83
189.493
189.232
187.902
186.249
184.523
181.049
175.106
167.427
159.09
151.169
144.635
140.187
138.232
138.841
141.619
145.867
150.727
155.377
159.193
161.825
163.121
163.222
162.4
160.917
159.025
156.902
154.684
152.443
150.237
148.091
145.968
321.1
319.962
318.83
317.705
316.586
315.472
314.362
313.251
312.138
311.018
309.889
308.751
307.602
306.445
305.285
304.125
302.97
301.823
300.682
299.546
298.411
297.276
296.14
295.005
293.872
292.742
291.619
290.502
289.39
288.284
287.18
286.078
284.973
283.866
282.756
281.649
280.555
279.487
278.456
277.469
276.528
275.629
274.775
273.959
273.179
272.422
271.656
270.84
269.839
268.545
266.559
263.136
258.562
254.536
252.149
251.603
252.343
253.37
254.127
254.449
254.439
254.282
254.118
254.023
254.043
254.144
254.336
254.301
253.186
251.324
250.119
248.986
246.332
241.329
235.391
232.218
233.117
237.477
242.816
247.417
250.505
252.162
252.785
252.78
252.428
251.9
251.309
250.736
250.237
249.835
249.506
249.211
248.909
248.578
248.207
247.793
247.336
246.835
246.287
245.693
245.053
244.365
243.632
242.856
242.039
241.181
240.279
239.321
238.296
237.187
235.979
234.66
233.254
231.823
230.442
229.151
228.002
227.154
226.236
224.438
221.927
220.489
219.925
220.489
221.714
218.567
204.237
193.418
194.543
202.918
209.814
213.193
213.707
213.088
211.797
209.704
207.032
204.766
203.579
203.039
202.638
202.066
200.935
199.273
197.984
196.974
194.983
192.019
189.841
189.518
189.296
187.968
186.273
184.554
181.165
175.334
167.698
159.366
151.415
144.852
140.381
138.411
138.992
141.745
145.968
150.803
155.428
159.221
161.835
163.121
163.216
162.394
160.913
159.024
156.902
154.687
152.447
150.243
148.098
145.98
321.116
319.977
318.844
317.717
316.597
315.484
314.373
313.262
312.147
311.024
309.893
308.75
307.598
306.439
305.277
304.119
302.969
301.829
300.695
299.564
298.432
297.296
296.156
295.015
293.876
292.741
291.614
290.495
289.384
288.28
287.18
286.081
284.981
283.877
282.771
281.667
280.577
279.515
278.493
277.517
276.589
275.706
274.87
274.073
273.32
272.587
271.856
271.073
270.114
268.902
266.89
263.57
259.177
255.051
252.426
251.595
252.138
253.158
253.949
254.34
254.409
254.318
254.176
254.071
254.044
254.1
254.196
254.015
252.972
251.409
250.233
249.073
246.468
241.688
236.004
232.86
233.657
237.766
242.912
247.399
250.455
252.107
252.741
252.75
252.409
251.891
251.312
250.746
250.251
249.851
249.516
249.215
248.912
248.58
248.209
247.795
247.338
246.838
246.291
245.696
245.055
244.368
243.635
242.859
242.043
241.184
240.282
239.325
238.301
237.196
235.991
234.673
233.264
231.83
230.444
229.14
227.988
227.109
226.161
224.426
221.968
220.662
220.093
220.567
221.568
218.582
204.874
194.349
195.18
203.098
209.81
213.15
213.691
213.075
211.764
209.683
207.06
204.796
203.611
203.053
202.652
202.064
200.933
199.305
198.03
197.004
194.964
191.991
189.868
189.578
189.327
187.991
186.285
184.513
181.112
175.286
167.751
159.468
151.525
144.952
140.469
138.486
139.053
141.795
146.006
150.828
155.442
159.226
161.832
163.117
163.209
162.388
160.908
159.021
156.901
154.687
152.447
150.244
148.099
145.981
138.412
136.48
134.468
132.36
130.134
127.792
125.32
122.684
119.843
116.765
113.424
109.757
105.815
101.929
97.9883
93.518
89.0745
85.2024
77.0408
61.101
50.6368
51.0858
53.8092
52.7957
29.7284
138.308
136.402
134.373
132.26
130.04
127.701
125.229
122.588
119.746
116.67
113.326
109.655
105.714
101.828
97.8818
93.4025
88.98
85.0727
76.7678
60.664
50.3627
50.9763
53.4874
51.9327
28.8511
138.168
136.303
134.275
132.159
129.942
127.606
125.134
122.494
119.652
116.575
113.241
109.573
105.619
101.728
97.7743
93.2705
88.8529
84.9312
76.4623
60.085
49.8094
50.6754
52.9409
50.6797
28.0397
138.055
136.216
134.186
132.062
129.844
127.511
125.04
122.395
119.549
116.476
113.148
109.478
105.514
101.621
97.6573
93.1235
88.6946
84.7133
76.0202
59.4662
49.2423
50.2261
52.2667
49.1383
26.9964
137.924
136.109
134.1
131.978
129.756
127.424
124.953
122.302
119.449
116.376
113.061
109.395
105.426
101.531
97.5415
92.969
88.5029
84.4396
75.5444
58.9979
48.8017
49.7017
51.4941
47.3987
25.8206
137.822
136.021
134.031
131.911
129.682
127.346
124.874
122.216
119.352
116.275
112.967
109.309
105.338
101.427
97.4197
92.8032
88.2826
84.1294
75.1066
58.6691
48.4517
49.15
50.6802
45.5561
24.5099
137.74
135.941
133.968
131.857
129.624
127.279
124.798
122.132
119.259
116.178
112.874
109.225
105.261
101.343
97.2973
92.6411
88.0473
83.7986
74.7262
58.5002
48.2893
48.6249
49.8492
43.6664
23.0974
137.675
135.875
133.915
131.81
129.575
127.219
124.724
122.049
119.169
116.084
112.782
109.143
105.19
101.256
97.1732
92.4759
87.8067
83.4568
74.4084
58.5183
48.3329
48.1735
49.0313
41.7894
21.6046
137.626
135.824
133.87
131.771
129.533
127.166
124.657
121.971
119.083
115.995
112.691
109.06
105.122
101.177
97.05
92.3167
87.5709
83.1129
74.1601
58.7219
48.5939
47.8333
48.2455
39.9564
20.0567
137.594
135.788
133.835
131.738
129.498
127.122
124.599
121.901
119.007
115.913
112.602
108.981
105.062
101.097
96.9264
92.1659
87.3455
82.7715
73.9795
59.094
49.0693
47.6289
47.5165
38.1953
18.4749
137.576
135.766
133.812
131.713
129.469
127.085
124.549
121.84
118.94
115.839
112.519
108.909
105.012
101.019
96.8013
92.0288
87.1391
82.4386
73.8549
59.6168
49.7431
47.5688
46.8607
36.5166
16.8764
137.572
135.756
133.8
131.697
129.448
127.055
124.508
121.788
118.882
115.774
112.446
108.847
104.966
100.936
96.6777
91.9018
86.9525
82.1223
73.7758
60.2628
50.5881
47.6571
46.2905
34.9262
15.2736
137.581
135.759
133.799
131.69
129.435
127.033
124.475
121.745
118.832
115.718
112.383
108.79
104.917
100.852
96.5614
91.7767
86.7793
81.8289
73.7378
60.9874
51.5711
47.8928
45.8097
33.4254
13.6791
137.603
135.774
133.808
131.692
129.429
127.019
124.451
121.711
118.79
115.671
112.33
108.736
104.866
100.782
96.4559
91.6511
86.6122
81.5539
73.726
61.7527
52.669
48.2652
45.4153
32.0171
12.1147
137.639
135.801
133.826
131.703
129.432
127.012
124.434
121.684
118.756
115.63
112.282
108.686
104.817
100.722
96.3596
91.5316
86.4515
81.2839
73.7132
62.5569
53.8451
48.7423
45.097
30.6969
10.598
137.689
135.84
133.856
131.724
129.443
127.013
124.424
121.665
118.729
115.595
112.24
108.644
104.775
100.671
96.2705
91.4291
86.303
81.0104
73.6868
63.387
55.053
49.2906
44.8431
29.4655
9.13798
137.754
135.891
133.895
131.753
129.462
127.022
124.422
121.653
118.708
115.566
112.204
108.608
104.736
100.588
96.1893
91.3501
86.1726
80.7362
73.6491
64.2025
56.2574
49.8862
44.6379
28.3324
7.74064
137.832
135.954
133.945
131.791
129.489
127.038
124.427
121.648
118.694
115.544
112.174
108.579
104.703
100.542
96.1208
91.2941
86.0618
80.4685
73.6024
64.9764
57.4266
50.5073
44.4674
27.3024
6.41343
137.923
136.029
134.004
131.837
129.523
127.06
124.438
121.649
118.686
115.527
112.151
108.554
104.674
100.506
96.0684
91.2567
85.9701
80.2186
73.5536
65.6976
58.5325
51.132
44.3278
26.358
5.16555
138.027
136.115
134.074
131.892
129.565
127.089
124.456
121.656
118.685
115.516
112.133
108.534
104.651
100.48
96.0334
91.2337
85.8965
79.9998
73.5159
66.3618
59.5523
51.7391
44.2162
25.4731
4.00214
138.142
136.211
134.153
131.955
129.613
127.125
124.48
121.67
118.688
115.511
112.122
108.519
104.634
100.465
96.0149
91.2222
85.84
79.8246
73.5042
66.9674
60.4698
52.3142
44.1174
24.6486
2.93058
138.269
136.317
134.24
132.026
129.67
127.168
124.51
121.689
118.698
115.512
112.116
108.509
104.623
100.459
96.0107
91.2207
85.8014
79.7013
73.5287
67.5155
61.2762
52.8491
44.0202
23.8994
1.96274
138.407
136.434
134.336
132.105
129.733
127.217
124.546
121.714
118.713
115.518
112.116
108.505
104.618
100.461
96.0178
91.2311
85.7819
79.6327
73.5918
68.0064
61.9699
53.3369
43.9265
23.2298
1.10434
138.555
136.559
134.441
132.191
129.803
127.272
124.587
121.744
118.733
115.53
112.122
108.506
104.62
100.468
96.0334
91.2495
85.7813
79.6152
73.6907
68.4403
62.5539
53.7734
43.835
22.6469
0.359565
138.714
136.693
134.553
132.284
129.879
127.333
124.635
121.78
118.758
115.546
112.132
108.512
104.626
100.478
96.0553
91.2783
85.7987
79.6426
73.8196
68.8173
63.0333
54.157
43.7434
22.1558
-0.266647
138.882
136.836
134.673
132.384
129.961
127.4
124.689
121.821
118.787
115.566
112.147
108.523
104.636
100.49
96.0817
91.3154
85.8318
79.7093
73.9725
69.138
63.4146
54.4888
43.6517
21.7574
-0.772323
139.058
136.985
134.799
132.49
130.05
127.473
124.748
121.867
118.822
115.592
112.167
108.537
104.648
100.506
96.111
91.3548
85.8765
79.8097
74.1434
69.4044
63.7062
54.7735
43.5602
21.455
-1.15614
139.258
137.157
134.944
132.613
130.153
127.559
124.818
121.924
118.865
115.626
112.193
108.557
104.665
100.528
96.1456
91.3969
85.9339
79.9487
74.3454
69.6413
63.9413
55.0418
43.4716
21.2314
-1.44553
139.484
137.35
135.109
132.754
130.274
127.661
124.902
121.992
118.919
115.669
112.228
108.583
104.689
100.556
96.1845
91.4415
86.0072
80.1235
74.5726
69.8345
64.1114
55.2871
43.4064
21.1323
-1.59266
139.712
137.548
135.28
132.901
130.4
127.768
124.993
122.067
118.98
115.719
112.269
108.615
104.717
100.587
96.2237
91.4849
86.0928
80.3108
74.7969
69.9746
64.2185
55.4969
43.3779
21.178
-1.57686
139.94
137.748
135.455
133.053
130.532
127.882
125.091
122.149
119.048
115.775
112.316
108.653
104.751
100.622
96.2629
91.527
86.1892
80.5072
75.0163
70.0738
64.2829
55.6829
43.3936
21.3643
-1.40792
140.166
137.949
135.633
133.209
130.668
128.001
125.194
122.238
119.123
115.837
112.368
108.697
104.79
100.66
96.3017
91.569
86.2939
80.7086
75.2302
70.1453
64.3239
55.8577
43.4605
21.6821
-1.09851
140.39
138.151
135.813
133.368
130.808
128.124
125.303
122.333
119.205
115.906
112.426
108.746
104.834
100.702
96.3415
91.6136
86.4035
80.9092
75.4373
70.204
64.3593
56.0329
43.5849
22.1197
-0.664295
140.611
138.353
135.995
133.531
130.953
128.253
125.416
122.433
119.291
115.98
112.489
108.801
104.883
100.747
96.3845
91.6637
86.5147
81.1023
75.6369
70.2648
64.4046
56.219
43.7709
22.6634
-0.122393
140.83
138.555
136.178
133.696
131.101
128.386
125.535
122.537
119.382
116.059
112.558
108.861
104.937
100.796
96.4321
91.7212
86.6245
81.2838
75.8318
70.3408
64.4712
56.4245
44.0211
23.297
0.510944
141.047
138.757
136.363
133.864
131.254
128.524
125.658
122.646
119.477
116.142
112.633
108.927
104.996
100.849
96.4854
91.7863
86.7308
81.4533
76.0256
70.4394
64.5654
56.6561
44.3384
23.9988
1.22021
141.262
138.959
136.55
134.035
131.41
128.666
125.785
122.758
119.576
116.231
112.713
109
105.061
100.906
96.5446
91.8586
86.8326
81.6117
76.2207
70.5632
64.6895
56.9176
44.7246
24.7453
1.98687
141.474
139.161
136.738
134.209
131.57
128.812
125.916
122.873
119.68
116.323
112.798
109.081
105.132
100.966
96.6091
91.9375
86.9307
81.7598
76.4183
70.7134
64.8438
57.2108
45.1771
25.5193
2.80973
141.685
139.362
136.928
134.385
131.732
128.961
126.05
122.992
119.788
116.42
112.887
109.169
105.211
101.031
96.6771
92.021
87.0261
81.8989
76.6189
70.8899
65.027
57.5369
45.6893
26.3082
3.66586
141.894
139.565
137.12
134.564
131.897
129.111
126.184
123.113
119.899
116.522
112.982
109.263
105.296
101.1
96.7481
92.1075
87.1175
82.0298
76.8229
71.0919
65.2361
57.8955
46.2572
27.0896
4.52236
142.103
139.769
137.315
134.746
132.063
129.262
126.319
123.236
120.016
116.629
113.079
109.36
105.379
101.17
96.8218
92.1989
87.2032
82.1486
77.0293
71.3187
65.4683
58.2846
46.8796
27.8412
5.38147
142.313
139.975
137.513
134.93
132.232
129.415
126.455
123.363
120.138
116.742
113.18
109.456
105.459
101.236
96.9024
92.3019
87.2844
82.2458
77.2364
71.5674
65.7166
58.7011
47.5539
28.551
6.23473
142.514
140.177
137.706
135.109
132.396
129.562
126.588
123.489
120.26
116.853
113.283
109.551
105.536
101.301
96.9941
92.4139
87.3562
82.3092
77.4326
71.823
65.9639
59.124
48.2455
29.1806
7.03432
142.7
140.365
137.885
135.273
132.544
129.696
126.712
123.607
120.371
116.953
113.379
109.646
105.613
101.369
97.0917
92.524
87.4114
82.3409
77.6079
72.0709
66.1972
59.5268
48.9096
29.7038
7.74063
142.872
140.541
138.051
135.422
132.68
129.819
126.827
123.715
120.471
117.042
113.468
109.737
105.686
101.433
97.1854
92.6281
87.4514
82.3543
77.7673
72.3115
66.4171
59.9019
49.535
30.1346
8.36835
143.033
140.708
138.205
135.559
132.804
129.932
126.931
123.814
120.56
117.122
113.551
109.823
105.752
101.487
97.2724
92.7276
87.4822
82.3597
77.9147
72.5431
66.6241
60.2437
50.1155
30.493
8.94127
143.188
140.867
138.346
135.683
132.918
130.036
127.027
123.905
120.64
117.194
113.628
109.905
105.813
101.533
97.3532
92.8216
87.5095
82.3674
78.0531
72.7616
66.8158
60.5482
50.6477
30.7922
9.45915
143.338
141.018
138.475
135.797
133.023
130.131
127.113
123.987
120.713
117.259
113.7
109.982
105.87
101.575
97.427
92.9082
87.5397
82.3873
78.1856
72.9628
66.9882
60.8125
51.1304
31.0393
9.91952
143.486
141.159
138.592
135.901
133.119
130.217
127.192
124.063
120.78
117.318
113.766
110.053
105.924
101.616
97.4938
92.986
87.576
82.4217
78.3125
73.1429
67.1375
61.0368
51.5641
31.2424
10.3295
143.632
141.288
138.698
135.996
133.206
130.295
127.263
124.131
120.84
117.371
113.827
110.117
105.975
101.657
97.5537
93.0539
87.6179
82.469
78.4314
73.2991
67.2625
61.2249
51.9521
31.4133
10.6984
143.776
141.404
138.794
136.083
133.284
130.365
127.329
124.193
120.896
117.421
113.88
110.173
106.023
101.7
97.6073
93.1124
87.6632
82.5238
78.5389
73.4305
67.3648
61.3787
52.2986
31.5626
11.0293
143.915
141.506
138.881
136.163
133.354
130.427
127.386
124.247
120.947
117.468
113.928
110.22
106.067
101.744
97.6558
93.1628
87.7092
82.5809
78.6324
73.538
67.4486
61.4915
52.6008
31.6961
11.3223
144.041
141.591
138.959
136.233
133.417
130.484
127.439
124.296
120.993
117.512
113.969
110.261
106.109
101.787
97.6999
93.2071
87.7539
82.6356
78.7104
73.6229
67.5182
61.5672
52.8366
31.8236
11.5788
144.146
141.662
139.027
136.294
133.468
130.53
127.483
124.338
121.035
117.551
114.004
110.295
106.146
101.827
97.7394
93.246
87.7957
82.6853
78.7725
73.6875
67.5753
61.624
52.989
31.9144
11.7952
144.221
141.719
139.086
136.348
133.517
130.576
127.523
124.377
121.073
117.587
114.039
110.33
106.182
101.865
97.7752
93.2826
87.8348
82.7282
78.8195
73.7347
67.6249
61.6779
53.0889
32.0294
11.9747
144.268
141.761
139.129
136.386
133.552
130.609
127.556
124.409
121.105
117.619
114.07
110.361
106.215
101.899
97.8065
93.3138
87.869
82.7636
78.8538
73.7693
67.6574
61.7096
53.1501
32.0828
12.0982
144.297
141.799
139.168
136.423
133.586
130.644
127.589
124.441
121.136
117.651
114.099
110.398
106.247
101.929
97.8359
93.3445
87.9016
82.792
78.8796
73.7978
67.6875
61.7396
53.2255
32.2091
12.2204
)
;

boundaryField
{
    inlet
    {
        type            zeroGradient;
    }
    outlet
    {
        type            fixedValue;
        value           uniform 0;
    }
    upperWall
    {
        type            zeroGradient;
    }
    lowerWall
    {
        type            zeroGradient;
    }
    frontAndBack
    {
        type            empty;
    }
}


// ************************************************************************* //
